ndvi/NOAA-362.asc
ncols         252
nrows         154
xllcorner     -18.017974
yllcorner     13.481982
cellsize      0.035948
NODATA_value  -9999
[rows 102 to 135 of 154, columns 77 to 153 of 252]
0.232 0.232 0.2545 0.2545 0.2335 0.2335 0.2385 0.2385 0.2385 0.2485 0.2485 0.222 0.222 0.22 0.22 0.221 0.221 0.221 0.2025 0.2025 0.2045 0.2045 0.2395 0.2395 0.2395 0.2315 0.2315 0.2385 0.2385 0.238 0.238 0.238 0.2485 0.2485 0.2755 0.2755 0.275 0.275 0.275 0.275 0.275 0.2595 0.2595 0.2745 0.2745 0.2745 0.279 0.279 0.275 0.275 0.2905 0.2905 0.2625 0.2625 0.2625 0.2685 0.2685 0.2385 0.2385 0.223 0.223 0.223 0.2205 0.2205 0.246 0.246 0.263 0.263 0.263 0.228 0.228 0.229 0.229 0.199 0.199 0.199 0.2065
0.2555 0.2555 0.2395 0.2395 0.2315 0.2315 0.259 0.259 0.259 0.253 0.253 0.249 0.249 0.227 0.227 0.2325 0.2325 0.2325 0.218 0.218 0.2335 0.2335 0.246 0.246 0.246 0.258 0.258 0.248 0.248 0.235 0.235 0.235 0.2535 0.2535 0.265 0.265 0.2735 0.2735 0.2735 0.2335 0.2335 0.2765 0.2765 0.2735 0.2735 0.2735 0.265 0.265 0.266 0.266 0.294 0.294 0.269 0.269 0.269 0.285 0.285 0.2715 0.2715 0.2305 0.2305 0.2305 0.239 0.239 0.264 0.264 0.249 0.249 0.249 0.2195 0.2195 0.209 0.209 0.214 0.214 0.214 0.205
0.2555 0.2555 0.2395 0.2395 0.2315 0.2315 0.259 0.259 0.259 0.253 0.253 0.249 0.249 0.227 0.227 0.2325 0.2325 0.2325 0.218 0.218 0.2335 0.2335 0.246 0.246 0.246 0.258 0.258 0.248 0.248 0.235 0.235 0.235 0.2535 0.2535 0.265 0.265 0.2735 0.2735 0.2735 0.2335 0.2335 0.2765 0.2765 0.2735 0.2735 0.2735 0.265 0.265 0.266 0.266 0.294 0.294 0.269 0.269 0.269 0.285 0.285 0.2715 0.2715 0.2305 0.2305 0.2305 0.239 0.239 0.264 0.264 0.249 0.249 0.249 0.2195 0.2195 0.209 0.209 0.214 0.214 0.214 0.205
0.2555 0.2555 0.2395 0.2395 0.2315 0.2315 0.259 0.259 0.259 0.253 0.253 0.249 0.249 0.227 0.227 0.2325 0.2325 0.2325 0.218 0.218 0.2335 0.2335 0.246 0.246 0.246 0.258 0.258 0.248 0.248 0.235 0.235 0.235 0.2535 0.2535 0.265 0.265 0.2735 0.2735 0.2735 0.2335 0.2335 0.2765 0.2765 0.2735 0.2735 0.2735 0.265 0.265 0.266 0.266 0.294 0.294 0.269 0.269 0.269 0.285 0.285 0.2715 0.2715 0.2305 0.2305 0.2305 0.239 0.239 0.264 0.264 0.249 0.249 0.249 0.2195 0.2195 0.209 0.209 0.214 0.214 0.214 0.205
0.2765 0.2765 0.2335 0.2335 0.225 0.225 0.237 0.237 0.237 0.2545 0.2545 0.2465 0.2465 0.222 0.222 0.2265 0.2265 0.2265 0.2275 0.2275 0.248 0.248 0.251 0.251 0.251 0.2675 0.2675 0.2705 0.2705 0.2515 0.2515 0.2515 0.246 0.246 0.293 0.293 0.2755 0.2755 0.2755 0.2825 0.2825 0.2805 0.2805 0.2735 0.2735 0.2735 0.2675 0.2675 0.2445 0.2445 0.2885 0.2885 0.29 0.29 0.29 0.2795 0.2795 0.2575 0.2575 0.243 0.243 0.243 0.2275 0.2275 0.2395 0.2395 0.2575 0.2575 0.2575 0.216 0.216 0.1885 0.1885 0.1985 0.1985 0.1985 0.2225
0.2765 0.2765 0.2335 0.2335 0.225 0.225 0.237 0.237 0.237 0.2545 0.2545 0.2465 0.2465 0.222 0.222 0.2265 0.2265 0.2265 0.2275 0.2275 0.248 0.248 0.251 0.251 0.251 0.2675 0.2675 0.2705 0.2705 0.2515 0.2515 0.2515 0.246 0.246 0.293 0.293 0.2755 0.2755 0.2755 0.2825 0.2825 0.2805 0.2805 0.2735 0.2735 0.2735 0.2675 0.2675 0.2445 0.2445 0.2885 0.2885 0.29 0.29 0.29 0.2795 0.2795 0.2575 0.2575 0.243 0.243 0.243 0.2275 0.2275 0.2395 0.2395 0.2575 0.2575 0.2575 0.216 0.216 0.1885 0.1885 0.1985 0.1985 0.1985 0.2225
0.2775 0.2775 0.261 0.261 0.236 0.236 0.236 0.236 0.236 0.252 0.252 0.238 0.238 0.257 0.257 0.2685 0.2685 0.2685 0.271 0.271 0.2605 0.2605 0.2715 0.2715 0.2715 0.276 0.276 0.309 0.309 0.268 0.268 0.268 0.2575 0.2575 0.2805 0.2805 0.258 0.258 0.258 0.278 0.278 0.293 0.293 0.2805 0.2805 0.2805 0.258 0.258 0.283 0.283 0.2735 0.2735 0.239 0.239 0.239 0.2775 0.2775 0.273 0.273 0.2525 0.2525 0.2525 0.2405 0.2405 0.2305 0.2305 0.2305 0.2305 0.2305 0.235 0.235 0.2015 0.2015 0.2095 0.2095 0.2095 0.2015
0.2775 0.2775 0.261 0.261 0.236 0.236 0.236 0.236 0.236 0.252 0.252 0.238 0.238 0.257 0.257 0.2685 0.2685 0.2685 0.271 0.271 0.2605 0.2605 0.2715 0.2715 0.2715 0.276 0.276 0.309 0.309 0.268 0.268 0.268 0.2575 0.2575 0.2805 0.2805 0.258 0.258 0.258 0.278 0.278 0.293 0.293 0.2805 0.2805 0.2805 0.258 0.258 0.283 0.283 0.2735 0.2735 0.239 0.239 0.239 0.2775 0.2775 0.273 0.273 0.2525 0.2525 0.2525 0.2405 0.2405 0.2305 0.2305 0.2305 0.2305 0.2305 0.235 0.235 0.2015 0.2015 0.2095 0.2095 0.2095 0.2015
0.288 0.288 0.295 0.295 0.271 0.271 0.2465 0.2465 0.2465 0.2505 0.2505 0.243 0.243 0.2605 0.2605 0.2695 0.2695 0.2695 0.2745 0.2745 0.262 0.262 0.253 0.253 0.253 0.264 0.264 0.289 0.289 0.2575 0.2575 0.2575 0.242 0.242 0.2765 0.2765 0.251 0.251 0.251 0.2575 0.2575 0.256 0.256 0.293 0.293 0.293 0.2835 0.2835 0.293 0.293 0.235 0.235 0.284 0.284 0.284 0.269 0.269 0.267 0.267 0.2655 0.2655 0.2655 0.2505 0.2505 0.213 0.213 0.215 0.215 0.215 0.231 0.231 0.2235 0.2235 0.2015 0.2015 0.2015 0.202
0.288 0.288 0.295 0.295 0.271 0.271 0.2465 0.2465 0.2465 0.2505 0.2505 0.243 0.243 0.2605 0.2605 0.2695 0.2695 0.2695 0.2745 0.2745 0.262 0.262 0.253 0.253 0.253 0.264 0.264 0.289 0.289 0.2575 0.2575 0.2575 0.242 0.242 0.2765 0.2765 0.251 0.251 0.251 0.2575 0.2575 0.256 0.256 0.293 0.293 0.293 0.2835 0.2835 0.293 0.293 0.235 0.235 0.284 0.284 0.284 0.269 0.269 0.267 0.267 0.2655 0.2655 0.2655 0.2505 0.2505 0.213 0.213 0.215 0.215 0.215 0.231 0.231 0.2235 0.2235 0.2015 0.2015 0.2015 0.202
0.288 0.288 0.295 0.295 0.271 0.271 0.2465 0.2465 0.2465 0.2505 0.2505 0.243 0.243 0.2605 0.2605 0.2695 0.2695 0.2695 0.2745 0.2745 0.262 0.262 0.253 0.253 0.253 0.264 0.264 0.289 0.289 0.2575 0.2575 0.2575 0.242 0.242 0.2765 0.2765 0.251 0.251 0.251 0.2575 0.2575 0.256 0.256 0.293 0.293 0.293 0.2835 0.2835 0.293 0.293 0.235 0.235 0.284 0.284 0.284 0.269 0.269 0.267 0.267 0.2655 0.2655 0.2655 0.2505 0.2505 0.213 0.213 0.215 0.215 0.215 0.231 0.231 0.2235 0.2235 0.2015 0.2015 0.2015 0.202
0.237 0.237 0.266 0.266 0.221 0.221 0.235 0.235 0.235 0.2505 0.2505 0.265 0.265 0.262 0.262 0.281 0.281 0.281 0.2585 0.2585 0.266 0.266 0.2385 0.2385 0.2385 0.288 0.288 0.2495 0.2495 0.2445 0.2445 0.2445 0.224 0.224 0.2225 0.2225 0.278 0.278 0.278 0.263 0.263 0.223 0.223 0.279 0.279 0.279 0.2875 0.2875 0.3005 0.3005 0.296 0.296 0.2875 0.2875 0.2875 0.2965 0.2965 0.273 0.273 0.271 0.271 0.271 0.2455 0.2455 0.1915 0.1915 0.23 0.23 0.23 0.231 0.231 0.2285 0.2285 0.2125 0.2125 0.2125 0.194
0.237 0.237 0.266 0.266 0.221 0.221 0.235 0.235 0.235 0.2505 0.2505 0.265 0.265 0.262 0.262 0.281 0.281 0.281 0.2585 0.2585 0.266 0.266 0.2385 0.2385 0.2385 0.288 0.288 0.2495 0.2495 0.2445 0.2445 0.2445 0.224 0.224 0.2225 0.2225 0.278 0.278 0.278 0.263 0.263 0.223 0.223 0.279 0.279 0.279 0.2875 0.2875 0.3005 0.3005 0.296 0.296 0.2875 0.2875 0.2875 0.2965 0.2965 0.273 0.273 0.271 0.271 0.271 0.2455 0.2455 0.1915 0.1915 0.23 0.23 0.23 0.231 0.231 0.2285 0.2285 0.2125 0.2125 0.2125 0.194
0.2625 0.2625 0.246 0.246 0.236 0.236 0.239 0.239 0.239 0.231 0.231 0.254 0.254 0.28 0.28 0.2455 0.2455 0.2455 0.2725 0.2725 0.2455 0.2455 0.2495 0.2495 0.2495 0.253 0.253 0.2395 0.2395 0.236 0.236 0.236 0.2245 0.2245 0.245 0.245 0.268 0.268 0.268 0.241 0.241 0.2395 0.2395 0.2405 0.2405 0.2405 0.2645 0.2645 0.253 0.253 0.2645 0.2645 0.325 0.325 0.325 0.2725 0.2725 0.2735 0.2735 0.269 0.269 0.269 0.259 0.259 0.229 0.229 0.223 0.223 0.223 0.2315 0.2315 0.2455 0.2455 0.2185 0.2185 0.2185 0.2065
0.2625 0.2625 0.246 0.246 0.236 0.236 0.239 0.239 0.239 0.231 0.231 0.254 0.254 0.28 0.28 0.2455 0.2455 0.2455 0.2725 0.2725 0.2455 0.2455 0.2495 0.2495 0.2495 0.253 0.253 0.2395 0.2395 0.236 0.236 0.236 0.2245 0.2245 0.245 0.245 0.268 0.268 0.268 0.241 0.241 0.2395 0.2395 0.2405 0.2405 0.2405 0.2645 0.2645 0.253 0.253 0.2645 0.2645 0.325 0.325 0.325 0.2725 0.2725 0.2735 0.2735 0.269 0.269 0.269 0.259 0.259 0.229 0.229 0.223 0.223 0.223 0.2315 0.2315 0.2455 0.2455 0.2185 0.2185 0.2185 0.2065
0.2475 0.2475 0.227 0.227 0.242 0.242 0.2305 0.2305 0.2305 0.219 0.219 0.22 0.22 0.244 0.244 0.234 0.234 0.234 0.243 0.243 0.2745 0.2745 0.2765 0.2765 0.2765 0.253 0.253 0.276 0.276 0.258 0.258 0.258 0.267 0.267 0.283 0.283 0.2485 0.2485 0.2485 0.25 0.25 0.2475 0.2475 0.2585 0.2585 0.2585 0.27 0.27 0.279 0.279 0.261 0.261 0.2775 0.2775 0.2775 0.2965 0.2965 0.2715 0.2715 0.2545 0.2545 0.2545 0.267 0.267 0.237 0.237 0.2225 0.2225 0.2225 0.2495 0.2495 0.255 0.255 0.2395 0.2395 0.2395 0.227
0.2475 0.2475 0.227 0.227 0.242 0.242 0.2305 0.2305 0.2305 0.219 0.219 0.22 0.22 0.244 0.244 0.234 0.234 0.234 0.243 0.243 0.2745 0.2745 0.2765 0.2765 0.2765 0.253 0.253 0.276 0.276 0.258 0.258 0.258 0.267 0.267 0.283 0.283 0.2485 0.2485 0.2485 0.25 0.25 0.2475 0.2475 0.2585 0.2585 0.2585 0.27 0.27 0.279 0.279 0.261 0.261 0.2775 0.2775 0.2775 0.2965 0.2965 0.2715 0.2715 0.2545 0.2545 0.2545 0.267 0.267 0.237 0.237 0.2225 0.2225 0.2225 0.2495 0.2495 0.255 0.255 0.2395 0.2395 0.2395 0.227
0.2475 0.2475 0.227 0.227 0.242 0.242 0.2305 0.2305 0.2305 0.219 0.219 0.22 0.22 0.244 0.244 0.234 0.234 0.234 0.243 0.243 0.2745 0.2745 0.2765 0.2765 0.2765 0.253 0.253 0.276 0.276 0.258 0.258 0.258 0.267 0.267 0.283 0.283 0.2485 0.2485 0.2485 0.25 0.25 0.2475 0.2475 0.2585 0.2585 0.2585 0.27 0.27 0.279 0.279 0.261 0.261 0.2775 0.2775 0.2775 0.2965 0.2965 0.2715 0.2715 0.2545 0.2545 0.2545 0.267 0.267 0.237 0.237 0.2225 0.2225 0.2225 0.2495 0.2495 0.255 0.255 0.2395 0.2395 0.2395 0.227
0.2255 0.2255 0.234 0.234 0.2265 0.2265 0.238 0.238 0.238 0.2485 0.2485 0.25 0.25 0.2535 0.2535 0.236 0.236 0.236 0.24 0.24 0.2695 0.2695 0.275 0.275 0.275 0.285 0.285 0.2795 0.2795 0.2565 0.2565 0.2565 0.2665 0.2665 0.2585 0.2585 0.279 0.279 0.279 0.272 0.272 0.262 0.262 0.2595 0.2595 0.2595 0.292 0.292 0.287 0.287 0.2885 0.2885 0.285 0.285 0.285 0.2715 0.2715 0.2705 0.2705 0.2525 0.2525 0.2525 0.2615 0.2615 0.2535 0.2535 0.229 0.229 0.229 0.215 0.215 0.236 0.236 0.248 0.248 0.248 0.241
0.2255 0.2255 0.234 0.234 0.2265 0.2265 0.238 0.238 0.238 0.2485 0.2485 0.25 0.25 0.2535 0.2535 0.236 0.236 0.236 0.24 0.24 0.2695 0.2695 0.275 0.275 0.275 0.285 0.285 0.2795 0.2795 0.2565 0.2565 0.2565 0.2665 0.2665 0.2585 0.2585 0.279 0.279 0.279 0.272 0.272 0.262 0.262 0.2595 0.2595 0.2595 0.292 0.292 0.287 0.287 0.2885 0.2885 0.285 0.285 0.285 0.2715 0.2715 0.2705 0.2705 0.2525 0.2525 0.2525 0.2615 0.2615 0.2535 0.2535 0.229 0.229 0.229 0.215 0.215 0.236 0.236 0.248 0.248 0.248 0.241
0.222 0.222 0.203 0.203 0.23 0.23 0.2105 0.2105 0.2105 0.244 0.244 0.227 0.227 0.237 0.237 0.257 0.257 0.257 0.257 0.257 0.242 0.242 0.255 0.255 0.255 0.264 0.264 0.256 0.256 0.274 0.274 0.274 0.271 0.271 0.282 0.282 0.274 0.274 0.274 0.267 0.267 0.268 0.268 0.2815 0.2815 0.2815 0.2935 0.2935 0.294 0.294 0.273 0.273 0.2995 0.2995 0.2995 0.266 0.266 0.2555 0.2555 0.2695 0.2695 0.2695 0.291 0.291 0.2845 0.2845 0.2565 0.2565 0.2565 0.244 0.244 0.2485 0.2485 0.247 0.247 0.247 0.2505
0.222 0.222 0.203 0.203 0.23 0.23 0.2105 0.2105 0.2105 0.244 0.244 0.227 0.227 0.237 0.237 0.257 0.257 0.257 0.257 0.257 0.242 0.242 0.255 0.255 0.255 0.264 0.264 0.256 0.256 0.274 0.274 0.274 0.271 0.271 0.282 0.282 0.274 0.274 0.274 0.267 0.267 0.268 0.268 0.2815 0.2815 0.2815 0.2935 0.2935 0.294 0.294 0.273 0.273 0.2995 0.2995 0.2995 0.266 0.266 0.2555 0.2555 0.2695 0.2695 0.2695 0.291 0.291 0.2845 0.2845 0.2565 0.2565 0.2565 0.244 0.244 0.2485 0.2485 0.247 0.247 0.247 0.2505
0.2555 0.2555 0.235 0.235 0.2185 0.2185 0.234 0.234 0.234 0.2355 0.2355 0.243 0.243 0.2485 0.2485 0.2505 0.2505 0.2505 0.2565 0.2565 0.243 0.243 0.261 0.261 0.261 0.234 0.234 0.2475 0.2475 0.241 0.241 0.241 0.2595 0.2595 0.268 0.268 0.2575 0.2575 0.2575 0.277 0.277 0.2655 0.2655 0.258 0.258 0.258 0.2875 0.2875 0.272 0.272 0.2735 0.2735 0.306 0.306 0.306 0.2665 0.2665 0.265 0.265 0.277 0.277 0.277 0.2655 0.2655 0.2685 0.2685 0.2705 0.2705 0.2705 0.267 0.267 0.277 0.277 0.25 0.25 0.25 0.261
0.2555 0.2555 0.235 0.235 0.2185 0.2185 0.234 0.234 0.234 0.2355 0.2355 0.243 0.243 0.2485 0.2485 0.2505 0.2505 0.2505 0.2565 0.2565 0.243 0.243 0.261 0.261 0.261 0.234 0.234 0.2475 0.2475 0.241 0.241 0.241 0.2595 0.2595 0.268 0.268 0.2575 0.2575 0.2575 0.277 0.277 0.2655 0.2655 0.258 0.258 0.258 0.2875 0.2875 0.272 0.272 0.2735 0.2735 0.306 0.306 0.306 0.2665 0.2665 0.265 0.265 0.277 0.277 0.277 0.2655 0.2655 0.2685 0.2685 0.2705 0.2705 0.2705 0.267 0.267 0.277 0.277 0.25 0.25 0.25 0.261
0.2625 0.2625 0.243 0.243 0.225 0.225 0.2345 0.2345 0.2345 0.2465 0.2465 0.246 0.246 0.2405 0.2405 0.2455 0.2455 0.2455 0.241 0.241 0.237 0.237 0.2755 0.2755 0.2755 0.2595 0.2595 0.2455 0.2455 0.218 0.218 0.218 0.239 0.239 0.256 0.256 0.252 0.252 0.252 0.2425 0.2425 0.263 0.263 0.2615 0.2615 0.2615 0.245 0.245 0.2645 0.2645 0.272 0.272 0.2695 0.2695 0.2695 0.2715 0.2715 0.273 0.273 0.277 0.277 0.277 0.2755 0.2755 0.2705 0.2705 0.2475 0.2475 0.2475 0.2735 0.2735 0.251 0.251 0.248 0.248 0.248 0.2485
0.2625 0.2625 0.243 0.243 0.225 0.225 0.2345 0.2345 0.2345 0.2465 0.2465 0.246 0.246 0.2405 0.2405 0.2455 0.2455 0.2455 0.241 0.241 0.237 0.237 0.2755 0.2755 0.2755 0.2595 0.2595 0.2455 0.2455 0.218 0.218 0.218 0.239 0.239 0.256 0.256 0.252 0.252 0.252 0.2425 0.2425 0.263 0.263 0.2615 0.2615 0.2615 0.245 0.245 0.2645 0.2645 0.272 0.272 0.2695 0.2695 0.2695 0.2715 0.2715 0.273 0.273 0.277 0.277 0.277 0.2755 0.2755 0.2705 0.2705 0.2475 0.2475 0.2475 0.2735 0.2735 0.251 0.251 0.248 0.248 0.248 0.2485
0.2625 0.2625 0.243 0.243 0.225 0.225 0.2345 0.2345 0.2345 0.2465 0.2465 0.246 0.246 0.2405 0.2405 0.2455 0.2455 0.2455 0.241 0.241 0.237 0.237 0.2755 0.2755 0.2755 0.2595 0.2595 0.2455 0.2455 0.218 0.218 0.218 0.239 0.239 0.256 0.256 0.252 0.252 0.252 0.2425 0.2425 0.263 0.263 0.2615 0.2615 0.2615 0.245 0.245 0.2645 0.2645 0.272 0.272 0.2695 0.2695 0.2695 0.2715 0.2715 0.273 0.273 0.277 0.277 0.277 0.2755 0.2755 0.2705 0.2705 0.2475 0.2475 0.2475 0.2735 0.2735 0.251 0.251 0.248 0.248 0.248 0.2485
0.273 0.273 0.248 0.248 0.2665 0.2665 0.2465 0.2465 0.2465 0.2555 0.2555 0.2375 0.2375 0.244 0.244 0.238 0.238 0.238 0.232 0.232 0.248 0.248 0.234 0.234 0.234 0.216 0.216 0.25 0.25 0.2445 0.2445 0.2445 0.248 0.248 0.257 0.257 0.248 0.248 0.248 0.262 0.262 0.2705 0.2705 0.255 0.255 0.255 0.2545 0.2545 0.2645 0.2645 0.266 0.266 0.274 0.274 0.274 0.2555 0.2555 0.252 0.252 0.2675 0.2675 0.2675 0.2535 0.2535 0.276 0.276 0.272 0.272 0.272 0.2635 0.2635 0.2575 0.2575 0.2495 0.2495 0.2495 0.236
0.273 0.273 0.248 0.248 0.2665 0.2665 0.2465 0.2465 0.2465 0.2555 0.2555 0.2375 0.2375 0.244 0.244 0.238 0.238 0.238 0.232 0.232 0.248 0.248 0.234 0.234 0.234 0.216 0.216 0.25 0.25 0.2445 0.2445 0.2445 0.248 0.248 0.257 0.257 0.248 0.248 0.248 0.262 0.262 0.2705 0.2705 0.255 0.255 0.255 0.2545 0.2545 0.2645 0.2645 0.266 0.266 0.274 0.274 0.274 0.2555 0.2555 0.252 0.252 0.2675 0.2675 0.2675 0.2535 0.2535 0.276 0.276 0.272 0.272 0.272 0.2635 0.2635 0.2575 0.2575 0.2495 0.2495 0.2495 0.236
0.2575 0.2575 0.2505 0.2505 0.2455 0.2455 0.247 0.247 0.247 0.2405 0.2405 0.237 0.237 0.25 0.25 0.249 0.249 0.249 0.257 0.257 0.248 0.248 0.2475 0.2475 0.2475 0.251 0.251 0.2595 0.2595 0.2615 0.2615 0.2615 0.254 0.254 0.274 0.274 0.267 0.267 0.267 0.269 0.269 0.2595 0.2595 0.2615 0.2615 0.2615 0.259 0.259 0.2585 0.2585 0.2955 0.2955 0.265 0.265 0.265 0.2595 0.2595 0.2645 0.2645 0.2525 0.2525 0.2525 0.2585 0.2585 0.2705 0.2705 0.2505 0.2505 0.2505 0.2475 0.2475 0.2525 0.2525 0.2595 0.2595 0.2595 0.2735
0.2575 0.2575 0.2505 0.2505 0.2455 0.2455 0.247 0.247 0.247 0.2405 0.2405 0.237 0.237 0.25 0.25 0.249 0.249 0.249 0.257 0.257 0.248 0.248 0.2475 0.2475 0.2475 0.251 0.251 0.2595 0.2595 0.2615 0.2615 0.2615 0.254 0.254 0.274 0.274 0.267 0.267 0.267 0.269 0.269 0.2595 0.2595 0.2615 0.2615 0.2615 0.259 0.259 0.2585 0.2585 0.2955 0.2955 0.265 0.265 0.265 0.2595 0.2595 0.2645 0.2645 0.2525 0.2525 0.2525 0.2585 0.2585 0.2705 0.2705 0.2505 0.2505 0.2505 0.2475 0.2475 0.2525 0.2525 0.2595 0.2595 0.2595 0.2735
0.2495 0.2495 0.2415 0.2415 0.257 0.257 0.2375 0.2375 0.2375 0.246 0.246 0.24 0.24 0.2455 0.2455 0.2535 0.2535 0.2535 0.25 0.25 0.255 0.255 0.27 0.27 0.27 0.264 0.264 0.2595 0.2595 0.24 0.24 0.24 0.255 0.255 0.2685 0.2685 0.251 0.251 0.251 0.2685 0.2685 0.2715 0.2715 0.295 0.295 0.295 0.281 0.281 0.271 0.271 0.2705 0.2705 0.2725 0.2725 0.2725 0.264 0.264 0.2685 0.2685 0.258 0.258 0.258 0.2605 0.2605 0.278 0.278 0.2715 0.2715 0.2715 0.2775 0.2775 0.2885 0.2885 0.28 0.28 0.28 0.279
0.2495 0.2495 0.2415 0.2415 0.257 0.257 0.2375 0.2375 0.2375 0.246 0.246 0.24 0.24 0.2455 0.2455 0.2535 0.2535 0.2535 0.25 0.25 0.255 0.255 0.27 0.27 0.27 0.264 0.264 0.2595 0.2595 0.24 0.24 0.24 0.255 0.255 0.2685 0.2685 0.251 0.251 0.251 0.2685 0.2685 0.2715 0.2715 0.295 0.295 0.295 0.281 0.281 0.271 0.271 0.2705 0.2705 0.2725 0.2725 0.2725 0.264 0.264 0.2685 0.2685 0.258 0.258 0.258 0.2605 0.2605 0.278 0.278 0.2715 0.2715 0.2715 0.2775 0.2775 0.2885 0.2885 0.28 0.28 0.28 0.279
0.2495 0.2495 0.2415 0.2415 0.257 0.257 0.2375 0.2375 0.2375 0.246 0.246 0.24 0.24 0.2455 0.2455 0.2535 0.2535 0.2535 0.25 0.25 0.255 0.255 0.27 0.27 0.27 0.264 0.264 0.2595 0.2595 0.24 0.24 0.24 0.255 0.255 0.2685 0.2685 0.251 0.251 0.251 0.2685 0.2685 0.2715 0.2715 0.295 0.295 0.295 0.281 0.281 0.271 0.271 0.2705 0.2705 0.2725 0.2725 0.2725 0.264 0.264 0.2685 0.2685 0.258 0.258 0.258 0.2605 0.2605 0.278 0.278 0.2715 0.2715 0.2715 0.2775 0.2775 0.2885 0.2885 0.28 0.28 0.28 0.279
