ndvi/NOAA-62.asc
ncols         252
nrows         154
xllcorner     -18.017974
yllcorner     13.481982
cellsize      0.035948
NODATA_value  -9999
[rows 0 to 33 of 154, columns 156 to 233 of 252]
0.101 0.1085 0.1085 0.1085 0.111 0.111 0.11 0.11 0.113 0.113 0.11 0.11 0.11 0.114 0.114 0.1175 0.1175 0.11 0.11 0.11 0.1125 0.1125 0.113 0.113 0.114 0.114 0.114 0.111 0.111 0.106 0.106 0.1075 0.1075 0.1075 0.106 0.106 0.104 0.104 0.098 0.098 0.098 0.1105 0.1105 0.109 0.109 0.11 0.11 0.113 0.113 0.113 0.1065 0.1065 0.108 0.108 0.108 0.108 0.108 0.1115 0.1115 0.1085 0.1085 0.104 0.104 0.104 0.098 0.098 0.098 0.098 0.098 0.098 0.098 0.0965 0.0965 0.09100001 0.09100001 0.09 0.09 0.09
0.101 0.1085 0.1085 0.1085 0.111 0.111 0.11 0.11 0.113 0.113 0.11 0.11 0.11 0.114 0.114 0.1175 0.1175 0.11 0.11 0.11 0.1125 0.1125 0.113 0.113 0.114 0.114 0.114 0.111 0.111 0.106 0.106 0.1075 0.1075 0.1075 0.106 0.106 0.104 0.104 0.098 0.098 0.098 0.1105 0.1105 0.109 0.109 0.11 0.11 0.113 0.113 0.113 0.1065 0.1065 0.108 0.108 0.108 0.108 0.108 0.1115 0.1115 0.1085 0.1085 0.104 0.104 0.104 0.098 0.098 0.098 0.098 0.098 0.098 0.098 0.0965 0.0965 0.09100001 0.09100001 0.09 0.09 0.09
0.1075 0.109 0.109 0.109 0.113 0.113 0.1135 0.1135 0.1115 0.1115 0.113 0.113 0.113 0.114 0.114 0.111 0.111 0.1185 0.1185 0.1185 0.1135 0.1135 0.1105 0.1105 0.115 0.115 0.115 0.115 0.115 0.108 0.108 0.113 0.113 0.113 0.1095 0.1095 0.115 0.115 0.1135 0.1135 0.1135 0.125 0.125 0.1125 0.1125 0.112 0.112 0.1155 0.1155 0.1155 0.119 0.119 0.117 0.117 0.1105 0.1105 0.1105 0.1165 0.1165 0.1085 0.1085 0.1 0.1 0.1 0.101 0.101 0.097 0.097 0.096 0.096 0.096 0.09550001 0.09550001 0.092 0.092 0.0905 0.0905 0.0905
0.1075 0.109 0.109 0.109 0.113 0.113 0.1135 0.1135 0.1115 0.1115 0.113 0.113 0.113 0.114 0.114 0.111 0.111 0.1185 0.1185 0.1185 0.1135 0.1135 0.1105 0.1105 0.115 0.115 0.115 0.115 0.115 0.108 0.108 0.113 0.113 0.113 0.1095 0.1095 0.115 0.115 0.1135 0.1135 0.1135 0.125 0.125 0.1125 0.1125 0.112 0.112 0.1155 0.1155 0.1155 0.119 0.119 0.117 0.117 0.1105 0.1105 0.1105 0.1165 0.1165 0.1085 0.1085 0.1 0.1 0.1 0.101 0.101 0.097 0.097 0.096 0.096 0.096 0.09550001 0.09550001 0.092 0.092 0.0905 0.0905 0.0905
0.1075 0.109 0.109 0.109 0.113 0.113 0.1135 0.1135 0.1115 0.1115 0.113 0.113 0.113 0.114 0.114 0.111 0.111 0.1185 0.1185 0.1185 0.1135 0.1135 0.1105 0.1105 0.115 0.115 0.115 0.115 0.115 0.108 0.108 0.113 0.113 0.113 0.1095 0.1095 0.115 0.115 0.1135 0.1135 0.1135 0.125 0.125 0.1125 0.1125 0.112 0.112 0.1155 0.1155 0.1155 0.119 0.119 0.117 0.117 0.1105 0.1105 0.1105 0.1165 0.1165 0.1085 0.1085 0.1 0.1 0.1 0.101 0.101 0.097 0.097 0.096 0.096 0.096 0.09550001 0.09550001 0.092 0.092 0.0905 0.0905 0.0905
0.108 0.111 0.111 0.111 0.116 0.116 0.1165 0.1165 0.1115 0.1115 0.116 0.116 0.116 0.1195 0.1195 0.1155 0.1155 0.117 0.117 0.117 0.115 0.115 0.126 0.126 0.1225 0.1225 0.1225 0.121 0.121 0.124 0.124 0.1195 0.1195 0.1195 0.1165 0.1165 0.1175 0.1175 0.1215 0.1215 0.1215 0.122 0.122 0.118 0.118 0.1195 0.1195 0.122 0.122 0.122 0.1185 0.1185 0.1165 0.1165 0.11 0.11 0.11 0.1105 0.1105 0.105 0.105 0.105 0.105 0.105 0.105 0.105 0.1005 0.1005 0.0975 0.0975 0.0975 0.099 0.099 0.09450001 0.09450001 0.097 0.097 0.097
0.108 0.111 0.111 0.111 0.116 0.116 0.1165 0.1165 0.1115 0.1115 0.116 0.116 0.116 0.1195 0.1195 0.1155 0.1155 0.117 0.117 0.117 0.115 0.115 0.126 0.126 0.1225 0.1225 0.1225 0.121 0.121 0.124 0.124 0.1195 0.1195 0.1195 0.1165 0.1165 0.1175 0.1175 0.1215 0.1215 0.1215 0.122 0.122 0.118 0.118 0.1195 0.1195 0.122 0.122 0.122 0.1185 0.1185 0.1165 0.1165 0.11 0.11 0.11 0.1105 0.1105 0.105 0.105 0.105 0.105 0.105 0.105 0.105 0.1005 0.1005 0.0975 0.0975 0.0975 0.099 0.099 0.09450001 0.09450001 0.097 0.097 0.097
0.1095 0.116 0.116 0.116 0.12 0.12 0.1195 0.1195 0.116 0.116 0.1165 0.1165 0.1165 0.1115 0.1115 0.1185 0.1185 0.1185 0.1185 0.1185 0.1195 0.1195 0.119 0.119 0.1235 0.1235 0.1235 0.1155 0.1155 0.1225 0.1225 0.117 0.117 0.117 0.12 0.12 0.1175 0.1175 0.1185 0.1185 0.1185 0.119 0.119 0.116 0.116 0.12 0.12 0.1205 0.1205 0.1205 0.113 0.113 0.1195 0.1195 0.1125 0.1125 0.1125 0.1105 0.1105 0.1095 0.1095 0.104 0.104 0.104 0.1085 0.1085 0.1005 0.1005 0.1025 0.1025 0.1025 0.099 0.099 0.098 0.098 0.0995 0.0995 0.0995
0.1095 0.116 0.116 0.116 0.12 0.12 0.1195 0.1195 0.116 0.116 0.1165 0.1165 0.1165 0.1115 0.1115 0.1185 0.1185 0.1185 0.1185 0.1185 0.1195 0.1195 0.119 0.119 0.1235 0.1235 0.1235 0.1155 0.1155 0.1225 0.1225 0.117 0.117 0.117 0.12 0.12 0.1175 0.1175 0.1185 0.1185 0.1185 0.119 0.119 0.116 0.116 0.12 0.12 0.1205 0.1205 0.1205 0.113 0.113 0.1195 0.1195 0.1125 0.1125 0.1125 0.1105 0.1105 0.1095 0.1095 0.104 0.104 0.104 0.1085 0.1085 0.1005 0.1005 0.1025 0.1025 0.1025 0.099 0.099 0.098 0.098 0.0995 0.0995 0.0995
0.112 0.11 0.11 0.11 0.1095 0.1095 0.117 0.117 0.119 0.119 0.1165 0.1165 0.1165 0.1185 0.1185 0.1245 0.1245 0.1235 0.1235 0.1235 0.119 0.119 0.1205 0.1205 0.1185 0.1185 0.1185 0.1125 0.1125 0.119 0.119 0.117 0.117 0.117 0.1125 0.1125 0.1105 0.1105 0.1085 0.1085 0.1085 0.111 0.111 0.114 0.114 0.121 0.121 0.1235 0.1235 0.1235 0.1225 0.1225 0.1205 0.1205 0.121 0.121 0.121 0.1115 0.1115 0.112 0.112 0.108 0.108 0.108 0.104 0.104 0.107 0.107 0.107 0.107 0.107 0.099 0.099 0.0985 0.0985 0.0985 0.0985 0.0985
0.112 0.11 0.11 0.11 0.1095 0.1095 0.117 0.117 0.119 0.119 0.1165 0.1165 0.1165 0.1185 0.1185 0.1245 0.1245 0.1235 0.1235 0.1235 0.119 0.119 0.1205 0.1205 0.1185 0.1185 0.1185 0.1125 0.1125 0.119 0.119 0.117 0.117 0.117 0.1125 0.1125 0.1105 0.1105 0.1085 0.1085 0.1085 0.111 0.111 0.114 0.114 0.121 0.121 0.1235 0.1235 0.1235 0.1225 0.1225 0.1205 0.1205 0.121 0.121 0.121 0.1115 0.1115 0.112 0.112 0.108 0.108 0.108 0.104 0.104 0.107 0.107 0.107 0.107 0.107 0.099 0.099 0.0985 0.0985 0.0985 0.0985 0.0985
0.118 0.1145 0.1145 0.1145 0.1135 0.1135 0.1165 0.1165 0.118 0.118 0.1125 0.1125 0.1125 0.1215 0.1215 0.1235 0.1235 0.118 0.118 0.118 0.109 0.109 0.111 0.111 0.1195 0.1195 0.1195 0.115 0.115 0.1125 0.1125 0.1115 0.1115 0.1115 0.1115 0.1115 0.09999999 0.09999999 0.1065 0.1065 0.1065 0.1135 0.1135 0.116 0.116 0.13 0.13 0.1195 0.1195 0.1195 0.117 0.117 0.1145 0.1145 0.1145 0.1145 0.1145 0.1105 0.1105 0.1065 0.1065 0.0975 0.0975 0.0975 0.0915 0.0915 0.093 0.093 0.101 0.101 0.101 0.09649999 0.09649999 0.1025 0.1025 0.102 0.102 0.102
0.118 0.1145 0.1145 0.1145 0.1135 0.1135 0.1165 0.1165 0.118 0.118 0.1125 0.1125 0.1125 0.1215 0.1215 0.1235 0.1235 0.118 0.118 0.118 0.109 0.109 0.111 0.111 0.1195 0.1195 0.1195 0.115 0.115 0.1125 0.1125 0.1115 0.1115 0.1115 0.1115 0.1115 0.09999999 0.09999999 0.1065 0.1065 0.1065 0.1135 0.1135 0.116 0.116 0.13 0.13 0.1195 0.1195 0.1195 0.117 0.117 0.1145 0.1145 0.1145 0.1145 0.1145 0.1105 0.1105 0.1065 0.1065 0.0975 0.0975 0.0975 0.0915 0.0915 0.093 0.093 0.101 0.101 0.101 0.09649999 0.09649999 0.1025 0.1025 0.102 0.102 0.102
0.118 0.1145 0.1145 0.1145 0.1135 0.1135 0.1165 0.1165 0.118 0.118 0.1125 0.1125 0.1125 0.1215 0.1215 0.1235 0.1235 0.118 0.118 0.118 0.109 0.109 0.111 0.111 0.1195 0.1195 0.1195 0.115 0.115 0.1125 0.1125 0.1115 0.1115 0.1115 0.1115 0.1115 0.09999999 0.09999999 0.1065 0.1065 0.1065 0.1135 0.1135 0.116 0.116 0.13 0.13 0.1195 0.1195 0.1195 0.117 0.117 0.1145 0.1145 0.1145 0.1145 0.1145 0.1105 0.1105 0.1065 0.1065 0.0975 0.0975 0.0975 0.0915 0.0915 0.093 0.093 0.101 0.101 0.101 0.09649999 0.09649999 0.1025 0.1025 0.102 0.102 0.102
0.118 0.117 0.117 0.117 0.1205 0.1205 0.125 0.125 0.119 0.119 0.12 0.12 0.12 0.1245 0.1245 0.1245 0.1245 0.124 0.124 0.124 0.1155 0.1155 0.1105 0.1105 0.1135 0.1135 0.1135 0.1195 0.1195 0.114 0.114 0.111 0.111 0.111 0.1085 0.1085 0.1085 0.1085 0.107 0.107 0.107 0.119 0.119 0.117 0.117 0.1135 0.1135 0.1 0.1 0.1 0.103 0.103 0.121 0.121 0.1175 0.1175 0.1175 0.106 0.106 0.097 0.097 0.094 0.094 0.094 0.091 0.091 0.097 0.097 0.093 0.093 0.093 0.0935 0.0935 0.103 0.103 0.104 0.104 0.104
0.118 0.117 0.117 0.117 0.1205 0.1205 0.125 0.125 0.119 0.119 0.12 0.12 0.12 0.1245 0.1245 0.1245 0.1245 0.124 0.124 0.124 0.1155 0.1155 0.1105 0.1105 0.1135 0.1135 0.1135 0.1195 0.1195 0.114 0.114 0.111 0.111 0.111 0.1085 0.1085 0.1085 0.1085 0.107 0.107 0.107 0.119 0.119 0.117 0.117 0.1135 0.1135 0.1 0.1 0.1 0.103 0.103 0.121 0.121 0.1175 0.1175 0.1175 0.106 0.106 0.097 0.097 0.094 0.094 0.094 0.091 0.091 0.097 0.097 0.093 0.093 0.093 0.0935 0.0935 0.103 0.103 0.104 0.104 0.104
0.121 0.1175 0.1175 0.1175 0.1175 0.1175 0.1195 0.1195 0.126 0.126 0.1195 0.1195 0.1195 0.1285 0.1285 0.1205 0.1205 0.1185 0.1185 0.1185 0.1185 0.1185 0.116 0.116 0.116 0.116 0.116 0.1125 0.1125 0.1115 0.1115 0.1095 0.1095 0.1095 0.1085 0.1085 0.1045 0.1045 0.1 0.1 0.1 0.095 0.095 0.0895 0.0895 0.0865 0.0865 0.0855 0.0855 0.0855 0.1035 0.1035 0.101 0.101 0.102 0.102 0.102 0.102 0.102 0.1 0.1 0.0915 0.0915 0.0915 0.0925 0.0925 0.09299999 0.09299999 0.096 0.096 0.096 0.098 0.098 0.1095 0.1095 0.1025 0.1025 0.1025
0.121 0.1175 0.1175 0.1175 0.1175 0.1175 0.1195 0.1195 0.126 0.126 0.1195 0.1195 0.1195 0.1285 0.1285 0.1205 0.1205 0.1185 0.1185 0.1185 0.1185 0.1185 0.116 0.116 0.116 0.116 0.116 0.1125 0.1125 0.1115 0.1115 0.1095 0.1095 0.1095 0.1085 0.1085 0.1045 0.1045 0.1 0.1 0.1 0.095 0.095 0.0895 0.0895 0.0865 0.0865 0.0855 0.0855 0.0855 0.1035 0.1035 0.101 0.101 0.102 0.102 0.102 0.102 0.102 0.1 0.1 0.0915 0.0915 0.0915 0.0925 0.0925 0.09299999 0.09299999 0.096 0.096 0.096 0.098 0.098 0.1095 0.1095 0.1025 0.1025 0.1025
0.148 0.1525 0.1525 0.1525 0.104 0.104 0.098 0.098 0.1035 0.1035 0.109 0.109 0.109 0.09999999 0.09999999 0.1145 0.1145 0.106 0.106 0.106 0.103 0.103 0.0955 0.0955 0.0905 0.0905 0.0905 0.088 0.088 0.087 0.087 0.09 0.09 0.09 0.1015 0.1015 0.1105 0.1105 0.1125 0.1125 0.1125 0.11 0.11 0.1165 0.1165 0.111 0.111 0.1015 0.1015 0.1015 0.1025 0.1025 0.102 0.102 0.1055 0.1055 0.1055 0.103 0.103 0.1 0.1 0.0985 0.0985 0.0985 0.0965 0.0965 0.098 0.098 0.1015 0.1015 0.1015 0.106 0.106 0.106 0.106 0.105 0.105 0.105
0.148 0.1525 0.1525 0.1525 0.104 0.104 0.098 0.098 0.1035 0.1035 0.109 0.109 0.109 0.09999999 0.09999999 0.1145 0.1145 0.106 0.106 0.106 0.103 0.103 0.0955 0.0955 0.0905 0.0905 0.0905 0.088 0.088 0.087 0.087 0.09 0.09 0.09 0.1015 0.1015 0.1105 0.1105 0.1125 0.1125 0.1125 0.11 0.11 0.1165 0.1165 0.111 0.111 0.1015 0.1015 0.1015 0.1025 0.1025 0.102 0.102 0.1055 0.1055 0.1055 0.103 0.103 0.1 0.1 0.0985 0.0985 0.0985 0.0965 0.0965 0.098 0.098 0.1015 0.1015 0.1015 0.106 0.106 0.106 0.106 0.105 0.105 0.105
0.148 0.1525 0.1525 0.1525 0.104 0.104 0.098 0.098 0.1035 0.1035 0.109 0.109 0.109 0.09999999 0.09999999 0.1145 0.1145 0.106 0.106 0.106 0.103 0.103 0.0955 0.0955 0.0905 0.0905 0.0905 0.088 0.088 0.087 0.087 0.09 0.09 0.09 0.1015 0.1015 0.1105 0.1105 0.1125 0.1125 0.1125 0.11 0.11 0.1165 0.1165 0.111 0.111 0.1015 0.1015 0.1015 0.1025 0.1025 0.102 0.102 0.1055 0.1055 0.1055 0.103 0.103 0.1 0.1 0.0985 0.0985 0.0985 0.0965 0.0965 0.098 0.098 0.1015 0.1015 0.1015 0.106 0.106 0.106 0.106 0.105 0.105 0.105
0.1375 0.1395 0.1395 0.1395 0.119 0.119 0.1055 0.1055 0.1085 0.1085 0.1075 0.1075 0.1075 0.12 0.12 0.113 0.113 0.11 0.11 0.11 0.109 0.109 0.1035 0.1035 0.099 0.099 0.099 0.09900001 0.09900001 0.0915 0.0915 0.1035 0.1035 0.1035 0.117 0.117 0.122 0.122 0.1115 0.1115 0.1115 0.1095 0.1095 0.1135 0.1135 0.109 0.109 0.1105 0.1105 0.1105 0.107 0.107 0.106 0.106 0.1065 0.1065 0.1065 0.101 0.101 0.107 0.107 0.1045 0.1045 0.1045 0.106 0.106 0.111 0.111 0.1095 0.1095 0.1095 0.11 0.11 0.1025 0.1025 0.096 0.096 0.096
0.1375 0.1395 0.1395 0.1395 0.119 0.119 0.1055 0.1055 0.1085 0.1085 0.1075 0.1075 0.1075 0.12 0.12 0.113 0.113 0.11 0.11 0.11 0.109 0.109 0.1035 0.1035 0.099 0.099 0.099 0.09900001 0.09900001 0.0915 0.0915 0.1035 0.1035 0.1035 0.117 0.117 0.122 0.122 0.1115 0.1115 0.1115 0.1095 0.1095 0.1135 0.1135 0.109 0.109 0.1105 0.1105 0.1105 0.107 0.107 0.106 0.106 0.1065 0.1065 0.1065 0.101 0.101 0.107 0.107 0.1045 0.1045 0.1045 0.106 0.106 0.111 0.111 0.1095 0.1095 0.1095 0.11 0.11 0.1025 0.1025 0.096 0.096 0.096
0.1335 0.1385 0.1385 0.1385 0.135 0.135 0.118 0.118 0.118 0.118 0.1155 0.1155 0.1155 0.1115 0.1115 0.114 0.114 0.1315 0.1315 0.1315 0.134 0.134 0.1295 0.1295 0.1245 0.1245 0.1245 0.124 0.124 0.1395 0.1395 0.1325 0.1325 0.1325 0.127 0.127 0.1185 0.1185 0.1165 0.1165 0.1165 0.11 0.11 0.1105 0.1105 0.116 0.116 0.1075 0.1075 0.1075 0.1035 0.1035 0.103 0.103 0.1015 0.1015 0.1015 0.1045 0.1045 0.1045 0.1045 0.109 0.109 0.109 0.113 0.113 0.11 0.11 0.11 0.11 0.11 0.11 0.11 0.097 0.097 0.1 0.1 0.1
0.1335 0.1385 0.1385 0.1385 0.135 0.135 0.118 0.118 0.118 0.118 0.1155 0.1155 0.1155 0.1115 0.1115 0.114 0.114 0.1315 0.1315 0.1315 0.134 0.134 0.1295 0.1295 0.1245 0.1245 0.1245 0.124 0.124 0.1395 0.1395 0.1325 0.1325 0.1325 0.127 0.127 0.1185 0.1185 0.1165 0.1165 0.1165 0.11 0.11 0.1105 0.1105 0.116 0.116 0.1075 0.1075 0.1075 0.1035 0.1035 0.103 0.103 0.1015 0.1015 0.1015 0.1045 0.1045 0.1045 0.1045 0.109 0.109 0.109 0.113 0.113 0.11 0.11 0.11 0.11 0.11 0.11 0.11 0.097 0.097 0.1 0.1 0.1
0.12 0.141 0.141 0.141 0.1755 0.1755 0.1505 0.1505 0.1285 0.1285 0.122 0.122 0.122 0.1215 0.1215 0.124 0.124 0.1255 0.1255 0.1255 0.127 0.127 0.13 0.13 0.1325 0.1325 0.1325 0.128 0.128 0.128 0.128 0.1285 0.1285 0.1285 0.123 0.123 0.114 0.114 0.116 0.116 0.116 0.1085 0.1085 0.113 0.113 0.118 0.118 0.1195 0.1195 0.1195 0.1145 0.1145 0.1085 0.1085 0.108 0.108 0.108 0.1075 0.1075 0.112 0.112 0.1175 0.1175 0.1175 0.1125 0.1125 0.109 0.109 0.108 0.108 0.108 0.112 0.112 0.104 0.104 0.0995 0.0995 0.0995
0.12 0.141 0.141 0.141 0.1755 0.1755 0.1505 0.1505 0.1285 0.1285 0.122 0.122 0.122 0.1215 0.1215 0.124 0.124 0.1255 0.1255 0.1255 0.127 0.127 0.13 0.13 0.1325 0.1325 0.1325 0.128 0.128 0.128 0.128 0.1285 0.1285 0.1285 0.123 0.123 0.114 0.114 0.116 0.116 0.116 0.1085 0.1085 0.113 0.113 0.118 0.118 0.1195 0.1195 0.1195 0.1145 0.1145 0.1085 0.1085 0.108 0.108 0.108 0.1075 0.1075 0.112 0.112 0.1175 0.1175 0.1175 0.1125 0.1125 0.109 0.109 0.108 0.108 0.108 0.112 0.112 0.104 0.104 0.0995 0.0995 0.0995
0.12 0.141 0.141 0.141 0.1755 0.1755 0.1505 0.1505 0.1285 0.1285 0.122 0.122 0.122 0.1215 0.1215 0.124 0.124 0.1255 0.1255 0.1255 0.127 0.127 0.13 0.13 0.1325 0.1325 0.1325 0.128 0.128 0.128 0.128 0.1285 0.1285 0.1285 0.123 0.123 0.114 0.114 0.116 0.116 0.116 0.1085 0.1085 0.113 0.113 0.118 0.118 0.1195 0.1195 0.1195 0.1145 0.1145 0.1085 0.1085 0.108 0.108 0.108 0.1075 0.1075 0.112 0.112 0.1175 0.1175 0.1175 0.1125 0.1125 0.109 0.109 0.108 0.108 0.108 0.112 0.112 0.104 0.104 0.0995 0.0995 0.0995
0.1135 0.1325 0.1325 0.1325 0.1645 0.1645 0.1675 0.1675 0.1295 0.1295 0.1225 0.1225 0.1225 0.123 0.123 0.1235 0.1235 0.1245 0.1245 0.1245 0.127 0.127 0.125 0.125 0.1325 0.1325 0.1325 0.127 0.127 0.123 0.123 0.1185 0.1185 0.1185 0.1195 0.1195 0.1125 0.1125 0.109 0.109 0.109 0.112 0.112 0.119 0.119 0.1225 0.1225 0.121 0.121 0.121 0.117 0.117 0.1105 0.1105 0.1165 0.1165 0.1165 0.1105 0.1105 0.1165 0.1165 0.117 0.117 0.117 0.114 0.114 0.1155 0.1155 0.115 0.115 0.115 0.11 0.11 0.1125 0.1125 0.1115 0.1115 0.1115
0.1135 0.1325 0.1325 0.1325 0.1645 0.1645 0.1675 0.1675 0.1295 0.1295 0.1225 0.1225 0.1225 0.123 0.123 0.1235 0.1235 0.1245 0.1245 0.1245 0.127 0.127 0.125 0.125 0.1325 0.1325 0.1325 0.127 0.127 0.123 0.123 0.1185 0.1185 0.1185 0.1195 0.1195 0.1125 0.1125 0.109 0.109 0.109 0.112 0.112 0.119 0.119 0.1225 0.1225 0.121 0.121 0.121 0.117 0.117 0.1105 0.1105 0.1165 0.1165 0.1165 0.1105 0.1105 0.1165 0.1165 0.117 0.117 0.117 0.114 0.114 0.1155 0.1155 0.115 0.115 0.115 0.11 0.11 0.1125 0.1125 0.1115 0.1115 0.1115
0.119 0.1195 0.1195 0.1195 0.142 0.142 0.139 0.139 0.1185 0.1185 0.11 0.11 0.11 0.1125 0.1125 0.1145 0.1145 0.1345 0.1345 0.1345 0.129 0.129 0.126 0.126 0.1305 0.1305 0.1305 0.1445 0.1445 0.125 0.125 0.1185 0.1185 0.1185 0.117 0.117 0.119 0.119 0.1225 0.1225 0.1225 0.122 0.122 0.124 0.124 0.1245 0.1245 0.1275 0.1275 0.1275 0.1275 0.1275 0.12 0.12 0.1185 0.1185 0.1185 0.117 0.117 0.122 0.122 0.122 0.122 0.122 0.1215 0.1215 0.122 0.122 0.119 0.119 0.119 0.1165 0.1165 0.1145 0.1145 0.11 0.11 0.11
0.119 0.1195 0.1195 0.1195 0.142 0.142 0.139 0.139 0.1185 0.1185 0.11 0.11 0.11 0.1125 0.1125 0.1145 0.1145 0.1345 0.1345 0.1345 0.129 0.129 0.126 0.126 0.1305 0.1305 0.1305 0.1445 0.1445 0.125 0.125 0.1185 0.1185 0.1185 0.117 0.117 0.119 0.119 0.1225 0.1225 0.1225 0.122 0.122 0.124 0.124 0.1245 0.1245 0.1275 0.1275 0.1275 0.1275 0.1275 0.12 0.12 0.1185 0.1185 0.1185 0.117 0.117 0.122 0.122 0.122 0.122 0.122 0.1215 0.1215 0.122 0.122 0.119 0.119 0.119 0.1165 0.1165 0.1145 0.1145 0.11 0.11 0.11
0.1255 0.1195 0.1195 0.1195 0.1245 0.1245 0.1215 0.1215 0.1155 0.1155 0.108 0.108 0.108 0.118 0.118 0.1085 0.1085 0.1085 0.1085 0.1085 0.1075 0.1075 0.129 0.129 0.129 0.129 0.129 0.1425 0.1425 0.1375 0.1375 0.1215 0.1215 0.1215 0.128 0.128 0.1205 0.1205 0.1285 0.1285 0.1285 0.1235 0.1235 0.117 0.117 0.1265 0.1265 0.128 0.128 0.128 0.138 0.138 0.131 0.131 0.1315 0.1315 0.1315 0.1305 0.1305 0.129 0.129 0.126 0.126 0.126 0.13 0.13 0.125 0.125 0.124 0.124 0.124 0.1195 0.1195 0.112 0.112 0.11 0.11 0.11
0.1255 0.1195 0.1195 0.1195 0.1245 0.1245 0.1215 0.1215 0.1155 0.1155 0.108 0.108 0.108 0.118 0.118 0.1085 0.1085 0.1085 0.1085 0.1085 0.1075 0.1075 0.129 0.129 0.129 0.129 0.129 0.1425 0.1425 0.1375 0.1375 0.1215 0.1215 0.1215 0.128 0.128 0.1205 0.1205 0.1285 0.1285 0.1285 0.1235 0.1235 0.117 0.117 0.1265 0.1265 0.128 0.128 0.128 0.138 0.138 0.131 0.131 0.1315 0.1315 0.1315 0.1305 0.1305 0.129 0.129 0.126 0.126 0.126 0.13 0.13 0.125 0.125 0.124 0.124 0.124 0.1195 0.1195 0.112 0.112 0.11 0.11 0.11
