ndvi/NOAA-259.asc
ncols         252
nrows         154
xllcorner     -18.017974
yllcorner     13.481982
cellsize      0.035948
NODATA_value  -9999
[rows 68 to 101 of 154, columns 0 to 76 of 252]
-1 -1 -1 -1 -1 -1 -1 -1 -1 -1 -1 -1 -1 -1 -1 -1 -1 -1 -1 -1 -1 -1 -1 -1 -1 -1 -1 -1 -1 -1 -1 -1 -1 -1 -1 -1 -1 -1 -1 0.144 0.144 0.144 0.166 0.166 0.2695 0.2695 0.2615 0.2615 0.2615 0.254 0.254 0.217 0.217 0.247 0.247 0.2625 0.2625 0.2625 0.314 0.314 0.3605 0.3605 0.3605 0.3605 0.3605 0.275 0.275 0.2145 0.2145 0.156 0.156 0.156 0.1635 0.1635 0.1885 0.1885 0.167
-1 -1 -1 -1 -1 -1 -1 -1 -1 -1 -1 -1 -1 -1 -1 -1 -1 -1 -1 -1 -1 -1 -1 -1 -1 -1 -1 -1 -1 -1 -1 -1 -1 -1 -1 -1 -1 -1 -1 0.19 0.19 0.19 0.2555 0.2555 0.2775 0.2775 0.162 0.162 0.162 0.198 0.198 0.212 0.212 0.2635 0.2635 0.264 0.264 0.264 0.3215 0.3215 0.334 0.334 0.334 0.334 0.334 0.2255 0.2255 0.19 0.19 0.1365 0.1365 0.1365 0.1675 0.1675 0.1375 0.1375 0.111
-1 -1 -1 -1 -1 -1 -1 -1 -1 -1 -1 -1 -1 -1 -1 -1 -1 -1 -1 -1 -1 -1 -1 -1 -1 -1 -1 -1 -1 -1 -1 -1 -1 -1 -1 -1 -1 -1 -1 0.19 0.19 0.19 0.2555 0.2555 0.2775 0.2775 0.162 0.162 0.162 0.198 0.198 0.212 0.212 0.2635 0.2635 0.264 0.264 0.264 0.3215 0.3215 0.334 0.334 0.334 0.334 0.334 0.2255 0.2255 0.19 0.19 0.1365 0.1365 0.1365 0.1675 0.1675 0.1375 0.1375 0.111
-1 -1 -1 -1 -1 -1 -1 -1 -1 -1 -1 -1 -1 -1 -1 -1 -1 -1 -1 -1 -1 -1 -1 -1 -1 -1 -1 -1 -1 -1 -1 -1 -1 -1 -1 -1 -1 0.0472 0.0472 0.139 0.139 0.139 0.293 0.293 0.2605 0.2605 0.181 0.181 0.181 0.228 0.228 0.1605 0.1605 0.1865 0.1865 0.1935 0.1935 0.1935 0.233 0.233 0.204 0.204 0.204 0.204 0.204 0.1685 0.1685 0.18 0.18 0.1835 0.1835 0.1835 0.158 0.158 0.1635 0.1635 0.1425
-1 -1 -1 -1 -1 -1 -1 -1 -1 -1 -1 -1 -1 -1 -1 -1 -1 -1 -1 -1 -1 -1 -1 -1 -1 -1 -1 -1 -1 -1 -1 -1 -1 -1 -1 -1 -1 0.0472 0.0472 0.139 0.139 0.139 0.293 0.293 0.2605 0.2605 0.181 0.181 0.181 0.228 0.228 0.1605 0.1605 0.1865 0.1865 0.1935 0.1935 0.1935 0.233 0.233 0.204 0.204 0.204 0.204 0.204 0.1685 0.1685 0.18 0.18 0.1835 0.1835 0.1835 0.158 0.158 0.1635 0.1635 0.1425
-1 -1 -1 -1 -1 -1 -1 -1 -1 -1 -1 -1 -1 -1 -1 -1 -1 -1 -1 -1 -1 -1 -1 -1 -1 -1 -1 -1 -1 -1 -1 -1 -1 -1 -1 -1 -1 0.0472 0.0472 0.139 0.139 0.139 0.293 0.293 0.2605 0.2605 0.181 0.181 0.181 0.228 0.228 0.1605 0.1605 0.1865 0.1865 0.1935 0.1935 0.1935 0.233 0.233 0.204 0.204 0.204 0.204 0.204 0.1685 0.1685 0.18 0.18 0.1835 0.1835 0.1835 0.158 0.158 0.1635 0.1635 0.1425
-1 -1 -1 -1 -1 -1 -1 -1 -1 -1 -1 -1 -1 -1 -1 -1 -1 -1 -1 -1 -1 -1 -1 -1 -1 -1 -1 -1 -1 -1 -1 -1 -1 -1 -1 -1 -1 0.0316 0.0316 0.1395 0.1395 0.1395 0.252 0.252 0.196 0.196 0.213 0.213 0.213 0.15 0.15 0.1185 0.1185 0.174 0.174 0.1295 0.1295 0.1295 0.193 0.193 0.1765 0.1765 0.1765 0.1765 0.1765 0.1725 0.1725 0.1745 0.1745 0.1695 0.1695 0.1695 0.1735 0.1735 0.1805 0.1805 0.155
-1 -1 -1 -1 -1 -1 -1 -1 -1 -1 -1 -1 -1 -1 -1 -1 -1 -1 -1 -1 -1 -1 -1 -1 -1 -1 -1 -1 -1 -1 -1 -1 -1 -1 -1 -1 -1 0.0316 0.0316 0.1395 0.1395 0.1395 0.252 0.252 0.196 0.196 0.213 0.213 0.213 0.15 0.15 0.1185 0.1185 0.174 0.174 0.1295 0.1295 0.1295 0.193 0.193 0.1765 0.1765 0.1765 0.1765 0.1765 0.1725 0.1725 0.1745 0.1745 0.1695 0.1695 0.1695 0.1735 0.1735 0.1805 0.1805 0.155
-1 -1 -1 -1 -1 -1 -1 -1 -1 -1 -1 -1 -1 -1 -1 -1 -1 -1 -1 -1 -1 -1 -1 -1 -1 -1 -1 -1 -1 -1 -1 -1 -1 -1 -1 -1 -1 0.0007 0.0007 0.1285 0.1285 0.1285 0.192 0.192 0.1725 0.1725 0.1685 0.1685 0.1685 0.1195 0.1195 0.201 0.201 0.1785 0.1785 0.189 0.189 0.189 0.2105 0.2105 0.2015 0.2015 0.2015 0.2015 0.2015 0.1985 0.1985 0.1985 0.1985 0.201 0.201 0.201 0.188 0.188 0.1785 0.1785 0.135
-1 -1 -1 -1 -1 -1 -1 -1 -1 -1 -1 -1 -1 -1 -1 -1 -1 -1 -1 -1 -1 -1 -1 -1 -1 -1 -1 -1 -1 -1 -1 -1 -1 -1 -1 -1 -1 0.0007 0.0007 0.1285 0.1285 0.1285 0.192 0.192 0.1725 0.1725 0.1685 0.1685 0.1685 0.1195 0.1195 0.201 0.201 0.1785 0.1785 0.189 0.189 0.189 0.2105 0.2105 0.2015 0.2015 0.2015 0.2015 0.2015 0.1985 0.1985 0.1985 0.1985 0.201 0.201 0.201 0.188 0.188 0.1785 0.1785 0.135
-1 -1 -1 -1 -1 -1 -1 -1 -1 -1 -1 -1 -1 -1 -1 -1 -1 -1 -1 -1 -1 -1 -1 -1 -1 -1 -1 -1 -1 -1 -1 -1 -1 -1 -1 -1 -1 0.1017 0.1017 0.0755 0.0755 0.0755 0.102 0.102 0.2025 0.2025 0.1805 0.1805 0.1805 0.1815 0.1815 0.219 0.219 0.193 0.193 0.2515 0.2515 0.2515 0.2285 0.2285 0.2065 0.2065 0.2065 0.2065 0.2065 0.2065 0.2065 0.198 0.198 0.199 0.199 0.199 0.1835 0.1835 0.193 0.193 0.1815
-1 -1 -1 -1 -1 -1 -1 -1 -1 -1 -1 -1 -1 -1 -1 -1 -1 -1 -1 -1 -1 -1 -1 -1 -1 -1 -1 -1 -1 -1 -1 -1 -1 -1 -1 -1 -1 0.1017 0.1017 0.0755 0.0755 0.0755 0.102 0.102 0.2025 0.2025 0.1805 0.1805 0.1805 0.1815 0.1815 0.219 0.219 0.193 0.193 0.2515 0.2515 0.2515 0.2285 0.2285 0.2065 0.2065 0.2065 0.2065 0.2065 0.2065 0.2065 0.198 0.198 0.199 0.199 0.199 0.1835 0.1835 0.193 0.193 0.1815
-1 -1 -1 -1 -1 -1 -1 -1 -1 -1 -1 -1 -1 -1 -1 -1 -1 -1 -1 -1 -1 -1 -1 -1 -1 -1 -1 -1 -1 -1 -1 -1 -1 -1 -1 -1 -1 -0.0068 -0.0068 0.1315 0.1315 0.1315 0.1455 0.1455 0.198 0.198 0.1625 0.1625 0.1625 0.201 0.201 0.2195 0.2195 0.297 0.297 0.24 0.24 0.24 0.209 0.209 0.2075 0.2075 0.2075 0.2075 0.2075 0.2115 0.2115 0.2305 0.2305 0.1955 0.1955 0.1955 0.1925 0.1925 0.175 0.175 0.179
-1 -1 -1 -1 -1 -1 -1 -1 -1 -1 -1 -1 -1 -1 -1 -1 -1 -1 -1 -1 -1 -1 -1 -1 -1 -1 -1 -1 -1 -1 -1 -1 -1 -1 -1 -1 -1 -0.0068 -0.0068 0.1315 0.1315 0.1315 0.1455 0.1455 0.198 0.198 0.1625 0.1625 0.1625 0.201 0.201 0.2195 0.2195 0.297 0.297 0.24 0.24 0.24 0.209 0.209 0.2075 0.2075 0.2075 0.2075 0.2075 0.2115 0.2115 0.2305 0.2305 0.1955 0.1955 0.1955 0.1925 0.1925 0.175 0.175 0.179
-1 -1 -1 -1 -1 -1 -1 -1 -1 -1 -1 -1 -1 -1 -1 -1 -1 -1 -1 -1 -1 -1 -1 -1 -1 -1 -1 -1 -1 -1 -1 -1 -1 -1 -1 -1 -1 -0.0068 -0.0068 0.1315 0.1315 0.1315 0.1455 0.1455 0.198 0.198 0.1625 0.1625 0.1625 0.201 0.201 0.2195 0.2195 0.297 0.297 0.24 0.24 0.24 0.209 0.209 0.2075 0.2075 0.2075 0.2075 0.2075 0.2115 0.2115 0.2305 0.2305 0.1955 0.1955 0.1955 0.1925 0.1925 0.175 0.175 0.179
-1 -1 -1 -1 -1 -1 -1 -1 -1 -1 -1 -1 -1 -1 -1 -1 -1 -1 -1 -1 -1 -1 -1 -1 -1 -1 -1 -1 -1 -1 -1 -1 -1 -1 -1 -1 -1 0.0195 0.0195 0.176 0.176 0.176 0.182 0.182 0.152 0.152 0.186 0.186 0.186 0.227 0.227 0.256 0.256 0.238 0.238 0.237 0.237 0.237 0.194 0.194 0.192 0.192 0.192 0.192 0.192 0.195 0.195 0.185 0.185 0.1885 0.1885 0.1885 0.196 0.196 0.2065 0.2065 0.1795
-1 -1 -1 -1 -1 -1 -1 -1 -1 -1 -1 -1 -1 -1 -1 -1 -1 -1 -1 -1 -1 -1 -1 -1 -1 -1 -1 -1 -1 -1 -1 -1 -1 -1 -1 -1 -1 0.0195 0.0195 0.176 0.176 0.176 0.182 0.182 0.152 0.152 0.186 0.186 0.186 0.227 0.227 0.256 0.256 0.238 0.238 0.237 0.237 0.237 0.194 0.194 0.192 0.192 0.192 0.192 0.192 0.195 0.195 0.185 0.185 0.1885 0.1885 0.1885 0.196 0.196 0.2065 0.2065 0.1795
-1 -1 -1 -1 -1 -1 -1 -1 -1 -1 -1 -1 -1 -1 -1 -1 -1 -1 -1 -1 -1 -1 -1 -1 -1 -1 -1 -1 -1 -1 -1 -1 -1 -1 -1 -1 -1 0.0765 0.0765 0.2045 0.2045 0.2045 0.1925 0.1925 0.1895 0.1895 0.2235 0.2235 0.2235 0.2375 0.2375 0.254 0.254 0.258 0.258 0.2685 0.2685 0.2685 0.2205 0.2205 0.201 0.201 0.201 0.201 0.201 0.194 0.194 0.189 0.189 0.1995 0.1995 0.1995 0.207 0.207 0.211 0.211 0.1925
-1 -1 -1 -1 -1 -1 -1 -1 -1 -1 -1 -1 -1 -1 -1 -1 -1 -1 -1 -1 -1 -1 -1 -1 -1 -1 -1 -1 -1 -1 -1 -1 -1 -1 -1 -1 -1 0.0765 0.0765 0.2045 0.2045 0.2045 0.1925 0.1925 0.1895 0.1895 0.2235 0.2235 0.2235 0.2375 0.2375 0.254 0.254 0.258 0.258 0.2685 0.2685 0.2685 0.2205 0.2205 0.201 0.201 0.201 0.201 0.201 0.194 0.194 0.189 0.189 0.1995 0.1995 0.1995 0.207 0.207 0.211 0.211 0.1925
-1 -1 -1 -1 -1 -1 -1 -1 -1 -1 -1 -1 -1 -1 -1 -1 -1 -1 -1 -1 -1 -1 -1 -1 -1 -1 -1 -1 -1 -1 -1 -1 -1 -1 -1 0.0487 0.0487 0.1525 0.1525 0.2015 0.2015 0.2015 0.2015 0.2015 0.2085 0.2085 0.235 0.235 0.235 0.342 0.342 0.291 0.291 0.2715 0.2715 0.266 0.266 0.266 0.305 0.305 0.2295 0.2295 0.2295 0.2295 0.2295 0.215 0.215 0.2165 0.2165 0.1665 0.1665 0.1665 0.218 0.218 0.2455 0.2455 0.2895
-1 -1 -1 -1 -1 -1 -1 -1 -1 -1 -1 -1 -1 -1 -1 -1 -1 -1 -1 -1 -1 -1 -1 -1 -1 -1 -1 -1 -1 -1 -1 -1 -1 -1 -1 0.0487 0.0487 0.1525 0.1525 0.2015 0.2015 0.2015 0.2015 0.2015 0.2085 0.2085 0.235 0.235 0.235 0.342 0.342 0.291 0.291 0.2715 0.2715 0.266 0.266 0.266 0.305 0.305 0.2295 0.2295 0.2295 0.2295 0.2295 0.215 0.215 0.2165 0.2165 0.1665 0.1665 0.1665 0.218 0.218 0.2455 0.2455 0.2895
-1 -1 -1 -1 -1 -1 -1 -1 -1 -1 -1 -1 -1 -1 -1 -1 -1 -1 -1 -1 -1 -1 -1 -1 -1 -1 -1 -1 -1 -1 -1 -1 -1 -1 -1 0.0487 0.0487 0.1525 0.1525 0.2015 0.2015 0.2015 0.2015 0.2015 0.2085 0.2085 0.235 0.235 0.235 0.342 0.342 0.291 0.291 0.2715 0.2715 0.266 0.266 0.266 0.305 0.305 0.2295 0.2295 0.2295 0.2295 0.2295 0.215 0.215 0.2165 0.2165 0.1665 0.1665 0.1665 0.218 0.218 0.2455 0.2455 0.2895
-1 -1 -1 -1 -1 -1 -1 -1 -1 -1 -1 -1 -1 -1 -1 -1 -1 -1 -1 -1 -1 -1 -1 -1 -1 -1 -1 -1 -1 -1 -1 -1 -1 -1 -1 0.0215 0.0215 0.1775 0.1775 0.182 0.182 0.182 0.175 0.175 0.181 0.181 0.1885 0.1885 0.1885 0.2225 0.2225 0.225 0.225 0.2735 0.2735 0.2805 0.2805 0.2805 0.2965 0.2965 0.403 0.403 0.403 0.403 0.403 0.4205 0.4205 0.344 0.344 0.2735 0.2735 0.2735 0.2765 0.2765 0.309 0.309 0.3135
-1 -1 -1 -1 -1 -1 -1 -1 -1 -1 -1 -1 -1 -1 -1 -1 -1 -1 -1 -1 -1 -1 -1 -1 -1 -1 -1 -1 -1 -1 -1 -1 -1 -1 -1 0.0215 0.0215 0.1775 0.1775 0.182 0.182 0.182 0.175 0.175 0.181 0.181 0.1885 0.1885 0.1885 0.2225 0.2225 0.225 0.225 0.2735 0.2735 0.2805 0.2805 0.2805 0.2965 0.2965 0.403 0.403 0.403 0.403 0.403 0.4205 0.4205 0.344 0.344 0.2735 0.2735 0.2735 0.2765 0.2765 0.309 0.309 0.3135
-1 -1 -1 -1 -1 -1 -1 -1 -1 -1 -1 -1 -1 -1 -1 -1 -1 -1 -1 -1 -1 -1 -1 -1 -1 -1 -1 -1 -1 -1 -1 -1 0.0397 0.0397 0.0397 0.206 0.206 0.189 0.189 0.163 0.163 0.163 0.182 0.182 0.196 0.196 0.203 0.203 0.203 0.213 0.213 0.233 0.233 0.2785 0.2785 0.261 0.261 0.261 0.287 0.287 0.3095 0.3095 0.3095 0.3095 0.3095 0.3865 0.3865 0.322 0.322 0.3585 0.3585 0.3585 0.3275 0.3275 0.3275 0.3275 0.2765
-1 -1 -1 -1 -1 -1 -1 -1 -1 -1 -1 -1 -1 -1 -1 -1 -1 -1 -1 -1 -1 -1 -1 -1 -1 -1 -1 -1 -1 -1 -1 -1 0.0397 0.0397 0.0397 0.206 0.206 0.189 0.189 0.163 0.163 0.163 0.182 0.182 0.196 0.196 0.203 0.203 0.203 0.213 0.213 0.233 0.233 0.2785 0.2785 0.261 0.261 0.261 0.287 0.287 0.3095 0.3095 0.3095 0.3095 0.3095 0.3865 0.3865 0.322 0.322 0.3585 0.3585 0.3585 0.3275 0.3275 0.3275 0.3275 0.2765
-1 -1 -1 -1 -1 -1 -1 -1 -1 -1 -1 -1 -1 -1 -1 -1 -1 -1 -1 -1 -1 -1 -1 -1 -1 -1 -1 -1 -1 -1 0.012 0.012 0.2395 0.2395 0.2395 0.21 0.21 0.187 0.187 0.1795 0.1795 0.1795 0.178 0.178 0.173 0.173 0.2 0.2 0.2 0.22 0.22 0.205 0.205 0.235 0.235 0.2455 0.2455 0.2455 0.2955 0.2955 0.302 0.302 0.302 0.302 0.302 0.272 0.272 0.282 0.282 0.342 0.342 0.342 0.3625 0.3625 0.3635 0.3635 0.292
-1 -1 -1 -1 -1 -1 -1 -1 -1 -1 -1 -1 -1 -1 -1 -1 -1 -1 -1 -1 -1 -1 -1 -1 -1 -1 -1 -1 -1 -1 0.012 0.012 0.2395 0.2395 0.2395 0.21 0.21 0.187 0.187 0.1795 0.1795 0.1795 0.178 0.178 0.173 0.173 0.2 0.2 0.2 0.22 0.22 0.205 0.205 0.235 0.235 0.2455 0.2455 0.2455 0.2955 0.2955 0.302 0.302 0.302 0.302 0.302 0.272 0.272 0.282 0.282 0.342 0.342 0.342 0.3625 0.3625 0.3635 0.3635 0.292
-1 -1 -1 -1 -1 -1 -1 -1 -1 -1 -1 -1 -1 -1 -1 -1 -1 -1 -1 -1 -1 -1 -1 -1 -1 -1 -1 -1 -1 -1 0.012 0.012 0.2395 0.2395 0.2395 0.21 0.21 0.187 0.187 0.1795 0.1795 0.1795 0.178 0.178 0.173 0.173 0.2 0.2 0.2 0.22 0.22 0.205 0.205 0.235 0.235 0.2455 0.2455 0.2455 0.2955 0.2955 0.302 0.302 0.302 0.302 0.302 0.272 0.272 0.282 0.282 0.342 0.342 0.342 0.3625 0.3625 0.3635 0.3635 0.292
-1 -1 -1 -1 -1 -1 -1 -1 -1 -1 -1 -1 -1 -1 -1 -1 -1 -1 -1 -1 -1 -1 -1 -1 -1 -1 -1 -1 -1 -1 0.0836 0.0836 0.212 0.212 0.212 0.23 0.23 0.1775 0.1775 0.1805 0.1805 0.1805 0.204 0.204 0.21 0.21 0.1835 0.1835 0.1835 0.1935 0.1935 0.1865 0.1865 0.2025 0.2025 0.1895 0.1895 0.1895 0.2295 0.2295 0.285 0.285 0.285 0.285 0.285 0.2945 0.2945 0.2795 0.2795 0.2805 0.2805 0.2805 0.2785 0.2785 0.3475 0.3475 0.2655
-1 -1 -1 -1 -1 -1 -1 -1 -1 -1 -1 -1 -1 -1 -1 -1 -1 -1 -1 -1 -1 -1 -1 -1 -1 -1 -1 -1 -1 -1 0.0836 0.0836 0.212 0.212 0.212 0.23 0.23 0.1775 0.1775 0.1805 0.1805 0.1805 0.204 0.204 0.21 0.21 0.1835 0.1835 0.1835 0.1935 0.1935 0.1865 0.1865 0.2025 0.2025 0.1895 0.1895 0.1895 0.2295 0.2295 0.285 0.285 0.285 0.285 0.285 0.2945 0.2945 0.2795 0.2795 0.2805 0.2805 0.2805 0.2785 0.2785 0.3475 0.3475 0.2655
-1 -1 -1 -1 -1 -1 -1 -1 -1 -1 -1 -1 -1 -1 -1 -1 -1 -1 -1 -1 -1 -1 -1 -1 -1 -1 -1 -1 0.0131 0.0131 0.225 0.225 0.2525 0.2525 0.2525 0.238 0.238 0.1955 0.1955 0.171 0.171 0.171 0.1995 0.1995 0.226 0.226 0.2105 0.2105 0.2105 0.244 0.244 0.229 0.229 0.235 0.235 0.2355 0.2355 0.2355 0.247 0.247 0.2195 0.2195 0.2195 0.2195 0.2195 0.244 0.244 0.222 0.222 0.1955 0.1955 0.1955 0.1765 0.1765 0.206 0.206 0.2565
-1 -1 -1 -1 -1 -1 -1 -1 -1 -1 -1 -1 -1 -1 -1 -1 -1 -1 -1 -1 -1 -1 -1 -1 -1 -1 -1 -1 0.0131 0.0131 0.225 0.225 0.2525 0.2525 0.2525 0.238 0.238 0.1955 0.1955 0.171 0.171 0.171 0.1995 0.1995 0.226 0.226 0.2105 0.2105 0.2105 0.244 0.244 0.229 0.229 0.235 0.235 0.2355 0.2355 0.2355 0.247 0.247 0.2195 0.2195 0.2195 0.2195 0.2195 0.244 0.244 0.222 0.222 0.1955 0.1955 0.1955 0.1765 0.1765 0.206 0.206 0.2565
-1 -1 -1 -1 -1 -1 -1 -1 -1 -1 -1 -1 -1 -1 -1 -1 -1 -1 -1 -1 -1 -1 -1 -1 -1 0.0686 0.0686 0.0686 0.114 0.114 0.25 0.25 0.2355 0.2355 0.2355 0.216 0.216 0.1945 0.1945 0.181 0.181 0.181 0.18 0.18 0.238 0.238 0.1955 0.1955 0.1955 0.252 0.252 0.2175 0.2175 0.2895 0.2895 0.229 0.229 0.229 0.234 0.234 0.282 0.282 0.282 0.282 0.282 0.252 0.252 0.2195 0.2195 0.2145 0.2145 0.2145 0.207 0.207 0.206 0.206 0.206
