ndvi/NOAA-38.asc
ncols         252
nrows         154
xllcorner     -18.017974
yllcorner     13.481982
cellsize      0.035948
NODATA_value  -9999
[rows 68 to 101 of 154, columns 0 to 76 of 252]
-1 -1 -1 -1 -1 -1 -1 -1 -1 -1 -1 -1 -1 -1 -1 -1 -1 -1 -1 -1 -1 -1 -1 -1 -1 -1 -1 -1 -1 -1 -1 -1 -1 -1 -1 -1 -1 -1 -1 0.218 0.218 0.218 0.2185 0.2185 0.346 0.346 0.303 0.303 0.303 0.274 0.274 0.3015 0.3015 0.276 0.276 0.261 0.261 0.261 0.3495 0.3495 0.339 0.339 0.339 0.339 0.339 0.344 0.344 0.298 0.298 0.216 0.216 0.216 0.2135 0.2135 0.2085 0.2085 0.2095
-1 -1 -1 -1 -1 -1 -1 -1 -1 -1 -1 -1 -1 -1 -1 -1 -1 -1 -1 -1 -1 -1 -1 -1 -1 -1 -1 -1 -1 -1 -1 -1 -1 -1 -1 -1 -1 -1 -1 0.234 0.234 0.234 0.2865 0.2865 0.363 0.363 0.2085 0.2085 0.2085 0.3135 0.3135 0.2885 0.2885 0.255 0.255 0.24 0.24 0.24 0.347 0.347 0.3105 0.3105 0.3105 0.3105 0.3105 0.29 0.29 0.2245 0.2245 0.222 0.222 0.222 0.222 0.222 0.212 0.212 0.222
-1 -1 -1 -1 -1 -1 -1 -1 -1 -1 -1 -1 -1 -1 -1 -1 -1 -1 -1 -1 -1 -1 -1 -1 -1 -1 -1 -1 -1 -1 -1 -1 -1 -1 -1 -1 -1 -1 -1 0.234 0.234 0.234 0.2865 0.2865 0.363 0.363 0.2085 0.2085 0.2085 0.3135 0.3135 0.2885 0.2885 0.255 0.255 0.24 0.24 0.24 0.347 0.347 0.3105 0.3105 0.3105 0.3105 0.3105 0.29 0.29 0.2245 0.2245 0.222 0.222 0.222 0.222 0.222 0.212 0.212 0.222
-1 -1 -1 -1 -1 -1 -1 -1 -1 -1 -1 -1 -1 -1 -1 -1 -1 -1 -1 -1 -1 -1 -1 -1 -1 -1 -1 -1 -1 -1 -1 -1 -1 -1 -1 -1 -1 0.0821 0.0821 0.191 0.191 0.191 0.313 0.313 0.29 0.29 0.261 0.261 0.261 0.2605 0.2605 0.2295 0.2295 0.2365 0.2365 0.2055 0.2055 0.2055 0.219 0.219 0.303 0.303 0.303 0.303 0.303 0.242 0.242 0.2425 0.2425 0.2385 0.2385 0.2385 0.2305 0.2305 0.2335 0.2335 0.23
-1 -1 -1 -1 -1 -1 -1 -1 -1 -1 -1 -1 -1 -1 -1 -1 -1 -1 -1 -1 -1 -1 -1 -1 -1 -1 -1 -1 -1 -1 -1 -1 -1 -1 -1 -1 -1 0.0821 0.0821 0.191 0.191 0.191 0.313 0.313 0.29 0.29 0.261 0.261 0.261 0.2605 0.2605 0.2295 0.2295 0.2365 0.2365 0.2055 0.2055 0.2055 0.219 0.219 0.303 0.303 0.303 0.303 0.303 0.242 0.242 0.2425 0.2425 0.2385 0.2385 0.2385 0.2305 0.2305 0.2335 0.2335 0.23
-1 -1 -1 -1 -1 -1 -1 -1 -1 -1 -1 -1 -1 -1 -1 -1 -1 -1 -1 -1 -1 -1 -1 -1 -1 -1 -1 -1 -1 -1 -1 -1 -1 -1 -1 -1 -1 0.0821 0.0821 0.191 0.191 0.191 0.313 0.313 0.29 0.29 0.261 0.261 0.261 0.2605 0.2605 0.2295 0.2295 0.2365 0.2365 0.2055 0.2055 0.2055 0.219 0.219 0.303 0.303 0.303 0.303 0.303 0.242 0.242 0.2425 0.2425 0.2385 0.2385 0.2385 0.2305 0.2305 0.2335 0.2335 0.23
-1 -1 -1 -1 -1 -1 -1 -1 -1 -1 -1 -1 -1 -1 -1 -1 -1 -1 -1 -1 -1 -1 -1 -1 -1 -1 -1 -1 -1 -1 -1 -1 -1 -1 -1 -1 -1 0.0175 0.0175 0.1815 0.1815 0.1815 0.293 0.293 0.3015 0.3015 0.247 0.247 0.247 0.226 0.226 0.2385 0.2385 0.209 0.209 0.2205 0.2205 0.2205 0.217 0.217 0.281 0.281 0.281 0.281 0.281 0.26 0.26 0.2535 0.2535 0.244 0.244 0.244 0.2415 0.2415 0.229 0.229 0.242
-1 -1 -1 -1 -1 -1 -1 -1 -1 -1 -1 -1 -1 -1 -1 -1 -1 -1 -1 -1 -1 -1 -1 -1 -1 -1 -1 -1 -1 -1 -1 -1 -1 -1 -1 -1 -1 0.0175 0.0175 0.1815 0.1815 0.1815 0.293 0.293 0.3015 0.3015 0.247 0.247 0.247 0.226 0.226 0.2385 0.2385 0.209 0.209 0.2205 0.2205 0.2205 0.217 0.217 0.281 0.281 0.281 0.281 0.281 0.26 0.26 0.2535 0.2535 0.244 0.244 0.244 0.2415 0.2415 0.229 0.229 0.242
-1 -1 -1 -1 -1 -1 -1 -1 -1 -1 -1 -1 -1 -1 -1 -1 -1 -1 -1 -1 -1 -1 -1 -1 -1 -1 -1 -1 -1 -1 -1 -1 -1 -1 -1 -1 -1 0.0085 0.0085 0.183 0.183 0.183 0.281 0.281 0.282 0.282 0.25 0.25 0.25 0.2495 0.2495 0.237 0.237 0.229 0.229 0.2365 0.2365 0.2365 0.2415 0.2415 0.2365 0.2365 0.2365 0.2365 0.2365 0.24 0.24 0.234 0.234 0.2305 0.2305 0.2305 0.2275 0.2275 0.2255 0.2255 0.2285
-1 -1 -1 -1 -1 -1 -1 -1 -1 -1 -1 -1 -1 -1 -1 -1 -1 -1 -1 -1 -1 -1 -1 -1 -1 -1 -1 -1 -1 -1 -1 -1 -1 -1 -1 -1 -1 0.0085 0.0085 0.183 0.183 0.183 0.281 0.281 0.282 0.282 0.25 0.25 0.25 0.2495 0.2495 0.237 0.237 0.229 0.229 0.2365 0.2365 0.2365 0.2415 0.2415 0.2365 0.2365 0.2365 0.2365 0.2365 0.24 0.24 0.234 0.234 0.2305 0.2305 0.2305 0.2275 0.2275 0.2255 0.2255 0.2285
-1 -1 -1 -1 -1 -1 -1 -1 -1 -1 -1 -1 -1 -1 -1 -1 -1 -1 -1 -1 -1 -1 -1 -1 -1 -1 -1 -1 -1 -1 -1 -1 -1 -1 -1 -1 -1 0.0327 0.0327 0.2135 0.2135 0.2135 0.238 0.238 0.256 0.256 0.2395 0.2395 0.2395 0.24 0.24 0.226 0.226 0.2505 0.2505 0.2415 0.2415 0.2415 0.2295 0.2295 0.227 0.227 0.227 0.227 0.227 0.237 0.237 0.2355 0.2355 0.232 0.232 0.232 0.2355 0.2355 0.236 0.236 0.2195
-1 -1 -1 -1 -1 -1 -1 -1 -1 -1 -1 -1 -1 -1 -1 -1 -1 -1 -1 -1 -1 -1 -1 -1 -1 -1 -1 -1 -1 -1 -1 -1 -1 -1 -1 -1 -1 0.0327 0.0327 0.2135 0.2135 0.2135 0.238 0.238 0.256 0.256 0.2395 0.2395 0.2395 0.24 0.24 0.226 0.226 0.2505 0.2505 0.2415 0.2415 0.2415 0.2295 0.2295 0.227 0.227 0.227 0.227 0.227 0.237 0.237 0.2355 0.2355 0.232 0.232 0.232 0.2355 0.2355 0.236 0.236 0.2195
-1 -1 -1 -1 -1 -1 -1 -1 -1 -1 -1 -1 -1 -1 -1 -1 -1 -1 -1 -1 -1 -1 -1 -1 -1 -1 -1 -1 -1 -1 -1 -1 -1 -1 -1 -1 -1 0.0652 0.0652 0.221 0.221 0.221 0.254 0.254 0.243 0.243 0.236 0.236 0.236 0.236 0.236 0.244 0.244 0.247 0.247 0.251 0.251 0.251 0.2175 0.2175 0.2305 0.2305 0.2305 0.2305 0.2305 0.2315 0.2315 0.237 0.237 0.2295 0.2295 0.2295 0.232 0.232 0.23 0.23 0.219
-1 -1 -1 -1 -1 -1 -1 -1 -1 -1 -1 -1 -1 -1 -1 -1 -1 -1 -1 -1 -1 -1 -1 -1 -1 -1 -1 -1 -1 -1 -1 -1 -1 -1 -1 -1 -1 0.0652 0.0652 0.221 0.221 0.221 0.254 0.254 0.243 0.243 0.236 0.236 0.236 0.236 0.236 0.244 0.244 0.247 0.247 0.251 0.251 0.251 0.2175 0.2175 0.2305 0.2305 0.2305 0.2305 0.2305 0.2315 0.2315 0.237 0.237 0.2295 0.2295 0.2295 0.232 0.232 0.23 0.23 0.219
-1 -1 -1 -1 -1 -1 -1 -1 -1 -1 -1 -1 -1 -1 -1 -1 -1 -1 -1 -1 -1 -1 -1 -1 -1 -1 -1 -1 -1 -1 -1 -1 -1 -1 -1 -1 -1 0.0652 0.0652 0.221 0.221 0.221 0.254 0.254 0.243 0.243 0.236 0.236 0.236 0.236 0.236 0.244 0.244 0.247 0.247 0.251 0.251 0.251 0.2175 0.2175 0.2305 0.2305 0.2305 0.2305 0.2305 0.2315 0.2315 0.237 0.237 0.2295 0.2295 0.2295 0.232 0.232 0.23 0.23 0.219
-1 -1 -1 -1 -1 -1 -1 -1 -1 -1 -1 -1 -1 -1 -1 -1 -1 -1 -1 -1 -1 -1 -1 -1 -1 -1 -1 -1 -1 -1 -1 -1 -1 -1 -1 -1 -1 0.0695 0.0695 0.228 0.228 0.228 0.2605 0.2605 0.229 0.229 0.2275 0.2275 0.2275 0.2315 0.2315 0.227 0.227 0.2205 0.2205 0.2375 0.2375 0.2375 0.2315 0.2315 0.232 0.232 0.232 0.232 0.232 0.2365 0.2365 0.232 0.232 0.233 0.233 0.233 0.235 0.235 0.227 0.227 0.2235
-1 -1 -1 -1 -1 -1 -1 -1 -1 -1 -1 -1 -1 -1 -1 -1 -1 -1 -1 -1 -1 -1 -1 -1 -1 -1 -1 -1 -1 -1 -1 -1 -1 -1 -1 -1 -1 0.0695 0.0695 0.228 0.228 0.228 0.2605 0.2605 0.229 0.229 0.2275 0.2275 0.2275 0.2315 0.2315 0.227 0.227 0.2205 0.2205 0.2375 0.2375 0.2375 0.2315 0.2315 0.232 0.232 0.232 0.232 0.232 0.2365 0.2365 0.232 0.232 0.233 0.233 0.233 0.235 0.235 0.227 0.227 0.2235
-1 -1 -1 -1 -1 -1 -1 -1 -1 -1 -1 -1 -1 -1 -1 -1 -1 -1 -1 -1 -1 -1 -1 -1 -1 -1 -1 -1 -1 -1 -1 -1 -1 -1 -1 -1 -1 0.107 0.107 0.277 0.277 0.277 0.2695 0.2695 0.224 0.224 0.2305 0.2305 0.2305 0.235 0.235 0.234 0.234 0.2405 0.2405 0.239 0.239 0.239 0.2355 0.2355 0.24 0.24 0.24 0.24 0.24 0.236 0.236 0.2425 0.2425 0.225 0.225 0.225 0.2325 0.2325 0.2375 0.2375 0.232
-1 -1 -1 -1 -1 -1 -1 -1 -1 -1 -1 -1 -1 -1 -1 -1 -1 -1 -1 -1 -1 -1 -1 -1 -1 -1 -1 -1 -1 -1 -1 -1 -1 -1 -1 -1 -1 0.107 0.107 0.277 0.277 0.277 0.2695 0.2695 0.224 0.224 0.2305 0.2305 0.2305 0.235 0.235 0.234 0.234 0.2405 0.2405 0.239 0.239 0.239 0.2355 0.2355 0.24 0.24 0.24 0.24 0.24 0.236 0.236 0.2425 0.2425 0.225 0.225 0.225 0.2325 0.2325 0.2375 0.2375 0.232
-1 -1 -1 -1 -1 -1 -1 -1 -1 -1 -1 -1 -1 -1 -1 -1 -1 -1 -1 -1 -1 -1 -1 -1 -1 -1 -1 -1 -1 -1 -1 -1 -1 -1 -1 0.0337 0.0337 0.268 0.268 0.267 0.267 0.267 0.2385 0.2385 0.232 0.232 0.2345 0.2345 0.2345 0.235 0.235 0.226 0.226 0.2345 0.2345 0.249 0.249 0.249 0.2395 0.2395 0.232 0.232 0.232 0.232 0.232 0.2325 0.2325 0.239 0.239 0.2295 0.2295 0.2295 0.239 0.239 0.2435 0.2435 0.2445
-1 -1 -1 -1 -1 -1 -1 -1 -1 -1 -1 -1 -1 -1 -1 -1 -1 -1 -1 -1 -1 -1 -1 -1 -1 -1 -1 -1 -1 -1 -1 -1 -1 -1 -1 0.0337 0.0337 0.268 0.268 0.267 0.267 0.267 0.2385 0.2385 0.232 0.232 0.2345 0.2345 0.2345 0.235 0.235 0.226 0.226 0.2345 0.2345 0.249 0.249 0.249 0.2395 0.2395 0.232 0.232 0.232 0.232 0.232 0.2325 0.2325 0.239 0.239 0.2295 0.2295 0.2295 0.239 0.239 0.2435 0.2435 0.2445
-1 -1 -1 -1 -1 -1 -1 -1 -1 -1 -1 -1 -1 -1 -1 -1 -1 -1 -1 -1 -1 -1 -1 -1 -1 -1 -1 -1 -1 -1 -1 -1 -1 -1 -1 0.0337 0.0337 0.268 0.268 0.267 0.267 0.267 0.2385 0.2385 0.232 0.232 0.2345 0.2345 0.2345 0.235 0.235 0.226 0.226 0.2345 0.2345 0.249 0.249 0.249 0.2395 0.2395 0.232 0.232 0.232 0.232 0.232 0.2325 0.2325 0.239 0.239 0.2295 0.2295 0.2295 0.239 0.239 0.2435 0.2435 0.2445
-1 -1 -1 -1 -1 -1 -1 -1 -1 -1 -1 -1 -1 -1 -1 -1 -1 -1 -1 -1 -1 -1 -1 -1 -1 -1 -1 -1 -1 -1 -1 -1 -1 -1 -1 0.093 0.093 0.255 0.255 0.2425 0.2425 0.2425 0.235 0.235 0.238 0.238 0.2415 0.2415 0.2415 0.25 0.25 0.257 0.257 0.256 0.256 0.2475 0.2475 0.2475 0.241 0.241 0.232 0.232 0.232 0.232 0.232 0.242 0.242 0.2475 0.2475 0.2615 0.2615 0.2615 0.2495 0.2495 0.247 0.247 0.2385
-1 -1 -1 -1 -1 -1 -1 -1 -1 -1 -1 -1 -1 -1 -1 -1 -1 -1 -1 -1 -1 -1 -1 -1 -1 -1 -1 -1 -1 -1 -1 -1 -1 -1 -1 0.093 0.093 0.255 0.255 0.2425 0.2425 0.2425 0.235 0.235 0.238 0.238 0.2415 0.2415 0.2415 0.25 0.25 0.257 0.257 0.256 0.256 0.2475 0.2475 0.2475 0.241 0.241 0.232 0.232 0.232 0.232 0.232 0.242 0.242 0.2475 0.2475 0.2615 0.2615 0.2615 0.2495 0.2495 0.247 0.247 0.2385
-1 -1 -1 -1 -1 -1 -1 -1 -1 -1 -1 -1 -1 -1 -1 -1 -1 -1 -1 -1 -1 -1 -1 -1 -1 -1 -1 -1 -1 -1 -1 -1 0.0661 0.0661 0.0661 0.254 0.254 0.2465 0.2465 0.234 0.234 0.234 0.24 0.24 0.246 0.246 0.252 0.252 0.252 0.259 0.259 0.254 0.254 0.255 0.255 0.253 0.253 0.253 0.258 0.258 0.2575 0.2575 0.2575 0.2575 0.2575 0.262 0.262 0.2645 0.2645 0.2565 0.2565 0.2565 0.2485 0.2485 0.2415 0.2415 0.2425
-1 -1 -1 -1 -1 -1 -1 -1 -1 -1 -1 -1 -1 -1 -1 -1 -1 -1 -1 -1 -1 -1 -1 -1 -1 -1 -1 -1 -1 -1 -1 -1 0.0661 0.0661 0.0661 0.254 0.254 0.2465 0.2465 0.234 0.234 0.234 0.24 0.24 0.246 0.246 0.252 0.252 0.252 0.259 0.259 0.254 0.254 0.255 0.255 0.253 0.253 0.253 0.258 0.258 0.2575 0.2575 0.2575 0.2575 0.2575 0.262 0.262 0.2645 0.2645 0.2565 0.2565 0.2565 0.2485 0.2485 0.2415 0.2415 0.2425
-1 -1 -1 -1 -1 -1 -1 -1 -1 -1 -1 -1 -1 -1 -1 -1 -1 -1 -1 -1 -1 -1 -1 -1 -1 -1 -1 -1 -1 -1 0.0206 0.0206 0.267 0.267 0.267 0.2465 0.2465 0.2425 0.2425 0.2285 0.2285 0.2285 0.235 0.235 0.241 0.241 0.2595 0.2595 0.2595 0.25 0.25 0.2505 0.2505 0.255 0.255 0.2595 0.2595 0.2595 0.267 0.267 0.268 0.268 0.268 0.268 0.268 0.264 0.264 0.2645 0.2645 0.258 0.258 0.258 0.2525 0.2525 0.2425 0.2425 0.2425
-1 -1 -1 -1 -1 -1 -1 -1 -1 -1 -1 -1 -1 -1 -1 -1 -1 -1 -1 -1 -1 -1 -1 -1 -1 -1 -1 -1 -1 -1 0.0206 0.0206 0.267 0.267 0.267 0.2465 0.2465 0.2425 0.2425 0.2285 0.2285 0.2285 0.235 0.235 0.241 0.241 0.2595 0.2595 0.2595 0.25 0.25 0.2505 0.2505 0.255 0.255 0.2595 0.2595 0.2595 0.267 0.267 0.268 0.268 0.268 0.268 0.268 0.264 0.264 0.2645 0.2645 0.258 0.258 0.258 0.2525 0.2525 0.2425 0.2425 0.2425
-1 -1 -1 -1 -1 -1 -1 -1 -1 -1 -1 -1 -1 -1 -1 -1 -1 -1 -1 -1 -1 -1 -1 -1 -1 -1 -1 -1 -1 -1 0.0206 0.0206 0.267 0.267 0.267 0.2465 0.2465 0.2425 0.2425 0.2285 0.2285 0.2285 0.235 0.235 0.241 0.241 0.2595 0.2595 0.2595 0.25 0.25 0.2505 0.2505 0.255 0.255 0.2595 0.2595 0.2595 0.267 0.267 0.268 0.268 0.268 0.268 0.268 0.264 0.264 0.2645 0.2645 0.258 0.258 0.258 0.2525 0.2525 0.2425 0.2425 0.2425
-1 -1 -1 -1 -1 -1 -1 -1 -1 -1 -1 -1 -1 -1 -1 -1 -1 -1 -1 -1 -1 -1 -1 -1 -1 -1 -1 -1 -1 -1 0.1116 0.1116 0.2705 0.2705 0.2705 0.2575 0.2575 0.237 0.237 0.23 0.23 0.23 0.237 0.237 0.2445 0.2445 0.259 0.259 0.259 0.256 0.256 0.252 0.252 0.2485 0.2485 0.263 0.263 0.263 0.265 0.265 0.268 0.268 0.268 0.268 0.268 0.2655 0.2655 0.265 0.265 0.256 0.256 0.256 0.2405 0.2405 0.2335 0.2335 0.242
-1 -1 -1 -1 -1 -1 -1 -1 -1 -1 -1 -1 -1 -1 -1 -1 -1 -1 -1 -1 -1 -1 -1 -1 -1 -1 -1 -1 -1 -1 0.1116 0.1116 0.2705 0.2705 0.2705 0.2575 0.2575 0.237 0.237 0.23 0.23 0.23 0.237 0.237 0.2445 0.2445 0.259 0.259 0.259 0.256 0.256 0.252 0.252 0.2485 0.2485 0.263 0.263 0.263 0.265 0.265 0.268 0.268 0.268 0.268 0.268 0.2655 0.2655 0.265 0.265 0.256 0.256 0.256 0.2405 0.2405 0.2335 0.2335 0.242
-1 -1 -1 -1 -1 -1 -1 -1 -1 -1 -1 -1 -1 -1 -1 -1 -1 -1 -1 -1 -1 -1 -1 -1 -1 -1 -1 -1 0.0327 0.0327 0.2665 0.2665 0.279 0.279 0.279 0.264 0.264 0.2485 0.2485 0.241 0.241 0.241 0.244 0.244 0.252 0.252 0.247 0.247 0.247 0.243 0.243 0.249 0.249 0.257 0.257 0.26 0.26 0.26 0.257 0.257 0.264 0.264 0.264 0.264 0.264 0.267 0.267 0.249 0.249 0.2505 0.2505 0.2505 0.2305 0.2305 0.2255 0.2255 0.24
-1 -1 -1 -1 -1 -1 -1 -1 -1 -1 -1 -1 -1 -1 -1 -1 -1 -1 -1 -1 -1 -1 -1 -1 -1 -1 -1 -1 0.0327 0.0327 0.2665 0.2665 0.279 0.279 0.279 0.264 0.264 0.2485 0.2485 0.241 0.241 0.241 0.244 0.244 0.252 0.252 0.247 0.247 0.247 0.243 0.243 0.249 0.249 0.257 0.257 0.26 0.26 0.26 0.257 0.257 0.264 0.264 0.264 0.264 0.264 0.267 0.267 0.249 0.249 0.2505 0.2505 0.2505 0.2305 0.2305 0.2255 0.2255 0.24
-1 -1 -1 -1 -1 -1 -1 -1 -1 -1 -1 -1 -1 -1 -1 -1 -1 -1 -1 -1 -1 -1 -1 -1 -1 0.0297 0.0297 0.0297 0.1565 0.1565 0.292 0.292 0.2785 0.2785 0.2785 0.2515 0.2515 0.2415 0.2415 0.259 0.259 0.259 0.2545 0.2545 0.2505 0.2505 0.2405 0.2405 0.2405 0.249 0.249 0.2585 0.2585 0.263 0.263 0.2645 0.2645 0.2645 0.27 0.27 0.269 0.269 0.269 0.269 0.269 0.2635 0.2635 0.2625 0.2625 0.2395 0.2395 0.2395 0.225 0.225 0.23 0.23 0.225
