ndvi/NOAA-81.asc
ncols         252
nrows         154
xllcorner     -18.017974
yllcorner     13.481982
cellsize      0.035948
NODATA_value  -9999
[rows 34 to 67 of 154, columns 154 to 230 of 252]
0.136 0.1535 0.1535 0.1585 0.1585 0.1585 0.2115 0.2115 0.1565 0.1565 0.125 0.125 0.13 0.13 0.13 0.138 0.138 0.1305 0.1305 0.1375 0.1375 0.1375 0.1275 0.1275 0.134 0.134 0.1335 0.1335 0.1335 0.1365 0.1365 0.137 0.137 0.137 0.137 0.137 0.1365 0.1365 0.1385 0.1385 0.1355 0.1355 0.1355 0.1245 0.1245 0.1245 0.1245 0.1385 0.1385 0.143 0.143 0.143 0.1415 0.1415 0.14 0.14 0.127 0.127 0.127 0.1175 0.1175 0.1135 0.1135 0.1175 0.1175 0.1175 0.1175 0.1175 0.111 0.111 0.1105 0.1105 0.1105 0.104 0.104 0.1 0.1
0.136 0.1535 0.1535 0.1585 0.1585 0.1585 0.2115 0.2115 0.1565 0.1565 0.125 0.125 0.13 0.13 0.13 0.138 0.138 0.1305 0.1305 0.1375 0.1375 0.1375 0.1275 0.1275 0.134 0.134 0.1335 0.1335 0.1335 0.1365 0.1365 0.137 0.137 0.137 0.137 0.137 0.1365 0.1365 0.1385 0.1385 0.1355 0.1355 0.1355 0.1245 0.1245 0.1245 0.1245 0.1385 0.1385 0.143 0.143 0.143 0.1415 0.1415 0.14 0.14 0.127 0.127 0.127 0.1175 0.1175 0.1135 0.1135 0.1175 0.1175 0.1175 0.1175 0.1175 0.111 0.111 0.1105 0.1105 0.1105 0.104 0.104 0.1 0.1
0.136 0.1535 0.1535 0.1585 0.1585 0.1585 0.2115 0.2115 0.1565 0.1565 0.125 0.125 0.13 0.13 0.13 0.138 0.138 0.1305 0.1305 0.1375 0.1375 0.1375 0.1275 0.1275 0.134 0.134 0.1335 0.1335 0.1335 0.1365 0.1365 0.137 0.137 0.137 0.137 0.137 0.1365 0.1365 0.1385 0.1385 0.1355 0.1355 0.1355 0.1245 0.1245 0.1245 0.1245 0.1385 0.1385 0.143 0.143 0.143 0.1415 0.1415 0.14 0.14 0.127 0.127 0.127 0.1175 0.1175 0.1135 0.1135 0.1175 0.1175 0.1175 0.1175 0.1175 0.111 0.111 0.1105 0.1105 0.1105 0.104 0.104 0.1 0.1
0.135 0.157 0.157 0.1865 0.1865 0.1865 0.1825 0.1825 0.164 0.164 0.137 0.137 0.14 0.14 0.14 0.132 0.132 0.1365 0.1365 0.128 0.128 0.128 0.125 0.125 0.136 0.136 0.149 0.149 0.149 0.1505 0.1505 0.144 0.144 0.143 0.143 0.143 0.141 0.141 0.145 0.145 0.1335 0.1335 0.1335 0.1315 0.1315 0.127 0.127 0.1465 0.1465 0.142 0.142 0.142 0.131 0.131 0.1345 0.1345 0.1395 0.1395 0.1395 0.1315 0.1315 0.1235 0.1235 0.1205 0.1205 0.1205 0.118 0.118 0.1155 0.1155 0.1205 0.1205 0.1205 0.117 0.117 0.117 0.117
0.135 0.157 0.157 0.1865 0.1865 0.1865 0.1825 0.1825 0.164 0.164 0.137 0.137 0.14 0.14 0.14 0.132 0.132 0.1365 0.1365 0.128 0.128 0.128 0.125 0.125 0.136 0.136 0.149 0.149 0.149 0.1505 0.1505 0.144 0.144 0.143 0.143 0.143 0.141 0.141 0.145 0.145 0.1335 0.1335 0.1335 0.1315 0.1315 0.127 0.127 0.1465 0.1465 0.142 0.142 0.142 0.131 0.131 0.1345 0.1345 0.1395 0.1395 0.1395 0.1315 0.1315 0.1235 0.1235 0.1205 0.1205 0.1205 0.118 0.118 0.1155 0.1155 0.1205 0.1205 0.1205 0.117 0.117 0.117 0.117
0.14 0.163 0.163 0.139 0.139 0.139 0.133 0.133 0.137 0.137 0.135 0.135 0.138 0.138 0.138 0.1385 0.1385 0.139 0.139 0.124 0.124 0.124 0.136 0.136 0.163 0.163 0.1495 0.1495 0.1495 0.16 0.16 0.1575 0.1575 0.151 0.151 0.151 0.1465 0.1465 0.141 0.141 0.1315 0.1315 0.1315 0.128 0.128 0.144 0.144 0.144 0.144 0.1445 0.1445 0.1445 0.1425 0.1425 0.14 0.14 0.145 0.145 0.145 0.1395 0.1395 0.138 0.138 0.1225 0.1225 0.1225 0.1165 0.1165 0.12 0.12 0.134 0.134 0.134 0.125 0.125 0.121 0.121
0.14 0.163 0.163 0.139 0.139 0.139 0.133 0.133 0.137 0.137 0.135 0.135 0.138 0.138 0.138 0.1385 0.1385 0.139 0.139 0.124 0.124 0.124 0.136 0.136 0.163 0.163 0.1495 0.1495 0.1495 0.16 0.16 0.1575 0.1575 0.151 0.151 0.151 0.1465 0.1465 0.141 0.141 0.1315 0.1315 0.1315 0.128 0.128 0.144 0.144 0.144 0.144 0.1445 0.1445 0.1445 0.1425 0.1425 0.14 0.14 0.145 0.145 0.145 0.1395 0.1395 0.138 0.138 0.1225 0.1225 0.1225 0.1165 0.1165 0.12 0.12 0.134 0.134 0.134 0.125 0.125 0.121 0.121
0.132 0.136 0.136 0.126 0.126 0.126 0.1225 0.1225 0.1395 0.1395 0.154 0.154 0.1455 0.1455 0.1455 0.14 0.14 0.1615 0.1615 0.1705 0.1705 0.1705 0.16 0.16 0.16 0.16 0.1645 0.1645 0.1645 0.176 0.176 0.176 0.176 0.1645 0.1645 0.1645 0.1705 0.1705 0.1645 0.1645 0.1515 0.1515 0.1515 0.1475 0.1475 0.147 0.147 0.1455 0.1455 0.152 0.152 0.152 0.152 0.152 0.1485 0.1485 0.1575 0.1575 0.1575 0.154 0.154 0.158 0.158 0.157 0.157 0.157 0.142 0.142 0.1335 0.1335 0.1385 0.1385 0.1385 0.139 0.139 0.1245 0.1245
0.132 0.136 0.136 0.126 0.126 0.126 0.1225 0.1225 0.1395 0.1395 0.154 0.154 0.1455 0.1455 0.1455 0.14 0.14 0.1615 0.1615 0.1705 0.1705 0.1705 0.16 0.16 0.16 0.16 0.1645 0.1645 0.1645 0.176 0.176 0.176 0.176 0.1645 0.1645 0.1645 0.1705 0.1705 0.1645 0.1645 0.1515 0.1515 0.1515 0.1475 0.1475 0.147 0.147 0.1455 0.1455 0.152 0.152 0.152 0.152 0.152 0.1485 0.1485 0.1575 0.1575 0.1575 0.154 0.154 0.158 0.158 0.157 0.157 0.157 0.142 0.142 0.1335 0.1335 0.1385 0.1385 0.1385 0.139 0.139 0.1245 0.1245
0.132 0.136 0.136 0.126 0.126 0.126 0.1225 0.1225 0.1395 0.1395 0.154 0.154 0.1455 0.1455 0.1455 0.14 0.14 0.1615 0.1615 0.1705 0.1705 0.1705 0.16 0.16 0.16 0.16 0.1645 0.1645 0.1645 0.176 0.176 0.176 0.176 0.1645 0.1645 0.1645 0.1705 0.1705 0.1645 0.1645 0.1515 0.1515 0.1515 0.1475 0.1475 0.147 0.147 0.1455 0.1455 0.152 0.152 0.152 0.152 0.152 0.1485 0.1485 0.1575 0.1575 0.1575 0.154 0.154 0.158 0.158 0.157 0.157 0.157 0.142 0.142 0.1335 0.1335 0.1385 0.1385 0.1385 0.139 0.139 0.1245 0.1245
0.1395 0.1655 0.1655 0.1605 0.1605 0.1605 0.153 0.153 0.208 0.208 0.187 0.187 0.182 0.182 0.182 0.187 0.187 0.224 0.224 0.215 0.215 0.215 0.194 0.194 0.1565 0.1565 0.1675 0.1675 0.1675 0.196 0.196 0.205 0.205 0.1935 0.1935 0.1935 0.193 0.193 0.158 0.158 0.175 0.175 0.175 0.156 0.156 0.164 0.164 0.1805 0.1805 0.1745 0.1745 0.1745 0.1575 0.1575 0.147 0.147 0.154 0.154 0.154 0.1795 0.1795 0.177 0.177 0.1735 0.1735 0.1735 0.159 0.159 0.1485 0.1485 0.149 0.149 0.149 0.152 0.152 0.138 0.138
0.1395 0.1655 0.1655 0.1605 0.1605 0.1605 0.153 0.153 0.208 0.208 0.187 0.187 0.182 0.182 0.182 0.187 0.187 0.224 0.224 0.215 0.215 0.215 0.194 0.194 0.1565 0.1565 0.1675 0.1675 0.1675 0.196 0.196 0.205 0.205 0.1935 0.1935 0.1935 0.193 0.193 0.158 0.158 0.175 0.175 0.175 0.156 0.156 0.164 0.164 0.1805 0.1805 0.1745 0.1745 0.1745 0.1575 0.1575 0.147 0.147 0.154 0.154 0.154 0.1795 0.1795 0.177 0.177 0.1735 0.1735 0.1735 0.159 0.159 0.1485 0.1485 0.149 0.149 0.149 0.152 0.152 0.138 0.138
0.1825 0.2225 0.2225 0.2405 0.2405 0.2405 0.2255 0.2255 0.2435 0.2435 0.2755 0.2755 0.301 0.301 0.301 0.2365 0.2365 0.2525 0.2525 0.2395 0.2395 0.2395 0.201 0.201 0.184 0.184 0.198 0.198 0.198 0.2115 0.2115 0.255 0.255 0.2325 0.2325 0.2325 0.2565 0.2565 0.2265 0.2265 0.1975 0.1975 0.1975 0.207 0.207 0.1895 0.1895 0.1885 0.1885 0.188 0.188 0.188 0.18 0.18 0.1965 0.1965 0.2115 0.2115 0.2115 0.2065 0.2065 0.2035 0.2035 0.186 0.186 0.186 0.172 0.172 0.155 0.155 0.161 0.161 0.161 0.1595 0.1595 0.1465 0.1465
0.1825 0.2225 0.2225 0.2405 0.2405 0.2405 0.2255 0.2255 0.2435 0.2435 0.2755 0.2755 0.301 0.301 0.301 0.2365 0.2365 0.2525 0.2525 0.2395 0.2395 0.2395 0.201 0.201 0.184 0.184 0.198 0.198 0.198 0.2115 0.2115 0.255 0.255 0.2325 0.2325 0.2325 0.2565 0.2565 0.2265 0.2265 0.1975 0.1975 0.1975 0.207 0.207 0.1895 0.1895 0.1885 0.1885 0.188 0.188 0.188 0.18 0.18 0.1965 0.1965 0.2115 0.2115 0.2115 0.2065 0.2065 0.2035 0.2035 0.186 0.186 0.186 0.172 0.172 0.155 0.155 0.161 0.161 0.161 0.1595 0.1595 0.1465 0.1465
0.196 0.236 0.236 0.2725 0.2725 0.2725 0.2615 0.2615 0.3075 0.3075 0.299 0.299 0.2615 0.2615 0.2615 0.2695 0.2695 0.247 0.247 0.235 0.235 0.235 0.239 0.239 0.243 0.243 0.274 0.274 0.274 0.274 0.274 0.293 0.293 0.2765 0.2765 0.2765 0.3005 0.3005 0.2575 0.2575 0.2235 0.2235 0.2235 0.2395 0.2395 0.241 0.241 0.1875 0.1875 0.192 0.192 0.192 0.1925 0.1925 0.2065 0.2065 0.2465 0.2465 0.2465 0.228 0.228 0.2265 0.2265 0.2185 0.2185 0.2185 0.178 0.178 0.148 0.148 0.148 0.148 0.148 0.164 0.164 0.1535 0.1535
0.196 0.236 0.236 0.2725 0.2725 0.2725 0.2615 0.2615 0.3075 0.3075 0.299 0.299 0.2615 0.2615 0.2615 0.2695 0.2695 0.247 0.247 0.235 0.235 0.235 0.239 0.239 0.243 0.243 0.274 0.274 0.274 0.274 0.274 0.293 0.293 0.2765 0.2765 0.2765 0.3005 0.3005 0.2575 0.2575 0.2235 0.2235 0.2235 0.2395 0.2395 0.241 0.241 0.1875 0.1875 0.192 0.192 0.192 0.1925 0.1925 0.2065 0.2065 0.2465 0.2465 0.2465 0.228 0.228 0.2265 0.2265 0.2185 0.2185 0.2185 0.178 0.178 0.148 0.148 0.148 0.148 0.148 0.164 0.164 0.1535 0.1535
0.196 0.236 0.236 0.2725 0.2725 0.2725 0.2615 0.2615 0.3075 0.3075 0.299 0.299 0.2615 0.2615 0.2615 0.2695 0.2695 0.247 0.247 0.235 0.235 0.235 0.239 0.239 0.243 0.243 0.274 0.274 0.274 0.274 0.274 0.293 0.293 0.2765 0.2765 0.2765 0.3005 0.3005 0.2575 0.2575 0.2235 0.2235 0.2235 0.2395 0.2395 0.241 0.241 0.1875 0.1875 0.192 0.192 0.192 0.1925 0.1925 0.2065 0.2065 0.2465 0.2465 0.2465 0.228 0.228 0.2265 0.2265 0.2185 0.2185 0.2185 0.178 0.178 0.148 0.148 0.148 0.148 0.148 0.164 0.164 0.1535 0.1535
0.245 0.2145 0.2145 0.2465 0.2465 0.2465 0.304 0.304 0.323 0.323 0.3155 0.3155 0.242 0.242 0.242 0.324 0.324 0.29 0.29 0.2695 0.2695 0.2695 0.272 0.272 0.289 0.289 0.3015 0.3015 0.3015 0.3255 0.3255 0.288 0.288 0.2675 0.2675 0.2675 0.2235 0.2235 0.2435 0.2435 0.2285 0.2285 0.2285 0.234 0.234 0.214 0.214 0.1935 0.1935 0.161 0.161 0.161 0.1915 0.1915 0.231 0.231 0.24 0.24 0.24 0.2415 0.2415 0.224 0.224 0.2005 0.2005 0.2005 0.171 0.171 0.1535 0.1535 0.1595 0.1595 0.1595 0.165 0.165 0.1535 0.1535
0.245 0.2145 0.2145 0.2465 0.2465 0.2465 0.304 0.304 0.323 0.323 0.3155 0.3155 0.242 0.242 0.242 0.324 0.324 0.29 0.29 0.2695 0.2695 0.2695 0.272 0.272 0.289 0.289 0.3015 0.3015 0.3015 0.3255 0.3255 0.288 0.288 0.2675 0.2675 0.2675 0.2235 0.2235 0.2435 0.2435 0.2285 0.2285 0.2285 0.234 0.234 0.214 0.214 0.1935 0.1935 0.161 0.161 0.161 0.1915 0.1915 0.231 0.231 0.24 0.24 0.24 0.2415 0.2415 0.224 0.224 0.2005 0.2005 0.2005 0.171 0.171 0.1535 0.1535 0.1595 0.1595 0.1595 0.165 0.165 0.1535 0.1535
0.188 0.2425 0.2425 0.273 0.273 0.273 0.296 0.296 0.309 0.309 0.3315 0.3315 0.327 0.327 0.327 0.276 0.276 0.296 0.296 0.261 0.261 0.261 0.293 0.293 0.349 0.349 0.3605 0.3605 0.3605 0.3335 0.3335 0.314 0.314 0.325 0.325 0.325 0.3315 0.3315 0.2475 0.2475 0.2255 0.2255 0.2255 0.203 0.203 0.208 0.208 0.218 0.218 0.2005 0.2005 0.2005 0.209 0.209 0.2665 0.2665 0.224 0.224 0.224 0.238 0.238 0.2205 0.2205 0.236 0.236 0.236 0.1995 0.1995 0.2155 0.2155 0.218 0.218 0.218 0.2095 0.2095 0.2115 0.2115
0.188 0.2425 0.2425 0.273 0.273 0.273 0.296 0.296 0.309 0.309 0.3315 0.3315 0.327 0.327 0.327 0.276 0.276 0.296 0.296 0.261 0.261 0.261 0.293 0.293 0.349 0.349 0.3605 0.3605 0.3605 0.3335 0.3335 0.314 0.314 0.325 0.325 0.325 0.3315 0.3315 0.2475 0.2475 0.2255 0.2255 0.2255 0.203 0.203 0.208 0.208 0.218 0.218 0.2005 0.2005 0.2005 0.209 0.209 0.2665 0.2665 0.224 0.224 0.224 0.238 0.238 0.2205 0.2205 0.236 0.236 0.236 0.1995 0.1995 0.2155 0.2155 0.218 0.218 0.218 0.2095 0.2095 0.2115 0.2115
0.172 0.24 0.24 0.2635 0.2635 0.2635 0.321 0.321 0.3315 0.3315 0.3255 0.3255 0.31 0.31 0.31 0.3115 0.3115 0.3035 0.3035 0.356 0.356 0.356 0.3665 0.3665 0.368 0.368 0.2965 0.2965 0.2965 0.272 0.272 0.2915 0.2915 0.337 0.337 0.337 0.3375 0.3375 0.272 0.272 0.229 0.229 0.229 0.2495 0.2495 0.23 0.23 0.225 0.225 0.218 0.218 0.218 0.215 0.215 0.2145 0.2145 0.251 0.251 0.251 0.2375 0.2375 0.2465 0.2465 0.251 0.251 0.251 0.2355 0.2355 0.2275 0.2275 0.2195 0.2195 0.2195 0.2295 0.2295 0.211 0.211
0.172 0.24 0.24 0.2635 0.2635 0.2635 0.321 0.321 0.3315 0.3315 0.3255 0.3255 0.31 0.31 0.31 0.3115 0.3115 0.3035 0.3035 0.356 0.356 0.356 0.3665 0.3665 0.368 0.368 0.2965 0.2965 0.2965 0.272 0.272 0.2915 0.2915 0.337 0.337 0.337 0.3375 0.3375 0.272 0.272 0.229 0.229 0.229 0.2495 0.2495 0.23 0.23 0.225 0.225 0.218 0.218 0.218 0.215 0.215 0.2145 0.2145 0.251 0.251 0.251 0.2375 0.2375 0.2465 0.2465 0.251 0.251 0.251 0.2355 0.2355 0.2275 0.2275 0.2195 0.2195 0.2195 0.2295 0.2295 0.211 0.211
0.1515 0.1895 0.1895 0.244 0.244 0.244 0.307 0.307 0.26 0.26 0.2725 0.2725 0.296 0.296 0.296 0.294 0.294 0.3385 0.3385 0.3315 0.3315 0.3315 0.396 0.396 0.371 0.371 0.336 0.336 0.336 0.309 0.309 0.355 0.355 0.329 0.329 0.329 0.344 0.344 0.258 0.258 0.2355 0.2355 0.2355 0.235 0.235 0.2325 0.2325 0.2155 0.2155 0.2495 0.2495 0.2495 0.2455 0.2455 0.2515 0.2515 0.226 0.226 0.226 0.2365 0.2365 0.278 0.278 0.27 0.27 0.27 0.2455 0.2455 0.224 0.224 0.219 0.219 0.219 0.2185 0.2185 0.2195 0.2195
0.1515 0.1895 0.1895 0.244 0.244 0.244 0.307 0.307 0.26 0.26 0.2725 0.2725 0.296 0.296 0.296 0.294 0.294 0.3385 0.3385 0.3315 0.3315 0.3315 0.396 0.396 0.371 0.371 0.336 0.336 0.336 0.309 0.309 0.355 0.355 0.329 0.329 0.329 0.344 0.344 0.258 0.258 0.2355 0.2355 0.2355 0.235 0.235 0.2325 0.2325 0.2155 0.2155 0.2495 0.2495 0.2495 0.2455 0.2455 0.2515 0.2515 0.226 0.226 0.226 0.2365 0.2365 0.278 0.278 0.27 0.27 0.27 0.2455 0.2455 0.224 0.224 0.219 0.219 0.219 0.2185 0.2185 0.2195 0.2195
0.1515 0.1895 0.1895 0.244 0.244 0.244 0.307 0.307 0.26 0.26 0.2725 0.2725 0.296 0.296 0.296 0.294 0.294 0.3385 0.3385 0.3315 0.3315 0.3315 0.396 0.396 0.371 0.371 0.336 0.336 0.336 0.309 0.309 0.355 0.355 0.329 0.329 0.329 0.344 0.344 0.258 0.258 0.2355 0.2355 0.2355 0.235 0.235 0.2325 0.2325 0.2155 0.2155 0.2495 0.2495 0.2495 0.2455 0.2455 0.2515 0.2515 0.226 0.226 0.226 0.2365 0.2365 0.278 0.278 0.27 0.27 0.27 0.2455 0.2455 0.224 0.224 0.219 0.219 0.219 0.2185 0.2185 0.2195 0.2195
0.1575 0.212 0.212 0.2 0.2 0.2 0.235 0.235 0.236 0.236 0.2715 0.2715 0.3035 0.3035 0.3035 0.302 0.302 0.3335 0.3335 0.3575 0.3575 0.3575 0.412 0.412 0.357 0.357 0.368 0.368 0.368 0.3735 0.3735 0.362 0.362 0.3375 0.3375 0.3375 0.3905 0.3905 0.3155 0.3155 0.3155 0.3155 0.3155 0.2635 0.2635 0.246 0.246 0.2455 0.2455 0.2375 0.2375 0.2375 0.2325 0.2325 0.247 0.247 0.222 0.222 0.222 0.2755 0.2755 0.2665 0.2665 0.2725 0.2725 0.2725 0.3025 0.3025 0.278 0.278 0.2415 0.2415 0.2415 0.1925 0.1925 0.2185 0.2185
0.1575 0.212 0.212 0.2 0.2 0.2 0.235 0.235 0.236 0.236 0.2715 0.2715 0.3035 0.3035 0.3035 0.302 0.302 0.3335 0.3335 0.3575 0.3575 0.3575 0.412 0.412 0.357 0.357 0.368 0.368 0.368 0.3735 0.3735 0.362 0.362 0.3375 0.3375 0.3375 0.3905 0.3905 0.3155 0.3155 0.3155 0.3155 0.3155 0.2635 0.2635 0.246 0.246 0.2455 0.2455 0.2375 0.2375 0.2375 0.2325 0.2325 0.247 0.247 0.222 0.222 0.222 0.2755 0.2755 0.2665 0.2665 0.2725 0.2725 0.2725 0.3025 0.3025 0.278 0.278 0.2415 0.2415 0.2415 0.1925 0.1925 0.2185 0.2185
0.198 0.211 0.211 0.206 0.206 0.206 0.247 0.247 0.236 0.236 0.2525 0.2525 0.2975 0.2975 0.2975 0.354 0.354 0.38 0.38 0.397 0.397 0.397 0.3815 0.3815 0.343 0.343 0.3305 0.3305 0.3305 0.3275 0.3275 0.344 0.344 0.347 0.347 0.347 0.393 0.393 0.3325 0.3325 0.334 0.334 0.334 0.3065 0.3065 0.2415 0.2415 0.28 0.28 0.2435 0.2435 0.2435 0.284 0.284 0.2365 0.2365 0.234 0.234 0.234 0.2875 0.2875 0.28 0.28 0.2905 0.2905 0.2905 0.2905 0.2905 0.2645 0.2645 0.2635 0.2635 0.2635 0.212 0.212 0.2495 0.2495
0.198 0.211 0.211 0.206 0.206 0.206 0.247 0.247 0.236 0.236 0.2525 0.2525 0.2975 0.2975 0.2975 0.354 0.354 0.38 0.38 0.397 0.397 0.397 0.3815 0.3815 0.343 0.343 0.3305 0.3305 0.3305 0.3275 0.3275 0.344 0.344 0.347 0.347 0.347 0.393 0.393 0.3325 0.3325 0.334 0.334 0.334 0.3065 0.3065 0.2415 0.2415 0.28 0.28 0.2435 0.2435 0.2435 0.284 0.284 0.2365 0.2365 0.234 0.234 0.234 0.2875 0.2875 0.28 0.28 0.2905 0.2905 0.2905 0.2905 0.2905 0.2645 0.2645 0.2635 0.2635 0.2635 0.212 0.212 0.2495 0.2495
0.203 0.217 0.217 0.233 0.233 0.233 0.1905 0.1905 0.219 0.219 0.2545 0.2545 0.29 0.29 0.29 0.3155 0.3155 0.382 0.382 0.3895 0.3895 0.3895 0.403 0.403 0.422 0.422 0.467 0.467 0.467 0.3685 0.3685 0.358 0.358 0.378 0.378 0.378 0.367 0.367 0.359 0.359 0.354 0.354 0.354 0.294 0.294 0.2575 0.2575 0.295 0.295 0.3195 0.3195 0.3195 0.3015 0.3015 0.288 0.288 0.2945 0.2945 0.2945 0.308 0.308 0.3275 0.3275 0.353 0.353 0.353 0.336 0.336 0.297 0.297 0.2325 0.2325 0.2325 0.235 0.235 0.264 0.264
0.203 0.217 0.217 0.233 0.233 0.233 0.1905 0.1905 0.219 0.219 0.2545 0.2545 0.29 0.29 0.29 0.3155 0.3155 0.382 0.382 0.3895 0.3895 0.3895 0.403 0.403 0.422 0.422 0.467 0.467 0.467 0.3685 0.3685 0.358 0.358 0.378 0.378 0.378 0.367 0.367 0.359 0.359 0.354 0.354 0.354 0.294 0.294 0.2575 0.2575 0.295 0.295 0.3195 0.3195 0.3195 0.3015 0.3015 0.288 0.288 0.2945 0.2945 0.2945 0.308 0.308 0.3275 0.3275 0.353 0.353 0.353 0.336 0.336 0.297 0.297 0.2325 0.2325 0.2325 0.235 0.235 0.264 0.264
0.203 0.217 0.217 0.233 0.233 0.233 0.1905 0.1905 0.219 0.219 0.2545 0.2545 0.29 0.29 0.29 0.3155 0.3155 0.382 0.382 0.3895 0.3895 0.3895 0.403 0.403 0.422 0.422 0.467 0.467 0.467 0.3685 0.3685 0.358 0.358 0.378 0.378 0.378 0.367 0.367 0.359 0.359 0.354 0.354 0.354 0.294 0.294 0.2575 0.2575 0.295 0.295 0.3195 0.3195 0.3195 0.3015 0.3015 0.288 0.288 0.2945 0.2945 0.2945 0.308 0.308 0.3275 0.3275 0.353 0.353 0.353 0.336 0.336 0.297 0.297 0.2325 0.2325 0.2325 0.235 0.235 0.264 0.264
0.163 0.1995 0.1995 0.1965 0.1965 0.1965 0.188 0.188 0.237 0.237 0.2725 0.2725 0.305 0.305 0.305 0.335 0.335 0.3715 0.3715 0.4035 0.4035 0.4035 0.48 0.48 0.416 0.416 0.3655 0.3655 0.3655 0.4195 0.4195 0.4385 0.4385 0.4675 0.4675 0.4675 0.3805 0.3805 0.3825 0.3825 0.362 0.362 0.362 0.407 0.407 0.3405 0.3405 0.29 0.29 0.343 0.343 0.343 0.3845 0.3845 0.3795 0.3795 0.327 0.327 0.327 0.317 0.317 0.366 0.366 0.3095 0.3095 0.3095 0.268 0.268 0.252 0.252 0.321 0.321 0.321 0.3685 0.3685 0.3295 0.3295
