ndvi/NOAA-384.asc
ncols         252
nrows         154
xllcorner     -18.017974
yllcorner     13.481982
cellsize      0.035948
NODATA_value  -9999
[rows 102 to 135 of 154, columns 0 to 76 of 252]
-1 -1 -1 -1 -1 -1 -1 -1 -1 -1 -1 -1 -1 -1 -1 -1 -1 -1 -1 -1 -1 -1 -1 -1 -1 0.0249 0.0249 0.0249 0.197 0.197 0.3 0.3 0.285 0.285 0.285 0.2745 0.2745 0.2575 0.2575 0.2525 0.2525 0.2525 0.247 0.247 0.216 0.216 0.2305 0.2305 0.2305 0.2545 0.2545 0.2505 0.2505 0.257 0.257 0.291 0.291 0.291 0.262 0.262 0.2735 0.2735 0.2735 0.2735 0.2735 0.282 0.282 0.3065 0.3065 0.286 0.286 0.286 0.265 0.265 0.2845 0.2845 0.222
-1 -1 -1 -1 -1 -1 -1 -1 -1 -1 -1 -1 -1 -1 -1 -1 -1 -1 -1 -1 -1 -1 -1 0.025 0.025 0.2235 0.2235 0.2235 0.347 0.347 0.281 0.281 0.2695 0.2695 0.2695 0.273 0.273 0.2695 0.2695 0.2665 0.2665 0.2665 0.254 0.254 0.232 0.232 0.2555 0.2555 0.2555 0.2785 0.2785 0.2645 0.2645 0.263 0.263 0.279 0.279 0.279 0.2685 0.2685 0.2695 0.2695 0.2695 0.2695 0.2695 0.268 0.268 0.2835 0.2835 0.2885 0.2885 0.2885 0.2765 0.2765 0.277 0.277 0.271
-1 -1 -1 -1 -1 -1 -1 -1 -1 -1 -1 -1 -1 -1 -1 -1 -1 -1 -1 -1 -1 -1 -1 0.025 0.025 0.2235 0.2235 0.2235 0.347 0.347 0.281 0.281 0.2695 0.2695 0.2695 0.273 0.273 0.2695 0.2695 0.2665 0.2665 0.2665 0.254 0.254 0.232 0.232 0.2555 0.2555 0.2555 0.2785 0.2785 0.2645 0.2645 0.263 0.263 0.279 0.279 0.279 0.2685 0.2685 0.2695 0.2695 0.2695 0.2695 0.2695 0.268 0.268 0.2835 0.2835 0.2885 0.2885 0.2885 0.2765 0.2765 0.277 0.277 0.271
-1 -1 -1 -1 -1 -1 -1 -1 -1 -1 -1 -1 -1 -1 -1 -1 -1 -1 -1 -1 -1 -1 -1 0.025 0.025 0.2235 0.2235 0.2235 0.347 0.347 0.281 0.281 0.2695 0.2695 0.2695 0.273 0.273 0.2695 0.2695 0.2665 0.2665 0.2665 0.254 0.254 0.232 0.232 0.2555 0.2555 0.2555 0.2785 0.2785 0.2645 0.2645 0.263 0.263 0.279 0.279 0.279 0.2685 0.2685 0.2695 0.2695 0.2695 0.2695 0.2695 0.268 0.268 0.2835 0.2835 0.2885 0.2885 0.2885 0.2765 0.2765 0.277 0.277 0.271
-1 -1 -1 -1 -1 -1 -1 -1 -1 -1 -1 -1 -1 -1 -1 -1 -1 -1 -1 -1 -1 0.0335 0.0335 0.19 0.19 0.4025 0.4025 0.4025 0.365 0.365 0.3055 0.3055 0.287 0.287 0.287 0.2915 0.2915 0.2955 0.2955 0.298 0.298 0.298 0.2635 0.2635 0.265 0.265 0.268 0.268 0.268 0.271 0.271 0.2845 0.2845 0.2855 0.2855 0.31 0.31 0.31 0.2815 0.2815 0.274 0.274 0.274 0.274 0.274 0.2965 0.2965 0.3075 0.3075 0.3105 0.3105 0.3105 0.34 0.34 0.3355 0.3355 0.3315
-1 -1 -1 -1 -1 -1 -1 -1 -1 -1 -1 -1 -1 -1 -1 -1 -1 -1 -1 -1 -1 0.0335 0.0335 0.19 0.19 0.4025 0.4025 0.4025 0.365 0.365 0.3055 0.3055 0.287 0.287 0.287 0.2915 0.2915 0.2955 0.2955 0.298 0.298 0.298 0.2635 0.2635 0.265 0.265 0.268 0.268 0.268 0.271 0.271 0.2845 0.2845 0.2855 0.2855 0.31 0.31 0.31 0.2815 0.2815 0.274 0.274 0.274 0.274 0.274 0.2965 0.2965 0.3075 0.3075 0.3105 0.3105 0.3105 0.34 0.34 0.3355 0.3355 0.3315
-1 -1 -1 -1 -1 -1 -1 -1 -1 -1 -1 -1 -1 -1 -1 -1 -1 -1 -1 -1 -1 0.1725 0.1725 0.347 0.347 0.3895 0.3895 0.3895 0.3445 0.3445 0.3085 0.3085 0.2725 0.2725 0.2725 0.27 0.27 0.298 0.298 0.2995 0.2995 0.2995 0.2805 0.2805 0.2705 0.2705 0.274 0.274 0.274 0.29 0.29 0.307 0.307 0.286 0.286 0.295 0.295 0.295 0.2885 0.2885 0.2935 0.2935 0.2935 0.2935 0.2935 0.29 0.29 0.3115 0.3115 0.3445 0.3445 0.3445 0.3395 0.3395 0.3285 0.3285 0.3195
-1 -1 -1 -1 -1 -1 -1 -1 -1 -1 -1 -1 -1 -1 -1 -1 -1 -1 -1 -1 -1 0.1725 0.1725 0.347 0.347 0.3895 0.3895 0.3895 0.3445 0.3445 0.3085 0.3085 0.2725 0.2725 0.2725 0.27 0.27 0.298 0.298 0.2995 0.2995 0.2995 0.2805 0.2805 0.2705 0.2705 0.274 0.274 0.274 0.29 0.29 0.307 0.307 0.286 0.286 0.295 0.295 0.295 0.2885 0.2885 0.2935 0.2935 0.2935 0.2935 0.2935 0.29 0.29 0.3115 0.3115 0.3445 0.3445 0.3445 0.3395 0.3395 0.3285 0.3285 0.3195
-1 -1 -1 -1 -1 -1 -1 -1 -1 -1 -1 -1 -1 -1 -1 -1 -1 -1 0.17 0.17 0.17 0.39 0.39 0.396 0.396 0.4005 0.4005 0.4005 0.3635 0.3635 0.31 0.31 0.2685 0.2685 0.2685 0.2815 0.2815 0.283 0.283 0.287 0.287 0.287 0.299 0.299 0.2655 0.2655 0.2715 0.2715 0.2715 0.2965 0.2965 0.307 0.307 0.285 0.285 0.3115 0.3115 0.3115 0.2795 0.2795 0.268 0.268 0.268 0.268 0.268 0.274 0.274 0.2915 0.2915 0.322 0.322 0.322 0.3545 0.3545 0.3415 0.3415 0.293
-1 -1 -1 -1 -1 -1 -1 -1 -1 -1 -1 -1 -1 -1 -1 -1 -1 -1 0.17 0.17 0.17 0.39 0.39 0.396 0.396 0.4005 0.4005 0.4005 0.3635 0.3635 0.31 0.31 0.2685 0.2685 0.2685 0.2815 0.2815 0.283 0.283 0.287 0.287 0.287 0.299 0.299 0.2655 0.2655 0.2715 0.2715 0.2715 0.2965 0.2965 0.307 0.307 0.285 0.285 0.3115 0.3115 0.3115 0.2795 0.2795 0.268 0.268 0.268 0.268 0.268 0.274 0.274 0.2915 0.2915 0.322 0.322 0.322 0.3545 0.3545 0.3415 0.3415 0.293
-1 -1 -1 -1 -1 -1 -1 -1 -1 -1 -1 -1 -1 -1 -1 -1 -1 -1 0.17 0.17 0.17 0.39 0.39 0.396 0.396 0.4005 0.4005 0.4005 0.3635 0.3635 0.31 0.31 0.2685 0.2685 0.2685 0.2815 0.2815 0.283 0.283 0.287 0.287 0.287 0.299 0.299 0.2655 0.2655 0.2715 0.2715 0.2715 0.2965 0.2965 0.307 0.307 0.285 0.285 0.3115 0.3115 0.3115 0.2795 0.2795 0.268 0.268 0.268 0.268 0.268 0.274 0.274 0.2915 0.2915 0.322 0.322 0.322 0.3545 0.3545 0.3415 0.3415 0.293
-1 -1 -1 -1 -1 -1 -1 -1 -1 -1 -1 -1 -1 -1 -1 -1 0.1445 0.1445 0.411 0.411 0.411 0.37 0.37 0.3955 0.3955 0.361 0.361 0.361 0.329 0.329 0.312 0.312 0.3 0.3 0.3 0.285 0.285 0.2835 0.2835 0.2815 0.2815 0.2815 0.2775 0.2775 0.2815 0.2815 0.259 0.259 0.259 0.2685 0.2685 0.2735 0.2735 0.239 0.239 0.2565 0.2565 0.2565 0.266 0.266 0.2685 0.2685 0.2685 0.2685 0.2685 0.28 0.28 0.268 0.268 0.301 0.301 0.301 0.2875 0.2875 0.268 0.268 0.29
-1 -1 -1 -1 -1 -1 -1 -1 -1 -1 -1 -1 -1 -1 -1 -1 0.1445 0.1445 0.411 0.411 0.411 0.37 0.37 0.3955 0.3955 0.361 0.361 0.361 0.329 0.329 0.312 0.312 0.3 0.3 0.3 0.285 0.285 0.2835 0.2835 0.2815 0.2815 0.2815 0.2775 0.2775 0.2815 0.2815 0.259 0.259 0.259 0.2685 0.2685 0.2735 0.2735 0.239 0.239 0.2565 0.2565 0.2565 0.266 0.266 0.2685 0.2685 0.2685 0.2685 0.2685 0.28 0.28 0.268 0.268 0.301 0.301 0.301 0.2875 0.2875 0.268 0.268 0.29
-1 -1 -1 -1 -1 -1 -1 -1 -1 -1 -1 -1 0.125 0.125 0.1615 0.1615 0.1975 0.1975 0.3445 0.3445 0.3445 0.3705 0.3705 0.3745 0.3745 0.3575 0.3575 0.3575 0.3115 0.3115 0.307 0.307 0.299 0.299 0.299 0.313 0.313 0.3385 0.3385 0.338 0.338 0.338 0.319 0.319 0.3125 0.3125 0.2745 0.2745 0.2745 0.2635 0.2635 0.2575 0.2575 0.2605 0.2605 0.2605 0.2605 0.2605 0.264 0.264 0.2625 0.2625 0.2625 0.2625 0.2625 0.269 0.269 0.275 0.275 0.264 0.264 0.264 0.266 0.266 0.3055 0.3055 0.2935
-1 -1 -1 -1 -1 -1 -1 -1 -1 -1 -1 -1 0.125 0.125 0.1615 0.1615 0.1975 0.1975 0.3445 0.3445 0.3445 0.3705 0.3705 0.3745 0.3745 0.3575 0.3575 0.3575 0.3115 0.3115 0.307 0.307 0.299 0.299 0.299 0.313 0.313 0.3385 0.3385 0.338 0.338 0.338 0.319 0.319 0.3125 0.3125 0.2745 0.2745 0.2745 0.2635 0.2635 0.2575 0.2575 0.2605 0.2605 0.2605 0.2605 0.2605 0.264 0.264 0.2625 0.2625 0.2625 0.2625 0.2625 0.269 0.269 0.275 0.275 0.264 0.264 0.264 0.266 0.266 0.3055 0.3055 0.2935
-1 -1 -1 -1 -1 -1 -1 -1 -1 0.1485 0.1485 0.1485 0.0905 0.0905 0.1389 0.1389 0.1134 0.1134 0.083 0.083 0.083 0.352 0.352 0.335 0.335 0.4005 0.4005 0.4005 0.349 0.349 0.3315 0.3315 0.31 0.31 0.31 0.3145 0.3145 0.331 0.331 0.317 0.317 0.317 0.351 0.351 0.335 0.335 0.2865 0.2865 0.2865 0.2595 0.2595 0.2455 0.2455 0.2445 0.2445 0.2635 0.2635 0.2635 0.2685 0.2685 0.282 0.282 0.282 0.282 0.282 0.2995 0.2995 0.3065 0.3065 0.2895 0.2895 0.2895 0.2665 0.2665 0.2865 0.2865 0.2855
-1 -1 -1 -1 -1 -1 -1 -1 -1 0.1485 0.1485 0.1485 0.0905 0.0905 0.1389 0.1389 0.1134 0.1134 0.083 0.083 0.083 0.352 0.352 0.335 0.335 0.4005 0.4005 0.4005 0.349 0.349 0.3315 0.3315 0.31 0.31 0.31 0.3145 0.3145 0.331 0.331 0.317 0.317 0.317 0.351 0.351 0.335 0.335 0.2865 0.2865 0.2865 0.2595 0.2595 0.2455 0.2455 0.2445 0.2445 0.2635 0.2635 0.2635 0.2685 0.2685 0.282 0.282 0.282 0.282 0.282 0.2995 0.2995 0.3065 0.3065 0.2895 0.2895 0.2895 0.2665 0.2665 0.2865 0.2865 0.2855
-1 -1 -1 -1 -1 -1 -1 -1 -1 0.1485 0.1485 0.1485 0.0905 0.0905 0.1389 0.1389 0.1134 0.1134 0.083 0.083 0.083 0.352 0.352 0.335 0.335 0.4005 0.4005 0.4005 0.349 0.349 0.3315 0.3315 0.31 0.31 0.31 0.3145 0.3145 0.331 0.331 0.317 0.317 0.317 0.351 0.351 0.335 0.335 0.2865 0.2865 0.2865 0.2595 0.2595 0.2455 0.2455 0.2445 0.2445 0.2635 0.2635 0.2635 0.2685 0.2685 0.282 0.282 0.282 0.282 0.282 0.2995 0.2995 0.3065 0.3065 0.2895 0.2895 0.2895 0.2665 0.2665 0.2865 0.2865 0.2855
-1 -1 -1 -1 -1 -1 -1 -1 -1 -1 -1 -1 0.1189 0.1189 0.1664 0.1664 0.1774 0.1774 0.1425 0.1425 0.1425 0.32 0.32 0.347 0.347 0.394 0.394 0.394 0.3345 0.3345 0.3405 0.3405 0.335 0.335 0.335 0.3105 0.3105 0.3005 0.3005 0.316 0.316 0.316 0.3245 0.3245 0.307 0.307 0.3035 0.3035 0.3035 0.3015 0.3015 0.27 0.27 0.269 0.269 0.259 0.259 0.259 0.2625 0.2625 0.252 0.252 0.252 0.252 0.252 0.275 0.275 0.308 0.308 0.269 0.269 0.269 0.3005 0.3005 0.263 0.263 0.284
-1 -1 -1 -1 -1 -1 -1 -1 -1 -1 -1 -1 0.1189 0.1189 0.1664 0.1664 0.1774 0.1774 0.1425 0.1425 0.1425 0.32 0.32 0.347 0.347 0.394 0.394 0.394 0.3345 0.3345 0.3405 0.3405 0.335 0.335 0.335 0.3105 0.3105 0.3005 0.3005 0.316 0.316 0.316 0.3245 0.3245 0.307 0.307 0.3035 0.3035 0.3035 0.3015 0.3015 0.27 0.27 0.269 0.269 0.259 0.259 0.259 0.2625 0.2625 0.252 0.252 0.252 0.252 0.252 0.275 0.275 0.308 0.308 0.269 0.269 0.269 0.3005 0.3005 0.263 0.263 0.284
-1 -1 -1 -1 -1 -1 -1 -1 -1 -1 -1 -1 -1 -1 -1 -1 -1 -1 0.1699 0.1699 0.1699 0.229 0.229 0.323 0.323 0.313 0.313 0.313 0.3265 0.3265 0.3465 0.3465 0.3585 0.3585 0.3585 0.3165 0.3165 0.3225 0.3225 0.3165 0.3165 0.3165 0.3105 0.3105 0.304 0.304 0.2975 0.2975 0.2975 0.2875 0.2875 0.291 0.291 0.284 0.284 0.279 0.279 0.279 0.265 0.265 0.272 0.272 0.272 0.272 0.272 0.2895 0.2895 0.2695 0.2695 0.276 0.276 0.276 0.3025 0.3025 0.305 0.305 0.2765
-1 -1 -1 -1 -1 -1 -1 -1 -1 -1 -1 -1 -1 -1 -1 -1 -1 -1 0.1699 0.1699 0.1699 0.229 0.229 0.323 0.323 0.313 0.313 0.313 0.3265 0.3265 0.3465 0.3465 0.3585 0.3585 0.3585 0.3165 0.3165 0.3225 0.3225 0.3165 0.3165 0.3165 0.3105 0.3105 0.304 0.304 0.2975 0.2975 0.2975 0.2875 0.2875 0.291 0.291 0.284 0.284 0.279 0.279 0.279 0.265 0.265 0.272 0.272 0.272 0.272 0.272 0.2895 0.2895 0.2695 0.2695 0.276 0.276 0.276 0.3025 0.3025 0.305 0.305 0.2765
-1 -1 -1 -1 -1 -1 -1 -1 -1 -1 -1 -1 -1 -1 -1 -1 -1 -1 -1 -1 -1 0.156 0.156 0.175 0.175 0.3425 0.3425 0.3425 0.36 0.36 0.3835 0.3835 0.383 0.383 0.383 0.312 0.312 0.3015 0.3015 0.3005 0.3005 0.3005 0.2915 0.2915 0.307 0.307 0.3145 0.3145 0.3145 0.297 0.297 0.296 0.296 0.3065 0.3065 0.2875 0.2875 0.2875 0.29 0.29 0.2615 0.2615 0.2615 0.2615 0.2615 0.2615 0.2615 0.2815 0.2815 0.278 0.278 0.278 0.2755 0.2755 0.2895 0.2895 0.296
-1 -1 -1 -1 -1 -1 -1 -1 -1 -1 -1 -1 -1 -1 -1 -1 -1 -1 -1 -1 -1 0.156 0.156 0.175 0.175 0.3425 0.3425 0.3425 0.36 0.36 0.3835 0.3835 0.383 0.383 0.383 0.312 0.312 0.3015 0.3015 0.3005 0.3005 0.3005 0.2915 0.2915 0.307 0.307 0.3145 0.3145 0.3145 0.297 0.297 0.296 0.296 0.3065 0.3065 0.2875 0.2875 0.2875 0.29 0.29 0.2615 0.2615 0.2615 0.2615 0.2615 0.2615 0.2615 0.2815 0.2815 0.278 0.278 0.278 0.2755 0.2755 0.2895 0.2895 0.296
-1 -1 -1 -1 -1 -1 -1 -1 -1 -1 -1 -1 -1 -1 -1 -1 -1 -1 -1 -1 -1 0.1149 0.1149 0.3805 0.3805 0.3165 0.3165 0.3165 0.3745 0.3745 0.38 0.38 0.368 0.368 0.368 0.3475 0.3475 0.318 0.318 0.26 0.26 0.26 0.2675 0.2675 0.3035 0.3035 0.3 0.3 0.3 0.3025 0.3025 0.3065 0.3065 0.2955 0.2955 0.302 0.302 0.302 0.284 0.284 0.2855 0.2855 0.2855 0.2855 0.2855 0.265 0.265 0.2825 0.2825 0.2955 0.2955 0.2955 0.303 0.303 0.3075 0.3075 0.31
-1 -1 -1 -1 -1 -1 -1 -1 -1 -1 -1 -1 -1 -1 -1 -1 -1 -1 -1 -1 -1 0.1149 0.1149 0.3805 0.3805 0.3165 0.3165 0.3165 0.3745 0.3745 0.38 0.38 0.368 0.368 0.368 0.3475 0.3475 0.318 0.318 0.26 0.26 0.26 0.2675 0.2675 0.3035 0.3035 0.3 0.3 0.3 0.3025 0.3025 0.3065 0.3065 0.2955 0.2955 0.302 0.302 0.302 0.284 0.284 0.2855 0.2855 0.2855 0.2855 0.2855 0.265 0.265 0.2825 0.2825 0.2955 0.2955 0.2955 0.303 0.303 0.3075 0.3075 0.31
-1 -1 -1 -1 -1 -1 -1 -1 -1 -1 -1 -1 -1 -1 -1 -1 -1 -1 -1 -1 -1 0.1149 0.1149 0.3805 0.3805 0.3165 0.3165 0.3165 0.3745 0.3745 0.38 0.38 0.368 0.368 0.368 0.3475 0.3475 0.318 0.318 0.26 0.26 0.26 0.2675 0.2675 0.3035 0.3035 0.3 0.3 0.3 0.3025 0.3025 0.3065 0.3065 0.2955 0.2955 0.302 0.302 0.302 0.284 0.284 0.2855 0.2855 0.2855 0.2855 0.2855 0.265 0.265 0.2825 0.2825 0.2955 0.2955 0.2955 0.303 0.303 0.3075 0.3075 0.31
-1 -1 -1 -1 -1 -1 -1 -1 -1 -1 -1 -1 -1 -1 -1 -1 -1 -1 -1 -1 -1 -1 -1 0.2024 0.2024 0.1595 0.1595 0.1595 0.388 0.388 0.402 0.402 0.3925 0.3925 0.3925 0.391 0.391 0.195 0.195 0.1695 0.1695 0.1695 0.2475 0.2475 0.2765 0.2765 0.287 0.287 0.287 0.324 0.324 0.316 0.316 0.335 0.335 0.3865 0.3865 0.3865 0.3165 0.3165 0.346 0.346 0.346 0.346 0.346 0.3155 0.3155 0.301 0.301 0.3115 0.3115 0.3115 0.3175 0.3175 0.2925 0.2925 0.313
-1 -1 -1 -1 -1 -1 -1 -1 -1 -1 -1 -1 -1 -1 -1 -1 -1 -1 -1 -1 -1 -1 -1 0.2024 0.2024 0.1595 0.1595 0.1595 0.388 0.388 0.402 0.402 0.3925 0.3925 0.3925 0.391 0.391 0.195 0.195 0.1695 0.1695 0.1695 0.2475 0.2475 0.2765 0.2765 0.287 0.287 0.287 0.324 0.324 0.316 0.316 0.335 0.335 0.3865 0.3865 0.3865 0.3165 0.3165 0.346 0.346 0.346 0.346 0.346 0.3155 0.3155 0.301 0.301 0.3115 0.3115 0.3115 0.3175 0.3175 0.2925 0.2925 0.313
-1 -1 -1 -1 -1 -1 -1 -1 -1 -1 -1 -1 -1 -1 -1 -1 -1 -1 -1 -1 -1 -1 -1 -1 -1 0.1785 0.1785 0.1785 0.253 0.253 0.3855 0.3855 0.352 0.352 0.352 0.155 0.155 0.101 0.101 0.132 0.132 0.132 0.26 0.26 0.2495 0.2495 0.3505 0.3505 0.3505 0.296 0.296 0.321 0.321 0.311 0.311 0.335 0.335 0.335 0.3195 0.3195 0.3255 0.3255 0.3255 0.3255 0.3255 0.337 0.337 0.2915 0.2915 0.2955 0.2955 0.2955 0.2935 0.2935 0.289 0.289 0.2865
-1 -1 -1 -1 -1 -1 -1 -1 -1 -1 -1 -1 -1 -1 -1 -1 -1 -1 -1 -1 -1 -1 -1 -1 -1 0.1785 0.1785 0.1785 0.253 0.253 0.3855 0.3855 0.352 0.352 0.352 0.155 0.155 0.101 0.101 0.132 0.132 0.132 0.26 0.26 0.2495 0.2495 0.3505 0.3505 0.3505 0.296 0.296 0.321 0.321 0.311 0.311 0.335 0.335 0.335 0.3195 0.3195 0.3255 0.3255 0.3255 0.3255 0.3255 0.337 0.337 0.2915 0.2915 0.2955 0.2955 0.2955 0.2935 0.2935 0.289 0.289 0.2865
-1 -1 -1 -1 -1 -1 -1 -1 -1 -1 -1 -1 -1 -1 -1 -1 -1 -1 -1 -1 -1 -1 -1 -1 -1 0.0964 0.0964 0.0964 0.101 0.101 0.3015 0.3015 0.3545 0.3545 0.3545 0.2955 0.2955 0.1885 0.1885 0.291 0.291 0.291 0.295 0.295 0.326 0.326 0.2865 0.2865 0.2865 0.2355 0.2355 0.3095 0.3095 0.312 0.312 0.304 0.304 0.304 0.3005 0.3005 0.3045 0.3045 0.3045 0.3045 0.3045 0.2895 0.2895 0.319 0.319 0.295 0.295 0.295 0.285 0.285 0.289 0.289 0.287
-1 -1 -1 -1 -1 -1 -1 -1 -1 -1 -1 -1 -1 -1 -1 -1 -1 -1 -1 -1 -1 -1 -1 -1 -1 0.0964 0.0964 0.0964 0.101 0.101 0.3015 0.3015 0.3545 0.3545 0.3545 0.2955 0.2955 0.1885 0.1885 0.291 0.291 0.291 0.295 0.295 0.326 0.326 0.2865 0.2865 0.2865 0.2355 0.2355 0.3095 0.3095 0.312 0.312 0.304 0.304 0.304 0.3005 0.3005 0.3045 0.3045 0.3045 0.3045 0.3045 0.2895 0.2895 0.319 0.319 0.295 0.295 0.295 0.285 0.285 0.289 0.289 0.287
-1 -1 -1 -1 -1 -1 -1 -1 -1 -1 -1 -1 -1 -1 -1 -1 -1 -1 -1 -1 -1 -1 -1 -1 -1 0.0964 0.0964 0.0964 0.101 0.101 0.3015 0.3015 0.3545 0.3545 0.3545 0.2955 0.2955 0.1885 0.1885 0.291 0.291 0.291 0.295 0.295 0.326 0.326 0.2865 0.2865 0.2865 0.2355 0.2355 0.3095 0.3095 0.312 0.312 0.304 0.304 0.304 0.3005 0.3005 0.3045 0.3045 0.3045 0.3045 0.3045 0.2895 0.2895 0.319 0.319 0.295 0.295 0.295 0.285 0.285 0.289 0.289 0.287
