ndvi/NOAA-92.asc
ncols         252
nrows         154
xllcorner     -18.017974
yllcorner     13.481982
cellsize      0.035948
NODATA_value  -9999
[rows 105 to 139 of 154, columns 0 to 76 of 252]
-1 -1 -1 -1 -1 -1 -1 -1 -1 -1 -1 -1 -1 -1 -1 -1 -1 -1 -1 -1 -1 -1 -1 0.0147 0.0147 0.2895 0.2895 0.2895 0.442 0.442 0.378 0.378 0.381 0.381 0.381 0.459 0.459 0.463 0.463 0.433 0.433 0.433 0.442 0.442 0.396 0.396 0.446 0.446 0.446 0.42 0.42 0.4285 0.4285 0.4405 0.4405 0.422 0.422 0.422 0.4315 0.4315 0.3885 0.3885 0.3885 0.3885 0.3885 0.4035 0.4035 0.4405 0.4405 0.4355 0.4355 0.4355 0.4245 0.4245 0.389 0.389 0.43
-1 -1 -1 -1 -1 -1 -1 -1 -1 -1 -1 -1 -1 -1 -1 -1 -1 -1 -1 -1 -1 0.0532 0.0532 0.215 0.215 0.4575 0.4575 0.4575 0.3795 0.3795 0.4235 0.4235 0.4935 0.4935 0.4935 0.482 0.482 0.498 0.498 0.444 0.444 0.444 0.467 0.467 0.439 0.439 0.4225 0.4225 0.4225 0.4855 0.4855 0.41 0.41 0.438 0.438 0.4205 0.4205 0.4205 0.409 0.409 0.426 0.426 0.426 0.426 0.426 0.457 0.457 0.402 0.402 0.411 0.411 0.411 0.418 0.418 0.4925 0.4925 0.4675
-1 -1 -1 -1 -1 -1 -1 -1 -1 -1 -1 -1 -1 -1 -1 -1 -1 -1 -1 -1 -1 0.0532 0.0532 0.215 0.215 0.4575 0.4575 0.4575 0.3795 0.3795 0.4235 0.4235 0.4935 0.4935 0.4935 0.482 0.482 0.498 0.498 0.444 0.444 0.444 0.467 0.467 0.439 0.439 0.4225 0.4225 0.4225 0.4855 0.4855 0.41 0.41 0.438 0.438 0.4205 0.4205 0.4205 0.409 0.409 0.426 0.426 0.426 0.426 0.426 0.457 0.457 0.402 0.402 0.411 0.411 0.411 0.418 0.418 0.4925 0.4925 0.4675
-1 -1 -1 -1 -1 -1 -1 -1 -1 -1 -1 -1 -1 -1 -1 -1 -1 -1 -1 -1 -1 0.148 0.148 0.557 0.557 0.5065 0.5065 0.5065 0.434 0.434 0.4465 0.4465 0.522 0.522 0.522 0.5295 0.5295 0.5455 0.5455 0.5375 0.5375 0.5375 0.476 0.476 0.413 0.413 0.4495 0.4495 0.4495 0.455 0.455 0.4885 0.4885 0.4375 0.4375 0.4085 0.4085 0.4085 0.445 0.445 0.4535 0.4535 0.4535 0.4535 0.4535 0.442 0.442 0.423 0.423 0.4525 0.4525 0.4525 0.472 0.472 0.499 0.499 0.537
-1 -1 -1 -1 -1 -1 -1 -1 -1 -1 -1 -1 -1 -1 -1 -1 -1 -1 -1 -1 -1 0.148 0.148 0.557 0.557 0.5065 0.5065 0.5065 0.434 0.434 0.4465 0.4465 0.522 0.522 0.522 0.5295 0.5295 0.5455 0.5455 0.5375 0.5375 0.5375 0.476 0.476 0.413 0.413 0.4495 0.4495 0.4495 0.455 0.455 0.4885 0.4885 0.4375 0.4375 0.4085 0.4085 0.4085 0.445 0.445 0.4535 0.4535 0.4535 0.4535 0.4535 0.442 0.442 0.423 0.423 0.4525 0.4525 0.4525 0.472 0.472 0.499 0.499 0.537
-1 -1 -1 -1 -1 -1 -1 -1 -1 -1 -1 -1 -1 -1 -1 -1 -1 -1 0.1266 0.1266 0.1266 0.487 0.487 0.504 0.504 0.4435 0.4435 0.4435 0.452 0.452 0.569 0.569 0.6055 0.6055 0.6055 0.4895 0.4895 0.507 0.507 0.521 0.521 0.521 0.532 0.532 0.436 0.436 0.408 0.408 0.408 0.4845 0.4845 0.485 0.485 0.4535 0.4535 0.435 0.435 0.435 0.44 0.44 0.438 0.438 0.438 0.438 0.438 0.4055 0.4055 0.4335 0.4335 0.4525 0.4525 0.4525 0.4995 0.4995 0.4965 0.4965 0.544
-1 -1 -1 -1 -1 -1 -1 -1 -1 -1 -1 -1 -1 -1 -1 -1 -1 -1 0.1266 0.1266 0.1266 0.487 0.487 0.504 0.504 0.4435 0.4435 0.4435 0.452 0.452 0.569 0.569 0.6055 0.6055 0.6055 0.4895 0.4895 0.507 0.507 0.521 0.521 0.521 0.532 0.532 0.436 0.436 0.408 0.408 0.408 0.4845 0.4845 0.485 0.485 0.4535 0.4535 0.435 0.435 0.435 0.44 0.44 0.438 0.438 0.438 0.438 0.438 0.4055 0.4055 0.4335 0.4335 0.4525 0.4525 0.4525 0.4995 0.4995 0.4965 0.4965 0.544
-1 -1 -1 -1 -1 -1 -1 -1 -1 -1 -1 -1 -1 -1 -1 -1 -1 -1 0.1266 0.1266 0.1266 0.487 0.487 0.504 0.504 0.4435 0.4435 0.4435 0.452 0.452 0.569 0.569 0.6055 0.6055 0.6055 0.4895 0.4895 0.507 0.507 0.521 0.521 0.521 0.532 0.532 0.436 0.436 0.408 0.408 0.408 0.4845 0.4845 0.485 0.485 0.4535 0.4535 0.435 0.435 0.435 0.44 0.44 0.438 0.438 0.438 0.438 0.438 0.4055 0.4055 0.4335 0.4335 0.4525 0.4525 0.4525 0.4995 0.4995 0.4965 0.4965 0.544
-1 -1 -1 -1 -1 -1 -1 -1 -1 -1 -1 -1 -1 -1 -1 -1 0.2067 0.2067 0.674 0.674 0.674 0.6065 0.6065 0.532 0.532 0.478 0.478 0.478 0.467 0.467 0.5325 0.5325 0.6005 0.6005 0.6005 0.5065 0.5065 0.4375 0.4375 0.465 0.465 0.465 0.4505 0.4505 0.5015 0.5015 0.4545 0.4545 0.4545 0.4725 0.4725 0.4305 0.4305 0.539 0.539 0.482 0.482 0.482 0.466 0.466 0.446 0.446 0.446 0.446 0.446 0.411 0.411 0.4305 0.4305 0.481 0.481 0.481 0.422 0.422 0.4005 0.4005 0.3955
-1 -1 -1 -1 -1 -1 -1 -1 -1 -1 -1 -1 -1 -1 -1 -1 0.2067 0.2067 0.674 0.674 0.674 0.6065 0.6065 0.532 0.532 0.478 0.478 0.478 0.467 0.467 0.5325 0.5325 0.6005 0.6005 0.6005 0.5065 0.5065 0.4375 0.4375 0.465 0.465 0.465 0.4505 0.4505 0.5015 0.5015 0.4545 0.4545 0.4545 0.4725 0.4725 0.4305 0.4305 0.539 0.539 0.482 0.482 0.482 0.466 0.466 0.446 0.446 0.446 0.446 0.446 0.411 0.411 0.4305 0.4305 0.481 0.481 0.481 0.422 0.422 0.4005 0.4005 0.3955
-1 -1 -1 -1 -1 -1 -1 -1 -1 -1 -1 -1 0.1542 0.1542 0.203 0.203 0.2735 0.2735 0.5725 0.5725 0.5725 0.5665 0.5665 0.5495 0.5495 0.5265 0.5265 0.5265 0.5015 0.5015 0.538 0.538 0.497 0.497 0.497 0.5295 0.5295 0.5315 0.5315 0.516 0.516 0.516 0.5095 0.5095 0.484 0.484 0.4725 0.4725 0.4725 0.5005 0.5005 0.492 0.492 0.486 0.486 0.4605 0.4605 0.4605 0.4605 0.4605 0.5045 0.5045 0.5045 0.5045 0.5045 0.462 0.462 0.443 0.443 0.524 0.524 0.524 0.4165 0.4165 0.409 0.409 0.353
-1 -1 -1 -1 -1 -1 -1 -1 -1 -1 -1 -1 0.1542 0.1542 0.203 0.203 0.2735 0.2735 0.5725 0.5725 0.5725 0.5665 0.5665 0.5495 0.5495 0.5265 0.5265 0.5265 0.5015 0.5015 0.538 0.538 0.497 0.497 0.497 0.5295 0.5295 0.5315 0.5315 0.516 0.516 0.516 0.5095 0.5095 0.484 0.484 0.4725 0.4725 0.4725 0.5005 0.5005 0.492 0.492 0.486 0.486 0.4605 0.4605 0.4605 0.4605 0.4605 0.5045 0.5045 0.5045 0.5045 0.5045 0.462 0.462 0.443 0.443 0.524 0.524 0.524 0.4165 0.4165 0.409 0.409 0.353
-1 -1 -1 -1 -1 -1 -1 -1 -1 0.0881 0.0881 0.0881 0.1226 0.1226 0.1167 0.1167 0.0937 0.0937 0.08499999 0.08499999 0.08499999 0.5725 0.5725 0.5695 0.5695 0.5525 0.5525 0.5525 0.519 0.519 0.5785 0.5785 0.535 0.535 0.535 0.5165 0.5165 0.515 0.515 0.5055 0.5055 0.5055 0.5445 0.5445 0.535 0.535 0.493 0.493 0.493 0.5195 0.5195 0.482 0.482 0.458 0.458 0.453 0.453 0.453 0.4375 0.4375 0.431 0.431 0.431 0.431 0.431 0.502 0.502 0.4735 0.4735 0.529 0.529 0.529 0.583 0.583 0.438 0.438 0.4655
-1 -1 -1 -1 -1 -1 -1 -1 -1 0.0881 0.0881 0.0881 0.1226 0.1226 0.1167 0.1167 0.0937 0.0937 0.08499999 0.08499999 0.08499999 0.5725 0.5725 0.5695 0.5695 0.5525 0.5525 0.5525 0.519 0.519 0.5785 0.5785 0.535 0.535 0.535 0.5165 0.5165 0.515 0.515 0.5055 0.5055 0.5055 0.5445 0.5445 0.535 0.535 0.493 0.493 0.493 0.5195 0.5195 0.482 0.482 0.458 0.458 0.453 0.453 0.453 0.4375 0.4375 0.431 0.431 0.431 0.431 0.431 0.502 0.502 0.4735 0.4735 0.529 0.529 0.529 0.583 0.583 0.438 0.438 0.4655
-1 -1 -1 -1 -1 -1 -1 -1 -1 0.0881 0.0881 0.0881 0.1226 0.1226 0.1167 0.1167 0.0937 0.0937 0.08499999 0.08499999 0.08499999 0.5725 0.5725 0.5695 0.5695 0.5525 0.5525 0.5525 0.519 0.519 0.5785 0.5785 0.535 0.535 0.535 0.5165 0.5165 0.515 0.515 0.5055 0.5055 0.5055 0.5445 0.5445 0.535 0.535 0.493 0.493 0.493 0.5195 0.5195 0.482 0.482 0.458 0.458 0.453 0.453 0.453 0.4375 0.4375 0.431 0.431 0.431 0.431 0.431 0.502 0.502 0.4735 0.4735 0.529 0.529 0.529 0.583 0.583 0.438 0.438 0.4655
-1 -1 -1 -1 -1 -1 -1 -1 -1 -1 -1 -1 0.0787 0.0787 0.0782 0.0782 0.1042 0.1042 0.0575 0.0575 0.0575 0.466 0.466 0.532 0.532 0.543 0.543 0.543 0.586 0.586 0.498 0.498 0.555 0.555 0.555 0.566 0.566 0.5 0.5 0.5765 0.5765 0.5765 0.547 0.547 0.5235 0.5235 0.5595 0.5595 0.5595 0.582 0.582 0.5175 0.5175 0.491 0.491 0.422 0.422 0.422 0.4375 0.4375 0.44 0.44 0.44 0.44 0.44 0.4295 0.4295 0.49 0.49 0.543 0.543 0.543 0.4925 0.4925 0.459 0.459 0.5065
-1 -1 -1 -1 -1 -1 -1 -1 -1 -1 -1 -1 0.0787 0.0787 0.0782 0.0782 0.1042 0.1042 0.0575 0.0575 0.0575 0.466 0.466 0.532 0.532 0.543 0.543 0.543 0.586 0.586 0.498 0.498 0.555 0.555 0.555 0.566 0.566 0.5 0.5 0.5765 0.5765 0.5765 0.547 0.547 0.5235 0.5235 0.5595 0.5595 0.5595 0.582 0.582 0.5175 0.5175 0.491 0.491 0.422 0.422 0.422 0.4375 0.4375 0.44 0.44 0.44 0.44 0.44 0.4295 0.4295 0.49 0.49 0.543 0.543 0.543 0.4925 0.4925 0.459 0.459 0.5065
-1 -1 -1 -1 -1 -1 -1 -1 -1 -1 -1 -1 -1 -1 -1 -1 -1 -1 0.0587 0.0587 0.0587 0.336 0.336 0.5115 0.5115 0.5265 0.5265 0.5265 0.579 0.579 0.5255 0.5255 0.5425 0.5425 0.5425 0.545 0.545 0.554 0.554 0.493 0.493 0.493 0.5005 0.5005 0.515 0.515 0.553 0.553 0.553 0.576 0.576 0.555 0.555 0.5255 0.5255 0.4585 0.4585 0.4585 0.511 0.511 0.4475 0.4475 0.4475 0.4475 0.4475 0.4505 0.4505 0.492 0.492 0.4495 0.4495 0.4495 0.457 0.457 0.486 0.486 0.4695
-1 -1 -1 -1 -1 -1 -1 -1 -1 -1 -1 -1 -1 -1 -1 -1 -1 -1 0.0587 0.0587 0.0587 0.336 0.336 0.5115 0.5115 0.5265 0.5265 0.5265 0.579 0.579 0.5255 0.5255 0.5425 0.5425 0.5425 0.545 0.545 0.554 0.554 0.493 0.493 0.493 0.5005 0.5005 0.515 0.515 0.553 0.553 0.553 0.576 0.576 0.555 0.555 0.5255 0.5255 0.4585 0.4585 0.4585 0.511 0.511 0.4475 0.4475 0.4475 0.4475 0.4475 0.4505 0.4505 0.492 0.492 0.4495 0.4495 0.4495 0.457 0.457 0.486 0.486 0.4695
-1 -1 -1 -1 -1 -1 -1 -1 -1 -1 -1 -1 -1 -1 -1 -1 -1 -1 -1 -1 -1 0.1196 0.1196 0.352 0.352 0.553 0.553 0.553 0.548 0.548 0.5975 0.5975 0.546 0.546 0.546 0.4965 0.4965 0.5055 0.5055 0.5165 0.5165 0.5165 0.5190001 0.5190001 0.5205 0.5205 0.559 0.559 0.559 0.579 0.579 0.496 0.496 0.502 0.502 0.5025 0.5025 0.5025 0.5515 0.5515 0.521 0.521 0.521 0.521 0.521 0.4985 0.4985 0.5185 0.5185 0.5445 0.5445 0.5445 0.5445 0.5445 0.5675 0.5675 0.5215
-1 -1 -1 -1 -1 -1 -1 -1 -1 -1 -1 -1 -1 -1 -1 -1 -1 -1 -1 -1 -1 0.1196 0.1196 0.352 0.352 0.553 0.553 0.553 0.548 0.548 0.5975 0.5975 0.546 0.546 0.546 0.4965 0.4965 0.5055 0.5055 0.5165 0.5165 0.5165 0.5190001 0.5190001 0.5205 0.5205 0.559 0.559 0.559 0.579 0.579 0.496 0.496 0.502 0.502 0.5025 0.5025 0.5025 0.5515 0.5515 0.521 0.521 0.521 0.521 0.521 0.4985 0.4985 0.5185 0.5185 0.5445 0.5445 0.5445 0.5445 0.5445 0.5675 0.5675 0.5215
-1 -1 -1 -1 -1 -1 -1 -1 -1 -1 -1 -1 -1 -1 -1 -1 -1 -1 -1 -1 -1 0.0927 0.0927 0.2082 0.2082 0.4665 0.4665 0.4665 0.658 0.658 0.6515 0.6515 0.6115 0.6115 0.6115 0.5955 0.5955 0.481 0.481 0.428 0.428 0.428 0.4245 0.4245 0.5105 0.5105 0.5405 0.5405 0.5405 0.5415 0.5415 0.511 0.511 0.545 0.545 0.5285 0.5285 0.5285 0.5005 0.5005 0.5425 0.5425 0.5425 0.5425 0.5425 0.522 0.522 0.5505 0.5505 0.5575 0.5575 0.5575 0.524 0.524 0.5175 0.5175 0.503
-1 -1 -1 -1 -1 -1 -1 -1 -1 -1 -1 -1 -1 -1 -1 -1 -1 -1 -1 -1 -1 0.0927 0.0927 0.2082 0.2082 0.4665 0.4665 0.4665 0.658 0.658 0.6515 0.6515 0.6115 0.6115 0.6115 0.5955 0.5955 0.481 0.481 0.428 0.428 0.428 0.4245 0.4245 0.5105 0.5105 0.5405 0.5405 0.5405 0.5415 0.5415 0.511 0.511 0.545 0.545 0.5285 0.5285 0.5285 0.5005 0.5005 0.5425 0.5425 0.5425 0.5425 0.5425 0.522 0.522 0.5505 0.5505 0.5575 0.5575 0.5575 0.524 0.524 0.5175 0.5175 0.503
-1 -1 -1 -1 -1 -1 -1 -1 -1 -1 -1 -1 -1 -1 -1 -1 -1 -1 -1 -1 -1 0.0927 0.0927 0.2082 0.2082 0.4665 0.4665 0.4665 0.658 0.658 0.6515 0.6515 0.6115 0.6115 0.6115 0.5955 0.5955 0.481 0.481 0.428 0.428 0.428 0.4245 0.4245 0.5105 0.5105 0.5405 0.5405 0.5405 0.5415 0.5415 0.511 0.511 0.545 0.545 0.5285 0.5285 0.5285 0.5005 0.5005 0.5425 0.5425 0.5425 0.5425 0.5425 0.522 0.522 0.5505 0.5505 0.5575 0.5575 0.5575 0.524 0.524 0.5175 0.5175 0.503
-1 -1 -1 -1 -1 -1 -1 -1 -1 -1 -1 -1 -1 -1 -1 -1 -1 -1 -1 -1 -1 -1 -1 0.1062 0.1062 0.152 0.152 0.152 0.4895 0.4895 0.634 0.634 0.619 0.619 0.619 0.548 0.548 0.216 0.216 0.2005 0.2005 0.2005 0.4125 0.4125 0.48 0.48 0.535 0.535 0.535 0.4955 0.4955 0.5735 0.5735 0.57 0.57 0.54 0.54 0.54 0.578 0.578 0.552 0.552 0.552 0.552 0.552 0.528 0.528 0.5685 0.5685 0.533 0.533 0.533 0.5765 0.5765 0.5255 0.5255 0.535
-1 -1 -1 -1 -1 -1 -1 -1 -1 -1 -1 -1 -1 -1 -1 -1 -1 -1 -1 -1 -1 -1 -1 0.1062 0.1062 0.152 0.152 0.152 0.4895 0.4895 0.634 0.634 0.619 0.619 0.619 0.548 0.548 0.216 0.216 0.2005 0.2005 0.2005 0.4125 0.4125 0.48 0.48 0.535 0.535 0.535 0.4955 0.4955 0.5735 0.5735 0.57 0.57 0.54 0.54 0.54 0.578 0.578 0.552 0.552 0.552 0.552 0.552 0.528 0.528 0.5685 0.5685 0.533 0.533 0.533 0.5765 0.5765 0.5255 0.5255 0.535
-1 -1 -1 -1 -1 -1 -1 -1 -1 -1 -1 -1 -1 -1 -1 -1 -1 -1 -1 -1 -1 -1 -1 -1 -1 0.1599 0.1599 0.1599 0.369 0.369 0.481 0.481 0.4655 0.4655 0.4655 0.2855 0.2855 0.208 0.208 0.192 0.192 0.192 0.248 0.248 0.45 0.45 0.6421 0.6421 0.6421 0.4715 0.4715 0.5555 0.5555 0.592 0.592 0.524 0.524 0.524 0.582 0.582 0.5445 0.5445 0.5445 0.5445 0.5445 0.5345 0.5345 0.563 0.563 0.6295 0.6295 0.6295 0.562 0.562 0.5155 0.5155 0.599
-1 -1 -1 -1 -1 -1 -1 -1 -1 -1 -1 -1 -1 -1 -1 -1 -1 -1 -1 -1 -1 -1 -1 -1 -1 0.1599 0.1599 0.1599 0.369 0.369 0.481 0.481 0.4655 0.4655 0.4655 0.2855 0.2855 0.208 0.208 0.192 0.192 0.192 0.248 0.248 0.45 0.45 0.6421 0.6421 0.6421 0.4715 0.4715 0.5555 0.5555 0.592 0.592 0.524 0.524 0.524 0.582 0.582 0.5445 0.5445 0.5445 0.5445 0.5445 0.5345 0.5345 0.563 0.563 0.6295 0.6295 0.6295 0.562 0.562 0.5155 0.5155 0.599
-1 -1 -1 -1 -1 -1 -1 -1 -1 -1 -1 -1 -1 -1 -1 -1 -1 -1 -1 -1 -1 -1 -1 -1 -1 0.0692 0.0692 0.0692 0.1222 0.1222 0.3215 0.3215 0.4 0.4 0.4 0.2061 0.2061 0.3665 0.3665 0.416 0.416 0.416 0.8045 0.8045 0.575 0.575 0.735 0.735 0.735 0.427 0.427 0.494 0.494 0.5715 0.5715 0.542 0.542 0.542 0.5545 0.5545 0.5765 0.5765 0.5765 0.5765 0.5765 0.5175 0.5175 0.51 0.51 0.551 0.551 0.551 0.525 0.525 0.52 0.52 0.501
-1 -1 -1 -1 -1 -1 -1 -1 -1 -1 -1 -1 -1 -1 -1 -1 -1 -1 -1 -1 -1 -1 -1 -1 -1 0.0692 0.0692 0.0692 0.1222 0.1222 0.3215 0.3215 0.4 0.4 0.4 0.2061 0.2061 0.3665 0.3665 0.416 0.416 0.416 0.8045 0.8045 0.575 0.575 0.735 0.735 0.735 0.427 0.427 0.494 0.494 0.5715 0.5715 0.542 0.542 0.542 0.5545 0.5545 0.5765 0.5765 0.5765 0.5765 0.5765 0.5175 0.5175 0.51 0.51 0.551 0.551 0.551 0.525 0.525 0.52 0.52 0.501
-1 -1 -1 -1 -1 -1 -1 -1 -1 -1 -1 -1 -1 -1 -1 -1 -1 -1 -1 -1 -1 -1 -1 -1 -1 0.0692 0.0692 0.0692 0.1222 0.1222 0.3215 0.3215 0.4 0.4 0.4 0.2061 0.2061 0.3665 0.3665 0.416 0.416 0.416 0.8045 0.8045 0.575 0.575 0.735 0.735 0.735 0.427 0.427 0.494 0.494 0.5715 0.5715 0.542 0.542 0.542 0.5545 0.5545 0.5765 0.5765 0.5765 0.5765 0.5765 0.5175 0.5175 0.51 0.51 0.551 0.551 0.551 0.525 0.525 0.52 0.52 0.501
-1 -1 -1 -1 -1 -1 -1 -1 -1 -1 -1 -1 -1 -1 -1 -1 -1 -1 -1 -1 -1 -1 -1 -1 -1 -1 -1 -1 0.0756 0.0756 0.3195 0.3195 0.2915 0.2915 0.2915 0.5829999 0.5829999 0.3955 0.3955 0.582 0.582 0.582 0.69 0.69 0.622 0.622 0.5845 0.5845 0.5845 0.5695 0.5695 0.643 0.643 0.5645 0.5645 0.576 0.576 0.576 0.602 0.602 0.625 0.625 0.625 0.625 0.625 0.571 0.571 0.5055 0.5055 0.523 0.523 0.523 0.5555 0.5555 0.5475 0.5475 0.535
-1 -1 -1 -1 -1 -1 -1 -1 -1 -1 -1 -1 -1 -1 -1 -1 -1 -1 -1 -1 -1 -1 -1 -1 -1 -1 -1 -1 0.0756 0.0756 0.3195 0.3195 0.2915 0.2915 0.2915 0.5829999 0.5829999 0.3955 0.3955 0.582 0.582 0.582 0.69 0.69 0.622 0.622 0.5845 0.5845 0.5845 0.5695 0.5695 0.643 0.643 0.5645 0.5645 0.576 0.576 0.576 0.602 0.602 0.625 0.625 0.625 0.625 0.625 0.571 0.571 0.5055 0.5055 0.523 0.523 0.523 0.5555 0.5555 0.5475 0.5475 0.535
-1 -1 -1 -1 -1 -1 -1 -1 -1 -1 -1 -1 -1 -1 -1 -1 -1 -1 -1 -1 -1 -1 -1 -1 -1 -1 -1 -1 0.0067 0.0067 0.2811 0.2811 0.477 0.477 0.477 0.5725 0.5725 0.499 0.499 0.4225 0.4225 0.4225 0.6145 0.6145 0.585 0.585 0.579 0.579 0.579 0.5775 0.5775 0.5295 0.5295 0.5445 0.5445 0.5355 0.5355 0.5355 0.534 0.534 0.5915 0.5915 0.5915 0.5915 0.5915 0.6475 0.6475 0.6115 0.6115 0.6725 0.6725 0.6725 0.634 0.634 0.6155 0.6155 0.548
-1 -1 -1 -1 -1 -1 -1 -1 -1 -1 -1 -1 -1 -1 -1 -1 -1 -1 -1 -1 -1 -1 -1 -1 -1 -1 -1 -1 0.0067 0.0067 0.2811 0.2811 0.477 0.477 0.477 0.5725 0.5725 0.499 0.499 0.4225 0.4225 0.4225 0.6145 0.6145 0.585 0.585 0.579 0.579 0.579 0.5775 0.5775 0.5295 0.5295 0.5445 0.5445 0.5355 0.5355 0.5355 0.534 0.534 0.5915 0.5915 0.5915 0.5915 0.5915 0.6475 0.6475 0.6115 0.6115 0.6725 0.6725 0.6725 0.634 0.634 0.6155 0.6155 0.548
