ndvi/NOAA-93.asc
ncols         252
nrows         154
xllcorner     -18.017974
yllcorner     13.481982
cellsize      0.035948
NODATA_value  -9999
[rows 102 to 135 of 154, columns 154 to 230 of 252]
0.388 0.409 0.409 0.348 0.348 0.348 0.3245 0.3245 0.3545 0.3545 0.369 0.369 0.3785 0.3785 0.3785 0.4175 0.4175 0.4395 0.4395 0.451 0.451 0.451 0.4625 0.4625 0.476 0.476 0.433 0.433 0.433 0.4305 0.4305 0.4945 0.4945 0.5495 0.5495 0.5495 0.5185 0.5185 0.477 0.477 0.4705 0.4705 0.4705 0.502 0.502 0.437 0.437 0.426 0.426 0.481 0.481 0.481 0.417 0.417 0.4055 0.4055 0.5325 0.5325 0.5325 0.507 0.507 0.4625 0.4625 0.502 0.502 0.502 0.4995 0.4995 0.4375 0.4375 0.41 0.41 0.41 0.4525 0.4525 0.4465 0.4465
0.4185 0.409 0.409 0.3965 0.3965 0.3965 0.3585 0.3585 0.393 0.393 0.375 0.375 0.4165 0.4165 0.4165 0.378 0.378 0.391 0.391 0.398 0.398 0.398 0.4405 0.4405 0.437 0.437 0.4635 0.4635 0.4635 0.4865 0.4865 0.583 0.583 0.507 0.507 0.507 0.52 0.52 0.4855 0.4855 0.4635 0.4635 0.4635 0.4305 0.4305 0.4515 0.4515 0.492 0.492 0.517 0.517 0.517 0.498 0.498 0.5515 0.5515 0.5255 0.5255 0.5255 0.4595 0.4595 0.497 0.497 0.513 0.513 0.513 0.527 0.527 0.503 0.503 0.4625 0.4625 0.4625 0.462 0.462 0.4966 0.4966
0.4185 0.409 0.409 0.3965 0.3965 0.3965 0.3585 0.3585 0.393 0.393 0.375 0.375 0.4165 0.4165 0.4165 0.378 0.378 0.391 0.391 0.398 0.398 0.398 0.4405 0.4405 0.437 0.437 0.4635 0.4635 0.4635 0.4865 0.4865 0.583 0.583 0.507 0.507 0.507 0.52 0.52 0.4855 0.4855 0.4635 0.4635 0.4635 0.4305 0.4305 0.4515 0.4515 0.492 0.492 0.517 0.517 0.517 0.498 0.498 0.5515 0.5515 0.5255 0.5255 0.5255 0.4595 0.4595 0.497 0.497 0.513 0.513 0.513 0.527 0.527 0.503 0.503 0.4625 0.4625 0.4625 0.462 0.462 0.4966 0.4966
0.4185 0.409 0.409 0.3965 0.3965 0.3965 0.3585 0.3585 0.393 0.393 0.375 0.375 0.4165 0.4165 0.4165 0.378 0.378 0.391 0.391 0.398 0.398 0.398 0.4405 0.4405 0.437 0.437 0.4635 0.4635 0.4635 0.4865 0.4865 0.583 0.583 0.507 0.507 0.507 0.52 0.52 0.4855 0.4855 0.4635 0.4635 0.4635 0.4305 0.4305 0.4515 0.4515 0.492 0.492 0.517 0.517 0.517 0.498 0.498 0.5515 0.5515 0.5255 0.5255 0.5255 0.4595 0.4595 0.497 0.497 0.513 0.513 0.513 0.527 0.527 0.503 0.503 0.4625 0.4625 0.4625 0.462 0.462 0.4966 0.4966
0.403 0.4305 0.4305 0.4915 0.4915 0.4915 0.361 0.361 0.414 0.414 0.446 0.446 0.449 0.449 0.449 0.382 0.382 0.398 0.398 0.418 0.418 0.418 0.4475 0.4475 0.4735 0.4735 0.4405 0.4405 0.4405 0.4985 0.4985 0.5435 0.5435 0.5665 0.5665 0.5665 0.5325 0.5325 0.51 0.51 0.535 0.535 0.535 0.527 0.527 0.5075 0.5075 0.489 0.489 0.5 0.5 0.5 0.5885 0.5885 0.519 0.519 0.5385 0.5385 0.5385 0.5385 0.5385 0.4825 0.4825 0.459 0.459 0.459 0.4745 0.4745 0.4955 0.4955 0.506 0.506 0.506 0.51 0.51 0.496 0.496
0.403 0.4305 0.4305 0.4915 0.4915 0.4915 0.361 0.361 0.414 0.414 0.446 0.446 0.449 0.449 0.449 0.382 0.382 0.398 0.398 0.418 0.418 0.418 0.4475 0.4475 0.4735 0.4735 0.4405 0.4405 0.4405 0.4985 0.4985 0.5435 0.5435 0.5665 0.5665 0.5665 0.5325 0.5325 0.51 0.51 0.535 0.535 0.535 0.527 0.527 0.5075 0.5075 0.489 0.489 0.5 0.5 0.5 0.5885 0.5885 0.519 0.519 0.5385 0.5385 0.5385 0.5385 0.5385 0.4825 0.4825 0.459 0.459 0.459 0.4745 0.4745 0.4955 0.4955 0.506 0.506 0.506 0.51 0.51 0.496 0.496
0.403 0.481 0.481 0.4795 0.4795 0.4795 0.5575 0.5575 0.506 0.506 0.498 0.498 0.417 0.417 0.417 0.412 0.412 0.386 0.386 0.4005 0.4005 0.4005 0.426 0.426 0.5085 0.5085 0.4995 0.4995 0.4995 0.4815 0.4815 0.516 0.516 0.537 0.537 0.537 0.5565 0.5565 0.5225 0.5225 0.5565 0.5565 0.5565 0.5555 0.5555 0.5435 0.5435 0.5825 0.5825 0.547 0.547 0.547 0.591 0.591 0.6245 0.6245 0.5575 0.5575 0.5575 0.536 0.536 0.503 0.503 0.515 0.515 0.515 0.549 0.549 0.517 0.517 0.5245 0.5245 0.5245 0.507 0.507 0.5470001 0.5470001
0.403 0.481 0.481 0.4795 0.4795 0.4795 0.5575 0.5575 0.506 0.506 0.498 0.498 0.417 0.417 0.417 0.412 0.412 0.386 0.386 0.4005 0.4005 0.4005 0.426 0.426 0.5085 0.5085 0.4995 0.4995 0.4995 0.4815 0.4815 0.516 0.516 0.537 0.537 0.537 0.5565 0.5565 0.5225 0.5225 0.5565 0.5565 0.5565 0.5555 0.5555 0.5435 0.5435 0.5825 0.5825 0.547 0.547 0.547 0.591 0.591 0.6245 0.6245 0.5575 0.5575 0.5575 0.536 0.536 0.503 0.503 0.515 0.515 0.515 0.549 0.549 0.517 0.517 0.5245 0.5245 0.5245 0.507 0.507 0.5470001 0.5470001
0.4085 0.489 0.489 0.522 0.522 0.522 0.606 0.606 0.5395 0.5395 0.4885 0.4885 0.4505 0.4505 0.4505 0.4635 0.4635 0.425 0.425 0.4495 0.4495 0.4495 0.4615 0.4615 0.5095 0.5095 0.511 0.511 0.511 0.541 0.541 0.5105 0.5105 0.5325 0.5325 0.5325 0.5925 0.5925 0.569 0.569 0.559 0.559 0.559 0.604 0.604 0.5415 0.5415 0.578 0.578 0.5335 0.5335 0.5335 0.568 0.568 0.623 0.623 0.5915 0.5915 0.5915 0.577 0.577 0.517 0.517 0.522 0.522 0.522 0.5315 0.5315 0.5415 0.5415 0.508 0.508 0.508 0.531 0.531 0.5465 0.5465
0.4085 0.489 0.489 0.522 0.522 0.522 0.606 0.606 0.5395 0.5395 0.4885 0.4885 0.4505 0.4505 0.4505 0.4635 0.4635 0.425 0.425 0.4495 0.4495 0.4495 0.4615 0.4615 0.5095 0.5095 0.511 0.511 0.511 0.541 0.541 0.5105 0.5105 0.5325 0.5325 0.5325 0.5925 0.5925 0.569 0.569 0.559 0.559 0.559 0.604 0.604 0.5415 0.5415 0.578 0.578 0.5335 0.5335 0.5335 0.568 0.568 0.623 0.623 0.5915 0.5915 0.5915 0.577 0.577 0.517 0.517 0.522 0.522 0.522 0.5315 0.5315 0.5415 0.5415 0.508 0.508 0.508 0.531 0.531 0.5465 0.5465
0.4085 0.489 0.489 0.522 0.522 0.522 0.606 0.606 0.5395 0.5395 0.4885 0.4885 0.4505 0.4505 0.4505 0.4635 0.4635 0.425 0.425 0.4495 0.4495 0.4495 0.4615 0.4615 0.5095 0.5095 0.511 0.511 0.511 0.541 0.541 0.5105 0.5105 0.5325 0.5325 0.5325 0.5925 0.5925 0.569 0.569 0.559 0.559 0.559 0.604 0.604 0.5415 0.5415 0.578 0.578 0.5335 0.5335 0.5335 0.568 0.568 0.623 0.623 0.5915 0.5915 0.5915 0.577 0.577 0.517 0.517 0.522 0.522 0.522 0.5315 0.5315 0.5415 0.5415 0.508 0.508 0.508 0.531 0.531 0.5465 0.5465
0.4575 0.4821 0.4821 0.4845 0.4845 0.4845 0.559 0.559 0.4955 0.4955 0.4935 0.4935 0.488 0.488 0.488 0.531 0.531 0.5415 0.5415 0.5545 0.5545 0.5545 0.5335 0.5335 0.5615 0.5615 0.577 0.577 0.577 0.5855 0.5855 0.512 0.512 0.577 0.577 0.577 0.5655 0.5655 0.546 0.546 0.5045 0.5045 0.5045 0.562 0.562 0.523 0.523 0.544 0.544 0.6195 0.6195 0.6195 0.5805 0.5805 0.611 0.611 0.597 0.597 0.597 0.5715 0.5715 0.531 0.531 0.52 0.52 0.52 0.523 0.523 0.535 0.535 0.5175 0.5175 0.5175 0.5115 0.5115 0.5175 0.5175
0.4575 0.4821 0.4821 0.4845 0.4845 0.4845 0.559 0.559 0.4955 0.4955 0.4935 0.4935 0.488 0.488 0.488 0.531 0.531 0.5415 0.5415 0.5545 0.5545 0.5545 0.5335 0.5335 0.5615 0.5615 0.577 0.577 0.577 0.5855 0.5855 0.512 0.512 0.577 0.577 0.577 0.5655 0.5655 0.546 0.546 0.5045 0.5045 0.5045 0.562 0.562 0.523 0.523 0.544 0.544 0.6195 0.6195 0.6195 0.5805 0.5805 0.611 0.611 0.597 0.597 0.597 0.5715 0.5715 0.531 0.531 0.52 0.52 0.52 0.523 0.523 0.535 0.535 0.5175 0.5175 0.5175 0.5115 0.5115 0.5175 0.5175
0.519 0.5875 0.5875 0.5195 0.5195 0.5195 0.554 0.554 0.498 0.498 0.49 0.49 0.515 0.515 0.515 0.5495 0.5495 0.5665 0.5665 0.5545 0.5545 0.5545 0.535 0.535 0.533 0.533 0.5695 0.5695 0.5695 0.5435 0.5435 0.527 0.527 0.588 0.588 0.588 0.612 0.612 0.51 0.51 0.517 0.517 0.517 0.5485 0.5485 0.5915 0.5915 0.64 0.64 0.669 0.669 0.669 0.6265 0.6265 0.614 0.614 0.614 0.614 0.614 0.596 0.596 0.5355 0.5355 0.545 0.545 0.545 0.541 0.541 0.544 0.544 0.5285 0.5285 0.5285 0.5225 0.5225 0.5 0.5
0.519 0.5875 0.5875 0.5195 0.5195 0.5195 0.554 0.554 0.498 0.498 0.49 0.49 0.515 0.515 0.515 0.5495 0.5495 0.5665 0.5665 0.5545 0.5545 0.5545 0.535 0.535 0.533 0.533 0.5695 0.5695 0.5695 0.5435 0.5435 0.527 0.527 0.588 0.588 0.588 0.612 0.612 0.51 0.51 0.517 0.517 0.517 0.5485 0.5485 0.5915 0.5915 0.64 0.64 0.669 0.669 0.669 0.6265 0.6265 0.614 0.614 0.614 0.614 0.614 0.596 0.596 0.5355 0.5355 0.545 0.545 0.545 0.541 0.541 0.544 0.544 0.5285 0.5285 0.5285 0.5225 0.5225 0.5 0.5
0.6425 0.6 0.6 0.629 0.629 0.629 0.5135 0.5135 0.541 0.541 0.544 0.544 0.549 0.549 0.549 0.5915 0.5915 0.5895 0.5895 0.554 0.554 0.554 0.562 0.562 0.5335 0.5335 0.552 0.552 0.552 0.5515 0.5515 0.561 0.561 0.568 0.568 0.568 0.582 0.582 0.552 0.552 0.569 0.569 0.569 0.6275 0.6275 0.6095 0.6095 0.592 0.592 0.6635 0.6635 0.6635 0.6705 0.6705 0.642 0.642 0.643 0.643 0.643 0.605 0.605 0.643 0.643 0.6025 0.6025 0.6025 0.6210001 0.6210001 0.5505 0.5505 0.55 0.55 0.55 0.5915 0.5915 0.5705 0.5705
0.6425 0.6 0.6 0.629 0.629 0.629 0.5135 0.5135 0.541 0.541 0.544 0.544 0.549 0.549 0.549 0.5915 0.5915 0.5895 0.5895 0.554 0.554 0.554 0.562 0.562 0.5335 0.5335 0.552 0.552 0.552 0.5515 0.5515 0.561 0.561 0.568 0.568 0.568 0.582 0.582 0.552 0.552 0.569 0.569 0.569 0.6275 0.6275 0.6095 0.6095 0.592 0.592 0.6635 0.6635 0.6635 0.6705 0.6705 0.642 0.642 0.643 0.643 0.643 0.605 0.605 0.643 0.643 0.6025 0.6025 0.6025 0.6210001 0.6210001 0.5505 0.5505 0.55 0.55 0.55 0.5915 0.5915 0.5705 0.5705
0.6425 0.6 0.6 0.629 0.629 0.629 0.5135 0.5135 0.541 0.541 0.544 0.544 0.549 0.549 0.549 0.5915 0.5915 0.5895 0.5895 0.554 0.554 0.554 0.562 0.562 0.5335 0.5335 0.552 0.552 0.552 0.5515 0.5515 0.561 0.561 0.568 0.568 0.568 0.582 0.582 0.552 0.552 0.569 0.569 0.569 0.6275 0.6275 0.6095 0.6095 0.592 0.592 0.6635 0.6635 0.6635 0.6705 0.6705 0.642 0.642 0.643 0.643 0.643 0.605 0.605 0.643 0.643 0.6025 0.6025 0.6025 0.6210001 0.6210001 0.5505 0.5505 0.55 0.55 0.55 0.5915 0.5915 0.5705 0.5705
0.5735 0.555 0.555 0.5855 0.5855 0.5855 0.537 0.537 0.597 0.597 0.6445 0.6445 0.628 0.628 0.628 0.648 0.648 0.618 0.618 0.603 0.603 0.603 0.5745 0.5745 0.574 0.574 0.577 0.577 0.577 0.5465 0.5465 0.555 0.555 0.615 0.615 0.615 0.584 0.584 0.637 0.637 0.603 0.603 0.603 0.617 0.617 0.6315 0.6315 0.6415 0.6415 0.6125 0.6125 0.6125 0.6385 0.6385 0.6395 0.6395 0.6195 0.6195 0.6195 0.5935 0.5935 0.58 0.58 0.593 0.593 0.593 0.6415 0.6415 0.561 0.561 0.551 0.551 0.551 0.5685 0.5685 0.6095 0.6095
0.5735 0.555 0.555 0.5855 0.5855 0.5855 0.537 0.537 0.597 0.597 0.6445 0.6445 0.628 0.628 0.628 0.648 0.648 0.618 0.618 0.603 0.603 0.603 0.5745 0.5745 0.574 0.574 0.577 0.577 0.577 0.5465 0.5465 0.555 0.555 0.615 0.615 0.615 0.584 0.584 0.637 0.637 0.603 0.603 0.603 0.617 0.617 0.6315 0.6315 0.6415 0.6415 0.6125 0.6125 0.6125 0.6385 0.6385 0.6395 0.6395 0.6195 0.6195 0.6195 0.5935 0.5935 0.58 0.58 0.593 0.593 0.593 0.6415 0.6415 0.561 0.561 0.551 0.551 0.551 0.5685 0.5685 0.6095 0.6095
0.6335 0.608 0.608 0.5865 0.5865 0.5865 0.5235 0.5235 0.5955 0.5955 0.633 0.633 0.6245 0.6245 0.6245 0.6345 0.6345 0.637 0.637 0.623 0.623 0.623 0.6385 0.6385 0.598 0.598 0.557 0.557 0.557 0.539 0.539 0.518 0.518 0.665 0.665 0.665 0.596 0.596 0.58 0.58 0.5785 0.5785 0.5785 0.6325 0.6325 0.678 0.678 0.701 0.701 0.65 0.65 0.65 0.6415 0.6415 0.6555001 0.6555001 0.643 0.643 0.643 0.6045 0.6045 0.587 0.587 0.625 0.625 0.625 0.6205 0.6205 0.597 0.597 0.5779999 0.5779999 0.5779999 0.589 0.589 0.62 0.62
0.6335 0.608 0.608 0.5865 0.5865 0.5865 0.5235 0.5235 0.5955 0.5955 0.633 0.633 0.6245 0.6245 0.6245 0.6345 0.6345 0.637 0.637 0.623 0.623 0.623 0.6385 0.6385 0.598 0.598 0.557 0.557 0.557 0.539 0.539 0.518 0.518 0.665 0.665 0.665 0.596 0.596 0.58 0.58 0.5785 0.5785 0.5785 0.6325 0.6325 0.678 0.678 0.701 0.701 0.65 0.65 0.65 0.6415 0.6415 0.6555001 0.6555001 0.643 0.643 0.643 0.6045 0.6045 0.587 0.587 0.625 0.625 0.625 0.6205 0.6205 0.597 0.597 0.5779999 0.5779999 0.5779999 0.589 0.589 0.62 0.62
0.649 0.64 0.64 0.6375 0.6375 0.6375 0.581 0.581 0.59 0.59 0.612 0.612 0.612 0.612 0.612 0.633 0.633 0.6185 0.6185 0.633 0.633 0.633 0.638 0.638 0.6525 0.6525 0.579 0.579 0.579 0.618 0.618 0.6035 0.6035 0.596 0.596 0.596 0.553 0.553 0.5955 0.5955 0.5935 0.5935 0.5935 0.675 0.675 0.6799999 0.6799999 0.697 0.697 0.7075 0.7075 0.7075 0.6945 0.6945 0.6765 0.6765 0.6315 0.6315 0.6315 0.6395 0.6395 0.5595 0.5595 0.5815001 0.5815001 0.5815001 0.5685 0.5685 0.565 0.565 0.595 0.595 0.595 0.6125 0.6125 0.5565 0.5565
0.649 0.64 0.64 0.6375 0.6375 0.6375 0.581 0.581 0.59 0.59 0.612 0.612 0.612 0.612 0.612 0.633 0.633 0.6185 0.6185 0.633 0.633 0.633 0.638 0.638 0.6525 0.6525 0.579 0.579 0.579 0.618 0.618 0.6035 0.6035 0.596 0.596 0.596 0.553 0.553 0.5955 0.5955 0.5935 0.5935 0.5935 0.675 0.675 0.6799999 0.6799999 0.697 0.697 0.7075 0.7075 0.7075 0.6945 0.6945 0.6765 0.6765 0.6315 0.6315 0.6315 0.6395 0.6395 0.5595 0.5595 0.5815001 0.5815001 0.5815001 0.5685 0.5685 0.565 0.565 0.595 0.595 0.595 0.6125 0.6125 0.5565 0.5565
0.628 0.649 0.649 0.625 0.625 0.625 0.582 0.582 0.6375 0.6375 0.628 0.628 0.6305 0.6305 0.6305 0.6315 0.6315 0.6295 0.6295 0.6145 0.6145 0.6145 0.6404999 0.6404999 0.644 0.644 0.6535 0.6535 0.6535 0.688 0.688 0.6225 0.6225 0.605 0.605 0.605 0.6025 0.6025 0.6210001 0.6210001 0.6155 0.6155 0.6155 0.6525 0.6525 0.689 0.689 0.6925 0.6925 0.702 0.702 0.702 0.672 0.672 0.658 0.658 0.639 0.639 0.639 0.6655 0.6655 0.603 0.603 0.6265 0.6265 0.6265 0.587 0.587 0.633 0.633 0.5655 0.5655 0.5655 0.637 0.637 0.577 0.577
0.628 0.649 0.649 0.625 0.625 0.625 0.582 0.582 0.6375 0.6375 0.628 0.628 0.6305 0.6305 0.6305 0.6315 0.6315 0.6295 0.6295 0.6145 0.6145 0.6145 0.6404999 0.6404999 0.644 0.644 0.6535 0.6535 0.6535 0.688 0.688 0.6225 0.6225 0.605 0.605 0.605 0.6025 0.6025 0.6210001 0.6210001 0.6155 0.6155 0.6155 0.6525 0.6525 0.689 0.689 0.6925 0.6925 0.702 0.702 0.702 0.672 0.672 0.658 0.658 0.639 0.639 0.639 0.6655 0.6655 0.603 0.603 0.6265 0.6265 0.6265 0.587 0.587 0.633 0.633 0.5655 0.5655 0.5655 0.637 0.637 0.577 0.577
0.628 0.649 0.649 0.625 0.625 0.625 0.582 0.582 0.6375 0.6375 0.628 0.628 0.6305 0.6305 0.6305 0.6315 0.6315 0.6295 0.6295 0.6145 0.6145 0.6145 0.6404999 0.6404999 0.644 0.644 0.6535 0.6535 0.6535 0.688 0.688 0.6225 0.6225 0.605 0.605 0.605 0.6025 0.6025 0.6210001 0.6210001 0.6155 0.6155 0.6155 0.6525 0.6525 0.689 0.689 0.6925 0.6925 0.702 0.702 0.702 0.672 0.672 0.658 0.658 0.639 0.639 0.639 0.6655 0.6655 0.603 0.603 0.6265 0.6265 0.6265 0.587 0.587 0.633 0.633 0.5655 0.5655 0.5655 0.637 0.637 0.577 0.577
0.628 0.6315 0.6315 0.637 0.637 0.637 0.5875 0.5875 0.6035 0.6035 0.6065 0.6065 0.6415 0.6415 0.6415 0.624 0.624 0.63 0.63 0.634 0.634 0.634 0.607 0.607 0.664 0.664 0.636 0.636 0.636 0.6845 0.6845 0.7115 0.7115 0.6155 0.6155 0.6155 0.623 0.623 0.6555 0.6555 0.663 0.663 0.663 0.6945 0.6945 0.684 0.684 0.682 0.682 0.6735 0.6735 0.6735 0.6705 0.6705 0.6720001 0.6720001 0.653 0.653 0.653 0.666 0.666 0.66 0.66 0.63 0.63 0.63 0.6265 0.6265 0.636 0.636 0.6615 0.6615 0.6615 0.626 0.626 0.57 0.57
0.628 0.6315 0.6315 0.637 0.637 0.637 0.5875 0.5875 0.6035 0.6035 0.6065 0.6065 0.6415 0.6415 0.6415 0.624 0.624 0.63 0.63 0.634 0.634 0.634 0.607 0.607 0.664 0.664 0.636 0.636 0.636 0.6845 0.6845 0.7115 0.7115 0.6155 0.6155 0.6155 0.623 0.623 0.6555 0.6555 0.663 0.663 0.663 0.6945 0.6945 0.684 0.684 0.682 0.682 0.6735 0.6735 0.6735 0.6705 0.6705 0.6720001 0.6720001 0.653 0.653 0.653 0.666 0.666 0.66 0.66 0.63 0.63 0.63 0.6265 0.6265 0.636 0.636 0.6615 0.6615 0.6615 0.626 0.626 0.57 0.57
0.652 0.6215 0.6215 0.629 0.629 0.629 0.597 0.597 0.6225 0.6225 0.64 0.64 0.6415 0.6415 0.6415 0.64 0.64 0.6335 0.6335 0.644 0.644 0.644 0.663 0.663 0.689 0.689 0.703 0.703 0.703 0.6445 0.6445 0.6725 0.6725 0.605 0.605 0.605 0.6565 0.6565 0.6585 0.6585 0.675 0.675 0.675 0.7045 0.7045 0.671 0.671 0.7095 0.7095 0.742 0.742 0.742 0.688 0.688 0.685 0.685 0.7255 0.7255 0.7255 0.71 0.71 0.6815 0.6815 0.676 0.676 0.676 0.6575 0.6575 0.648 0.648 0.6605 0.6605 0.6605 0.6325 0.6325 0.6475 0.6475
0.652 0.6215 0.6215 0.629 0.629 0.629 0.597 0.597 0.6225 0.6225 0.64 0.64 0.6415 0.6415 0.6415 0.64 0.64 0.6335 0.6335 0.644 0.644 0.644 0.663 0.663 0.689 0.689 0.703 0.703 0.703 0.6445 0.6445 0.6725 0.6725 0.605 0.605 0.605 0.6565 0.6565 0.6585 0.6585 0.675 0.675 0.675 0.7045 0.7045 0.671 0.671 0.7095 0.7095 0.742 0.742 0.742 0.688 0.688 0.685 0.685 0.7255 0.7255 0.7255 0.71 0.71 0.6815 0.6815 0.676 0.676 0.676 0.6575 0.6575 0.648 0.648 0.6605 0.6605 0.6605 0.6325 0.6325 0.6475 0.6475
0.6265 0.637 0.637 0.669 0.669 0.669 0.6265 0.6265 0.6355 0.6355 0.627 0.627 0.6676 0.6676 0.6676 0.6655 0.6655 0.6445 0.6445 0.627 0.627 0.627 0.6684999 0.6684999 0.7095 0.7095 0.7185 0.7185 0.7185 0.675 0.675 0.6515 0.6515 0.635 0.635 0.635 0.665 0.665 0.6755 0.6755 0.704 0.704 0.704 0.687 0.687 0.7285 0.7285 0.6985 0.6985 0.712 0.712 0.712 0.731 0.731 0.692 0.692 0.7275 0.7275 0.7275 0.713 0.713 0.658 0.658 0.673 0.673 0.673 0.657 0.657 0.6475 0.6475 0.673 0.673 0.673 0.656 0.656 0.649 0.649
0.6265 0.637 0.637 0.669 0.669 0.669 0.6265 0.6265 0.6355 0.6355 0.627 0.627 0.6676 0.6676 0.6676 0.6655 0.6655 0.6445 0.6445 0.627 0.627 0.627 0.6684999 0.6684999 0.7095 0.7095 0.7185 0.7185 0.7185 0.675 0.675 0.6515 0.6515 0.635 0.635 0.635 0.665 0.665 0.6755 0.6755 0.704 0.704 0.704 0.687 0.687 0.7285 0.7285 0.6985 0.6985 0.712 0.712 0.712 0.731 0.731 0.692 0.692 0.7275 0.7275 0.7275 0.713 0.713 0.658 0.658 0.673 0.673 0.673 0.657 0.657 0.6475 0.6475 0.673 0.673 0.673 0.656 0.656 0.649 0.649
0.6265 0.637 0.637 0.669 0.669 0.669 0.6265 0.6265 0.6355 0.6355 0.627 0.627 0.6676 0.6676 0.6676 0.6655 0.6655 0.6445 0.6445 0.627 0.627 0.627 0.6684999 0.6684999 0.7095 0.7095 0.7185 0.7185 0.7185 0.675 0.675 0.6515 0.6515 0.635 0.635 0.635 0.665 0.665 0.6755 0.6755 0.704 0.704 0.704 0.687 0.687 0.7285 0.7285 0.6985 0.6985 0.712 0.712 0.712 0.731 0.731 0.692 0.692 0.7275 0.7275 0.7275 0.713 0.713 0.658 0.658 0.673 0.673 0.673 0.657 0.657 0.6475 0.6475 0.673 0.673 0.673 0.656 0.656 0.649 0.649
