ndvi/NOAA-72.asc
ncols         252
nrows         154
xllcorner     -18.017974
yllcorner     13.481982
cellsize      0.035948
NODATA_value  -9999
[rows 105 to 139 of 154, columns 154 to 230 of 252]
0.247 0.2525 0.2525 0.2055 0.2055 0.2055 0.224 0.224 0.2285 0.2285 0.2355 0.2355 0.233 0.233 0.233 0.232 0.232 0.252 0.252 0.247 0.247 0.247 0.2415 0.2415 0.2355 0.2355 0.245 0.245 0.245 0.2545 0.2545 0.2555 0.2555 0.242 0.242 0.242 0.232 0.232 0.2345 0.2345 0.2425 0.2425 0.2425 0.2435 0.2435 0.246 0.246 0.273 0.273 0.291 0.291 0.291 0.2635 0.2635 0.23 0.23 0.2335 0.2335 0.2335 0.221 0.221 0.226 0.226 0.2365 0.2365 0.2365 0.2345 0.2345 0.2345 0.2345 0.236 0.236 0.236 0.24 0.24 0.2415 0.2415
0.226 0.24 0.24 0.2525 0.2525 0.2525 0.2355 0.2355 0.222 0.222 0.25 0.25 0.232 0.232 0.232 0.2305 0.2305 0.231 0.231 0.2075 0.2075 0.2075 0.2155 0.2155 0.2355 0.2355 0.246 0.246 0.246 0.2595 0.2595 0.2755 0.2755 0.275 0.275 0.275 0.268 0.268 0.2615 0.2615 0.292 0.292 0.292 0.2995 0.2995 0.299 0.299 0.288 0.288 0.291 0.291 0.291 0.2935 0.2935 0.281 0.281 0.2735 0.2735 0.2735 0.2135 0.2135 0.2255 0.2255 0.233 0.233 0.233 0.2285 0.2285 0.239 0.239 0.2335 0.2335 0.2335 0.2595 0.2595 0.2495 0.2495
0.226 0.24 0.24 0.2525 0.2525 0.2525 0.2355 0.2355 0.222 0.222 0.25 0.25 0.232 0.232 0.232 0.2305 0.2305 0.231 0.231 0.2075 0.2075 0.2075 0.2155 0.2155 0.2355 0.2355 0.246 0.246 0.246 0.2595 0.2595 0.2755 0.2755 0.275 0.275 0.275 0.268 0.268 0.2615 0.2615 0.292 0.292 0.292 0.2995 0.2995 0.299 0.299 0.288 0.288 0.291 0.291 0.291 0.2935 0.2935 0.281 0.281 0.2735 0.2735 0.2735 0.2135 0.2135 0.2255 0.2255 0.233 0.233 0.233 0.2285 0.2285 0.239 0.239 0.2335 0.2335 0.2335 0.2595 0.2595 0.2495 0.2495
0.2495 0.2515 0.2515 0.2645 0.2645 0.2645 0.2415 0.2415 0.244 0.244 0.2555 0.2555 0.2405 0.2405 0.2405 0.2385 0.2385 0.226 0.226 0.2445 0.2445 0.2445 0.223 0.223 0.232 0.232 0.237 0.237 0.237 0.252 0.252 0.267 0.267 0.2775 0.2775 0.2775 0.262 0.262 0.2765 0.2765 0.29 0.29 0.29 0.2895 0.2895 0.272 0.272 0.2715 0.2715 0.2675 0.2675 0.2675 0.301 0.301 0.2755 0.2755 0.26 0.26 0.26 0.2455 0.2455 0.2375 0.2375 0.242 0.242 0.242 0.23 0.23 0.228 0.228 0.2465 0.2465 0.2465 0.2575 0.2575 0.2525 0.2525
0.2495 0.2515 0.2515 0.2645 0.2645 0.2645 0.2415 0.2415 0.244 0.244 0.2555 0.2555 0.2405 0.2405 0.2405 0.2385 0.2385 0.226 0.226 0.2445 0.2445 0.2445 0.223 0.223 0.232 0.232 0.237 0.237 0.237 0.252 0.252 0.267 0.267 0.2775 0.2775 0.2775 0.262 0.262 0.2765 0.2765 0.29 0.29 0.29 0.2895 0.2895 0.272 0.272 0.2715 0.2715 0.2675 0.2675 0.2675 0.301 0.301 0.2755 0.2755 0.26 0.26 0.26 0.2455 0.2455 0.2375 0.2375 0.242 0.242 0.242 0.23 0.23 0.228 0.228 0.2465 0.2465 0.2465 0.2575 0.2575 0.2525 0.2525
0.253 0.2655 0.2655 0.3015 0.3015 0.3015 0.2615 0.2615 0.2535 0.2535 0.255 0.255 0.2555 0.2555 0.2555 0.25 0.25 0.234 0.234 0.243 0.243 0.243 0.2555 0.2555 0.2595 0.2595 0.2595 0.2595 0.2595 0.245 0.245 0.2725 0.2725 0.2695 0.2695 0.2695 0.2765 0.2765 0.291 0.291 0.2735 0.2735 0.2735 0.2685 0.2685 0.263 0.263 0.2625 0.2625 0.2535 0.2535 0.2535 0.2515 0.2515 0.27 0.27 0.287 0.287 0.287 0.255 0.255 0.25 0.25 0.257 0.257 0.257 0.254 0.254 0.253 0.253 0.249 0.249 0.249 0.255 0.255 0.2745 0.2745
0.253 0.2655 0.2655 0.3015 0.3015 0.3015 0.2615 0.2615 0.2535 0.2535 0.255 0.255 0.2555 0.2555 0.2555 0.25 0.25 0.234 0.234 0.243 0.243 0.243 0.2555 0.2555 0.2595 0.2595 0.2595 0.2595 0.2595 0.245 0.245 0.2725 0.2725 0.2695 0.2695 0.2695 0.2765 0.2765 0.291 0.291 0.2735 0.2735 0.2735 0.2685 0.2685 0.263 0.263 0.2625 0.2625 0.2535 0.2535 0.2535 0.2515 0.2515 0.27 0.27 0.287 0.287 0.287 0.255 0.255 0.25 0.25 0.257 0.257 0.257 0.254 0.254 0.253 0.253 0.249 0.249 0.249 0.255 0.255 0.2745 0.2745
0.253 0.2655 0.2655 0.3015 0.3015 0.3015 0.2615 0.2615 0.2535 0.2535 0.255 0.255 0.2555 0.2555 0.2555 0.25 0.25 0.234 0.234 0.243 0.243 0.243 0.2555 0.2555 0.2595 0.2595 0.2595 0.2595 0.2595 0.245 0.245 0.2725 0.2725 0.2695 0.2695 0.2695 0.2765 0.2765 0.291 0.291 0.2735 0.2735 0.2735 0.2685 0.2685 0.263 0.263 0.2625 0.2625 0.2535 0.2535 0.2535 0.2515 0.2515 0.27 0.27 0.287 0.287 0.287 0.255 0.255 0.25 0.25 0.257 0.257 0.257 0.254 0.254 0.253 0.253 0.249 0.249 0.249 0.255 0.255 0.2745 0.2745
0.2445 0.2615 0.2615 0.26 0.26 0.26 0.2585 0.2585 0.258 0.258 0.254 0.254 0.2475 0.2475 0.2475 0.263 0.263 0.27 0.27 0.258 0.258 0.258 0.2515 0.2515 0.258 0.258 0.267 0.267 0.267 0.2505 0.2505 0.266 0.266 0.2965 0.2965 0.2965 0.2915 0.2915 0.247 0.247 0.2665 0.2665 0.2665 0.27 0.27 0.266 0.266 0.2785 0.2785 0.253 0.253 0.253 0.285 0.285 0.2455 0.2455 0.233 0.233 0.233 0.261 0.261 0.256 0.256 0.243 0.243 0.243 0.238 0.238 0.2435 0.2435 0.2435 0.2435 0.2435 0.259 0.259 0.281 0.281
0.2445 0.2615 0.2615 0.26 0.26 0.26 0.2585 0.2585 0.258 0.258 0.254 0.254 0.2475 0.2475 0.2475 0.263 0.263 0.27 0.27 0.258 0.258 0.258 0.2515 0.2515 0.258 0.258 0.267 0.267 0.267 0.2505 0.2505 0.266 0.266 0.2965 0.2965 0.2965 0.2915 0.2915 0.247 0.247 0.2665 0.2665 0.2665 0.27 0.27 0.266 0.266 0.2785 0.2785 0.253 0.253 0.253 0.285 0.285 0.2455 0.2455 0.233 0.233 0.233 0.261 0.261 0.256 0.256 0.243 0.243 0.243 0.238 0.238 0.2435 0.2435 0.2435 0.2435 0.2435 0.259 0.259 0.281 0.281
0.255 0.2575 0.2575 0.249 0.249 0.249 0.257 0.257 0.249 0.249 0.229 0.229 0.2615 0.2615 0.2615 0.27 0.27 0.262 0.262 0.2485 0.2485 0.2485 0.2605 0.2605 0.259 0.259 0.2665 0.2665 0.2665 0.2545 0.2545 0.266 0.266 0.276 0.276 0.276 0.2735 0.2735 0.243 0.243 0.261 0.261 0.261 0.274 0.274 0.2775 0.2775 0.271 0.271 0.2745 0.2745 0.2745 0.2395 0.2395 0.253 0.253 0.2815 0.2815 0.2815 0.277 0.277 0.2435 0.2435 0.2565 0.2565 0.2565 0.2565 0.2565 0.246 0.246 0.257 0.257 0.257 0.258 0.258 0.269 0.269
0.255 0.2575 0.2575 0.249 0.249 0.249 0.257 0.257 0.249 0.249 0.229 0.229 0.2615 0.2615 0.2615 0.27 0.27 0.262 0.262 0.2485 0.2485 0.2485 0.2605 0.2605 0.259 0.259 0.2665 0.2665 0.2665 0.2545 0.2545 0.266 0.266 0.276 0.276 0.276 0.2735 0.2735 0.243 0.243 0.261 0.261 0.261 0.274 0.274 0.2775 0.2775 0.271 0.271 0.2745 0.2745 0.2745 0.2395 0.2395 0.253 0.253 0.2815 0.2815 0.2815 0.277 0.277 0.2435 0.2435 0.2565 0.2565 0.2565 0.2565 0.2565 0.246 0.246 0.257 0.257 0.257 0.258 0.258 0.269 0.269
0.273 0.27 0.27 0.265 0.265 0.265 0.279 0.279 0.242 0.242 0.2605 0.2605 0.269 0.269 0.269 0.2685 0.2685 0.269 0.269 0.2645 0.2645 0.2645 0.2615 0.2615 0.2525 0.2525 0.2615 0.2615 0.2615 0.266 0.266 0.276 0.276 0.2605 0.2605 0.2605 0.2425 0.2425 0.245 0.245 0.282 0.282 0.282 0.273 0.273 0.2865 0.2865 0.244 0.244 0.2705 0.2705 0.2705 0.2755 0.2755 0.2855 0.2855 0.2585 0.2585 0.2585 0.2895 0.2895 0.2925 0.2925 0.2735 0.2735 0.2735 0.2845 0.2845 0.293 0.293 0.2675 0.2675 0.2675 0.257 0.257 0.2535 0.2535
0.273 0.27 0.27 0.265 0.265 0.265 0.279 0.279 0.242 0.242 0.2605 0.2605 0.269 0.269 0.269 0.2685 0.2685 0.269 0.269 0.2645 0.2645 0.2645 0.2615 0.2615 0.2525 0.2525 0.2615 0.2615 0.2615 0.266 0.266 0.276 0.276 0.2605 0.2605 0.2605 0.2425 0.2425 0.245 0.245 0.282 0.282 0.282 0.273 0.273 0.2865 0.2865 0.244 0.244 0.2705 0.2705 0.2705 0.2755 0.2755 0.2855 0.2855 0.2585 0.2585 0.2585 0.2895 0.2895 0.2925 0.2925 0.2735 0.2735 0.2735 0.2845 0.2845 0.293 0.293 0.2675 0.2675 0.2675 0.257 0.257 0.2535 0.2535
0.273 0.27 0.27 0.265 0.265 0.265 0.279 0.279 0.242 0.242 0.2605 0.2605 0.269 0.269 0.269 0.2685 0.2685 0.269 0.269 0.2645 0.2645 0.2645 0.2615 0.2615 0.2525 0.2525 0.2615 0.2615 0.2615 0.266 0.266 0.276 0.276 0.2605 0.2605 0.2605 0.2425 0.2425 0.245 0.245 0.282 0.282 0.282 0.273 0.273 0.2865 0.2865 0.244 0.244 0.2705 0.2705 0.2705 0.2755 0.2755 0.2855 0.2855 0.2585 0.2585 0.2585 0.2895 0.2895 0.2925 0.2925 0.2735 0.2735 0.2735 0.2845 0.2845 0.293 0.293 0.2675 0.2675 0.2675 0.257 0.257 0.2535 0.2535
0.258 0.26 0.26 0.2655 0.2655 0.2655 0.254 0.254 0.251 0.251 0.251 0.251 0.265 0.265 0.265 0.2815 0.2815 0.286 0.286 0.2945 0.2945 0.2945 0.2845 0.2845 0.2875 0.2875 0.256 0.256 0.256 0.2485 0.2485 0.26 0.26 0.243 0.243 0.243 0.25 0.25 0.281 0.281 0.283 0.283 0.283 0.3115 0.3115 0.3265 0.3265 0.3155 0.3155 0.301 0.301 0.301 0.3255 0.3255 0.277 0.277 0.2925 0.2925 0.2925 0.2835 0.2835 0.2875 0.2875 0.309 0.309 0.309 0.31 0.31 0.308 0.308 0.2775 0.2775 0.2775 0.264 0.264 0.263 0.263
0.258 0.26 0.26 0.2655 0.2655 0.2655 0.254 0.254 0.251 0.251 0.251 0.251 0.265 0.265 0.265 0.2815 0.2815 0.286 0.286 0.2945 0.2945 0.2945 0.2845 0.2845 0.2875 0.2875 0.256 0.256 0.256 0.2485 0.2485 0.26 0.26 0.243 0.243 0.243 0.25 0.25 0.281 0.281 0.283 0.283 0.283 0.3115 0.3115 0.3265 0.3265 0.3155 0.3155 0.301 0.301 0.301 0.3255 0.3255 0.277 0.277 0.2925 0.2925 0.2925 0.2835 0.2835 0.2875 0.2875 0.309 0.309 0.309 0.31 0.31 0.308 0.308 0.2775 0.2775 0.2775 0.264 0.264 0.263 0.263
0.257 0.2565 0.2565 0.247 0.247 0.247 0.239 0.239 0.255 0.255 0.266 0.266 0.2825 0.2825 0.2825 0.306 0.306 0.305 0.305 0.2885 0.2885 0.2885 0.2865 0.2865 0.279 0.279 0.2495 0.2495 0.2495 0.247 0.247 0.2615 0.2615 0.2745 0.2745 0.2745 0.295 0.295 0.307 0.307 0.307 0.307 0.307 0.3045 0.3045 0.3135 0.3135 0.314 0.314 0.297 0.297 0.297 0.305 0.305 0.2965 0.2965 0.305 0.305 0.305 0.3035 0.3035 0.2825 0.2825 0.3095 0.3095 0.3095 0.31 0.31 0.3005 0.3005 0.2865 0.2865 0.2865 0.2685 0.2685 0.2755 0.2755
0.257 0.2565 0.2565 0.247 0.247 0.247 0.239 0.239 0.255 0.255 0.266 0.266 0.2825 0.2825 0.2825 0.306 0.306 0.305 0.305 0.2885 0.2885 0.2885 0.2865 0.2865 0.279 0.279 0.2495 0.2495 0.2495 0.247 0.247 0.2615 0.2615 0.2745 0.2745 0.2745 0.295 0.295 0.307 0.307 0.307 0.307 0.307 0.3045 0.3045 0.3135 0.3135 0.314 0.314 0.297 0.297 0.297 0.305 0.305 0.2965 0.2965 0.305 0.305 0.305 0.3035 0.3035 0.2825 0.2825 0.3095 0.3095 0.3095 0.31 0.31 0.3005 0.3005 0.2865 0.2865 0.2865 0.2685 0.2685 0.2755 0.2755
0.283 0.284 0.284 0.272 0.272 0.272 0.2515 0.2515 0.2305 0.2305 0.279 0.279 0.282 0.282 0.282 0.3075 0.3075 0.299 0.299 0.285 0.285 0.285 0.288 0.288 0.3015 0.3015 0.285 0.285 0.285 0.2525 0.2525 0.274 0.274 0.2815 0.2815 0.2815 0.2445 0.2445 0.2795 0.2795 0.2895 0.2895 0.2895 0.283 0.283 0.306 0.306 0.2755 0.2755 0.2885 0.2885 0.2885 0.2965 0.2965 0.2825 0.2825 0.2895 0.2895 0.2895 0.3045 0.3045 0.3015 0.3015 0.283 0.283 0.283 0.283 0.283 0.2995 0.2995 0.2955 0.2955 0.2955 0.2865 0.2865 0.295 0.295
0.283 0.284 0.284 0.272 0.272 0.272 0.2515 0.2515 0.2305 0.2305 0.279 0.279 0.282 0.282 0.282 0.3075 0.3075 0.299 0.299 0.285 0.285 0.285 0.288 0.288 0.3015 0.3015 0.285 0.285 0.285 0.2525 0.2525 0.274 0.274 0.2815 0.2815 0.2815 0.2445 0.2445 0.2795 0.2795 0.2895 0.2895 0.2895 0.283 0.283 0.306 0.306 0.2755 0.2755 0.2885 0.2885 0.2885 0.2965 0.2965 0.2825 0.2825 0.2895 0.2895 0.2895 0.3045 0.3045 0.3015 0.3015 0.283 0.283 0.283 0.283 0.283 0.2995 0.2995 0.2955 0.2955 0.2955 0.2865 0.2865 0.295 0.295
0.281 0.2885 0.2885 0.282 0.282 0.282 0.257 0.257 0.2645 0.2645 0.2795 0.2795 0.287 0.287 0.287 0.2815 0.2815 0.2945 0.2945 0.2825 0.2825 0.2825 0.2875 0.2875 0.293 0.293 0.292 0.292 0.292 0.282 0.282 0.2845 0.2845 0.277 0.277 0.277 0.2715 0.2715 0.2985 0.2985 0.299 0.299 0.299 0.305 0.305 0.3155 0.3155 0.286 0.286 0.334 0.334 0.334 0.3245 0.3245 0.314 0.314 0.3195 0.3195 0.3195 0.314 0.314 0.3045 0.3045 0.286 0.286 0.286 0.268 0.268 0.303 0.303 0.2655 0.2655 0.2655 0.259 0.259 0.2545 0.2545
0.281 0.2885 0.2885 0.282 0.282 0.282 0.257 0.257 0.2645 0.2645 0.2795 0.2795 0.287 0.287 0.287 0.2815 0.2815 0.2945 0.2945 0.2825 0.2825 0.2825 0.2875 0.2875 0.293 0.293 0.292 0.292 0.292 0.282 0.282 0.2845 0.2845 0.277 0.277 0.277 0.2715 0.2715 0.2985 0.2985 0.299 0.299 0.299 0.305 0.305 0.3155 0.3155 0.286 0.286 0.334 0.334 0.334 0.3245 0.3245 0.314 0.314 0.3195 0.3195 0.3195 0.314 0.314 0.3045 0.3045 0.286 0.286 0.286 0.268 0.268 0.303 0.303 0.2655 0.2655 0.2655 0.259 0.259 0.2545 0.2545
0.281 0.2885 0.2885 0.282 0.282 0.282 0.257 0.257 0.2645 0.2645 0.2795 0.2795 0.287 0.287 0.287 0.2815 0.2815 0.2945 0.2945 0.2825 0.2825 0.2825 0.2875 0.2875 0.293 0.293 0.292 0.292 0.292 0.282 0.282 0.2845 0.2845 0.277 0.277 0.277 0.2715 0.2715 0.2985 0.2985 0.299 0.299 0.299 0.305 0.305 0.3155 0.3155 0.286 0.286 0.334 0.334 0.334 0.3245 0.3245 0.314 0.314 0.3195 0.3195 0.3195 0.314 0.314 0.3045 0.3045 0.286 0.286 0.286 0.268 0.268 0.303 0.303 0.2655 0.2655 0.2655 0.259 0.259 0.2545 0.2545
0.2825 0.3 0.3 0.294 0.294 0.294 0.2635 0.2635 0.2575 0.2575 0.2925 0.2925 0.282 0.282 0.282 0.278 0.278 0.266 0.266 0.284 0.284 0.284 0.286 0.286 0.2825 0.2825 0.283 0.283 0.283 0.2855 0.2855 0.2865 0.2865 0.253 0.253 0.253 0.261 0.261 0.293 0.293 0.309 0.309 0.309 0.2925 0.2925 0.334 0.334 0.3355 0.3355 0.3275 0.3275 0.3275 0.318 0.318 0.3245 0.3245 0.309 0.309 0.309 0.323 0.323 0.291 0.291 0.2915 0.2915 0.2915 0.3105 0.3105 0.317 0.317 0.299 0.299 0.299 0.293 0.293 0.3075 0.3075
0.2825 0.3 0.3 0.294 0.294 0.294 0.2635 0.2635 0.2575 0.2575 0.2925 0.2925 0.282 0.282 0.282 0.278 0.278 0.266 0.266 0.284 0.284 0.284 0.286 0.286 0.2825 0.2825 0.283 0.283 0.283 0.2855 0.2855 0.2865 0.2865 0.253 0.253 0.253 0.261 0.261 0.293 0.293 0.309 0.309 0.309 0.2925 0.2925 0.334 0.334 0.3355 0.3355 0.3275 0.3275 0.3275 0.318 0.318 0.3245 0.3245 0.309 0.309 0.309 0.323 0.323 0.291 0.291 0.2915 0.2915 0.2915 0.3105 0.3105 0.317 0.317 0.299 0.299 0.299 0.293 0.293 0.3075 0.3075
0.2995 0.2705 0.2705 0.2725 0.2725 0.2725 0.2515 0.2515 0.272 0.272 0.262 0.262 0.278 0.278 0.278 0.284 0.284 0.291 0.291 0.2875 0.2875 0.2875 0.3005 0.3005 0.294 0.294 0.3025 0.3025 0.3025 0.3 0.3 0.2975 0.2975 0.2925 0.2925 0.2925 0.2935 0.2935 0.2925 0.2925 0.2995 0.2995 0.2995 0.3245 0.3245 0.324 0.324 0.344 0.344 0.312 0.312 0.312 0.32 0.32 0.335 0.335 0.3395 0.3395 0.3395 0.353 0.353 0.32 0.32 0.292 0.292 0.292 0.296 0.296 0.3115 0.3115 0.3195 0.3195 0.3195 0.294 0.294 0.3005 0.3005
0.2995 0.2705 0.2705 0.2725 0.2725 0.2725 0.2515 0.2515 0.272 0.272 0.262 0.262 0.278 0.278 0.278 0.284 0.284 0.291 0.291 0.2875 0.2875 0.2875 0.3005 0.3005 0.294 0.294 0.3025 0.3025 0.3025 0.3 0.3 0.2975 0.2975 0.2925 0.2925 0.2925 0.2935 0.2935 0.2925 0.2925 0.2995 0.2995 0.2995 0.3245 0.3245 0.324 0.324 0.344 0.344 0.312 0.312 0.312 0.32 0.32 0.335 0.335 0.3395 0.3395 0.3395 0.353 0.353 0.32 0.32 0.292 0.292 0.292 0.296 0.296 0.3115 0.3115 0.3195 0.3195 0.3195 0.294 0.294 0.3005 0.3005
0.2785 0.2995 0.2995 0.282 0.282 0.282 0.258 0.258 0.2905 0.2905 0.28 0.28 0.303 0.303 0.303 0.307 0.307 0.282 0.282 0.294 0.294 0.294 0.291 0.291 0.2755 0.2755 0.303 0.303 0.303 0.29 0.29 0.2915 0.2915 0.263 0.263 0.263 0.3095 0.3095 0.2865 0.2865 0.2715 0.2715 0.2715 0.3055 0.3055 0.358 0.358 0.328 0.328 0.333 0.333 0.333 0.3305 0.3305 0.358 0.358 0.3155 0.3155 0.3155 0.347 0.347 0.312 0.312 0.3105 0.3105 0.3105 0.334 0.334 0.3255 0.3255 0.3235 0.3235 0.3235 0.3115 0.3115 0.3025 0.3025
0.2785 0.2995 0.2995 0.282 0.282 0.282 0.258 0.258 0.2905 0.2905 0.28 0.28 0.303 0.303 0.303 0.307 0.307 0.282 0.282 0.294 0.294 0.294 0.291 0.291 0.2755 0.2755 0.303 0.303 0.303 0.29 0.29 0.2915 0.2915 0.263 0.263 0.263 0.3095 0.3095 0.2865 0.2865 0.2715 0.2715 0.2715 0.3055 0.3055 0.358 0.358 0.328 0.328 0.333 0.333 0.333 0.3305 0.3305 0.358 0.358 0.3155 0.3155 0.3155 0.347 0.347 0.312 0.312 0.3105 0.3105 0.3105 0.334 0.334 0.3255 0.3255 0.3235 0.3235 0.3235 0.3115 0.3115 0.3025 0.3025
0.2785 0.2995 0.2995 0.282 0.282 0.282 0.258 0.258 0.2905 0.2905 0.28 0.28 0.303 0.303 0.303 0.307 0.307 0.282 0.282 0.294 0.294 0.294 0.291 0.291 0.2755 0.2755 0.303 0.303 0.303 0.29 0.29 0.2915 0.2915 0.263 0.263 0.263 0.3095 0.3095 0.2865 0.2865 0.2715 0.2715 0.2715 0.3055 0.3055 0.358 0.358 0.328 0.328 0.333 0.333 0.333 0.3305 0.3305 0.358 0.358 0.3155 0.3155 0.3155 0.347 0.347 0.312 0.312 0.3105 0.3105 0.3105 0.334 0.334 0.3255 0.3255 0.3235 0.3235 0.3235 0.3115 0.3115 0.3025 0.3025
0.2805 0.2975 0.2975 0.275 0.275 0.275 0.2735 0.2735 0.277 0.277 0.2785 0.2785 0.284 0.284 0.284 0.288 0.288 0.313 0.313 0.2805 0.2805 0.2805 0.2935 0.2935 0.275 0.275 0.2925 0.2925 0.2925 0.32 0.32 0.312 0.312 0.303 0.303 0.303 0.2925 0.2925 0.255 0.255 0.3035 0.3035 0.3035 0.3765 0.3765 0.4051 0.4051 0.3275 0.3275 0.3365 0.3365 0.3365 0.345 0.345 0.371 0.371 0.3615 0.3615 0.3615 0.362 0.362 0.3405 0.3405 0.33 0.33 0.33 0.289 0.289 0.273 0.273 0.315 0.315 0.315 0.319 0.319 0.322 0.322
0.2805 0.2975 0.2975 0.275 0.275 0.275 0.2735 0.2735 0.277 0.277 0.2785 0.2785 0.284 0.284 0.284 0.288 0.288 0.313 0.313 0.2805 0.2805 0.2805 0.2935 0.2935 0.275 0.275 0.2925 0.2925 0.2925 0.32 0.32 0.312 0.312 0.303 0.303 0.303 0.2925 0.2925 0.255 0.255 0.3035 0.3035 0.3035 0.3765 0.3765 0.4051 0.4051 0.3275 0.3275 0.3365 0.3365 0.3365 0.345 0.345 0.371 0.371 0.3615 0.3615 0.3615 0.362 0.362 0.3405 0.3405 0.33 0.33 0.33 0.289 0.289 0.273 0.273 0.315 0.315 0.315 0.319 0.319 0.322 0.322
0.2705 0.284 0.284 0.2765 0.2765 0.2765 0.2595 0.2595 0.2905 0.2905 0.28 0.28 0.267 0.267 0.267 0.265 0.265 0.2925 0.2925 0.2945 0.2945 0.2945 0.2685 0.2685 0.291 0.291 0.271 0.271 0.271 0.3025 0.3025 0.3245 0.3245 0.279 0.279 0.279 0.265 0.265 0.3015 0.3015 0.294 0.294 0.294 0.3085 0.3085 0.2965 0.2965 0.3265 0.3265 0.3145 0.3145 0.3145 0.319 0.319 0.31 0.31 0.3625 0.3625 0.3625 0.342 0.342 0.3075 0.3075 0.3345 0.3345 0.3345 0.3135 0.3135 0.2665 0.2665 0.313 0.313 0.313 0.323 0.323 0.324 0.324
0.2705 0.284 0.284 0.2765 0.2765 0.2765 0.2595 0.2595 0.2905 0.2905 0.28 0.28 0.267 0.267 0.267 0.265 0.265 0.2925 0.2925 0.2945 0.2945 0.2945 0.2685 0.2685 0.291 0.291 0.271 0.271 0.271 0.3025 0.3025 0.3245 0.3245 0.279 0.279 0.279 0.265 0.265 0.3015 0.3015 0.294 0.294 0.294 0.3085 0.3085 0.2965 0.2965 0.3265 0.3265 0.3145 0.3145 0.3145 0.319 0.319 0.31 0.31 0.3625 0.3625 0.3625 0.342 0.342 0.3075 0.3075 0.3345 0.3345 0.3345 0.3135 0.3135 0.2665 0.2665 0.313 0.313 0.313 0.323 0.323 0.324 0.324
