ndvi/NOAA-135.asc
ncols         252
nrows         154
xllcorner     -18.017974
yllcorner     13.481982
cellsize      0.035948
NODATA_value  -9999
[rows 102 to 135 of 154, columns 154 to 230 of 252]
0.2145 0.205 0.205 0.168 0.168 0.168 0.189 0.189 0.1995 0.1995 0.223 0.223 0.2325 0.2325 0.2325 0.2225 0.2225 0.239 0.239 0.245 0.245 0.245 0.233 0.233 0.2255 0.2255 0.2415 0.2415 0.2415 0.2235 0.2235 0.232 0.232 0.225 0.225 0.225 0.227 0.227 0.23 0.23 0.2315 0.2315 0.2315 0.241 0.241 0.229 0.229 0.242 0.242 0.2245 0.2245 0.2245 0.2065 0.2065 0.2115 0.2115 0.1955 0.1955 0.1955 0.2035 0.2035 0.1995 0.1995 0.211 0.211 0.211 0.207 0.207 0.2055 0.2055 0.191 0.191 0.191 0.2165 0.2165 0.223 0.223
0.2025 0.2125 0.2125 0.2075 0.2075 0.2075 0.2 0.2 0.204 0.204 0.2245 0.2245 0.225 0.225 0.225 0.221 0.221 0.2195 0.2195 0.236 0.236 0.236 0.2265 0.2265 0.2285 0.2285 0.2245 0.2245 0.2245 0.239 0.239 0.2365 0.2365 0.239 0.239 0.239 0.219 0.219 0.227 0.227 0.2275 0.2275 0.2275 0.237 0.237 0.236 0.236 0.2645 0.2645 0.2675 0.2675 0.2675 0.238 0.238 0.2135 0.2135 0.2065 0.2065 0.2065 0.213 0.213 0.2075 0.2075 0.2235 0.2235 0.2235 0.228 0.228 0.231 0.231 0.22 0.22 0.22 0.216 0.216 0.225 0.225
0.2025 0.2125 0.2125 0.2075 0.2075 0.2075 0.2 0.2 0.204 0.204 0.2245 0.2245 0.225 0.225 0.225 0.221 0.221 0.2195 0.2195 0.236 0.236 0.236 0.2265 0.2265 0.2285 0.2285 0.2245 0.2245 0.2245 0.239 0.239 0.2365 0.2365 0.239 0.239 0.239 0.219 0.219 0.227 0.227 0.2275 0.2275 0.2275 0.237 0.237 0.236 0.236 0.2645 0.2645 0.2675 0.2675 0.2675 0.238 0.238 0.2135 0.2135 0.2065 0.2065 0.2065 0.213 0.213 0.2075 0.2075 0.2235 0.2235 0.2235 0.228 0.228 0.231 0.231 0.22 0.22 0.22 0.216 0.216 0.225 0.225
0.2025 0.2125 0.2125 0.2075 0.2075 0.2075 0.2 0.2 0.204 0.204 0.2245 0.2245 0.225 0.225 0.225 0.221 0.221 0.2195 0.2195 0.236 0.236 0.236 0.2265 0.2265 0.2285 0.2285 0.2245 0.2245 0.2245 0.239 0.239 0.2365 0.2365 0.239 0.239 0.239 0.219 0.219 0.227 0.227 0.2275 0.2275 0.2275 0.237 0.237 0.236 0.236 0.2645 0.2645 0.2675 0.2675 0.2675 0.238 0.238 0.2135 0.2135 0.2065 0.2065 0.2065 0.213 0.213 0.2075 0.2075 0.2235 0.2235 0.2235 0.228 0.228 0.231 0.231 0.22 0.22 0.22 0.216 0.216 0.225 0.225
0.219 0.2255 0.2255 0.23 0.23 0.23 0.2025 0.2025 0.224 0.224 0.235 0.235 0.2265 0.2265 0.2265 0.2245 0.2245 0.2215 0.2215 0.2065 0.2065 0.2065 0.2165 0.2165 0.2255 0.2255 0.221 0.221 0.221 0.229 0.229 0.239 0.239 0.2595 0.2595 0.2595 0.253 0.253 0.235 0.235 0.24 0.24 0.24 0.2485 0.2485 0.2425 0.2425 0.246 0.246 0.25 0.25 0.25 0.243 0.243 0.2455 0.2455 0.257 0.257 0.257 0.2205 0.2205 0.215 0.215 0.2125 0.2125 0.2125 0.2185 0.2185 0.23 0.23 0.214 0.214 0.214 0.2235 0.2235 0.2315 0.2315
0.219 0.2255 0.2255 0.23 0.23 0.23 0.2025 0.2025 0.224 0.224 0.235 0.235 0.2265 0.2265 0.2265 0.2245 0.2245 0.2215 0.2215 0.2065 0.2065 0.2065 0.2165 0.2165 0.2255 0.2255 0.221 0.221 0.221 0.229 0.229 0.239 0.239 0.2595 0.2595 0.2595 0.253 0.253 0.235 0.235 0.24 0.24 0.24 0.2485 0.2485 0.2425 0.2425 0.246 0.246 0.25 0.25 0.25 0.243 0.243 0.2455 0.2455 0.257 0.257 0.257 0.2205 0.2205 0.215 0.215 0.2125 0.2125 0.2125 0.2185 0.2185 0.23 0.23 0.214 0.214 0.214 0.2235 0.2235 0.2315 0.2315
0.2285 0.2385 0.2385 0.2315 0.2315 0.2315 0.225 0.225 0.2285 0.2285 0.2325 0.2325 0.228 0.228 0.228 0.226 0.226 0.2055 0.2055 0.2135 0.2135 0.2135 0.2145 0.2145 0.219 0.219 0.2145 0.2145 0.2145 0.2265 0.2265 0.2365 0.2365 0.2645 0.2645 0.2645 0.255 0.255 0.2495 0.2495 0.25 0.25 0.25 0.2575 0.2575 0.243 0.243 0.252 0.252 0.242 0.242 0.242 0.229 0.229 0.2165 0.2165 0.222 0.222 0.222 0.2375 0.2375 0.23 0.23 0.2365 0.2365 0.2365 0.241 0.241 0.243 0.243 0.238 0.238 0.238 0.252 0.252 0.267 0.267
0.2285 0.2385 0.2385 0.2315 0.2315 0.2315 0.225 0.225 0.2285 0.2285 0.2325 0.2325 0.228 0.228 0.228 0.226 0.226 0.2055 0.2055 0.2135 0.2135 0.2135 0.2145 0.2145 0.219 0.219 0.2145 0.2145 0.2145 0.2265 0.2265 0.2365 0.2365 0.2645 0.2645 0.2645 0.255 0.255 0.2495 0.2495 0.25 0.25 0.25 0.2575 0.2575 0.243 0.243 0.252 0.252 0.242 0.242 0.242 0.229 0.229 0.2165 0.2165 0.222 0.222 0.222 0.2375 0.2375 0.23 0.23 0.2365 0.2365 0.2365 0.241 0.241 0.243 0.243 0.238 0.238 0.238 0.252 0.252 0.267 0.267
0.223 0.2355 0.2355 0.2425 0.2425 0.2425 0.2475 0.2475 0.235 0.235 0.2365 0.2365 0.2325 0.2325 0.2325 0.22 0.22 0.2185 0.2185 0.224 0.224 0.224 0.223 0.223 0.2375 0.2375 0.2325 0.2325 0.2325 0.2295 0.2295 0.235 0.235 0.2465 0.2465 0.2465 0.2485 0.2485 0.253 0.253 0.252 0.252 0.252 0.248 0.248 0.235 0.235 0.2345 0.2345 0.235 0.235 0.235 0.236 0.236 0.235 0.235 0.235 0.235 0.235 0.2485 0.2485 0.2355 0.2355 0.247 0.247 0.247 0.2595 0.2595 0.254 0.254 0.247 0.247 0.247 0.243 0.243 0.278 0.278
0.223 0.2355 0.2355 0.2425 0.2425 0.2425 0.2475 0.2475 0.235 0.235 0.2365 0.2365 0.2325 0.2325 0.2325 0.22 0.22 0.2185 0.2185 0.224 0.224 0.224 0.223 0.223 0.2375 0.2375 0.2325 0.2325 0.2325 0.2295 0.2295 0.235 0.235 0.2465 0.2465 0.2465 0.2485 0.2485 0.253 0.253 0.252 0.252 0.252 0.248 0.248 0.235 0.235 0.2345 0.2345 0.235 0.235 0.235 0.236 0.236 0.235 0.235 0.235 0.235 0.235 0.2485 0.2485 0.2355 0.2355 0.247 0.247 0.247 0.2595 0.2595 0.254 0.254 0.247 0.247 0.247 0.243 0.243 0.278 0.278
0.223 0.2355 0.2355 0.2425 0.2425 0.2425 0.2475 0.2475 0.235 0.235 0.2365 0.2365 0.2325 0.2325 0.2325 0.22 0.22 0.2185 0.2185 0.224 0.224 0.224 0.223 0.223 0.2375 0.2375 0.2325 0.2325 0.2325 0.2295 0.2295 0.235 0.235 0.2465 0.2465 0.2465 0.2485 0.2485 0.253 0.253 0.252 0.252 0.252 0.248 0.248 0.235 0.235 0.2345 0.2345 0.235 0.235 0.235 0.236 0.236 0.235 0.235 0.235 0.235 0.235 0.2485 0.2485 0.2355 0.2355 0.247 0.247 0.247 0.2595 0.2595 0.254 0.254 0.247 0.247 0.247 0.243 0.243 0.278 0.278
0.2 0.2185 0.2185 0.2365 0.2365 0.2365 0.2465 0.2465 0.2375 0.2375 0.2415 0.2415 0.232 0.232 0.232 0.2355 0.2355 0.2485 0.2485 0.2345 0.2345 0.2345 0.235 0.235 0.2355 0.2355 0.2365 0.2365 0.2365 0.227 0.227 0.2215 0.2215 0.2565 0.2565 0.2565 0.26 0.26 0.2385 0.2385 0.2425 0.2425 0.2425 0.238 0.238 0.235 0.235 0.256 0.256 0.229 0.229 0.229 0.2515 0.2515 0.2375 0.2375 0.2585 0.2585 0.2585 0.2495 0.2495 0.2505 0.2505 0.241 0.241 0.241 0.2545 0.2545 0.2395 0.2395 0.242 0.242 0.242 0.248 0.248 0.266 0.266
0.2 0.2185 0.2185 0.2365 0.2365 0.2365 0.2465 0.2465 0.2375 0.2375 0.2415 0.2415 0.232 0.232 0.232 0.2355 0.2355 0.2485 0.2485 0.2345 0.2345 0.2345 0.235 0.235 0.2355 0.2355 0.2365 0.2365 0.2365 0.227 0.227 0.2215 0.2215 0.2565 0.2565 0.2565 0.26 0.26 0.2385 0.2385 0.2425 0.2425 0.2425 0.238 0.238 0.235 0.235 0.256 0.256 0.229 0.229 0.229 0.2515 0.2515 0.2375 0.2375 0.2585 0.2585 0.2585 0.2495 0.2495 0.2505 0.2505 0.241 0.241 0.241 0.2545 0.2545 0.2395 0.2395 0.242 0.242 0.242 0.248 0.248 0.266 0.266
0.2035 0.217 0.217 0.212 0.212 0.212 0.239 0.239 0.237 0.237 0.2265 0.2265 0.2415 0.2415 0.2415 0.243 0.243 0.248 0.248 0.2335 0.2335 0.2335 0.248 0.248 0.243 0.243 0.2375 0.2375 0.2375 0.229 0.229 0.2435 0.2435 0.242 0.242 0.242 0.22 0.22 0.214 0.214 0.2385 0.2385 0.2385 0.245 0.245 0.247 0.247 0.2495 0.2495 0.2565 0.2565 0.2565 0.244 0.244 0.254 0.254 0.27 0.27 0.27 0.2575 0.2575 0.251 0.251 0.254 0.254 0.254 0.253 0.253 0.243 0.243 0.2425 0.2425 0.2425 0.2395 0.2395 0.264 0.264
0.2035 0.217 0.217 0.212 0.212 0.212 0.239 0.239 0.237 0.237 0.2265 0.2265 0.2415 0.2415 0.2415 0.243 0.243 0.248 0.248 0.2335 0.2335 0.2335 0.248 0.248 0.243 0.243 0.2375 0.2375 0.2375 0.229 0.229 0.2435 0.2435 0.242 0.242 0.242 0.22 0.22 0.214 0.214 0.2385 0.2385 0.2385 0.245 0.245 0.247 0.247 0.2495 0.2495 0.2565 0.2565 0.2565 0.244 0.244 0.254 0.254 0.27 0.27 0.27 0.2575 0.2575 0.251 0.251 0.254 0.254 0.254 0.253 0.253 0.243 0.243 0.2425 0.2425 0.2425 0.2395 0.2395 0.264 0.264
0.243 0.229 0.229 0.235 0.235 0.235 0.2405 0.2405 0.228 0.228 0.2465 0.2465 0.27 0.27 0.27 0.2525 0.2525 0.2475 0.2475 0.2405 0.2405 0.2405 0.239 0.239 0.2385 0.2385 0.2405 0.2405 0.2405 0.229 0.229 0.2475 0.2475 0.236 0.236 0.236 0.2085 0.2085 0.229 0.229 0.2525 0.2525 0.2525 0.248 0.248 0.253 0.253 0.23 0.23 0.2335 0.2335 0.2335 0.244 0.244 0.2615 0.2615 0.2625 0.2625 0.2625 0.272 0.272 0.272 0.272 0.2665 0.2665 0.2665 0.262 0.262 0.2555 0.2555 0.252 0.252 0.252 0.2375 0.2375 0.2465 0.2465
0.243 0.229 0.229 0.235 0.235 0.235 0.2405 0.2405 0.228 0.228 0.2465 0.2465 0.27 0.27 0.27 0.2525 0.2525 0.2475 0.2475 0.2405 0.2405 0.2405 0.239 0.239 0.2385 0.2385 0.2405 0.2405 0.2405 0.229 0.229 0.2475 0.2475 0.236 0.236 0.236 0.2085 0.2085 0.229 0.229 0.2525 0.2525 0.2525 0.248 0.248 0.253 0.253 0.23 0.23 0.2335 0.2335 0.2335 0.244 0.244 0.2615 0.2615 0.2625 0.2625 0.2625 0.272 0.272 0.272 0.272 0.2665 0.2665 0.2665 0.262 0.262 0.2555 0.2555 0.252 0.252 0.252 0.2375 0.2375 0.2465 0.2465
0.243 0.229 0.229 0.235 0.235 0.235 0.2405 0.2405 0.228 0.228 0.2465 0.2465 0.27 0.27 0.27 0.2525 0.2525 0.2475 0.2475 0.2405 0.2405 0.2405 0.239 0.239 0.2385 0.2385 0.2405 0.2405 0.2405 0.229 0.229 0.2475 0.2475 0.236 0.236 0.236 0.2085 0.2085 0.229 0.229 0.2525 0.2525 0.2525 0.248 0.248 0.253 0.253 0.23 0.23 0.2335 0.2335 0.2335 0.244 0.244 0.2615 0.2615 0.2625 0.2625 0.2625 0.272 0.272 0.272 0.272 0.2665 0.2665 0.2665 0.262 0.262 0.2555 0.2555 0.252 0.252 0.252 0.2375 0.2375 0.2465 0.2465
0.2355 0.2425 0.2425 0.2425 0.2425 0.2425 0.2485 0.2485 0.2535 0.2535 0.2475 0.2475 0.2475 0.2475 0.2475 0.2545 0.2545 0.2695 0.2695 0.2845 0.2845 0.2845 0.2685 0.2685 0.262 0.262 0.251 0.251 0.251 0.231 0.231 0.227 0.227 0.2255 0.2255 0.2255 0.224 0.224 0.2325 0.2325 0.243 0.243 0.243 0.2655 0.2655 0.2685 0.2685 0.2395 0.2395 0.2475 0.2475 0.2475 0.2535 0.2535 0.2485 0.2485 0.2535 0.2535 0.2535 0.258 0.258 0.2765 0.2765 0.255 0.255 0.255 0.271 0.271 0.2705 0.2705 0.2625 0.2625 0.2625 0.252 0.252 0.248 0.248
0.2355 0.2425 0.2425 0.2425 0.2425 0.2425 0.2485 0.2485 0.2535 0.2535 0.2475 0.2475 0.2475 0.2475 0.2475 0.2545 0.2545 0.2695 0.2695 0.2845 0.2845 0.2845 0.2685 0.2685 0.262 0.262 0.251 0.251 0.251 0.231 0.231 0.227 0.227 0.2255 0.2255 0.2255 0.224 0.224 0.2325 0.2325 0.243 0.243 0.243 0.2655 0.2655 0.2685 0.2685 0.2395 0.2395 0.2475 0.2475 0.2475 0.2535 0.2535 0.2485 0.2485 0.2535 0.2535 0.2535 0.258 0.258 0.2765 0.2765 0.255 0.255 0.255 0.271 0.271 0.2705 0.2705 0.2625 0.2625 0.2625 0.252 0.252 0.248 0.248
0.243 0.25 0.25 0.253 0.253 0.253 0.2365 0.2365 0.2465 0.2465 0.2435 0.2435 0.2505 0.2505 0.2505 0.258 0.258 0.2735 0.2735 0.267 0.267 0.267 0.2645 0.2645 0.2685 0.2685 0.2375 0.2375 0.2375 0.241 0.241 0.2285 0.2285 0.236 0.236 0.236 0.239 0.239 0.2455 0.2455 0.2365 0.2365 0.2365 0.249 0.249 0.2745 0.2745 0.26 0.26 0.272 0.272 0.272 0.2655 0.2655 0.267 0.267 0.268 0.268 0.268 0.267 0.267 0.252 0.252 0.279 0.279 0.279 0.2615 0.2615 0.253 0.253 0.248 0.248 0.248 0.2625 0.2625 0.264 0.264
0.243 0.25 0.25 0.253 0.253 0.253 0.2365 0.2365 0.2465 0.2465 0.2435 0.2435 0.2505 0.2505 0.2505 0.258 0.258 0.2735 0.2735 0.267 0.267 0.267 0.2645 0.2645 0.2685 0.2685 0.2375 0.2375 0.2375 0.241 0.241 0.2285 0.2285 0.236 0.236 0.236 0.239 0.239 0.2455 0.2455 0.2365 0.2365 0.2365 0.249 0.249 0.2745 0.2745 0.26 0.26 0.272 0.272 0.272 0.2655 0.2655 0.267 0.267 0.268 0.268 0.268 0.267 0.267 0.252 0.252 0.279 0.279 0.279 0.2615 0.2615 0.253 0.253 0.248 0.248 0.248 0.2625 0.2625 0.264 0.264
0.264 0.2575 0.2575 0.251 0.251 0.251 0.229 0.229 0.242 0.242 0.2645 0.2645 0.2525 0.2525 0.2525 0.2615 0.2615 0.254 0.254 0.254 0.254 0.254 0.2585 0.2585 0.275 0.275 0.251 0.251 0.251 0.233 0.233 0.25 0.25 0.2335 0.2335 0.2335 0.2265 0.2265 0.239 0.239 0.262 0.262 0.262 0.2255 0.2255 0.2535 0.2535 0.249 0.249 0.262 0.262 0.262 0.2815 0.2815 0.252 0.252 0.2635 0.2635 0.2635 0.2575 0.2575 0.265 0.265 0.253 0.253 0.253 0.24 0.24 0.249 0.249 0.2495 0.2495 0.2495 0.258 0.258 0.247 0.247
0.264 0.2575 0.2575 0.251 0.251 0.251 0.229 0.229 0.242 0.242 0.2645 0.2645 0.2525 0.2525 0.2525 0.2615 0.2615 0.254 0.254 0.254 0.254 0.254 0.2585 0.2585 0.275 0.275 0.251 0.251 0.251 0.233 0.233 0.25 0.25 0.2335 0.2335 0.2335 0.2265 0.2265 0.239 0.239 0.262 0.262 0.262 0.2255 0.2255 0.2535 0.2535 0.249 0.249 0.262 0.262 0.262 0.2815 0.2815 0.252 0.252 0.2635 0.2635 0.2635 0.2575 0.2575 0.265 0.265 0.253 0.253 0.253 0.24 0.24 0.249 0.249 0.2495 0.2495 0.2495 0.258 0.258 0.247 0.247
0.2495 0.254 0.254 0.242 0.242 0.242 0.241 0.241 0.2395 0.2395 0.2555 0.2555 0.2655 0.2655 0.2655 0.263 0.263 0.262 0.262 0.255 0.255 0.255 0.256 0.256 0.264 0.264 0.2555 0.2555 0.2555 0.2455 0.2455 0.244 0.244 0.256 0.256 0.256 0.2365 0.2365 0.242 0.242 0.2435 0.2435 0.2435 0.2415 0.2415 0.3 0.3 0.261 0.261 0.287 0.287 0.287 0.288 0.288 0.2635 0.2635 0.2715 0.2715 0.2715 0.2585 0.2585 0.264 0.264 0.267 0.267 0.267 0.253 0.253 0.256 0.256 0.261 0.261 0.261 0.2635 0.2635 0.26 0.26
0.2495 0.254 0.254 0.242 0.242 0.242 0.241 0.241 0.2395 0.2395 0.2555 0.2555 0.2655 0.2655 0.2655 0.263 0.263 0.262 0.262 0.255 0.255 0.255 0.256 0.256 0.264 0.264 0.2555 0.2555 0.2555 0.2455 0.2455 0.244 0.244 0.256 0.256 0.256 0.2365 0.2365 0.242 0.242 0.2435 0.2435 0.2435 0.2415 0.2415 0.3 0.3 0.261 0.261 0.287 0.287 0.287 0.288 0.288 0.2635 0.2635 0.2715 0.2715 0.2715 0.2585 0.2585 0.264 0.264 0.267 0.267 0.267 0.253 0.253 0.256 0.256 0.261 0.261 0.261 0.2635 0.2635 0.26 0.26
0.2495 0.254 0.254 0.242 0.242 0.242 0.241 0.241 0.2395 0.2395 0.2555 0.2555 0.2655 0.2655 0.2655 0.263 0.263 0.262 0.262 0.255 0.255 0.255 0.256 0.256 0.264 0.264 0.2555 0.2555 0.2555 0.2455 0.2455 0.244 0.244 0.256 0.256 0.256 0.2365 0.2365 0.242 0.242 0.2435 0.2435 0.2435 0.2415 0.2415 0.3 0.3 0.261 0.261 0.287 0.287 0.287 0.288 0.288 0.2635 0.2635 0.2715 0.2715 0.2715 0.2585 0.2585 0.264 0.264 0.267 0.267 0.267 0.253 0.253 0.256 0.256 0.261 0.261 0.261 0.2635 0.2635 0.26 0.26
0.2515 0.2565 0.2565 0.2505 0.2505 0.2505 0.2485 0.2485 0.2465 0.2465 0.2795 0.2795 0.256 0.256 0.256 0.2765 0.2765 0.255 0.255 0.249 0.249 0.249 0.25 0.25 0.2455 0.2455 0.264 0.264 0.264 0.259 0.259 0.2645 0.2645 0.2545 0.2545 0.2545 0.2455 0.2455 0.254 0.254 0.2685 0.2685 0.2685 0.287 0.287 0.3055 0.3055 0.2955 0.2955 0.296 0.296 0.296 0.283 0.283 0.268 0.268 0.2555 0.2555 0.2555 0.2865 0.2865 0.2805 0.2805 0.2795 0.2795 0.2795 0.2695 0.2695 0.2585 0.2585 0.263 0.263 0.263 0.246 0.246 0.244 0.244
0.2515 0.2565 0.2565 0.2505 0.2505 0.2505 0.2485 0.2485 0.2465 0.2465 0.2795 0.2795 0.256 0.256 0.256 0.2765 0.2765 0.255 0.255 0.249 0.249 0.249 0.25 0.25 0.2455 0.2455 0.264 0.264 0.264 0.259 0.259 0.2645 0.2645 0.2545 0.2545 0.2545 0.2455 0.2455 0.254 0.254 0.2685 0.2685 0.2685 0.287 0.287 0.3055 0.3055 0.2955 0.2955 0.296 0.296 0.296 0.283 0.283 0.268 0.268 0.2555 0.2555 0.2555 0.2865 0.2865 0.2805 0.2805 0.2795 0.2795 0.2795 0.2695 0.2695 0.2585 0.2585 0.263 0.263 0.263 0.246 0.246 0.244 0.244
0.2695 0.26 0.26 0.2655 0.2655 0.2655 0.248 0.248 0.253 0.253 0.267 0.267 0.256 0.256 0.256 0.2595 0.2595 0.27 0.27 0.2675 0.2675 0.2675 0.249 0.249 0.277 0.277 0.282 0.282 0.282 0.3 0.3 0.2705 0.2705 0.257 0.257 0.257 0.262 0.262 0.2755 0.2755 0.275 0.275 0.275 0.303 0.303 0.2825 0.2825 0.303 0.303 0.294 0.294 0.294 0.303 0.303 0.2865 0.2865 0.3185 0.3185 0.3185 0.3315 0.3315 0.279 0.279 0.2755 0.2755 0.2755 0.269 0.269 0.256 0.256 0.2635 0.2635 0.2635 0.243 0.243 0.2515 0.2515
0.2695 0.26 0.26 0.2655 0.2655 0.2655 0.248 0.248 0.253 0.253 0.267 0.267 0.256 0.256 0.256 0.2595 0.2595 0.27 0.27 0.2675 0.2675 0.2675 0.249 0.249 0.277 0.277 0.282 0.282 0.282 0.3 0.3 0.2705 0.2705 0.257 0.257 0.257 0.262 0.262 0.2755 0.2755 0.275 0.275 0.275 0.303 0.303 0.2825 0.2825 0.303 0.303 0.294 0.294 0.294 0.303 0.303 0.2865 0.2865 0.3185 0.3185 0.3185 0.3315 0.3315 0.279 0.279 0.2755 0.2755 0.2755 0.269 0.269 0.256 0.256 0.2635 0.2635 0.2635 0.243 0.243 0.2515 0.2515
0.2695 0.262 0.262 0.256 0.256 0.256 0.24 0.24 0.2495 0.2495 0.264 0.264 0.284 0.284 0.284 0.287 0.287 0.258 0.258 0.274 0.274 0.274 0.283 0.283 0.2685 0.2685 0.314 0.314 0.314 0.2775 0.2775 0.2775 0.2775 0.2635 0.2635 0.2635 0.268 0.268 0.253 0.253 0.265 0.265 0.265 0.254 0.254 0.3055 0.3055 0.2725 0.2725 0.2775 0.2775 0.2775 0.2825 0.2825 0.2865 0.2865 0.3035 0.3035 0.3035 0.325 0.325 0.318 0.318 0.264 0.264 0.264 0.282 0.282 0.287 0.287 0.271 0.271 0.271 0.266 0.266 0.2695 0.2695
0.2695 0.262 0.262 0.256 0.256 0.256 0.24 0.24 0.2495 0.2495 0.264 0.264 0.284 0.284 0.284 0.287 0.287 0.258 0.258 0.274 0.274 0.274 0.283 0.283 0.2685 0.2685 0.314 0.314 0.314 0.2775 0.2775 0.2775 0.2775 0.2635 0.2635 0.2635 0.268 0.268 0.253 0.253 0.265 0.265 0.265 0.254 0.254 0.3055 0.3055 0.2725 0.2725 0.2775 0.2775 0.2775 0.2825 0.2825 0.2865 0.2865 0.3035 0.3035 0.3035 0.325 0.325 0.318 0.318 0.264 0.264 0.264 0.282 0.282 0.287 0.287 0.271 0.271 0.271 0.266 0.266 0.2695 0.2695
0.2695 0.262 0.262 0.256 0.256 0.256 0.24 0.24 0.2495 0.2495 0.264 0.264 0.284 0.284 0.284 0.287 0.287 0.258 0.258 0.274 0.274 0.274 0.283 0.283 0.2685 0.2685 0.314 0.314 0.314 0.2775 0.2775 0.2775 0.2775 0.2635 0.2635 0.2635 0.268 0.268 0.253 0.253 0.265 0.265 0.265 0.254 0.254 0.3055 0.3055 0.2725 0.2725 0.2775 0.2775 0.2775 0.2825 0.2825 0.2865 0.2865 0.3035 0.3035 0.3035 0.325 0.325 0.318 0.318 0.264 0.264 0.264 0.282 0.282 0.287 0.287 0.271 0.271 0.271 0.266 0.266 0.2695 0.2695
