ndvi/NOAA-50.asc
ncols         252
nrows         154
xllcorner     -18.017974
yllcorner     13.481982
cellsize      0.035948
NODATA_value  -9999
[rows 68 to 101 of 154, columns 0 to 77 of 252]
-1 -1 -1 -1 -1 -1 -1 -1 -1 -1 -1 -1 -1 -1 -1 -1 -1 -1 -1 -1 -1 -1 -1 -1 -1 -1 -1 -1 -1 -1 -1 -1 -1 -1 -1 -1 -1 -1 -1 0.228 0.228 0.228 0.232 0.232 0.3605 0.3605 0.337 0.337 0.337 0.292 0.292 0.299 0.299 0.296 0.296 0.286 0.286 0.286 0.3985 0.3985 0.361 0.361 0.361 0.361 0.361 0.338 0.338 0.275 0.275 0.2435 0.2435 0.2435 0.217 0.217 0.2105 0.2105 0.2165 0.2165
-1 -1 -1 -1 -1 -1 -1 -1 -1 -1 -1 -1 -1 -1 -1 -1 -1 -1 -1 -1 -1 -1 -1 -1 -1 -1 -1 -1 -1 -1 -1 -1 -1 -1 -1 -1 -1 -1 -1 0.236 0.236 0.236 0.312 0.312 0.3945 0.3945 0.3135 0.3135 0.3135 0.308 0.308 0.2825 0.2825 0.2475 0.2475 0.214 0.214 0.214 0.3335 0.3335 0.377 0.377 0.377 0.377 0.377 0.388 0.388 0.2785 0.2785 0.227 0.227 0.227 0.2305 0.2305 0.224 0.224 0.232 0.232
-1 -1 -1 -1 -1 -1 -1 -1 -1 -1 -1 -1 -1 -1 -1 -1 -1 -1 -1 -1 -1 -1 -1 -1 -1 -1 -1 -1 -1 -1 -1 -1 -1 -1 -1 -1 -1 -1 -1 0.236 0.236 0.236 0.312 0.312 0.3945 0.3945 0.3135 0.3135 0.3135 0.308 0.308 0.2825 0.2825 0.2475 0.2475 0.214 0.214 0.214 0.3335 0.3335 0.377 0.377 0.377 0.377 0.377 0.388 0.388 0.2785 0.2785 0.227 0.227 0.227 0.2305 0.2305 0.224 0.224 0.232 0.232
-1 -1 -1 -1 -1 -1 -1 -1 -1 -1 -1 -1 -1 -1 -1 -1 -1 -1 -1 -1 -1 -1 -1 -1 -1 -1 -1 -1 -1 -1 -1 -1 -1 -1 -1 -1 -1 0.077 0.077 0.2145 0.2145 0.2145 0.3255 0.3255 0.389 0.389 0.332 0.332 0.332 0.261 0.261 0.24 0.24 0.2395 0.2395 0.2215 0.2215 0.2215 0.259 0.259 0.3215 0.3215 0.3215 0.3215 0.3215 0.252 0.252 0.2515 0.2515 0.2435 0.2435 0.2435 0.236 0.236 0.2345 0.2345 0.23 0.23
-1 -1 -1 -1 -1 -1 -1 -1 -1 -1 -1 -1 -1 -1 -1 -1 -1 -1 -1 -1 -1 -1 -1 -1 -1 -1 -1 -1 -1 -1 -1 -1 -1 -1 -1 -1 -1 0.077 0.077 0.2145 0.2145 0.2145 0.3255 0.3255 0.389 0.389 0.332 0.332 0.332 0.261 0.261 0.24 0.24 0.2395 0.2395 0.2215 0.2215 0.2215 0.259 0.259 0.3215 0.3215 0.3215 0.3215 0.3215 0.252 0.252 0.2515 0.2515 0.2435 0.2435 0.2435 0.236 0.236 0.2345 0.2345 0.23 0.23
-1 -1 -1 -1 -1 -1 -1 -1 -1 -1 -1 -1 -1 -1 -1 -1 -1 -1 -1 -1 -1 -1 -1 -1 -1 -1 -1 -1 -1 -1 -1 -1 -1 -1 -1 -1 -1 0.077 0.077 0.2145 0.2145 0.2145 0.3255 0.3255 0.389 0.389 0.332 0.332 0.332 0.261 0.261 0.24 0.24 0.2395 0.2395 0.2215 0.2215 0.2215 0.259 0.259 0.3215 0.3215 0.3215 0.3215 0.3215 0.252 0.252 0.2515 0.2515 0.2435 0.2435 0.2435 0.236 0.236 0.2345 0.2345 0.23 0.23
-1 -1 -1 -1 -1 -1 -1 -1 -1 -1 -1 -1 -1 -1 -1 -1 -1 -1 -1 -1 -1 -1 -1 -1 -1 -1 -1 -1 -1 -1 -1 -1 -1 -1 -1 -1 -1 0.037 0.037 0.185 0.185 0.185 0.2885 0.2885 0.294 0.294 0.243 0.243 0.243 0.2175 0.2175 0.2435 0.2435 0.2075 0.2075 0.241 0.241 0.241 0.289 0.289 0.2765 0.2765 0.2765 0.2765 0.2765 0.259 0.259 0.247 0.247 0.258 0.258 0.258 0.2435 0.2435 0.234 0.234 0.242 0.242
-1 -1 -1 -1 -1 -1 -1 -1 -1 -1 -1 -1 -1 -1 -1 -1 -1 -1 -1 -1 -1 -1 -1 -1 -1 -1 -1 -1 -1 -1 -1 -1 -1 -1 -1 -1 -1 0.037 0.037 0.185 0.185 0.185 0.2885 0.2885 0.294 0.294 0.243 0.243 0.243 0.2175 0.2175 0.2435 0.2435 0.2075 0.2075 0.241 0.241 0.241 0.289 0.289 0.2765 0.2765 0.2765 0.2765 0.2765 0.259 0.259 0.247 0.247 0.258 0.258 0.258 0.2435 0.2435 0.234 0.234 0.242 0.242
-1 -1 -1 -1 -1 -1 -1 -1 -1 -1 -1 -1 -1 -1 -1 -1 -1 -1 -1 -1 -1 -1 -1 -1 -1 -1 -1 -1 -1 -1 -1 -1 -1 -1 -1 -1 -1 0.0136 0.0136 0.22 0.22 0.22 0.276 0.276 0.2945 0.2945 0.2595 0.2595 0.2595 0.239 0.239 0.237 0.237 0.2375 0.2375 0.241 0.241 0.241 0.248 0.248 0.2545 0.2545 0.2545 0.2545 0.2545 0.245 0.245 0.241 0.241 0.234 0.234 0.234 0.228 0.228 0.2275 0.2275 0.239 0.239
-1 -1 -1 -1 -1 -1 -1 -1 -1 -1 -1 -1 -1 -1 -1 -1 -1 -1 -1 -1 -1 -1 -1 -1 -1 -1 -1 -1 -1 -1 -1 -1 -1 -1 -1 -1 -1 0.0136 0.0136 0.22 0.22 0.22 0.276 0.276 0.2945 0.2945 0.2595 0.2595 0.2595 0.239 0.239 0.237 0.237 0.2375 0.2375 0.241 0.241 0.241 0.248 0.248 0.2545 0.2545 0.2545 0.2545 0.2545 0.245 0.245 0.241 0.241 0.234 0.234 0.234 0.228 0.228 0.2275 0.2275 0.239 0.239
-1 -1 -1 -1 -1 -1 -1 -1 -1 -1 -1 -1 -1 -1 -1 -1 -1 -1 -1 -1 -1 -1 -1 -1 -1 -1 -1 -1 -1 -1 -1 -1 -1 -1 -1 -1 -1 0.0327 0.0327 0.228 0.228 0.228 0.2585 0.2585 0.2715 0.2715 0.2465 0.2465 0.2465 0.2425 0.2425 0.231 0.231 0.236 0.236 0.256 0.256 0.256 0.258 0.258 0.2415 0.2415 0.2415 0.2415 0.2415 0.24 0.24 0.2375 0.2375 0.233 0.233 0.233 0.251 0.251 0.2415 0.2415 0.227 0.227
-1 -1 -1 -1 -1 -1 -1 -1 -1 -1 -1 -1 -1 -1 -1 -1 -1 -1 -1 -1 -1 -1 -1 -1 -1 -1 -1 -1 -1 -1 -1 -1 -1 -1 -1 -1 -1 0.0327 0.0327 0.228 0.228 0.228 0.2585 0.2585 0.2715 0.2715 0.2465 0.2465 0.2465 0.2425 0.2425 0.231 0.231 0.236 0.236 0.256 0.256 0.256 0.258 0.258 0.2415 0.2415 0.2415 0.2415 0.2415 0.24 0.24 0.2375 0.2375 0.233 0.233 0.233 0.251 0.251 0.2415 0.2415 0.227 0.227
-1 -1 -1 -1 -1 -1 -1 -1 -1 -1 -1 -1 -1 -1 -1 -1 -1 -1 -1 -1 -1 -1 -1 -1 -1 -1 -1 -1 -1 -1 -1 -1 -1 -1 -1 -1 -1 0.0652 0.0652 0.24 0.24 0.24 0.291 0.291 0.2575 0.2575 0.2465 0.2465 0.2465 0.2415 0.2415 0.2485 0.2485 0.2465 0.2465 0.2495 0.2495 0.2495 0.233 0.233 0.254 0.254 0.254 0.254 0.254 0.2425 0.2425 0.2425 0.2425 0.236 0.236 0.236 0.2395 0.2395 0.2425 0.2425 0.236 0.236
-1 -1 -1 -1 -1 -1 -1 -1 -1 -1 -1 -1 -1 -1 -1 -1 -1 -1 -1 -1 -1 -1 -1 -1 -1 -1 -1 -1 -1 -1 -1 -1 -1 -1 -1 -1 -1 0.0652 0.0652 0.24 0.24 0.24 0.291 0.291 0.2575 0.2575 0.2465 0.2465 0.2465 0.2415 0.2415 0.2485 0.2485 0.2465 0.2465 0.2495 0.2495 0.2495 0.233 0.233 0.254 0.254 0.254 0.254 0.254 0.2425 0.2425 0.2425 0.2425 0.236 0.236 0.236 0.2395 0.2395 0.2425 0.2425 0.236 0.236
-1 -1 -1 -1 -1 -1 -1 -1 -1 -1 -1 -1 -1 -1 -1 -1 -1 -1 -1 -1 -1 -1 -1 -1 -1 -1 -1 -1 -1 -1 -1 -1 -1 -1 -1 -1 -1 0.0652 0.0652 0.24 0.24 0.24 0.291 0.291 0.2575 0.2575 0.2465 0.2465 0.2465 0.2415 0.2415 0.2485 0.2485 0.2465 0.2465 0.2495 0.2495 0.2495 0.233 0.233 0.254 0.254 0.254 0.254 0.254 0.2425 0.2425 0.2425 0.2425 0.236 0.236 0.236 0.2395 0.2395 0.2425 0.2425 0.236 0.236
-1 -1 -1 -1 -1 -1 -1 -1 -1 -1 -1 -1 -1 -1 -1 -1 -1 -1 -1 -1 -1 -1 -1 -1 -1 -1 -1 -1 -1 -1 -1 -1 -1 -1 -1 -1 -1 0.105 0.105 0.2405 0.2405 0.2405 0.266 0.266 0.237 0.237 0.2595 0.2595 0.2595 0.254 0.254 0.239 0.239 0.235 0.235 0.252 0.252 0.252 0.2465 0.2465 0.257 0.257 0.257 0.257 0.257 0.259 0.259 0.2435 0.2435 0.249 0.249 0.249 0.25 0.25 0.229 0.229 0.2325 0.2325
-1 -1 -1 -1 -1 -1 -1 -1 -1 -1 -1 -1 -1 -1 -1 -1 -1 -1 -1 -1 -1 -1 -1 -1 -1 -1 -1 -1 -1 -1 -1 -1 -1 -1 -1 -1 -1 0.105 0.105 0.2405 0.2405 0.2405 0.266 0.266 0.237 0.237 0.2595 0.2595 0.2595 0.254 0.254 0.239 0.239 0.235 0.235 0.252 0.252 0.252 0.2465 0.2465 0.257 0.257 0.257 0.257 0.257 0.259 0.259 0.2435 0.2435 0.249 0.249 0.249 0.25 0.25 0.229 0.229 0.2325 0.2325
-1 -1 -1 -1 -1 -1 -1 -1 -1 -1 -1 -1 -1 -1 -1 -1 -1 -1 -1 -1 -1 -1 -1 -1 -1 -1 -1 -1 -1 -1 -1 -1 -1 -1 -1 -1 -1 0.1195 0.1195 0.27 0.27 0.27 0.2705 0.2705 0.2415 0.2415 0.239 0.239 0.239 0.245 0.245 0.237 0.237 0.2405 0.2405 0.2505 0.2505 0.2505 0.253 0.253 0.2525 0.2525 0.2525 0.2525 0.2525 0.2575 0.2575 0.2525 0.2525 0.2415 0.2415 0.2415 0.23 0.23 0.245 0.245 0.238 0.238
-1 -1 -1 -1 -1 -1 -1 -1 -1 -1 -1 -1 -1 -1 -1 -1 -1 -1 -1 -1 -1 -1 -1 -1 -1 -1 -1 -1 -1 -1 -1 -1 -1 -1 -1 -1 -1 0.1195 0.1195 0.27 0.27 0.27 0.2705 0.2705 0.2415 0.2415 0.239 0.239 0.239 0.245 0.245 0.237 0.237 0.2405 0.2405 0.2505 0.2505 0.2505 0.253 0.253 0.2525 0.2525 0.2525 0.2525 0.2525 0.2575 0.2575 0.2525 0.2525 0.2415 0.2415 0.2415 0.23 0.23 0.245 0.245 0.238 0.238
-1 -1 -1 -1 -1 -1 -1 -1 -1 -1 -1 -1 -1 -1 -1 -1 -1 -1 -1 -1 -1 -1 -1 -1 -1 -1 -1 -1 -1 -1 -1 -1 -1 -1 -1 0.0337 0.0337 0.24 0.24 0.2885 0.2885 0.2885 0.2485 0.2485 0.243 0.243 0.2365 0.2365 0.2365 0.2455 0.2455 0.2515 0.2515 0.256 0.256 0.2535 0.2535 0.2535 0.248 0.248 0.2415 0.2415 0.2415 0.2415 0.2415 0.2355 0.2355 0.241 0.241 0.242 0.242 0.242 0.24 0.24 0.243 0.243 0.247 0.247
-1 -1 -1 -1 -1 -1 -1 -1 -1 -1 -1 -1 -1 -1 -1 -1 -1 -1 -1 -1 -1 -1 -1 -1 -1 -1 -1 -1 -1 -1 -1 -1 -1 -1 -1 0.0337 0.0337 0.24 0.24 0.2885 0.2885 0.2885 0.2485 0.2485 0.243 0.243 0.2365 0.2365 0.2365 0.2455 0.2455 0.2515 0.2515 0.256 0.256 0.2535 0.2535 0.2535 0.248 0.248 0.2415 0.2415 0.2415 0.2415 0.2415 0.2355 0.2355 0.241 0.241 0.242 0.242 0.242 0.24 0.24 0.243 0.243 0.247 0.247
-1 -1 -1 -1 -1 -1 -1 -1 -1 -1 -1 -1 -1 -1 -1 -1 -1 -1 -1 -1 -1 -1 -1 -1 -1 -1 -1 -1 -1 -1 -1 -1 -1 -1 -1 0.0337 0.0337 0.24 0.24 0.2885 0.2885 0.2885 0.2485 0.2485 0.243 0.243 0.2365 0.2365 0.2365 0.2455 0.2455 0.2515 0.2515 0.256 0.256 0.2535 0.2535 0.2535 0.248 0.248 0.2415 0.2415 0.2415 0.2415 0.2415 0.2355 0.2355 0.241 0.241 0.242 0.242 0.242 0.24 0.24 0.243 0.243 0.247 0.247
-1 -1 -1 -1 -1 -1 -1 -1 -1 -1 -1 -1 -1 -1 -1 -1 -1 -1 -1 -1 -1 -1 -1 -1 -1 -1 -1 -1 -1 -1 -1 -1 -1 -1 -1 0.115 0.115 0.2675 0.2675 0.2515 0.2515 0.2515 0.2415 0.2415 0.2485 0.2485 0.254 0.254 0.254 0.264 0.264 0.272 0.272 0.271 0.271 0.256 0.256 0.256 0.2515 0.2515 0.251 0.251 0.251 0.251 0.251 0.2515 0.2515 0.253 0.253 0.2575 0.2575 0.2575 0.2455 0.2455 0.2445 0.2445 0.236 0.236
-1 -1 -1 -1 -1 -1 -1 -1 -1 -1 -1 -1 -1 -1 -1 -1 -1 -1 -1 -1 -1 -1 -1 -1 -1 -1 -1 -1 -1 -1 -1 -1 -1 -1 -1 0.115 0.115 0.2675 0.2675 0.2515 0.2515 0.2515 0.2415 0.2415 0.2485 0.2485 0.254 0.254 0.254 0.264 0.264 0.272 0.272 0.271 0.271 0.256 0.256 0.256 0.2515 0.2515 0.251 0.251 0.251 0.251 0.251 0.2515 0.2515 0.253 0.253 0.2575 0.2575 0.2575 0.2455 0.2455 0.2445 0.2445 0.236 0.236
-1 -1 -1 -1 -1 -1 -1 -1 -1 -1 -1 -1 -1 -1 -1 -1 -1 -1 -1 -1 -1 -1 -1 -1 -1 -1 -1 -1 -1 -1 -1 -1 0.0941 0.0941 0.0941 0.268 0.268 0.259 0.259 0.2515 0.2515 0.2515 0.2435 0.2435 0.249 0.249 0.26 0.26 0.26 0.2645 0.2645 0.269 0.269 0.271 0.271 0.262 0.262 0.262 0.255 0.255 0.254 0.254 0.254 0.254 0.254 0.25 0.25 0.258 0.258 0.2565 0.2565 0.2565 0.244 0.244 0.23 0.23 0.242 0.242
-1 -1 -1 -1 -1 -1 -1 -1 -1 -1 -1 -1 -1 -1 -1 -1 -1 -1 -1 -1 -1 -1 -1 -1 -1 -1 -1 -1 -1 -1 -1 -1 0.0941 0.0941 0.0941 0.268 0.268 0.259 0.259 0.2515 0.2515 0.2515 0.2435 0.2435 0.249 0.249 0.26 0.26 0.26 0.2645 0.2645 0.269 0.269 0.271 0.271 0.262 0.262 0.262 0.255 0.255 0.254 0.254 0.254 0.254 0.254 0.25 0.25 0.258 0.258 0.2565 0.2565 0.2565 0.244 0.244 0.23 0.23 0.242 0.242
-1 -1 -1 -1 -1 -1 -1 -1 -1 -1 -1 -1 -1 -1 -1 -1 -1 -1 -1 -1 -1 -1 -1 -1 -1 -1 -1 -1 -1 -1 0.0237 0.0237 0.2595 0.2595 0.2595 0.259 0.259 0.2595 0.2595 0.2435 0.2435 0.2435 0.2415 0.2415 0.254 0.254 0.264 0.264 0.264 0.2625 0.2625 0.261 0.261 0.2605 0.2605 0.2615 0.2615 0.2615 0.2715 0.2715 0.2645 0.2645 0.2645 0.2645 0.2645 0.269 0.269 0.2665 0.2665 0.2515 0.2515 0.2515 0.246 0.246 0.241 0.241 0.238 0.238
-1 -1 -1 -1 -1 -1 -1 -1 -1 -1 -1 -1 -1 -1 -1 -1 -1 -1 -1 -1 -1 -1 -1 -1 -1 -1 -1 -1 -1 -1 0.0237 0.0237 0.2595 0.2595 0.2595 0.259 0.259 0.2595 0.2595 0.2435 0.2435 0.2435 0.2415 0.2415 0.254 0.254 0.264 0.264 0.264 0.2625 0.2625 0.261 0.261 0.2605 0.2605 0.2615 0.2615 0.2615 0.2715 0.2715 0.2645 0.2645 0.2645 0.2645 0.2645 0.269 0.269 0.2665 0.2665 0.2515 0.2515 0.2515 0.246 0.246 0.241 0.241 0.238 0.238
-1 -1 -1 -1 -1 -1 -1 -1 -1 -1 -1 -1 -1 -1 -1 -1 -1 -1 -1 -1 -1 -1 -1 -1 -1 -1 -1 -1 -1 -1 0.0237 0.0237 0.2595 0.2595 0.2595 0.259 0.259 0.2595 0.2595 0.2435 0.2435 0.2435 0.2415 0.2415 0.254 0.254 0.264 0.264 0.264 0.2625 0.2625 0.261 0.261 0.2605 0.2605 0.2615 0.2615 0.2615 0.2715 0.2715 0.2645 0.2645 0.2645 0.2645 0.2645 0.269 0.269 0.2665 0.2665 0.2515 0.2515 0.2515 0.246 0.246 0.241 0.241 0.238 0.238
-1 -1 -1 -1 -1 -1 -1 -1 -1 -1 -1 -1 -1 -1 -1 -1 -1 -1 -1 -1 -1 -1 -1 -1 -1 -1 -1 -1 -1 -1 0.1225 0.1225 0.2655 0.2655 0.2655 0.2715 0.2715 0.252 0.252 0.2345 0.2345 0.2345 0.2425 0.2425 0.2585 0.2585 0.2635 0.2635 0.2635 0.2645 0.2645 0.264 0.264 0.2605 0.2605 0.27 0.27 0.27 0.273 0.273 0.2785 0.2785 0.2785 0.2785 0.2785 0.2685 0.2685 0.262 0.262 0.247 0.247 0.247 0.2385 0.2385 0.2355 0.2355 0.2385 0.2385
-1 -1 -1 -1 -1 -1 -1 -1 -1 -1 -1 -1 -1 -1 -1 -1 -1 -1 -1 -1 -1 -1 -1 -1 -1 -1 -1 -1 -1 -1 0.1225 0.1225 0.2655 0.2655 0.2655 0.2715 0.2715 0.252 0.252 0.2345 0.2345 0.2345 0.2425 0.2425 0.2585 0.2585 0.2635 0.2635 0.2635 0.2645 0.2645 0.264 0.264 0.2605 0.2605 0.27 0.27 0.27 0.273 0.273 0.2785 0.2785 0.2785 0.2785 0.2785 0.2685 0.2685 0.262 0.262 0.247 0.247 0.247 0.2385 0.2385 0.2355 0.2355 0.2385 0.2385
-1 -1 -1 -1 -1 -1 -1 -1 -1 -1 -1 -1 -1 -1 -1 -1 -1 -1 -1 -1 -1 -1 -1 -1 -1 -1 -1 -1 0.0286 0.0286 0.2505 0.2505 0.2835 0.2835 0.2835 0.276 0.276 0.2575 0.2575 0.2465 0.2465 0.2465 0.2485 0.2485 0.2665 0.2665 0.262 0.262 0.262 0.254 0.254 0.2655 0.2655 0.265 0.265 0.265 0.265 0.265 0.264 0.264 0.2655 0.2655 0.2655 0.2655 0.2655 0.266 0.266 0.256 0.256 0.2545 0.2545 0.2545 0.234 0.234 0.2305 0.2305 0.2385 0.2385
-1 -1 -1 -1 -1 -1 -1 -1 -1 -1 -1 -1 -1 -1 -1 -1 -1 -1 -1 -1 -1 -1 -1 -1 -1 -1 -1 -1 0.0286 0.0286 0.2505 0.2505 0.2835 0.2835 0.2835 0.276 0.276 0.2575 0.2575 0.2465 0.2465 0.2465 0.2485 0.2485 0.2665 0.2665 0.262 0.262 0.262 0.254 0.254 0.2655 0.2655 0.265 0.265 0.265 0.265 0.265 0.264 0.264 0.2655 0.2655 0.2655 0.2655 0.2655 0.266 0.266 0.256 0.256 0.2545 0.2545 0.2545 0.234 0.234 0.2305 0.2305 0.2385 0.2385
-1 -1 -1 -1 -1 -1 -1 -1 -1 -1 -1 -1 -1 -1 -1 -1 -1 -1 -1 -1 -1 -1 -1 -1 -1 0.0297 0.0297 0.0297 0.1475 0.1475 0.303 0.303 0.2815 0.2815 0.2815 0.2645 0.2645 0.2535 0.2535 0.265 0.265 0.265 0.2655 0.2655 0.261 0.261 0.247 0.247 0.247 0.255 0.255 0.27 0.27 0.265 0.265 0.2675 0.2675 0.2675 0.263 0.263 0.267 0.267 0.267 0.267 0.267 0.269 0.269 0.27 0.27 0.2515 0.2515 0.2515 0.235 0.235 0.2345 0.2345 0.234 0.234
