ndvi/NOAA-118.asc
ncols         252
nrows         154
xllcorner     -18.017974
yllcorner     13.481982
cellsize      0.035948
NODATA_value  -9999
[rows 68 to 101 of 154, columns 156 to 233 of 252]
0.147 0.134 0.134 0.134 0.1495 0.1495 0.1455 0.1455 0.1885 0.1885 0.187 0.187 0.187 0.232 0.232 0.238 0.238 0.2535 0.2535 0.2535 0.22 0.22 0.2155 0.2155 0.2125 0.2125 0.2125 0.2365 0.2365 0.2055 0.2055 0.2065 0.2065 0.2065 0.2095 0.2095 0.2035 0.2035 0.2015 0.2015 0.2015 0.2025 0.2025 0.195 0.195 0.1975 0.1975 0.1985 0.1985 0.1985 0.1965 0.1965 0.206 0.206 0.214 0.214 0.214 0.2135 0.2135 0.201 0.201 0.1975 0.1975 0.1975 0.1765 0.1765 0.18 0.18 0.2065 0.2065 0.2065 0.196 0.196 0.1955 0.1955 0.2045 0.2045 0.2045
0.14 0.1405 0.1405 0.1405 0.1445 0.1445 0.1665 0.1665 0.173 0.173 0.2295 0.2295 0.2295 0.231 0.231 0.2055 0.2055 0.227 0.227 0.227 0.2245 0.2245 0.232 0.232 0.2645 0.2645 0.2645 0.2155 0.2155 0.2255 0.2255 0.225 0.225 0.225 0.2365 0.2365 0.263 0.263 0.2335 0.2335 0.2335 0.2335 0.2335 0.2105 0.2105 0.2045 0.2045 0.2125 0.2125 0.2125 0.2185 0.2185 0.2175 0.2175 0.1945 0.1945 0.1945 0.206 0.206 0.2025 0.2025 0.2025 0.2025 0.2025 0.175 0.175 0.1875 0.1875 0.204 0.204 0.204 0.197 0.197 0.216 0.216 0.2015 0.2015 0.2015
0.14 0.1405 0.1405 0.1405 0.1445 0.1445 0.1665 0.1665 0.173 0.173 0.2295 0.2295 0.2295 0.231 0.231 0.2055 0.2055 0.227 0.227 0.227 0.2245 0.2245 0.232 0.232 0.2645 0.2645 0.2645 0.2155 0.2155 0.2255 0.2255 0.225 0.225 0.225 0.2365 0.2365 0.263 0.263 0.2335 0.2335 0.2335 0.2335 0.2335 0.2105 0.2105 0.2045 0.2045 0.2125 0.2125 0.2125 0.2185 0.2185 0.2175 0.2175 0.1945 0.1945 0.1945 0.206 0.206 0.2025 0.2025 0.2025 0.2025 0.2025 0.175 0.175 0.1875 0.1875 0.204 0.204 0.204 0.197 0.197 0.216 0.216 0.2015 0.2015 0.2015
0.1805 0.1695 0.1695 0.1695 0.1605 0.1605 0.1655 0.1655 0.2115 0.2115 0.222 0.222 0.222 0.223 0.223 0.2215 0.2215 0.2245 0.2245 0.2245 0.222 0.222 0.24 0.24 0.258 0.258 0.258 0.2465 0.2465 0.2345 0.2345 0.2405 0.2405 0.2405 0.217 0.217 0.221 0.221 0.2355 0.2355 0.2355 0.249 0.249 0.2455 0.2455 0.2605 0.2605 0.242 0.242 0.242 0.2395 0.2395 0.2175 0.2175 0.2125 0.2125 0.2125 0.207 0.207 0.197 0.197 0.2075 0.2075 0.2075 0.191 0.191 0.184 0.184 0.1985 0.1985 0.1985 0.191 0.191 0.214 0.214 0.2275 0.2275 0.2275
0.1805 0.1695 0.1695 0.1695 0.1605 0.1605 0.1655 0.1655 0.2115 0.2115 0.222 0.222 0.222 0.223 0.223 0.2215 0.2215 0.2245 0.2245 0.2245 0.222 0.222 0.24 0.24 0.258 0.258 0.258 0.2465 0.2465 0.2345 0.2345 0.2405 0.2405 0.2405 0.217 0.217 0.221 0.221 0.2355 0.2355 0.2355 0.249 0.249 0.2455 0.2455 0.2605 0.2605 0.242 0.242 0.242 0.2395 0.2395 0.2175 0.2175 0.2125 0.2125 0.2125 0.207 0.207 0.197 0.197 0.2075 0.2075 0.2075 0.191 0.191 0.184 0.184 0.1985 0.1985 0.1985 0.191 0.191 0.214 0.214 0.2275 0.2275 0.2275
0.1805 0.1695 0.1695 0.1695 0.1605 0.1605 0.1655 0.1655 0.2115 0.2115 0.222 0.222 0.222 0.223 0.223 0.2215 0.2215 0.2245 0.2245 0.2245 0.222 0.222 0.24 0.24 0.258 0.258 0.258 0.2465 0.2465 0.2345 0.2345 0.2405 0.2405 0.2405 0.217 0.217 0.221 0.221 0.2355 0.2355 0.2355 0.249 0.249 0.2455 0.2455 0.2605 0.2605 0.242 0.242 0.242 0.2395 0.2395 0.2175 0.2175 0.2125 0.2125 0.2125 0.207 0.207 0.197 0.197 0.2075 0.2075 0.2075 0.191 0.191 0.184 0.184 0.1985 0.1985 0.1985 0.191 0.191 0.214 0.214 0.2275 0.2275 0.2275
0.2005 0.216 0.216 0.216 0.196 0.196 0.17 0.17 0.1925 0.1925 0.234 0.234 0.234 0.2365 0.2365 0.227 0.227 0.2225 0.2225 0.2225 0.2515 0.2515 0.2745 0.2745 0.277 0.277 0.277 0.2555 0.2555 0.2895 0.2895 0.311 0.311 0.311 0.25 0.25 0.2365 0.2365 0.2595 0.2595 0.2595 0.2675 0.2675 0.2595 0.2595 0.289 0.289 0.2655 0.2655 0.2655 0.2475 0.2475 0.234 0.234 0.2125 0.2125 0.2125 0.21 0.21 0.2065 0.2065 0.2 0.2 0.2 0.2 0.2 0.1895 0.1895 0.189 0.189 0.189 0.208 0.208 0.233 0.233 0.222 0.222 0.222
0.2005 0.216 0.216 0.216 0.196 0.196 0.17 0.17 0.1925 0.1925 0.234 0.234 0.234 0.2365 0.2365 0.227 0.227 0.2225 0.2225 0.2225 0.2515 0.2515 0.2745 0.2745 0.277 0.277 0.277 0.2555 0.2555 0.2895 0.2895 0.311 0.311 0.311 0.25 0.25 0.2365 0.2365 0.2595 0.2595 0.2595 0.2675 0.2675 0.2595 0.2595 0.289 0.289 0.2655 0.2655 0.2655 0.2475 0.2475 0.234 0.234 0.2125 0.2125 0.2125 0.21 0.21 0.2065 0.2065 0.2 0.2 0.2 0.2 0.2 0.1895 0.1895 0.189 0.189 0.189 0.208 0.208 0.233 0.233 0.222 0.222 0.222
0.191 0.208 0.208 0.208 0.171 0.171 0.164 0.164 0.175 0.175 0.2105 0.2105 0.2105 0.244 0.244 0.255 0.255 0.254 0.254 0.254 0.264 0.264 0.2805 0.2805 0.248 0.248 0.248 0.241 0.241 0.2685 0.2685 0.27 0.27 0.27 0.2475 0.2475 0.2575 0.2575 0.2585 0.2585 0.2585 0.255 0.255 0.255 0.255 0.2355 0.2355 0.248 0.248 0.248 0.262 0.262 0.2185 0.2185 0.224 0.224 0.224 0.2095 0.2095 0.201 0.201 0.2095 0.2095 0.2095 0.2225 0.2225 0.211 0.211 0.212 0.212 0.212 0.2135 0.2135 0.2225 0.2225 0.224 0.224 0.224
0.191 0.208 0.208 0.208 0.171 0.171 0.164 0.164 0.175 0.175 0.2105 0.2105 0.2105 0.244 0.244 0.255 0.255 0.254 0.254 0.254 0.264 0.264 0.2805 0.2805 0.248 0.248 0.248 0.241 0.241 0.2685 0.2685 0.27 0.27 0.27 0.2475 0.2475 0.2575 0.2575 0.2585 0.2585 0.2585 0.255 0.255 0.255 0.255 0.2355 0.2355 0.248 0.248 0.248 0.262 0.262 0.2185 0.2185 0.224 0.224 0.224 0.2095 0.2095 0.201 0.201 0.2095 0.2095 0.2095 0.2225 0.2225 0.211 0.211 0.212 0.212 0.212 0.2135 0.2135 0.2225 0.2225 0.224 0.224 0.224
0.157 0.1635 0.1635 0.1635 0.1675 0.1675 0.1565 0.1565 0.1935 0.1935 0.2235 0.2235 0.2235 0.2365 0.2365 0.252 0.252 0.2785 0.2785 0.2785 0.2315 0.2315 0.2925 0.2925 0.26 0.26 0.26 0.2555 0.2555 0.2525 0.2525 0.2485 0.2485 0.2485 0.2625 0.2625 0.254 0.254 0.248 0.248 0.248 0.247 0.247 0.2345 0.2345 0.2205 0.2205 0.231 0.231 0.231 0.2465 0.2465 0.2275 0.2275 0.23 0.23 0.23 0.226 0.226 0.2145 0.2145 0.2355 0.2355 0.2355 0.2305 0.2305 0.2175 0.2175 0.211 0.211 0.211 0.2185 0.2185 0.225 0.225 0.223 0.223 0.223
0.157 0.1635 0.1635 0.1635 0.1675 0.1675 0.1565 0.1565 0.1935 0.1935 0.2235 0.2235 0.2235 0.2365 0.2365 0.252 0.252 0.2785 0.2785 0.2785 0.2315 0.2315 0.2925 0.2925 0.26 0.26 0.26 0.2555 0.2555 0.2525 0.2525 0.2485 0.2485 0.2485 0.2625 0.2625 0.254 0.254 0.248 0.248 0.248 0.247 0.247 0.2345 0.2345 0.2205 0.2205 0.231 0.231 0.231 0.2465 0.2465 0.2275 0.2275 0.23 0.23 0.23 0.226 0.226 0.2145 0.2145 0.2355 0.2355 0.2355 0.2305 0.2305 0.2175 0.2175 0.211 0.211 0.211 0.2185 0.2185 0.225 0.225 0.223 0.223 0.223
0.127 0.156 0.156 0.156 0.15 0.15 0.16 0.16 0.186 0.186 0.24 0.24 0.24 0.2395 0.2395 0.2705 0.2705 0.267 0.267 0.267 0.272 0.272 0.2545 0.2545 0.2685 0.2685 0.2685 0.2705 0.2705 0.246 0.246 0.252 0.252 0.252 0.2575 0.2575 0.2645 0.2645 0.2595 0.2595 0.2595 0.245 0.245 0.2525 0.2525 0.2175 0.2175 0.2285 0.2285 0.2285 0.2245 0.2245 0.243 0.243 0.231 0.231 0.231 0.2385 0.2385 0.2315 0.2315 0.246 0.246 0.246 0.251 0.251 0.233 0.233 0.24 0.24 0.24 0.246 0.246 0.2495 0.2495 0.2525 0.2525 0.2525
0.127 0.156 0.156 0.156 0.15 0.15 0.16 0.16 0.186 0.186 0.24 0.24 0.24 0.2395 0.2395 0.2705 0.2705 0.267 0.267 0.267 0.272 0.272 0.2545 0.2545 0.2685 0.2685 0.2685 0.2705 0.2705 0.246 0.246 0.252 0.252 0.252 0.2575 0.2575 0.2645 0.2645 0.2595 0.2595 0.2595 0.245 0.245 0.2525 0.2525 0.2175 0.2175 0.2285 0.2285 0.2285 0.2245 0.2245 0.243 0.243 0.231 0.231 0.231 0.2385 0.2385 0.2315 0.2315 0.246 0.246 0.246 0.251 0.251 0.233 0.233 0.24 0.24 0.24 0.246 0.246 0.2495 0.2495 0.2525 0.2525 0.2525
0.127 0.156 0.156 0.156 0.15 0.15 0.16 0.16 0.186 0.186 0.24 0.24 0.24 0.2395 0.2395 0.2705 0.2705 0.267 0.267 0.267 0.272 0.272 0.2545 0.2545 0.2685 0.2685 0.2685 0.2705 0.2705 0.246 0.246 0.252 0.252 0.252 0.2575 0.2575 0.2645 0.2645 0.2595 0.2595 0.2595 0.245 0.245 0.2525 0.2525 0.2175 0.2175 0.2285 0.2285 0.2285 0.2245 0.2245 0.243 0.243 0.231 0.231 0.231 0.2385 0.2385 0.2315 0.2315 0.246 0.246 0.246 0.251 0.251 0.233 0.233 0.24 0.24 0.24 0.246 0.246 0.2495 0.2495 0.2525 0.2525 0.2525
0.172 0.17 0.17 0.17 0.1945 0.1945 0.16 0.16 0.26 0.26 0.2875 0.2875 0.2875 0.26 0.26 0.258 0.258 0.2855 0.2855 0.2855 0.2735 0.2735 0.247 0.247 0.2215 0.2215 0.2215 0.237 0.237 0.215 0.215 0.234 0.234 0.234 0.2425 0.2425 0.239 0.239 0.2545 0.2545 0.2545 0.258 0.258 0.2365 0.2365 0.235 0.235 0.239 0.239 0.239 0.2335 0.2335 0.2295 0.2295 0.242 0.242 0.242 0.234 0.234 0.2345 0.2345 0.245 0.245 0.245 0.238 0.238 0.238 0.238 0.242 0.242 0.242 0.2525 0.2525 0.2465 0.2465 0.255 0.255 0.255
0.172 0.17 0.17 0.17 0.1945 0.1945 0.16 0.16 0.26 0.26 0.2875 0.2875 0.2875 0.26 0.26 0.258 0.258 0.2855 0.2855 0.2855 0.2735 0.2735 0.247 0.247 0.2215 0.2215 0.2215 0.237 0.237 0.215 0.215 0.234 0.234 0.234 0.2425 0.2425 0.239 0.239 0.2545 0.2545 0.2545 0.258 0.258 0.2365 0.2365 0.235 0.235 0.239 0.239 0.239 0.2335 0.2335 0.2295 0.2295 0.242 0.242 0.242 0.234 0.234 0.2345 0.2345 0.245 0.245 0.245 0.238 0.238 0.238 0.238 0.242 0.242 0.242 0.2525 0.2525 0.2465 0.2465 0.255 0.255 0.255
0.1785 0.1815 0.1815 0.1815 0.1835 0.1835 0.217 0.217 0.267 0.267 0.258 0.258 0.258 0.2555 0.2555 0.265 0.265 0.278 0.278 0.278 0.26 0.26 0.267 0.267 0.2245 0.2245 0.2245 0.263 0.263 0.2695 0.2695 0.2695 0.2695 0.2695 0.2525 0.2525 0.2485 0.2485 0.263 0.263 0.263 0.283 0.283 0.2595 0.2595 0.237 0.237 0.233 0.233 0.233 0.231 0.231 0.245 0.245 0.242 0.242 0.242 0.235 0.235 0.22 0.22 0.2395 0.2395 0.2395 0.256 0.256 0.276 0.276 0.2695 0.2695 0.2695 0.26 0.26 0.246 0.246 0.2425 0.2425 0.2425
0.1785 0.1815 0.1815 0.1815 0.1835 0.1835 0.217 0.217 0.267 0.267 0.258 0.258 0.258 0.2555 0.2555 0.265 0.265 0.278 0.278 0.278 0.26 0.26 0.267 0.267 0.2245 0.2245 0.2245 0.263 0.263 0.2695 0.2695 0.2695 0.2695 0.2695 0.2525 0.2525 0.2485 0.2485 0.263 0.263 0.263 0.283 0.283 0.2595 0.2595 0.237 0.237 0.233 0.233 0.233 0.231 0.231 0.245 0.245 0.242 0.242 0.242 0.235 0.235 0.22 0.22 0.2395 0.2395 0.2395 0.256 0.256 0.276 0.276 0.2695 0.2695 0.2695 0.26 0.26 0.246 0.246 0.2425 0.2425 0.2425
0.226 0.216 0.216 0.216 0.187 0.187 0.185 0.185 0.262 0.262 0.262 0.262 0.262 0.2625 0.2625 0.2675 0.2675 0.2785 0.2785 0.2785 0.2765 0.2765 0.2615 0.2615 0.273 0.273 0.273 0.2435 0.2435 0.2215 0.2215 0.276 0.276 0.276 0.25 0.25 0.241 0.241 0.241 0.241 0.241 0.2445 0.2445 0.248 0.248 0.2385 0.2385 0.2245 0.2245 0.2245 0.228 0.228 0.2315 0.2315 0.234 0.234 0.234 0.2145 0.2145 0.218 0.218 0.2365 0.2365 0.2365 0.256 0.256 0.262 0.262 0.262 0.262 0.262 0.2655 0.2655 0.2385 0.2385 0.2545 0.2545 0.2545
0.226 0.216 0.216 0.216 0.187 0.187 0.185 0.185 0.262 0.262 0.262 0.262 0.262 0.2625 0.2625 0.2675 0.2675 0.2785 0.2785 0.2785 0.2765 0.2765 0.2615 0.2615 0.273 0.273 0.273 0.2435 0.2435 0.2215 0.2215 0.276 0.276 0.276 0.25 0.25 0.241 0.241 0.241 0.241 0.241 0.2445 0.2445 0.248 0.248 0.2385 0.2385 0.2245 0.2245 0.2245 0.228 0.228 0.2315 0.2315 0.234 0.234 0.234 0.2145 0.2145 0.218 0.218 0.2365 0.2365 0.2365 0.256 0.256 0.262 0.262 0.262 0.262 0.262 0.2655 0.2655 0.2385 0.2385 0.2545 0.2545 0.2545
0.226 0.216 0.216 0.216 0.187 0.187 0.185 0.185 0.262 0.262 0.262 0.262 0.262 0.2625 0.2625 0.2675 0.2675 0.2785 0.2785 0.2785 0.2765 0.2765 0.2615 0.2615 0.273 0.273 0.273 0.2435 0.2435 0.2215 0.2215 0.276 0.276 0.276 0.25 0.25 0.241 0.241 0.241 0.241 0.241 0.2445 0.2445 0.248 0.248 0.2385 0.2385 0.2245 0.2245 0.2245 0.228 0.228 0.2315 0.2315 0.234 0.234 0.234 0.2145 0.2145 0.218 0.218 0.2365 0.2365 0.2365 0.256 0.256 0.262 0.262 0.262 0.262 0.262 0.2655 0.2655 0.2385 0.2385 0.2545 0.2545 0.2545
0.1975 0.203 0.203 0.203 0.194 0.194 0.234 0.234 0.2445 0.2445 0.2725 0.2725 0.2725 0.2865 0.2865 0.2915 0.2915 0.289 0.289 0.289 0.2775 0.2775 0.292 0.292 0.276 0.276 0.276 0.242 0.242 0.2365 0.2365 0.262 0.262 0.262 0.265 0.265 0.242 0.242 0.24 0.24 0.24 0.2345 0.2345 0.249 0.249 0.252 0.252 0.235 0.235 0.235 0.241 0.241 0.2355 0.2355 0.2475 0.2475 0.2475 0.2285 0.2285 0.2245 0.2245 0.2345 0.2345 0.2345 0.258 0.258 0.2595 0.2595 0.2615 0.2615 0.2615 0.2675 0.2675 0.2505 0.2505 0.268 0.268 0.268
0.1975 0.203 0.203 0.203 0.194 0.194 0.234 0.234 0.2445 0.2445 0.2725 0.2725 0.2725 0.2865 0.2865 0.2915 0.2915 0.289 0.289 0.289 0.2775 0.2775 0.292 0.292 0.276 0.276 0.276 0.242 0.242 0.2365 0.2365 0.262 0.262 0.262 0.265 0.265 0.242 0.242 0.24 0.24 0.24 0.2345 0.2345 0.249 0.249 0.252 0.252 0.235 0.235 0.235 0.241 0.241 0.2355 0.2355 0.2475 0.2475 0.2475 0.2285 0.2285 0.2245 0.2245 0.2345 0.2345 0.2345 0.258 0.258 0.2595 0.2595 0.2615 0.2615 0.2615 0.2675 0.2675 0.2505 0.2505 0.268 0.268 0.268
0.191 0.179 0.179 0.179 0.2025 0.2025 0.225 0.225 0.2445 0.2445 0.273 0.273 0.273 0.293 0.293 0.2885 0.2885 0.285 0.285 0.285 0.2905 0.2905 0.329 0.329 0.272 0.272 0.272 0.25 0.25 0.2815 0.2815 0.2405 0.2405 0.2405 0.276 0.276 0.257 0.257 0.2515 0.2515 0.2515 0.2515 0.2515 0.2485 0.2485 0.2435 0.2435 0.2545 0.2545 0.2545 0.236 0.236 0.234 0.234 0.24 0.24 0.24 0.245 0.245 0.242 0.242 0.265 0.265 0.265 0.26 0.26 0.258 0.258 0.279 0.279 0.279 0.301 0.301 0.287 0.287 0.29 0.29 0.29
0.191 0.179 0.179 0.179 0.2025 0.2025 0.225 0.225 0.2445 0.2445 0.273 0.273 0.273 0.293 0.293 0.2885 0.2885 0.285 0.285 0.285 0.2905 0.2905 0.329 0.329 0.272 0.272 0.272 0.25 0.25 0.2815 0.2815 0.2405 0.2405 0.2405 0.276 0.276 0.257 0.257 0.2515 0.2515 0.2515 0.2515 0.2515 0.2485 0.2485 0.2435 0.2435 0.2545 0.2545 0.2545 0.236 0.236 0.234 0.234 0.24 0.24 0.24 0.245 0.245 0.242 0.242 0.265 0.265 0.265 0.26 0.26 0.258 0.258 0.279 0.279 0.279 0.301 0.301 0.287 0.287 0.29 0.29 0.29
0.2025 0.207 0.207 0.207 0.2135 0.2135 0.234 0.234 0.238 0.238 0.243 0.243 0.243 0.249 0.249 0.2715 0.2715 0.243 0.243 0.243 0.264 0.264 0.278 0.278 0.2475 0.2475 0.2475 0.251 0.251 0.258 0.258 0.2665 0.2665 0.2665 0.2585 0.2585 0.2675 0.2675 0.2715 0.2715 0.2715 0.276 0.276 0.2655 0.2655 0.2625 0.2625 0.2515 0.2515 0.2515 0.2615 0.2615 0.254 0.254 0.2725 0.2725 0.2725 0.258 0.258 0.2625 0.2625 0.274 0.274 0.274 0.2775 0.2775 0.2675 0.2675 0.278 0.278 0.278 0.291 0.291 0.3235 0.3235 0.321 0.321 0.321
0.2025 0.207 0.207 0.207 0.2135 0.2135 0.234 0.234 0.238 0.238 0.243 0.243 0.243 0.249 0.249 0.2715 0.2715 0.243 0.243 0.243 0.264 0.264 0.278 0.278 0.2475 0.2475 0.2475 0.251 0.251 0.258 0.258 0.2665 0.2665 0.2665 0.2585 0.2585 0.2675 0.2675 0.2715 0.2715 0.2715 0.276 0.276 0.2655 0.2655 0.2625 0.2625 0.2515 0.2515 0.2515 0.2615 0.2615 0.254 0.254 0.2725 0.2725 0.2725 0.258 0.258 0.2625 0.2625 0.274 0.274 0.274 0.2775 0.2775 0.2675 0.2675 0.278 0.278 0.278 0.291 0.291 0.3235 0.3235 0.321 0.321 0.321
0.2025 0.207 0.207 0.207 0.2135 0.2135 0.234 0.234 0.238 0.238 0.243 0.243 0.243 0.249 0.249 0.2715 0.2715 0.243 0.243 0.243 0.264 0.264 0.278 0.278 0.2475 0.2475 0.2475 0.251 0.251 0.258 0.258 0.2665 0.2665 0.2665 0.2585 0.2585 0.2675 0.2675 0.2715 0.2715 0.2715 0.276 0.276 0.2655 0.2655 0.2625 0.2625 0.2515 0.2515 0.2515 0.2615 0.2615 0.254 0.254 0.2725 0.2725 0.2725 0.258 0.258 0.2625 0.2625 0.274 0.274 0.274 0.2775 0.2775 0.2675 0.2675 0.278 0.278 0.278 0.291 0.291 0.3235 0.3235 0.321 0.321 0.321
0.2075 0.222 0.222 0.222 0.2315 0.2315 0.25 0.25 0.239 0.239 0.224 0.224 0.224 0.2175 0.2175 0.201 0.201 0.2395 0.2395 0.2395 0.269 0.269 0.251 0.251 0.272 0.272 0.272 0.2375 0.2375 0.27 0.27 0.2685 0.2685 0.2685 0.268 0.268 0.2715 0.2715 0.2885 0.2885 0.2885 0.281 0.281 0.282 0.282 0.2605 0.2605 0.2495 0.2495 0.2495 0.277 0.277 0.2525 0.2525 0.2735 0.2735 0.2735 0.3045 0.3045 0.2625 0.2625 0.2745 0.2745 0.2745 0.261 0.261 0.2875 0.2875 0.274 0.274 0.274 0.323 0.323 0.334 0.334 0.347 0.347 0.347
0.2075 0.222 0.222 0.222 0.2315 0.2315 0.25 0.25 0.239 0.239 0.224 0.224 0.224 0.2175 0.2175 0.201 0.201 0.2395 0.2395 0.2395 0.269 0.269 0.251 0.251 0.272 0.272 0.272 0.2375 0.2375 0.27 0.27 0.2685 0.2685 0.2685 0.268 0.268 0.2715 0.2715 0.2885 0.2885 0.2885 0.281 0.281 0.282 0.282 0.2605 0.2605 0.2495 0.2495 0.2495 0.277 0.277 0.2525 0.2525 0.2735 0.2735 0.2735 0.3045 0.3045 0.2625 0.2625 0.2745 0.2745 0.2745 0.261 0.261 0.2875 0.2875 0.274 0.274 0.274 0.323 0.323 0.334 0.334 0.347 0.347 0.347
0.2145 0.236 0.236 0.236 0.226 0.226 0.2235 0.2235 0.2395 0.2395 0.202 0.202 0.202 0.2115 0.2115 0.241 0.241 0.2595 0.2595 0.2595 0.2475 0.2475 0.249 0.249 0.246 0.246 0.246 0.2525 0.2525 0.2705 0.2705 0.2795 0.2795 0.2795 0.2605 0.2605 0.277 0.277 0.289 0.289 0.289 0.2795 0.2795 0.272 0.272 0.266 0.266 0.256 0.256 0.256 0.227 0.227 0.248 0.248 0.259 0.259 0.259 0.2375 0.2375 0.252 0.252 0.251 0.251 0.251 0.266 0.266 0.275 0.275 0.3005 0.3005 0.3005 0.2865 0.2865 0.324 0.324 0.306 0.306 0.306
0.2145 0.236 0.236 0.236 0.226 0.226 0.2235 0.2235 0.2395 0.2395 0.202 0.202 0.202 0.2115 0.2115 0.241 0.241 0.2595 0.2595 0.2595 0.2475 0.2475 0.249 0.249 0.246 0.246 0.246 0.2525 0.2525 0.2705 0.2705 0.2795 0.2795 0.2795 0.2605 0.2605 0.277 0.277 0.289 0.289 0.289 0.2795 0.2795 0.272 0.272 0.266 0.266 0.256 0.256 0.256 0.227 0.227 0.248 0.248 0.259 0.259 0.259 0.2375 0.2375 0.252 0.252 0.251 0.251 0.251 0.266 0.266 0.275 0.275 0.3005 0.3005 0.3005 0.2865 0.2865 0.324 0.324 0.306 0.306 0.306
0.2705 0.2605 0.2605 0.2605 0.22 0.22 0.219 0.219 0.2345 0.2345 0.2525 0.2525 0.2525 0.234 0.234 0.2725 0.2725 0.2675 0.2675 0.2675 0.2505 0.2505 0.2445 0.2445 0.2535 0.2535 0.2535 0.2535 0.2535 0.2685 0.2685 0.2705 0.2705 0.2705 0.269 0.269 0.27 0.27 0.271 0.271 0.271 0.275 0.275 0.2655 0.2655 0.287 0.287 0.271 0.271 0.271 0.2465 0.2465 0.241 0.241 0.257 0.257 0.257 0.2375 0.2375 0.2515 0.2515 0.2705 0.2705 0.2705 0.273 0.273 0.2675 0.2675 0.268 0.268 0.268 0.2945 0.2945 0.2885 0.2885 0.268 0.268 0.268
