ndvi/NOAA-332.asc
ncols         252
nrows         154
xllcorner     -18.017974
yllcorner     13.481982
cellsize      0.035948
NODATA_value  -9999
[rows 68 to 101 of 154, columns 0 to 76 of 252]
-1 -1 -1 -1 -1 -1 -1 -1 -1 -1 -1 -1 -1 -1 -1 -1 -1 -1 -1 -1 -1 -1 -1 -1 -1 -1 -1 -1 -1 -1 -1 -1 -1 -1 -1 -1 -1 -1 -1 0.1459 0.1459 0.1459 0.121 0.121 0.349 0.349 0.3485 0.3485 0.3485 0.2255 0.2255 0.269 0.269 0.241 0.241 0.332 0.332 0.332 0.4295 0.4295 0.4545 0.4545 0.4545 0.4545 0.4545 0.416 0.416 0.4475 0.4475 0.3755 0.3755 0.3755 0.343 0.343 0.3245 0.3245 0.345
-1 -1 -1 -1 -1 -1 -1 -1 -1 -1 -1 -1 -1 -1 -1 -1 -1 -1 -1 -1 -1 -1 -1 -1 -1 -1 -1 -1 -1 -1 -1 -1 -1 -1 -1 -1 -1 -1 -1 0.125 0.125 0.125 0.2905 0.2905 0.354 0.354 0.1825 0.1825 0.1825 0.197 0.197 0.2315 0.2315 0.2865 0.2865 0.3605 0.3605 0.3605 0.426 0.426 0.487 0.487 0.487 0.487 0.487 0.4515 0.4515 0.4565 0.4565 0.366 0.366 0.366 0.3285 0.3285 0.3045 0.3045 0.3295
-1 -1 -1 -1 -1 -1 -1 -1 -1 -1 -1 -1 -1 -1 -1 -1 -1 -1 -1 -1 -1 -1 -1 -1 -1 -1 -1 -1 -1 -1 -1 -1 -1 -1 -1 -1 -1 -1 -1 0.125 0.125 0.125 0.2905 0.2905 0.354 0.354 0.1825 0.1825 0.1825 0.197 0.197 0.2315 0.2315 0.2865 0.2865 0.3605 0.3605 0.3605 0.426 0.426 0.487 0.487 0.487 0.487 0.487 0.4515 0.4515 0.4565 0.4565 0.366 0.366 0.366 0.3285 0.3285 0.3045 0.3045 0.3295
-1 -1 -1 -1 -1 -1 -1 -1 -1 -1 -1 -1 -1 -1 -1 -1 -1 -1 -1 -1 -1 -1 -1 -1 -1 -1 -1 -1 -1 -1 -1 -1 -1 -1 -1 -1 -1 0.07 0.07 0.049 0.049 0.049 0.272 0.272 0.3 0.3 0.1965 0.1965 0.1965 0.2275 0.2275 0.228 0.228 0.2715 0.2715 0.3635 0.3635 0.3635 0.424 0.424 0.366 0.366 0.366 0.366 0.366 0.382 0.382 0.378 0.378 0.3795 0.3795 0.3795 0.3445 0.3445 0.3345 0.3345 0.368
-1 -1 -1 -1 -1 -1 -1 -1 -1 -1 -1 -1 -1 -1 -1 -1 -1 -1 -1 -1 -1 -1 -1 -1 -1 -1 -1 -1 -1 -1 -1 -1 -1 -1 -1 -1 -1 0.07 0.07 0.049 0.049 0.049 0.272 0.272 0.3 0.3 0.1965 0.1965 0.1965 0.2275 0.2275 0.228 0.228 0.2715 0.2715 0.3635 0.3635 0.3635 0.424 0.424 0.366 0.366 0.366 0.366 0.366 0.382 0.382 0.378 0.378 0.3795 0.3795 0.3795 0.3445 0.3445 0.3345 0.3345 0.368
-1 -1 -1 -1 -1 -1 -1 -1 -1 -1 -1 -1 -1 -1 -1 -1 -1 -1 -1 -1 -1 -1 -1 -1 -1 -1 -1 -1 -1 -1 -1 -1 -1 -1 -1 -1 -1 0.07 0.07 0.049 0.049 0.049 0.272 0.272 0.3 0.3 0.1965 0.1965 0.1965 0.2275 0.2275 0.228 0.228 0.2715 0.2715 0.3635 0.3635 0.3635 0.424 0.424 0.366 0.366 0.366 0.366 0.366 0.382 0.382 0.378 0.378 0.3795 0.3795 0.3795 0.3445 0.3445 0.3345 0.3345 0.368
-1 -1 -1 -1 -1 -1 -1 -1 -1 -1 -1 -1 -1 -1 -1 -1 -1 -1 -1 -1 -1 -1 -1 -1 -1 -1 -1 -1 -1 -1 -1 -1 -1 -1 -1 -1 -1 0.0126 0.0126 0.07600001 0.07600001 0.07600001 0.295 0.295 0.2625 0.2625 0.2435 0.2435 0.2435 0.1715 0.1715 0.2305 0.2305 0.2665 0.2665 0.3345 0.3345 0.3345 0.3275 0.3275 0.393 0.393 0.393 0.393 0.393 0.4405 0.4405 0.3705 0.3705 0.3285 0.3285 0.3285 0.352 0.352 0.339 0.339 0.3895
-1 -1 -1 -1 -1 -1 -1 -1 -1 -1 -1 -1 -1 -1 -1 -1 -1 -1 -1 -1 -1 -1 -1 -1 -1 -1 -1 -1 -1 -1 -1 -1 -1 -1 -1 -1 -1 0.0126 0.0126 0.07600001 0.07600001 0.07600001 0.295 0.295 0.2625 0.2625 0.2435 0.2435 0.2435 0.1715 0.1715 0.2305 0.2305 0.2665 0.2665 0.3345 0.3345 0.3345 0.3275 0.3275 0.393 0.393 0.393 0.393 0.393 0.4405 0.4405 0.3705 0.3705 0.3285 0.3285 0.3285 0.352 0.352 0.339 0.339 0.3895
-1 -1 -1 -1 -1 -1 -1 -1 -1 -1 -1 -1 -1 -1 -1 -1 -1 -1 -1 -1 -1 -1 -1 -1 -1 -1 -1 -1 -1 -1 -1 -1 -1 -1 -1 -1 -1 0.0037 0.0037 0.0995 0.0995 0.0995 0.2875 0.2875 0.315 0.315 0.326 0.326 0.326 0.3555 0.3555 0.3025 0.3025 0.2845 0.2845 0.27 0.27 0.27 0.341 0.341 0.3765 0.3765 0.3765 0.3765 0.3765 0.384 0.384 0.397 0.397 0.345 0.345 0.345 0.3615 0.3615 0.39 0.39 0.4025
-1 -1 -1 -1 -1 -1 -1 -1 -1 -1 -1 -1 -1 -1 -1 -1 -1 -1 -1 -1 -1 -1 -1 -1 -1 -1 -1 -1 -1 -1 -1 -1 -1 -1 -1 -1 -1 0.0037 0.0037 0.0995 0.0995 0.0995 0.2875 0.2875 0.315 0.315 0.326 0.326 0.326 0.3555 0.3555 0.3025 0.3025 0.2845 0.2845 0.27 0.27 0.27 0.341 0.341 0.3765 0.3765 0.3765 0.3765 0.3765 0.384 0.384 0.397 0.397 0.345 0.345 0.345 0.3615 0.3615 0.39 0.39 0.4025
-1 -1 -1 -1 -1 -1 -1 -1 -1 -1 -1 -1 -1 -1 -1 -1 -1 -1 -1 -1 -1 -1 -1 -1 -1 -1 -1 -1 -1 -1 -1 -1 -1 -1 -1 -1 -1 0.0872 0.0872 0.115 0.115 0.115 0.2895 0.2895 0.3105 0.3105 0.3225 0.3225 0.3225 0.311 0.311 0.294 0.294 0.267 0.267 0.303 0.303 0.303 0.3315 0.3315 0.362 0.362 0.362 0.362 0.362 0.3965 0.3965 0.3715 0.3715 0.3225 0.3225 0.3225 0.39 0.39 0.4405 0.4405 0.3975
-1 -1 -1 -1 -1 -1 -1 -1 -1 -1 -1 -1 -1 -1 -1 -1 -1 -1 -1 -1 -1 -1 -1 -1 -1 -1 -1 -1 -1 -1 -1 -1 -1 -1 -1 -1 -1 0.0872 0.0872 0.115 0.115 0.115 0.2895 0.2895 0.3105 0.3105 0.3225 0.3225 0.3225 0.311 0.311 0.294 0.294 0.267 0.267 0.303 0.303 0.303 0.3315 0.3315 0.362 0.362 0.362 0.362 0.362 0.3965 0.3965 0.3715 0.3715 0.3225 0.3225 0.3225 0.39 0.39 0.4405 0.4405 0.3975
-1 -1 -1 -1 -1 -1 -1 -1 -1 -1 -1 -1 -1 -1 -1 -1 -1 -1 -1 -1 -1 -1 -1 -1 -1 -1 -1 -1 -1 -1 -1 -1 -1 -1 -1 -1 -1 -0.0083 -0.0083 0.2085 0.2085 0.2085 0.3305 0.3305 0.342 0.342 0.305 0.305 0.305 0.3065 0.3065 0.2315 0.2315 0.251 0.251 0.276 0.276 0.276 0.303 0.303 0.3455 0.3455 0.3455 0.3455 0.3455 0.3535 0.3535 0.3495 0.3495 0.384 0.384 0.384 0.3505 0.3505 0.385 0.385 0.367
-1 -1 -1 -1 -1 -1 -1 -1 -1 -1 -1 -1 -1 -1 -1 -1 -1 -1 -1 -1 -1 -1 -1 -1 -1 -1 -1 -1 -1 -1 -1 -1 -1 -1 -1 -1 -1 -0.0083 -0.0083 0.2085 0.2085 0.2085 0.3305 0.3305 0.342 0.342 0.305 0.305 0.305 0.3065 0.3065 0.2315 0.2315 0.251 0.251 0.276 0.276 0.276 0.303 0.303 0.3455 0.3455 0.3455 0.3455 0.3455 0.3535 0.3535 0.3495 0.3495 0.384 0.384 0.384 0.3505 0.3505 0.385 0.385 0.367
-1 -1 -1 -1 -1 -1 -1 -1 -1 -1 -1 -1 -1 -1 -1 -1 -1 -1 -1 -1 -1 -1 -1 -1 -1 -1 -1 -1 -1 -1 -1 -1 -1 -1 -1 -1 -1 -0.0083 -0.0083 0.2085 0.2085 0.2085 0.3305 0.3305 0.342 0.342 0.305 0.305 0.305 0.3065 0.3065 0.2315 0.2315 0.251 0.251 0.276 0.276 0.276 0.303 0.303 0.3455 0.3455 0.3455 0.3455 0.3455 0.3535 0.3535 0.3495 0.3495 0.384 0.384 0.384 0.3505 0.3505 0.385 0.385 0.367
-1 -1 -1 -1 -1 -1 -1 -1 -1 -1 -1 -1 -1 -1 -1 -1 -1 -1 -1 -1 -1 -1 -1 -1 -1 -1 -1 -1 -1 -1 -1 -1 -1 -1 -1 -1 -1 0.04 0.04 0.2585 0.2585 0.2585 0.315 0.315 0.306 0.306 0.3137 0.3137 0.3137 0.3647 0.3647 0.3362 0.3362 0.261 0.261 0.2775 0.2775 0.2775 0.302 0.302 0.339 0.339 0.339 0.339 0.339 0.3485 0.3485 0.316 0.316 0.294 0.294 0.294 0.334 0.334 0.4095 0.4095 0.382
-1 -1 -1 -1 -1 -1 -1 -1 -1 -1 -1 -1 -1 -1 -1 -1 -1 -1 -1 -1 -1 -1 -1 -1 -1 -1 -1 -1 -1 -1 -1 -1 -1 -1 -1 -1 -1 0.04 0.04 0.2585 0.2585 0.2585 0.315 0.315 0.306 0.306 0.3137 0.3137 0.3137 0.3647 0.3647 0.3362 0.3362 0.261 0.261 0.2775 0.2775 0.2775 0.302 0.302 0.339 0.339 0.339 0.339 0.339 0.3485 0.3485 0.316 0.316 0.294 0.294 0.294 0.334 0.334 0.4095 0.4095 0.382
-1 -1 -1 -1 -1 -1 -1 -1 -1 -1 -1 -1 -1 -1 -1 -1 -1 -1 -1 -1 -1 -1 -1 -1 -1 -1 -1 -1 -1 -1 -1 -1 -1 -1 -1 -1 -1 0.107 0.107 0.3035 0.3035 0.3035 0.3295 0.3295 0.3147 0.3147 0.358 0.358 0.358 0.3495 0.3495 0.365 0.365 0.2935 0.2935 0.335 0.335 0.335 0.3332 0.3332 0.3125 0.3125 0.3125 0.3125 0.3125 0.2385 0.2385 0.2155 0.2155 0.2745 0.2745 0.2745 0.382 0.382 0.346 0.346 0.3795
-1 -1 -1 -1 -1 -1 -1 -1 -1 -1 -1 -1 -1 -1 -1 -1 -1 -1 -1 -1 -1 -1 -1 -1 -1 -1 -1 -1 -1 -1 -1 -1 -1 -1 -1 -1 -1 0.107 0.107 0.3035 0.3035 0.3035 0.3295 0.3295 0.3147 0.3147 0.358 0.358 0.358 0.3495 0.3495 0.365 0.365 0.2935 0.2935 0.335 0.335 0.335 0.3332 0.3332 0.3125 0.3125 0.3125 0.3125 0.3125 0.2385 0.2385 0.2155 0.2155 0.2745 0.2745 0.2745 0.382 0.382 0.346 0.346 0.3795
-1 -1 -1 -1 -1 -1 -1 -1 -1 -1 -1 -1 -1 -1 -1 -1 -1 -1 -1 -1 -1 -1 -1 -1 -1 -1 -1 -1 -1 -1 -1 -1 -1 -1 -1 0.0341 0.0341 0.2955 0.2955 0.3305 0.3305 0.3305 0.3405 0.3405 0.3685 0.3685 0.333 0.333 0.333 0.386 0.386 0.395 0.395 0.2635 0.2635 0.2625 0.2625 0.2625 0.2805 0.2805 0.2855 0.2855 0.2855 0.2855 0.2855 0.232 0.232 0.2495 0.2495 0.3445 0.3445 0.3445 0.381 0.381 0.3505 0.3505 0.348
-1 -1 -1 -1 -1 -1 -1 -1 -1 -1 -1 -1 -1 -1 -1 -1 -1 -1 -1 -1 -1 -1 -1 -1 -1 -1 -1 -1 -1 -1 -1 -1 -1 -1 -1 0.0341 0.0341 0.2955 0.2955 0.3305 0.3305 0.3305 0.3405 0.3405 0.3685 0.3685 0.333 0.333 0.333 0.386 0.386 0.395 0.395 0.2635 0.2635 0.2625 0.2625 0.2625 0.2805 0.2805 0.2855 0.2855 0.2855 0.2855 0.2855 0.232 0.232 0.2495 0.2495 0.3445 0.3445 0.3445 0.381 0.381 0.3505 0.3505 0.348
-1 -1 -1 -1 -1 -1 -1 -1 -1 -1 -1 -1 -1 -1 -1 -1 -1 -1 -1 -1 -1 -1 -1 -1 -1 -1 -1 -1 -1 -1 -1 -1 -1 -1 -1 0.0341 0.0341 0.2955 0.2955 0.3305 0.3305 0.3305 0.3405 0.3405 0.3685 0.3685 0.333 0.333 0.333 0.386 0.386 0.395 0.395 0.2635 0.2635 0.2625 0.2625 0.2625 0.2805 0.2805 0.2855 0.2855 0.2855 0.2855 0.2855 0.232 0.232 0.2495 0.2495 0.3445 0.3445 0.3445 0.381 0.381 0.3505 0.3505 0.348
-1 -1 -1 -1 -1 -1 -1 -1 -1 -1 -1 -1 -1 -1 -1 -1 -1 -1 -1 -1 -1 -1 -1 -1 -1 -1 -1 -1 -1 -1 -1 -1 -1 -1 -1 0.1625 0.1625 0.3415 0.3415 0.3587 0.3587 0.3587 0.3295 0.3295 0.3335 0.3335 0.296 0.296 0.296 0.285 0.285 0.274 0.274 0.327 0.327 0.3975 0.3975 0.3975 0.3135 0.3135 0.285 0.285 0.285 0.285 0.285 0.239 0.239 0.3445 0.3445 0.3175 0.3175 0.3175 0.2825 0.2825 0.266 0.266 0.441
-1 -1 -1 -1 -1 -1 -1 -1 -1 -1 -1 -1 -1 -1 -1 -1 -1 -1 -1 -1 -1 -1 -1 -1 -1 -1 -1 -1 -1 -1 -1 -1 -1 -1 -1 0.1625 0.1625 0.3415 0.3415 0.3587 0.3587 0.3587 0.3295 0.3295 0.3335 0.3335 0.296 0.296 0.296 0.285 0.285 0.274 0.274 0.327 0.327 0.3975 0.3975 0.3975 0.3135 0.3135 0.285 0.285 0.285 0.285 0.285 0.239 0.239 0.3445 0.3445 0.3175 0.3175 0.3175 0.2825 0.2825 0.266 0.266 0.441
-1 -1 -1 -1 -1 -1 -1 -1 -1 -1 -1 -1 -1 -1 -1 -1 -1 -1 -1 -1 -1 -1 -1 -1 -1 -1 -1 -1 -1 -1 -1 -1 0.1415 0.1415 0.1415 0.3585 0.3585 0.327 0.327 0.3145 0.3145 0.3145 0.3295 0.3295 0.3335 0.3335 0.318 0.318 0.318 0.2725 0.2725 0.304 0.304 0.382 0.382 0.414 0.414 0.414 0.426 0.426 0.2985 0.2985 0.2985 0.2985 0.2985 0.267 0.267 0.3775 0.3775 0.439 0.439 0.439 0.4155 0.4155 0.3405 0.3405 0.4685
-1 -1 -1 -1 -1 -1 -1 -1 -1 -1 -1 -1 -1 -1 -1 -1 -1 -1 -1 -1 -1 -1 -1 -1 -1 -1 -1 -1 -1 -1 -1 -1 0.1415 0.1415 0.1415 0.3585 0.3585 0.327 0.327 0.3145 0.3145 0.3145 0.3295 0.3295 0.3335 0.3335 0.318 0.318 0.318 0.2725 0.2725 0.304 0.304 0.382 0.382 0.414 0.414 0.414 0.426 0.426 0.2985 0.2985 0.2985 0.2985 0.2985 0.267 0.267 0.3775 0.3775 0.439 0.439 0.439 0.4155 0.4155 0.3405 0.3405 0.4685
-1 -1 -1 -1 -1 -1 -1 -1 -1 -1 -1 -1 -1 -1 -1 -1 -1 -1 -1 -1 -1 -1 -1 -1 -1 -1 -1 -1 -1 -1 0.0185 0.0185 0.2085 0.2085 0.2085 0.3325 0.3325 0.3035 0.3035 0.2905 0.2905 0.2905 0.337 0.337 0.347 0.347 0.3715 0.3715 0.3715 0.3222 0.3222 0.2965 0.2965 0.417 0.417 0.399 0.399 0.399 0.3365 0.3365 0.344 0.344 0.344 0.344 0.344 0.2815 0.2815 0.3935 0.3935 0.3975 0.3975 0.3975 0.3975 0.3975 0.4245 0.4245 0.3695
-1 -1 -1 -1 -1 -1 -1 -1 -1 -1 -1 -1 -1 -1 -1 -1 -1 -1 -1 -1 -1 -1 -1 -1 -1 -1 -1 -1 -1 -1 0.0185 0.0185 0.2085 0.2085 0.2085 0.3325 0.3325 0.3035 0.3035 0.2905 0.2905 0.2905 0.337 0.337 0.347 0.347 0.3715 0.3715 0.3715 0.3222 0.3222 0.2965 0.2965 0.417 0.417 0.399 0.399 0.399 0.3365 0.3365 0.344 0.344 0.344 0.344 0.344 0.2815 0.2815 0.3935 0.3935 0.3975 0.3975 0.3975 0.3975 0.3975 0.4245 0.4245 0.3695
-1 -1 -1 -1 -1 -1 -1 -1 -1 -1 -1 -1 -1 -1 -1 -1 -1 -1 -1 -1 -1 -1 -1 -1 -1 -1 -1 -1 -1 -1 0.0185 0.0185 0.2085 0.2085 0.2085 0.3325 0.3325 0.3035 0.3035 0.2905 0.2905 0.2905 0.337 0.337 0.347 0.347 0.3715 0.3715 0.3715 0.3222 0.3222 0.2965 0.2965 0.417 0.417 0.399 0.399 0.399 0.3365 0.3365 0.344 0.344 0.344 0.344 0.344 0.2815 0.2815 0.3935 0.3935 0.3975 0.3975 0.3975 0.3975 0.3975 0.4245 0.4245 0.3695
-1 -1 -1 -1 -1 -1 -1 -1 -1 -1 -1 -1 -1 -1 -1 -1 -1 -1 -1 -1 -1 -1 -1 -1 -1 -1 -1 -1 -1 -1 0.128 0.128 0.325 0.325 0.325 0.3455 0.3455 0.326 0.326 0.3215 0.3215 0.3215 0.366 0.366 0.38 0.38 0.3725 0.3725 0.3725 0.3455 0.3455 0.3582 0.3582 0.353 0.353 0.329 0.329 0.329 0.3165 0.3165 0.325 0.325 0.325 0.325 0.325 0.2895 0.2895 0.359 0.359 0.3695 0.3695 0.3695 0.378 0.378 0.431 0.431 0.4085
-1 -1 -1 -1 -1 -1 -1 -1 -1 -1 -1 -1 -1 -1 -1 -1 -1 -1 -1 -1 -1 -1 -1 -1 -1 -1 -1 -1 -1 -1 0.128 0.128 0.325 0.325 0.325 0.3455 0.3455 0.326 0.326 0.3215 0.3215 0.3215 0.366 0.366 0.38 0.38 0.3725 0.3725 0.3725 0.3455 0.3455 0.3582 0.3582 0.353 0.353 0.329 0.329 0.329 0.3165 0.3165 0.325 0.325 0.325 0.325 0.325 0.2895 0.2895 0.359 0.359 0.3695 0.3695 0.3695 0.378 0.378 0.431 0.431 0.4085
-1 -1 -1 -1 -1 -1 -1 -1 -1 -1 -1 -1 -1 -1 -1 -1 -1 -1 -1 -1 -1 -1 -1 -1 -1 -1 -1 -1 0.0595 0.0595 0.3385 0.3385 0.38 0.38 0.38 0.3625 0.3625 0.3585 0.3585 0.358 0.358 0.358 0.403 0.403 0.3905 0.3905 0.405 0.405 0.405 0.399 0.399 0.3595 0.3595 0.374 0.374 0.3055 0.3055 0.3055 0.288 0.288 0.3365 0.3365 0.3365 0.3365 0.3365 0.4075 0.4075 0.454 0.454 0.485 0.485 0.485 0.501 0.501 0.499 0.499 0.487
-1 -1 -1 -1 -1 -1 -1 -1 -1 -1 -1 -1 -1 -1 -1 -1 -1 -1 -1 -1 -1 -1 -1 -1 -1 -1 -1 -1 0.0595 0.0595 0.3385 0.3385 0.38 0.38 0.38 0.3625 0.3625 0.3585 0.3585 0.358 0.358 0.358 0.403 0.403 0.3905 0.3905 0.405 0.405 0.405 0.399 0.399 0.3595 0.3595 0.374 0.374 0.3055 0.3055 0.3055 0.288 0.288 0.3365 0.3365 0.3365 0.3365 0.3365 0.4075 0.4075 0.454 0.454 0.485 0.485 0.485 0.501 0.501 0.499 0.499 0.487
-1 -1 -1 -1 -1 -1 -1 -1 -1 -1 -1 -1 -1 -1 -1 -1 -1 -1 -1 -1 -1 -1 -1 -1 -1 0.0415 0.0415 0.0415 0.245 0.245 0.415 0.415 0.3965 0.3965 0.3965 0.3415 0.3415 0.383 0.383 0.3785 0.3785 0.3785 0.403 0.403 0.4225 0.4225 0.352 0.352 0.352 0.418 0.418 0.44 0.44 0.4235 0.4235 0.5165 0.5165 0.5165 0.4695 0.4695 0.5186 0.5186 0.5186 0.5186 0.5186 0.5211 0.5211 0.4895 0.4895 0.5045 0.5045 0.5045 0.5125 0.5125 0.506 0.506 0.4585
