ndvi/NOAA-25.asc
ncols         252
nrows         154
xllcorner     -18.017974
yllcorner     13.481982
cellsize      0.035948
NODATA_value  -9999
[rows 70 to 104 of 154, columns 0 to 76 of 252]
-1 -1 -1 -1 -1 -1 -1 -1 -1 -1 -1 -1 -1 -1 -1 -1 -1 -1 -1 -1 -1 -1 -1 -1 -1 -1 -1 -1 -1 -1 -1 -1 -1 -1 -1 -1 -1 -1 -1 0.2255 0.2255 0.2255 0.2755 0.2755 0.356 0.356 0.189 0.189 0.189 0.3095 0.3095 0.2705 0.2705 0.2305 0.2305 0.204 0.204 0.204 0.3886 0.3886 0.335 0.335 0.335 0.335 0.335 0.228 0.228 0.1765 0.1765 0.2065 0.2065 0.2065 0.194 0.194 0.2045 0.2045 0.204
-1 -1 -1 -1 -1 -1 -1 -1 -1 -1 -1 -1 -1 -1 -1 -1 -1 -1 -1 -1 -1 -1 -1 -1 -1 -1 -1 -1 -1 -1 -1 -1 -1 -1 -1 -1 -1 0.098 0.098 0.1605 0.1605 0.1605 0.2885 0.2885 0.254 0.254 0.237 0.237 0.237 0.252 0.252 0.2 0.2 0.2065 0.2065 0.18 0.18 0.18 0.169 0.169 0.2525 0.2525 0.2525 0.2525 0.2525 0.239 0.239 0.2285 0.2285 0.225 0.225 0.225 0.214 0.214 0.222 0.222 0.224
-1 -1 -1 -1 -1 -1 -1 -1 -1 -1 -1 -1 -1 -1 -1 -1 -1 -1 -1 -1 -1 -1 -1 -1 -1 -1 -1 -1 -1 -1 -1 -1 -1 -1 -1 -1 -1 0.098 0.098 0.1605 0.1605 0.1605 0.2885 0.2885 0.254 0.254 0.237 0.237 0.237 0.252 0.252 0.2 0.2 0.2065 0.2065 0.18 0.18 0.18 0.169 0.169 0.2525 0.2525 0.2525 0.2525 0.2525 0.239 0.239 0.2285 0.2285 0.225 0.225 0.225 0.214 0.214 0.222 0.222 0.224
-1 -1 -1 -1 -1 -1 -1 -1 -1 -1 -1 -1 -1 -1 -1 -1 -1 -1 -1 -1 -1 -1 -1 -1 -1 -1 -1 -1 -1 -1 -1 -1 -1 -1 -1 -1 -1 0.098 0.098 0.1605 0.1605 0.1605 0.2885 0.2885 0.254 0.254 0.237 0.237 0.237 0.252 0.252 0.2 0.2 0.2065 0.2065 0.18 0.18 0.18 0.169 0.169 0.2525 0.2525 0.2525 0.2525 0.2525 0.239 0.239 0.2285 0.2285 0.225 0.225 0.225 0.214 0.214 0.222 0.222 0.224
-1 -1 -1 -1 -1 -1 -1 -1 -1 -1 -1 -1 -1 -1 -1 -1 -1 -1 -1 -1 -1 -1 -1 -1 -1 -1 -1 -1 -1 -1 -1 -1 -1 -1 -1 -1 -1 0.03 0.03 0.1525 0.1525 0.1525 0.2575 0.2575 0.2745 0.2745 0.2375 0.2375 0.2375 0.2075 0.2075 0.2 0.2 0.196 0.196 0.1745 0.1745 0.1745 0.211 0.211 0.247 0.247 0.247 0.247 0.247 0.2545 0.2545 0.2265 0.2265 0.219 0.219 0.219 0.22 0.22 0.22 0.22 0.224
-1 -1 -1 -1 -1 -1 -1 -1 -1 -1 -1 -1 -1 -1 -1 -1 -1 -1 -1 -1 -1 -1 -1 -1 -1 -1 -1 -1 -1 -1 -1 -1 -1 -1 -1 -1 -1 0.03 0.03 0.1525 0.1525 0.1525 0.2575 0.2575 0.2745 0.2745 0.2375 0.2375 0.2375 0.2075 0.2075 0.2 0.2 0.196 0.196 0.1745 0.1745 0.1745 0.211 0.211 0.247 0.247 0.247 0.247 0.247 0.2545 0.2545 0.2265 0.2265 0.219 0.219 0.219 0.22 0.22 0.22 0.22 0.224
-1 -1 -1 -1 -1 -1 -1 -1 -1 -1 -1 -1 -1 -1 -1 -1 -1 -1 -1 -1 -1 -1 -1 -1 -1 -1 -1 -1 -1 -1 -1 -1 -1 -1 -1 -1 -1 0.0121 0.0121 0.1475 0.1475 0.1475 0.2515 0.2515 0.2555 0.2555 0.233 0.233 0.233 0.2325 0.2325 0.2215 0.2215 0.207 0.207 0.2275 0.2275 0.2275 0.232 0.232 0.217 0.217 0.217 0.217 0.217 0.218 0.218 0.22 0.22 0.198 0.198 0.198 0.19 0.19 0.199 0.199 0.209
-1 -1 -1 -1 -1 -1 -1 -1 -1 -1 -1 -1 -1 -1 -1 -1 -1 -1 -1 -1 -1 -1 -1 -1 -1 -1 -1 -1 -1 -1 -1 -1 -1 -1 -1 -1 -1 0.0121 0.0121 0.1475 0.1475 0.1475 0.2515 0.2515 0.2555 0.2555 0.233 0.233 0.233 0.2325 0.2325 0.2215 0.2215 0.207 0.207 0.2275 0.2275 0.2275 0.232 0.232 0.217 0.217 0.217 0.217 0.217 0.218 0.218 0.22 0.22 0.198 0.198 0.198 0.19 0.19 0.199 0.199 0.209
-1 -1 -1 -1 -1 -1 -1 -1 -1 -1 -1 -1 -1 -1 -1 -1 -1 -1 -1 -1 -1 -1 -1 -1 -1 -1 -1 -1 -1 -1 -1 -1 -1 -1 -1 -1 -1 0.0787 0.0787 0.2095 0.2095 0.2095 0.215 0.215 0.245 0.245 0.2275 0.2275 0.2275 0.2305 0.2305 0.2135 0.2135 0.227 0.227 0.2145 0.2145 0.2145 0.2145 0.2145 0.204 0.204 0.204 0.204 0.204 0.213 0.213 0.217 0.217 0.201 0.201 0.201 0.2015 0.2015 0.187 0.187 0.2015
-1 -1 -1 -1 -1 -1 -1 -1 -1 -1 -1 -1 -1 -1 -1 -1 -1 -1 -1 -1 -1 -1 -1 -1 -1 -1 -1 -1 -1 -1 -1 -1 -1 -1 -1 -1 -1 0.0787 0.0787 0.2095 0.2095 0.2095 0.215 0.215 0.245 0.245 0.2275 0.2275 0.2275 0.2305 0.2305 0.2135 0.2135 0.227 0.227 0.2145 0.2145 0.2145 0.2145 0.2145 0.204 0.204 0.204 0.204 0.204 0.213 0.213 0.217 0.217 0.201 0.201 0.201 0.2015 0.2015 0.187 0.187 0.2015
-1 -1 -1 -1 -1 -1 -1 -1 -1 -1 -1 -1 -1 -1 -1 -1 -1 -1 -1 -1 -1 -1 -1 -1 -1 -1 -1 -1 -1 -1 -1 -1 -1 -1 -1 -1 -1 0.0797 0.0797 0.2 0.2 0.2 0.2485 0.2485 0.2255 0.2255 0.214 0.214 0.214 0.2035 0.2035 0.2085 0.2085 0.219 0.219 0.2125 0.2125 0.2125 0.2095 0.2095 0.1995 0.1995 0.1995 0.1995 0.1995 0.1895 0.1895 0.2095 0.2095 0.2095 0.2095 0.2095 0.2095 0.2095 0.208 0.208 0.196
-1 -1 -1 -1 -1 -1 -1 -1 -1 -1 -1 -1 -1 -1 -1 -1 -1 -1 -1 -1 -1 -1 -1 -1 -1 -1 -1 -1 -1 -1 -1 -1 -1 -1 -1 -1 -1 0.0797 0.0797 0.2 0.2 0.2 0.2485 0.2485 0.2255 0.2255 0.214 0.214 0.214 0.2035 0.2035 0.2085 0.2085 0.219 0.219 0.2125 0.2125 0.2125 0.2095 0.2095 0.1995 0.1995 0.1995 0.1995 0.1995 0.1895 0.1895 0.2095 0.2095 0.2095 0.2095 0.2095 0.2095 0.2095 0.208 0.208 0.196
-1 -1 -1 -1 -1 -1 -1 -1 -1 -1 -1 -1 -1 -1 -1 -1 -1 -1 -1 -1 -1 -1 -1 -1 -1 -1 -1 -1 -1 -1 -1 -1 -1 -1 -1 -1 -1 0.0797 0.0797 0.2 0.2 0.2 0.2485 0.2485 0.2255 0.2255 0.214 0.214 0.214 0.2035 0.2035 0.2085 0.2085 0.219 0.219 0.2125 0.2125 0.2125 0.2095 0.2095 0.1995 0.1995 0.1995 0.1995 0.1995 0.1895 0.1895 0.2095 0.2095 0.2095 0.2095 0.2095 0.2095 0.2095 0.208 0.208 0.196
-1 -1 -1 -1 -1 -1 -1 -1 -1 -1 -1 -1 -1 -1 -1 -1 -1 -1 -1 -1 -1 -1 -1 -1 -1 -1 -1 -1 -1 -1 -1 -1 -1 -1 -1 -1 -1 0.0976 0.0976 0.201 0.201 0.201 0.252 0.252 0.21 0.21 0.206 0.206 0.206 0.203 0.203 0.206 0.206 0.193 0.193 0.2075 0.2075 0.2075 0.2085 0.2085 0.2075 0.2075 0.2075 0.2075 0.2075 0.204 0.204 0.1975 0.1975 0.185 0.185 0.185 0.202 0.202 0.2025 0.2025 0.195
-1 -1 -1 -1 -1 -1 -1 -1 -1 -1 -1 -1 -1 -1 -1 -1 -1 -1 -1 -1 -1 -1 -1 -1 -1 -1 -1 -1 -1 -1 -1 -1 -1 -1 -1 -1 -1 0.0976 0.0976 0.201 0.201 0.201 0.252 0.252 0.21 0.21 0.206 0.206 0.206 0.203 0.203 0.206 0.206 0.193 0.193 0.2075 0.2075 0.2075 0.2085 0.2085 0.2075 0.2075 0.2075 0.2075 0.2075 0.204 0.204 0.1975 0.1975 0.185 0.185 0.185 0.202 0.202 0.2025 0.2025 0.195
-1 -1 -1 -1 -1 -1 -1 -1 -1 -1 -1 -1 -1 -1 -1 -1 -1 -1 -1 -1 -1 -1 -1 -1 -1 -1 -1 -1 -1 -1 -1 -1 -1 -1 -1 -1 -1 0.105 0.105 0.2565 0.2565 0.2565 0.252 0.252 0.201 0.201 0.2035 0.2035 0.2035 0.2265 0.2265 0.209 0.209 0.2135 0.2135 0.1945 0.1945 0.1945 0.2075 0.2075 0.207 0.207 0.207 0.207 0.207 0.205 0.205 0.2155 0.2155 0.197 0.197 0.197 0.204 0.204 0.2025 0.2025 0.19
-1 -1 -1 -1 -1 -1 -1 -1 -1 -1 -1 -1 -1 -1 -1 -1 -1 -1 -1 -1 -1 -1 -1 -1 -1 -1 -1 -1 -1 -1 -1 -1 -1 -1 -1 -1 -1 0.105 0.105 0.2565 0.2565 0.2565 0.252 0.252 0.201 0.201 0.2035 0.2035 0.2035 0.2265 0.2265 0.209 0.209 0.2135 0.2135 0.1945 0.1945 0.1945 0.2075 0.2075 0.207 0.207 0.207 0.207 0.207 0.205 0.205 0.2155 0.2155 0.197 0.197 0.197 0.204 0.204 0.2025 0.2025 0.19
-1 -1 -1 -1 -1 -1 -1 -1 -1 -1 -1 -1 -1 -1 -1 -1 -1 -1 -1 -1 -1 -1 -1 -1 -1 -1 -1 -1 -1 -1 -1 -1 -1 -1 -1 0.0186 0.0186 0.253 0.253 0.2385 0.2385 0.2385 0.219 0.219 0.2055 0.2055 0.2055 0.2055 0.2055 0.201 0.201 0.195 0.195 0.21 0.21 0.219 0.219 0.219 0.205 0.205 0.204 0.204 0.204 0.204 0.204 0.2025 0.2025 0.2155 0.2155 0.1995 0.1995 0.1995 0.202 0.202 0.218 0.218 0.2305
-1 -1 -1 -1 -1 -1 -1 -1 -1 -1 -1 -1 -1 -1 -1 -1 -1 -1 -1 -1 -1 -1 -1 -1 -1 -1 -1 -1 -1 -1 -1 -1 -1 -1 -1 0.0186 0.0186 0.253 0.253 0.2385 0.2385 0.2385 0.219 0.219 0.2055 0.2055 0.2055 0.2055 0.2055 0.201 0.201 0.195 0.195 0.21 0.21 0.219 0.219 0.219 0.205 0.205 0.204 0.204 0.204 0.204 0.204 0.2025 0.2025 0.2155 0.2155 0.1995 0.1995 0.1995 0.202 0.202 0.218 0.218 0.2305
-1 -1 -1 -1 -1 -1 -1 -1 -1 -1 -1 -1 -1 -1 -1 -1 -1 -1 -1 -1 -1 -1 -1 -1 -1 -1 -1 -1 -1 -1 -1 -1 -1 -1 -1 0.0186 0.0186 0.253 0.253 0.2385 0.2385 0.2385 0.219 0.219 0.2055 0.2055 0.2055 0.2055 0.2055 0.201 0.201 0.195 0.195 0.21 0.21 0.219 0.219 0.219 0.205 0.205 0.204 0.204 0.204 0.204 0.204 0.2025 0.2025 0.2155 0.2155 0.1995 0.1995 0.1995 0.202 0.202 0.218 0.218 0.2305
-1 -1 -1 -1 -1 -1 -1 -1 -1 -1 -1 -1 -1 -1 -1 -1 -1 -1 -1 -1 -1 -1 -1 -1 -1 -1 -1 -1 -1 -1 -1 -1 -1 -1 -1 0.106 0.106 0.2355 0.2355 0.2175 0.2175 0.2175 0.221 0.221 0.2075 0.2075 0.228 0.228 0.228 0.2285 0.2285 0.225 0.225 0.233 0.233 0.2135 0.2135 0.2135 0.217 0.217 0.196 0.196 0.196 0.196 0.196 0.199 0.199 0.2015 0.2015 0.216 0.216 0.216 0.1965 0.1965 0.233 0.233 0.2355
-1 -1 -1 -1 -1 -1 -1 -1 -1 -1 -1 -1 -1 -1 -1 -1 -1 -1 -1 -1 -1 -1 -1 -1 -1 -1 -1 -1 -1 -1 -1 -1 -1 -1 -1 0.106 0.106 0.2355 0.2355 0.2175 0.2175 0.2175 0.221 0.221 0.2075 0.2075 0.228 0.228 0.228 0.2285 0.2285 0.225 0.225 0.233 0.233 0.2135 0.2135 0.2135 0.217 0.217 0.196 0.196 0.196 0.196 0.196 0.199 0.199 0.2015 0.2015 0.216 0.216 0.216 0.1965 0.1965 0.233 0.233 0.2355
-1 -1 -1 -1 -1 -1 -1 -1 -1 -1 -1 -1 -1 -1 -1 -1 -1 -1 -1 -1 -1 -1 -1 -1 -1 -1 -1 -1 -1 -1 -1 -1 0.1001 0.1001 0.1001 0.238 0.238 0.2255 0.2255 0.2135 0.2135 0.2135 0.22 0.22 0.224 0.224 0.227 0.227 0.227 0.2515 0.2515 0.2295 0.2295 0.238 0.238 0.224 0.224 0.224 0.2245 0.2245 0.2335 0.2335 0.2335 0.2335 0.2335 0.2275 0.2275 0.233 0.233 0.217 0.217 0.217 0.208 0.208 0.216 0.216 0.221
-1 -1 -1 -1 -1 -1 -1 -1 -1 -1 -1 -1 -1 -1 -1 -1 -1 -1 -1 -1 -1 -1 -1 -1 -1 -1 -1 -1 -1 -1 -1 -1 0.1001 0.1001 0.1001 0.238 0.238 0.2255 0.2255 0.2135 0.2135 0.2135 0.22 0.22 0.224 0.224 0.227 0.227 0.227 0.2515 0.2515 0.2295 0.2295 0.238 0.238 0.224 0.224 0.224 0.2245 0.2245 0.2335 0.2335 0.2335 0.2335 0.2335 0.2275 0.2275 0.233 0.233 0.217 0.217 0.217 0.208 0.208 0.216 0.216 0.221
-1 -1 -1 -1 -1 -1 -1 -1 -1 -1 -1 -1 -1 -1 -1 -1 -1 -1 -1 -1 -1 -1 -1 -1 -1 -1 -1 -1 -1 -1 0.0386 0.0386 0.25 0.25 0.25 0.2445 0.2445 0.212 0.212 0.2165 0.2165 0.2165 0.218 0.218 0.2095 0.2095 0.2525 0.2525 0.2525 0.23 0.23 0.2295 0.2295 0.261 0.261 0.2595 0.2595 0.2595 0.2295 0.2295 0.2565 0.2565 0.2565 0.2565 0.2565 0.2575 0.2575 0.2275 0.2275 0.2255 0.2255 0.2255 0.217 0.217 0.1975 0.1975 0.1995
-1 -1 -1 -1 -1 -1 -1 -1 -1 -1 -1 -1 -1 -1 -1 -1 -1 -1 -1 -1 -1 -1 -1 -1 -1 -1 -1 -1 -1 -1 0.0386 0.0386 0.25 0.25 0.25 0.2445 0.2445 0.212 0.212 0.2165 0.2165 0.2165 0.218 0.218 0.2095 0.2095 0.2525 0.2525 0.2525 0.23 0.23 0.2295 0.2295 0.261 0.261 0.2595 0.2595 0.2595 0.2295 0.2295 0.2565 0.2565 0.2565 0.2565 0.2565 0.2575 0.2575 0.2275 0.2275 0.2255 0.2255 0.2255 0.217 0.217 0.1975 0.1975 0.1995
-1 -1 -1 -1 -1 -1 -1 -1 -1 -1 -1 -1 -1 -1 -1 -1 -1 -1 -1 -1 -1 -1 -1 -1 -1 -1 -1 -1 -1 -1 0.0386 0.0386 0.25 0.25 0.25 0.2445 0.2445 0.212 0.212 0.2165 0.2165 0.2165 0.218 0.218 0.2095 0.2095 0.2525 0.2525 0.2525 0.23 0.23 0.2295 0.2295 0.261 0.261 0.2595 0.2595 0.2595 0.2295 0.2295 0.2565 0.2565 0.2565 0.2565 0.2565 0.2575 0.2575 0.2275 0.2275 0.2255 0.2255 0.2255 0.217 0.217 0.1975 0.1975 0.1995
-1 -1 -1 -1 -1 -1 -1 -1 -1 -1 -1 -1 -1 -1 -1 -1 -1 -1 -1 -1 -1 -1 -1 -1 -1 -1 -1 -1 -1 -1 0.127 0.127 0.2525 0.2525 0.2525 0.245 0.245 0.223 0.223 0.2265 0.2265 0.2265 0.221 0.221 0.2245 0.2245 0.25 0.25 0.25 0.2205 0.2205 0.2305 0.2305 0.2445 0.2445 0.2335 0.2335 0.2335 0.222 0.222 0.2335 0.2335 0.2335 0.2335 0.2335 0.2355 0.2355 0.2225 0.2225 0.2245 0.2245 0.2245 0.213 0.213 0.202 0.202 0.223
-1 -1 -1 -1 -1 -1 -1 -1 -1 -1 -1 -1 -1 -1 -1 -1 -1 -1 -1 -1 -1 -1 -1 -1 -1 -1 -1 -1 -1 -1 0.127 0.127 0.2525 0.2525 0.2525 0.245 0.245 0.223 0.223 0.2265 0.2265 0.2265 0.221 0.221 0.2245 0.2245 0.25 0.25 0.25 0.2205 0.2205 0.2305 0.2305 0.2445 0.2445 0.2335 0.2335 0.2335 0.222 0.222 0.2335 0.2335 0.2335 0.2335 0.2335 0.2355 0.2355 0.2225 0.2225 0.2245 0.2245 0.2245 0.213 0.213 0.202 0.202 0.223
-1 -1 -1 -1 -1 -1 -1 -1 -1 -1 -1 -1 -1 -1 -1 -1 -1 -1 -1 -1 -1 -1 -1 -1 -1 -1 -1 -1 0.055 0.055 0.24 0.24 0.26 0.26 0.26 0.2385 0.2385 0.226 0.226 0.2245 0.2245 0.2245 0.2215 0.2215 0.2295 0.2295 0.229 0.229 0.229 0.226 0.226 0.222 0.222 0.251 0.251 0.241 0.241 0.241 0.248 0.248 0.2635 0.2635 0.2635 0.2635 0.2635 0.2495 0.2495 0.2045 0.2045 0.2125 0.2125 0.2125 0.1895 0.1895 0.1825 0.1825 0.2115
-1 -1 -1 -1 -1 -1 -1 -1 -1 -1 -1 -1 -1 -1 -1 -1 -1 -1 -1 -1 -1 -1 -1 -1 -1 -1 -1 -1 0.055 0.055 0.24 0.24 0.26 0.26 0.26 0.2385 0.2385 0.226 0.226 0.2245 0.2245 0.2245 0.2215 0.2215 0.2295 0.2295 0.229 0.229 0.229 0.226 0.226 0.222 0.222 0.251 0.251 0.241 0.241 0.241 0.248 0.248 0.2635 0.2635 0.2635 0.2635 0.2635 0.2495 0.2495 0.2045 0.2045 0.2125 0.2125 0.2125 0.1895 0.1895 0.1825 0.1825 0.2115
-1 -1 -1 -1 -1 -1 -1 -1 -1 -1 -1 -1 -1 -1 -1 -1 -1 -1 -1 -1 -1 -1 -1 -1 -1 0.0182 0.0182 0.0182 0.1565 0.1565 0.279 0.279 0.2595 0.2595 0.2595 0.2305 0.2305 0.2275 0.2275 0.2445 0.2445 0.2445 0.2305 0.2305 0.2325 0.2325 0.226 0.226 0.226 0.239 0.239 0.247 0.247 0.2515 0.2515 0.249 0.249 0.249 0.239 0.239 0.243 0.243 0.243 0.243 0.243 0.2385 0.2385 0.2405 0.2405 0.214 0.214 0.214 0.214 0.214 0.218 0.218 0.203
-1 -1 -1 -1 -1 -1 -1 -1 -1 -1 -1 -1 -1 -1 -1 -1 -1 -1 -1 -1 -1 -1 -1 -1 -1 0.0182 0.0182 0.0182 0.1565 0.1565 0.279 0.279 0.2595 0.2595 0.2595 0.2305 0.2305 0.2275 0.2275 0.2445 0.2445 0.2445 0.2305 0.2305 0.2325 0.2325 0.226 0.226 0.226 0.239 0.239 0.247 0.247 0.2515 0.2515 0.249 0.249 0.249 0.239 0.239 0.243 0.243 0.243 0.243 0.243 0.2385 0.2385 0.2405 0.2405 0.214 0.214 0.214 0.214 0.214 0.218 0.218 0.203
-1 -1 -1 -1 -1 -1 -1 -1 -1 -1 -1 -1 -1 -1 -1 -1 -1 -1 -1 -1 -1 -1 -1 0.0056 0.0056 0.1905 0.1905 0.1905 0.2865 0.2865 0.25 0.25 0.231 0.231 0.231 0.253 0.253 0.2435 0.2435 0.249 0.249 0.249 0.24 0.24 0.2475 0.2475 0.246 0.246 0.246 0.248 0.248 0.2485 0.2485 0.255 0.255 0.248 0.248 0.248 0.2595 0.2595 0.242 0.242 0.242 0.242 0.242 0.2305 0.2305 0.229 0.229 0.221 0.221 0.221 0.214 0.214 0.203 0.203 0.212
-1 -1 -1 -1 -1 -1 -1 -1 -1 -1 -1 -1 -1 -1 -1 -1 -1 -1 -1 -1 -1 -1 -1 0.0056 0.0056 0.1905 0.1905 0.1905 0.2865 0.2865 0.25 0.25 0.231 0.231 0.231 0.253 0.253 0.2435 0.2435 0.249 0.249 0.249 0.24 0.24 0.2475 0.2475 0.246 0.246 0.246 0.248 0.248 0.2485 0.2485 0.255 0.255 0.248 0.248 0.248 0.2595 0.2595 0.242 0.242 0.242 0.242 0.242 0.2305 0.2305 0.229 0.229 0.221 0.221 0.221 0.214 0.214 0.203 0.203 0.212
