ndvi/NOAA-339.asc
ncols         252
nrows         154
xllcorner     -18.017974
yllcorner     13.481982
cellsize      0.035948
NODATA_value  -9999
[rows 102 to 135 of 154, columns 78 to 155 of 252]
0.2375 0.256 0.256 0.2535 0.2535 0.267 0.267 0.267 0.273 0.273 0.2295 0.2295 0.2285 0.2285 0.2355 0.2355 0.2355 0.212 0.212 0.225 0.225 0.25 0.25 0.25 0.247 0.247 0.23 0.23 0.233 0.233 0.233 0.2325 0.2325 0.246 0.246 0.2405 0.2405 0.2405 0.248 0.248 0.243 0.243 0.2575 0.2575 0.2575 0.266 0.266 0.2595 0.2595 0.2725 0.2725 0.2565 0.2565 0.2565 0.2445 0.2445 0.2135 0.2135 0.214 0.214 0.214 0.209 0.209 0.238 0.238 0.2825 0.2825 0.2825 0.2755 0.2755 0.2425 0.2425 0.246 0.246 0.246 0.2105 0.2105 0.219
0.249 0.247 0.247 0.2435 0.2435 0.2725 0.2725 0.2725 0.254 0.254 0.257 0.257 0.2325 0.2325 0.2355 0.2355 0.2355 0.229 0.229 0.2405 0.2405 0.2425 0.2425 0.2425 0.259 0.259 0.2445 0.2445 0.24 0.24 0.24 0.241 0.241 0.225 0.225 0.236 0.236 0.236 0.2135 0.2135 0.226 0.226 0.243 0.243 0.243 0.2475 0.2475 0.2505 0.2505 0.2595 0.2595 0.2575 0.2575 0.2575 0.25 0.25 0.2495 0.2495 0.2405 0.2405 0.2405 0.2305 0.2305 0.239 0.239 0.2605 0.2605 0.2605 0.232 0.232 0.247 0.247 0.2435 0.2435 0.2435 0.2355 0.2355 0.2125
0.249 0.247 0.247 0.2435 0.2435 0.2725 0.2725 0.2725 0.254 0.254 0.257 0.257 0.2325 0.2325 0.2355 0.2355 0.2355 0.229 0.229 0.2405 0.2405 0.2425 0.2425 0.2425 0.259 0.259 0.2445 0.2445 0.24 0.24 0.24 0.241 0.241 0.225 0.225 0.236 0.236 0.236 0.2135 0.2135 0.226 0.226 0.243 0.243 0.243 0.2475 0.2475 0.2505 0.2505 0.2595 0.2595 0.2575 0.2575 0.2575 0.25 0.25 0.2495 0.2495 0.2405 0.2405 0.2405 0.2305 0.2305 0.239 0.239 0.2605 0.2605 0.2605 0.232 0.232 0.247 0.247 0.2435 0.2435 0.2435 0.2355 0.2355 0.2125
0.249 0.247 0.247 0.2435 0.2435 0.2725 0.2725 0.2725 0.254 0.254 0.257 0.257 0.2325 0.2325 0.2355 0.2355 0.2355 0.229 0.229 0.2405 0.2405 0.2425 0.2425 0.2425 0.259 0.259 0.2445 0.2445 0.24 0.24 0.24 0.241 0.241 0.225 0.225 0.236 0.236 0.236 0.2135 0.2135 0.226 0.226 0.243 0.243 0.243 0.2475 0.2475 0.2505 0.2505 0.2595 0.2595 0.2575 0.2575 0.2575 0.25 0.25 0.2495 0.2495 0.2405 0.2405 0.2405 0.2305 0.2305 0.239 0.239 0.2605 0.2605 0.2605 0.232 0.232 0.247 0.247 0.2435 0.2435 0.2435 0.2355 0.2355 0.2125
0.261 0.2565 0.2565 0.257 0.257 0.256 0.256 0.256 0.277 0.277 0.252 0.252 0.2385 0.2385 0.242 0.242 0.242 0.238 0.238 0.2435 0.2435 0.259 0.259 0.259 0.2805 0.2805 0.286 0.286 0.263 0.263 0.263 0.2495 0.2495 0.21 0.21 0.2185 0.2185 0.2185 0.24 0.24 0.257 0.257 0.2435 0.2435 0.2435 0.2275 0.2275 0.203 0.203 0.243 0.243 0.254 0.254 0.254 0.237 0.237 0.234 0.234 0.255 0.255 0.255 0.23 0.23 0.268 0.268 0.2525 0.2525 0.2525 0.2385 0.2385 0.215 0.215 0.221 0.221 0.221 0.229 0.229 0.2215
0.261 0.2565 0.2565 0.257 0.257 0.256 0.256 0.256 0.277 0.277 0.252 0.252 0.2385 0.2385 0.242 0.242 0.242 0.238 0.238 0.2435 0.2435 0.259 0.259 0.259 0.2805 0.2805 0.286 0.286 0.263 0.263 0.263 0.2495 0.2495 0.21 0.21 0.2185 0.2185 0.2185 0.24 0.24 0.257 0.257 0.2435 0.2435 0.2435 0.2275 0.2275 0.203 0.203 0.243 0.243 0.254 0.254 0.254 0.237 0.237 0.234 0.234 0.255 0.255 0.255 0.23 0.23 0.268 0.268 0.2525 0.2525 0.2525 0.2385 0.2385 0.215 0.215 0.221 0.221 0.221 0.229 0.229 0.2215
0.269 0.2775 0.2775 0.259 0.259 0.259 0.259 0.259 0.2545 0.2545 0.2485 0.2485 0.2715 0.2715 0.2525 0.2525 0.2525 0.2665 0.2665 0.256 0.256 0.234 0.234 0.234 0.265 0.265 0.296 0.296 0.2835 0.2835 0.2835 0.256 0.256 0.22 0.22 0.199 0.199 0.199 0.245 0.245 0.2685 0.2685 0.245 0.245 0.245 0.1795 0.1795 0.1965 0.1965 0.2335 0.2335 0.246 0.246 0.246 0.2495 0.2495 0.2565 0.2565 0.244 0.244 0.244 0.2335 0.2335 0.2475 0.2475 0.2435 0.2435 0.2435 0.265 0.265 0.2315 0.2315 0.23 0.23 0.23 0.215 0.215 0.228
0.269 0.2775 0.2775 0.259 0.259 0.259 0.259 0.259 0.2545 0.2545 0.2485 0.2485 0.2715 0.2715 0.2525 0.2525 0.2525 0.2665 0.2665 0.256 0.256 0.234 0.234 0.234 0.265 0.265 0.296 0.296 0.2835 0.2835 0.2835 0.256 0.256 0.22 0.22 0.199 0.199 0.199 0.245 0.245 0.2685 0.2685 0.245 0.245 0.245 0.1795 0.1795 0.1965 0.1965 0.2335 0.2335 0.246 0.246 0.246 0.2495 0.2495 0.2565 0.2565 0.244 0.244 0.244 0.2335 0.2335 0.2475 0.2475 0.2435 0.2435 0.2435 0.265 0.265 0.2315 0.2315 0.23 0.23 0.23 0.215 0.215 0.228
0.279 0.2825 0.2825 0.263 0.263 0.253 0.253 0.253 0.2795 0.2795 0.2415 0.2415 0.2635 0.2635 0.275 0.275 0.275 0.253 0.253 0.2565 0.2565 0.2365 0.2365 0.2365 0.258 0.258 0.2595 0.2595 0.2605 0.2605 0.2605 0.252 0.252 0.2625 0.2625 0.222 0.222 0.222 0.2035 0.2035 0.1965 0.1965 0.238 0.238 0.238 0.24 0.24 0.2525 0.2525 0.265 0.265 0.2745 0.2745 0.2745 0.2635 0.2635 0.263 0.263 0.26 0.26 0.26 0.276 0.276 0.148 0.148 0.2315 0.2315 0.2315 0.263 0.263 0.2485 0.2485 0.2435 0.2435 0.2435 0.218 0.218 0.2425
0.279 0.2825 0.2825 0.263 0.263 0.253 0.253 0.253 0.2795 0.2795 0.2415 0.2415 0.2635 0.2635 0.275 0.275 0.275 0.253 0.253 0.2565 0.2565 0.2365 0.2365 0.2365 0.258 0.258 0.2595 0.2595 0.2605 0.2605 0.2605 0.252 0.252 0.2625 0.2625 0.222 0.222 0.222 0.2035 0.2035 0.1965 0.1965 0.238 0.238 0.238 0.24 0.24 0.2525 0.2525 0.265 0.265 0.2745 0.2745 0.2745 0.2635 0.2635 0.263 0.263 0.26 0.26 0.26 0.276 0.276 0.148 0.148 0.2315 0.2315 0.2315 0.263 0.263 0.2485 0.2485 0.2435 0.2435 0.2435 0.218 0.218 0.2425
0.279 0.2825 0.2825 0.263 0.263 0.253 0.253 0.253 0.2795 0.2795 0.2415 0.2415 0.2635 0.2635 0.275 0.275 0.275 0.253 0.253 0.2565 0.2565 0.2365 0.2365 0.2365 0.258 0.258 0.2595 0.2595 0.2605 0.2605 0.2605 0.252 0.252 0.2625 0.2625 0.222 0.222 0.222 0.2035 0.2035 0.1965 0.1965 0.238 0.238 0.238 0.24 0.24 0.2525 0.2525 0.265 0.265 0.2745 0.2745 0.2745 0.2635 0.2635 0.263 0.263 0.26 0.26 0.26 0.276 0.276 0.148 0.148 0.2315 0.2315 0.2315 0.263 0.263 0.2485 0.2485 0.2435 0.2435 0.2435 0.218 0.218 0.2425
0.2595 0.287 0.287 0.2515 0.2515 0.256 0.256 0.256 0.2765 0.2765 0.2705 0.2705 0.263 0.263 0.27 0.27 0.27 0.2585 0.2585 0.2745 0.2745 0.251 0.251 0.251 0.243 0.243 0.251 0.251 0.256 0.256 0.256 0.2485 0.2485 0.253 0.253 0.289 0.289 0.289 0.2435 0.2435 0.2165 0.2165 0.248 0.248 0.248 0.2475 0.2475 0.2605 0.2605 0.2885 0.2885 0.263 0.263 0.263 0.2845 0.2845 0.2765 0.2765 0.2835 0.2835 0.2835 0.2535 0.2535 0.215 0.215 0.2445 0.2445 0.2445 0.258 0.258 0.244 0.244 0.227 0.227 0.227 0.2195 0.2195 0.208
0.2595 0.287 0.287 0.2515 0.2515 0.256 0.256 0.256 0.2765 0.2765 0.2705 0.2705 0.263 0.263 0.27 0.27 0.27 0.2585 0.2585 0.2745 0.2745 0.251 0.251 0.251 0.243 0.243 0.251 0.251 0.256 0.256 0.256 0.2485 0.2485 0.253 0.253 0.289 0.289 0.289 0.2435 0.2435 0.2165 0.2165 0.248 0.248 0.248 0.2475 0.2475 0.2605 0.2605 0.2885 0.2885 0.263 0.263 0.263 0.2845 0.2845 0.2765 0.2765 0.2835 0.2835 0.2835 0.2535 0.2535 0.215 0.215 0.2445 0.2445 0.2445 0.258 0.258 0.244 0.244 0.227 0.227 0.227 0.2195 0.2195 0.208
0.279 0.265 0.265 0.248 0.248 0.268 0.268 0.268 0.2605 0.2605 0.274 0.274 0.288 0.288 0.2515 0.2515 0.2515 0.254 0.254 0.246 0.246 0.251 0.251 0.251 0.2555 0.2555 0.236 0.236 0.2325 0.2325 0.2325 0.219 0.219 0.2355 0.2355 0.2395 0.2395 0.2395 0.233 0.233 0.24 0.24 0.213 0.213 0.213 0.227 0.227 0.1975 0.1975 0.2365 0.2365 0.294 0.294 0.294 0.272 0.272 0.282 0.282 0.2925 0.2925 0.2925 0.252 0.252 0.2585 0.2585 0.235 0.235 0.235 0.253 0.253 0.234 0.234 0.22 0.22 0.22 0.212 0.212 0.212
0.279 0.265 0.265 0.248 0.248 0.268 0.268 0.268 0.2605 0.2605 0.274 0.274 0.288 0.288 0.2515 0.2515 0.2515 0.254 0.254 0.246 0.246 0.251 0.251 0.251 0.2555 0.2555 0.236 0.236 0.2325 0.2325 0.2325 0.219 0.219 0.2355 0.2355 0.2395 0.2395 0.2395 0.233 0.233 0.24 0.24 0.213 0.213 0.213 0.227 0.227 0.1975 0.1975 0.2365 0.2365 0.294 0.294 0.294 0.272 0.272 0.282 0.282 0.2925 0.2925 0.2925 0.252 0.252 0.2585 0.2585 0.235 0.235 0.235 0.253 0.253 0.234 0.234 0.22 0.22 0.22 0.212 0.212 0.212
0.258 0.268 0.268 0.263 0.263 0.267 0.267 0.267 0.2755 0.2755 0.257 0.257 0.2395 0.2395 0.2485 0.2485 0.2485 0.252 0.252 0.227 0.227 0.251 0.251 0.251 0.283 0.283 0.249 0.249 0.2535 0.2535 0.2535 0.2665 0.2665 0.2815 0.2815 0.234 0.234 0.234 0.229 0.229 0.2475 0.2475 0.24 0.24 0.24 0.202 0.202 0.261 0.261 0.2825 0.2825 0.2835 0.2835 0.2835 0.302 0.302 0.2735 0.2735 0.262 0.262 0.262 0.2695 0.2695 0.252 0.252 0.23 0.23 0.23 0.253 0.253 0.24 0.24 0.233 0.233 0.233 0.23 0.23 0.215
0.258 0.268 0.268 0.263 0.263 0.267 0.267 0.267 0.2755 0.2755 0.257 0.257 0.2395 0.2395 0.2485 0.2485 0.2485 0.252 0.252 0.227 0.227 0.251 0.251 0.251 0.283 0.283 0.249 0.249 0.2535 0.2535 0.2535 0.2665 0.2665 0.2815 0.2815 0.234 0.234 0.234 0.229 0.229 0.2475 0.2475 0.24 0.24 0.24 0.202 0.202 0.261 0.261 0.2825 0.2825 0.2835 0.2835 0.2835 0.302 0.302 0.2735 0.2735 0.262 0.262 0.262 0.2695 0.2695 0.252 0.252 0.23 0.23 0.23 0.253 0.253 0.24 0.24 0.233 0.233 0.233 0.23 0.23 0.215
0.258 0.268 0.268 0.263 0.263 0.267 0.267 0.267 0.2755 0.2755 0.257 0.257 0.2395 0.2395 0.2485 0.2485 0.2485 0.252 0.252 0.227 0.227 0.251 0.251 0.251 0.283 0.283 0.249 0.249 0.2535 0.2535 0.2535 0.2665 0.2665 0.2815 0.2815 0.234 0.234 0.234 0.229 0.229 0.2475 0.2475 0.24 0.24 0.24 0.202 0.202 0.261 0.261 0.2825 0.2825 0.2835 0.2835 0.2835 0.302 0.302 0.2735 0.2735 0.262 0.262 0.262 0.2695 0.2695 0.252 0.252 0.23 0.23 0.23 0.253 0.253 0.24 0.24 0.233 0.233 0.233 0.23 0.23 0.215
0.2275 0.252 0.252 0.2355 0.2355 0.246 0.246 0.246 0.2565 0.2565 0.262 0.262 0.262 0.262 0.2475 0.2475 0.2475 0.2805 0.2805 0.2675 0.2675 0.2655 0.2655 0.2655 0.265 0.265 0.274 0.274 0.2465 0.2465 0.2465 0.266 0.266 0.2565 0.2565 0.2585 0.2585 0.2585 0.256 0.256 0.2665 0.2665 0.2625 0.2625 0.2625 0.246 0.246 0.2905 0.2905 0.287 0.287 0.2955 0.2955 0.2955 0.2715 0.2715 0.261 0.261 0.2665 0.2665 0.2665 0.2665 0.2665 0.2585 0.2585 0.2265 0.2265 0.2265 0.23 0.23 0.269 0.269 0.248 0.248 0.248 0.252 0.252 0.217
0.2275 0.252 0.252 0.2355 0.2355 0.246 0.246 0.246 0.2565 0.2565 0.262 0.262 0.262 0.262 0.2475 0.2475 0.2475 0.2805 0.2805 0.2675 0.2675 0.2655 0.2655 0.2655 0.265 0.265 0.274 0.274 0.2465 0.2465 0.2465 0.266 0.266 0.2565 0.2565 0.2585 0.2585 0.2585 0.256 0.256 0.2665 0.2665 0.2625 0.2625 0.2625 0.246 0.246 0.2905 0.2905 0.287 0.287 0.2955 0.2955 0.2955 0.2715 0.2715 0.261 0.261 0.2665 0.2665 0.2665 0.2665 0.2665 0.2585 0.2585 0.2265 0.2265 0.2265 0.23 0.23 0.269 0.269 0.248 0.248 0.248 0.252 0.252 0.217
0.237 0.228 0.228 0.244 0.244 0.239 0.239 0.239 0.2545 0.2545 0.238 0.238 0.2415 0.2415 0.2615 0.2615 0.2615 0.2585 0.2585 0.2595 0.2595 0.2815 0.2815 0.2815 0.26 0.26 0.2505 0.2505 0.2585 0.2585 0.2585 0.2285 0.2285 0.24 0.24 0.267 0.267 0.267 0.292 0.292 0.294 0.294 0.296 0.296 0.296 0.318 0.318 0.2995 0.2995 0.2915 0.2915 0.2975 0.2975 0.2975 0.2695 0.2695 0.275 0.275 0.2995 0.2995 0.2995 0.287 0.287 0.2725 0.2725 0.261 0.261 0.261 0.2685 0.2685 0.262 0.262 0.258 0.258 0.258 0.25 0.25 0.241
0.237 0.228 0.228 0.244 0.244 0.239 0.239 0.239 0.2545 0.2545 0.238 0.238 0.2415 0.2415 0.2615 0.2615 0.2615 0.2585 0.2585 0.2595 0.2595 0.2815 0.2815 0.2815 0.26 0.26 0.2505 0.2505 0.2585 0.2585 0.2585 0.2285 0.2285 0.24 0.24 0.267 0.267 0.267 0.292 0.292 0.294 0.294 0.296 0.296 0.296 0.318 0.318 0.2995 0.2995 0.2915 0.2915 0.2975 0.2975 0.2975 0.2695 0.2695 0.275 0.275 0.2995 0.2995 0.2995 0.287 0.287 0.2725 0.2725 0.261 0.261 0.261 0.2685 0.2685 0.262 0.262 0.258 0.258 0.258 0.25 0.25 0.241
0.2455 0.242 0.242 0.217 0.217 0.237 0.237 0.237 0.2345 0.2345 0.242 0.242 0.2565 0.2565 0.254 0.254 0.254 0.2675 0.2675 0.2485 0.2485 0.2625 0.2625 0.2625 0.2665 0.2665 0.28 0.28 0.2795 0.2795 0.2795 0.28 0.28 0.2855 0.2855 0.282 0.282 0.282 0.284 0.284 0.269 0.269 0.2785 0.2785 0.2785 0.299 0.299 0.3025 0.3025 0.2965 0.2965 0.298 0.298 0.298 0.2695 0.2695 0.269 0.269 0.281 0.281 0.281 0.285 0.285 0.2775 0.2775 0.263 0.263 0.263 0.255 0.255 0.268 0.268 0.2575 0.2575 0.2575 0.2355 0.2355 0.2415
0.2455 0.242 0.242 0.217 0.217 0.237 0.237 0.237 0.2345 0.2345 0.242 0.242 0.2565 0.2565 0.254 0.254 0.254 0.2675 0.2675 0.2485 0.2485 0.2625 0.2625 0.2625 0.2665 0.2665 0.28 0.28 0.2795 0.2795 0.2795 0.28 0.28 0.2855 0.2855 0.282 0.282 0.282 0.284 0.284 0.269 0.269 0.2785 0.2785 0.2785 0.299 0.299 0.3025 0.3025 0.2965 0.2965 0.298 0.298 0.298 0.2695 0.2695 0.269 0.269 0.281 0.281 0.281 0.285 0.285 0.2775 0.2775 0.263 0.263 0.263 0.255 0.255 0.268 0.268 0.2575 0.2575 0.2575 0.2355 0.2355 0.2415
0.2645 0.2395 0.2395 0.237 0.237 0.243 0.243 0.243 0.2455 0.2455 0.2575 0.2575 0.2365 0.2365 0.2485 0.2485 0.2485 0.2655 0.2655 0.2615 0.2615 0.288 0.288 0.288 0.2805 0.2805 0.2785 0.2785 0.264 0.264 0.264 0.277 0.277 0.2855 0.2855 0.2725 0.2725 0.2725 0.279 0.279 0.2815 0.2815 0.2835 0.2835 0.2835 0.256 0.256 0.288 0.288 0.2945 0.2945 0.29 0.29 0.29 0.2585 0.2585 0.2665 0.2665 0.2745 0.2745 0.2745 0.2885 0.2885 0.2675 0.2675 0.2615 0.2615 0.2615 0.247 0.247 0.2645 0.2645 0.2565 0.2565 0.2565 0.2205 0.2205 0.234
0.2645 0.2395 0.2395 0.237 0.237 0.243 0.243 0.243 0.2455 0.2455 0.2575 0.2575 0.2365 0.2365 0.2485 0.2485 0.2485 0.2655 0.2655 0.2615 0.2615 0.288 0.288 0.288 0.2805 0.2805 0.2785 0.2785 0.264 0.264 0.264 0.277 0.277 0.2855 0.2855 0.2725 0.2725 0.2725 0.279 0.279 0.2815 0.2815 0.2835 0.2835 0.2835 0.256 0.256 0.288 0.288 0.2945 0.2945 0.29 0.29 0.29 0.2585 0.2585 0.2665 0.2665 0.2745 0.2745 0.2745 0.2885 0.2885 0.2675 0.2675 0.2615 0.2615 0.2615 0.247 0.247 0.2645 0.2645 0.2565 0.2565 0.2565 0.2205 0.2205 0.234
0.2645 0.2395 0.2395 0.237 0.237 0.243 0.243 0.243 0.2455 0.2455 0.2575 0.2575 0.2365 0.2365 0.2485 0.2485 0.2485 0.2655 0.2655 0.2615 0.2615 0.288 0.288 0.288 0.2805 0.2805 0.2785 0.2785 0.264 0.264 0.264 0.277 0.277 0.2855 0.2855 0.2725 0.2725 0.2725 0.279 0.279 0.2815 0.2815 0.2835 0.2835 0.2835 0.256 0.256 0.288 0.288 0.2945 0.2945 0.29 0.29 0.29 0.2585 0.2585 0.2665 0.2665 0.2745 0.2745 0.2745 0.2885 0.2885 0.2675 0.2675 0.2615 0.2615 0.2615 0.247 0.247 0.2645 0.2645 0.2565 0.2565 0.2565 0.2205 0.2205 0.234
0.2575 0.2505 0.2505 0.261 0.261 0.2575 0.2575 0.2575 0.263 0.263 0.257 0.257 0.26 0.26 0.2385 0.2385 0.2385 0.2555 0.2555 0.255 0.255 0.2545 0.2545 0.2545 0.2595 0.2595 0.276 0.276 0.266 0.266 0.266 0.2685 0.2685 0.2865 0.2865 0.289 0.289 0.289 0.286 0.286 0.2855 0.2855 0.27 0.27 0.27 0.2835 0.2835 0.283 0.283 0.285 0.285 0.2875 0.2875 0.2875 0.2635 0.2635 0.2665 0.2665 0.2795 0.2795 0.2795 0.281 0.281 0.265 0.265 0.269 0.269 0.269 0.259 0.259 0.2625 0.2625 0.2475 0.2475 0.2475 0.2335 0.2335 0.2315
0.2575 0.2505 0.2505 0.261 0.261 0.2575 0.2575 0.2575 0.263 0.263 0.257 0.257 0.26 0.26 0.2385 0.2385 0.2385 0.2555 0.2555 0.255 0.255 0.2545 0.2545 0.2545 0.2595 0.2595 0.276 0.276 0.266 0.266 0.266 0.2685 0.2685 0.2865 0.2865 0.289 0.289 0.289 0.286 0.286 0.2855 0.2855 0.27 0.27 0.27 0.2835 0.2835 0.283 0.283 0.285 0.285 0.2875 0.2875 0.2875 0.2635 0.2635 0.2665 0.2665 0.2795 0.2795 0.2795 0.281 0.281 0.265 0.265 0.269 0.269 0.269 0.259 0.259 0.2625 0.2625 0.2475 0.2475 0.2475 0.2335 0.2335 0.2315
0.2725 0.274 0.274 0.263 0.263 0.2615 0.2615 0.2615 0.2835 0.2835 0.271 0.271 0.268 0.268 0.2635 0.2635 0.2635 0.258 0.258 0.2675 0.2675 0.2655 0.2655 0.2655 0.28 0.28 0.2735 0.2735 0.26 0.26 0.26 0.27 0.27 0.2885 0.2885 0.292 0.292 0.292 0.298 0.298 0.297 0.297 0.298 0.298 0.298 0.3055 0.3055 0.283 0.283 0.291 0.291 0.2865 0.2865 0.2865 0.2625 0.2625 0.281 0.281 0.2815 0.2815 0.2815 0.288 0.288 0.263 0.263 0.258 0.258 0.258 0.258 0.258 0.277 0.277 0.26 0.26 0.26 0.253 0.253 0.241
0.2725 0.274 0.274 0.263 0.263 0.2615 0.2615 0.2615 0.2835 0.2835 0.271 0.271 0.268 0.268 0.2635 0.2635 0.2635 0.258 0.258 0.2675 0.2675 0.2655 0.2655 0.2655 0.28 0.28 0.2735 0.2735 0.26 0.26 0.26 0.27 0.27 0.2885 0.2885 0.292 0.292 0.292 0.298 0.298 0.297 0.297 0.298 0.298 0.298 0.3055 0.3055 0.283 0.283 0.291 0.291 0.2865 0.2865 0.2865 0.2625 0.2625 0.281 0.281 0.2815 0.2815 0.2815 0.288 0.288 0.263 0.263 0.258 0.258 0.258 0.258 0.258 0.277 0.277 0.26 0.26 0.26 0.253 0.253 0.241
0.256 0.2685 0.2685 0.269 0.269 0.2645 0.2645 0.2645 0.2655 0.2655 0.273 0.273 0.255 0.255 0.2615 0.2615 0.2615 0.261 0.261 0.266 0.266 0.281 0.281 0.281 0.284 0.284 0.262 0.262 0.2575 0.2575 0.2575 0.278 0.278 0.2985 0.2985 0.3075 0.3075 0.3075 0.301 0.301 0.3055 0.3055 0.3105 0.3105 0.3105 0.313 0.313 0.296 0.296 0.306 0.306 0.307 0.307 0.307 0.3075 0.3075 0.3065 0.3065 0.2945 0.2945 0.2945 0.298 0.298 0.284 0.284 0.288 0.288 0.288 0.301 0.301 0.302 0.302 0.277 0.277 0.277 0.255 0.255 0.2415
0.256 0.2685 0.2685 0.269 0.269 0.2645 0.2645 0.2645 0.2655 0.2655 0.273 0.273 0.255 0.255 0.2615 0.2615 0.2615 0.261 0.261 0.266 0.266 0.281 0.281 0.281 0.284 0.284 0.262 0.262 0.2575 0.2575 0.2575 0.278 0.278 0.2985 0.2985 0.3075 0.3075 0.3075 0.301 0.301 0.3055 0.3055 0.3105 0.3105 0.3105 0.313 0.313 0.296 0.296 0.306 0.306 0.307 0.307 0.307 0.3075 0.3075 0.3065 0.3065 0.2945 0.2945 0.2945 0.298 0.298 0.284 0.284 0.288 0.288 0.288 0.301 0.301 0.302 0.302 0.277 0.277 0.277 0.255 0.255 0.2415
0.256 0.2685 0.2685 0.269 0.269 0.2645 0.2645 0.2645 0.2655 0.2655 0.273 0.273 0.255 0.255 0.2615 0.2615 0.2615 0.261 0.261 0.266 0.266 0.281 0.281 0.281 0.284 0.284 0.262 0.262 0.2575 0.2575 0.2575 0.278 0.278 0.2985 0.2985 0.3075 0.3075 0.3075 0.301 0.301 0.3055 0.3055 0.3105 0.3105 0.3105 0.313 0.313 0.296 0.296 0.306 0.306 0.307 0.307 0.307 0.3075 0.3075 0.3065 0.3065 0.2945 0.2945 0.2945 0.298 0.298 0.284 0.284 0.288 0.288 0.288 0.301 0.301 0.302 0.302 0.277 0.277 0.277 0.255 0.255 0.2415
