ndvi/NOAA-117.asc
ncols         252
nrows         154
xllcorner     -18.017974
yllcorner     13.481982
cellsize      0.035948
NODATA_value  -9999
[rows 102 to 135 of 154, columns 154 to 230 of 252]
0.4555 0.393 0.393 0.4116 0.4116 0.4116 0.2885 0.2885 0.341 0.341 0.373 0.373 0.3945 0.3945 0.3945 0.407 0.407 0.406 0.406 0.444 0.444 0.444 0.416 0.416 0.4135 0.4135 0.426 0.426 0.426 0.4165 0.4165 0.4215 0.4215 0.422 0.422 0.422 0.4345 0.4345 0.444 0.444 0.4455 0.4455 0.4455 0.4615 0.4615 0.4155 0.4155 0.4145 0.4145 0.414 0.414 0.414 0.386 0.386 0.357 0.357 0.478 0.478 0.478 0.4195 0.4195 0.404 0.404 0.4115 0.4115 0.4115 0.438 0.438 0.404 0.404 0.386 0.386 0.386 0.4155 0.4155 0.432 0.432
0.4305 0.427 0.427 0.4395 0.4395 0.4395 0.342 0.342 0.397 0.397 0.418 0.418 0.4165 0.4165 0.4165 0.42 0.42 0.4245 0.4245 0.4355 0.4355 0.4355 0.4255 0.4255 0.4175 0.4175 0.4215 0.4215 0.4215 0.4275 0.4275 0.443 0.443 0.4055 0.4055 0.4055 0.448 0.448 0.453 0.453 0.437 0.437 0.437 0.4215 0.4215 0.404 0.404 0.432 0.432 0.455 0.455 0.455 0.4195 0.4195 0.454 0.454 0.4885 0.4885 0.4885 0.3935 0.3935 0.413 0.413 0.4645 0.4645 0.4645 0.4695 0.4695 0.449 0.449 0.3985 0.3985 0.3985 0.4305 0.4305 0.4741 0.4741
0.4305 0.427 0.427 0.4395 0.4395 0.4395 0.342 0.342 0.397 0.397 0.418 0.418 0.4165 0.4165 0.4165 0.42 0.42 0.4245 0.4245 0.4355 0.4355 0.4355 0.4255 0.4255 0.4175 0.4175 0.4215 0.4215 0.4215 0.4275 0.4275 0.443 0.443 0.4055 0.4055 0.4055 0.448 0.448 0.453 0.453 0.437 0.437 0.437 0.4215 0.4215 0.404 0.404 0.432 0.432 0.455 0.455 0.455 0.4195 0.4195 0.454 0.454 0.4885 0.4885 0.4885 0.3935 0.3935 0.413 0.413 0.4645 0.4645 0.4645 0.4695 0.4695 0.449 0.449 0.3985 0.3985 0.3985 0.4305 0.4305 0.4741 0.4741
0.4305 0.427 0.427 0.4395 0.4395 0.4395 0.342 0.342 0.397 0.397 0.418 0.418 0.4165 0.4165 0.4165 0.42 0.42 0.4245 0.4245 0.4355 0.4355 0.4355 0.4255 0.4255 0.4175 0.4175 0.4215 0.4215 0.4215 0.4275 0.4275 0.443 0.443 0.4055 0.4055 0.4055 0.448 0.448 0.453 0.453 0.437 0.437 0.437 0.4215 0.4215 0.404 0.404 0.432 0.432 0.455 0.455 0.455 0.4195 0.4195 0.454 0.454 0.4885 0.4885 0.4885 0.3935 0.3935 0.413 0.413 0.4645 0.4645 0.4645 0.4695 0.4695 0.449 0.449 0.3985 0.3985 0.3985 0.4305 0.4305 0.4741 0.4741
0.434 0.4595 0.4595 0.476 0.476 0.476 0.39 0.39 0.4785 0.4785 0.513 0.513 0.487 0.487 0.487 0.4475 0.4475 0.426 0.426 0.404 0.404 0.404 0.423 0.423 0.4565 0.4565 0.4175 0.4175 0.4175 0.455 0.455 0.494 0.494 0.501 0.501 0.501 0.472 0.472 0.4755 0.4755 0.5005 0.5005 0.5005 0.5215 0.5215 0.5005 0.5005 0.481 0.481 0.505 0.505 0.505 0.545 0.545 0.5645 0.5645 0.5515 0.5515 0.5515 0.474 0.474 0.425 0.425 0.4105 0.4105 0.4105 0.4665 0.4665 0.484 0.484 0.462 0.462 0.462 0.474 0.474 0.4745 0.4745
0.434 0.4595 0.4595 0.476 0.476 0.476 0.39 0.39 0.4785 0.4785 0.513 0.513 0.487 0.487 0.487 0.4475 0.4475 0.426 0.426 0.404 0.404 0.404 0.423 0.423 0.4565 0.4565 0.4175 0.4175 0.4175 0.455 0.455 0.494 0.494 0.501 0.501 0.501 0.472 0.472 0.4755 0.4755 0.5005 0.5005 0.5005 0.5215 0.5215 0.5005 0.5005 0.481 0.481 0.505 0.505 0.505 0.545 0.545 0.5645 0.5645 0.5515 0.5515 0.5515 0.474 0.474 0.425 0.425 0.4105 0.4105 0.4105 0.4665 0.4665 0.484 0.484 0.462 0.462 0.462 0.474 0.474 0.4745 0.4745
0.4145 0.4885 0.4885 0.503 0.503 0.503 0.582 0.582 0.5235 0.5235 0.5355 0.5355 0.474 0.474 0.474 0.4455 0.4455 0.428 0.428 0.3875 0.3875 0.3875 0.418 0.418 0.455 0.455 0.467 0.467 0.467 0.4815 0.4815 0.5005 0.5005 0.5155 0.5155 0.5155 0.5385 0.5385 0.504 0.504 0.5335 0.5335 0.5335 0.5215 0.5215 0.518 0.518 0.5505 0.5505 0.5495 0.5495 0.5495 0.5495 0.5495 0.598 0.598 0.546 0.546 0.546 0.523 0.523 0.5325 0.5325 0.502 0.502 0.502 0.491 0.491 0.488 0.488 0.5175 0.5175 0.5175 0.485 0.485 0.5015 0.5015
0.4145 0.4885 0.4885 0.503 0.503 0.503 0.582 0.582 0.5235 0.5235 0.5355 0.5355 0.474 0.474 0.474 0.4455 0.4455 0.428 0.428 0.3875 0.3875 0.3875 0.418 0.418 0.455 0.455 0.467 0.467 0.467 0.4815 0.4815 0.5005 0.5005 0.5155 0.5155 0.5155 0.5385 0.5385 0.504 0.504 0.5335 0.5335 0.5335 0.5215 0.5215 0.518 0.518 0.5505 0.5505 0.5495 0.5495 0.5495 0.5495 0.5495 0.598 0.598 0.546 0.546 0.546 0.523 0.523 0.5325 0.5325 0.502 0.502 0.502 0.491 0.491 0.488 0.488 0.5175 0.5175 0.5175 0.485 0.485 0.5015 0.5015
0.408 0.483 0.483 0.511 0.511 0.511 0.551 0.551 0.536 0.536 0.5125 0.5125 0.4715 0.4715 0.4715 0.483 0.483 0.434 0.434 0.4485 0.4485 0.4485 0.4525 0.4525 0.4795 0.4795 0.513 0.513 0.513 0.5 0.5 0.5095 0.5095 0.53 0.53 0.53 0.5855 0.5855 0.5495 0.5495 0.5485 0.5485 0.5485 0.576 0.576 0.551 0.551 0.5695 0.5695 0.537 0.537 0.537 0.6335 0.6335 0.5935 0.5935 0.5975 0.5975 0.5975 0.559 0.559 0.4955 0.4955 0.5165 0.5165 0.5165 0.5315 0.5315 0.553 0.553 0.5275 0.5275 0.5275 0.517 0.517 0.553 0.553
0.408 0.483 0.483 0.511 0.511 0.511 0.551 0.551 0.536 0.536 0.5125 0.5125 0.4715 0.4715 0.4715 0.483 0.483 0.434 0.434 0.4485 0.4485 0.4485 0.4525 0.4525 0.4795 0.4795 0.513 0.513 0.513 0.5 0.5 0.5095 0.5095 0.53 0.53 0.53 0.5855 0.5855 0.5495 0.5495 0.5485 0.5485 0.5485 0.576 0.576 0.551 0.551 0.5695 0.5695 0.537 0.537 0.537 0.6335 0.6335 0.5935 0.5935 0.5975 0.5975 0.5975 0.559 0.559 0.4955 0.4955 0.5165 0.5165 0.5165 0.5315 0.5315 0.553 0.553 0.5275 0.5275 0.5275 0.517 0.517 0.553 0.553
0.408 0.483 0.483 0.511 0.511 0.511 0.551 0.551 0.536 0.536 0.5125 0.5125 0.4715 0.4715 0.4715 0.483 0.483 0.434 0.434 0.4485 0.4485 0.4485 0.4525 0.4525 0.4795 0.4795 0.513 0.513 0.513 0.5 0.5 0.5095 0.5095 0.53 0.53 0.53 0.5855 0.5855 0.5495 0.5495 0.5485 0.5485 0.5485 0.576 0.576 0.551 0.551 0.5695 0.5695 0.537 0.537 0.537 0.6335 0.6335 0.5935 0.5935 0.5975 0.5975 0.5975 0.559 0.559 0.4955 0.4955 0.5165 0.5165 0.5165 0.5315 0.5315 0.553 0.553 0.5275 0.5275 0.5275 0.517 0.517 0.553 0.553
0.5055 0.472 0.472 0.481 0.481 0.481 0.537 0.537 0.498 0.498 0.5435 0.5435 0.513 0.513 0.513 0.5555 0.5555 0.548 0.548 0.545 0.545 0.545 0.5425 0.5425 0.516 0.516 0.518 0.518 0.518 0.53 0.53 0.5175 0.5175 0.57 0.57 0.57 0.593 0.593 0.565 0.565 0.494 0.494 0.494 0.5835 0.5835 0.527 0.527 0.5555 0.5555 0.5829999 0.5829999 0.5829999 0.6075 0.6075 0.6185 0.6185 0.5925 0.5925 0.5925 0.547 0.547 0.485 0.485 0.5185 0.5185 0.5185 0.561 0.561 0.5725 0.5725 0.5465 0.5465 0.5465 0.536 0.536 0.5434999 0.5434999
0.5055 0.472 0.472 0.481 0.481 0.481 0.537 0.537 0.498 0.498 0.5435 0.5435 0.513 0.513 0.513 0.5555 0.5555 0.548 0.548 0.545 0.545 0.545 0.5425 0.5425 0.516 0.516 0.518 0.518 0.518 0.53 0.53 0.5175 0.5175 0.57 0.57 0.57 0.593 0.593 0.565 0.565 0.494 0.494 0.494 0.5835 0.5835 0.527 0.527 0.5555 0.5555 0.5829999 0.5829999 0.5829999 0.6075 0.6075 0.6185 0.6185 0.5925 0.5925 0.5925 0.547 0.547 0.485 0.485 0.5185 0.5185 0.5185 0.561 0.561 0.5725 0.5725 0.5465 0.5465 0.5465 0.536 0.536 0.5434999 0.5434999
0.501 0.61 0.61 0.522 0.522 0.522 0.546 0.546 0.515 0.515 0.514 0.514 0.572 0.572 0.572 0.594 0.594 0.5745 0.5745 0.566 0.566 0.566 0.5515 0.5515 0.519 0.519 0.543 0.543 0.543 0.5565 0.5565 0.5605 0.5605 0.606 0.606 0.606 0.626 0.626 0.5085 0.5085 0.52 0.52 0.52 0.578 0.578 0.5345 0.5345 0.615 0.615 0.6635 0.6635 0.6635 0.6215 0.6215 0.63 0.63 0.58 0.58 0.58 0.5745 0.5745 0.497 0.497 0.5015 0.5015 0.5015 0.526 0.526 0.5465 0.5465 0.521 0.521 0.521 0.503 0.503 0.515 0.515
0.501 0.61 0.61 0.522 0.522 0.522 0.546 0.546 0.515 0.515 0.514 0.514 0.572 0.572 0.572 0.594 0.594 0.5745 0.5745 0.566 0.566 0.566 0.5515 0.5515 0.519 0.519 0.543 0.543 0.543 0.5565 0.5565 0.5605 0.5605 0.606 0.606 0.606 0.626 0.626 0.5085 0.5085 0.52 0.52 0.52 0.578 0.578 0.5345 0.5345 0.615 0.615 0.6635 0.6635 0.6635 0.6215 0.6215 0.63 0.63 0.58 0.58 0.58 0.5745 0.5745 0.497 0.497 0.5015 0.5015 0.5015 0.526 0.526 0.5465 0.5465 0.521 0.521 0.521 0.503 0.503 0.515 0.515
0.6075 0.5695 0.5695 0.6165 0.6165 0.6165 0.5355 0.5355 0.5605 0.5605 0.5475 0.5475 0.564 0.564 0.564 0.573 0.573 0.59 0.59 0.5715 0.5715 0.5715 0.5585 0.5585 0.533 0.533 0.557 0.557 0.557 0.556 0.556 0.57 0.57 0.5905 0.5905 0.5905 0.582 0.582 0.5625 0.5625 0.5585 0.5585 0.5585 0.5915 0.5915 0.5985 0.5985 0.636 0.636 0.622 0.622 0.622 0.6265 0.6265 0.596 0.596 0.5925 0.5925 0.5925 0.558 0.558 0.611 0.611 0.6095001 0.6095001 0.6095001 0.6095 0.6095 0.576 0.576 0.562 0.562 0.562 0.541 0.541 0.5525 0.5525
0.6075 0.5695 0.5695 0.6165 0.6165 0.6165 0.5355 0.5355 0.5605 0.5605 0.5475 0.5475 0.564 0.564 0.564 0.573 0.573 0.59 0.59 0.5715 0.5715 0.5715 0.5585 0.5585 0.533 0.533 0.557 0.557 0.557 0.556 0.556 0.57 0.57 0.5905 0.5905 0.5905 0.582 0.582 0.5625 0.5625 0.5585 0.5585 0.5585 0.5915 0.5915 0.5985 0.5985 0.636 0.636 0.622 0.622 0.622 0.6265 0.6265 0.596 0.596 0.5925 0.5925 0.5925 0.558 0.558 0.611 0.611 0.6095001 0.6095001 0.6095001 0.6095 0.6095 0.576 0.576 0.562 0.562 0.562 0.541 0.541 0.5525 0.5525
0.6075 0.5695 0.5695 0.6165 0.6165 0.6165 0.5355 0.5355 0.5605 0.5605 0.5475 0.5475 0.564 0.564 0.564 0.573 0.573 0.59 0.59 0.5715 0.5715 0.5715 0.5585 0.5585 0.533 0.533 0.557 0.557 0.557 0.556 0.556 0.57 0.57 0.5905 0.5905 0.5905 0.582 0.582 0.5625 0.5625 0.5585 0.5585 0.5585 0.5915 0.5915 0.5985 0.5985 0.636 0.636 0.622 0.622 0.622 0.6265 0.6265 0.596 0.596 0.5925 0.5925 0.5925 0.558 0.558 0.611 0.611 0.6095001 0.6095001 0.6095001 0.6095 0.6095 0.576 0.576 0.562 0.562 0.562 0.541 0.541 0.5525 0.5525
0.543 0.567 0.567 0.5635 0.5635 0.5635 0.558 0.558 0.6155 0.6155 0.657 0.657 0.6325 0.6325 0.6325 0.6405 0.6405 0.62 0.62 0.612 0.612 0.612 0.593 0.593 0.572 0.572 0.6055 0.6055 0.6055 0.5365 0.5365 0.5675 0.5675 0.579 0.579 0.579 0.573 0.573 0.612 0.612 0.5715 0.5715 0.5715 0.5955 0.5955 0.6145 0.6145 0.6315 0.6315 0.628 0.628 0.628 0.641 0.641 0.611 0.611 0.609 0.609 0.609 0.557 0.557 0.5955 0.5955 0.613 0.613 0.613 0.638 0.638 0.5875 0.5875 0.558 0.558 0.558 0.5515 0.5515 0.561 0.561
0.543 0.567 0.567 0.5635 0.5635 0.5635 0.558 0.558 0.6155 0.6155 0.657 0.657 0.6325 0.6325 0.6325 0.6405 0.6405 0.62 0.62 0.612 0.612 0.612 0.593 0.593 0.572 0.572 0.6055 0.6055 0.6055 0.5365 0.5365 0.5675 0.5675 0.579 0.579 0.579 0.573 0.573 0.612 0.612 0.5715 0.5715 0.5715 0.5955 0.5955 0.6145 0.6145 0.6315 0.6315 0.628 0.628 0.628 0.641 0.641 0.611 0.611 0.609 0.609 0.609 0.557 0.557 0.5955 0.5955 0.613 0.613 0.613 0.638 0.638 0.5875 0.5875 0.558 0.558 0.558 0.5515 0.5515 0.561 0.561
0.571 0.5565 0.5565 0.579 0.579 0.579 0.545 0.545 0.6195 0.6195 0.66 0.66 0.6455 0.6455 0.6455 0.644 0.644 0.6155 0.6155 0.6095 0.6095 0.6095 0.609 0.609 0.589 0.589 0.569 0.569 0.569 0.5275 0.5275 0.537 0.537 0.6295 0.6295 0.6295 0.607 0.607 0.5775 0.5775 0.565 0.565 0.565 0.6235 0.6235 0.628 0.628 0.65 0.65 0.6415 0.6415 0.6415 0.625 0.625 0.6535 0.6535 0.6295 0.6295 0.6295 0.602 0.602 0.554 0.554 0.6059999 0.6059999 0.6059999 0.611 0.611 0.5700001 0.5700001 0.5875 0.5875 0.5875 0.6075 0.6075 0.597 0.597
0.571 0.5565 0.5565 0.579 0.579 0.579 0.545 0.545 0.6195 0.6195 0.66 0.66 0.6455 0.6455 0.6455 0.644 0.644 0.6155 0.6155 0.6095 0.6095 0.6095 0.609 0.609 0.589 0.589 0.569 0.569 0.569 0.5275 0.5275 0.537 0.537 0.6295 0.6295 0.6295 0.607 0.607 0.5775 0.5775 0.565 0.565 0.565 0.6235 0.6235 0.628 0.628 0.65 0.65 0.6415 0.6415 0.6415 0.625 0.625 0.6535 0.6535 0.6295 0.6295 0.6295 0.602 0.602 0.554 0.554 0.6059999 0.6059999 0.6059999 0.611 0.611 0.5700001 0.5700001 0.5875 0.5875 0.5875 0.6075 0.6075 0.597 0.597
0.6035 0.593 0.593 0.625 0.625 0.625 0.596 0.596 0.6125 0.6125 0.645 0.645 0.644 0.644 0.644 0.6395 0.6395 0.623 0.623 0.623 0.623 0.623 0.617 0.617 0.612 0.612 0.5765 0.5765 0.5765 0.5425 0.5425 0.5855 0.5855 0.578 0.578 0.578 0.579 0.579 0.5865 0.5865 0.582 0.582 0.582 0.603 0.603 0.636 0.636 0.634 0.634 0.642 0.642 0.642 0.6454999 0.6454999 0.6565 0.6565 0.6165 0.6165 0.6165 0.6285 0.6285 0.58 0.58 0.5875 0.5875 0.5875 0.566 0.566 0.596 0.596 0.5825 0.5825 0.5825 0.5705 0.5705 0.551 0.551
0.6035 0.593 0.593 0.625 0.625 0.625 0.596 0.596 0.6125 0.6125 0.645 0.645 0.644 0.644 0.644 0.6395 0.6395 0.623 0.623 0.623 0.623 0.623 0.617 0.617 0.612 0.612 0.5765 0.5765 0.5765 0.5425 0.5425 0.5855 0.5855 0.578 0.578 0.578 0.579 0.579 0.5865 0.5865 0.582 0.582 0.582 0.603 0.603 0.636 0.636 0.634 0.634 0.642 0.642 0.642 0.6454999 0.6454999 0.6565 0.6565 0.6165 0.6165 0.6165 0.6285 0.6285 0.58 0.58 0.5875 0.5875 0.5875 0.566 0.566 0.596 0.596 0.5825 0.5825 0.5825 0.5705 0.5705 0.551 0.551
0.63 0.6325 0.6325 0.6105 0.6105 0.6105 0.6035 0.6035 0.6045 0.6045 0.657 0.657 0.6335 0.6335 0.6335 0.649 0.649 0.6435 0.6435 0.631 0.631 0.631 0.607 0.607 0.625 0.625 0.6165 0.6165 0.6165 0.611 0.611 0.5825 0.5825 0.59 0.59 0.59 0.5995 0.5995 0.6075 0.6075 0.5825 0.5825 0.5825 0.603 0.603 0.6471 0.6471 0.6195 0.6195 0.649 0.649 0.649 0.6475 0.6475 0.6335 0.6335 0.6305 0.6305 0.6305 0.626 0.626 0.622 0.622 0.612 0.612 0.612 0.6095 0.6095 0.5845 0.5845 0.5825 0.5825 0.5825 0.581 0.581 0.565 0.565
0.63 0.6325 0.6325 0.6105 0.6105 0.6105 0.6035 0.6035 0.6045 0.6045 0.657 0.657 0.6335 0.6335 0.6335 0.649 0.649 0.6435 0.6435 0.631 0.631 0.631 0.607 0.607 0.625 0.625 0.6165 0.6165 0.6165 0.611 0.611 0.5825 0.5825 0.59 0.59 0.59 0.5995 0.5995 0.6075 0.6075 0.5825 0.5825 0.5825 0.603 0.603 0.6471 0.6471 0.6195 0.6195 0.649 0.649 0.649 0.6475 0.6475 0.6335 0.6335 0.6305 0.6305 0.6305 0.626 0.626 0.622 0.622 0.612 0.612 0.612 0.6095 0.6095 0.5845 0.5845 0.5825 0.5825 0.5825 0.581 0.581 0.565 0.565
0.63 0.6325 0.6325 0.6105 0.6105 0.6105 0.6035 0.6035 0.6045 0.6045 0.657 0.657 0.6335 0.6335 0.6335 0.649 0.649 0.6435 0.6435 0.631 0.631 0.631 0.607 0.607 0.625 0.625 0.6165 0.6165 0.6165 0.611 0.611 0.5825 0.5825 0.59 0.59 0.59 0.5995 0.5995 0.6075 0.6075 0.5825 0.5825 0.5825 0.603 0.603 0.6471 0.6471 0.6195 0.6195 0.649 0.649 0.649 0.6475 0.6475 0.6335 0.6335 0.6305 0.6305 0.6305 0.626 0.626 0.622 0.622 0.612 0.612 0.612 0.6095 0.6095 0.5845 0.5845 0.5825 0.5825 0.5825 0.581 0.581 0.565 0.565
0.599 0.6185 0.6185 0.62 0.62 0.62 0.6115 0.6115 0.6275 0.6275 0.644 0.644 0.6385 0.6385 0.6385 0.634 0.634 0.6235 0.6235 0.633 0.633 0.633 0.6115 0.6115 0.6285 0.6285 0.582 0.582 0.582 0.6065 0.6065 0.6555001 0.6555001 0.591 0.591 0.591 0.6055 0.6055 0.6065 0.6065 0.6045 0.6045 0.6045 0.6251 0.6251 0.6685 0.6685 0.642 0.642 0.6365 0.6365 0.6365 0.6325001 0.6325001 0.641 0.641 0.6165 0.6165 0.6165 0.6395 0.6395 0.6545 0.6545 0.6421 0.6421 0.6421 0.613 0.613 0.616 0.616 0.5945 0.5945 0.5945 0.592 0.592 0.6045 0.6045
0.599 0.6185 0.6185 0.62 0.62 0.62 0.6115 0.6115 0.6275 0.6275 0.644 0.644 0.6385 0.6385 0.6385 0.634 0.634 0.6235 0.6235 0.633 0.633 0.633 0.6115 0.6115 0.6285 0.6285 0.582 0.582 0.582 0.6065 0.6065 0.6555001 0.6555001 0.591 0.591 0.591 0.6055 0.6055 0.6065 0.6065 0.6045 0.6045 0.6045 0.6251 0.6251 0.6685 0.6685 0.642 0.642 0.6365 0.6365 0.6365 0.6325001 0.6325001 0.641 0.641 0.6165 0.6165 0.6165 0.6395 0.6395 0.6545 0.6545 0.6421 0.6421 0.6421 0.613 0.613 0.616 0.616 0.5945 0.5945 0.5945 0.592 0.592 0.6045 0.6045
0.6515 0.659 0.659 0.602 0.602 0.602 0.6215 0.6215 0.652 0.652 0.6395 0.6395 0.6335 0.6335 0.6335 0.643 0.643 0.637 0.637 0.6195 0.6195 0.6195 0.632 0.632 0.651 0.651 0.6625 0.6625 0.6625 0.6475 0.6475 0.6195 0.6195 0.591 0.591 0.591 0.6205 0.6205 0.623 0.623 0.609 0.609 0.609 0.663 0.663 0.67 0.67 0.66 0.66 0.7005 0.7005 0.7005 0.6785 0.6785 0.692 0.692 0.713 0.713 0.713 0.7085 0.7085 0.6715 0.6715 0.6765 0.6765 0.6765 0.6375 0.6375 0.6245 0.6245 0.6205 0.6205 0.6205 0.6075 0.6075 0.6085 0.6085
0.6515 0.659 0.659 0.602 0.602 0.602 0.6215 0.6215 0.652 0.652 0.6395 0.6395 0.6335 0.6335 0.6335 0.643 0.643 0.637 0.637 0.6195 0.6195 0.6195 0.632 0.632 0.651 0.651 0.6625 0.6625 0.6625 0.6475 0.6475 0.6195 0.6195 0.591 0.591 0.591 0.6205 0.6205 0.623 0.623 0.609 0.609 0.609 0.663 0.663 0.67 0.67 0.66 0.66 0.7005 0.7005 0.7005 0.6785 0.6785 0.692 0.692 0.713 0.713 0.713 0.7085 0.7085 0.6715 0.6715 0.6765 0.6765 0.6765 0.6375 0.6375 0.6245 0.6245 0.6205 0.6205 0.6205 0.6075 0.6075 0.6085 0.6085
0.658 0.6715 0.6715 0.6305 0.6305 0.6305 0.619 0.619 0.6415 0.6415 0.635 0.635 0.7082 0.7082 0.7082 0.7072001 0.7072001 0.624 0.624 0.612 0.612 0.612 0.6365 0.6365 0.666 0.666 0.7055 0.7055 0.7055 0.6695 0.6695 0.609 0.609 0.61 0.61 0.61 0.613 0.613 0.6235 0.6235 0.6395 0.6395 0.6395 0.6295 0.6295 0.7075 0.7075 0.6966 0.6966 0.701 0.701 0.701 0.6855 0.6855 0.6985 0.6985 0.7376 0.7376 0.7376 0.7115 0.7115 0.6545 0.6545 0.6526 0.6526 0.6526 0.6415 0.6415 0.5885 0.5885 0.6165 0.6165 0.6165 0.6105 0.6105 0.6305 0.6305
0.658 0.6715 0.6715 0.6305 0.6305 0.6305 0.619 0.619 0.6415 0.6415 0.635 0.635 0.7082 0.7082 0.7082 0.7072001 0.7072001 0.624 0.624 0.612 0.612 0.612 0.6365 0.6365 0.666 0.666 0.7055 0.7055 0.7055 0.6695 0.6695 0.609 0.609 0.61 0.61 0.61 0.613 0.613 0.6235 0.6235 0.6395 0.6395 0.6395 0.6295 0.6295 0.7075 0.7075 0.6966 0.6966 0.701 0.701 0.701 0.6855 0.6855 0.6985 0.6985 0.7376 0.7376 0.7376 0.7115 0.7115 0.6545 0.6545 0.6526 0.6526 0.6526 0.6415 0.6415 0.5885 0.5885 0.6165 0.6165 0.6165 0.6105 0.6105 0.6305 0.6305
0.658 0.6715 0.6715 0.6305 0.6305 0.6305 0.619 0.619 0.6415 0.6415 0.635 0.635 0.7082 0.7082 0.7082 0.7072001 0.7072001 0.624 0.624 0.612 0.612 0.612 0.6365 0.6365 0.666 0.666 0.7055 0.7055 0.7055 0.6695 0.6695 0.609 0.609 0.61 0.61 0.61 0.613 0.613 0.6235 0.6235 0.6395 0.6395 0.6395 0.6295 0.6295 0.7075 0.7075 0.6966 0.6966 0.701 0.701 0.701 0.6855 0.6855 0.6985 0.6985 0.7376 0.7376 0.7376 0.7115 0.7115 0.6545 0.6545 0.6526 0.6526 0.6526 0.6415 0.6415 0.5885 0.5885 0.6165 0.6165 0.6165 0.6105 0.6105 0.6305 0.6305
