ndvi/NOAA-285.asc
ncols         252
nrows         154
xllcorner     -18.017974
yllcorner     13.481982
cellsize      0.035948
NODATA_value  -9999
[rows 102 to 135 of 154, columns 0 to 76 of 252]
-1 -1 -1 -1 -1 -1 -1 -1 -1 -1 -1 -1 -1 -1 -1 -1 -1 -1 -1 -1 -1 -1 -1 -1 -1 0.0207 0.0207 0.0207 0.2105 0.2105 0.4985 0.4985 0.5525 0.5525 0.5525 0.4235 0.4235 0.493 0.493 0.4885 0.4885 0.4885 0.519 0.519 0.5335 0.5335 0.56 0.56 0.56 0.5445 0.5445 0.5295 0.5295 0.6 0.6 0.619 0.619 0.619 0.602 0.602 0.6016001 0.6016001 0.6016001 0.6016001 0.6016001 0.5775 0.5775 0.5965 0.5965 0.568 0.568 0.568 0.576 0.576 0.569 0.569 0.5525
-1 -1 -1 -1 -1 -1 -1 -1 -1 -1 -1 -1 -1 -1 -1 -1 -1 -1 -1 -1 -1 -1 -1 0.0662 0.0662 0.3495 0.3495 0.3495 0.5425 0.5425 0.497 0.497 0.436 0.436 0.436 0.4945 0.4945 0.5285 0.5285 0.554 0.554 0.554 0.568 0.568 0.5975 0.5975 0.531 0.531 0.531 0.479 0.479 0.5255 0.5255 0.5945 0.5945 0.6135 0.6135 0.6135 0.5575 0.5575 0.564 0.564 0.564 0.564 0.564 0.583 0.583 0.6085 0.6085 0.587 0.587 0.587 0.579 0.579 0.5625 0.5625 0.5565
-1 -1 -1 -1 -1 -1 -1 -1 -1 -1 -1 -1 -1 -1 -1 -1 -1 -1 -1 -1 -1 -1 -1 0.0662 0.0662 0.3495 0.3495 0.3495 0.5425 0.5425 0.497 0.497 0.436 0.436 0.436 0.4945 0.4945 0.5285 0.5285 0.554 0.554 0.554 0.568 0.568 0.5975 0.5975 0.531 0.531 0.531 0.479 0.479 0.5255 0.5255 0.5945 0.5945 0.6135 0.6135 0.6135 0.5575 0.5575 0.564 0.564 0.564 0.564 0.564 0.583 0.583 0.6085 0.6085 0.587 0.587 0.587 0.579 0.579 0.5625 0.5625 0.5565
-1 -1 -1 -1 -1 -1 -1 -1 -1 -1 -1 -1 -1 -1 -1 -1 -1 -1 -1 -1 -1 -1 -1 0.0662 0.0662 0.3495 0.3495 0.3495 0.5425 0.5425 0.497 0.497 0.436 0.436 0.436 0.4945 0.4945 0.5285 0.5285 0.554 0.554 0.554 0.568 0.568 0.5975 0.5975 0.531 0.531 0.531 0.479 0.479 0.5255 0.5255 0.5945 0.5945 0.6135 0.6135 0.6135 0.5575 0.5575 0.564 0.564 0.564 0.564 0.564 0.583 0.583 0.6085 0.6085 0.587 0.587 0.587 0.579 0.579 0.5625 0.5625 0.5565
-1 -1 -1 -1 -1 -1 -1 -1 -1 -1 -1 -1 -1 -1 -1 -1 -1 -1 -1 -1 -1 0.0442 0.0442 0.278 0.278 0.471 0.471 0.471 0.5035 0.5035 0.4415 0.4415 0.451 0.451 0.451 0.5385 0.5385 0.5385 0.5385 0.5555 0.5555 0.5555 0.5365 0.5365 0.577 0.577 0.538 0.538 0.538 0.557 0.557 0.52 0.52 0.5845 0.5845 0.587 0.587 0.587 0.566 0.566 0.546 0.546 0.546 0.546 0.546 0.5695 0.5695 0.604 0.604 0.6035 0.6035 0.6035 0.601 0.601 0.5945 0.5945 0.529
-1 -1 -1 -1 -1 -1 -1 -1 -1 -1 -1 -1 -1 -1 -1 -1 -1 -1 -1 -1 -1 0.0442 0.0442 0.278 0.278 0.471 0.471 0.471 0.5035 0.5035 0.4415 0.4415 0.451 0.451 0.451 0.5385 0.5385 0.5385 0.5385 0.5555 0.5555 0.5555 0.5365 0.5365 0.577 0.577 0.538 0.538 0.538 0.557 0.557 0.52 0.52 0.5845 0.5845 0.587 0.587 0.587 0.566 0.566 0.546 0.546 0.546 0.546 0.546 0.5695 0.5695 0.604 0.604 0.6035 0.6035 0.6035 0.601 0.601 0.5945 0.5945 0.529
-1 -1 -1 -1 -1 -1 -1 -1 -1 -1 -1 -1 -1 -1 -1 -1 -1 -1 -1 -1 -1 0.238 0.238 0.485 0.485 0.529 0.529 0.529 0.4665 0.4665 0.4325 0.4325 0.4665 0.4665 0.4665 0.531 0.531 0.601 0.601 0.58 0.58 0.58 0.5995 0.5995 0.5779999 0.5779999 0.5695 0.5695 0.5695 0.588 0.588 0.5855 0.5855 0.5585 0.5585 0.5585 0.5585 0.5585 0.614 0.614 0.5565 0.5565 0.5565 0.5565 0.5565 0.583 0.583 0.5985 0.5985 0.6375 0.6375 0.6375 0.626 0.626 0.6 0.6 0.5735
-1 -1 -1 -1 -1 -1 -1 -1 -1 -1 -1 -1 -1 -1 -1 -1 -1 -1 -1 -1 -1 0.238 0.238 0.485 0.485 0.529 0.529 0.529 0.4665 0.4665 0.4325 0.4325 0.4665 0.4665 0.4665 0.531 0.531 0.601 0.601 0.58 0.58 0.58 0.5995 0.5995 0.5779999 0.5779999 0.5695 0.5695 0.5695 0.588 0.588 0.5855 0.5855 0.5585 0.5585 0.5585 0.5585 0.5585 0.614 0.614 0.5565 0.5565 0.5565 0.5565 0.5565 0.583 0.583 0.5985 0.5985 0.6375 0.6375 0.6375 0.626 0.626 0.6 0.6 0.5735
-1 -1 -1 -1 -1 -1 -1 -1 -1 -1 -1 -1 -1 -1 -1 -1 -1 -1 0.2065 0.2065 0.2065 0.534 0.534 0.551 0.551 0.504 0.504 0.504 0.502 0.502 0.477 0.477 0.5055 0.5055 0.5055 0.56 0.56 0.5925 0.5925 0.617 0.617 0.617 0.601 0.601 0.5765 0.5765 0.565 0.565 0.565 0.5695 0.5695 0.577 0.577 0.588 0.588 0.534 0.534 0.534 0.575 0.575 0.6 0.6 0.6 0.6 0.6 0.6175 0.6175 0.604 0.604 0.6035 0.6035 0.6035 0.6215 0.6215 0.595 0.595 0.6255
-1 -1 -1 -1 -1 -1 -1 -1 -1 -1 -1 -1 -1 -1 -1 -1 -1 -1 0.2065 0.2065 0.2065 0.534 0.534 0.551 0.551 0.504 0.504 0.504 0.502 0.502 0.477 0.477 0.5055 0.5055 0.5055 0.56 0.56 0.5925 0.5925 0.617 0.617 0.617 0.601 0.601 0.5765 0.5765 0.565 0.565 0.565 0.5695 0.5695 0.577 0.577 0.588 0.588 0.534 0.534 0.534 0.575 0.575 0.6 0.6 0.6 0.6 0.6 0.6175 0.6175 0.604 0.604 0.6035 0.6035 0.6035 0.6215 0.6215 0.595 0.595 0.6255
-1 -1 -1 -1 -1 -1 -1 -1 -1 -1 -1 -1 -1 -1 -1 -1 -1 -1 0.2065 0.2065 0.2065 0.534 0.534 0.551 0.551 0.504 0.504 0.504 0.502 0.502 0.477 0.477 0.5055 0.5055 0.5055 0.56 0.56 0.5925 0.5925 0.617 0.617 0.617 0.601 0.601 0.5765 0.5765 0.565 0.565 0.565 0.5695 0.5695 0.577 0.577 0.588 0.588 0.534 0.534 0.534 0.575 0.575 0.6 0.6 0.6 0.6 0.6 0.6175 0.6175 0.604 0.604 0.6035 0.6035 0.6035 0.6215 0.6215 0.595 0.595 0.6255
-1 -1 -1 -1 -1 -1 -1 -1 -1 -1 -1 -1 -1 -1 -1 -1 0.2352 0.2352 0.559 0.559 0.559 0.5095 0.5095 0.538 0.538 0.508 0.508 0.508 0.541 0.541 0.5115 0.5115 0.5225 0.5225 0.5225 0.5325 0.5325 0.5045 0.5045 0.556 0.556 0.556 0.5925 0.5925 0.5665 0.5665 0.571 0.571 0.571 0.607 0.607 0.5735 0.5735 0.6 0.6 0.642 0.642 0.642 0.602 0.602 0.5605 0.5605 0.5605 0.5605 0.5605 0.582 0.582 0.62 0.62 0.627 0.627 0.627 0.5805 0.5805 0.609 0.609 0.6305
-1 -1 -1 -1 -1 -1 -1 -1 -1 -1 -1 -1 -1 -1 -1 -1 0.2352 0.2352 0.559 0.559 0.559 0.5095 0.5095 0.538 0.538 0.508 0.508 0.508 0.541 0.541 0.5115 0.5115 0.5225 0.5225 0.5225 0.5325 0.5325 0.5045 0.5045 0.556 0.556 0.556 0.5925 0.5925 0.5665 0.5665 0.571 0.571 0.571 0.607 0.607 0.5735 0.5735 0.6 0.6 0.642 0.642 0.642 0.602 0.602 0.5605 0.5605 0.5605 0.5605 0.5605 0.582 0.582 0.62 0.62 0.627 0.627 0.627 0.5805 0.5805 0.609 0.609 0.6305
-1 -1 -1 -1 -1 -1 -1 -1 -1 -1 -1 -1 0.1287 0.1287 0.183 0.183 0.234 0.234 0.5715 0.5715 0.5715 0.596 0.596 0.6075 0.6075 0.521 0.521 0.521 0.5495 0.5495 0.5675 0.5675 0.53 0.53 0.53 0.5085 0.5085 0.5385 0.5385 0.5325 0.5325 0.5325 0.564 0.564 0.573 0.573 0.5755 0.5755 0.5755 0.576 0.576 0.595 0.595 0.6115 0.6115 0.6115 0.6115 0.6115 0.607 0.607 0.6565 0.6565 0.6565 0.6565 0.6565 0.605 0.605 0.5755 0.5755 0.625 0.625 0.625 0.5695 0.5695 0.592 0.592 0.6435
-1 -1 -1 -1 -1 -1 -1 -1 -1 -1 -1 -1 0.1287 0.1287 0.183 0.183 0.234 0.234 0.5715 0.5715 0.5715 0.596 0.596 0.6075 0.6075 0.521 0.521 0.521 0.5495 0.5495 0.5675 0.5675 0.53 0.53 0.53 0.5085 0.5085 0.5385 0.5385 0.5325 0.5325 0.5325 0.564 0.564 0.573 0.573 0.5755 0.5755 0.5755 0.576 0.576 0.595 0.595 0.6115 0.6115 0.6115 0.6115 0.6115 0.607 0.607 0.6565 0.6565 0.6565 0.6565 0.6565 0.605 0.605 0.5755 0.5755 0.625 0.625 0.625 0.5695 0.5695 0.592 0.592 0.6435
-1 -1 -1 -1 -1 -1 -1 -1 -1 0.0992 0.0992 0.0992 0.1417 0.1417 0.1207 0.1207 0.0747 0.0747 0.2625 0.2625 0.2625 0.5855 0.5855 0.567 0.567 0.5285 0.5285 0.5285 0.559 0.559 0.538 0.538 0.5275 0.5275 0.5275 0.4955 0.4955 0.505 0.505 0.514 0.514 0.514 0.531 0.531 0.5175 0.5175 0.576 0.576 0.576 0.528 0.528 0.572 0.572 0.564 0.564 0.601 0.601 0.601 0.5779999 0.5779999 0.589 0.589 0.589 0.589 0.589 0.5825 0.5825 0.5715 0.5715 0.6135 0.6135 0.6135 0.574 0.574 0.592 0.592 0.6365
-1 -1 -1 -1 -1 -1 -1 -1 -1 0.0992 0.0992 0.0992 0.1417 0.1417 0.1207 0.1207 0.0747 0.0747 0.2625 0.2625 0.2625 0.5855 0.5855 0.567 0.567 0.5285 0.5285 0.5285 0.559 0.559 0.538 0.538 0.5275 0.5275 0.5275 0.4955 0.4955 0.505 0.505 0.514 0.514 0.514 0.531 0.531 0.5175 0.5175 0.576 0.576 0.576 0.528 0.528 0.572 0.572 0.564 0.564 0.601 0.601 0.601 0.5779999 0.5779999 0.589 0.589 0.589 0.589 0.589 0.5825 0.5825 0.5715 0.5715 0.6135 0.6135 0.6135 0.574 0.574 0.592 0.592 0.6365
-1 -1 -1 -1 -1 -1 -1 -1 -1 0.0992 0.0992 0.0992 0.1417 0.1417 0.1207 0.1207 0.0747 0.0747 0.2625 0.2625 0.2625 0.5855 0.5855 0.567 0.567 0.5285 0.5285 0.5285 0.559 0.559 0.538 0.538 0.5275 0.5275 0.5275 0.4955 0.4955 0.505 0.505 0.514 0.514 0.514 0.531 0.531 0.5175 0.5175 0.576 0.576 0.576 0.528 0.528 0.572 0.572 0.564 0.564 0.601 0.601 0.601 0.5779999 0.5779999 0.589 0.589 0.589 0.589 0.589 0.5825 0.5825 0.5715 0.5715 0.6135 0.6135 0.6135 0.574 0.574 0.592 0.592 0.6365
-1 -1 -1 -1 -1 -1 -1 -1 -1 -1 -1 -1 0.0967 0.0967 0.0357 0.0357 0.0602 0.0602 0.1007 0.1007 0.1007 0.4415 0.4415 0.548 0.548 0.604 0.604 0.604 0.5175 0.5175 0.535 0.535 0.5455 0.5455 0.5455 0.526 0.526 0.4945 0.4945 0.508 0.508 0.508 0.519 0.519 0.531 0.531 0.553 0.553 0.553 0.55 0.55 0.5779999 0.5779999 0.593 0.593 0.542 0.542 0.542 0.5515 0.5515 0.581 0.581 0.581 0.581 0.581 0.5621 0.5621 0.613 0.613 0.61 0.61 0.61 0.5845 0.5845 0.6105 0.6105 0.643
-1 -1 -1 -1 -1 -1 -1 -1 -1 -1 -1 -1 0.0967 0.0967 0.0357 0.0357 0.0602 0.0602 0.1007 0.1007 0.1007 0.4415 0.4415 0.548 0.548 0.604 0.604 0.604 0.5175 0.5175 0.535 0.535 0.5455 0.5455 0.5455 0.526 0.526 0.4945 0.4945 0.508 0.508 0.508 0.519 0.519 0.531 0.531 0.553 0.553 0.553 0.55 0.55 0.5779999 0.5779999 0.593 0.593 0.542 0.542 0.542 0.5515 0.5515 0.581 0.581 0.581 0.581 0.581 0.5621 0.5621 0.613 0.613 0.61 0.61 0.61 0.5845 0.5845 0.6105 0.6105 0.643
-1 -1 -1 -1 -1 -1 -1 -1 -1 -1 -1 -1 -1 -1 -1 -1 -1 -1 0.0312 0.0312 0.0312 0.324 0.324 0.508 0.508 0.5015 0.5015 0.5015 0.545 0.545 0.529 0.529 0.5185 0.5185 0.5185 0.506 0.506 0.515 0.515 0.522 0.522 0.522 0.5515 0.5515 0.5745 0.5745 0.564 0.564 0.564 0.5775 0.5775 0.596 0.596 0.5755 0.5755 0.56 0.56 0.56 0.57 0.57 0.5405 0.5405 0.5405 0.5405 0.5405 0.5615 0.5615 0.584 0.584 0.6255 0.6255 0.6255 0.611 0.611 0.6165 0.6165 0.5855
-1 -1 -1 -1 -1 -1 -1 -1 -1 -1 -1 -1 -1 -1 -1 -1 -1 -1 0.0312 0.0312 0.0312 0.324 0.324 0.508 0.508 0.5015 0.5015 0.5015 0.545 0.545 0.529 0.529 0.5185 0.5185 0.5185 0.506 0.506 0.515 0.515 0.522 0.522 0.522 0.5515 0.5515 0.5745 0.5745 0.564 0.564 0.564 0.5775 0.5775 0.596 0.596 0.5755 0.5755 0.56 0.56 0.56 0.57 0.57 0.5405 0.5405 0.5405 0.5405 0.5405 0.5615 0.5615 0.584 0.584 0.6255 0.6255 0.6255 0.611 0.611 0.6165 0.6165 0.5855
-1 -1 -1 -1 -1 -1 -1 -1 -1 -1 -1 -1 -1 -1 -1 -1 -1 -1 -1 -1 -1 0.0702 0.0702 0.3385 0.3385 0.4785 0.4785 0.4785 0.4865 0.4865 0.619 0.619 0.5275 0.5275 0.5275 0.501 0.501 0.51 0.51 0.5225 0.5225 0.5225 0.5445 0.5445 0.54 0.54 0.5705 0.5705 0.5705 0.5645 0.5645 0.542 0.542 0.5725 0.5725 0.5895 0.5895 0.5895 0.577 0.577 0.618 0.618 0.618 0.618 0.618 0.5545 0.5545 0.6245 0.6245 0.6745 0.6745 0.6745 0.666 0.666 0.6665 0.6665 0.6345
-1 -1 -1 -1 -1 -1 -1 -1 -1 -1 -1 -1 -1 -1 -1 -1 -1 -1 -1 -1 -1 0.0702 0.0702 0.3385 0.3385 0.4785 0.4785 0.4785 0.4865 0.4865 0.619 0.619 0.5275 0.5275 0.5275 0.501 0.501 0.51 0.51 0.5225 0.5225 0.5225 0.5445 0.5445 0.54 0.54 0.5705 0.5705 0.5705 0.5645 0.5645 0.542 0.542 0.5725 0.5725 0.5895 0.5895 0.5895 0.577 0.577 0.618 0.618 0.618 0.618 0.618 0.5545 0.5545 0.6245 0.6245 0.6745 0.6745 0.6745 0.666 0.666 0.6665 0.6665 0.6345
-1 -1 -1 -1 -1 -1 -1 -1 -1 -1 -1 -1 -1 -1 -1 -1 -1 -1 -1 -1 -1 0.0922 0.0922 0.2517 0.2517 0.4315 0.4315 0.4315 0.6055 0.6055 0.6085 0.6085 0.5785 0.5785 0.5785 0.508 0.508 0.467 0.467 0.408 0.408 0.408 0.5195 0.5195 0.5175 0.5175 0.595 0.595 0.595 0.5735 0.5735 0.584 0.584 0.5895 0.5895 0.609 0.609 0.609 0.609 0.609 0.622 0.622 0.622 0.622 0.622 0.598 0.598 0.6425 0.6425 0.633 0.633 0.633 0.624 0.624 0.6375 0.6375 0.5715
-1 -1 -1 -1 -1 -1 -1 -1 -1 -1 -1 -1 -1 -1 -1 -1 -1 -1 -1 -1 -1 0.0922 0.0922 0.2517 0.2517 0.4315 0.4315 0.4315 0.6055 0.6055 0.6085 0.6085 0.5785 0.5785 0.5785 0.508 0.508 0.467 0.467 0.408 0.408 0.408 0.5195 0.5195 0.5175 0.5175 0.595 0.595 0.595 0.5735 0.5735 0.584 0.584 0.5895 0.5895 0.609 0.609 0.609 0.609 0.609 0.622 0.622 0.622 0.622 0.622 0.598 0.598 0.6425 0.6425 0.633 0.633 0.633 0.624 0.624 0.6375 0.6375 0.5715
-1 -1 -1 -1 -1 -1 -1 -1 -1 -1 -1 -1 -1 -1 -1 -1 -1 -1 -1 -1 -1 0.0922 0.0922 0.2517 0.2517 0.4315 0.4315 0.4315 0.6055 0.6055 0.6085 0.6085 0.5785 0.5785 0.5785 0.508 0.508 0.467 0.467 0.408 0.408 0.408 0.5195 0.5195 0.5175 0.5175 0.595 0.595 0.595 0.5735 0.5735 0.584 0.584 0.5895 0.5895 0.609 0.609 0.609 0.609 0.609 0.622 0.622 0.622 0.622 0.622 0.598 0.598 0.6425 0.6425 0.633 0.633 0.633 0.624 0.624 0.6375 0.6375 0.5715
-1 -1 -1 -1 -1 -1 -1 -1 -1 -1 -1 -1 -1 -1 -1 -1 -1 -1 -1 -1 -1 -1 -1 0.0647 0.0647 0.2396 0.2396 0.2396 0.4845 0.4845 0.5405 0.5405 0.4995 0.4995 0.4995 0.4475 0.4475 0.247 0.247 0.2417 0.2417 0.2417 0.4505 0.4505 0.4855 0.4855 0.5235 0.5235 0.5235 0.541 0.541 0.6335 0.6335 0.6224999 0.6224999 0.61 0.61 0.61 0.603 0.603 0.6135 0.6135 0.6135 0.6135 0.6135 0.574 0.574 0.6255 0.6255 0.633 0.633 0.633 0.6825 0.6825 0.648 0.648 0.606
-1 -1 -1 -1 -1 -1 -1 -1 -1 -1 -1 -1 -1 -1 -1 -1 -1 -1 -1 -1 -1 -1 -1 0.0647 0.0647 0.2396 0.2396 0.2396 0.4845 0.4845 0.5405 0.5405 0.4995 0.4995 0.4995 0.4475 0.4475 0.247 0.247 0.2417 0.2417 0.2417 0.4505 0.4505 0.4855 0.4855 0.5235 0.5235 0.5235 0.541 0.541 0.6335 0.6335 0.6224999 0.6224999 0.61 0.61 0.61 0.603 0.603 0.6135 0.6135 0.6135 0.6135 0.6135 0.574 0.574 0.6255 0.6255 0.633 0.633 0.633 0.6825 0.6825 0.648 0.648 0.606
-1 -1 -1 -1 -1 -1 -1 -1 -1 -1 -1 -1 -1 -1 -1 -1 -1 -1 -1 -1 -1 -1 -1 -1 -1 0.3238 0.3238 0.3238 0.286 0.286 0.41 0.41 0.3785 0.3785 0.3785 0.2585 0.2585 0.239 0.239 0.247 0.247 0.247 0.4121 0.4121 0.398 0.398 0.535 0.535 0.535 0.5195 0.5195 0.5845 0.5845 0.638 0.638 0.621 0.621 0.621 0.6295 0.6295 0.6515 0.6515 0.6515 0.6515 0.6515 0.6205 0.6205 0.617 0.617 0.6915 0.6915 0.6915 0.6 0.6 0.63 0.63 0.6945
-1 -1 -1 -1 -1 -1 -1 -1 -1 -1 -1 -1 -1 -1 -1 -1 -1 -1 -1 -1 -1 -1 -1 -1 -1 0.3238 0.3238 0.3238 0.286 0.286 0.41 0.41 0.3785 0.3785 0.3785 0.2585 0.2585 0.239 0.239 0.247 0.247 0.247 0.4121 0.4121 0.398 0.398 0.535 0.535 0.535 0.5195 0.5195 0.5845 0.5845 0.638 0.638 0.621 0.621 0.621 0.6295 0.6295 0.6515 0.6515 0.6515 0.6515 0.6515 0.6205 0.6205 0.617 0.617 0.6915 0.6915 0.6915 0.6 0.6 0.63 0.63 0.6945
-1 -1 -1 -1 -1 -1 -1 -1 -1 -1 -1 -1 -1 -1 -1 -1 -1 -1 -1 -1 -1 -1 -1 -1 -1 0.0847 0.0847 0.0847 0.1314 0.1314 0.372 0.372 0.359 0.359 0.359 0.3215 0.3215 0.299 0.299 0.4195 0.4195 0.4195 0.638 0.638 0.558 0.558 0.6025 0.6025 0.6025 0.4911 0.4911 0.618 0.618 0.5805 0.5805 0.5975 0.5975 0.5975 0.6145 0.6145 0.644 0.644 0.644 0.644 0.644 0.6105 0.6105 0.5665 0.5665 0.5935 0.5935 0.5935 0.6325 0.6325 0.584 0.584 0.609
-1 -1 -1 -1 -1 -1 -1 -1 -1 -1 -1 -1 -1 -1 -1 -1 -1 -1 -1 -1 -1 -1 -1 -1 -1 0.0847 0.0847 0.0847 0.1314 0.1314 0.372 0.372 0.359 0.359 0.359 0.3215 0.3215 0.299 0.299 0.4195 0.4195 0.4195 0.638 0.638 0.558 0.558 0.6025 0.6025 0.6025 0.4911 0.4911 0.618 0.618 0.5805 0.5805 0.5975 0.5975 0.5975 0.6145 0.6145 0.644 0.644 0.644 0.644 0.644 0.6105 0.6105 0.5665 0.5665 0.5935 0.5935 0.5935 0.6325 0.6325 0.584 0.584 0.609
-1 -1 -1 -1 -1 -1 -1 -1 -1 -1 -1 -1 -1 -1 -1 -1 -1 -1 -1 -1 -1 -1 -1 -1 -1 0.0847 0.0847 0.0847 0.1314 0.1314 0.372 0.372 0.359 0.359 0.359 0.3215 0.3215 0.299 0.299 0.4195 0.4195 0.4195 0.638 0.638 0.558 0.558 0.6025 0.6025 0.6025 0.4911 0.4911 0.618 0.618 0.5805 0.5805 0.5975 0.5975 0.5975 0.6145 0.6145 0.644 0.644 0.644 0.644 0.644 0.6105 0.6105 0.5665 0.5665 0.5935 0.5935 0.5935 0.6325 0.6325 0.584 0.584 0.609
