ndvi/NOAA-165.asc
ncols         252
nrows         154
xllcorner     -18.017974
yllcorner     13.481982
cellsize      0.035948
NODATA_value  -9999
[rows 68 to 101 of 154, columns 0 to 77 of 252]
-1 -1 -1 -1 -1 -1 -1 -1 -1 -1 -1 -1 -1 -1 -1 -1 -1 -1 -1 -1 -1 -1 -1 -1 -1 -1 -1 -1 -1 -1 -1 -1 -1 -1 -1 -1 -1 -1 -1 0.2175 0.2175 0.2175 0.276 0.276 0.3865 0.3865 0.3995 0.3995 0.3995 0.39 0.39 0.402 0.402 0.4135 0.4135 0.3395 0.3395 0.3395 0.4096 0.4096 0.492 0.492 0.492 0.492 0.492 0.341 0.341 0.3795 0.3795 0.3655 0.3655 0.3655 0.286 0.286 0.295 0.295 0.281 0.281
-1 -1 -1 -1 -1 -1 -1 -1 -1 -1 -1 -1 -1 -1 -1 -1 -1 -1 -1 -1 -1 -1 -1 -1 -1 -1 -1 -1 -1 -1 -1 -1 -1 -1 -1 -1 -1 -1 -1 0.236 0.236 0.236 0.38 0.38 0.4315 0.4315 0.4325 0.4325 0.4325 0.3335 0.3335 0.3265 0.3265 0.3475 0.3475 0.3815 0.3815 0.3815 0.414 0.414 0.4245 0.4245 0.4245 0.4245 0.4245 0.375 0.375 0.501 0.501 0.4845 0.4845 0.4845 0.291 0.291 0.3725 0.3725 0.3765 0.3765
-1 -1 -1 -1 -1 -1 -1 -1 -1 -1 -1 -1 -1 -1 -1 -1 -1 -1 -1 -1 -1 -1 -1 -1 -1 -1 -1 -1 -1 -1 -1 -1 -1 -1 -1 -1 -1 -1 -1 0.236 0.236 0.236 0.38 0.38 0.4315 0.4315 0.4325 0.4325 0.4325 0.3335 0.3335 0.3265 0.3265 0.3475 0.3475 0.3815 0.3815 0.3815 0.414 0.414 0.4245 0.4245 0.4245 0.4245 0.4245 0.375 0.375 0.501 0.501 0.4845 0.4845 0.4845 0.291 0.291 0.3725 0.3725 0.3765 0.3765
-1 -1 -1 -1 -1 -1 -1 -1 -1 -1 -1 -1 -1 -1 -1 -1 -1 -1 -1 -1 -1 -1 -1 -1 -1 -1 -1 -1 -1 -1 -1 -1 -1 -1 -1 -1 -1 0.0917 0.0917 0.203 0.203 0.203 0.3105 0.3105 0.4 0.4 0.3035 0.3035 0.3035 0.2905 0.2905 0.375 0.375 0.285 0.285 0.3275 0.3275 0.3275 0.388 0.388 0.4415 0.4415 0.4415 0.4415 0.4415 0.442 0.442 0.49 0.49 0.4185 0.4185 0.4185 0.4315 0.4315 0.3625 0.3625 0.3325 0.3325
-1 -1 -1 -1 -1 -1 -1 -1 -1 -1 -1 -1 -1 -1 -1 -1 -1 -1 -1 -1 -1 -1 -1 -1 -1 -1 -1 -1 -1 -1 -1 -1 -1 -1 -1 -1 -1 0.0917 0.0917 0.203 0.203 0.203 0.3105 0.3105 0.4 0.4 0.3035 0.3035 0.3035 0.2905 0.2905 0.375 0.375 0.285 0.285 0.3275 0.3275 0.3275 0.388 0.388 0.4415 0.4415 0.4415 0.4415 0.4415 0.442 0.442 0.49 0.49 0.4185 0.4185 0.4185 0.4315 0.4315 0.3625 0.3625 0.3325 0.3325
-1 -1 -1 -1 -1 -1 -1 -1 -1 -1 -1 -1 -1 -1 -1 -1 -1 -1 -1 -1 -1 -1 -1 -1 -1 -1 -1 -1 -1 -1 -1 -1 -1 -1 -1 -1 -1 0.0917 0.0917 0.203 0.203 0.203 0.3105 0.3105 0.4 0.4 0.3035 0.3035 0.3035 0.2905 0.2905 0.375 0.375 0.285 0.285 0.3275 0.3275 0.3275 0.388 0.388 0.4415 0.4415 0.4415 0.4415 0.4415 0.442 0.442 0.49 0.49 0.4185 0.4185 0.4185 0.4315 0.4315 0.3625 0.3625 0.3325 0.3325
-1 -1 -1 -1 -1 -1 -1 -1 -1 -1 -1 -1 -1 -1 -1 -1 -1 -1 -1 -1 -1 -1 -1 -1 -1 -1 -1 -1 -1 -1 -1 -1 -1 -1 -1 -1 -1 0.0446 0.0446 0.185 0.185 0.185 0.3195 0.3195 0.4595 0.4595 0.3025 0.3025 0.3025 0.3215 0.3215 0.4475 0.4475 0.2925 0.2925 0.4135 0.4135 0.4135 0.3975 0.3975 0.5145 0.5145 0.5145 0.5145 0.5145 0.4825 0.4825 0.4665 0.4665 0.399 0.399 0.399 0.4285 0.4285 0.4015 0.4015 0.3755 0.3755
-1 -1 -1 -1 -1 -1 -1 -1 -1 -1 -1 -1 -1 -1 -1 -1 -1 -1 -1 -1 -1 -1 -1 -1 -1 -1 -1 -1 -1 -1 -1 -1 -1 -1 -1 -1 -1 0.0446 0.0446 0.185 0.185 0.185 0.3195 0.3195 0.4595 0.4595 0.3025 0.3025 0.3025 0.3215 0.3215 0.4475 0.4475 0.2925 0.2925 0.4135 0.4135 0.4135 0.3975 0.3975 0.5145 0.5145 0.5145 0.5145 0.5145 0.4825 0.4825 0.4665 0.4665 0.399 0.399 0.399 0.4285 0.4285 0.4015 0.4015 0.3755 0.3755
-1 -1 -1 -1 -1 -1 -1 -1 -1 -1 -1 -1 -1 -1 -1 -1 -1 -1 -1 -1 -1 -1 -1 -1 -1 -1 -1 -1 -1 -1 -1 -1 -1 -1 -1 -1 -1 0.0051 0.0051 0.2095 0.2095 0.2095 0.3825 0.3825 0.3835 0.3835 0.392 0.392 0.392 0.4785 0.4785 0.314 0.314 0.3185 0.3185 0.303 0.303 0.303 0.4385 0.4385 0.4595 0.4595 0.4595 0.4595 0.4595 0.427 0.427 0.449 0.449 0.444 0.444 0.444 0.433 0.433 0.41 0.41 0.4135 0.4135
-1 -1 -1 -1 -1 -1 -1 -1 -1 -1 -1 -1 -1 -1 -1 -1 -1 -1 -1 -1 -1 -1 -1 -1 -1 -1 -1 -1 -1 -1 -1 -1 -1 -1 -1 -1 -1 0.0051 0.0051 0.2095 0.2095 0.2095 0.3825 0.3825 0.3835 0.3835 0.392 0.392 0.392 0.4785 0.4785 0.314 0.314 0.3185 0.3185 0.303 0.303 0.303 0.4385 0.4385 0.4595 0.4595 0.4595 0.4595 0.4595 0.427 0.427 0.449 0.449 0.444 0.444 0.444 0.433 0.433 0.41 0.41 0.4135 0.4135
-1 -1 -1 -1 -1 -1 -1 -1 -1 -1 -1 -1 -1 -1 -1 -1 -1 -1 -1 -1 -1 -1 -1 -1 -1 -1 -1 -1 -1 -1 -1 -1 -1 -1 -1 -1 -1 0.0392 0.0392 0.1385 0.1385 0.1385 0.342 0.342 0.3535 0.3535 0.339 0.339 0.339 0.3075 0.3075 0.3025 0.3025 0.341 0.341 0.358 0.358 0.358 0.3825 0.3825 0.386 0.386 0.386 0.386 0.386 0.415 0.415 0.458 0.458 0.461 0.461 0.461 0.463 0.463 0.4205 0.4205 0.402 0.402
-1 -1 -1 -1 -1 -1 -1 -1 -1 -1 -1 -1 -1 -1 -1 -1 -1 -1 -1 -1 -1 -1 -1 -1 -1 -1 -1 -1 -1 -1 -1 -1 -1 -1 -1 -1 -1 0.0392 0.0392 0.1385 0.1385 0.1385 0.342 0.342 0.3535 0.3535 0.339 0.339 0.339 0.3075 0.3075 0.3025 0.3025 0.341 0.341 0.358 0.358 0.358 0.3825 0.3825 0.386 0.386 0.386 0.386 0.386 0.415 0.415 0.458 0.458 0.461 0.461 0.461 0.463 0.463 0.4205 0.4205 0.402 0.402
-1 -1 -1 -1 -1 -1 -1 -1 -1 -1 -1 -1 -1 -1 -1 -1 -1 -1 -1 -1 -1 -1 -1 -1 -1 -1 -1 -1 -1 -1 -1 -1 -1 -1 -1 -1 -1 0.0157 0.0157 0.28 0.28 0.28 0.302 0.302 0.355 0.355 0.3815 0.3815 0.3815 0.387 0.387 0.349 0.349 0.3795 0.3795 0.4515 0.4515 0.4515 0.383 0.383 0.4 0.4 0.4 0.4 0.4 0.42 0.42 0.434 0.434 0.399 0.399 0.399 0.435 0.435 0.4325 0.4325 0.4075 0.4075
-1 -1 -1 -1 -1 -1 -1 -1 -1 -1 -1 -1 -1 -1 -1 -1 -1 -1 -1 -1 -1 -1 -1 -1 -1 -1 -1 -1 -1 -1 -1 -1 -1 -1 -1 -1 -1 0.0157 0.0157 0.28 0.28 0.28 0.302 0.302 0.355 0.355 0.3815 0.3815 0.3815 0.387 0.387 0.349 0.349 0.3795 0.3795 0.4515 0.4515 0.4515 0.383 0.383 0.4 0.4 0.4 0.4 0.4 0.42 0.42 0.434 0.434 0.399 0.399 0.399 0.435 0.435 0.4325 0.4325 0.4075 0.4075
-1 -1 -1 -1 -1 -1 -1 -1 -1 -1 -1 -1 -1 -1 -1 -1 -1 -1 -1 -1 -1 -1 -1 -1 -1 -1 -1 -1 -1 -1 -1 -1 -1 -1 -1 -1 -1 0.0157 0.0157 0.28 0.28 0.28 0.302 0.302 0.355 0.355 0.3815 0.3815 0.3815 0.387 0.387 0.349 0.349 0.3795 0.3795 0.4515 0.4515 0.4515 0.383 0.383 0.4 0.4 0.4 0.4 0.4 0.42 0.42 0.434 0.434 0.399 0.399 0.399 0.435 0.435 0.4325 0.4325 0.4075 0.4075
-1 -1 -1 -1 -1 -1 -1 -1 -1 -1 -1 -1 -1 -1 -1 -1 -1 -1 -1 -1 -1 -1 -1 -1 -1 -1 -1 -1 -1 -1 -1 -1 -1 -1 -1 -1 -1 0.0451 0.0451 0.26 0.26 0.26 0.269 0.269 0.3565 0.3565 0.4015 0.4015 0.4015 0.394 0.394 0.399 0.399 0.3645 0.3645 0.378 0.378 0.378 0.436 0.436 0.473 0.473 0.473 0.473 0.473 0.4755 0.4755 0.465 0.465 0.3805 0.3805 0.3805 0.415 0.415 0.412 0.412 0.383 0.383
-1 -1 -1 -1 -1 -1 -1 -1 -1 -1 -1 -1 -1 -1 -1 -1 -1 -1 -1 -1 -1 -1 -1 -1 -1 -1 -1 -1 -1 -1 -1 -1 -1 -1 -1 -1 -1 0.0451 0.0451 0.26 0.26 0.26 0.269 0.269 0.3565 0.3565 0.4015 0.4015 0.4015 0.394 0.394 0.399 0.399 0.3645 0.3645 0.378 0.378 0.378 0.436 0.436 0.473 0.473 0.473 0.473 0.473 0.4755 0.4755 0.465 0.465 0.3805 0.3805 0.3805 0.415 0.415 0.412 0.412 0.383 0.383
-1 -1 -1 -1 -1 -1 -1 -1 -1 -1 -1 -1 -1 -1 -1 -1 -1 -1 -1 -1 -1 -1 -1 -1 -1 -1 -1 -1 -1 -1 -1 -1 -1 -1 -1 -1 -1 0.1342 0.1342 0.357 0.357 0.357 0.3865 0.3865 0.381 0.381 0.3845 0.3845 0.3845 0.343 0.343 0.3525 0.3525 0.375 0.375 0.4145 0.4145 0.4145 0.485 0.485 0.4905 0.4905 0.4905 0.4905 0.4905 0.5185 0.5185 0.494 0.494 0.399 0.399 0.399 0.421 0.421 0.4805 0.4805 0.437 0.437
-1 -1 -1 -1 -1 -1 -1 -1 -1 -1 -1 -1 -1 -1 -1 -1 -1 -1 -1 -1 -1 -1 -1 -1 -1 -1 -1 -1 -1 -1 -1 -1 -1 -1 -1 -1 -1 0.1342 0.1342 0.357 0.357 0.357 0.3865 0.3865 0.381 0.381 0.3845 0.3845 0.3845 0.343 0.343 0.3525 0.3525 0.375 0.375 0.4145 0.4145 0.4145 0.485 0.485 0.4905 0.4905 0.4905 0.4905 0.4905 0.5185 0.5185 0.494 0.494 0.399 0.399 0.399 0.421 0.421 0.4805 0.4805 0.437 0.437
-1 -1 -1 -1 -1 -1 -1 -1 -1 -1 -1 -1 -1 -1 -1 -1 -1 -1 -1 -1 -1 -1 -1 -1 -1 -1 -1 -1 -1 -1 -1 -1 -1 -1 -1 0.0282 0.0282 0.2345 0.2345 0.4015 0.4015 0.4015 0.503 0.503 0.4595 0.4595 0.401 0.401 0.401 0.4105 0.4105 0.379 0.379 0.3805 0.3805 0.415 0.415 0.415 0.5715 0.5715 0.5905 0.5905 0.5905 0.5905 0.5905 0.543 0.543 0.5315 0.5315 0.5325 0.5325 0.5325 0.452 0.452 0.53 0.53 0.517 0.517
-1 -1 -1 -1 -1 -1 -1 -1 -1 -1 -1 -1 -1 -1 -1 -1 -1 -1 -1 -1 -1 -1 -1 -1 -1 -1 -1 -1 -1 -1 -1 -1 -1 -1 -1 0.0282 0.0282 0.2345 0.2345 0.4015 0.4015 0.4015 0.503 0.503 0.4595 0.4595 0.401 0.401 0.401 0.4105 0.4105 0.379 0.379 0.3805 0.3805 0.415 0.415 0.415 0.5715 0.5715 0.5905 0.5905 0.5905 0.5905 0.5905 0.543 0.543 0.5315 0.5315 0.5325 0.5325 0.5325 0.452 0.452 0.53 0.53 0.517 0.517
-1 -1 -1 -1 -1 -1 -1 -1 -1 -1 -1 -1 -1 -1 -1 -1 -1 -1 -1 -1 -1 -1 -1 -1 -1 -1 -1 -1 -1 -1 -1 -1 -1 -1 -1 0.0282 0.0282 0.2345 0.2345 0.4015 0.4015 0.4015 0.503 0.503 0.4595 0.4595 0.401 0.401 0.401 0.4105 0.4105 0.379 0.379 0.3805 0.3805 0.415 0.415 0.415 0.5715 0.5715 0.5905 0.5905 0.5905 0.5905 0.5905 0.543 0.543 0.5315 0.5315 0.5325 0.5325 0.5325 0.452 0.452 0.53 0.53 0.517 0.517
-1 -1 -1 -1 -1 -1 -1 -1 -1 -1 -1 -1 -1 -1 -1 -1 -1 -1 -1 -1 -1 -1 -1 -1 -1 -1 -1 -1 -1 -1 -1 -1 -1 -1 -1 0.2086 0.2086 0.4245 0.4245 0.51 0.51 0.51 0.477 0.477 0.4675 0.4675 0.4835 0.4835 0.4835 0.471 0.471 0.51 0.51 0.475 0.475 0.5345 0.5345 0.5345 0.515 0.515 0.5415 0.5415 0.5415 0.5415 0.5415 0.557 0.557 0.52 0.52 0.4415 0.4415 0.4415 0.433 0.433 0.466 0.466 0.531 0.531
-1 -1 -1 -1 -1 -1 -1 -1 -1 -1 -1 -1 -1 -1 -1 -1 -1 -1 -1 -1 -1 -1 -1 -1 -1 -1 -1 -1 -1 -1 -1 -1 -1 -1 -1 0.2086 0.2086 0.4245 0.4245 0.51 0.51 0.51 0.477 0.477 0.4675 0.4675 0.4835 0.4835 0.4835 0.471 0.471 0.51 0.51 0.475 0.475 0.5345 0.5345 0.5345 0.515 0.515 0.5415 0.5415 0.5415 0.5415 0.5415 0.557 0.557 0.52 0.52 0.4415 0.4415 0.4415 0.433 0.433 0.466 0.466 0.531 0.531
-1 -1 -1 -1 -1 -1 -1 -1 -1 -1 -1 -1 -1 -1 -1 -1 -1 -1 -1 -1 -1 -1 -1 -1 -1 -1 -1 -1 -1 -1 -1 -1 0.1102 0.1102 0.1102 0.336 0.336 0.429 0.429 0.4695 0.4695 0.4695 0.439 0.439 0.439 0.439 0.4725 0.4725 0.4725 0.4675 0.4675 0.4635 0.4635 0.467 0.467 0.505 0.505 0.505 0.459 0.459 0.521 0.521 0.521 0.521 0.521 0.5405 0.5405 0.506 0.506 0.533 0.533 0.533 0.525 0.525 0.485 0.485 0.5145 0.5145
-1 -1 -1 -1 -1 -1 -1 -1 -1 -1 -1 -1 -1 -1 -1 -1 -1 -1 -1 -1 -1 -1 -1 -1 -1 -1 -1 -1 -1 -1 -1 -1 0.1102 0.1102 0.1102 0.336 0.336 0.429 0.429 0.4695 0.4695 0.4695 0.439 0.439 0.439 0.439 0.4725 0.4725 0.4725 0.4675 0.4675 0.4635 0.4635 0.467 0.467 0.505 0.505 0.505 0.459 0.459 0.521 0.521 0.521 0.521 0.521 0.5405 0.5405 0.506 0.506 0.533 0.533 0.533 0.525 0.525 0.485 0.485 0.5145 0.5145
-1 -1 -1 -1 -1 -1 -1 -1 -1 -1 -1 -1 -1 -1 -1 -1 -1 -1 -1 -1 -1 -1 -1 -1 -1 -1 -1 -1 -1 -1 0.0267 0.0267 0.2266 0.2266 0.2266 0.357 0.357 0.394 0.394 0.4125 0.4125 0.4125 0.4425 0.4425 0.4435 0.4435 0.4495 0.4495 0.4495 0.446 0.446 0.438 0.438 0.481 0.481 0.496 0.496 0.496 0.5125 0.5125 0.453 0.453 0.453 0.453 0.453 0.4395 0.4395 0.449 0.449 0.526 0.526 0.526 0.4715 0.4715 0.4625 0.4625 0.513 0.513
-1 -1 -1 -1 -1 -1 -1 -1 -1 -1 -1 -1 -1 -1 -1 -1 -1 -1 -1 -1 -1 -1 -1 -1 -1 -1 -1 -1 -1 -1 0.0267 0.0267 0.2266 0.2266 0.2266 0.357 0.357 0.394 0.394 0.4125 0.4125 0.4125 0.4425 0.4425 0.4435 0.4435 0.4495 0.4495 0.4495 0.446 0.446 0.438 0.438 0.481 0.481 0.496 0.496 0.496 0.5125 0.5125 0.453 0.453 0.453 0.453 0.453 0.4395 0.4395 0.449 0.449 0.526 0.526 0.526 0.4715 0.4715 0.4625 0.4625 0.513 0.513
-1 -1 -1 -1 -1 -1 -1 -1 -1 -1 -1 -1 -1 -1 -1 -1 -1 -1 -1 -1 -1 -1 -1 -1 -1 -1 -1 -1 -1 -1 0.0267 0.0267 0.2266 0.2266 0.2266 0.357 0.357 0.394 0.394 0.4125 0.4125 0.4125 0.4425 0.4425 0.4435 0.4435 0.4495 0.4495 0.4495 0.446 0.446 0.438 0.438 0.481 0.481 0.496 0.496 0.496 0.5125 0.5125 0.453 0.453 0.453 0.453 0.453 0.4395 0.4395 0.449 0.449 0.526 0.526 0.526 0.4715 0.4715 0.4625 0.4625 0.513 0.513
-1 -1 -1 -1 -1 -1 -1 -1 -1 -1 -1 -1 -1 -1 -1 -1 -1 -1 -1 -1 -1 -1 -1 -1 -1 -1 -1 -1 -1 -1 0.1592 0.1592 0.336 0.336 0.336 0.397 0.397 0.403 0.403 0.4055 0.4055 0.4055 0.424 0.424 0.459 0.459 0.448 0.448 0.448 0.4815 0.4815 0.502 0.502 0.5305 0.5305 0.5315 0.5315 0.5315 0.557 0.557 0.485 0.485 0.485 0.485 0.485 0.4685 0.4685 0.4725 0.4725 0.5085 0.5085 0.5085 0.522 0.522 0.5865 0.5865 0.509 0.509
-1 -1 -1 -1 -1 -1 -1 -1 -1 -1 -1 -1 -1 -1 -1 -1 -1 -1 -1 -1 -1 -1 -1 -1 -1 -1 -1 -1 -1 -1 0.1592 0.1592 0.336 0.336 0.336 0.397 0.397 0.403 0.403 0.4055 0.4055 0.4055 0.424 0.424 0.459 0.459 0.448 0.448 0.448 0.4815 0.4815 0.502 0.502 0.5305 0.5305 0.5315 0.5315 0.5315 0.557 0.557 0.485 0.485 0.485 0.485 0.485 0.4685 0.4685 0.4725 0.4725 0.5085 0.5085 0.5085 0.522 0.522 0.5865 0.5865 0.509 0.509
-1 -1 -1 -1 -1 -1 -1 -1 -1 -1 -1 -1 -1 -1 -1 -1 -1 -1 -1 -1 -1 -1 -1 -1 -1 -1 -1 -1 0.07269999 0.07269999 0.2495 0.2495 0.4295 0.4295 0.4295 0.4615 0.4615 0.415 0.415 0.39 0.39 0.39 0.428 0.428 0.415 0.415 0.462 0.462 0.462 0.483 0.483 0.5155 0.5155 0.5615 0.5615 0.5815 0.5815 0.5815 0.591 0.591 0.545 0.545 0.545 0.545 0.545 0.532 0.532 0.525 0.525 0.605 0.605 0.605 0.5765 0.5765 0.6425 0.6425 0.5165 0.5165
-1 -1 -1 -1 -1 -1 -1 -1 -1 -1 -1 -1 -1 -1 -1 -1 -1 -1 -1 -1 -1 -1 -1 -1 -1 -1 -1 -1 0.07269999 0.07269999 0.2495 0.2495 0.4295 0.4295 0.4295 0.4615 0.4615 0.415 0.415 0.39 0.39 0.39 0.428 0.428 0.415 0.415 0.462 0.462 0.462 0.483 0.483 0.5155 0.5155 0.5615 0.5615 0.5815 0.5815 0.5815 0.591 0.591 0.545 0.545 0.545 0.545 0.545 0.532 0.532 0.525 0.525 0.605 0.605 0.605 0.5765 0.5765 0.6425 0.6425 0.5165 0.5165
-1 -1 -1 -1 -1 -1 -1 -1 -1 -1 -1 -1 -1 -1 -1 -1 -1 -1 -1 -1 -1 -1 -1 -1 -1 0.0207 0.0207 0.0207 0.1642 0.1642 0.37 0.37 0.4065 0.4065 0.4065 0.3865 0.3865 0.424 0.424 0.379 0.379 0.379 0.452 0.452 0.4655 0.4655 0.502 0.502 0.502 0.493 0.493 0.529 0.529 0.5425 0.5425 0.6015 0.6015 0.6015 0.5515 0.5515 0.5995 0.5995 0.5995 0.5995 0.5995 0.5425 0.5425 0.5735 0.5735 0.581 0.581 0.581 0.626 0.626 0.629 0.629 0.5515 0.5515
