ndvi/NOAA-321.asc
ncols         252
nrows         154
xllcorner     -18.017974
yllcorner     13.481982
cellsize      0.035948
NODATA_value  -9999
[rows 102 to 135 of 154, columns 154 to 230 of 252]
0.4815 0.485 0.485 0.4925 0.4925 0.4925 0.3485 0.3485 0.389 0.389 0.5005 0.5005 0.4905 0.4905 0.4905 0.52 0.52 0.4765 0.4765 0.498 0.498 0.498 0.5 0.5 0.5225 0.5225 0.511 0.511 0.511 0.5345 0.5345 0.516 0.516 0.5255 0.5255 0.5255 0.513 0.513 0.5065 0.5065 0.5005 0.5005 0.5005 0.4785 0.4785 0.447 0.447 0.4565 0.4565 0.437 0.437 0.437 0.453 0.453 0.4355 0.4355 0.55 0.55 0.55 0.52 0.52 0.462 0.462 0.503 0.503 0.503 0.5015 0.5015 0.471 0.471 0.4265 0.4265 0.4265 0.465 0.465 0.486 0.486
0.4815 0.436 0.436 0.4005 0.4005 0.4005 0.4085 0.4085 0.422 0.422 0.489 0.489 0.4725 0.4725 0.4725 0.4885 0.4885 0.491 0.491 0.503 0.503 0.503 0.522 0.522 0.483 0.483 0.501 0.501 0.501 0.4905 0.4905 0.5475 0.5475 0.523 0.523 0.523 0.533 0.533 0.5265 0.5265 0.468 0.468 0.468 0.4675 0.4675 0.472 0.472 0.491 0.491 0.522 0.522 0.522 0.472 0.472 0.5635 0.5635 0.5565 0.5565 0.5565 0.528 0.528 0.526 0.526 0.537 0.537 0.537 0.5325 0.5325 0.4825 0.4825 0.494 0.494 0.494 0.4975 0.4975 0.498 0.498
0.4815 0.436 0.436 0.4005 0.4005 0.4005 0.4085 0.4085 0.422 0.422 0.489 0.489 0.4725 0.4725 0.4725 0.4885 0.4885 0.491 0.491 0.503 0.503 0.503 0.522 0.522 0.483 0.483 0.501 0.501 0.501 0.4905 0.4905 0.5475 0.5475 0.523 0.523 0.523 0.533 0.533 0.5265 0.5265 0.468 0.468 0.468 0.4675 0.4675 0.472 0.472 0.491 0.491 0.522 0.522 0.522 0.472 0.472 0.5635 0.5635 0.5565 0.5565 0.5565 0.528 0.528 0.526 0.526 0.537 0.537 0.537 0.5325 0.5325 0.4825 0.4825 0.494 0.494 0.494 0.4975 0.4975 0.498 0.498
0.4815 0.436 0.436 0.4005 0.4005 0.4005 0.4085 0.4085 0.422 0.422 0.489 0.489 0.4725 0.4725 0.4725 0.4885 0.4885 0.491 0.491 0.503 0.503 0.503 0.522 0.522 0.483 0.483 0.501 0.501 0.501 0.4905 0.4905 0.5475 0.5475 0.523 0.523 0.523 0.533 0.533 0.5265 0.5265 0.468 0.468 0.468 0.4675 0.4675 0.472 0.472 0.491 0.491 0.522 0.522 0.522 0.472 0.472 0.5635 0.5635 0.5565 0.5565 0.5565 0.528 0.528 0.526 0.526 0.537 0.537 0.537 0.5325 0.5325 0.4825 0.4825 0.494 0.494 0.494 0.4975 0.4975 0.498 0.498
0.448 0.441 0.441 0.4175 0.4175 0.4175 0.4411 0.4411 0.483 0.483 0.5015 0.5015 0.539 0.539 0.539 0.465 0.465 0.4495 0.4495 0.4685 0.4685 0.4685 0.516 0.516 0.5185 0.5185 0.537 0.537 0.537 0.5495 0.5495 0.584 0.584 0.5775 0.5775 0.5775 0.5656 0.5656 0.529 0.529 0.544 0.544 0.544 0.5 0.5 0.5325 0.5325 0.4925 0.4925 0.5875 0.5875 0.5875 0.602 0.602 0.594 0.594 0.6505 0.6505 0.6505 0.5585 0.5585 0.519 0.519 0.5155 0.5155 0.5155 0.4975 0.4975 0.5271 0.5271 0.524 0.524 0.524 0.5175 0.5175 0.5295 0.5295
0.448 0.441 0.441 0.4175 0.4175 0.4175 0.4411 0.4411 0.483 0.483 0.5015 0.5015 0.539 0.539 0.539 0.465 0.465 0.4495 0.4495 0.4685 0.4685 0.4685 0.516 0.516 0.5185 0.5185 0.537 0.537 0.537 0.5495 0.5495 0.584 0.584 0.5775 0.5775 0.5775 0.5656 0.5656 0.529 0.529 0.544 0.544 0.544 0.5 0.5 0.5325 0.5325 0.4925 0.4925 0.5875 0.5875 0.5875 0.602 0.602 0.594 0.594 0.6505 0.6505 0.6505 0.5585 0.5585 0.519 0.519 0.5155 0.5155 0.5155 0.4975 0.4975 0.5271 0.5271 0.524 0.524 0.524 0.5175 0.5175 0.5295 0.5295
0.4465 0.516 0.516 0.537 0.537 0.537 0.54 0.54 0.5265 0.5265 0.5375 0.5375 0.498 0.498 0.498 0.451 0.451 0.4275 0.4275 0.44 0.44 0.44 0.4475 0.4475 0.514 0.514 0.5545 0.5545 0.5545 0.567 0.567 0.59 0.59 0.6095001 0.6095001 0.6095001 0.6035 0.6035 0.5815 0.5815 0.569 0.569 0.569 0.5845 0.5845 0.5635 0.5635 0.57 0.57 0.6175 0.6175 0.6175 0.6475 0.6475 0.703 0.703 0.6475 0.6475 0.6475 0.595 0.595 0.494 0.494 0.5395 0.5395 0.5395 0.518 0.518 0.4891 0.4891 0.506 0.506 0.506 0.552 0.552 0.5675 0.5675
0.4465 0.516 0.516 0.537 0.537 0.537 0.54 0.54 0.5265 0.5265 0.5375 0.5375 0.498 0.498 0.498 0.451 0.451 0.4275 0.4275 0.44 0.44 0.44 0.4475 0.4475 0.514 0.514 0.5545 0.5545 0.5545 0.567 0.567 0.59 0.59 0.6095001 0.6095001 0.6095001 0.6035 0.6035 0.5815 0.5815 0.569 0.569 0.569 0.5845 0.5845 0.5635 0.5635 0.57 0.57 0.6175 0.6175 0.6175 0.6475 0.6475 0.703 0.703 0.6475 0.6475 0.6475 0.595 0.595 0.494 0.494 0.5395 0.5395 0.5395 0.518 0.518 0.4891 0.4891 0.506 0.506 0.506 0.552 0.552 0.5675 0.5675
0.429 0.462 0.462 0.4745 0.4745 0.4745 0.5335 0.5335 0.559 0.559 0.477 0.477 0.4645 0.4645 0.4645 0.49 0.49 0.52 0.52 0.5395 0.5395 0.5395 0.525 0.525 0.5705 0.5705 0.5705 0.5705 0.5705 0.581 0.581 0.5925 0.5925 0.6065 0.6065 0.6065 0.5862 0.5862 0.5735 0.5735 0.5946 0.5946 0.5946 0.606 0.606 0.5915 0.5915 0.558 0.558 0.5935 0.5935 0.5935 0.6685 0.6685 0.681 0.681 0.664 0.664 0.664 0.6145 0.6145 0.5355 0.5355 0.4541 0.4541 0.4541 0.4315 0.4315 0.5166 0.5166 0.5156 0.5156 0.5156 0.5545 0.5545 0.5565 0.5565
0.429 0.462 0.462 0.4745 0.4745 0.4745 0.5335 0.5335 0.559 0.559 0.477 0.477 0.4645 0.4645 0.4645 0.49 0.49 0.52 0.52 0.5395 0.5395 0.5395 0.525 0.525 0.5705 0.5705 0.5705 0.5705 0.5705 0.581 0.581 0.5925 0.5925 0.6065 0.6065 0.6065 0.5862 0.5862 0.5735 0.5735 0.5946 0.5946 0.5946 0.606 0.606 0.5915 0.5915 0.558 0.558 0.5935 0.5935 0.5935 0.6685 0.6685 0.681 0.681 0.664 0.664 0.664 0.6145 0.6145 0.5355 0.5355 0.4541 0.4541 0.4541 0.4315 0.4315 0.5166 0.5166 0.5156 0.5156 0.5156 0.5545 0.5545 0.5565 0.5565
0.429 0.462 0.462 0.4745 0.4745 0.4745 0.5335 0.5335 0.559 0.559 0.477 0.477 0.4645 0.4645 0.4645 0.49 0.49 0.52 0.52 0.5395 0.5395 0.5395 0.525 0.525 0.5705 0.5705 0.5705 0.5705 0.5705 0.581 0.581 0.5925 0.5925 0.6065 0.6065 0.6065 0.5862 0.5862 0.5735 0.5735 0.5946 0.5946 0.5946 0.606 0.606 0.5915 0.5915 0.558 0.558 0.5935 0.5935 0.5935 0.6685 0.6685 0.681 0.681 0.664 0.664 0.664 0.6145 0.6145 0.5355 0.5355 0.4541 0.4541 0.4541 0.4315 0.4315 0.5166 0.5166 0.5156 0.5156 0.5156 0.5545 0.5545 0.5565 0.5565
0.497 0.49 0.49 0.4995 0.4995 0.4995 0.52 0.52 0.5005 0.5005 0.507 0.507 0.498 0.498 0.498 0.546 0.546 0.569 0.569 0.5975 0.5975 0.5975 0.5575 0.5575 0.589 0.589 0.6175 0.6175 0.6175 0.625 0.625 0.6161 0.6161 0.5635 0.5635 0.5635 0.5985 0.5985 0.546 0.546 0.5481 0.5481 0.5481 0.5886 0.5886 0.5701 0.5701 0.5625 0.5625 0.6415 0.6415 0.6415 0.6425 0.6425 0.6375 0.6375 0.6395 0.6395 0.6395 0.635 0.635 0.5545 0.5545 0.5096 0.5096 0.5096 0.466 0.466 0.518 0.518 0.552 0.552 0.552 0.5455 0.5455 0.5546 0.5546
0.497 0.49 0.49 0.4995 0.4995 0.4995 0.52 0.52 0.5005 0.5005 0.507 0.507 0.498 0.498 0.498 0.546 0.546 0.569 0.569 0.5975 0.5975 0.5975 0.5575 0.5575 0.589 0.589 0.6175 0.6175 0.6175 0.625 0.625 0.6161 0.6161 0.5635 0.5635 0.5635 0.5985 0.5985 0.546 0.546 0.5481 0.5481 0.5481 0.5886 0.5886 0.5701 0.5701 0.5625 0.5625 0.6415 0.6415 0.6415 0.6425 0.6425 0.6375 0.6375 0.6395 0.6395 0.6395 0.635 0.635 0.5545 0.5545 0.5096 0.5096 0.5096 0.466 0.466 0.518 0.518 0.552 0.552 0.552 0.5455 0.5455 0.5546 0.5546
0.5185 0.5195 0.5195 0.553 0.553 0.553 0.5155 0.5155 0.466 0.466 0.515 0.515 0.549 0.549 0.549 0.6065 0.6065 0.559 0.559 0.559 0.559 0.559 0.5705 0.5705 0.562 0.562 0.6125 0.6125 0.6125 0.6235 0.6235 0.5975 0.5975 0.6156 0.6156 0.6156 0.5895 0.5895 0.541 0.541 0.5695 0.5695 0.5695 0.5702 0.5702 0.5886 0.5886 0.637 0.637 0.656 0.656 0.656 0.6555 0.6555 0.661 0.661 0.6605 0.6605 0.6605 0.6475 0.6475 0.5861 0.5861 0.5566 0.5566 0.5566 0.5415 0.5415 0.5521 0.5521 0.565 0.565 0.565 0.5645 0.5645 0.5425 0.5425
0.5185 0.5195 0.5195 0.553 0.553 0.553 0.5155 0.5155 0.466 0.466 0.515 0.515 0.549 0.549 0.549 0.6065 0.6065 0.559 0.559 0.559 0.559 0.559 0.5705 0.5705 0.562 0.562 0.6125 0.6125 0.6125 0.6235 0.6235 0.5975 0.5975 0.6156 0.6156 0.6156 0.5895 0.5895 0.541 0.541 0.5695 0.5695 0.5695 0.5702 0.5702 0.5886 0.5886 0.637 0.637 0.656 0.656 0.656 0.6555 0.6555 0.661 0.661 0.6605 0.6605 0.6605 0.6475 0.6475 0.5861 0.5861 0.5566 0.5566 0.5566 0.5415 0.5415 0.5521 0.5521 0.565 0.565 0.565 0.5645 0.5645 0.5425 0.5425
0.609 0.5955 0.5955 0.6145 0.6145 0.6145 0.5235 0.5235 0.5335 0.5335 0.5355 0.5355 0.5685 0.5685 0.5685 0.588 0.588 0.578 0.578 0.577 0.577 0.577 0.5725 0.5725 0.5825 0.5825 0.572 0.572 0.572 0.6165 0.6165 0.577 0.577 0.5985 0.5985 0.5985 0.567 0.567 0.624 0.624 0.6155 0.6155 0.6155 0.6045 0.6045 0.626 0.626 0.653 0.653 0.659 0.659 0.659 0.662 0.662 0.6355 0.6355 0.654 0.654 0.654 0.6455 0.6455 0.672 0.672 0.6541 0.6541 0.6541 0.6315 0.6315 0.6285 0.6285 0.601 0.601 0.601 0.5816 0.5816 0.5585 0.5585
0.609 0.5955 0.5955 0.6145 0.6145 0.6145 0.5235 0.5235 0.5335 0.5335 0.5355 0.5355 0.5685 0.5685 0.5685 0.588 0.588 0.578 0.578 0.577 0.577 0.577 0.5725 0.5725 0.5825 0.5825 0.572 0.572 0.572 0.6165 0.6165 0.577 0.577 0.5985 0.5985 0.5985 0.567 0.567 0.624 0.624 0.6155 0.6155 0.6155 0.6045 0.6045 0.626 0.626 0.653 0.653 0.659 0.659 0.659 0.662 0.662 0.6355 0.6355 0.654 0.654 0.654 0.6455 0.6455 0.672 0.672 0.6541 0.6541 0.6541 0.6315 0.6315 0.6285 0.6285 0.601 0.601 0.601 0.5816 0.5816 0.5585 0.5585
0.609 0.5955 0.5955 0.6145 0.6145 0.6145 0.5235 0.5235 0.5335 0.5335 0.5355 0.5355 0.5685 0.5685 0.5685 0.588 0.588 0.578 0.578 0.577 0.577 0.577 0.5725 0.5725 0.5825 0.5825 0.572 0.572 0.572 0.6165 0.6165 0.577 0.577 0.5985 0.5985 0.5985 0.567 0.567 0.624 0.624 0.6155 0.6155 0.6155 0.6045 0.6045 0.626 0.626 0.653 0.653 0.659 0.659 0.659 0.662 0.662 0.6355 0.6355 0.654 0.654 0.654 0.6455 0.6455 0.672 0.672 0.6541 0.6541 0.6541 0.6315 0.6315 0.6285 0.6285 0.601 0.601 0.601 0.5816 0.5816 0.5585 0.5585
0.619 0.616 0.616 0.61 0.61 0.61 0.5755 0.5755 0.617 0.617 0.614 0.614 0.6175 0.6175 0.6175 0.647 0.647 0.6255 0.6255 0.646 0.646 0.646 0.623 0.623 0.5435 0.5435 0.631 0.631 0.631 0.592 0.592 0.6035 0.6035 0.6045 0.6045 0.6045 0.5775 0.5775 0.623 0.623 0.6135 0.6135 0.6135 0.669 0.669 0.6425 0.6425 0.6945 0.6945 0.6255 0.6255 0.6255 0.679 0.679 0.6665 0.6665 0.6799999 0.6799999 0.6799999 0.6055 0.6055 0.643 0.643 0.66 0.66 0.66 0.634 0.634 0.63 0.63 0.597 0.597 0.597 0.5655 0.5655 0.5944999 0.5944999
0.619 0.616 0.616 0.61 0.61 0.61 0.5755 0.5755 0.617 0.617 0.614 0.614 0.6175 0.6175 0.6175 0.647 0.647 0.6255 0.6255 0.646 0.646 0.646 0.623 0.623 0.5435 0.5435 0.631 0.631 0.631 0.592 0.592 0.6035 0.6035 0.6045 0.6045 0.6045 0.5775 0.5775 0.623 0.623 0.6135 0.6135 0.6135 0.669 0.669 0.6425 0.6425 0.6945 0.6945 0.6255 0.6255 0.6255 0.679 0.679 0.6665 0.6665 0.6799999 0.6799999 0.6799999 0.6055 0.6055 0.643 0.643 0.66 0.66 0.66 0.634 0.634 0.63 0.63 0.597 0.597 0.597 0.5655 0.5655 0.5944999 0.5944999
0.5875 0.593 0.593 0.596 0.596 0.596 0.5425 0.5425 0.5925 0.5925 0.611 0.611 0.609 0.609 0.609 0.6505 0.6505 0.6224999 0.6224999 0.608 0.608 0.608 0.6215 0.6215 0.589 0.589 0.6235 0.6235 0.6235 0.5775 0.5775 0.559 0.559 0.628 0.628 0.628 0.6215 0.6215 0.6265 0.6265 0.628 0.628 0.628 0.659 0.659 0.684 0.684 0.692 0.692 0.663 0.663 0.663 0.6925 0.6925 0.7015 0.7015 0.6845 0.6845 0.6845 0.663 0.663 0.6155 0.6155 0.639 0.639 0.639 0.6425 0.6425 0.603 0.603 0.599 0.599 0.599 0.6115 0.6115 0.6615 0.6615
0.5875 0.593 0.593 0.596 0.596 0.596 0.5425 0.5425 0.5925 0.5925 0.611 0.611 0.609 0.609 0.609 0.6505 0.6505 0.6224999 0.6224999 0.608 0.608 0.608 0.6215 0.6215 0.589 0.589 0.6235 0.6235 0.6235 0.5775 0.5775 0.559 0.559 0.628 0.628 0.628 0.6215 0.6215 0.6265 0.6265 0.628 0.628 0.628 0.659 0.659 0.684 0.684 0.692 0.692 0.663 0.663 0.663 0.6925 0.6925 0.7015 0.7015 0.6845 0.6845 0.6845 0.663 0.663 0.6155 0.6155 0.639 0.639 0.639 0.6425 0.6425 0.603 0.603 0.599 0.599 0.599 0.6115 0.6115 0.6615 0.6615
0.641 0.609 0.609 0.604 0.604 0.604 0.6085 0.6085 0.6155 0.6155 0.6135 0.6135 0.6365 0.6365 0.6365 0.629 0.629 0.6215 0.6215 0.638 0.638 0.638 0.662 0.662 0.549 0.549 0.5975 0.5975 0.5975 0.56 0.56 0.6015 0.6015 0.6075 0.6075 0.6075 0.5865 0.5865 0.6305 0.6305 0.6345 0.6345 0.6345 0.669 0.669 0.6725 0.6725 0.6945 0.6945 0.7125 0.7125 0.7125 0.7005 0.7005 0.7085 0.7085 0.6895 0.6895 0.6895 0.666 0.666 0.646 0.646 0.618 0.618 0.618 0.631 0.631 0.651 0.651 0.621 0.621 0.621 0.633 0.633 0.634 0.634
0.641 0.609 0.609 0.604 0.604 0.604 0.6085 0.6085 0.6155 0.6155 0.6135 0.6135 0.6365 0.6365 0.6365 0.629 0.629 0.6215 0.6215 0.638 0.638 0.638 0.662 0.662 0.549 0.549 0.5975 0.5975 0.5975 0.56 0.56 0.6015 0.6015 0.6075 0.6075 0.6075 0.5865 0.5865 0.6305 0.6305 0.6345 0.6345 0.6345 0.669 0.669 0.6725 0.6725 0.6945 0.6945 0.7125 0.7125 0.7125 0.7005 0.7005 0.7085 0.7085 0.6895 0.6895 0.6895 0.666 0.666 0.646 0.646 0.618 0.618 0.618 0.631 0.631 0.651 0.651 0.621 0.621 0.621 0.633 0.633 0.634 0.634
0.629 0.6325001 0.6325001 0.6059999 0.6059999 0.6059999 0.597 0.597 0.6235 0.6235 0.6345 0.6345 0.616 0.616 0.616 0.659 0.659 0.652 0.652 0.6605 0.6605 0.6605 0.642 0.642 0.6575 0.6575 0.672 0.672 0.672 0.6305 0.6305 0.6425 0.6425 0.6295 0.6295 0.6295 0.616 0.616 0.6684999 0.6684999 0.7015 0.7015 0.7015 0.658 0.658 0.6785 0.6785 0.686 0.686 0.688 0.688 0.688 0.6745 0.6745 0.68 0.68 0.6585 0.6585 0.6585 0.6615 0.6615 0.63 0.63 0.622 0.622 0.622 0.6525 0.6525 0.668 0.668 0.635 0.635 0.635 0.627 0.627 0.642 0.642
0.629 0.6325001 0.6325001 0.6059999 0.6059999 0.6059999 0.597 0.597 0.6235 0.6235 0.6345 0.6345 0.616 0.616 0.616 0.659 0.659 0.652 0.652 0.6605 0.6605 0.6605 0.642 0.642 0.6575 0.6575 0.672 0.672 0.672 0.6305 0.6305 0.6425 0.6425 0.6295 0.6295 0.6295 0.616 0.616 0.6684999 0.6684999 0.7015 0.7015 0.7015 0.658 0.658 0.6785 0.6785 0.686 0.686 0.688 0.688 0.688 0.6745 0.6745 0.68 0.68 0.6585 0.6585 0.6585 0.6615 0.6615 0.63 0.63 0.622 0.622 0.622 0.6525 0.6525 0.668 0.668 0.635 0.635 0.635 0.627 0.627 0.642 0.642
0.629 0.6325001 0.6325001 0.6059999 0.6059999 0.6059999 0.597 0.597 0.6235 0.6235 0.6345 0.6345 0.616 0.616 0.616 0.659 0.659 0.652 0.652 0.6605 0.6605 0.6605 0.642 0.642 0.6575 0.6575 0.672 0.672 0.672 0.6305 0.6305 0.6425 0.6425 0.6295 0.6295 0.6295 0.616 0.616 0.6684999 0.6684999 0.7015 0.7015 0.7015 0.658 0.658 0.6785 0.6785 0.686 0.686 0.688 0.688 0.688 0.6745 0.6745 0.68 0.68 0.6585 0.6585 0.6585 0.6615 0.6615 0.63 0.63 0.622 0.622 0.622 0.6525 0.6525 0.668 0.668 0.635 0.635 0.635 0.627 0.627 0.642 0.642
0.644 0.6345 0.6345 0.6026 0.6026 0.6026 0.6165 0.6165 0.641 0.641 0.672 0.672 0.65 0.65 0.65 0.675 0.675 0.693 0.693 0.676 0.676 0.676 0.6525 0.6525 0.6585 0.6585 0.656 0.656 0.656 0.66 0.66 0.6815 0.6815 0.6345 0.6345 0.6345 0.6385 0.6385 0.6585 0.6585 0.682 0.682 0.682 0.6775 0.6775 0.703 0.703 0.679 0.679 0.686 0.686 0.686 0.6845 0.6845 0.6985 0.6985 0.677 0.677 0.677 0.7085 0.7085 0.687 0.687 0.6575 0.6575 0.6575 0.6745 0.6745 0.652 0.652 0.639 0.639 0.639 0.6475 0.6475 0.6515 0.6515
0.644 0.6345 0.6345 0.6026 0.6026 0.6026 0.6165 0.6165 0.641 0.641 0.672 0.672 0.65 0.65 0.65 0.675 0.675 0.693 0.693 0.676 0.676 0.676 0.6525 0.6525 0.6585 0.6585 0.656 0.656 0.656 0.66 0.66 0.6815 0.6815 0.6345 0.6345 0.6345 0.6385 0.6385 0.6585 0.6585 0.682 0.682 0.682 0.6775 0.6775 0.703 0.703 0.679 0.679 0.686 0.686 0.686 0.6845 0.6845 0.6985 0.6985 0.677 0.677 0.677 0.7085 0.7085 0.687 0.687 0.6575 0.6575 0.6575 0.6745 0.6745 0.652 0.652 0.639 0.639 0.639 0.6475 0.6475 0.6515 0.6515
0.685 0.68 0.68 0.659 0.659 0.659 0.6285 0.6285 0.64 0.64 0.633 0.633 0.6365 0.6365 0.6365 0.6475 0.6475 0.676 0.676 0.7079999 0.7079999 0.7079999 0.6815 0.6815 0.7015 0.7015 0.689 0.689 0.689 0.663 0.663 0.644 0.644 0.617 0.617 0.617 0.6425 0.6425 0.683 0.683 0.6745 0.6745 0.6745 0.677 0.677 0.6925 0.6925 0.6935 0.6935 0.7045 0.7045 0.7045 0.7115 0.7115 0.719 0.719 0.702 0.702 0.702 0.699 0.699 0.697 0.697 0.6635 0.6635 0.6635 0.6825 0.6825 0.6625 0.6625 0.6515 0.6515 0.6515 0.6615 0.6615 0.6485 0.6485
0.685 0.68 0.68 0.659 0.659 0.659 0.6285 0.6285 0.64 0.64 0.633 0.633 0.6365 0.6365 0.6365 0.6475 0.6475 0.676 0.676 0.7079999 0.7079999 0.7079999 0.6815 0.6815 0.7015 0.7015 0.689 0.689 0.689 0.663 0.663 0.644 0.644 0.617 0.617 0.617 0.6425 0.6425 0.683 0.683 0.6745 0.6745 0.6745 0.677 0.677 0.6925 0.6925 0.6935 0.6935 0.7045 0.7045 0.7045 0.7115 0.7115 0.719 0.719 0.702 0.702 0.702 0.699 0.699 0.697 0.697 0.6635 0.6635 0.6635 0.6825 0.6825 0.6625 0.6625 0.6515 0.6515 0.6515 0.6615 0.6615 0.6485 0.6485
0.6955 0.714 0.714 0.6795 0.6795 0.6795 0.633 0.633 0.658 0.658 0.649 0.649 0.7025 0.7025 0.7025 0.6825 0.6825 0.687 0.687 0.663 0.663 0.663 0.6705 0.6705 0.6635 0.6635 0.668 0.668 0.668 0.6375 0.6375 0.6485 0.6485 0.6535 0.6535 0.6535 0.6465 0.6465 0.6825 0.6825 0.6695 0.6695 0.6695 0.6675 0.6675 0.729 0.729 0.734 0.734 0.7275 0.7275 0.7275 0.7029999 0.7029999 0.6895 0.6895 0.713 0.713 0.713 0.6905 0.6905 0.6705 0.6705 0.6605 0.6605 0.6605 0.6795 0.6795 0.668 0.668 0.667 0.667 0.667 0.665 0.665 0.6585 0.6585
0.6955 0.714 0.714 0.6795 0.6795 0.6795 0.633 0.633 0.658 0.658 0.649 0.649 0.7025 0.7025 0.7025 0.6825 0.6825 0.687 0.687 0.663 0.663 0.663 0.6705 0.6705 0.6635 0.6635 0.668 0.668 0.668 0.6375 0.6375 0.6485 0.6485 0.6535 0.6535 0.6535 0.6465 0.6465 0.6825 0.6825 0.6695 0.6695 0.6695 0.6675 0.6675 0.729 0.729 0.734 0.734 0.7275 0.7275 0.7275 0.7029999 0.7029999 0.6895 0.6895 0.713 0.713 0.713 0.6905 0.6905 0.6705 0.6705 0.6605 0.6605 0.6605 0.6795 0.6795 0.668 0.668 0.667 0.667 0.667 0.665 0.665 0.6585 0.6585
0.6955 0.714 0.714 0.6795 0.6795 0.6795 0.633 0.633 0.658 0.658 0.649 0.649 0.7025 0.7025 0.7025 0.6825 0.6825 0.687 0.687 0.663 0.663 0.663 0.6705 0.6705 0.6635 0.6635 0.668 0.668 0.668 0.6375 0.6375 0.6485 0.6485 0.6535 0.6535 0.6535 0.6465 0.6465 0.6825 0.6825 0.6695 0.6695 0.6695 0.6675 0.6675 0.729 0.729 0.734 0.734 0.7275 0.7275 0.7275 0.7029999 0.7029999 0.6895 0.6895 0.713 0.713 0.713 0.6905 0.6905 0.6705 0.6705 0.6605 0.6605 0.6605 0.6795 0.6795 0.668 0.668 0.667 0.667 0.667 0.665 0.665 0.6585 0.6585
