ndvi/NOAA-136.asc
ncols         252
nrows         154
xllcorner     -18.017974
yllcorner     13.481982
cellsize      0.035948
NODATA_value  -9999
[rows 34 to 67 of 154, columns 77 to 153 of 252]
0.1445 0.1445 0.14 0.14 0.1405 0.1405 0.1335 0.1335 0.1335 0.133 0.133 0.139 0.139 0.142 0.142 0.146 0.146 0.146 0.1445 0.1445 0.143 0.143 0.145 0.145 0.145 0.147 0.147 0.147 0.147 0.147 0.147 0.147 0.148 0.148 0.147 0.147 0.1425 0.1425 0.1425 0.1465 0.1465 0.1405 0.1405 0.1545 0.1545 0.1545 0.146 0.146 0.1395 0.1395 0.142 0.142 0.144 0.144 0.144 0.136 0.136 0.147 0.147 0.1485 0.1485 0.1485 0.1525 0.1525 0.156 0.156 0.153 0.153 0.153 0.142 0.142 0.132 0.132 0.107 0.107 0.107 0.1265
0.1445 0.1445 0.14 0.14 0.1405 0.1405 0.1335 0.1335 0.1335 0.133 0.133 0.139 0.139 0.142 0.142 0.146 0.146 0.146 0.1445 0.1445 0.143 0.143 0.145 0.145 0.145 0.147 0.147 0.147 0.147 0.147 0.147 0.147 0.148 0.148 0.147 0.147 0.1425 0.1425 0.1425 0.1465 0.1465 0.1405 0.1405 0.1545 0.1545 0.1545 0.146 0.146 0.1395 0.1395 0.142 0.142 0.144 0.144 0.144 0.136 0.136 0.147 0.147 0.1485 0.1485 0.1485 0.1525 0.1525 0.156 0.156 0.153 0.153 0.153 0.142 0.142 0.132 0.132 0.107 0.107 0.107 0.1265
0.1445 0.1445 0.14 0.14 0.1405 0.1405 0.1335 0.1335 0.1335 0.133 0.133 0.139 0.139 0.142 0.142 0.146 0.146 0.146 0.1445 0.1445 0.143 0.143 0.145 0.145 0.145 0.147 0.147 0.147 0.147 0.147 0.147 0.147 0.148 0.148 0.147 0.147 0.1425 0.1425 0.1425 0.1465 0.1465 0.1405 0.1405 0.1545 0.1545 0.1545 0.146 0.146 0.1395 0.1395 0.142 0.142 0.144 0.144 0.144 0.136 0.136 0.147 0.147 0.1485 0.1485 0.1485 0.1525 0.1525 0.156 0.156 0.153 0.153 0.153 0.142 0.142 0.132 0.132 0.107 0.107 0.107 0.1265
0.1465 0.1465 0.147 0.147 0.1495 0.1495 0.147 0.147 0.147 0.142 0.142 0.1475 0.1475 0.1515 0.1515 0.142 0.142 0.142 0.1455 0.1455 0.141 0.141 0.144 0.144 0.144 0.1535 0.1535 0.1535 0.1535 0.151 0.151 0.151 0.1515 0.1515 0.1565 0.1565 0.1495 0.1495 0.1495 0.1515 0.1515 0.147 0.147 0.157 0.157 0.157 0.159 0.159 0.1515 0.1515 0.1515 0.1515 0.154 0.154 0.154 0.1595 0.1595 0.175 0.175 0.1705 0.1705 0.1705 0.1635 0.1635 0.1615 0.1615 0.1575 0.1575 0.1575 0.156 0.156 0.132 0.132 0.1165 0.1165 0.1165 0.13
0.1465 0.1465 0.147 0.147 0.1495 0.1495 0.147 0.147 0.147 0.142 0.142 0.1475 0.1475 0.1515 0.1515 0.142 0.142 0.142 0.1455 0.1455 0.141 0.141 0.144 0.144 0.144 0.1535 0.1535 0.1535 0.1535 0.151 0.151 0.151 0.1515 0.1515 0.1565 0.1565 0.1495 0.1495 0.1495 0.1515 0.1515 0.147 0.147 0.157 0.157 0.157 0.159 0.159 0.1515 0.1515 0.1515 0.1515 0.154 0.154 0.154 0.1595 0.1595 0.175 0.175 0.1705 0.1705 0.1705 0.1635 0.1635 0.1615 0.1615 0.1575 0.1575 0.1575 0.156 0.156 0.132 0.132 0.1165 0.1165 0.1165 0.13
0.1545 0.1545 0.1485 0.1485 0.144 0.144 0.1405 0.1405 0.1405 0.149 0.149 0.1505 0.1505 0.154 0.154 0.15 0.15 0.15 0.1455 0.1455 0.1415 0.1415 0.1515 0.1515 0.1515 0.152 0.152 0.157 0.157 0.168 0.168 0.168 0.1675 0.1675 0.1605 0.1605 0.1615 0.1615 0.1615 0.1555 0.1555 0.155 0.155 0.1715 0.1715 0.1715 0.1735 0.1735 0.172 0.172 0.171 0.171 0.213 0.213 0.213 0.176 0.176 0.1805 0.1805 0.1735 0.1735 0.1735 0.1695 0.1695 0.163 0.163 0.1535 0.1535 0.1535 0.152 0.152 0.1165 0.1165 0.1125 0.1125 0.1125 0.131
0.1545 0.1545 0.1485 0.1485 0.144 0.144 0.1405 0.1405 0.1405 0.149 0.149 0.1505 0.1505 0.154 0.154 0.15 0.15 0.15 0.1455 0.1455 0.1415 0.1415 0.1515 0.1515 0.1515 0.152 0.152 0.157 0.157 0.168 0.168 0.168 0.1675 0.1675 0.1605 0.1605 0.1615 0.1615 0.1615 0.1555 0.1555 0.155 0.155 0.1715 0.1715 0.1715 0.1735 0.1735 0.172 0.172 0.171 0.171 0.213 0.213 0.213 0.176 0.176 0.1805 0.1805 0.1735 0.1735 0.1735 0.1695 0.1695 0.163 0.163 0.1535 0.1535 0.1535 0.152 0.152 0.1165 0.1165 0.1125 0.1125 0.1125 0.131
0.158 0.158 0.15 0.15 0.145 0.145 0.1455 0.1455 0.1455 0.1505 0.1505 0.151 0.151 0.1535 0.1535 0.1545 0.1545 0.1545 0.1405 0.1405 0.143 0.143 0.1475 0.1475 0.1475 0.1565 0.1565 0.1635 0.1635 0.1675 0.1675 0.1675 0.1625 0.1625 0.159 0.159 0.163 0.163 0.163 0.1615 0.1615 0.175 0.175 0.1835 0.1835 0.1835 0.174 0.174 0.171 0.171 0.1815 0.1815 0.206 0.206 0.206 0.1785 0.1785 0.178 0.178 0.17 0.17 0.17 0.1555 0.1555 0.158 0.158 0.125 0.125 0.125 0.1415 0.1415 0.13 0.13 0.1195 0.1195 0.1195 0.119
0.158 0.158 0.15 0.15 0.145 0.145 0.1455 0.1455 0.1455 0.1505 0.1505 0.151 0.151 0.1535 0.1535 0.1545 0.1545 0.1545 0.1405 0.1405 0.143 0.143 0.1475 0.1475 0.1475 0.1565 0.1565 0.1635 0.1635 0.1675 0.1675 0.1675 0.1625 0.1625 0.159 0.159 0.163 0.163 0.163 0.1615 0.1615 0.175 0.175 0.1835 0.1835 0.1835 0.174 0.174 0.171 0.171 0.1815 0.1815 0.206 0.206 0.206 0.1785 0.1785 0.178 0.178 0.17 0.17 0.17 0.1555 0.1555 0.158 0.158 0.125 0.125 0.125 0.1415 0.1415 0.13 0.13 0.1195 0.1195 0.1195 0.119
0.158 0.158 0.15 0.15 0.145 0.145 0.1455 0.1455 0.1455 0.1505 0.1505 0.151 0.151 0.1535 0.1535 0.1545 0.1545 0.1545 0.1405 0.1405 0.143 0.143 0.1475 0.1475 0.1475 0.1565 0.1565 0.1635 0.1635 0.1675 0.1675 0.1675 0.1625 0.1625 0.159 0.159 0.163 0.163 0.163 0.1615 0.1615 0.175 0.175 0.1835 0.1835 0.1835 0.174 0.174 0.171 0.171 0.1815 0.1815 0.206 0.206 0.206 0.1785 0.1785 0.178 0.178 0.17 0.17 0.17 0.1555 0.1555 0.158 0.158 0.125 0.125 0.125 0.1415 0.1415 0.13 0.13 0.1195 0.1195 0.1195 0.119
0.1655 0.1655 0.1615 0.1615 0.1475 0.1475 0.1475 0.1475 0.1475 0.1475 0.1475 0.145 0.145 0.154 0.154 0.157 0.157 0.157 0.158 0.158 0.1415 0.1415 0.1485 0.1485 0.1485 0.1585 0.1585 0.1645 0.1645 0.167 0.167 0.167 0.1835 0.1835 0.1855 0.1855 0.182 0.182 0.182 0.179 0.179 0.176 0.176 0.178 0.178 0.178 0.157 0.157 0.166 0.166 0.157 0.157 0.1805 0.1805 0.1805 0.1625 0.1625 0.18 0.18 0.1455 0.1455 0.1455 0.15 0.15 0.13 0.13 0.1295 0.1295 0.1295 0.1325 0.1325 0.1185 0.1185 0.1025 0.1025 0.1025 0.1
0.1655 0.1655 0.1615 0.1615 0.1475 0.1475 0.1475 0.1475 0.1475 0.1475 0.1475 0.145 0.145 0.154 0.154 0.157 0.157 0.157 0.158 0.158 0.1415 0.1415 0.1485 0.1485 0.1485 0.1585 0.1585 0.1645 0.1645 0.167 0.167 0.167 0.1835 0.1835 0.1855 0.1855 0.182 0.182 0.182 0.179 0.179 0.176 0.176 0.178 0.178 0.178 0.157 0.157 0.166 0.166 0.157 0.157 0.1805 0.1805 0.1805 0.1625 0.1625 0.18 0.18 0.1455 0.1455 0.1455 0.15 0.15 0.13 0.13 0.1295 0.1295 0.1295 0.1325 0.1325 0.1185 0.1185 0.1025 0.1025 0.1025 0.1
0.166 0.166 0.1675 0.1675 0.1575 0.1575 0.153 0.153 0.153 0.148 0.148 0.1455 0.1455 0.1465 0.1465 0.1565 0.1565 0.1565 0.1565 0.1565 0.1585 0.1585 0.1555 0.1555 0.1555 0.159 0.159 0.1655 0.1655 0.1815 0.1815 0.1815 0.2125 0.2125 0.2155 0.2155 0.1805 0.1805 0.1805 0.156 0.156 0.1645 0.1645 0.1705 0.1705 0.1705 0.1655 0.1655 0.1855 0.1855 0.178 0.178 0.1715 0.1715 0.1715 0.161 0.161 0.165 0.165 0.161 0.161 0.161 0.1535 0.1535 0.1395 0.1395 0.135 0.135 0.135 0.1385 0.1385 0.1435 0.1435 0.1185 0.1185 0.1185 0.1185
0.166 0.166 0.1675 0.1675 0.1575 0.1575 0.153 0.153 0.153 0.148 0.148 0.1455 0.1455 0.1465 0.1465 0.1565 0.1565 0.1565 0.1565 0.1565 0.1585 0.1585 0.1555 0.1555 0.1555 0.159 0.159 0.1655 0.1655 0.1815 0.1815 0.1815 0.2125 0.2125 0.2155 0.2155 0.1805 0.1805 0.1805 0.156 0.156 0.1645 0.1645 0.1705 0.1705 0.1705 0.1655 0.1655 0.1855 0.1855 0.178 0.178 0.1715 0.1715 0.1715 0.161 0.161 0.165 0.165 0.161 0.161 0.161 0.1535 0.1535 0.1395 0.1395 0.135 0.135 0.135 0.1385 0.1385 0.1435 0.1435 0.1185 0.1185 0.1185 0.1185
0.184 0.184 0.163 0.163 0.1675 0.1675 0.153 0.153 0.153 0.1525 0.1525 0.1435 0.1435 0.155 0.155 0.1715 0.1715 0.1715 0.174 0.174 0.1835 0.1835 0.182 0.182 0.182 0.1795 0.1795 0.195 0.195 0.197 0.197 0.197 0.2265 0.2265 0.227 0.227 0.1745 0.1745 0.1745 0.16 0.16 0.153 0.153 0.1695 0.1695 0.1695 0.1755 0.1755 0.1715 0.1715 0.1705 0.1705 0.1685 0.1685 0.1685 0.1555 0.1555 0.1635 0.1635 0.1505 0.1505 0.1505 0.1675 0.1675 0.153 0.153 0.1485 0.1485 0.1485 0.1555 0.1555 0.155 0.155 0.1285 0.1285 0.1285 0.1195
0.184 0.184 0.163 0.163 0.1675 0.1675 0.153 0.153 0.153 0.1525 0.1525 0.1435 0.1435 0.155 0.155 0.1715 0.1715 0.1715 0.174 0.174 0.1835 0.1835 0.182 0.182 0.182 0.1795 0.1795 0.195 0.195 0.197 0.197 0.197 0.2265 0.2265 0.227 0.227 0.1745 0.1745 0.1745 0.16 0.16 0.153 0.153 0.1695 0.1695 0.1695 0.1755 0.1755 0.1715 0.1715 0.1705 0.1705 0.1685 0.1685 0.1685 0.1555 0.1555 0.1635 0.1635 0.1505 0.1505 0.1505 0.1675 0.1675 0.153 0.153 0.1485 0.1485 0.1485 0.1555 0.1555 0.155 0.155 0.1285 0.1285 0.1285 0.1195
0.184 0.184 0.163 0.163 0.1675 0.1675 0.153 0.153 0.153 0.1525 0.1525 0.1435 0.1435 0.155 0.155 0.1715 0.1715 0.1715 0.174 0.174 0.1835 0.1835 0.182 0.182 0.182 0.1795 0.1795 0.195 0.195 0.197 0.197 0.197 0.2265 0.2265 0.227 0.227 0.1745 0.1745 0.1745 0.16 0.16 0.153 0.153 0.1695 0.1695 0.1695 0.1755 0.1755 0.1715 0.1715 0.1705 0.1705 0.1685 0.1685 0.1685 0.1555 0.1555 0.1635 0.1635 0.1505 0.1505 0.1505 0.1675 0.1675 0.153 0.153 0.1485 0.1485 0.1485 0.1555 0.1555 0.155 0.155 0.1285 0.1285 0.1285 0.1195
0.1785 0.1785 0.176 0.176 0.179 0.179 0.181 0.181 0.181 0.187 0.187 0.1895 0.1895 0.1885 0.1885 0.193 0.193 0.193 0.195 0.195 0.195 0.195 0.199 0.199 0.199 0.1945 0.1945 0.1975 0.1975 0.1915 0.1915 0.1915 0.185 0.185 0.2005 0.2005 0.1965 0.1965 0.1965 0.145 0.145 0.1395 0.1395 0.1515 0.1515 0.1515 0.1615 0.1615 0.141 0.141 0.17 0.17 0.17 0.17 0.17 0.1705 0.1705 0.1625 0.1625 0.1625 0.1625 0.1625 0.177 0.177 0.175 0.175 0.1605 0.1605 0.1605 0.178 0.178 0.1835 0.1835 0.1535 0.1535 0.1535 0.1075
0.1785 0.1785 0.176 0.176 0.179 0.179 0.181 0.181 0.181 0.187 0.187 0.1895 0.1895 0.1885 0.1885 0.193 0.193 0.193 0.195 0.195 0.195 0.195 0.199 0.199 0.199 0.1945 0.1945 0.1975 0.1975 0.1915 0.1915 0.1915 0.185 0.185 0.2005 0.2005 0.1965 0.1965 0.1965 0.145 0.145 0.1395 0.1395 0.1515 0.1515 0.1515 0.1615 0.1615 0.141 0.141 0.17 0.17 0.17 0.17 0.17 0.1705 0.1705 0.1625 0.1625 0.1625 0.1625 0.1625 0.177 0.177 0.175 0.175 0.1605 0.1605 0.1605 0.178 0.178 0.1835 0.1835 0.1535 0.1535 0.1535 0.1075
0.1815 0.1815 0.1805 0.1805 0.1865 0.1865 0.184 0.184 0.184 0.196 0.196 0.2 0.2 0.1975 0.1975 0.201 0.201 0.201 0.2015 0.2015 0.1995 0.1995 0.1905 0.1905 0.1905 0.1895 0.1895 0.1845 0.1845 0.192 0.192 0.192 0.166 0.166 0.2015 0.2015 0.18 0.18 0.18 0.1815 0.1815 0.149 0.149 0.143 0.143 0.143 0.14 0.14 0.142 0.142 0.1745 0.1745 0.178 0.178 0.178 0.191 0.191 0.1955 0.1955 0.197 0.197 0.197 0.2065 0.2065 0.2045 0.2045 0.179 0.179 0.179 0.1715 0.1715 0.1755 0.1755 0.1645 0.1645 0.1645 0.1035
0.1815 0.1815 0.1805 0.1805 0.1865 0.1865 0.184 0.184 0.184 0.196 0.196 0.2 0.2 0.1975 0.1975 0.201 0.201 0.201 0.2015 0.2015 0.1995 0.1995 0.1905 0.1905 0.1905 0.1895 0.1895 0.1845 0.1845 0.192 0.192 0.192 0.166 0.166 0.2015 0.2015 0.18 0.18 0.18 0.1815 0.1815 0.149 0.149 0.143 0.143 0.143 0.14 0.14 0.142 0.142 0.1745 0.1745 0.178 0.178 0.178 0.191 0.191 0.1955 0.1955 0.197 0.197 0.197 0.2065 0.2065 0.2045 0.2045 0.179 0.179 0.179 0.1715 0.1715 0.1755 0.1755 0.1645 0.1645 0.1645 0.1035
0.215 0.215 0.2085 0.2085 0.205 0.205 0.204 0.204 0.204 0.2045 0.2045 0.2025 0.2025 0.2025 0.2025 0.209 0.209 0.209 0.203 0.203 0.197 0.197 0.189 0.189 0.189 0.183 0.183 0.182 0.182 0.1675 0.1675 0.1675 0.1585 0.1585 0.1745 0.1745 0.1745 0.1745 0.1745 0.1795 0.1795 0.1345 0.1345 0.1375 0.1375 0.1375 0.14 0.14 0.1405 0.1405 0.1725 0.1725 0.1835 0.1835 0.1835 0.2055 0.2055 0.2025 0.2025 0.2155 0.2155 0.2155 0.2075 0.2075 0.2095 0.2095 0.1855 0.1855 0.1855 0.1715 0.1715 0.163 0.163 0.1585 0.1585 0.1585 0.1095
0.215 0.215 0.2085 0.2085 0.205 0.205 0.204 0.204 0.204 0.2045 0.2045 0.2025 0.2025 0.2025 0.2025 0.209 0.209 0.209 0.203 0.203 0.197 0.197 0.189 0.189 0.189 0.183 0.183 0.182 0.182 0.1675 0.1675 0.1675 0.1585 0.1585 0.1745 0.1745 0.1745 0.1745 0.1745 0.1795 0.1795 0.1345 0.1345 0.1375 0.1375 0.1375 0.14 0.14 0.1405 0.1405 0.1725 0.1725 0.1835 0.1835 0.1835 0.2055 0.2055 0.2025 0.2025 0.2155 0.2155 0.2155 0.2075 0.2075 0.2095 0.2095 0.1855 0.1855 0.1855 0.1715 0.1715 0.163 0.163 0.1585 0.1585 0.1585 0.1095
0.224 0.224 0.2155 0.2155 0.2105 0.2105 0.2005 0.2005 0.2005 0.211 0.211 0.201 0.201 0.2065 0.2065 0.21 0.21 0.21 0.204 0.204 0.197 0.197 0.1925 0.1925 0.1925 0.1845 0.1845 0.1855 0.1855 0.1825 0.1825 0.1825 0.175 0.175 0.179 0.179 0.16 0.16 0.16 0.1695 0.1695 0.16 0.16 0.173 0.173 0.173 0.1405 0.1405 0.1315 0.1315 0.1525 0.1525 0.172 0.172 0.172 0.1965 0.1965 0.1955 0.1955 0.2105 0.2105 0.2105 0.2285 0.2285 0.2075 0.2075 0.1905 0.1905 0.1905 0.1685 0.1685 0.161 0.161 0.1395 0.1395 0.1395 0.1045
0.224 0.224 0.2155 0.2155 0.2105 0.2105 0.2005 0.2005 0.2005 0.211 0.211 0.201 0.201 0.2065 0.2065 0.21 0.21 0.21 0.204 0.204 0.197 0.197 0.1925 0.1925 0.1925 0.1845 0.1845 0.1855 0.1855 0.1825 0.1825 0.1825 0.175 0.175 0.179 0.179 0.16 0.16 0.16 0.1695 0.1695 0.16 0.16 0.173 0.173 0.173 0.1405 0.1405 0.1315 0.1315 0.1525 0.1525 0.172 0.172 0.172 0.1965 0.1965 0.1955 0.1955 0.2105 0.2105 0.2105 0.2285 0.2285 0.2075 0.2075 0.1905 0.1905 0.1905 0.1685 0.1685 0.161 0.161 0.1395 0.1395 0.1395 0.1045
0.224 0.224 0.2155 0.2155 0.2105 0.2105 0.2005 0.2005 0.2005 0.211 0.211 0.201 0.201 0.2065 0.2065 0.21 0.21 0.21 0.204 0.204 0.197 0.197 0.1925 0.1925 0.1925 0.1845 0.1845 0.1855 0.1855 0.1825 0.1825 0.1825 0.175 0.175 0.179 0.179 0.16 0.16 0.16 0.1695 0.1695 0.16 0.16 0.173 0.173 0.173 0.1405 0.1405 0.1315 0.1315 0.1525 0.1525 0.172 0.172 0.172 0.1965 0.1965 0.1955 0.1955 0.2105 0.2105 0.2105 0.2285 0.2285 0.2075 0.2075 0.1905 0.1905 0.1905 0.1685 0.1685 0.161 0.161 0.1395 0.1395 0.1395 0.1045
0.208 0.208 0.195 0.195 0.2065 0.2065 0.211 0.211 0.211 0.212 0.212 0.194 0.194 0.1985 0.1985 0.1995 0.1995 0.1995 0.1625 0.1625 0.192 0.192 0.202 0.202 0.202 0.193 0.193 0.2 0.2 0.205 0.205 0.205 0.2045 0.2045 0.1985 0.1985 0.1805 0.1805 0.1805 0.1615 0.1615 0.1475 0.1475 0.1695 0.1695 0.1695 0.166 0.166 0.118 0.118 0.118 0.118 0.1135 0.1135 0.1135 0.1195 0.1195 0.1755 0.1755 0.2035 0.2035 0.2035 0.2105 0.2105 0.207 0.207 0.189 0.189 0.189 0.194 0.194 0.1915 0.1915 0.141 0.141 0.141 0.1205
0.208 0.208 0.195 0.195 0.2065 0.2065 0.211 0.211 0.211 0.212 0.212 0.194 0.194 0.1985 0.1985 0.1995 0.1995 0.1995 0.1625 0.1625 0.192 0.192 0.202 0.202 0.202 0.193 0.193 0.2 0.2 0.205 0.205 0.205 0.2045 0.2045 0.1985 0.1985 0.1805 0.1805 0.1805 0.1615 0.1615 0.1475 0.1475 0.1695 0.1695 0.1695 0.166 0.166 0.118 0.118 0.118 0.118 0.1135 0.1135 0.1135 0.1195 0.1195 0.1755 0.1755 0.2035 0.2035 0.2035 0.2105 0.2105 0.207 0.207 0.189 0.189 0.189 0.194 0.194 0.1915 0.1915 0.141 0.141 0.141 0.1205
0.226 0.226 0.2275 0.2275 0.242 0.242 0.251 0.251 0.251 0.231 0.231 0.224 0.224 0.2 0.2 0.1785 0.1785 0.1785 0.153 0.153 0.1725 0.1725 0.19 0.19 0.19 0.2095 0.2095 0.2005 0.2005 0.198 0.198 0.198 0.206 0.206 0.206 0.206 0.1925 0.1925 0.1925 0.1825 0.1825 0.143 0.143 0.153 0.153 0.153 0.147 0.147 0.1205 0.1205 0.118 0.118 0.115 0.115 0.115 0.1505 0.1505 0.165 0.165 0.2035 0.2035 0.2035 0.2085 0.2085 0.198 0.198 0.199 0.199 0.199 0.1835 0.1835 0.172 0.172 0.149 0.149 0.149 0.117
0.226 0.226 0.2275 0.2275 0.242 0.242 0.251 0.251 0.251 0.231 0.231 0.224 0.224 0.2 0.2 0.1785 0.1785 0.1785 0.153 0.153 0.1725 0.1725 0.19 0.19 0.19 0.2095 0.2095 0.2005 0.2005 0.198 0.198 0.198 0.206 0.206 0.206 0.206 0.1925 0.1925 0.1925 0.1825 0.1825 0.143 0.143 0.153 0.153 0.153 0.147 0.147 0.1205 0.1205 0.118 0.118 0.115 0.115 0.115 0.1505 0.1505 0.165 0.165 0.2035 0.2035 0.2035 0.2085 0.2085 0.198 0.198 0.199 0.199 0.199 0.1835 0.1835 0.172 0.172 0.149 0.149 0.149 0.117
0.215 0.215 0.2145 0.2145 0.2195 0.2195 0.275 0.275 0.275 0.273 0.273 0.233 0.233 0.214 0.214 0.222 0.222 0.222 0.2045 0.2045 0.2135 0.2135 0.1955 0.1955 0.1955 0.1895 0.1895 0.2155 0.2155 0.1955 0.1955 0.1955 0.2045 0.2045 0.206 0.206 0.1995 0.1995 0.1995 0.191 0.191 0.165 0.165 0.1265 0.1265 0.1265 0.1275 0.1275 0.121 0.121 0.1265 0.1265 0.1585 0.1585 0.1585 0.157 0.157 0.175 0.175 0.2135 0.2135 0.2135 0.2005 0.2005 0.206 0.206 0.1975 0.1975 0.1975 0.1865 0.1865 0.1815 0.1815 0.153 0.153 0.153 0.1315
0.215 0.215 0.2145 0.2145 0.2195 0.2195 0.275 0.275 0.275 0.273 0.273 0.233 0.233 0.214 0.214 0.222 0.222 0.222 0.2045 0.2045 0.2135 0.2135 0.1955 0.1955 0.1955 0.1895 0.1895 0.2155 0.2155 0.1955 0.1955 0.1955 0.2045 0.2045 0.206 0.206 0.1995 0.1995 0.1995 0.191 0.191 0.165 0.165 0.1265 0.1265 0.1265 0.1275 0.1275 0.121 0.121 0.1265 0.1265 0.1585 0.1585 0.1585 0.157 0.157 0.175 0.175 0.2135 0.2135 0.2135 0.2005 0.2005 0.206 0.206 0.1975 0.1975 0.1975 0.1865 0.1865 0.1815 0.1815 0.153 0.153 0.153 0.1315
0.215 0.215 0.2145 0.2145 0.2195 0.2195 0.275 0.275 0.275 0.273 0.273 0.233 0.233 0.214 0.214 0.222 0.222 0.222 0.2045 0.2045 0.2135 0.2135 0.1955 0.1955 0.1955 0.1895 0.1895 0.2155 0.2155 0.1955 0.1955 0.1955 0.2045 0.2045 0.206 0.206 0.1995 0.1995 0.1995 0.191 0.191 0.165 0.165 0.1265 0.1265 0.1265 0.1275 0.1275 0.121 0.121 0.1265 0.1265 0.1585 0.1585 0.1585 0.157 0.157 0.175 0.175 0.2135 0.2135 0.2135 0.2005 0.2005 0.206 0.206 0.1975 0.1975 0.1975 0.1865 0.1865 0.1815 0.1815 0.153 0.153 0.153 0.1315
0.2005 0.2005 0.2065 0.2065 0.192 0.192 0.221 0.221 0.221 0.1945 0.1945 0.211 0.211 0.2015 0.2015 0.209 0.209 0.209 0.195 0.195 0.24 0.24 0.217 0.217 0.217 0.2005 0.2005 0.215 0.215 0.2065 0.2065 0.2065 0.1995 0.1995 0.1925 0.1925 0.1925 0.1925 0.1925 0.1845 0.1845 0.1895 0.1895 0.1795 0.1795 0.1795 0.1355 0.1355 0.1645 0.1645 0.155 0.155 0.1745 0.1745 0.1745 0.1825 0.1825 0.1765 0.1765 0.2 0.2 0.2 0.2045 0.2045 0.2065 0.2065 0.198 0.198 0.198 0.1925 0.1925 0.1895 0.1895 0.1675 0.1675 0.1675 0.1165
