ndvi/NOAA-278.asc
ncols         252
nrows         154
xllcorner     -18.017974
yllcorner     13.481982
cellsize      0.035948
NODATA_value  -9999
[rows 68 to 101 of 154, columns 77 to 153 of 252]
0.1845 0.1845 0.1715 0.1715 0.2075 0.2075 0.206 0.206 0.206 0.2005 0.2005 0.209 0.209 0.2105 0.2105 0.1855 0.1855 0.1855 0.2 0.2 0.181 0.181 0.1995 0.1995 0.1995 0.1935 0.1935 0.2125 0.2125 0.21 0.21 0.21 0.2045 0.2045 0.1835 0.1835 0.188 0.188 0.188 0.1905 0.1905 0.2025 0.2025 0.1785 0.1785 0.1785 0.149 0.149 0.1795 0.1795 0.1605 0.1605 0.1895 0.1895 0.1895 0.1735 0.1735 0.167 0.167 0.188 0.188 0.188 0.1745 0.1745 0.2045 0.2045 0.211 0.211 0.211 0.1915 0.1915 0.183 0.183 0.1585 0.1585 0.1585 0.113
0.19 0.19 0.2 0.2 0.19 0.19 0.1875 0.1875 0.1875 0.1865 0.1865 0.207 0.207 0.1945 0.1945 0.2065 0.2065 0.2065 0.2025 0.2025 0.2135 0.2135 0.192 0.192 0.192 0.2155 0.2155 0.232 0.232 0.2245 0.2245 0.2245 0.209 0.209 0.192 0.192 0.1965 0.1965 0.1965 0.219 0.219 0.211 0.211 0.185 0.185 0.185 0.186 0.186 0.1655 0.1655 0.1615 0.1615 0.1595 0.1595 0.1595 0.1725 0.1725 0.1685 0.1685 0.184 0.184 0.184 0.2175 0.2175 0.2095 0.2095 0.2035 0.2035 0.2035 0.177 0.177 0.1955 0.1955 0.1735 0.1735 0.1735 0.13
0.19 0.19 0.2 0.2 0.19 0.19 0.1875 0.1875 0.1875 0.1865 0.1865 0.207 0.207 0.1945 0.1945 0.2065 0.2065 0.2065 0.2025 0.2025 0.2135 0.2135 0.192 0.192 0.192 0.2155 0.2155 0.232 0.232 0.2245 0.2245 0.2245 0.209 0.209 0.192 0.192 0.1965 0.1965 0.1965 0.219 0.219 0.211 0.211 0.185 0.185 0.185 0.186 0.186 0.1655 0.1655 0.1615 0.1615 0.1595 0.1595 0.1595 0.1725 0.1725 0.1685 0.1685 0.184 0.184 0.184 0.2175 0.2175 0.2095 0.2095 0.2035 0.2035 0.2035 0.177 0.177 0.1955 0.1955 0.1735 0.1735 0.1735 0.13
0.208 0.208 0.2075 0.2075 0.193 0.193 0.176 0.176 0.176 0.1835 0.1835 0.1845 0.1845 0.2135 0.2135 0.2055 0.2055 0.2055 0.2115 0.2115 0.2025 0.2025 0.1995 0.1995 0.1995 0.233 0.233 0.22 0.22 0.2145 0.2145 0.2145 0.2055 0.2055 0.2335 0.2335 0.216 0.216 0.216 0.221 0.221 0.216 0.216 0.194 0.194 0.194 0.1825 0.1825 0.162 0.162 0.184 0.184 0.193 0.193 0.193 0.1865 0.1865 0.2035 0.2035 0.202 0.202 0.202 0.199 0.199 0.213 0.213 0.189 0.189 0.189 0.191 0.191 0.1925 0.1925 0.1765 0.1765 0.1765 0.1215
0.208 0.208 0.2075 0.2075 0.193 0.193 0.176 0.176 0.176 0.1835 0.1835 0.1845 0.1845 0.2135 0.2135 0.2055 0.2055 0.2055 0.2115 0.2115 0.2025 0.2025 0.1995 0.1995 0.1995 0.233 0.233 0.22 0.22 0.2145 0.2145 0.2145 0.2055 0.2055 0.2335 0.2335 0.216 0.216 0.216 0.221 0.221 0.216 0.216 0.194 0.194 0.194 0.1825 0.1825 0.162 0.162 0.184 0.184 0.193 0.193 0.193 0.1865 0.1865 0.2035 0.2035 0.202 0.202 0.202 0.199 0.199 0.213 0.213 0.189 0.189 0.189 0.191 0.191 0.1925 0.1925 0.1765 0.1765 0.1765 0.1215
0.208 0.208 0.2075 0.2075 0.193 0.193 0.176 0.176 0.176 0.1835 0.1835 0.1845 0.1845 0.2135 0.2135 0.2055 0.2055 0.2055 0.2115 0.2115 0.2025 0.2025 0.1995 0.1995 0.1995 0.233 0.233 0.22 0.22 0.2145 0.2145 0.2145 0.2055 0.2055 0.2335 0.2335 0.216 0.216 0.216 0.221 0.221 0.216 0.216 0.194 0.194 0.194 0.1825 0.1825 0.162 0.162 0.184 0.184 0.193 0.193 0.193 0.1865 0.1865 0.2035 0.2035 0.202 0.202 0.202 0.199 0.199 0.213 0.213 0.189 0.189 0.189 0.191 0.191 0.1925 0.1925 0.1765 0.1765 0.1765 0.1215
0.225 0.225 0.219 0.219 0.219 0.219 0.2015 0.2015 0.2015 0.212 0.212 0.2095 0.2095 0.197 0.197 0.198 0.198 0.198 0.178 0.178 0.2145 0.2145 0.2105 0.2105 0.2105 0.218 0.218 0.219 0.219 0.223 0.223 0.223 0.239 0.239 0.2195 0.2195 0.2195 0.2195 0.2195 0.24 0.24 0.1975 0.1975 0.18 0.18 0.18 0.2025 0.2025 0.238 0.238 0.229 0.229 0.204 0.204 0.204 0.213 0.213 0.207 0.207 0.209 0.209 0.209 0.2 0.2 0.201 0.201 0.202 0.202 0.202 0.199 0.199 0.189 0.189 0.1352 0.1352 0.1352 0.126
0.225 0.225 0.219 0.219 0.219 0.219 0.2015 0.2015 0.2015 0.212 0.212 0.2095 0.2095 0.197 0.197 0.198 0.198 0.198 0.178 0.178 0.2145 0.2145 0.2105 0.2105 0.2105 0.218 0.218 0.219 0.219 0.223 0.223 0.223 0.239 0.239 0.2195 0.2195 0.2195 0.2195 0.2195 0.24 0.24 0.1975 0.1975 0.18 0.18 0.18 0.2025 0.2025 0.238 0.238 0.229 0.229 0.204 0.204 0.204 0.213 0.213 0.207 0.207 0.209 0.209 0.209 0.2 0.2 0.201 0.201 0.202 0.202 0.202 0.199 0.199 0.189 0.189 0.1352 0.1352 0.1352 0.126
0.2105 0.2105 0.232 0.232 0.2125 0.2125 0.192 0.192 0.192 0.2175 0.2175 0.211 0.211 0.218 0.218 0.1945 0.1945 0.1945 0.1905 0.1905 0.2055 0.2055 0.2125 0.2125 0.2125 0.2195 0.2195 0.2205 0.2205 0.227 0.227 0.227 0.2365 0.2365 0.234 0.234 0.2215 0.2215 0.2215 0.2075 0.2075 0.1815 0.1815 0.2055 0.2055 0.2055 0.1965 0.1965 0.204 0.204 0.244 0.244 0.205 0.205 0.205 0.195 0.195 0.188 0.188 0.1935 0.1935 0.1935 0.187 0.187 0.194 0.194 0.205 0.205 0.205 0.1861 0.1861 0.1339 0.1339 0.1236 0.1236 0.1236 0.117
0.2105 0.2105 0.232 0.232 0.2125 0.2125 0.192 0.192 0.192 0.2175 0.2175 0.211 0.211 0.218 0.218 0.1945 0.1945 0.1945 0.1905 0.1905 0.2055 0.2055 0.2125 0.2125 0.2125 0.2195 0.2195 0.2205 0.2205 0.227 0.227 0.227 0.2365 0.2365 0.234 0.234 0.2215 0.2215 0.2215 0.2075 0.2075 0.1815 0.1815 0.2055 0.2055 0.2055 0.1965 0.1965 0.204 0.204 0.244 0.244 0.205 0.205 0.205 0.195 0.195 0.188 0.188 0.1935 0.1935 0.1935 0.187 0.187 0.194 0.194 0.205 0.205 0.205 0.1861 0.1861 0.1339 0.1339 0.1236 0.1236 0.1236 0.117
0.219 0.219 0.2135 0.2135 0.2 0.2 0.197 0.197 0.197 0.209 0.209 0.203 0.203 0.203 0.203 0.191 0.191 0.191 0.2005 0.2005 0.205 0.205 0.212 0.212 0.212 0.2215 0.2215 0.226 0.226 0.2255 0.2255 0.2255 0.2345 0.2345 0.237 0.237 0.2505 0.2505 0.2505 0.2105 0.2105 0.1915 0.1915 0.1915 0.1915 0.1915 0.1865 0.1865 0.2355 0.2355 0.2275 0.2275 0.1965 0.1965 0.1965 0.185 0.185 0.176 0.176 0.169 0.169 0.169 0.172 0.172 0.158 0.158 0.1845 0.1845 0.1845 0.1936 0.1936 0.1945 0.1945 0.1495 0.1495 0.1495 0.1205
0.219 0.219 0.2135 0.2135 0.2 0.2 0.197 0.197 0.197 0.209 0.209 0.203 0.203 0.203 0.203 0.191 0.191 0.191 0.2005 0.2005 0.205 0.205 0.212 0.212 0.212 0.2215 0.2215 0.226 0.226 0.2255 0.2255 0.2255 0.2345 0.2345 0.237 0.237 0.2505 0.2505 0.2505 0.2105 0.2105 0.1915 0.1915 0.1915 0.1915 0.1915 0.1865 0.1865 0.2355 0.2355 0.2275 0.2275 0.1965 0.1965 0.1965 0.185 0.185 0.176 0.176 0.169 0.169 0.169 0.172 0.172 0.158 0.158 0.1845 0.1845 0.1845 0.1936 0.1936 0.1945 0.1945 0.1495 0.1495 0.1495 0.1205
0.2145 0.2145 0.2205 0.2205 0.202 0.202 0.1895 0.1895 0.1895 0.202 0.202 0.1995 0.1995 0.1905 0.1905 0.206 0.206 0.206 0.2055 0.2055 0.2115 0.2115 0.2065 0.2065 0.2065 0.223 0.223 0.2215 0.2215 0.2245 0.2245 0.2245 0.2105 0.2105 0.2395 0.2395 0.2295 0.2295 0.2295 0.237 0.237 0.199 0.199 0.2065 0.2065 0.2065 0.214 0.214 0.1905 0.1905 0.2215 0.2215 0.1885 0.1885 0.1885 0.173 0.173 0.173 0.173 0.18 0.18 0.18 0.182 0.182 0.136 0.136 0.1235 0.1235 0.1235 0.13 0.13 0.16 0.16 0.128 0.128 0.128 0.1107
0.2145 0.2145 0.2205 0.2205 0.202 0.202 0.1895 0.1895 0.1895 0.202 0.202 0.1995 0.1995 0.1905 0.1905 0.206 0.206 0.206 0.2055 0.2055 0.2115 0.2115 0.2065 0.2065 0.2065 0.223 0.223 0.2215 0.2215 0.2245 0.2245 0.2245 0.2105 0.2105 0.2395 0.2395 0.2295 0.2295 0.2295 0.237 0.237 0.199 0.199 0.2065 0.2065 0.2065 0.214 0.214 0.1905 0.1905 0.2215 0.2215 0.1885 0.1885 0.1885 0.173 0.173 0.173 0.173 0.18 0.18 0.18 0.182 0.182 0.136 0.136 0.1235 0.1235 0.1235 0.13 0.13 0.16 0.16 0.128 0.128 0.128 0.1107
0.2145 0.2145 0.2205 0.2205 0.202 0.202 0.1895 0.1895 0.1895 0.202 0.202 0.1995 0.1995 0.1905 0.1905 0.206 0.206 0.206 0.2055 0.2055 0.2115 0.2115 0.2065 0.2065 0.2065 0.223 0.223 0.2215 0.2215 0.2245 0.2245 0.2245 0.2105 0.2105 0.2395 0.2395 0.2295 0.2295 0.2295 0.237 0.237 0.199 0.199 0.2065 0.2065 0.2065 0.214 0.214 0.1905 0.1905 0.2215 0.2215 0.1885 0.1885 0.1885 0.173 0.173 0.173 0.173 0.18 0.18 0.18 0.182 0.182 0.136 0.136 0.1235 0.1235 0.1235 0.13 0.13 0.16 0.16 0.128 0.128 0.128 0.1107
0.2225 0.2225 0.2175 0.2175 0.196 0.196 0.1895 0.1895 0.1895 0.2055 0.2055 0.2325 0.2325 0.2295 0.2295 0.2145 0.2145 0.2145 0.2215 0.2215 0.212 0.212 0.2295 0.2295 0.2295 0.2125 0.2125 0.2145 0.2145 0.223 0.223 0.223 0.219 0.219 0.2145 0.2145 0.227 0.227 0.227 0.2165 0.2165 0.2215 0.2215 0.2145 0.2145 0.2145 0.2215 0.2215 0.1875 0.1875 0.2245 0.2245 0.201 0.201 0.201 0.1915 0.1915 0.171 0.171 0.1705 0.1705 0.1705 0.1665 0.1665 0.1551 0.1551 0.15 0.15 0.15 0.1415 0.1415 0.1475 0.1475 0.128 0.128 0.128 0.116
0.2225 0.2225 0.2175 0.2175 0.196 0.196 0.1895 0.1895 0.1895 0.2055 0.2055 0.2325 0.2325 0.2295 0.2295 0.2145 0.2145 0.2145 0.2215 0.2215 0.212 0.212 0.2295 0.2295 0.2295 0.2125 0.2125 0.2145 0.2145 0.223 0.223 0.223 0.219 0.219 0.2145 0.2145 0.227 0.227 0.227 0.2165 0.2165 0.2215 0.2215 0.2145 0.2145 0.2145 0.2215 0.2215 0.1875 0.1875 0.2245 0.2245 0.201 0.201 0.201 0.1915 0.1915 0.171 0.171 0.1705 0.1705 0.1705 0.1665 0.1665 0.1551 0.1551 0.15 0.15 0.15 0.1415 0.1415 0.1475 0.1475 0.128 0.128 0.128 0.116
0.23 0.23 0.233 0.233 0.219 0.219 0.244 0.244 0.244 0.257 0.257 0.2615 0.2615 0.269 0.269 0.256 0.256 0.256 0.237 0.237 0.241 0.241 0.213 0.213 0.213 0.221 0.221 0.2165 0.2165 0.2215 0.2215 0.2215 0.224 0.224 0.243 0.243 0.2155 0.2155 0.2155 0.218 0.218 0.2085 0.2085 0.198 0.198 0.198 0.2105 0.2105 0.2295 0.2295 0.197 0.197 0.2125 0.2125 0.2125 0.196 0.196 0.1975 0.1975 0.192 0.192 0.192 0.205 0.205 0.1815 0.1815 0.1495 0.1495 0.1495 0.144 0.144 0.143 0.143 0.1345 0.1345 0.1345 0.124
0.23 0.23 0.233 0.233 0.219 0.219 0.244 0.244 0.244 0.257 0.257 0.2615 0.2615 0.269 0.269 0.256 0.256 0.256 0.237 0.237 0.241 0.241 0.213 0.213 0.213 0.221 0.221 0.2165 0.2165 0.2215 0.2215 0.2215 0.224 0.224 0.243 0.243 0.2155 0.2155 0.2155 0.218 0.218 0.2085 0.2085 0.198 0.198 0.198 0.2105 0.2105 0.2295 0.2295 0.197 0.197 0.2125 0.2125 0.2125 0.196 0.196 0.1975 0.1975 0.192 0.192 0.192 0.205 0.205 0.1815 0.1815 0.1495 0.1495 0.1495 0.144 0.144 0.143 0.143 0.1345 0.1345 0.1345 0.124
0.277 0.277 0.24 0.24 0.251 0.251 0.251 0.251 0.251 0.253 0.253 0.255 0.255 0.244 0.244 0.2325 0.2325 0.2325 0.2295 0.2295 0.231 0.231 0.229 0.229 0.229 0.2245 0.2245 0.2195 0.2195 0.2125 0.2125 0.2125 0.207 0.207 0.233 0.233 0.2125 0.2125 0.2125 0.2265 0.2265 0.2265 0.2265 0.2375 0.2375 0.2375 0.234 0.234 0.236 0.236 0.185 0.185 0.2135 0.2135 0.2135 0.1955 0.1955 0.1945 0.1945 0.197 0.197 0.197 0.1945 0.1945 0.183 0.183 0.145 0.145 0.145 0.161 0.161 0.1505 0.1505 0.134 0.134 0.134 0.148
0.277 0.277 0.24 0.24 0.251 0.251 0.251 0.251 0.251 0.253 0.253 0.255 0.255 0.244 0.244 0.2325 0.2325 0.2325 0.2295 0.2295 0.231 0.231 0.229 0.229 0.229 0.2245 0.2245 0.2195 0.2195 0.2125 0.2125 0.2125 0.207 0.207 0.233 0.233 0.2125 0.2125 0.2125 0.2265 0.2265 0.2265 0.2265 0.2375 0.2375 0.2375 0.234 0.234 0.236 0.236 0.185 0.185 0.2135 0.2135 0.2135 0.1955 0.1955 0.1945 0.1945 0.197 0.197 0.197 0.1945 0.1945 0.183 0.183 0.145 0.145 0.145 0.161 0.161 0.1505 0.1505 0.134 0.134 0.134 0.148
0.277 0.277 0.24 0.24 0.251 0.251 0.251 0.251 0.251 0.253 0.253 0.255 0.255 0.244 0.244 0.2325 0.2325 0.2325 0.2295 0.2295 0.231 0.231 0.229 0.229 0.229 0.2245 0.2245 0.2195 0.2195 0.2125 0.2125 0.2125 0.207 0.207 0.233 0.233 0.2125 0.2125 0.2125 0.2265 0.2265 0.2265 0.2265 0.2375 0.2375 0.2375 0.234 0.234 0.236 0.236 0.185 0.185 0.2135 0.2135 0.2135 0.1955 0.1955 0.1945 0.1945 0.197 0.197 0.197 0.1945 0.1945 0.183 0.183 0.145 0.145 0.145 0.161 0.161 0.1505 0.1505 0.134 0.134 0.134 0.148
0.263 0.263 0.2555 0.2555 0.247 0.247 0.2655 0.2655 0.2655 0.2385 0.2385 0.2555 0.2555 0.2275 0.2275 0.2255 0.2255 0.2255 0.218 0.218 0.228 0.228 0.2235 0.2235 0.2235 0.233 0.233 0.224 0.224 0.199 0.199 0.199 0.212 0.212 0.231 0.231 0.2115 0.2115 0.2115 0.2145 0.2145 0.231 0.231 0.2335 0.2335 0.2335 0.233 0.233 0.247 0.247 0.202 0.202 0.1865 0.1865 0.1865 0.212 0.212 0.1965 0.1965 0.1915 0.1915 0.1915 0.2015 0.2015 0.1855 0.1855 0.1915 0.1915 0.1915 0.191 0.191 0.1455 0.1455 0.147 0.147 0.147 0.1405
0.263 0.263 0.2555 0.2555 0.247 0.247 0.2655 0.2655 0.2655 0.2385 0.2385 0.2555 0.2555 0.2275 0.2275 0.2255 0.2255 0.2255 0.218 0.218 0.228 0.228 0.2235 0.2235 0.2235 0.233 0.233 0.224 0.224 0.199 0.199 0.199 0.212 0.212 0.231 0.231 0.2115 0.2115 0.2115 0.2145 0.2145 0.231 0.231 0.2335 0.2335 0.2335 0.233 0.233 0.247 0.247 0.202 0.202 0.1865 0.1865 0.1865 0.212 0.212 0.1965 0.1965 0.1915 0.1915 0.1915 0.2015 0.2015 0.1855 0.1855 0.1915 0.1915 0.1915 0.191 0.191 0.1455 0.1455 0.147 0.147 0.147 0.1405
0.267 0.267 0.2435 0.2435 0.273 0.273 0.2455 0.2455 0.2455 0.231 0.231 0.2285 0.2285 0.2425 0.2425 0.225 0.225 0.225 0.2115 0.2115 0.2315 0.2315 0.224 0.224 0.224 0.2335 0.2335 0.223 0.223 0.2205 0.2205 0.2205 0.2305 0.2305 0.226 0.226 0.213 0.213 0.213 0.213 0.213 0.2275 0.2275 0.2265 0.2265 0.2265 0.238 0.238 0.2545 0.2545 0.202 0.202 0.224 0.224 0.224 0.2075 0.2075 0.211 0.211 0.1995 0.1995 0.1995 0.199 0.199 0.192 0.192 0.204 0.204 0.204 0.212 0.212 0.193 0.193 0.1825 0.1825 0.1825 0.138
0.267 0.267 0.2435 0.2435 0.273 0.273 0.2455 0.2455 0.2455 0.231 0.231 0.2285 0.2285 0.2425 0.2425 0.225 0.225 0.225 0.2115 0.2115 0.2315 0.2315 0.224 0.224 0.224 0.2335 0.2335 0.223 0.223 0.2205 0.2205 0.2205 0.2305 0.2305 0.226 0.226 0.213 0.213 0.213 0.213 0.213 0.2275 0.2275 0.2265 0.2265 0.2265 0.238 0.238 0.2545 0.2545 0.202 0.202 0.224 0.224 0.224 0.2075 0.2075 0.211 0.211 0.1995 0.1995 0.1995 0.199 0.199 0.192 0.192 0.204 0.204 0.204 0.212 0.212 0.193 0.193 0.1825 0.1825 0.1825 0.138
0.2575 0.2575 0.2655 0.2655 0.24 0.24 0.241 0.241 0.241 0.2355 0.2355 0.2565 0.2565 0.248 0.248 0.226 0.226 0.226 0.2315 0.2315 0.231 0.231 0.2385 0.2385 0.2385 0.227 0.227 0.2185 0.2185 0.2225 0.2225 0.2225 0.2515 0.2515 0.2635 0.2635 0.237 0.237 0.237 0.2435 0.2435 0.24 0.24 0.241 0.241 0.241 0.2525 0.2525 0.2535 0.2535 0.207 0.207 0.1955 0.1955 0.1955 0.215 0.215 0.2265 0.2265 0.173 0.173 0.173 0.239 0.239 0.261 0.261 0.225 0.225 0.225 0.183 0.183 0.185 0.185 0.169 0.169 0.169 0.1805
0.2575 0.2575 0.2655 0.2655 0.24 0.24 0.241 0.241 0.241 0.2355 0.2355 0.2565 0.2565 0.248 0.248 0.226 0.226 0.226 0.2315 0.2315 0.231 0.231 0.2385 0.2385 0.2385 0.227 0.227 0.2185 0.2185 0.2225 0.2225 0.2225 0.2515 0.2515 0.2635 0.2635 0.237 0.237 0.237 0.2435 0.2435 0.24 0.24 0.241 0.241 0.241 0.2525 0.2525 0.2535 0.2535 0.207 0.207 0.1955 0.1955 0.1955 0.215 0.215 0.2265 0.2265 0.173 0.173 0.173 0.239 0.239 0.261 0.261 0.225 0.225 0.225 0.183 0.183 0.185 0.185 0.169 0.169 0.169 0.1805
0.2575 0.2575 0.2655 0.2655 0.24 0.24 0.241 0.241 0.241 0.2355 0.2355 0.2565 0.2565 0.248 0.248 0.226 0.226 0.226 0.2315 0.2315 0.231 0.231 0.2385 0.2385 0.2385 0.227 0.227 0.2185 0.2185 0.2225 0.2225 0.2225 0.2515 0.2515 0.2635 0.2635 0.237 0.237 0.237 0.2435 0.2435 0.24 0.24 0.241 0.241 0.241 0.2525 0.2525 0.2535 0.2535 0.207 0.207 0.1955 0.1955 0.1955 0.215 0.215 0.2265 0.2265 0.173 0.173 0.173 0.239 0.239 0.261 0.261 0.225 0.225 0.225 0.183 0.183 0.185 0.185 0.169 0.169 0.169 0.1805
0.2495 0.2495 0.2545 0.2545 0.228 0.228 0.2425 0.2425 0.2425 0.2425 0.2425 0.256 0.256 0.2465 0.2465 0.23 0.23 0.23 0.232 0.232 0.2295 0.2295 0.2085 0.2085 0.2085 0.238 0.238 0.218 0.218 0.227 0.227 0.227 0.241 0.241 0.262 0.262 0.276 0.276 0.276 0.2525 0.2525 0.233 0.233 0.252 0.252 0.252 0.242 0.242 0.2165 0.2165 0.217 0.217 0.2325 0.2325 0.2325 0.2145 0.2145 0.2105 0.2105 0.212 0.212 0.212 0.221 0.221 0.203 0.203 0.217 0.217 0.217 0.2095 0.2095 0.187 0.187 0.151 0.151 0.151 0.161
0.2495 0.2495 0.2545 0.2545 0.228 0.228 0.2425 0.2425 0.2425 0.2425 0.2425 0.256 0.256 0.2465 0.2465 0.23 0.23 0.23 0.232 0.232 0.2295 0.2295 0.2085 0.2085 0.2085 0.238 0.238 0.218 0.218 0.227 0.227 0.227 0.241 0.241 0.262 0.262 0.276 0.276 0.276 0.2525 0.2525 0.233 0.233 0.252 0.252 0.252 0.242 0.242 0.2165 0.2165 0.217 0.217 0.2325 0.2325 0.2325 0.2145 0.2145 0.2105 0.2105 0.212 0.212 0.212 0.221 0.221 0.203 0.203 0.217 0.217 0.217 0.2095 0.2095 0.187 0.187 0.151 0.151 0.151 0.161
0.242 0.242 0.2525 0.2525 0.262 0.262 0.237 0.237 0.237 0.2375 0.2375 0.232 0.232 0.2285 0.2285 0.238 0.238 0.238 0.2535 0.2535 0.2235 0.2235 0.2305 0.2305 0.2305 0.236 0.236 0.22 0.22 0.2295 0.2295 0.2295 0.2325 0.2325 0.227 0.227 0.2575 0.2575 0.2575 0.2905 0.2905 0.2665 0.2665 0.2605 0.2605 0.2605 0.2865 0.2865 0.206 0.206 0.232 0.232 0.228 0.228 0.228 0.23 0.23 0.2135 0.2135 0.2125 0.2125 0.2125 0.204 0.204 0.197 0.197 0.2245 0.2245 0.2245 0.2405 0.2405 0.222 0.222 0.207 0.207 0.207 0.217
0.242 0.242 0.2525 0.2525 0.262 0.262 0.237 0.237 0.237 0.2375 0.2375 0.232 0.232 0.2285 0.2285 0.238 0.238 0.238 0.2535 0.2535 0.2235 0.2235 0.2305 0.2305 0.2305 0.236 0.236 0.22 0.22 0.2295 0.2295 0.2295 0.2325 0.2325 0.227 0.227 0.2575 0.2575 0.2575 0.2905 0.2905 0.2665 0.2665 0.2605 0.2605 0.2605 0.2865 0.2865 0.206 0.206 0.232 0.232 0.228 0.228 0.228 0.23 0.23 0.2135 0.2135 0.2125 0.2125 0.2125 0.204 0.204 0.197 0.197 0.2245 0.2245 0.2245 0.2405 0.2405 0.222 0.222 0.207 0.207 0.207 0.217
0.2815 0.2815 0.251 0.251 0.264 0.264 0.2475 0.2475 0.2475 0.247 0.247 0.24 0.24 0.2205 0.2205 0.2305 0.2305 0.2305 0.242 0.242 0.2445 0.2445 0.264 0.264 0.264 0.248 0.248 0.2395 0.2395 0.2445 0.2445 0.2445 0.2745 0.2745 0.2845 0.2845 0.2715 0.2715 0.2715 0.265 0.265 0.263 0.263 0.2695 0.2695 0.2695 0.2745 0.2745 0.2355 0.2355 0.244 0.244 0.237 0.237 0.237 0.2375 0.2375 0.1985 0.1985 0.211 0.211 0.211 0.1805 0.1805 0.227 0.227 0.212 0.212 0.212 0.238 0.238 0.216 0.216 0.2065 0.2065 0.2065 0.194
