ndvi/NOAA-268.asc
ncols         252
nrows         154
xllcorner     -18.017974
yllcorner     13.481982
cellsize      0.035948
NODATA_value  -9999
[rows 105 to 139 of 154, columns 77 to 153 of 252]
0.1735 0.1735 0.1765 0.1765 0.168 0.168 0.15 0.15 0.15 0.1555 0.1555 0.177 0.177 0.16 0.16 0.1465 0.1465 0.1465 0.16 0.16 0.1645 0.1645 0.179 0.179 0.179 0.1815 0.1815 0.1775 0.1775 0.178 0.178 0.178 0.1995 0.1995 0.198 0.198 0.1835 0.1835 0.1835 0.169 0.169 0.194 0.194 0.1835 0.1835 0.1835 0.1845 0.1845 0.228 0.228 0.2 0.2 0.206 0.206 0.206 0.2095 0.2095 0.225 0.225 0.216 0.216 0.216 0.215 0.215 0.248 0.248 0.221 0.221 0.221 0.219 0.219 0.227 0.227 0.224 0.224 0.224 0.1845
0.174 0.174 0.1715 0.1715 0.163 0.163 0.168 0.168 0.168 0.1525 0.1525 0.164 0.164 0.1755 0.1755 0.1765 0.1765 0.1765 0.1735 0.1735 0.164 0.164 0.182 0.182 0.182 0.201 0.201 0.1875 0.1875 0.1875 0.1875 0.1875 0.183 0.183 0.1915 0.1915 0.2145 0.2145 0.2145 0.192 0.192 0.186 0.186 0.202 0.202 0.202 0.181 0.181 0.203 0.203 0.211 0.211 0.1995 0.1995 0.1995 0.1985 0.1985 0.209 0.209 0.222 0.222 0.222 0.2175 0.2175 0.2125 0.2125 0.229 0.229 0.229 0.2155 0.2155 0.1775 0.1775 0.214 0.214 0.214 0.212
0.174 0.174 0.1715 0.1715 0.163 0.163 0.168 0.168 0.168 0.1525 0.1525 0.164 0.164 0.1755 0.1755 0.1765 0.1765 0.1765 0.1735 0.1735 0.164 0.164 0.182 0.182 0.182 0.201 0.201 0.1875 0.1875 0.1875 0.1875 0.1875 0.183 0.183 0.1915 0.1915 0.2145 0.2145 0.2145 0.192 0.192 0.186 0.186 0.202 0.202 0.202 0.181 0.181 0.203 0.203 0.211 0.211 0.1995 0.1995 0.1995 0.1985 0.1985 0.209 0.209 0.222 0.222 0.222 0.2175 0.2175 0.2125 0.2125 0.229 0.229 0.229 0.2155 0.2155 0.1775 0.1775 0.214 0.214 0.214 0.212
0.1855 0.1855 0.188 0.188 0.1805 0.1805 0.1635 0.1635 0.1635 0.175 0.175 0.193 0.193 0.206 0.206 0.1845 0.1845 0.1845 0.214 0.214 0.207 0.207 0.182 0.182 0.182 0.222 0.222 0.2055 0.2055 0.2095 0.2095 0.2095 0.207 0.207 0.195 0.195 0.214 0.214 0.214 0.2 0.2 0.1985 0.1985 0.19 0.19 0.19 0.1975 0.1975 0.204 0.204 0.2005 0.2005 0.201 0.201 0.201 0.208 0.208 0.191 0.191 0.229 0.229 0.229 0.233 0.233 0.219 0.219 0.229 0.229 0.229 0.208 0.208 0.1895 0.1895 0.197 0.197 0.197 0.215
0.1855 0.1855 0.188 0.188 0.1805 0.1805 0.1635 0.1635 0.1635 0.175 0.175 0.193 0.193 0.206 0.206 0.1845 0.1845 0.1845 0.214 0.214 0.207 0.207 0.182 0.182 0.182 0.222 0.222 0.2055 0.2055 0.2095 0.2095 0.2095 0.207 0.207 0.195 0.195 0.214 0.214 0.214 0.2 0.2 0.1985 0.1985 0.19 0.19 0.19 0.1975 0.1975 0.204 0.204 0.2005 0.2005 0.201 0.201 0.201 0.208 0.208 0.191 0.191 0.229 0.229 0.229 0.233 0.233 0.219 0.219 0.229 0.229 0.229 0.208 0.208 0.1895 0.1895 0.197 0.197 0.197 0.215
0.207 0.207 0.209 0.209 0.202 0.202 0.1845 0.1845 0.1845 0.187 0.187 0.2 0.2 0.2235 0.2235 0.228 0.228 0.228 0.2175 0.2175 0.2115 0.2115 0.213 0.213 0.213 0.222 0.222 0.228 0.228 0.2635 0.2635 0.2635 0.2435 0.2435 0.2125 0.2125 0.201 0.201 0.201 0.193 0.193 0.204 0.204 0.21 0.21 0.21 0.1985 0.1985 0.201 0.201 0.21 0.21 0.2245 0.2245 0.2245 0.2035 0.2035 0.2035 0.2035 0.2015 0.2015 0.2015 0.2125 0.2125 0.2 0.2 0.2455 0.2455 0.2455 0.239 0.239 0.257 0.257 0.203 0.203 0.203 0.211
0.207 0.207 0.209 0.209 0.202 0.202 0.1845 0.1845 0.1845 0.187 0.187 0.2 0.2 0.2235 0.2235 0.228 0.228 0.228 0.2175 0.2175 0.2115 0.2115 0.213 0.213 0.213 0.222 0.222 0.228 0.228 0.2635 0.2635 0.2635 0.2435 0.2435 0.2125 0.2125 0.201 0.201 0.201 0.193 0.193 0.204 0.204 0.21 0.21 0.21 0.1985 0.1985 0.201 0.201 0.21 0.21 0.2245 0.2245 0.2245 0.2035 0.2035 0.2035 0.2035 0.2015 0.2015 0.2015 0.2125 0.2125 0.2 0.2 0.2455 0.2455 0.2455 0.239 0.239 0.257 0.257 0.203 0.203 0.203 0.211
0.207 0.207 0.209 0.209 0.202 0.202 0.1845 0.1845 0.1845 0.187 0.187 0.2 0.2 0.2235 0.2235 0.228 0.228 0.228 0.2175 0.2175 0.2115 0.2115 0.213 0.213 0.213 0.222 0.222 0.228 0.228 0.2635 0.2635 0.2635 0.2435 0.2435 0.2125 0.2125 0.201 0.201 0.201 0.193 0.193 0.204 0.204 0.21 0.21 0.21 0.1985 0.1985 0.201 0.201 0.21 0.21 0.2245 0.2245 0.2245 0.2035 0.2035 0.2035 0.2035 0.2015 0.2015 0.2015 0.2125 0.2125 0.2 0.2 0.2455 0.2455 0.2455 0.239 0.239 0.257 0.257 0.203 0.203 0.203 0.211
0.178 0.178 0.1925 0.1925 0.2085 0.2085 0.1875 0.1875 0.1875 0.188 0.188 0.2085 0.2085 0.2315 0.2315 0.255 0.255 0.255 0.274 0.274 0.272 0.272 0.2645 0.2645 0.2645 0.2355 0.2355 0.231 0.231 0.231 0.231 0.231 0.2455 0.2455 0.226 0.226 0.2425 0.2425 0.2425 0.238 0.238 0.2255 0.2255 0.223 0.223 0.223 0.2065 0.2065 0.2085 0.2085 0.2195 0.2195 0.2145 0.2145 0.2145 0.202 0.202 0.2125 0.2125 0.2375 0.2375 0.2375 0.213 0.213 0.202 0.202 0.2365 0.2365 0.2365 0.2415 0.2415 0.242 0.242 0.2145 0.2145 0.2145 0.199
0.178 0.178 0.1925 0.1925 0.2085 0.2085 0.1875 0.1875 0.1875 0.188 0.188 0.2085 0.2085 0.2315 0.2315 0.255 0.255 0.255 0.274 0.274 0.272 0.272 0.2645 0.2645 0.2645 0.2355 0.2355 0.231 0.231 0.231 0.231 0.231 0.2455 0.2455 0.226 0.226 0.2425 0.2425 0.2425 0.238 0.238 0.2255 0.2255 0.223 0.223 0.223 0.2065 0.2065 0.2085 0.2085 0.2195 0.2195 0.2145 0.2145 0.2145 0.202 0.202 0.2125 0.2125 0.2375 0.2375 0.2375 0.213 0.213 0.202 0.202 0.2365 0.2365 0.2365 0.2415 0.2415 0.242 0.242 0.2145 0.2145 0.2145 0.199
0.1985 0.1985 0.2035 0.2035 0.192 0.192 0.1965 0.1965 0.1965 0.19 0.19 0.206 0.206 0.242 0.242 0.2655 0.2655 0.2655 0.2415 0.2415 0.2835 0.2835 0.2695 0.2695 0.2695 0.2605 0.2605 0.239 0.239 0.23 0.23 0.23 0.2275 0.2275 0.2105 0.2105 0.2455 0.2455 0.2455 0.257 0.257 0.2235 0.2235 0.212 0.212 0.212 0.2055 0.2055 0.2165 0.2165 0.211 0.211 0.207 0.207 0.207 0.2035 0.2035 0.22 0.22 0.246 0.246 0.246 0.2385 0.2385 0.223 0.223 0.228 0.228 0.228 0.2435 0.2435 0.238 0.238 0.225 0.225 0.225 0.2185
0.1985 0.1985 0.2035 0.2035 0.192 0.192 0.1965 0.1965 0.1965 0.19 0.19 0.206 0.206 0.242 0.242 0.2655 0.2655 0.2655 0.2415 0.2415 0.2835 0.2835 0.2695 0.2695 0.2695 0.2605 0.2605 0.239 0.239 0.23 0.23 0.23 0.2275 0.2275 0.2105 0.2105 0.2455 0.2455 0.2455 0.257 0.257 0.2235 0.2235 0.212 0.212 0.212 0.2055 0.2055 0.2165 0.2165 0.211 0.211 0.207 0.207 0.207 0.2035 0.2035 0.22 0.22 0.246 0.246 0.246 0.2385 0.2385 0.223 0.223 0.228 0.228 0.228 0.2435 0.2435 0.238 0.238 0.225 0.225 0.225 0.2185
0.178 0.178 0.192 0.192 0.223 0.223 0.2055 0.2055 0.2055 0.1955 0.1955 0.205 0.205 0.219 0.219 0.236 0.236 0.236 0.2125 0.2125 0.236 0.236 0.2765 0.2765 0.2765 0.2595 0.2595 0.221 0.221 0.1905 0.1905 0.1905 0.224 0.224 0.2575 0.2575 0.241 0.241 0.241 0.235 0.235 0.2245 0.2245 0.213 0.213 0.213 0.233 0.233 0.23 0.23 0.2125 0.2125 0.221 0.221 0.221 0.225 0.225 0.199 0.199 0.2225 0.2225 0.2225 0.226 0.226 0.234 0.234 0.2295 0.2295 0.2295 0.2275 0.2275 0.242 0.242 0.256 0.256 0.256 0.234
0.178 0.178 0.192 0.192 0.223 0.223 0.2055 0.2055 0.2055 0.1955 0.1955 0.205 0.205 0.219 0.219 0.236 0.236 0.236 0.2125 0.2125 0.236 0.236 0.2765 0.2765 0.2765 0.2595 0.2595 0.221 0.221 0.1905 0.1905 0.1905 0.224 0.224 0.2575 0.2575 0.241 0.241 0.241 0.235 0.235 0.2245 0.2245 0.213 0.213 0.213 0.233 0.233 0.23 0.23 0.2125 0.2125 0.221 0.221 0.221 0.225 0.225 0.199 0.199 0.2225 0.2225 0.2225 0.226 0.226 0.234 0.234 0.2295 0.2295 0.2295 0.2275 0.2275 0.242 0.242 0.256 0.256 0.256 0.234
0.178 0.178 0.192 0.192 0.223 0.223 0.2055 0.2055 0.2055 0.1955 0.1955 0.205 0.205 0.219 0.219 0.236 0.236 0.236 0.2125 0.2125 0.236 0.236 0.2765 0.2765 0.2765 0.2595 0.2595 0.221 0.221 0.1905 0.1905 0.1905 0.224 0.224 0.2575 0.2575 0.241 0.241 0.241 0.235 0.235 0.2245 0.2245 0.213 0.213 0.213 0.233 0.233 0.23 0.23 0.2125 0.2125 0.221 0.221 0.221 0.225 0.225 0.199 0.199 0.2225 0.2225 0.2225 0.226 0.226 0.234 0.234 0.2295 0.2295 0.2295 0.2275 0.2275 0.242 0.242 0.256 0.256 0.256 0.234
0.15 0.15 0.188 0.188 0.1935 0.1935 0.183 0.183 0.183 0.1875 0.1875 0.2155 0.2155 0.216 0.216 0.238 0.238 0.238 0.2535 0.2535 0.2195 0.2195 0.221 0.221 0.221 0.232 0.232 0.2255 0.2255 0.236 0.236 0.236 0.232 0.232 0.236 0.236 0.2435 0.2435 0.2435 0.2495 0.2495 0.2235 0.2235 0.211 0.211 0.211 0.2105 0.2105 0.216 0.216 0.225 0.225 0.203 0.203 0.203 0.231 0.231 0.2215 0.2215 0.2195 0.2195 0.2195 0.2445 0.2445 0.2445 0.2445 0.2315 0.2315 0.2315 0.234 0.234 0.2135 0.2135 0.2465 0.2465 0.2465 0.2405
0.15 0.15 0.188 0.188 0.1935 0.1935 0.183 0.183 0.183 0.1875 0.1875 0.2155 0.2155 0.216 0.216 0.238 0.238 0.238 0.2535 0.2535 0.2195 0.2195 0.221 0.221 0.221 0.232 0.232 0.2255 0.2255 0.236 0.236 0.236 0.232 0.232 0.236 0.236 0.2435 0.2435 0.2435 0.2495 0.2495 0.2235 0.2235 0.211 0.211 0.211 0.2105 0.2105 0.216 0.216 0.225 0.225 0.203 0.203 0.203 0.231 0.231 0.2215 0.2215 0.2195 0.2195 0.2195 0.2445 0.2445 0.2445 0.2445 0.2315 0.2315 0.2315 0.234 0.234 0.2135 0.2135 0.2465 0.2465 0.2465 0.2405
0.1725 0.1725 0.1845 0.1845 0.207 0.207 0.2055 0.2055 0.2055 0.2005 0.2005 0.202 0.202 0.2005 0.2005 0.2215 0.2215 0.2215 0.2315 0.2315 0.22 0.22 0.237 0.237 0.237 0.209 0.209 0.229 0.229 0.2265 0.2265 0.2265 0.2345 0.2345 0.2145 0.2145 0.2325 0.2325 0.2325 0.255 0.255 0.2325 0.2325 0.247 0.247 0.247 0.274 0.274 0.279 0.279 0.2685 0.2685 0.2415 0.2415 0.2415 0.228 0.228 0.2625 0.2625 0.298 0.298 0.298 0.277 0.277 0.261 0.261 0.2615 0.2615 0.2615 0.2635 0.2635 0.233 0.233 0.231 0.231 0.231 0.209
0.1725 0.1725 0.1845 0.1845 0.207 0.207 0.2055 0.2055 0.2055 0.2005 0.2005 0.202 0.202 0.2005 0.2005 0.2215 0.2215 0.2215 0.2315 0.2315 0.22 0.22 0.237 0.237 0.237 0.209 0.209 0.229 0.229 0.2265 0.2265 0.2265 0.2345 0.2345 0.2145 0.2145 0.2325 0.2325 0.2325 0.255 0.255 0.2325 0.2325 0.247 0.247 0.247 0.274 0.274 0.279 0.279 0.2685 0.2685 0.2415 0.2415 0.2415 0.228 0.228 0.2625 0.2625 0.298 0.298 0.298 0.277 0.277 0.261 0.261 0.2615 0.2615 0.2615 0.2635 0.2635 0.233 0.233 0.231 0.231 0.231 0.209
0.215 0.215 0.205 0.205 0.1785 0.1785 0.1975 0.1975 0.1975 0.198 0.198 0.2035 0.2035 0.22 0.22 0.2155 0.2155 0.2155 0.2315 0.2315 0.2435 0.2435 0.223 0.223 0.223 0.237 0.237 0.219 0.219 0.2535 0.2535 0.2535 0.24 0.24 0.2625 0.2625 0.2295 0.2295 0.2295 0.2605 0.2605 0.2205 0.2205 0.2095 0.2095 0.2095 0.2345 0.2345 0.2375 0.2375 0.288 0.288 0.287 0.287 0.287 0.249 0.249 0.256 0.256 0.2765 0.2765 0.2765 0.271 0.271 0.2465 0.2465 0.263 0.263 0.263 0.241 0.241 0.245 0.245 0.2295 0.2295 0.2295 0.2305
0.215 0.215 0.205 0.205 0.1785 0.1785 0.1975 0.1975 0.1975 0.198 0.198 0.2035 0.2035 0.22 0.22 0.2155 0.2155 0.2155 0.2315 0.2315 0.2435 0.2435 0.223 0.223 0.223 0.237 0.237 0.219 0.219 0.2535 0.2535 0.2535 0.24 0.24 0.2625 0.2625 0.2295 0.2295 0.2295 0.2605 0.2605 0.2205 0.2205 0.2095 0.2095 0.2095 0.2345 0.2345 0.2375 0.2375 0.288 0.288 0.287 0.287 0.287 0.249 0.249 0.256 0.256 0.2765 0.2765 0.2765 0.271 0.271 0.2465 0.2465 0.263 0.263 0.263 0.241 0.241 0.245 0.245 0.2295 0.2295 0.2295 0.2305
0.213 0.213 0.2215 0.2215 0.1975 0.1975 0.213 0.213 0.213 0.2125 0.2125 0.2075 0.2075 0.222 0.222 0.2175 0.2175 0.2175 0.236 0.236 0.251 0.251 0.2435 0.2435 0.2435 0.257 0.257 0.236 0.236 0.2385 0.2385 0.2385 0.2435 0.2435 0.2655 0.2655 0.254 0.254 0.254 0.259 0.259 0.258 0.258 0.2425 0.2425 0.2425 0.2725 0.2725 0.245 0.245 0.265 0.265 0.28 0.28 0.28 0.2585 0.2585 0.2425 0.2425 0.2465 0.2465 0.2465 0.236 0.236 0.21 0.21 0.223 0.223 0.223 0.2245 0.2245 0.2405 0.2405 0.2245 0.2245 0.2245 0.2345
0.213 0.213 0.2215 0.2215 0.1975 0.1975 0.213 0.213 0.213 0.2125 0.2125 0.2075 0.2075 0.222 0.222 0.2175 0.2175 0.2175 0.236 0.236 0.251 0.251 0.2435 0.2435 0.2435 0.257 0.257 0.236 0.236 0.2385 0.2385 0.2385 0.2435 0.2435 0.2655 0.2655 0.254 0.254 0.254 0.259 0.259 0.258 0.258 0.2425 0.2425 0.2425 0.2725 0.2725 0.245 0.245 0.265 0.265 0.28 0.28 0.28 0.2585 0.2585 0.2425 0.2425 0.2465 0.2465 0.2465 0.236 0.236 0.21 0.21 0.223 0.223 0.223 0.2245 0.2245 0.2405 0.2405 0.2245 0.2245 0.2245 0.2345
0.213 0.213 0.2215 0.2215 0.1975 0.1975 0.213 0.213 0.213 0.2125 0.2125 0.2075 0.2075 0.222 0.222 0.2175 0.2175 0.2175 0.236 0.236 0.251 0.251 0.2435 0.2435 0.2435 0.257 0.257 0.236 0.236 0.2385 0.2385 0.2385 0.2435 0.2435 0.2655 0.2655 0.254 0.254 0.254 0.259 0.259 0.258 0.258 0.2425 0.2425 0.2425 0.2725 0.2725 0.245 0.245 0.265 0.265 0.28 0.28 0.28 0.2585 0.2585 0.2425 0.2425 0.2465 0.2465 0.2465 0.236 0.236 0.21 0.21 0.223 0.223 0.223 0.2245 0.2245 0.2405 0.2405 0.2245 0.2245 0.2245 0.2345
0.2135 0.2135 0.217 0.217 0.2195 0.2195 0.213 0.213 0.213 0.213 0.213 0.211 0.211 0.2135 0.2135 0.23 0.23 0.23 0.2055 0.2055 0.2395 0.2395 0.243 0.243 0.243 0.2195 0.2195 0.242 0.242 0.244 0.244 0.244 0.266 0.266 0.269 0.269 0.262 0.262 0.262 0.2525 0.2525 0.2595 0.2595 0.2745 0.2745 0.2745 0.2775 0.2775 0.2585 0.2585 0.2775 0.2775 0.289 0.289 0.289 0.249 0.249 0.256 0.256 0.25 0.25 0.25 0.222 0.222 0.233 0.233 0.215 0.215 0.215 0.216 0.216 0.226 0.226 0.256 0.256 0.256 0.237
0.2135 0.2135 0.217 0.217 0.2195 0.2195 0.213 0.213 0.213 0.213 0.213 0.211 0.211 0.2135 0.2135 0.23 0.23 0.23 0.2055 0.2055 0.2395 0.2395 0.243 0.243 0.243 0.2195 0.2195 0.242 0.242 0.244 0.244 0.244 0.266 0.266 0.269 0.269 0.262 0.262 0.262 0.2525 0.2525 0.2595 0.2595 0.2745 0.2745 0.2745 0.2775 0.2775 0.2585 0.2585 0.2775 0.2775 0.289 0.289 0.289 0.249 0.249 0.256 0.256 0.25 0.25 0.25 0.222 0.222 0.233 0.233 0.215 0.215 0.215 0.216 0.216 0.226 0.226 0.256 0.256 0.256 0.237
0.2245 0.2245 0.23 0.23 0.22 0.22 0.219 0.219 0.219 0.238 0.238 0.2245 0.2245 0.2315 0.2315 0.2355 0.2355 0.2355 0.236 0.236 0.232 0.232 0.2285 0.2285 0.2285 0.224 0.224 0.248 0.248 0.275 0.275 0.275 0.2715 0.2715 0.266 0.266 0.2605 0.2605 0.2605 0.2665 0.2665 0.274 0.274 0.2795 0.2795 0.2795 0.279 0.279 0.2645 0.2645 0.2565 0.2565 0.294 0.294 0.294 0.2585 0.2585 0.256 0.256 0.24 0.24 0.24 0.222 0.222 0.2495 0.2495 0.247 0.247 0.247 0.2495 0.2495 0.2335 0.2335 0.225 0.225 0.225 0.2515
0.2245 0.2245 0.23 0.23 0.22 0.22 0.219 0.219 0.219 0.238 0.238 0.2245 0.2245 0.2315 0.2315 0.2355 0.2355 0.2355 0.236 0.236 0.232 0.232 0.2285 0.2285 0.2285 0.224 0.224 0.248 0.248 0.275 0.275 0.275 0.2715 0.2715 0.266 0.266 0.2605 0.2605 0.2605 0.2665 0.2665 0.274 0.274 0.2795 0.2795 0.2795 0.279 0.279 0.2645 0.2645 0.2565 0.2565 0.294 0.294 0.294 0.2585 0.2585 0.256 0.256 0.24 0.24 0.24 0.222 0.222 0.2495 0.2495 0.247 0.247 0.247 0.2495 0.2495 0.2335 0.2335 0.225 0.225 0.225 0.2515
0.191 0.191 0.2035 0.2035 0.229 0.229 0.2245 0.2245 0.2245 0.227 0.227 0.223 0.223 0.2165 0.2165 0.2235 0.2235 0.2235 0.2375 0.2375 0.245 0.245 0.2405 0.2405 0.2405 0.2445 0.2445 0.2435 0.2435 0.2745 0.2745 0.2745 0.2535 0.2535 0.2725 0.2725 0.2785 0.2785 0.2785 0.295 0.295 0.305 0.305 0.3145 0.3145 0.3145 0.3035 0.3035 0.285 0.285 0.2885 0.2885 0.2655 0.2655 0.2655 0.286 0.286 0.2545 0.2545 0.2435 0.2435 0.2435 0.237 0.237 0.2435 0.2435 0.2485 0.2485 0.2485 0.2425 0.2425 0.248 0.248 0.2585 0.2585 0.2585 0.2415
0.191 0.191 0.2035 0.2035 0.229 0.229 0.2245 0.2245 0.2245 0.227 0.227 0.223 0.223 0.2165 0.2165 0.2235 0.2235 0.2235 0.2375 0.2375 0.245 0.245 0.2405 0.2405 0.2405 0.2445 0.2445 0.2435 0.2435 0.2745 0.2745 0.2745 0.2535 0.2535 0.2725 0.2725 0.2785 0.2785 0.2785 0.295 0.295 0.305 0.305 0.3145 0.3145 0.3145 0.3035 0.3035 0.285 0.285 0.2885 0.2885 0.2655 0.2655 0.2655 0.286 0.286 0.2545 0.2545 0.2435 0.2435 0.2435 0.237 0.237 0.2435 0.2435 0.2485 0.2485 0.2485 0.2425 0.2425 0.248 0.248 0.2585 0.2585 0.2585 0.2415
0.191 0.191 0.2035 0.2035 0.229 0.229 0.2245 0.2245 0.2245 0.227 0.227 0.223 0.223 0.2165 0.2165 0.2235 0.2235 0.2235 0.2375 0.2375 0.245 0.245 0.2405 0.2405 0.2405 0.2445 0.2445 0.2435 0.2435 0.2745 0.2745 0.2745 0.2535 0.2535 0.2725 0.2725 0.2785 0.2785 0.2785 0.295 0.295 0.305 0.305 0.3145 0.3145 0.3145 0.3035 0.3035 0.285 0.285 0.2885 0.2885 0.2655 0.2655 0.2655 0.286 0.286 0.2545 0.2545 0.2435 0.2435 0.2435 0.237 0.237 0.2435 0.2435 0.2485 0.2485 0.2485 0.2425 0.2425 0.248 0.248 0.2585 0.2585 0.2585 0.2415
0.2015 0.2015 0.206 0.206 0.2265 0.2265 0.2325 0.2325 0.2325 0.2315 0.2315 0.21 0.21 0.2335 0.2335 0.23 0.23 0.23 0.2525 0.2525 0.236 0.236 0.2615 0.2615 0.2615 0.283 0.283 0.279 0.279 0.2835 0.2835 0.2835 0.2805 0.2805 0.2975 0.2975 0.2735 0.2735 0.2735 0.2945 0.2945 0.324 0.324 0.3095 0.3095 0.3095 0.3 0.3 0.287 0.287 0.2875 0.2875 0.305 0.305 0.305 0.3045 0.3045 0.252 0.252 0.265 0.265 0.265 0.2835 0.2835 0.283 0.283 0.262 0.262 0.262 0.2275 0.2275 0.2545 0.2545 0.2325 0.2325 0.2325 0.247
0.2015 0.2015 0.206 0.206 0.2265 0.2265 0.2325 0.2325 0.2325 0.2315 0.2315 0.21 0.21 0.2335 0.2335 0.23 0.23 0.23 0.2525 0.2525 0.236 0.236 0.2615 0.2615 0.2615 0.283 0.283 0.279 0.279 0.2835 0.2835 0.2835 0.2805 0.2805 0.2975 0.2975 0.2735 0.2735 0.2735 0.2945 0.2945 0.324 0.324 0.3095 0.3095 0.3095 0.3 0.3 0.287 0.287 0.2875 0.2875 0.305 0.305 0.305 0.3045 0.3045 0.252 0.252 0.265 0.265 0.265 0.2835 0.2835 0.283 0.283 0.262 0.262 0.262 0.2275 0.2275 0.2545 0.2545 0.2325 0.2325 0.2325 0.247
0.1995 0.1995 0.2295 0.2295 0.2395 0.2395 0.2395 0.2395 0.2395 0.2495 0.2495 0.239 0.239 0.2595 0.2595 0.2535 0.2535 0.2535 0.25 0.25 0.251 0.251 0.2435 0.2435 0.2435 0.258 0.258 0.2575 0.2575 0.2655 0.2655 0.2655 0.285 0.285 0.3045 0.3045 0.3115 0.3115 0.3115 0.3415 0.3415 0.306 0.306 0.2815 0.2815 0.2815 0.302 0.302 0.3105 0.3105 0.321 0.321 0.311 0.311 0.311 0.3285 0.3285 0.3325 0.3325 0.3215 0.3215 0.3215 0.309 0.309 0.282 0.282 0.278 0.278 0.278 0.2665 0.2665 0.27 0.27 0.24 0.24 0.24 0.254
0.1995 0.1995 0.2295 0.2295 0.2395 0.2395 0.2395 0.2395 0.2395 0.2495 0.2495 0.239 0.239 0.2595 0.2595 0.2535 0.2535 0.2535 0.25 0.25 0.251 0.251 0.2435 0.2435 0.2435 0.258 0.258 0.2575 0.2575 0.2655 0.2655 0.2655 0.285 0.285 0.3045 0.3045 0.3115 0.3115 0.3115 0.3415 0.3415 0.306 0.306 0.2815 0.2815 0.2815 0.302 0.302 0.3105 0.3105 0.321 0.321 0.311 0.311 0.311 0.3285 0.3285 0.3325 0.3325 0.3215 0.3215 0.3215 0.309 0.309 0.282 0.282 0.278 0.278 0.278 0.2665 0.2665 0.27 0.27 0.24 0.24 0.24 0.254
