ndvi/NOAA-99.asc
ncols         252
nrows         154
xllcorner     -18.017974
yllcorner     13.481982
cellsize      0.035948
NODATA_value  -9999
[rows 70 to 104 of 154, columns 77 to 153 of 252]
0.215 0.215 0.2145 0.2145 0.2055 0.2055 0.208 0.208 0.208 0.2145 0.2145 0.225 0.225 0.2315 0.2315 0.2285 0.2285 0.2285 0.2255 0.2255 0.218 0.218 0.215 0.215 0.215 0.2595 0.2595 0.231 0.231 0.221 0.221 0.221 0.2065 0.2065 0.2025 0.2025 0.209 0.209 0.209 0.217 0.217 0.21 0.21 0.191 0.191 0.191 0.1705 0.1705 0.1765 0.1765 0.176 0.176 0.183 0.183 0.183 0.198 0.198 0.208 0.208 0.2175 0.2175 0.2175 0.23 0.23 0.224 0.224 0.2225 0.2225 0.2225 0.2165 0.2165 0.231 0.231 0.191 0.191 0.191 0.152
0.2215 0.2215 0.216 0.216 0.21 0.21 0.205 0.205 0.205 0.2055 0.2055 0.2115 0.2115 0.2135 0.2135 0.2225 0.2225 0.2225 0.227 0.227 0.225 0.225 0.2155 0.2155 0.2155 0.2505 0.2505 0.248 0.248 0.237 0.237 0.237 0.215 0.215 0.218 0.218 0.2135 0.2135 0.2135 0.2185 0.2185 0.2095 0.2095 0.1865 0.1865 0.1865 0.1655 0.1655 0.1665 0.1665 0.1805 0.1805 0.1995 0.1995 0.1995 0.2125 0.2125 0.2185 0.2185 0.2225 0.2225 0.2225 0.2185 0.2185 0.225 0.225 0.22 0.22 0.22 0.21 0.21 0.212 0.212 0.2085 0.2085 0.2085 0.173
0.2215 0.2215 0.216 0.216 0.21 0.21 0.205 0.205 0.205 0.2055 0.2055 0.2115 0.2115 0.2135 0.2135 0.2225 0.2225 0.2225 0.227 0.227 0.225 0.225 0.2155 0.2155 0.2155 0.2505 0.2505 0.248 0.248 0.237 0.237 0.237 0.215 0.215 0.218 0.218 0.2135 0.2135 0.2135 0.2185 0.2185 0.2095 0.2095 0.1865 0.1865 0.1865 0.1655 0.1655 0.1665 0.1665 0.1805 0.1805 0.1995 0.1995 0.1995 0.2125 0.2125 0.2185 0.2185 0.2225 0.2225 0.2225 0.2185 0.2185 0.225 0.225 0.22 0.22 0.22 0.21 0.21 0.212 0.212 0.2085 0.2085 0.2085 0.173
0.2215 0.2215 0.216 0.216 0.21 0.21 0.205 0.205 0.205 0.2055 0.2055 0.2115 0.2115 0.2135 0.2135 0.2225 0.2225 0.2225 0.227 0.227 0.225 0.225 0.2155 0.2155 0.2155 0.2505 0.2505 0.248 0.248 0.237 0.237 0.237 0.215 0.215 0.218 0.218 0.2135 0.2135 0.2135 0.2185 0.2185 0.2095 0.2095 0.1865 0.1865 0.1865 0.1655 0.1655 0.1665 0.1665 0.1805 0.1805 0.1995 0.1995 0.1995 0.2125 0.2125 0.2185 0.2185 0.2225 0.2225 0.2225 0.2185 0.2185 0.225 0.225 0.22 0.22 0.22 0.21 0.21 0.212 0.212 0.2085 0.2085 0.2085 0.173
0.232 0.232 0.219 0.219 0.216 0.216 0.21 0.21 0.21 0.2075 0.2075 0.213 0.213 0.2145 0.2145 0.206 0.206 0.206 0.2145 0.2145 0.216 0.216 0.215 0.215 0.215 0.2125 0.2125 0.2245 0.2245 0.2305 0.2305 0.2305 0.2375 0.2375 0.2245 0.2245 0.2265 0.2265 0.2265 0.2225 0.2225 0.206 0.206 0.184 0.184 0.184 0.1865 0.1865 0.222 0.222 0.2055 0.2055 0.2135 0.2135 0.2135 0.214 0.214 0.216 0.216 0.2145 0.2145 0.2145 0.2135 0.2135 0.2155 0.2155 0.219 0.219 0.219 0.221 0.221 0.2 0.2 0.1875 0.1875 0.1875 0.1755
0.232 0.232 0.219 0.219 0.216 0.216 0.21 0.21 0.21 0.2075 0.2075 0.213 0.213 0.2145 0.2145 0.206 0.206 0.206 0.2145 0.2145 0.216 0.216 0.215 0.215 0.215 0.2125 0.2125 0.2245 0.2245 0.2305 0.2305 0.2305 0.2375 0.2375 0.2245 0.2245 0.2265 0.2265 0.2265 0.2225 0.2225 0.206 0.206 0.184 0.184 0.184 0.1865 0.1865 0.222 0.222 0.2055 0.2055 0.2135 0.2135 0.2135 0.214 0.214 0.216 0.216 0.2145 0.2145 0.2145 0.2135 0.2135 0.2155 0.2155 0.219 0.219 0.219 0.221 0.221 0.2 0.2 0.1875 0.1875 0.1875 0.1755
0.2175 0.2175 0.224 0.224 0.2235 0.2235 0.2105 0.2105 0.2105 0.2145 0.2145 0.209 0.209 0.2145 0.2145 0.205 0.205 0.205 0.1995 0.1995 0.199 0.199 0.2135 0.2135 0.2135 0.217 0.217 0.2215 0.2215 0.231 0.231 0.231 0.232 0.232 0.229 0.229 0.2365 0.2365 0.2365 0.226 0.226 0.2225 0.2225 0.2135 0.2135 0.2135 0.2035 0.2035 0.2255 0.2255 0.22 0.22 0.207 0.207 0.207 0.2085 0.2085 0.2075 0.2075 0.1975 0.1975 0.1975 0.2015 0.2015 0.199 0.199 0.22 0.22 0.22 0.2185 0.2185 0.191 0.191 0.124 0.124 0.124 0.158
0.2175 0.2175 0.224 0.224 0.2235 0.2235 0.2105 0.2105 0.2105 0.2145 0.2145 0.209 0.209 0.2145 0.2145 0.205 0.205 0.205 0.1995 0.1995 0.199 0.199 0.2135 0.2135 0.2135 0.217 0.217 0.2215 0.2215 0.231 0.231 0.231 0.232 0.232 0.229 0.229 0.2365 0.2365 0.2365 0.226 0.226 0.2225 0.2225 0.2135 0.2135 0.2135 0.2035 0.2035 0.2255 0.2255 0.22 0.22 0.207 0.207 0.207 0.2085 0.2085 0.2075 0.2075 0.1975 0.1975 0.1975 0.2015 0.2015 0.199 0.199 0.22 0.22 0.22 0.2185 0.2185 0.191 0.191 0.124 0.124 0.124 0.158
0.212 0.212 0.211 0.211 0.208 0.208 0.2085 0.2085 0.2085 0.208 0.208 0.2175 0.2175 0.2085 0.2085 0.207 0.207 0.207 0.199 0.199 0.2015 0.2015 0.2025 0.2025 0.2025 0.2175 0.2175 0.206 0.206 0.2105 0.2105 0.2105 0.2295 0.2295 0.2375 0.2375 0.2335 0.2335 0.2335 0.226 0.226 0.2305 0.2305 0.2235 0.2235 0.2235 0.228 0.228 0.2345 0.2345 0.207 0.207 0.209 0.209 0.209 0.205 0.205 0.1935 0.1935 0.1985 0.1985 0.1985 0.1935 0.1935 0.191 0.191 0.1915 0.1915 0.1915 0.204 0.204 0.2145 0.2145 0.1555 0.1555 0.1555 0.147
0.212 0.212 0.211 0.211 0.208 0.208 0.2085 0.2085 0.2085 0.208 0.208 0.2175 0.2175 0.2085 0.2085 0.207 0.207 0.207 0.199 0.199 0.2015 0.2015 0.2025 0.2025 0.2025 0.2175 0.2175 0.206 0.206 0.2105 0.2105 0.2105 0.2295 0.2295 0.2375 0.2375 0.2335 0.2335 0.2335 0.226 0.226 0.2305 0.2305 0.2235 0.2235 0.2235 0.228 0.228 0.2345 0.2345 0.207 0.207 0.209 0.209 0.209 0.205 0.205 0.1935 0.1935 0.1985 0.1985 0.1985 0.1935 0.1935 0.191 0.191 0.1915 0.1915 0.1915 0.204 0.204 0.2145 0.2145 0.1555 0.1555 0.1555 0.147
0.2105 0.2105 0.2085 0.2085 0.206 0.206 0.2025 0.2025 0.2025 0.206 0.206 0.2095 0.2095 0.2085 0.2085 0.2005 0.2005 0.2005 0.197 0.197 0.183 0.183 0.2015 0.2015 0.2015 0.2075 0.2075 0.208 0.208 0.2035 0.2035 0.2035 0.217 0.217 0.2275 0.2275 0.2255 0.2255 0.2255 0.2205 0.2205 0.2185 0.2185 0.235 0.235 0.235 0.242 0.242 0.2385 0.2385 0.232 0.232 0.204 0.204 0.204 0.1915 0.1915 0.1935 0.1935 0.208 0.208 0.208 0.2015 0.2015 0.1705 0.1705 0.1605 0.1605 0.1605 0.168 0.168 0.172 0.172 0.1715 0.1715 0.1715 0.143
0.2105 0.2105 0.2085 0.2085 0.206 0.206 0.2025 0.2025 0.2025 0.206 0.206 0.2095 0.2095 0.2085 0.2085 0.2005 0.2005 0.2005 0.197 0.197 0.183 0.183 0.2015 0.2015 0.2015 0.2075 0.2075 0.208 0.208 0.2035 0.2035 0.2035 0.217 0.217 0.2275 0.2275 0.2255 0.2255 0.2255 0.2205 0.2205 0.2185 0.2185 0.235 0.235 0.235 0.242 0.242 0.2385 0.2385 0.232 0.232 0.204 0.204 0.204 0.1915 0.1915 0.1935 0.1935 0.208 0.208 0.208 0.2015 0.2015 0.1705 0.1705 0.1605 0.1605 0.1605 0.168 0.168 0.172 0.172 0.1715 0.1715 0.1715 0.143
0.2105 0.2105 0.2085 0.2085 0.206 0.206 0.2025 0.2025 0.2025 0.206 0.206 0.2095 0.2095 0.2085 0.2085 0.2005 0.2005 0.2005 0.197 0.197 0.183 0.183 0.2015 0.2015 0.2015 0.2075 0.2075 0.208 0.208 0.2035 0.2035 0.2035 0.217 0.217 0.2275 0.2275 0.2255 0.2255 0.2255 0.2205 0.2205 0.2185 0.2185 0.235 0.235 0.235 0.242 0.242 0.2385 0.2385 0.232 0.232 0.204 0.204 0.204 0.1915 0.1915 0.1935 0.1935 0.208 0.208 0.208 0.2015 0.2015 0.1705 0.1705 0.1605 0.1605 0.1605 0.168 0.168 0.172 0.172 0.1715 0.1715 0.1715 0.143
0.219 0.219 0.2145 0.2145 0.209 0.209 0.211 0.211 0.211 0.21 0.21 0.2155 0.2155 0.2165 0.2165 0.205 0.205 0.205 0.1895 0.1895 0.196 0.196 0.2115 0.2115 0.2115 0.2055 0.2055 0.1975 0.1975 0.198 0.198 0.198 0.207 0.207 0.207 0.207 0.225 0.225 0.225 0.224 0.224 0.2115 0.2115 0.2125 0.2125 0.2125 0.226 0.226 0.236 0.236 0.225 0.225 0.222 0.222 0.222 0.2145 0.2145 0.203 0.203 0.2015 0.2015 0.2015 0.199 0.199 0.204 0.204 0.174 0.174 0.174 0.182 0.182 0.1705 0.1705 0.159 0.159 0.159 0.151
0.219 0.219 0.2145 0.2145 0.209 0.209 0.211 0.211 0.211 0.21 0.21 0.2155 0.2155 0.2165 0.2165 0.205 0.205 0.205 0.1895 0.1895 0.196 0.196 0.2115 0.2115 0.2115 0.2055 0.2055 0.1975 0.1975 0.198 0.198 0.198 0.207 0.207 0.207 0.207 0.225 0.225 0.225 0.224 0.224 0.2115 0.2115 0.2125 0.2125 0.2125 0.226 0.226 0.236 0.236 0.225 0.225 0.222 0.222 0.222 0.2145 0.2145 0.203 0.203 0.2015 0.2015 0.2015 0.199 0.199 0.204 0.204 0.174 0.174 0.174 0.182 0.182 0.1705 0.1705 0.159 0.159 0.159 0.151
0.23 0.23 0.224 0.224 0.2275 0.2275 0.2225 0.2225 0.2225 0.233 0.233 0.233 0.233 0.218 0.218 0.208 0.208 0.208 0.22 0.22 0.204 0.204 0.2175 0.2175 0.2175 0.2 0.2 0.2105 0.2105 0.206 0.206 0.206 0.2085 0.2085 0.229 0.229 0.227 0.227 0.227 0.215 0.215 0.2255 0.2255 0.211 0.211 0.211 0.2145 0.2145 0.218 0.218 0.2335 0.2335 0.2365 0.2365 0.2365 0.214 0.214 0.2065 0.2065 0.2105 0.2105 0.2105 0.231 0.231 0.2135 0.2135 0.192 0.192 0.192 0.1755 0.1755 0.182 0.182 0.1775 0.1775 0.1775 0.1585
0.23 0.23 0.224 0.224 0.2275 0.2275 0.2225 0.2225 0.2225 0.233 0.233 0.233 0.233 0.218 0.218 0.208 0.208 0.208 0.22 0.22 0.204 0.204 0.2175 0.2175 0.2175 0.2 0.2 0.2105 0.2105 0.206 0.206 0.206 0.2085 0.2085 0.229 0.229 0.227 0.227 0.227 0.215 0.215 0.2255 0.2255 0.211 0.211 0.211 0.2145 0.2145 0.218 0.218 0.2335 0.2335 0.2365 0.2365 0.2365 0.214 0.214 0.2065 0.2065 0.2105 0.2105 0.2105 0.231 0.231 0.2135 0.2135 0.192 0.192 0.192 0.1755 0.1755 0.182 0.182 0.1775 0.1775 0.1775 0.1585
0.245 0.245 0.238 0.238 0.2445 0.2445 0.23 0.23 0.23 0.225 0.225 0.22 0.22 0.2165 0.2165 0.209 0.209 0.209 0.211 0.211 0.201 0.201 0.2095 0.2095 0.2095 0.21 0.21 0.211 0.211 0.2055 0.2055 0.2055 0.2205 0.2205 0.224 0.224 0.2205 0.2205 0.2205 0.224 0.224 0.2275 0.2275 0.225 0.225 0.225 0.2245 0.2245 0.224 0.224 0.2305 0.2305 0.2255 0.2255 0.2255 0.221 0.221 0.218 0.218 0.224 0.224 0.224 0.242 0.242 0.2245 0.2245 0.19 0.19 0.19 0.1945 0.1945 0.1945 0.1945 0.201 0.201 0.201 0.201
0.245 0.245 0.238 0.238 0.2445 0.2445 0.23 0.23 0.23 0.225 0.225 0.22 0.22 0.2165 0.2165 0.209 0.209 0.209 0.211 0.211 0.201 0.201 0.2095 0.2095 0.2095 0.21 0.21 0.211 0.211 0.2055 0.2055 0.2055 0.2205 0.2205 0.224 0.224 0.2205 0.2205 0.2205 0.224 0.224 0.2275 0.2275 0.225 0.225 0.225 0.2245 0.2245 0.224 0.224 0.2305 0.2305 0.2255 0.2255 0.2255 0.221 0.221 0.218 0.218 0.224 0.224 0.224 0.242 0.242 0.2245 0.2245 0.19 0.19 0.19 0.1945 0.1945 0.1945 0.1945 0.201 0.201 0.201 0.201
0.245 0.245 0.238 0.238 0.2445 0.2445 0.23 0.23 0.23 0.225 0.225 0.22 0.22 0.2165 0.2165 0.209 0.209 0.209 0.211 0.211 0.201 0.201 0.2095 0.2095 0.2095 0.21 0.21 0.211 0.211 0.2055 0.2055 0.2055 0.2205 0.2205 0.224 0.224 0.2205 0.2205 0.2205 0.224 0.224 0.2275 0.2275 0.225 0.225 0.225 0.2245 0.2245 0.224 0.224 0.2305 0.2305 0.2255 0.2255 0.2255 0.221 0.221 0.218 0.218 0.224 0.224 0.224 0.242 0.242 0.2245 0.2245 0.19 0.19 0.19 0.1945 0.1945 0.1945 0.1945 0.201 0.201 0.201 0.201
0.232 0.232 0.232 0.232 0.225 0.225 0.2175 0.2175 0.2175 0.217 0.217 0.2255 0.2255 0.2105 0.2105 0.1945 0.1945 0.1945 0.206 0.206 0.192 0.192 0.203 0.203 0.203 0.1985 0.1985 0.21 0.21 0.199 0.199 0.199 0.198 0.198 0.2135 0.2135 0.219 0.219 0.219 0.213 0.213 0.2205 0.2205 0.2285 0.2285 0.2285 0.2385 0.2385 0.2345 0.2345 0.219 0.219 0.2275 0.2275 0.2275 0.2265 0.2265 0.225 0.225 0.223 0.223 0.223 0.233 0.233 0.224 0.224 0.224 0.224 0.224 0.191 0.191 0.1985 0.1985 0.1735 0.1735 0.1735 0.1685
0.232 0.232 0.232 0.232 0.225 0.225 0.2175 0.2175 0.2175 0.217 0.217 0.2255 0.2255 0.2105 0.2105 0.1945 0.1945 0.1945 0.206 0.206 0.192 0.192 0.203 0.203 0.203 0.1985 0.1985 0.21 0.21 0.199 0.199 0.199 0.198 0.198 0.2135 0.2135 0.219 0.219 0.219 0.213 0.213 0.2205 0.2205 0.2285 0.2285 0.2285 0.2385 0.2385 0.2345 0.2345 0.219 0.219 0.2275 0.2275 0.2275 0.2265 0.2265 0.225 0.225 0.223 0.223 0.223 0.233 0.233 0.224 0.224 0.224 0.224 0.224 0.191 0.191 0.1985 0.1985 0.1735 0.1735 0.1735 0.1685
0.234 0.234 0.225 0.225 0.226 0.226 0.222 0.222 0.222 0.223 0.223 0.21 0.21 0.191 0.191 0.2095 0.2095 0.2095 0.1965 0.1965 0.209 0.209 0.225 0.225 0.225 0.2085 0.2085 0.207 0.207 0.2105 0.2105 0.2105 0.1935 0.1935 0.2095 0.2095 0.222 0.222 0.222 0.2155 0.2155 0.2145 0.2145 0.2185 0.2185 0.2185 0.236 0.236 0.2315 0.2315 0.234 0.234 0.225 0.225 0.225 0.2195 0.2195 0.229 0.229 0.2265 0.2265 0.2265 0.2235 0.2235 0.225 0.225 0.2235 0.2235 0.2235 0.2265 0.2265 0.2335 0.2335 0.224 0.224 0.224 0.2285
0.234 0.234 0.225 0.225 0.226 0.226 0.222 0.222 0.222 0.223 0.223 0.21 0.21 0.191 0.191 0.2095 0.2095 0.2095 0.1965 0.1965 0.209 0.209 0.225 0.225 0.225 0.2085 0.2085 0.207 0.207 0.2105 0.2105 0.2105 0.1935 0.1935 0.2095 0.2095 0.222 0.222 0.222 0.2155 0.2155 0.2145 0.2145 0.2185 0.2185 0.2185 0.236 0.236 0.2315 0.2315 0.234 0.234 0.225 0.225 0.225 0.2195 0.2195 0.229 0.229 0.2265 0.2265 0.2265 0.2235 0.2235 0.225 0.225 0.2235 0.2235 0.2235 0.2265 0.2265 0.2335 0.2335 0.224 0.224 0.224 0.2285
0.237 0.237 0.2365 0.2365 0.2295 0.2295 0.236 0.236 0.236 0.2285 0.2285 0.225 0.225 0.2145 0.2145 0.21 0.21 0.21 0.207 0.207 0.206 0.206 0.208 0.208 0.208 0.211 0.211 0.2135 0.2135 0.211 0.211 0.211 0.2295 0.2295 0.2375 0.2375 0.217 0.217 0.217 0.228 0.228 0.222 0.222 0.2285 0.2285 0.2285 0.232 0.232 0.236 0.236 0.24 0.24 0.219 0.219 0.219 0.2315 0.2315 0.2335 0.2335 0.2255 0.2255 0.2255 0.242 0.242 0.2535 0.2535 0.2465 0.2465 0.2465 0.228 0.228 0.223 0.223 0.2285 0.2285 0.2285 0.209
0.237 0.237 0.2365 0.2365 0.2295 0.2295 0.236 0.236 0.236 0.2285 0.2285 0.225 0.225 0.2145 0.2145 0.21 0.21 0.21 0.207 0.207 0.206 0.206 0.208 0.208 0.208 0.211 0.211 0.2135 0.2135 0.211 0.211 0.211 0.2295 0.2295 0.2375 0.2375 0.217 0.217 0.217 0.228 0.228 0.222 0.222 0.2285 0.2285 0.2285 0.232 0.232 0.236 0.236 0.24 0.24 0.219 0.219 0.219 0.2315 0.2315 0.2335 0.2335 0.2255 0.2255 0.2255 0.242 0.242 0.2535 0.2535 0.2465 0.2465 0.2465 0.228 0.228 0.223 0.223 0.2285 0.2285 0.2285 0.209
0.237 0.237 0.2365 0.2365 0.2295 0.2295 0.236 0.236 0.236 0.2285 0.2285 0.225 0.225 0.2145 0.2145 0.21 0.21 0.21 0.207 0.207 0.206 0.206 0.208 0.208 0.208 0.211 0.211 0.2135 0.2135 0.211 0.211 0.211 0.2295 0.2295 0.2375 0.2375 0.217 0.217 0.217 0.228 0.228 0.222 0.222 0.2285 0.2285 0.2285 0.232 0.232 0.236 0.236 0.24 0.24 0.219 0.219 0.219 0.2315 0.2315 0.2335 0.2335 0.2255 0.2255 0.2255 0.242 0.242 0.2535 0.2535 0.2465 0.2465 0.2465 0.228 0.228 0.223 0.223 0.2285 0.2285 0.2285 0.209
0.233 0.233 0.236 0.236 0.2315 0.2315 0.211 0.211 0.211 0.217 0.217 0.21 0.21 0.2065 0.2065 0.202 0.202 0.202 0.2025 0.2025 0.196 0.196 0.212 0.212 0.212 0.224 0.224 0.2315 0.2315 0.235 0.235 0.235 0.2255 0.2255 0.2265 0.2265 0.225 0.225 0.225 0.236 0.236 0.23 0.23 0.239 0.239 0.239 0.234 0.234 0.2405 0.2405 0.2405 0.2405 0.2505 0.2505 0.2505 0.2445 0.2445 0.2305 0.2305 0.2395 0.2395 0.2395 0.236 0.236 0.2285 0.2285 0.236 0.236 0.236 0.272 0.272 0.219 0.219 0.181 0.181 0.181 0.225
0.233 0.233 0.236 0.236 0.2315 0.2315 0.211 0.211 0.211 0.217 0.217 0.21 0.21 0.2065 0.2065 0.202 0.202 0.202 0.2025 0.2025 0.196 0.196 0.212 0.212 0.212 0.224 0.224 0.2315 0.2315 0.235 0.235 0.235 0.2255 0.2255 0.2265 0.2265 0.225 0.225 0.225 0.236 0.236 0.23 0.23 0.239 0.239 0.239 0.234 0.234 0.2405 0.2405 0.2405 0.2405 0.2505 0.2505 0.2505 0.2445 0.2445 0.2305 0.2305 0.2395 0.2395 0.2395 0.236 0.236 0.2285 0.2285 0.236 0.236 0.236 0.272 0.272 0.219 0.219 0.181 0.181 0.181 0.225
0.234 0.234 0.2215 0.2215 0.209 0.209 0.2065 0.2065 0.2065 0.212 0.212 0.211 0.211 0.225 0.225 0.2175 0.2175 0.2175 0.211 0.211 0.206 0.206 0.223 0.223 0.223 0.2355 0.2355 0.2175 0.2175 0.223 0.223 0.223 0.2215 0.2215 0.224 0.224 0.237 0.237 0.237 0.237 0.237 0.2415 0.2415 0.249 0.249 0.249 0.254 0.254 0.2415 0.2415 0.2425 0.2425 0.2535 0.2535 0.2535 0.246 0.246 0.2325 0.2325 0.2285 0.2285 0.2285 0.247 0.247 0.2325 0.2325 0.249 0.249 0.249 0.264 0.264 0.254 0.254 0.2465 0.2465 0.2465 0.2235
0.234 0.234 0.2215 0.2215 0.209 0.209 0.2065 0.2065 0.2065 0.212 0.212 0.211 0.211 0.225 0.225 0.2175 0.2175 0.2175 0.211 0.211 0.206 0.206 0.223 0.223 0.223 0.2355 0.2355 0.2175 0.2175 0.223 0.223 0.223 0.2215 0.2215 0.224 0.224 0.237 0.237 0.237 0.237 0.237 0.2415 0.2415 0.249 0.249 0.249 0.254 0.254 0.2415 0.2415 0.2425 0.2425 0.2535 0.2535 0.2535 0.246 0.246 0.2325 0.2325 0.2285 0.2285 0.2285 0.247 0.247 0.2325 0.2325 0.249 0.249 0.249 0.264 0.264 0.254 0.254 0.2465 0.2465 0.2465 0.2235
0.212 0.212 0.2145 0.2145 0.2285 0.2285 0.227 0.227 0.227 0.2365 0.2365 0.2155 0.2155 0.215 0.215 0.216 0.216 0.216 0.2245 0.2245 0.229 0.229 0.2505 0.2505 0.2505 0.232 0.232 0.228 0.228 0.228 0.228 0.228 0.2325 0.2325 0.251 0.251 0.2435 0.2435 0.2435 0.2495 0.2495 0.2505 0.2505 0.254 0.254 0.254 0.2625 0.2625 0.253 0.253 0.2585 0.2585 0.2545 0.2545 0.2545 0.263 0.263 0.23 0.23 0.2265 0.2265 0.2265 0.2295 0.2295 0.2575 0.2575 0.2465 0.2465 0.2465 0.254 0.254 0.229 0.229 0.23 0.23 0.23 0.2185
0.212 0.212 0.2145 0.2145 0.2285 0.2285 0.227 0.227 0.227 0.2365 0.2365 0.2155 0.2155 0.215 0.215 0.216 0.216 0.216 0.2245 0.2245 0.229 0.229 0.2505 0.2505 0.2505 0.232 0.232 0.228 0.228 0.228 0.228 0.228 0.2325 0.2325 0.251 0.251 0.2435 0.2435 0.2435 0.2495 0.2495 0.2505 0.2505 0.254 0.254 0.254 0.2625 0.2625 0.253 0.253 0.2585 0.2585 0.2545 0.2545 0.2545 0.263 0.263 0.23 0.23 0.2265 0.2265 0.2265 0.2295 0.2295 0.2575 0.2575 0.2465 0.2465 0.2465 0.254 0.254 0.229 0.229 0.23 0.23 0.23 0.2185
0.235 0.235 0.2375 0.2375 0.2285 0.2285 0.221 0.221 0.221 0.2275 0.2275 0.231 0.231 0.2125 0.2125 0.218 0.218 0.218 0.22 0.22 0.218 0.218 0.215 0.215 0.215 0.2315 0.2315 0.227 0.227 0.2315 0.2315 0.2315 0.237 0.237 0.237 0.237 0.26 0.26 0.26 0.2395 0.2395 0.242 0.242 0.2495 0.2495 0.2495 0.239 0.239 0.2475 0.2475 0.241 0.241 0.2655 0.2655 0.2655 0.241 0.241 0.2435 0.2435 0.231 0.231 0.231 0.242 0.242 0.2375 0.2375 0.251 0.251 0.251 0.235 0.235 0.219 0.219 0.221 0.221 0.221 0.2105
0.235 0.235 0.2375 0.2375 0.2285 0.2285 0.221 0.221 0.221 0.2275 0.2275 0.231 0.231 0.2125 0.2125 0.218 0.218 0.218 0.22 0.22 0.218 0.218 0.215 0.215 0.215 0.2315 0.2315 0.227 0.227 0.2315 0.2315 0.2315 0.237 0.237 0.237 0.237 0.26 0.26 0.26 0.2395 0.2395 0.242 0.242 0.2495 0.2495 0.2495 0.239 0.239 0.2475 0.2475 0.241 0.241 0.2655 0.2655 0.2655 0.241 0.241 0.2435 0.2435 0.231 0.231 0.231 0.242 0.242 0.2375 0.2375 0.251 0.251 0.251 0.235 0.235 0.219 0.219 0.221 0.221 0.221 0.2105
