ndvi/NOAA-128.asc
ncols         252
nrows         154
xllcorner     -18.017974
yllcorner     13.481982
cellsize      0.035948
NODATA_value  -9999
[rows 102 to 135 of 154, columns 0 to 76 of 252]
-1 -1 -1 -1 -1 -1 -1 -1 -1 -1 -1 -1 -1 -1 -1 -1 -1 -1 -1 -1 -1 -1 -1 -1 -1 0.0562 0.0562 0.0562 0.1205 0.1205 0.332 0.332 0.324 0.324 0.324 0.269 0.269 0.27 0.27 0.263 0.263 0.263 0.288 0.288 0.2875 0.2875 0.328 0.328 0.328 0.3745 0.3745 0.355 0.355 0.325 0.325 0.3755 0.3755 0.3755 0.357 0.357 0.3975 0.3975 0.3975 0.3975 0.3975 0.3695 0.3695 0.3685 0.3685 0.3705 0.3705 0.3705 0.381 0.381 0.4095 0.4095 0.381
-1 -1 -1 -1 -1 -1 -1 -1 -1 -1 -1 -1 -1 -1 -1 -1 -1 -1 -1 -1 -1 -1 -1 0.0147 0.0147 0.2105 0.2105 0.2105 0.3235 0.3235 0.285 0.285 0.27 0.27 0.27 0.2905 0.2905 0.303 0.303 0.2995 0.2995 0.2995 0.3365 0.3365 0.3255 0.3255 0.309 0.309 0.309 0.3025 0.3025 0.3185 0.3185 0.3125 0.3125 0.3445 0.3445 0.3445 0.351 0.351 0.359 0.359 0.359 0.359 0.359 0.3795 0.3795 0.3745 0.3745 0.38 0.38 0.38 0.4225 0.4225 0.4035 0.4035 0.427
-1 -1 -1 -1 -1 -1 -1 -1 -1 -1 -1 -1 -1 -1 -1 -1 -1 -1 -1 -1 -1 -1 -1 0.0147 0.0147 0.2105 0.2105 0.2105 0.3235 0.3235 0.285 0.285 0.27 0.27 0.27 0.2905 0.2905 0.303 0.303 0.2995 0.2995 0.2995 0.3365 0.3365 0.3255 0.3255 0.309 0.309 0.309 0.3025 0.3025 0.3185 0.3185 0.3125 0.3125 0.3445 0.3445 0.3445 0.351 0.351 0.359 0.359 0.359 0.359 0.359 0.3795 0.3795 0.3745 0.3745 0.38 0.38 0.38 0.4225 0.4225 0.4035 0.4035 0.427
-1 -1 -1 -1 -1 -1 -1 -1 -1 -1 -1 -1 -1 -1 -1 -1 -1 -1 -1 -1 -1 -1 -1 0.0147 0.0147 0.2105 0.2105 0.2105 0.3235 0.3235 0.285 0.285 0.27 0.27 0.27 0.2905 0.2905 0.303 0.303 0.2995 0.2995 0.2995 0.3365 0.3365 0.3255 0.3255 0.309 0.309 0.309 0.3025 0.3025 0.3185 0.3185 0.3125 0.3125 0.3445 0.3445 0.3445 0.351 0.351 0.359 0.359 0.359 0.359 0.359 0.3795 0.3795 0.3745 0.3745 0.38 0.38 0.38 0.4225 0.4225 0.4035 0.4035 0.427
-1 -1 -1 -1 -1 -1 -1 -1 -1 -1 -1 -1 -1 -1 -1 -1 -1 -1 -1 -1 -1 0.0532 0.0532 0.167 0.167 0.333 0.333 0.333 0.32 0.32 0.285 0.285 0.2825 0.2825 0.2825 0.313 0.313 0.3 0.3 0.3165 0.3165 0.3165 0.34 0.34 0.334 0.334 0.2845 0.2845 0.2845 0.3065 0.3065 0.31 0.31 0.3175 0.3175 0.285 0.285 0.285 0.3385 0.3385 0.357 0.357 0.357 0.357 0.357 0.3815 0.3815 0.402 0.402 0.4195 0.4195 0.4195 0.417 0.417 0.439 0.439 0.395
-1 -1 -1 -1 -1 -1 -1 -1 -1 -1 -1 -1 -1 -1 -1 -1 -1 -1 -1 -1 -1 0.0532 0.0532 0.167 0.167 0.333 0.333 0.333 0.32 0.32 0.285 0.285 0.2825 0.2825 0.2825 0.313 0.313 0.3 0.3 0.3165 0.3165 0.3165 0.34 0.34 0.334 0.334 0.2845 0.2845 0.2845 0.3065 0.3065 0.31 0.31 0.3175 0.3175 0.285 0.285 0.285 0.3385 0.3385 0.357 0.357 0.357 0.357 0.357 0.3815 0.3815 0.402 0.402 0.4195 0.4195 0.4195 0.417 0.417 0.439 0.439 0.395
-1 -1 -1 -1 -1 -1 -1 -1 -1 -1 -1 -1 -1 -1 -1 -1 -1 -1 -1 -1 -1 0.1055 0.1055 0.3715 0.3715 0.401 0.401 0.401 0.353 0.353 0.325 0.325 0.3425 0.3425 0.3425 0.33 0.33 0.326 0.326 0.3675 0.3675 0.3675 0.386 0.386 0.352 0.352 0.313 0.313 0.313 0.3355 0.3355 0.357 0.357 0.3595 0.3595 0.3365 0.3365 0.3365 0.3335 0.3335 0.3785 0.3785 0.3785 0.3785 0.3785 0.382 0.382 0.428 0.428 0.4605 0.4605 0.4605 0.4425 0.4425 0.4015 0.4015 0.4245
-1 -1 -1 -1 -1 -1 -1 -1 -1 -1 -1 -1 -1 -1 -1 -1 -1 -1 -1 -1 -1 0.1055 0.1055 0.3715 0.3715 0.401 0.401 0.401 0.353 0.353 0.325 0.325 0.3425 0.3425 0.3425 0.33 0.33 0.326 0.326 0.3675 0.3675 0.3675 0.386 0.386 0.352 0.352 0.313 0.313 0.313 0.3355 0.3355 0.357 0.357 0.3595 0.3595 0.3365 0.3365 0.3365 0.3335 0.3335 0.3785 0.3785 0.3785 0.3785 0.3785 0.382 0.382 0.428 0.428 0.4605 0.4605 0.4605 0.4425 0.4425 0.4015 0.4015 0.4245
-1 -1 -1 -1 -1 -1 -1 -1 -1 -1 -1 -1 -1 -1 -1 -1 -1 -1 0.1286 0.1286 0.1286 0.334 0.334 0.324 0.324 0.34 0.34 0.34 0.3635 0.3635 0.392 0.392 0.381 0.381 0.381 0.3555 0.3555 0.3515 0.3515 0.374 0.374 0.374 0.3845 0.3845 0.3565 0.3565 0.343 0.343 0.343 0.3565 0.3565 0.3325 0.3325 0.3495 0.3495 0.325 0.325 0.325 0.3075 0.3075 0.3725 0.3725 0.3725 0.3725 0.3725 0.3765 0.3765 0.399 0.399 0.4175 0.4175 0.4175 0.3965 0.3965 0.3815 0.3815 0.38
-1 -1 -1 -1 -1 -1 -1 -1 -1 -1 -1 -1 -1 -1 -1 -1 -1 -1 0.1286 0.1286 0.1286 0.334 0.334 0.324 0.324 0.34 0.34 0.34 0.3635 0.3635 0.392 0.392 0.381 0.381 0.381 0.3555 0.3555 0.3515 0.3515 0.374 0.374 0.374 0.3845 0.3845 0.3565 0.3565 0.343 0.343 0.343 0.3565 0.3565 0.3325 0.3325 0.3495 0.3495 0.325 0.325 0.325 0.3075 0.3075 0.3725 0.3725 0.3725 0.3725 0.3725 0.3765 0.3765 0.399 0.399 0.4175 0.4175 0.4175 0.3965 0.3965 0.3815 0.3815 0.38
-1 -1 -1 -1 -1 -1 -1 -1 -1 -1 -1 -1 -1 -1 -1 -1 -1 -1 0.1286 0.1286 0.1286 0.334 0.334 0.324 0.324 0.34 0.34 0.34 0.3635 0.3635 0.392 0.392 0.381 0.381 0.381 0.3555 0.3555 0.3515 0.3515 0.374 0.374 0.374 0.3845 0.3845 0.3565 0.3565 0.343 0.343 0.343 0.3565 0.3565 0.3325 0.3325 0.3495 0.3495 0.325 0.325 0.325 0.3075 0.3075 0.3725 0.3725 0.3725 0.3725 0.3725 0.3765 0.3765 0.399 0.399 0.4175 0.4175 0.4175 0.3965 0.3965 0.3815 0.3815 0.38
-1 -1 -1 -1 -1 -1 -1 -1 -1 -1 -1 -1 -1 -1 -1 -1 0.2012 0.2012 0.4905 0.4905 0.4905 0.426 0.426 0.3715 0.3715 0.365 0.365 0.365 0.375 0.375 0.403 0.403 0.3825 0.3825 0.3825 0.3615 0.3615 0.341 0.341 0.3815 0.3815 0.3815 0.38 0.38 0.368 0.368 0.3385 0.3385 0.3385 0.326 0.326 0.297 0.297 0.2915 0.2915 0.3015 0.3015 0.3015 0.3135 0.3135 0.304 0.304 0.304 0.304 0.304 0.3495 0.3495 0.393 0.393 0.3995 0.3995 0.3995 0.3935 0.3935 0.344 0.344 0.427
-1 -1 -1 -1 -1 -1 -1 -1 -1 -1 -1 -1 -1 -1 -1 -1 0.2012 0.2012 0.4905 0.4905 0.4905 0.426 0.426 0.3715 0.3715 0.365 0.365 0.365 0.375 0.375 0.403 0.403 0.3825 0.3825 0.3825 0.3615 0.3615 0.341 0.341 0.3815 0.3815 0.3815 0.38 0.38 0.368 0.368 0.3385 0.3385 0.3385 0.326 0.326 0.297 0.297 0.2915 0.2915 0.3015 0.3015 0.3015 0.3135 0.3135 0.304 0.304 0.304 0.304 0.304 0.3495 0.3495 0.393 0.393 0.3995 0.3995 0.3995 0.3935 0.3935 0.344 0.344 0.427
-1 -1 -1 -1 -1 -1 -1 -1 -1 -1 -1 -1 0.1257 0.1257 0.157 0.157 0.1725 0.1725 0.472 0.472 0.472 0.474 0.474 0.4135 0.4135 0.348 0.348 0.348 0.367 0.367 0.36 0.36 0.374 0.374 0.374 0.37 0.37 0.403 0.403 0.421 0.421 0.421 0.35 0.35 0.359 0.359 0.3035 0.3035 0.3035 0.3115 0.3115 0.2995 0.2995 0.264 0.264 0.283 0.283 0.283 0.323 0.323 0.2945 0.2945 0.2945 0.2945 0.2945 0.338 0.338 0.373 0.373 0.385 0.385 0.385 0.375 0.375 0.3695 0.3695 0.5305
-1 -1 -1 -1 -1 -1 -1 -1 -1 -1 -1 -1 0.1257 0.1257 0.157 0.157 0.1725 0.1725 0.472 0.472 0.472 0.474 0.474 0.4135 0.4135 0.348 0.348 0.348 0.367 0.367 0.36 0.36 0.374 0.374 0.374 0.37 0.37 0.403 0.403 0.421 0.421 0.421 0.35 0.35 0.359 0.359 0.3035 0.3035 0.3035 0.3115 0.3115 0.2995 0.2995 0.264 0.264 0.283 0.283 0.283 0.323 0.323 0.2945 0.2945 0.2945 0.2945 0.2945 0.338 0.338 0.373 0.373 0.385 0.385 0.385 0.375 0.375 0.3695 0.3695 0.5305
-1 -1 -1 -1 -1 -1 -1 -1 -1 0.0925 0.0925 0.0925 0.114 0.114 0.1202 0.1202 0.09819999 0.09819999 0.074 0.074 0.074 0.3675 0.3675 0.384 0.384 0.379 0.379 0.379 0.365 0.365 0.4005 0.4005 0.3785 0.3785 0.3785 0.3865 0.3865 0.3905 0.3905 0.4205 0.4205 0.4205 0.353 0.353 0.331 0.331 0.309 0.309 0.309 0.303 0.303 0.2905 0.2905 0.268 0.268 0.3045 0.3045 0.3045 0.3115 0.3115 0.3435 0.3435 0.3435 0.3435 0.3435 0.4045 0.4045 0.322 0.322 0.3775 0.3775 0.3775 0.397 0.397 0.3765 0.3765 0.498
-1 -1 -1 -1 -1 -1 -1 -1 -1 0.0925 0.0925 0.0925 0.114 0.114 0.1202 0.1202 0.09819999 0.09819999 0.074 0.074 0.074 0.3675 0.3675 0.384 0.384 0.379 0.379 0.379 0.365 0.365 0.4005 0.4005 0.3785 0.3785 0.3785 0.3865 0.3865 0.3905 0.3905 0.4205 0.4205 0.4205 0.353 0.353 0.331 0.331 0.309 0.309 0.309 0.303 0.303 0.2905 0.2905 0.268 0.268 0.3045 0.3045 0.3045 0.3115 0.3115 0.3435 0.3435 0.3435 0.3435 0.3435 0.4045 0.4045 0.322 0.322 0.3775 0.3775 0.3775 0.397 0.397 0.3765 0.3765 0.498
-1 -1 -1 -1 -1 -1 -1 -1 -1 0.0925 0.0925 0.0925 0.114 0.114 0.1202 0.1202 0.09819999 0.09819999 0.074 0.074 0.074 0.3675 0.3675 0.384 0.384 0.379 0.379 0.379 0.365 0.365 0.4005 0.4005 0.3785 0.3785 0.3785 0.3865 0.3865 0.3905 0.3905 0.4205 0.4205 0.4205 0.353 0.353 0.331 0.331 0.309 0.309 0.309 0.303 0.303 0.2905 0.2905 0.268 0.268 0.3045 0.3045 0.3045 0.3115 0.3115 0.3435 0.3435 0.3435 0.3435 0.3435 0.4045 0.4045 0.322 0.322 0.3775 0.3775 0.3775 0.397 0.397 0.3765 0.3765 0.498
-1 -1 -1 -1 -1 -1 -1 -1 -1 -1 -1 -1 0.0807 0.0807 0.0657 0.0657 0.1042 0.1042 0.0625 0.0625 0.0625 0.245 0.245 0.383 0.383 0.4095 0.4095 0.4095 0.3585 0.3585 0.389 0.389 0.368 0.368 0.368 0.368 0.368 0.339 0.339 0.4025 0.4025 0.4025 0.3505 0.3505 0.339 0.339 0.3595 0.3595 0.3595 0.3155 0.3155 0.2835 0.2835 0.2545 0.2545 0.266 0.266 0.266 0.3325 0.3325 0.3615 0.3615 0.3615 0.3615 0.3615 0.3755 0.3755 0.425 0.425 0.4565 0.4565 0.4565 0.423 0.423 0.4165 0.4165 0.523
-1 -1 -1 -1 -1 -1 -1 -1 -1 -1 -1 -1 0.0807 0.0807 0.0657 0.0657 0.1042 0.1042 0.0625 0.0625 0.0625 0.245 0.245 0.383 0.383 0.4095 0.4095 0.4095 0.3585 0.3585 0.389 0.389 0.368 0.368 0.368 0.368 0.368 0.339 0.339 0.4025 0.4025 0.4025 0.3505 0.3505 0.339 0.339 0.3595 0.3595 0.3595 0.3155 0.3155 0.2835 0.2835 0.2545 0.2545 0.266 0.266 0.266 0.3325 0.3325 0.3615 0.3615 0.3615 0.3615 0.3615 0.3755 0.3755 0.425 0.425 0.4565 0.4565 0.4565 0.423 0.423 0.4165 0.4165 0.523
-1 -1 -1 -1 -1 -1 -1 -1 -1 -1 -1 -1 -1 -1 -1 -1 -1 -1 0.0642 0.0642 0.0642 0.1765 0.1765 0.345 0.345 0.3265 0.3265 0.3265 0.3675 0.3675 0.3595 0.3595 0.387 0.387 0.387 0.3475 0.3475 0.3375 0.3375 0.339 0.339 0.339 0.3345 0.3345 0.3075 0.3075 0.2945 0.2945 0.2945 0.278 0.278 0.265 0.265 0.261 0.261 0.2805 0.2805 0.2805 0.3305 0.3305 0.354 0.354 0.354 0.354 0.354 0.41 0.41 0.4285 0.4285 0.4825 0.4825 0.4825 0.4535 0.4535 0.4395 0.4395 0.4975
-1 -1 -1 -1 -1 -1 -1 -1 -1 -1 -1 -1 -1 -1 -1 -1 -1 -1 0.0642 0.0642 0.0642 0.1765 0.1765 0.345 0.345 0.3265 0.3265 0.3265 0.3675 0.3675 0.3595 0.3595 0.387 0.387 0.387 0.3475 0.3475 0.3375 0.3375 0.339 0.339 0.339 0.3345 0.3345 0.3075 0.3075 0.2945 0.2945 0.2945 0.278 0.278 0.265 0.265 0.261 0.261 0.2805 0.2805 0.2805 0.3305 0.3305 0.354 0.354 0.354 0.354 0.354 0.41 0.41 0.4285 0.4285 0.4825 0.4825 0.4825 0.4535 0.4535 0.4395 0.4395 0.4975
-1 -1 -1 -1 -1 -1 -1 -1 -1 -1 -1 -1 -1 -1 -1 -1 -1 -1 -1 -1 -1 0.1226 0.1226 0.2325 0.2325 0.371 0.371 0.371 0.3975 0.3975 0.434 0.434 0.378 0.378 0.378 0.352 0.352 0.324 0.324 0.3195 0.3195 0.3195 0.3505 0.3505 0.329 0.329 0.294 0.294 0.294 0.285 0.285 0.2955 0.2955 0.308 0.308 0.325 0.325 0.325 0.363 0.363 0.376 0.376 0.376 0.376 0.376 0.397 0.397 0.387 0.387 0.4575 0.4575 0.4575 0.532 0.532 0.5355 0.5355 0.4965
-1 -1 -1 -1 -1 -1 -1 -1 -1 -1 -1 -1 -1 -1 -1 -1 -1 -1 -1 -1 -1 0.1226 0.1226 0.2325 0.2325 0.371 0.371 0.371 0.3975 0.3975 0.434 0.434 0.378 0.378 0.378 0.352 0.352 0.324 0.324 0.3195 0.3195 0.3195 0.3505 0.3505 0.329 0.329 0.294 0.294 0.294 0.285 0.285 0.2955 0.2955 0.308 0.308 0.325 0.325 0.325 0.363 0.363 0.376 0.376 0.376 0.376 0.376 0.397 0.397 0.387 0.387 0.4575 0.4575 0.4575 0.532 0.532 0.5355 0.5355 0.4965
-1 -1 -1 -1 -1 -1 -1 -1 -1 -1 -1 -1 -1 -1 -1 -1 -1 -1 -1 -1 -1 0.0927 0.0927 0.1542 0.1542 0.359 0.359 0.359 0.5549999 0.5549999 0.5645 0.5645 0.4345 0.4345 0.4345 0.376 0.376 0.279 0.279 0.25 0.25 0.25 0.3025 0.3025 0.323 0.323 0.342 0.342 0.342 0.3215 0.3215 0.324 0.324 0.373 0.373 0.366 0.366 0.366 0.4085 0.4085 0.455 0.455 0.455 0.455 0.455 0.453 0.453 0.4275 0.4275 0.451 0.451 0.451 0.4155 0.4155 0.454 0.454 0.4445
-1 -1 -1 -1 -1 -1 -1 -1 -1 -1 -1 -1 -1 -1 -1 -1 -1 -1 -1 -1 -1 0.0927 0.0927 0.1542 0.1542 0.359 0.359 0.359 0.5549999 0.5549999 0.5645 0.5645 0.4345 0.4345 0.4345 0.376 0.376 0.279 0.279 0.25 0.25 0.25 0.3025 0.3025 0.323 0.323 0.342 0.342 0.342 0.3215 0.3215 0.324 0.324 0.373 0.373 0.366 0.366 0.366 0.4085 0.4085 0.455 0.455 0.455 0.455 0.455 0.453 0.453 0.4275 0.4275 0.451 0.451 0.451 0.4155 0.4155 0.454 0.454 0.4445
-1 -1 -1 -1 -1 -1 -1 -1 -1 -1 -1 -1 -1 -1 -1 -1 -1 -1 -1 -1 -1 0.0927 0.0927 0.1542 0.1542 0.359 0.359 0.359 0.5549999 0.5549999 0.5645 0.5645 0.4345 0.4345 0.4345 0.376 0.376 0.279 0.279 0.25 0.25 0.25 0.3025 0.3025 0.323 0.323 0.342 0.342 0.342 0.3215 0.3215 0.324 0.324 0.373 0.373 0.366 0.366 0.366 0.4085 0.4085 0.455 0.455 0.455 0.455 0.455 0.453 0.453 0.4275 0.4275 0.451 0.451 0.451 0.4155 0.4155 0.454 0.454 0.4445
-1 -1 -1 -1 -1 -1 -1 -1 -1 -1 -1 -1 -1 -1 -1 -1 -1 -1 -1 -1 -1 -1 -1 0.1062 0.1062 0.1315 0.1315 0.1315 0.39 0.39 0.484 0.484 0.4325 0.4325 0.4325 0.33 0.33 0.173 0.173 0.129 0.129 0.129 0.257 0.257 0.329 0.329 0.3505 0.3505 0.3505 0.383 0.383 0.3645 0.3645 0.3895 0.3895 0.4165 0.4165 0.4165 0.4955 0.4955 0.4395 0.4395 0.4395 0.4395 0.4395 0.4425 0.4425 0.465 0.465 0.4285 0.4285 0.4285 0.428 0.428 0.401 0.401 0.4335
-1 -1 -1 -1 -1 -1 -1 -1 -1 -1 -1 -1 -1 -1 -1 -1 -1 -1 -1 -1 -1 -1 -1 0.1062 0.1062 0.1315 0.1315 0.1315 0.39 0.39 0.484 0.484 0.4325 0.4325 0.4325 0.33 0.33 0.173 0.173 0.129 0.129 0.129 0.257 0.257 0.329 0.329 0.3505 0.3505 0.3505 0.383 0.383 0.3645 0.3645 0.3895 0.3895 0.4165 0.4165 0.4165 0.4955 0.4955 0.4395 0.4395 0.4395 0.4395 0.4395 0.4425 0.4425 0.465 0.465 0.4285 0.4285 0.4285 0.428 0.428 0.401 0.401 0.4335
-1 -1 -1 -1 -1 -1 -1 -1 -1 -1 -1 -1 -1 -1 -1 -1 -1 -1 -1 -1 -1 -1 -1 -1 -1 0.1599 0.1599 0.1599 0.243 0.243 0.34 0.34 0.336 0.336 0.336 0.2285 0.2285 0.188 0.188 0.16 0.16 0.16 0.2405 0.2405 0.3315 0.3315 0.3815 0.3815 0.3815 0.3035 0.3035 0.3935 0.3935 0.441 0.441 0.4315 0.4315 0.4315 0.4595 0.4595 0.459 0.459 0.459 0.459 0.459 0.4525 0.4525 0.454 0.454 0.492 0.492 0.492 0.4545 0.4545 0.416 0.416 0.474
-1 -1 -1 -1 -1 -1 -1 -1 -1 -1 -1 -1 -1 -1 -1 -1 -1 -1 -1 -1 -1 -1 -1 -1 -1 0.1599 0.1599 0.1599 0.243 0.243 0.34 0.34 0.336 0.336 0.336 0.2285 0.2285 0.188 0.188 0.16 0.16 0.16 0.2405 0.2405 0.3315 0.3315 0.3815 0.3815 0.3815 0.3035 0.3035 0.3935 0.3935 0.441 0.441 0.4315 0.4315 0.4315 0.4595 0.4595 0.459 0.459 0.459 0.459 0.459 0.4525 0.4525 0.454 0.454 0.492 0.492 0.492 0.4545 0.4545 0.416 0.416 0.474
-1 -1 -1 -1 -1 -1 -1 -1 -1 -1 -1 -1 -1 -1 -1 -1 -1 -1 -1 -1 -1 -1 -1 -1 -1 0.0587 0.0587 0.0587 0.1182 0.1182 0.241 0.241 0.302 0.302 0.302 0.338 0.338 0.202 0.202 0.3425 0.3425 0.3425 0.609 0.609 0.502 0.502 0.6445 0.6445 0.6445 0.344 0.344 0.37 0.37 0.399 0.399 0.4185 0.4185 0.4185 0.4545 0.4545 0.4645 0.4645 0.4645 0.4645 0.4645 0.406 0.406 0.377 0.377 0.373 0.373 0.373 0.371 0.371 0.3905 0.3905 0.3915
-1 -1 -1 -1 -1 -1 -1 -1 -1 -1 -1 -1 -1 -1 -1 -1 -1 -1 -1 -1 -1 -1 -1 -1 -1 0.0587 0.0587 0.0587 0.1182 0.1182 0.241 0.241 0.302 0.302 0.302 0.338 0.338 0.202 0.202 0.3425 0.3425 0.3425 0.609 0.609 0.502 0.502 0.6445 0.6445 0.6445 0.344 0.344 0.37 0.37 0.399 0.399 0.4185 0.4185 0.4185 0.4545 0.4545 0.4645 0.4645 0.4645 0.4645 0.4645 0.406 0.406 0.377 0.377 0.373 0.373 0.373 0.371 0.371 0.3905 0.3905 0.3915
-1 -1 -1 -1 -1 -1 -1 -1 -1 -1 -1 -1 -1 -1 -1 -1 -1 -1 -1 -1 -1 -1 -1 -1 -1 0.0587 0.0587 0.0587 0.1182 0.1182 0.241 0.241 0.302 0.302 0.302 0.338 0.338 0.202 0.202 0.3425 0.3425 0.3425 0.609 0.609 0.502 0.502 0.6445 0.6445 0.6445 0.344 0.344 0.37 0.37 0.399 0.399 0.4185 0.4185 0.4185 0.4545 0.4545 0.4645 0.4645 0.4645 0.4645 0.4645 0.406 0.406 0.377 0.377 0.373 0.373 0.373 0.371 0.371 0.3905 0.3905 0.3915
