ndvi/NOAA-15.asc
ncols         252
nrows         154
xllcorner     -18.017974
yllcorner     13.481982
cellsize      0.035948
NODATA_value  -9999
[rows 105 to 139 of 154, columns 0 to 76 of 252]
-1 -1 -1 -1 -1 -1 -1 -1 -1 -1 -1 -1 -1 -1 -1 -1 -1 -1 -1 -1 -1 -1 -1 0.0026 0.0026 0.1755 0.1755 0.1755 0.2975 0.2975 0.248 0.248 0.2245 0.2245 0.2245 0.2335 0.2335 0.2485 0.2485 0.2515 0.2515 0.2515 0.2405 0.2405 0.245 0.245 0.241 0.241 0.241 0.2415 0.2415 0.243 0.243 0.2465 0.2465 0.244 0.244 0.244 0.271 0.271 0.266 0.266 0.266 0.266 0.266 0.256 0.256 0.2525 0.2525 0.258 0.258 0.258 0.236 0.236 0.2435 0.2435 0.229
-1 -1 -1 -1 -1 -1 -1 -1 -1 -1 -1 -1 -1 -1 -1 -1 -1 -1 -1 -1 -1 0.006 0.006 0.1655 0.1655 0.2895 0.2895 0.2895 0.251 0.251 0.2445 0.2445 0.2495 0.2495 0.2495 0.2505 0.2505 0.2515 0.2515 0.2585 0.2585 0.2585 0.254 0.254 0.248 0.248 0.244 0.244 0.244 0.242 0.242 0.2445 0.2445 0.2415 0.2415 0.244 0.244 0.244 0.2525 0.2525 0.2585 0.2585 0.2585 0.2585 0.2585 0.257 0.257 0.27 0.27 0.2635 0.2635 0.2635 0.261 0.261 0.239 0.239 0.2275
-1 -1 -1 -1 -1 -1 -1 -1 -1 -1 -1 -1 -1 -1 -1 -1 -1 -1 -1 -1 -1 0.006 0.006 0.1655 0.1655 0.2895 0.2895 0.2895 0.251 0.251 0.2445 0.2445 0.2495 0.2495 0.2495 0.2505 0.2505 0.2515 0.2515 0.2585 0.2585 0.2585 0.254 0.254 0.248 0.248 0.244 0.244 0.244 0.242 0.242 0.2445 0.2445 0.2415 0.2415 0.244 0.244 0.244 0.2525 0.2525 0.2585 0.2585 0.2585 0.2585 0.2585 0.257 0.257 0.27 0.27 0.2635 0.2635 0.2635 0.261 0.261 0.239 0.239 0.2275
-1 -1 -1 -1 -1 -1 -1 -1 -1 -1 -1 -1 -1 -1 -1 -1 -1 -1 -1 -1 -1 0.1445 0.1445 0.3045 0.3045 0.277 0.277 0.277 0.2725 0.2725 0.2555 0.2555 0.2555 0.2555 0.2555 0.2555 0.2555 0.2575 0.2575 0.2575 0.2575 0.2575 0.2535 0.2535 0.2605 0.2605 0.2655 0.2655 0.2655 0.2535 0.2535 0.2525 0.2525 0.234 0.234 0.2375 0.2375 0.2375 0.237 0.237 0.254 0.254 0.254 0.254 0.254 0.26 0.26 0.2765 0.2765 0.268 0.268 0.268 0.2595 0.2595 0.2465 0.2465 0.2395
-1 -1 -1 -1 -1 -1 -1 -1 -1 -1 -1 -1 -1 -1 -1 -1 -1 -1 -1 -1 -1 0.1445 0.1445 0.3045 0.3045 0.277 0.277 0.277 0.2725 0.2725 0.2555 0.2555 0.2555 0.2555 0.2555 0.2555 0.2555 0.2575 0.2575 0.2575 0.2575 0.2575 0.2535 0.2535 0.2605 0.2605 0.2655 0.2655 0.2655 0.2535 0.2535 0.2525 0.2525 0.234 0.234 0.2375 0.2375 0.2375 0.237 0.237 0.254 0.254 0.254 0.254 0.254 0.26 0.26 0.2765 0.2765 0.268 0.268 0.268 0.2595 0.2595 0.2465 0.2465 0.2395
-1 -1 -1 -1 -1 -1 -1 -1 -1 -1 -1 -1 -1 -1 -1 -1 -1 -1 0.1181 0.1181 0.1181 0.282 0.282 0.287 0.287 0.286 0.286 0.286 0.292 0.292 0.2785 0.2785 0.2565 0.2565 0.2565 0.257 0.257 0.25 0.25 0.252 0.252 0.252 0.261 0.261 0.2525 0.2525 0.261 0.261 0.261 0.257 0.257 0.26 0.26 0.2435 0.2435 0.238 0.238 0.238 0.2445 0.2445 0.2425 0.2425 0.2425 0.2425 0.2425 0.244 0.244 0.255 0.255 0.2625 0.2625 0.2625 0.2425 0.2425 0.2415 0.2415 0.245
-1 -1 -1 -1 -1 -1 -1 -1 -1 -1 -1 -1 -1 -1 -1 -1 -1 -1 0.1181 0.1181 0.1181 0.282 0.282 0.287 0.287 0.286 0.286 0.286 0.292 0.292 0.2785 0.2785 0.2565 0.2565 0.2565 0.257 0.257 0.25 0.25 0.252 0.252 0.252 0.261 0.261 0.2525 0.2525 0.261 0.261 0.261 0.257 0.257 0.26 0.26 0.2435 0.2435 0.238 0.238 0.238 0.2445 0.2445 0.2425 0.2425 0.2425 0.2425 0.2425 0.244 0.244 0.255 0.255 0.2625 0.2625 0.2625 0.2425 0.2425 0.2415 0.2415 0.245
-1 -1 -1 -1 -1 -1 -1 -1 -1 -1 -1 -1 -1 -1 -1 -1 -1 -1 0.1181 0.1181 0.1181 0.282 0.282 0.287 0.287 0.286 0.286 0.286 0.292 0.292 0.2785 0.2785 0.2565 0.2565 0.2565 0.257 0.257 0.25 0.25 0.252 0.252 0.252 0.261 0.261 0.2525 0.2525 0.261 0.261 0.261 0.257 0.257 0.26 0.26 0.2435 0.2435 0.238 0.238 0.238 0.2445 0.2445 0.2425 0.2425 0.2425 0.2425 0.2425 0.244 0.244 0.255 0.255 0.2625 0.2625 0.2625 0.2425 0.2425 0.2415 0.2415 0.245
-1 -1 -1 -1 -1 -1 -1 -1 -1 -1 -1 -1 -1 -1 -1 -1 0.2501 0.2501 0.3315 0.3315 0.3315 0.3075 0.3075 0.281 0.281 0.2745 0.2745 0.2745 0.2895 0.2895 0.2865 0.2865 0.267 0.267 0.267 0.266 0.266 0.261 0.261 0.2615 0.2615 0.2615 0.252 0.252 0.243 0.243 0.2475 0.2475 0.2475 0.2525 0.2525 0.247 0.247 0.2385 0.2385 0.243 0.243 0.243 0.251 0.251 0.248 0.248 0.248 0.248 0.248 0.244 0.244 0.2335 0.2335 0.238 0.238 0.238 0.249 0.249 0.245 0.245 0.2525
-1 -1 -1 -1 -1 -1 -1 -1 -1 -1 -1 -1 -1 -1 -1 -1 0.2501 0.2501 0.3315 0.3315 0.3315 0.3075 0.3075 0.281 0.281 0.2745 0.2745 0.2745 0.2895 0.2895 0.2865 0.2865 0.267 0.267 0.267 0.266 0.266 0.261 0.261 0.2615 0.2615 0.2615 0.252 0.252 0.243 0.243 0.2475 0.2475 0.2475 0.2525 0.2525 0.247 0.247 0.2385 0.2385 0.243 0.243 0.243 0.251 0.251 0.248 0.248 0.248 0.248 0.248 0.244 0.244 0.2335 0.2335 0.238 0.238 0.238 0.249 0.249 0.245 0.245 0.2525
-1 -1 -1 -1 -1 -1 -1 -1 -1 -1 -1 -1 0.1746 0.1746 0.163 0.163 0.1845 0.1845 0.313 0.313 0.313 0.3225 0.3225 0.307 0.307 0.2975 0.2975 0.2975 0.301 0.301 0.3015 0.3015 0.258 0.258 0.258 0.2715 0.2715 0.271 0.271 0.2755 0.2755 0.2755 0.2675 0.2675 0.2575 0.2575 0.2495 0.2495 0.2495 0.241 0.241 0.244 0.244 0.2485 0.2485 0.2455 0.2455 0.2455 0.2505 0.2505 0.2505 0.2505 0.2505 0.2505 0.2505 0.246 0.246 0.238 0.238 0.2325 0.2325 0.2325 0.2405 0.2405 0.2475 0.2475 0.2635
-1 -1 -1 -1 -1 -1 -1 -1 -1 -1 -1 -1 0.1746 0.1746 0.163 0.163 0.1845 0.1845 0.313 0.313 0.313 0.3225 0.3225 0.307 0.307 0.2975 0.2975 0.2975 0.301 0.301 0.3015 0.3015 0.258 0.258 0.258 0.2715 0.2715 0.271 0.271 0.2755 0.2755 0.2755 0.2675 0.2675 0.2575 0.2575 0.2495 0.2495 0.2495 0.241 0.241 0.244 0.244 0.2485 0.2485 0.2455 0.2455 0.2455 0.2505 0.2505 0.2505 0.2505 0.2505 0.2505 0.2505 0.246 0.246 0.238 0.238 0.2325 0.2325 0.2325 0.2405 0.2405 0.2475 0.2475 0.2635
-1 -1 -1 -1 -1 -1 -1 -1 -1 0.1586 0.1586 0.1586 0.1235 0.1235 0.1402 0.1402 0.1132 0.1132 0.086 0.086 0.086 0.264 0.264 0.2925 0.2925 0.2965 0.2965 0.2965 0.2905 0.2905 0.291 0.291 0.272 0.272 0.272 0.2665 0.2665 0.2735 0.2735 0.257 0.257 0.257 0.2595 0.2595 0.2515 0.2515 0.2425 0.2425 0.2425 0.2385 0.2385 0.2355 0.2355 0.2385 0.2385 0.241 0.241 0.241 0.2535 0.2535 0.2515 0.2515 0.2515 0.2515 0.2515 0.243 0.243 0.26 0.26 0.2605 0.2605 0.2605 0.241 0.241 0.2445 0.2445 0.252
-1 -1 -1 -1 -1 -1 -1 -1 -1 0.1586 0.1586 0.1586 0.1235 0.1235 0.1402 0.1402 0.1132 0.1132 0.086 0.086 0.086 0.264 0.264 0.2925 0.2925 0.2965 0.2965 0.2965 0.2905 0.2905 0.291 0.291 0.272 0.272 0.272 0.2665 0.2665 0.2735 0.2735 0.257 0.257 0.257 0.2595 0.2595 0.2515 0.2515 0.2425 0.2425 0.2425 0.2385 0.2385 0.2355 0.2355 0.2385 0.2385 0.241 0.241 0.241 0.2535 0.2535 0.2515 0.2515 0.2515 0.2515 0.2515 0.243 0.243 0.26 0.26 0.2605 0.2605 0.2605 0.241 0.241 0.2445 0.2445 0.252
-1 -1 -1 -1 -1 -1 -1 -1 -1 0.1586 0.1586 0.1586 0.1235 0.1235 0.1402 0.1402 0.1132 0.1132 0.086 0.086 0.086 0.264 0.264 0.2925 0.2925 0.2965 0.2965 0.2965 0.2905 0.2905 0.291 0.291 0.272 0.272 0.272 0.2665 0.2665 0.2735 0.2735 0.257 0.257 0.257 0.2595 0.2595 0.2515 0.2515 0.2425 0.2425 0.2425 0.2385 0.2385 0.2355 0.2355 0.2385 0.2385 0.241 0.241 0.241 0.2535 0.2535 0.2515 0.2515 0.2515 0.2515 0.2515 0.243 0.243 0.26 0.26 0.2605 0.2605 0.2605 0.241 0.241 0.2445 0.2445 0.252
-1 -1 -1 -1 -1 -1 -1 -1 -1 -1 -1 -1 0.1122 0.1122 0.1622 0.1622 0.1807 0.1807 0.1372 0.1372 0.1372 0.2335 0.2335 0.27 0.27 0.318 0.318 0.318 0.293 0.293 0.288 0.288 0.275 0.275 0.275 0.2615 0.2615 0.26 0.26 0.257 0.257 0.257 0.2605 0.2605 0.2575 0.2575 0.261 0.261 0.261 0.242 0.242 0.233 0.233 0.24 0.24 0.2335 0.2335 0.2335 0.2435 0.2435 0.2395 0.2395 0.2395 0.2395 0.2395 0.232 0.232 0.2365 0.2365 0.2465 0.2465 0.2465 0.265 0.265 0.2515 0.2515 0.2545
-1 -1 -1 -1 -1 -1 -1 -1 -1 -1 -1 -1 0.1122 0.1122 0.1622 0.1622 0.1807 0.1807 0.1372 0.1372 0.1372 0.2335 0.2335 0.27 0.27 0.318 0.318 0.318 0.293 0.293 0.288 0.288 0.275 0.275 0.275 0.2615 0.2615 0.26 0.26 0.257 0.257 0.257 0.2605 0.2605 0.2575 0.2575 0.261 0.261 0.261 0.242 0.242 0.233 0.233 0.24 0.24 0.2335 0.2335 0.2335 0.2435 0.2435 0.2395 0.2395 0.2395 0.2395 0.2395 0.232 0.232 0.2365 0.2365 0.2465 0.2465 0.2465 0.265 0.265 0.2515 0.2515 0.2545
-1 -1 -1 -1 -1 -1 -1 -1 -1 -1 -1 -1 -1 -1 -1 -1 -1 -1 0.1682 0.1682 0.1682 0.1015 0.1015 0.2485 0.2485 0.279 0.279 0.279 0.3015 0.3015 0.295 0.295 0.271 0.271 0.271 0.2645 0.2645 0.256 0.256 0.2495 0.2495 0.2495 0.248 0.248 0.25 0.25 0.2645 0.2645 0.2645 0.26 0.26 0.2545 0.2545 0.243 0.243 0.243 0.243 0.243 0.2465 0.2465 0.2425 0.2425 0.2425 0.2425 0.2425 0.238 0.238 0.24 0.24 0.253 0.253 0.253 0.2645 0.2645 0.263 0.263 0.2485
-1 -1 -1 -1 -1 -1 -1 -1 -1 -1 -1 -1 -1 -1 -1 -1 -1 -1 0.1682 0.1682 0.1682 0.1015 0.1015 0.2485 0.2485 0.279 0.279 0.279 0.3015 0.3015 0.295 0.295 0.271 0.271 0.271 0.2645 0.2645 0.256 0.256 0.2495 0.2495 0.2495 0.248 0.248 0.25 0.25 0.2645 0.2645 0.2645 0.26 0.26 0.2545 0.2545 0.243 0.243 0.243 0.243 0.243 0.2465 0.2465 0.2425 0.2425 0.2425 0.2425 0.2425 0.238 0.238 0.24 0.24 0.253 0.253 0.253 0.2645 0.2645 0.263 0.263 0.2485
-1 -1 -1 -1 -1 -1 -1 -1 -1 -1 -1 -1 -1 -1 -1 -1 -1 -1 -1 -1 -1 0.1717 0.1717 0.132 0.132 0.281 0.281 0.281 0.293 0.293 0.2925 0.2925 0.278 0.278 0.278 0.259 0.259 0.2645 0.2645 0.252 0.252 0.252 0.2575 0.2575 0.257 0.257 0.268 0.268 0.268 0.2725 0.2725 0.2655 0.2655 0.2665 0.2665 0.269 0.269 0.269 0.2615 0.2615 0.249 0.249 0.249 0.249 0.249 0.2395 0.2395 0.242 0.242 0.2455 0.2455 0.2455 0.243 0.243 0.2575 0.2575 0.2595
-1 -1 -1 -1 -1 -1 -1 -1 -1 -1 -1 -1 -1 -1 -1 -1 -1 -1 -1 -1 -1 0.1717 0.1717 0.132 0.132 0.281 0.281 0.281 0.293 0.293 0.2925 0.2925 0.278 0.278 0.278 0.259 0.259 0.2645 0.2645 0.252 0.252 0.252 0.2575 0.2575 0.257 0.257 0.268 0.268 0.268 0.2725 0.2725 0.2655 0.2655 0.2665 0.2665 0.269 0.269 0.269 0.2615 0.2615 0.249 0.249 0.249 0.249 0.249 0.2395 0.2395 0.242 0.242 0.2455 0.2455 0.2455 0.243 0.243 0.2575 0.2575 0.2595
-1 -1 -1 -1 -1 -1 -1 -1 -1 -1 -1 -1 -1 -1 -1 -1 -1 -1 -1 -1 -1 0.1512 0.1512 0.0892 0.0892 0.2225 0.2225 0.2225 0.2825 0.2825 0.301 0.301 0.29 0.29 0.29 0.2785 0.2785 0.2495 0.2495 0.2205 0.2205 0.2205 0.214 0.214 0.2435 0.2435 0.2625 0.2625 0.2625 0.257 0.257 0.27 0.27 0.2765 0.2765 0.282 0.282 0.282 0.2775 0.2775 0.2615 0.2615 0.2615 0.2615 0.2615 0.2615 0.2615 0.256 0.256 0.2725 0.2725 0.2725 0.2475 0.2475 0.247 0.247 0.25
-1 -1 -1 -1 -1 -1 -1 -1 -1 -1 -1 -1 -1 -1 -1 -1 -1 -1 -1 -1 -1 0.1512 0.1512 0.0892 0.0892 0.2225 0.2225 0.2225 0.2825 0.2825 0.301 0.301 0.29 0.29 0.29 0.2785 0.2785 0.2495 0.2495 0.2205 0.2205 0.2205 0.214 0.214 0.2435 0.2435 0.2625 0.2625 0.2625 0.257 0.257 0.27 0.27 0.2765 0.2765 0.282 0.282 0.282 0.2775 0.2775 0.2615 0.2615 0.2615 0.2615 0.2615 0.2615 0.2615 0.256 0.256 0.2725 0.2725 0.2725 0.2475 0.2475 0.247 0.247 0.25
-1 -1 -1 -1 -1 -1 -1 -1 -1 -1 -1 -1 -1 -1 -1 -1 -1 -1 -1 -1 -1 0.1512 0.1512 0.0892 0.0892 0.2225 0.2225 0.2225 0.2825 0.2825 0.301 0.301 0.29 0.29 0.29 0.2785 0.2785 0.2495 0.2495 0.2205 0.2205 0.2205 0.214 0.214 0.2435 0.2435 0.2625 0.2625 0.2625 0.257 0.257 0.27 0.27 0.2765 0.2765 0.282 0.282 0.282 0.2775 0.2775 0.2615 0.2615 0.2615 0.2615 0.2615 0.2615 0.2615 0.256 0.256 0.2725 0.2725 0.2725 0.2475 0.2475 0.247 0.247 0.25
-1 -1 -1 -1 -1 -1 -1 -1 -1 -1 -1 -1 -1 -1 -1 -1 -1 -1 -1 -1 -1 -1 -1 0.1967 0.1967 0.0415 0.0415 0.0415 0.2865 0.2865 0.3035 0.3035 0.294 0.294 0.294 0.2655 0.2655 0.178 0.178 0.1355 0.1355 0.1355 0.1975 0.1975 0.237 0.237 0.2505 0.2505 0.2505 0.2655 0.2655 0.2915 0.2915 0.2865 0.2865 0.2875 0.2875 0.2875 0.282 0.282 0.262 0.262 0.262 0.262 0.262 0.2815 0.2815 0.285 0.285 0.2735 0.2735 0.2735 0.261 0.261 0.262 0.262 0.26
-1 -1 -1 -1 -1 -1 -1 -1 -1 -1 -1 -1 -1 -1 -1 -1 -1 -1 -1 -1 -1 -1 -1 0.1967 0.1967 0.0415 0.0415 0.0415 0.2865 0.2865 0.3035 0.3035 0.294 0.294 0.294 0.2655 0.2655 0.178 0.178 0.1355 0.1355 0.1355 0.1975 0.1975 0.237 0.237 0.2505 0.2505 0.2505 0.2655 0.2655 0.2915 0.2915 0.2865 0.2865 0.2875 0.2875 0.2875 0.282 0.282 0.262 0.262 0.262 0.262 0.262 0.2815 0.2815 0.285 0.285 0.2735 0.2735 0.2735 0.261 0.261 0.262 0.262 0.26
-1 -1 -1 -1 -1 -1 -1 -1 -1 -1 -1 -1 -1 -1 -1 -1 -1 -1 -1 -1 -1 -1 -1 -1 -1 0.0767 0.0767 0.0767 0.1805 0.1805 0.282 0.282 0.2895 0.2895 0.2895 0.194 0.194 0.1135 0.1135 0.134 0.134 0.134 0.1975 0.1975 0.1975 0.1975 0.187 0.187 0.187 0.239 0.239 0.274 0.274 0.2805 0.2805 0.2765 0.2765 0.2765 0.2805 0.2805 0.2875 0.2875 0.2875 0.2875 0.2875 0.2655 0.2655 0.2835 0.2835 0.2645 0.2645 0.2645 0.266 0.266 0.2665 0.2665 0.2715
-1 -1 -1 -1 -1 -1 -1 -1 -1 -1 -1 -1 -1 -1 -1 -1 -1 -1 -1 -1 -1 -1 -1 -1 -1 0.0767 0.0767 0.0767 0.1805 0.1805 0.282 0.282 0.2895 0.2895 0.2895 0.194 0.194 0.1135 0.1135 0.134 0.134 0.134 0.1975 0.1975 0.1975 0.1975 0.187 0.187 0.187 0.239 0.239 0.274 0.274 0.2805 0.2805 0.2765 0.2765 0.2765 0.2805 0.2805 0.2875 0.2875 0.2875 0.2875 0.2875 0.2655 0.2655 0.2835 0.2835 0.2645 0.2645 0.2645 0.266 0.266 0.2665 0.2665 0.2715
-1 -1 -1 -1 -1 -1 -1 -1 -1 -1 -1 -1 -1 -1 -1 -1 -1 -1 -1 -1 -1 -1 -1 -1 -1 0.1142 0.1142 0.1142 0.1661 0.1661 0.1775 0.1775 0.2175 0.2175 0.2175 0.238 0.238 0.2145 0.2145 0.2555 0.2555 0.2555 0.2955 0.2955 0.2955 0.2955 0.2725 0.2725 0.2725 0.1595 0.1595 0.2555 0.2555 0.2565 0.2565 0.2595 0.2595 0.2595 0.28 0.28 0.2725 0.2725 0.2725 0.2725 0.2725 0.2645 0.2645 0.256 0.256 0.2535 0.2535 0.2535 0.267 0.267 0.249 0.249 0.25
-1 -1 -1 -1 -1 -1 -1 -1 -1 -1 -1 -1 -1 -1 -1 -1 -1 -1 -1 -1 -1 -1 -1 -1 -1 0.1142 0.1142 0.1142 0.1661 0.1661 0.1775 0.1775 0.2175 0.2175 0.2175 0.238 0.238 0.2145 0.2145 0.2555 0.2555 0.2555 0.2955 0.2955 0.2955 0.2955 0.2725 0.2725 0.2725 0.1595 0.1595 0.2555 0.2555 0.2565 0.2565 0.2595 0.2595 0.2595 0.28 0.28 0.2725 0.2725 0.2725 0.2725 0.2725 0.2645 0.2645 0.256 0.256 0.2535 0.2535 0.2535 0.267 0.267 0.249 0.249 0.25
-1 -1 -1 -1 -1 -1 -1 -1 -1 -1 -1 -1 -1 -1 -1 -1 -1 -1 -1 -1 -1 -1 -1 -1 -1 0.1142 0.1142 0.1142 0.1661 0.1661 0.1775 0.1775 0.2175 0.2175 0.2175 0.238 0.238 0.2145 0.2145 0.2555 0.2555 0.2555 0.2955 0.2955 0.2955 0.2955 0.2725 0.2725 0.2725 0.1595 0.1595 0.2555 0.2555 0.2565 0.2565 0.2595 0.2595 0.2595 0.28 0.28 0.2725 0.2725 0.2725 0.2725 0.2725 0.2645 0.2645 0.256 0.256 0.2535 0.2535 0.2535 0.267 0.267 0.249 0.249 0.25
-1 -1 -1 -1 -1 -1 -1 -1 -1 -1 -1 -1 -1 -1 -1 -1 -1 -1 -1 -1 -1 -1 -1 -1 -1 -1 -1 -1 0.0697 0.0697 0.201 0.201 0.2625 0.2625 0.2625 0.3165 0.3165 0.375 0.375 0.323 0.323 0.323 0.3075 0.3075 0.2745 0.2745 0.2655 0.2655 0.2655 0.2785 0.2785 0.314 0.314 0.3035 0.3035 0.288 0.288 0.288 0.279 0.279 0.2645 0.2645 0.2645 0.2645 0.2645 0.2645 0.2645 0.2575 0.2575 0.245 0.245 0.245 0.257 0.257 0.2545 0.2545 0.24
-1 -1 -1 -1 -1 -1 -1 -1 -1 -1 -1 -1 -1 -1 -1 -1 -1 -1 -1 -1 -1 -1 -1 -1 -1 -1 -1 -1 0.0697 0.0697 0.201 0.201 0.2625 0.2625 0.2625 0.3165 0.3165 0.375 0.375 0.323 0.323 0.323 0.3075 0.3075 0.2745 0.2745 0.2655 0.2655 0.2655 0.2785 0.2785 0.314 0.314 0.3035 0.3035 0.288 0.288 0.288 0.279 0.279 0.2645 0.2645 0.2645 0.2645 0.2645 0.2645 0.2645 0.2575 0.2575 0.245 0.245 0.245 0.257 0.257 0.2545 0.2545 0.24
-1 -1 -1 -1 -1 -1 -1 -1 -1 -1 -1 -1 -1 -1 -1 -1 -1 -1 -1 -1 -1 -1 -1 -1 -1 -1 -1 -1 0.0167 0.0167 0.4015 0.4015 0.4685 0.4685 0.4685 0.439 0.439 0.411 0.411 0.3165 0.3165 0.3165 0.3115 0.3115 0.2705 0.2705 0.2735 0.2735 0.2735 0.284 0.284 0.2645 0.2645 0.2625 0.2625 0.277 0.277 0.277 0.2645 0.2645 0.2665 0.2665 0.2665 0.2665 0.2665 0.2685 0.2685 0.2905 0.2905 0.2885 0.2885 0.2885 0.2795 0.2795 0.2745 0.2745 0.25
-1 -1 -1 -1 -1 -1 -1 -1 -1 -1 -1 -1 -1 -1 -1 -1 -1 -1 -1 -1 -1 -1 -1 -1 -1 -1 -1 -1 0.0167 0.0167 0.4015 0.4015 0.4685 0.4685 0.4685 0.439 0.439 0.411 0.411 0.3165 0.3165 0.3165 0.3115 0.3115 0.2705 0.2705 0.2735 0.2735 0.2735 0.284 0.284 0.2645 0.2645 0.2625 0.2625 0.277 0.277 0.277 0.2645 0.2645 0.2665 0.2665 0.2665 0.2665 0.2665 0.2685 0.2685 0.2905 0.2905 0.2885 0.2885 0.2885 0.2795 0.2795 0.2745 0.2745 0.25
