ndvi/NOAA-363.asc
ncols         252
nrows         154
xllcorner     -18.017974
yllcorner     13.481982
cellsize      0.035948
NODATA_value  -9999
[rows 102 to 135 of 154, columns 156 to 233 of 252]
0.1925 0.219 0.219 0.219 0.16 0.16 0.1795 0.1795 0.192 0.192 0.193 0.193 0.193 0.1855 0.1855 0.199 0.199 0.216 0.216 0.216 0.1965 0.1965 0.1905 0.1905 0.197 0.197 0.197 0.202 0.202 0.222 0.222 0.1945 0.1945 0.1945 0.1725 0.1725 0.166 0.166 0.174 0.174 0.174 0.1735 0.1735 0.1765 0.1765 0.1755 0.1755 0.171 0.171 0.171 0.169 0.169 0.1855 0.1855 0.1825 0.1825 0.1825 0.1805 0.1805 0.173 0.173 0.176 0.176 0.176 0.185 0.185 0.188 0.188 0.1465 0.1465 0.1465 0.17 0.17 0.167 0.167 0.159 0.159 0.159
0.1925 0.181 0.181 0.181 0.1735 0.1735 0.187 0.187 0.1955 0.1955 0.197 0.197 0.197 0.178 0.178 0.19 0.19 0.219 0.219 0.219 0.2065 0.2065 0.212 0.212 0.1745 0.1745 0.1745 0.197 0.197 0.2045 0.2045 0.1945 0.1945 0.1945 0.16 0.16 0.1745 0.1745 0.1765 0.1765 0.1765 0.1685 0.1685 0.176 0.176 0.214 0.214 0.2285 0.2285 0.2285 0.198 0.198 0.1825 0.1825 0.189 0.189 0.189 0.1725 0.1725 0.179 0.179 0.1825 0.1825 0.1825 0.184 0.184 0.186 0.186 0.1785 0.1785 0.1785 0.175 0.175 0.181 0.181 0.1825 0.1825 0.1825
0.1925 0.181 0.181 0.181 0.1735 0.1735 0.187 0.187 0.1955 0.1955 0.197 0.197 0.197 0.178 0.178 0.19 0.19 0.219 0.219 0.219 0.2065 0.2065 0.212 0.212 0.1745 0.1745 0.1745 0.197 0.197 0.2045 0.2045 0.1945 0.1945 0.1945 0.16 0.16 0.1745 0.1745 0.1765 0.1765 0.1765 0.1685 0.1685 0.176 0.176 0.214 0.214 0.2285 0.2285 0.2285 0.198 0.198 0.1825 0.1825 0.189 0.189 0.189 0.1725 0.1725 0.179 0.179 0.1825 0.1825 0.1825 0.184 0.184 0.186 0.186 0.1785 0.1785 0.1785 0.175 0.175 0.181 0.181 0.1825 0.1825 0.1825
0.1925 0.181 0.181 0.181 0.1735 0.1735 0.187 0.187 0.1955 0.1955 0.197 0.197 0.197 0.178 0.178 0.19 0.19 0.219 0.219 0.219 0.2065 0.2065 0.212 0.212 0.1745 0.1745 0.1745 0.197 0.197 0.2045 0.2045 0.1945 0.1945 0.1945 0.16 0.16 0.1745 0.1745 0.1765 0.1765 0.1765 0.1685 0.1685 0.176 0.176 0.214 0.214 0.2285 0.2285 0.2285 0.198 0.198 0.1825 0.1825 0.189 0.189 0.189 0.1725 0.1725 0.179 0.179 0.1825 0.1825 0.1825 0.184 0.184 0.186 0.186 0.1785 0.1785 0.1785 0.175 0.175 0.181 0.181 0.1825 0.1825 0.1825
0.2035 0.198 0.198 0.198 0.1855 0.1855 0.1805 0.1805 0.1985 0.1985 0.1925 0.1925 0.1925 0.192 0.192 0.1855 0.1855 0.177 0.177 0.177 0.181 0.181 0.1835 0.1835 0.171 0.171 0.171 0.1895 0.1895 0.1845 0.1845 0.192 0.192 0.192 0.22 0.22 0.1875 0.1875 0.2 0.2 0.2 0.2095 0.2095 0.208 0.208 0.201 0.201 0.2325 0.2325 0.2325 0.165 0.165 0.184 0.184 0.195 0.195 0.195 0.1855 0.1855 0.1695 0.1695 0.1805 0.1805 0.1805 0.1855 0.1855 0.194 0.194 0.184 0.184 0.184 0.2055 0.2055 0.2025 0.2025 0.2015 0.2015 0.2015
0.2035 0.198 0.198 0.198 0.1855 0.1855 0.1805 0.1805 0.1985 0.1985 0.1925 0.1925 0.1925 0.192 0.192 0.1855 0.1855 0.177 0.177 0.177 0.181 0.181 0.1835 0.1835 0.171 0.171 0.171 0.1895 0.1895 0.1845 0.1845 0.192 0.192 0.192 0.22 0.22 0.1875 0.1875 0.2 0.2 0.2 0.2095 0.2095 0.208 0.208 0.201 0.201 0.2325 0.2325 0.2325 0.165 0.165 0.184 0.184 0.195 0.195 0.195 0.1855 0.1855 0.1695 0.1695 0.1805 0.1805 0.1805 0.1855 0.1855 0.194 0.194 0.184 0.184 0.184 0.2055 0.2055 0.2025 0.2025 0.2015 0.2015 0.2015
0.201 0.209 0.209 0.209 0.1885 0.1885 0.1945 0.1945 0.192 0.192 0.193 0.193 0.193 0.1885 0.1885 0.194 0.194 0.202 0.202 0.202 0.187 0.187 0.177 0.177 0.195 0.195 0.195 0.198 0.198 0.194 0.194 0.1875 0.1875 0.1875 0.1765 0.1765 0.203 0.203 0.21 0.21 0.21 0.2085 0.2085 0.199 0.199 0.2015 0.2015 0.22 0.22 0.22 0.1675 0.1675 0.1545 0.1545 0.181 0.181 0.181 0.1815 0.1815 0.1905 0.1905 0.2005 0.2005 0.2005 0.2035 0.2035 0.2085 0.2085 0.201 0.201 0.201 0.2075 0.2075 0.208 0.208 0.1995 0.1995 0.1995
0.201 0.209 0.209 0.209 0.1885 0.1885 0.1945 0.1945 0.192 0.192 0.193 0.193 0.193 0.1885 0.1885 0.194 0.194 0.202 0.202 0.202 0.187 0.187 0.177 0.177 0.195 0.195 0.195 0.198 0.198 0.194 0.194 0.1875 0.1875 0.1875 0.1765 0.1765 0.203 0.203 0.21 0.21 0.21 0.2085 0.2085 0.199 0.199 0.2015 0.2015 0.22 0.22 0.22 0.1675 0.1675 0.1545 0.1545 0.181 0.181 0.181 0.1815 0.1815 0.1905 0.1905 0.2005 0.2005 0.2005 0.2035 0.2035 0.2085 0.2085 0.201 0.201 0.201 0.2075 0.2075 0.208 0.208 0.1995 0.1995 0.1995
0.209 0.214 0.214 0.214 0.205 0.205 0.204 0.204 0.2205 0.2205 0.2085 0.2085 0.2085 0.195 0.195 0.189 0.189 0.1875 0.1875 0.1875 0.19 0.19 0.201 0.201 0.198 0.198 0.198 0.204 0.204 0.2075 0.2075 0.19 0.19 0.19 0.2025 0.2025 0.231 0.231 0.2015 0.2015 0.2015 0.1985 0.1985 0.182 0.182 0.169 0.169 0.2125 0.2125 0.2125 0.217 0.217 0.2185 0.2185 0.2425 0.2425 0.2425 0.2095 0.2095 0.223 0.223 0.214 0.214 0.214 0.2165 0.2165 0.2075 0.2075 0.216 0.216 0.216 0.2105 0.2105 0.2145 0.2145 0.204 0.204 0.204
0.209 0.214 0.214 0.214 0.205 0.205 0.204 0.204 0.2205 0.2205 0.2085 0.2085 0.2085 0.195 0.195 0.189 0.189 0.1875 0.1875 0.1875 0.19 0.19 0.201 0.201 0.198 0.198 0.198 0.204 0.204 0.2075 0.2075 0.19 0.19 0.19 0.2025 0.2025 0.231 0.231 0.2015 0.2015 0.2015 0.1985 0.1985 0.182 0.182 0.169 0.169 0.2125 0.2125 0.2125 0.217 0.217 0.2185 0.2185 0.2425 0.2425 0.2425 0.2095 0.2095 0.223 0.223 0.214 0.214 0.214 0.2165 0.2165 0.2075 0.2075 0.216 0.216 0.216 0.2105 0.2105 0.2145 0.2145 0.204 0.204 0.204
0.209 0.214 0.214 0.214 0.205 0.205 0.204 0.204 0.2205 0.2205 0.2085 0.2085 0.2085 0.195 0.195 0.189 0.189 0.1875 0.1875 0.1875 0.19 0.19 0.201 0.201 0.198 0.198 0.198 0.204 0.204 0.2075 0.2075 0.19 0.19 0.19 0.2025 0.2025 0.231 0.231 0.2015 0.2015 0.2015 0.1985 0.1985 0.182 0.182 0.169 0.169 0.2125 0.2125 0.2125 0.217 0.217 0.2185 0.2185 0.2425 0.2425 0.2425 0.2095 0.2095 0.223 0.223 0.214 0.214 0.214 0.2165 0.2165 0.2075 0.2075 0.216 0.216 0.216 0.2105 0.2105 0.2145 0.2145 0.204 0.204 0.204
0.196 0.2095 0.2095 0.2095 0.2155 0.2155 0.212 0.212 0.2125 0.2125 0.1975 0.1975 0.1975 0.212 0.212 0.227 0.227 0.2215 0.2215 0.2215 0.227 0.227 0.2155 0.2155 0.212 0.212 0.212 0.22 0.22 0.224 0.224 0.1755 0.1755 0.1755 0.2285 0.2285 0.243 0.243 0.214 0.214 0.214 0.209 0.209 0.2045 0.2045 0.205 0.205 0.2105 0.2105 0.2105 0.24 0.24 0.2255 0.2255 0.2475 0.2475 0.2475 0.22 0.22 0.203 0.203 0.192 0.192 0.192 0.1985 0.1985 0.2165 0.2165 0.2165 0.2165 0.2165 0.2125 0.2125 0.233 0.233 0.2155 0.2155 0.2155
0.196 0.2095 0.2095 0.2095 0.2155 0.2155 0.212 0.212 0.2125 0.2125 0.1975 0.1975 0.1975 0.212 0.212 0.227 0.227 0.2215 0.2215 0.2215 0.227 0.227 0.2155 0.2155 0.212 0.212 0.212 0.22 0.22 0.224 0.224 0.1755 0.1755 0.1755 0.2285 0.2285 0.243 0.243 0.214 0.214 0.214 0.209 0.209 0.2045 0.2045 0.205 0.205 0.2105 0.2105 0.2105 0.24 0.24 0.2255 0.2255 0.2475 0.2475 0.2475 0.22 0.22 0.203 0.203 0.192 0.192 0.192 0.1985 0.1985 0.2165 0.2165 0.2165 0.2165 0.2165 0.2125 0.2125 0.233 0.233 0.2155 0.2155 0.2155
0.19 0.22 0.22 0.22 0.2005 0.2005 0.2175 0.2175 0.204 0.204 0.215 0.215 0.215 0.2255 0.2255 0.2215 0.2215 0.226 0.226 0.226 0.237 0.237 0.232 0.232 0.247 0.247 0.247 0.1895 0.1895 0.2485 0.2485 0.1745 0.1745 0.1745 0.2 0.2 0.1955 0.1955 0.214 0.214 0.214 0.2135 0.2135 0.2175 0.2175 0.213 0.213 0.213 0.213 0.213 0.255 0.255 0.2375 0.2375 0.2405 0.2405 0.2405 0.216 0.216 0.206 0.206 0.213 0.213 0.213 0.214 0.214 0.233 0.233 0.248 0.248 0.248 0.214 0.214 0.2235 0.2235 0.218 0.218 0.218
0.19 0.22 0.22 0.22 0.2005 0.2005 0.2175 0.2175 0.204 0.204 0.215 0.215 0.215 0.2255 0.2255 0.2215 0.2215 0.226 0.226 0.226 0.237 0.237 0.232 0.232 0.247 0.247 0.247 0.1895 0.1895 0.2485 0.2485 0.1745 0.1745 0.1745 0.2 0.2 0.1955 0.1955 0.214 0.214 0.214 0.2135 0.2135 0.2175 0.2175 0.213 0.213 0.213 0.213 0.213 0.255 0.255 0.2375 0.2375 0.2405 0.2405 0.2405 0.216 0.216 0.206 0.206 0.213 0.213 0.213 0.214 0.214 0.233 0.233 0.248 0.248 0.248 0.214 0.214 0.2235 0.2235 0.218 0.218 0.218
0.2085 0.215 0.215 0.215 0.226 0.226 0.209 0.209 0.239 0.239 0.224 0.224 0.224 0.233 0.233 0.214 0.214 0.227 0.227 0.227 0.234 0.234 0.2315 0.2315 0.2165 0.2165 0.2165 0.1955 0.1955 0.213 0.213 0.2185 0.2185 0.2185 0.185 0.185 0.205 0.205 0.216 0.216 0.216 0.1755 0.1755 0.1875 0.1875 0.22 0.22 0.225 0.225 0.225 0.2275 0.2275 0.2445 0.2445 0.2265 0.2265 0.2265 0.223 0.223 0.2365 0.2365 0.213 0.213 0.213 0.215 0.215 0.2255 0.2255 0.212 0.212 0.212 0.225 0.225 0.206 0.206 0.2015 0.2015 0.2015
0.2085 0.215 0.215 0.215 0.226 0.226 0.209 0.209 0.239 0.239 0.224 0.224 0.224 0.233 0.233 0.214 0.214 0.227 0.227 0.227 0.234 0.234 0.2315 0.2315 0.2165 0.2165 0.2165 0.1955 0.1955 0.213 0.213 0.2185 0.2185 0.2185 0.185 0.185 0.205 0.205 0.216 0.216 0.216 0.1755 0.1755 0.1875 0.1875 0.22 0.22 0.225 0.225 0.225 0.2275 0.2275 0.2445 0.2445 0.2265 0.2265 0.2265 0.223 0.223 0.2365 0.2365 0.213 0.213 0.213 0.215 0.215 0.2255 0.2255 0.212 0.212 0.212 0.225 0.225 0.206 0.206 0.2015 0.2015 0.2015
0.2085 0.215 0.215 0.215 0.226 0.226 0.209 0.209 0.239 0.239 0.224 0.224 0.224 0.233 0.233 0.214 0.214 0.227 0.227 0.227 0.234 0.234 0.2315 0.2315 0.2165 0.2165 0.2165 0.1955 0.1955 0.213 0.213 0.2185 0.2185 0.2185 0.185 0.185 0.205 0.205 0.216 0.216 0.216 0.1755 0.1755 0.1875 0.1875 0.22 0.22 0.225 0.225 0.225 0.2275 0.2275 0.2445 0.2445 0.2265 0.2265 0.2265 0.223 0.223 0.2365 0.2365 0.213 0.213 0.213 0.215 0.215 0.2255 0.2255 0.212 0.212 0.212 0.225 0.225 0.206 0.206 0.2015 0.2015 0.2015
0.2215 0.235 0.235 0.235 0.2215 0.2215 0.2425 0.2425 0.2555 0.2555 0.2315 0.2315 0.2315 0.2375 0.2375 0.2215 0.2215 0.2155 0.2155 0.2155 0.225 0.225 0.2315 0.2315 0.2225 0.2225 0.2225 0.192 0.192 0.1995 0.1995 0.155 0.155 0.155 0.1955 0.1955 0.187 0.187 0.1735 0.1735 0.1735 0.1925 0.1925 0.2555 0.2555 0.2335 0.2335 0.2265 0.2265 0.2265 0.2205 0.2205 0.215 0.215 0.2055 0.2055 0.2055 0.1995 0.1995 0.2255 0.2255 0.23 0.23 0.23 0.2095 0.2095 0.2365 0.2365 0.2185 0.2185 0.2185 0.2185 0.2185 0.2165 0.2165 0.21 0.21 0.21
0.2215 0.235 0.235 0.235 0.2215 0.2215 0.2425 0.2425 0.2555 0.2555 0.2315 0.2315 0.2315 0.2375 0.2375 0.2215 0.2215 0.2155 0.2155 0.2155 0.225 0.225 0.2315 0.2315 0.2225 0.2225 0.2225 0.192 0.192 0.1995 0.1995 0.155 0.155 0.155 0.1955 0.1955 0.187 0.187 0.1735 0.1735 0.1735 0.1925 0.1925 0.2555 0.2555 0.2335 0.2335 0.2265 0.2265 0.2265 0.2205 0.2205 0.215 0.215 0.2055 0.2055 0.2055 0.1995 0.1995 0.2255 0.2255 0.23 0.23 0.23 0.2095 0.2095 0.2365 0.2365 0.2185 0.2185 0.2185 0.2185 0.2185 0.2165 0.2165 0.21 0.21 0.21
0.2425 0.2275 0.2275 0.2275 0.211 0.211 0.217 0.217 0.254 0.254 0.203 0.203 0.203 0.216 0.216 0.23 0.23 0.228 0.228 0.228 0.2095 0.2095 0.216 0.216 0.202 0.202 0.202 0.1905 0.1905 0.1865 0.1865 0.2055 0.2055 0.2055 0.2155 0.2155 0.185 0.185 0.205 0.205 0.205 0.2355 0.2355 0.237 0.237 0.207 0.207 0.2245 0.2245 0.2245 0.2505 0.2505 0.2135 0.2135 0.213 0.213 0.213 0.2205 0.2205 0.2315 0.2315 0.2285 0.2285 0.2285 0.229 0.229 0.2215 0.2215 0.2365 0.2365 0.2365 0.2125 0.2125 0.2175 0.2175 0.225 0.225 0.225
0.2425 0.2275 0.2275 0.2275 0.211 0.211 0.217 0.217 0.254 0.254 0.203 0.203 0.203 0.216 0.216 0.23 0.23 0.228 0.228 0.228 0.2095 0.2095 0.216 0.216 0.202 0.202 0.202 0.1905 0.1905 0.1865 0.1865 0.2055 0.2055 0.2055 0.2155 0.2155 0.185 0.185 0.205 0.205 0.205 0.2355 0.2355 0.237 0.237 0.207 0.207 0.2245 0.2245 0.2245 0.2505 0.2505 0.2135 0.2135 0.213 0.213 0.213 0.2205 0.2205 0.2315 0.2315 0.2285 0.2285 0.2285 0.229 0.229 0.2215 0.2215 0.2365 0.2365 0.2365 0.2125 0.2125 0.2175 0.2175 0.225 0.225 0.225
0.247 0.2215 0.2215 0.2215 0.2165 0.2165 0.2325 0.2325 0.2265 0.2265 0.2225 0.2225 0.2225 0.237 0.237 0.2445 0.2445 0.257 0.257 0.257 0.2295 0.2295 0.2275 0.2275 0.2005 0.2005 0.2005 0.1965 0.1965 0.2035 0.2035 0.2135 0.2135 0.2135 0.1995 0.1995 0.212 0.212 0.2025 0.2025 0.2025 0.201 0.201 0.2115 0.2115 0.2185 0.2185 0.218 0.218 0.218 0.2495 0.2495 0.216 0.216 0.2115 0.2115 0.2115 0.2245 0.2245 0.2335 0.2335 0.243 0.243 0.243 0.221 0.221 0.235 0.235 0.2425 0.2425 0.2425 0.259 0.259 0.248 0.248 0.2215 0.2215 0.2215
0.247 0.2215 0.2215 0.2215 0.2165 0.2165 0.2325 0.2325 0.2265 0.2265 0.2225 0.2225 0.2225 0.237 0.237 0.2445 0.2445 0.257 0.257 0.257 0.2295 0.2295 0.2275 0.2275 0.2005 0.2005 0.2005 0.1965 0.1965 0.2035 0.2035 0.2135 0.2135 0.2135 0.1995 0.1995 0.212 0.212 0.2025 0.2025 0.2025 0.201 0.201 0.2115 0.2115 0.2185 0.2185 0.218 0.218 0.218 0.2495 0.2495 0.216 0.216 0.2115 0.2115 0.2115 0.2245 0.2245 0.2335 0.2335 0.243 0.243 0.243 0.221 0.221 0.235 0.235 0.2425 0.2425 0.2425 0.259 0.259 0.248 0.248 0.2215 0.2215 0.2215
0.227 0.224 0.224 0.224 0.2255 0.2255 0.2435 0.2435 0.2355 0.2355 0.252 0.252 0.252 0.2475 0.2475 0.2495 0.2495 0.2385 0.2385 0.2385 0.2215 0.2215 0.229 0.229 0.2265 0.2265 0.2265 0.2205 0.2205 0.2065 0.2065 0.2295 0.2295 0.2295 0.208 0.208 0.238 0.238 0.203 0.203 0.203 0.215 0.215 0.237 0.237 0.2075 0.2075 0.2575 0.2575 0.2575 0.2295 0.2295 0.235 0.235 0.2355 0.2355 0.2355 0.246 0.246 0.219 0.219 0.2345 0.2345 0.2345 0.231 0.231 0.2415 0.2415 0.2385 0.2385 0.2385 0.2315 0.2315 0.2415 0.2415 0.2235 0.2235 0.2235
0.227 0.224 0.224 0.224 0.2255 0.2255 0.2435 0.2435 0.2355 0.2355 0.252 0.252 0.252 0.2475 0.2475 0.2495 0.2495 0.2385 0.2385 0.2385 0.2215 0.2215 0.229 0.229 0.2265 0.2265 0.2265 0.2205 0.2205 0.2065 0.2065 0.2295 0.2295 0.2295 0.208 0.208 0.238 0.238 0.203 0.203 0.203 0.215 0.215 0.237 0.237 0.2075 0.2075 0.2575 0.2575 0.2575 0.2295 0.2295 0.235 0.235 0.2355 0.2355 0.2355 0.246 0.246 0.219 0.219 0.2345 0.2345 0.2345 0.231 0.231 0.2415 0.2415 0.2385 0.2385 0.2385 0.2315 0.2315 0.2415 0.2415 0.2235 0.2235 0.2235
0.227 0.224 0.224 0.224 0.2255 0.2255 0.2435 0.2435 0.2355 0.2355 0.252 0.252 0.252 0.2475 0.2475 0.2495 0.2495 0.2385 0.2385 0.2385 0.2215 0.2215 0.229 0.229 0.2265 0.2265 0.2265 0.2205 0.2205 0.2065 0.2065 0.2295 0.2295 0.2295 0.208 0.208 0.238 0.238 0.203 0.203 0.203 0.215 0.215 0.237 0.237 0.2075 0.2075 0.2575 0.2575 0.2575 0.2295 0.2295 0.235 0.235 0.2355 0.2355 0.2355 0.246 0.246 0.219 0.219 0.2345 0.2345 0.2345 0.231 0.231 0.2415 0.2415 0.2385 0.2385 0.2385 0.2315 0.2315 0.2415 0.2415 0.2235 0.2235 0.2235
0.236 0.2425 0.2425 0.2425 0.2385 0.2385 0.233 0.233 0.233 0.233 0.2515 0.2515 0.2515 0.2685 0.2685 0.236 0.236 0.2325 0.2325 0.2325 0.254 0.254 0.228 0.228 0.2225 0.2225 0.2225 0.242 0.242 0.2455 0.2455 0.247 0.247 0.247 0.2265 0.2265 0.2355 0.2355 0.222 0.222 0.222 0.2235 0.2235 0.2535 0.2535 0.2405 0.2405 0.2475 0.2475 0.2475 0.251 0.251 0.2455 0.2455 0.244 0.244 0.244 0.242 0.242 0.2275 0.2275 0.244 0.244 0.244 0.241 0.241 0.23 0.23 0.2315 0.2315 0.2315 0.214 0.214 0.2125 0.2125 0.2285 0.2285 0.2285
0.236 0.2425 0.2425 0.2425 0.2385 0.2385 0.233 0.233 0.233 0.233 0.2515 0.2515 0.2515 0.2685 0.2685 0.236 0.236 0.2325 0.2325 0.2325 0.254 0.254 0.228 0.228 0.2225 0.2225 0.2225 0.242 0.242 0.2455 0.2455 0.247 0.247 0.247 0.2265 0.2265 0.2355 0.2355 0.222 0.222 0.222 0.2235 0.2235 0.2535 0.2535 0.2405 0.2405 0.2475 0.2475 0.2475 0.251 0.251 0.2455 0.2455 0.244 0.244 0.244 0.242 0.242 0.2275 0.2275 0.244 0.244 0.244 0.241 0.241 0.23 0.23 0.2315 0.2315 0.2315 0.214 0.214 0.2125 0.2125 0.2285 0.2285 0.2285
0.2465 0.2375 0.2375 0.2375 0.2235 0.2235 0.2285 0.2285 0.255 0.255 0.2575 0.2575 0.2575 0.242 0.242 0.258 0.258 0.248 0.248 0.248 0.267 0.267 0.263 0.263 0.261 0.261 0.261 0.267 0.267 0.2385 0.2385 0.237 0.237 0.237 0.2435 0.2435 0.2385 0.2385 0.204 0.204 0.204 0.2345 0.2345 0.2575 0.2575 0.253 0.253 0.261 0.261 0.261 0.2505 0.2505 0.25 0.25 0.2645 0.2645 0.2645 0.272 0.272 0.2395 0.2395 0.232 0.232 0.232 0.211 0.211 0.2195 0.2195 0.2205 0.2205 0.2205 0.203 0.203 0.2095 0.2095 0.229 0.229 0.229
0.2465 0.2375 0.2375 0.2375 0.2235 0.2235 0.2285 0.2285 0.255 0.255 0.2575 0.2575 0.2575 0.242 0.242 0.258 0.258 0.248 0.248 0.248 0.267 0.267 0.263 0.263 0.261 0.261 0.261 0.267 0.267 0.2385 0.2385 0.237 0.237 0.237 0.2435 0.2435 0.2385 0.2385 0.204 0.204 0.204 0.2345 0.2345 0.2575 0.2575 0.253 0.253 0.261 0.261 0.261 0.2505 0.2505 0.25 0.25 0.2645 0.2645 0.2645 0.272 0.272 0.2395 0.2395 0.232 0.232 0.232 0.211 0.211 0.2195 0.2195 0.2205 0.2205 0.2205 0.203 0.203 0.2095 0.2095 0.229 0.229 0.229
0.2555 0.2655 0.2655 0.2655 0.2555 0.2555 0.2435 0.2435 0.2635 0.2635 0.261 0.261 0.261 0.2695 0.2695 0.2645 0.2645 0.266 0.266 0.266 0.2735 0.2735 0.2645 0.2645 0.2645 0.2645 0.2645 0.2335 0.2335 0.245 0.245 0.236 0.236 0.236 0.2315 0.2315 0.2275 0.2275 0.206 0.206 0.206 0.189 0.189 0.251 0.251 0.228 0.228 0.233 0.233 0.233 0.246 0.246 0.2385 0.2385 0.2515 0.2515 0.2515 0.251 0.251 0.272 0.272 0.241 0.241 0.241 0.2385 0.2385 0.222 0.222 0.221 0.221 0.221 0.232 0.232 0.223 0.223 0.2395 0.2395 0.2395
0.2555 0.2655 0.2655 0.2655 0.2555 0.2555 0.2435 0.2435 0.2635 0.2635 0.261 0.261 0.261 0.2695 0.2695 0.2645 0.2645 0.266 0.266 0.266 0.2735 0.2735 0.2645 0.2645 0.2645 0.2645 0.2645 0.2335 0.2335 0.245 0.245 0.236 0.236 0.236 0.2315 0.2315 0.2275 0.2275 0.206 0.206 0.206 0.189 0.189 0.251 0.251 0.228 0.228 0.233 0.233 0.233 0.246 0.246 0.2385 0.2385 0.2515 0.2515 0.2515 0.251 0.251 0.272 0.272 0.241 0.241 0.241 0.2385 0.2385 0.222 0.222 0.221 0.221 0.221 0.232 0.232 0.223 0.223 0.2395 0.2395 0.2395
0.2555 0.2655 0.2655 0.2655 0.2555 0.2555 0.2435 0.2435 0.2635 0.2635 0.261 0.261 0.261 0.2695 0.2695 0.2645 0.2645 0.266 0.266 0.266 0.2735 0.2735 0.2645 0.2645 0.2645 0.2645 0.2645 0.2335 0.2335 0.245 0.245 0.236 0.236 0.236 0.2315 0.2315 0.2275 0.2275 0.206 0.206 0.206 0.189 0.189 0.251 0.251 0.228 0.228 0.233 0.233 0.233 0.246 0.246 0.2385 0.2385 0.2515 0.2515 0.2515 0.251 0.251 0.272 0.272 0.241 0.241 0.241 0.2385 0.2385 0.222 0.222 0.221 0.221 0.221 0.232 0.232 0.223 0.223 0.2395 0.2395 0.2395
