ndvi/NOAA-37.asc
ncols         252
nrows         154
xllcorner     -18.017974
yllcorner     13.481982
cellsize      0.035948
NODATA_value  -9999
[rows 70 to 104 of 154, columns 0 to 76 of 252]
-1 -1 -1 -1 -1 -1 -1 -1 -1 -1 -1 -1 -1 -1 -1 -1 -1 -1 -1 -1 -1 -1 -1 -1 -1 -1 -1 -1 -1 -1 -1 -1 -1 -1 -1 -1 -1 -1 -1 0.2245 0.2245 0.2245 0.2735 0.2735 0.353 0.353 0.188 0.188 0.188 0.314 0.314 0.297 0.297 0.237 0.237 0.2415 0.2415 0.2415 0.436 0.436 0.376 0.376 0.376 0.376 0.376 0.3295 0.3295 0.1995 0.1995 0.2185 0.2185 0.2185 0.2165 0.2165 0.215 0.215 0.2175
-1 -1 -1 -1 -1 -1 -1 -1 -1 -1 -1 -1 -1 -1 -1 -1 -1 -1 -1 -1 -1 -1 -1 -1 -1 -1 -1 -1 -1 -1 -1 -1 -1 -1 -1 -1 -1 0.084 0.084 0.1725 0.1725 0.1725 0.278 0.278 0.2635 0.2635 0.237 0.237 0.237 0.2665 0.2665 0.233 0.233 0.226 0.226 0.197 0.197 0.197 0.265 0.265 0.3355 0.3355 0.3355 0.3355 0.3355 0.2455 0.2455 0.238 0.238 0.2345 0.2345 0.2345 0.2235 0.2235 0.228 0.228 0.223
-1 -1 -1 -1 -1 -1 -1 -1 -1 -1 -1 -1 -1 -1 -1 -1 -1 -1 -1 -1 -1 -1 -1 -1 -1 -1 -1 -1 -1 -1 -1 -1 -1 -1 -1 -1 -1 0.084 0.084 0.1725 0.1725 0.1725 0.278 0.278 0.2635 0.2635 0.237 0.237 0.237 0.2665 0.2665 0.233 0.233 0.226 0.226 0.197 0.197 0.197 0.265 0.265 0.3355 0.3355 0.3355 0.3355 0.3355 0.2455 0.2455 0.238 0.238 0.2345 0.2345 0.2345 0.2235 0.2235 0.228 0.228 0.223
-1 -1 -1 -1 -1 -1 -1 -1 -1 -1 -1 -1 -1 -1 -1 -1 -1 -1 -1 -1 -1 -1 -1 -1 -1 -1 -1 -1 -1 -1 -1 -1 -1 -1 -1 -1 -1 0.084 0.084 0.1725 0.1725 0.1725 0.278 0.278 0.2635 0.2635 0.237 0.237 0.237 0.2665 0.2665 0.233 0.233 0.226 0.226 0.197 0.197 0.197 0.265 0.265 0.3355 0.3355 0.3355 0.3355 0.3355 0.2455 0.2455 0.238 0.238 0.2345 0.2345 0.2345 0.2235 0.2235 0.228 0.228 0.223
-1 -1 -1 -1 -1 -1 -1 -1 -1 -1 -1 -1 -1 -1 -1 -1 -1 -1 -1 -1 -1 -1 -1 -1 -1 -1 -1 -1 -1 -1 -1 -1 -1 -1 -1 -1 -1 0.035 0.035 0.166 0.166 0.166 0.2685 0.2685 0.2855 0.2855 0.2365 0.2365 0.2365 0.2315 0.2315 0.23 0.23 0.2 0.2 0.193 0.193 0.193 0.209 0.209 0.2975 0.2975 0.2975 0.2975 0.2975 0.253 0.253 0.2425 0.2425 0.228 0.228 0.228 0.232 0.232 0.228 0.228 0.2335
-1 -1 -1 -1 -1 -1 -1 -1 -1 -1 -1 -1 -1 -1 -1 -1 -1 -1 -1 -1 -1 -1 -1 -1 -1 -1 -1 -1 -1 -1 -1 -1 -1 -1 -1 -1 -1 0.035 0.035 0.166 0.166 0.166 0.2685 0.2685 0.2855 0.2855 0.2365 0.2365 0.2365 0.2315 0.2315 0.23 0.23 0.2 0.2 0.193 0.193 0.193 0.209 0.209 0.2975 0.2975 0.2975 0.2975 0.2975 0.253 0.253 0.2425 0.2425 0.228 0.228 0.228 0.232 0.232 0.228 0.228 0.2335
-1 -1 -1 -1 -1 -1 -1 -1 -1 -1 -1 -1 -1 -1 -1 -1 -1 -1 -1 -1 -1 -1 -1 -1 -1 -1 -1 -1 -1 -1 -1 -1 -1 -1 -1 -1 -1 0.003 0.003 0.171 0.171 0.171 0.262 0.262 0.276 0.276 0.2495 0.2495 0.2495 0.239 0.239 0.229 0.229 0.214 0.214 0.229 0.229 0.229 0.2295 0.2295 0.2325 0.2325 0.2325 0.2325 0.2325 0.234 0.234 0.2345 0.2345 0.2195 0.2195 0.2195 0.2095 0.2095 0.2155 0.2155 0.219
-1 -1 -1 -1 -1 -1 -1 -1 -1 -1 -1 -1 -1 -1 -1 -1 -1 -1 -1 -1 -1 -1 -1 -1 -1 -1 -1 -1 -1 -1 -1 -1 -1 -1 -1 -1 -1 0.003 0.003 0.171 0.171 0.171 0.262 0.262 0.276 0.276 0.2495 0.2495 0.2495 0.239 0.239 0.229 0.229 0.214 0.214 0.229 0.229 0.229 0.2295 0.2295 0.2325 0.2325 0.2325 0.2325 0.2325 0.234 0.234 0.2345 0.2345 0.2195 0.2195 0.2195 0.2095 0.2095 0.2155 0.2155 0.219
-1 -1 -1 -1 -1 -1 -1 -1 -1 -1 -1 -1 -1 -1 -1 -1 -1 -1 -1 -1 -1 -1 -1 -1 -1 -1 -1 -1 -1 -1 -1 -1 -1 -1 -1 -1 -1 0.0787 0.0787 0.2045 0.2045 0.2045 0.2175 0.2175 0.2495 0.2495 0.2325 0.2325 0.2325 0.2345 0.2345 0.221 0.221 0.231 0.231 0.2375 0.2375 0.2375 0.2235 0.2235 0.215 0.215 0.215 0.215 0.215 0.227 0.227 0.228 0.228 0.223 0.223 0.223 0.213 0.213 0.207 0.207 0.2065
-1 -1 -1 -1 -1 -1 -1 -1 -1 -1 -1 -1 -1 -1 -1 -1 -1 -1 -1 -1 -1 -1 -1 -1 -1 -1 -1 -1 -1 -1 -1 -1 -1 -1 -1 -1 -1 0.0787 0.0787 0.2045 0.2045 0.2045 0.2175 0.2175 0.2495 0.2495 0.2325 0.2325 0.2325 0.2345 0.2345 0.221 0.221 0.231 0.231 0.2375 0.2375 0.2375 0.2235 0.2235 0.215 0.215 0.215 0.215 0.215 0.227 0.227 0.228 0.228 0.223 0.223 0.223 0.213 0.213 0.207 0.207 0.2065
-1 -1 -1 -1 -1 -1 -1 -1 -1 -1 -1 -1 -1 -1 -1 -1 -1 -1 -1 -1 -1 -1 -1 -1 -1 -1 -1 -1 -1 -1 -1 -1 -1 -1 -1 -1 -1 0.0797 0.0797 0.2 0.2 0.2 0.2645 0.2645 0.236 0.236 0.232 0.232 0.232 0.225 0.225 0.2285 0.2285 0.2295 0.2295 0.2345 0.2345 0.2345 0.22 0.22 0.224 0.224 0.224 0.224 0.224 0.1985 0.1985 0.2145 0.2145 0.2145 0.2145 0.2145 0.22 0.22 0.2205 0.2205 0.2085
-1 -1 -1 -1 -1 -1 -1 -1 -1 -1 -1 -1 -1 -1 -1 -1 -1 -1 -1 -1 -1 -1 -1 -1 -1 -1 -1 -1 -1 -1 -1 -1 -1 -1 -1 -1 -1 0.0797 0.0797 0.2 0.2 0.2 0.2645 0.2645 0.236 0.236 0.232 0.232 0.232 0.225 0.225 0.2285 0.2285 0.2295 0.2295 0.2345 0.2345 0.2345 0.22 0.22 0.224 0.224 0.224 0.224 0.224 0.1985 0.1985 0.2145 0.2145 0.2145 0.2145 0.2145 0.22 0.22 0.2205 0.2205 0.2085
-1 -1 -1 -1 -1 -1 -1 -1 -1 -1 -1 -1 -1 -1 -1 -1 -1 -1 -1 -1 -1 -1 -1 -1 -1 -1 -1 -1 -1 -1 -1 -1 -1 -1 -1 -1 -1 0.0797 0.0797 0.2 0.2 0.2 0.2645 0.2645 0.236 0.236 0.232 0.232 0.232 0.225 0.225 0.2285 0.2285 0.2295 0.2295 0.2345 0.2345 0.2345 0.22 0.22 0.224 0.224 0.224 0.224 0.224 0.1985 0.1985 0.2145 0.2145 0.2145 0.2145 0.2145 0.22 0.22 0.2205 0.2205 0.2085
-1 -1 -1 -1 -1 -1 -1 -1 -1 -1 -1 -1 -1 -1 -1 -1 -1 -1 -1 -1 -1 -1 -1 -1 -1 -1 -1 -1 -1 -1 -1 -1 -1 -1 -1 -1 -1 0.1016 0.1016 0.207 0.207 0.207 0.2465 0.2465 0.219 0.219 0.207 0.207 0.207 0.214 0.214 0.221 0.221 0.205 0.205 0.214 0.214 0.214 0.217 0.217 0.2155 0.2155 0.2155 0.2155 0.2155 0.2125 0.2125 0.2095 0.2095 0.1985 0.1985 0.1985 0.224 0.224 0.2165 0.2165 0.216
-1 -1 -1 -1 -1 -1 -1 -1 -1 -1 -1 -1 -1 -1 -1 -1 -1 -1 -1 -1 -1 -1 -1 -1 -1 -1 -1 -1 -1 -1 -1 -1 -1 -1 -1 -1 -1 0.1016 0.1016 0.207 0.207 0.207 0.2465 0.2465 0.219 0.219 0.207 0.207 0.207 0.214 0.214 0.221 0.221 0.205 0.205 0.214 0.214 0.214 0.217 0.217 0.2155 0.2155 0.2155 0.2155 0.2155 0.2125 0.2125 0.2095 0.2095 0.1985 0.1985 0.1985 0.224 0.224 0.2165 0.2165 0.216
-1 -1 -1 -1 -1 -1 -1 -1 -1 -1 -1 -1 -1 -1 -1 -1 -1 -1 -1 -1 -1 -1 -1 -1 -1 -1 -1 -1 -1 -1 -1 -1 -1 -1 -1 -1 -1 0.109 0.109 0.265 0.265 0.265 0.258 0.258 0.2195 0.2195 0.2185 0.2185 0.2185 0.2155 0.2155 0.2165 0.2165 0.221 0.221 0.2015 0.2015 0.2015 0.213 0.213 0.2155 0.2155 0.2155 0.2155 0.2155 0.2155 0.2155 0.2375 0.2375 0.2195 0.2195 0.2195 0.2195 0.2195 0.216 0.216 0.2175
-1 -1 -1 -1 -1 -1 -1 -1 -1 -1 -1 -1 -1 -1 -1 -1 -1 -1 -1 -1 -1 -1 -1 -1 -1 -1 -1 -1 -1 -1 -1 -1 -1 -1 -1 -1 -1 0.109 0.109 0.265 0.265 0.265 0.258 0.258 0.2195 0.2195 0.2185 0.2185 0.2185 0.2155 0.2155 0.2165 0.2165 0.221 0.221 0.2015 0.2015 0.2015 0.213 0.213 0.2155 0.2155 0.2155 0.2155 0.2155 0.2155 0.2155 0.2375 0.2375 0.2195 0.2195 0.2195 0.2195 0.2195 0.216 0.216 0.2175
-1 -1 -1 -1 -1 -1 -1 -1 -1 -1 -1 -1 -1 -1 -1 -1 -1 -1 -1 -1 -1 -1 -1 -1 -1 -1 -1 -1 -1 -1 -1 -1 -1 -1 -1 0.0186 0.0186 0.2575 0.2575 0.262 0.262 0.262 0.2395 0.2395 0.2145 0.2145 0.2125 0.2125 0.2125 0.21 0.21 0.202 0.202 0.209 0.209 0.2225 0.2225 0.2225 0.211 0.211 0.2085 0.2085 0.2085 0.2085 0.2085 0.21 0.21 0.2285 0.2285 0.215 0.215 0.215 0.223 0.223 0.236 0.236 0.2355
-1 -1 -1 -1 -1 -1 -1 -1 -1 -1 -1 -1 -1 -1 -1 -1 -1 -1 -1 -1 -1 -1 -1 -1 -1 -1 -1 -1 -1 -1 -1 -1 -1 -1 -1 0.0186 0.0186 0.2575 0.2575 0.262 0.262 0.262 0.2395 0.2395 0.2145 0.2145 0.2125 0.2125 0.2125 0.21 0.21 0.202 0.202 0.209 0.209 0.2225 0.2225 0.2225 0.211 0.211 0.2085 0.2085 0.2085 0.2085 0.2085 0.21 0.21 0.2285 0.2285 0.215 0.215 0.215 0.223 0.223 0.236 0.236 0.2355
-1 -1 -1 -1 -1 -1 -1 -1 -1 -1 -1 -1 -1 -1 -1 -1 -1 -1 -1 -1 -1 -1 -1 -1 -1 -1 -1 -1 -1 -1 -1 -1 -1 -1 -1 0.0186 0.0186 0.2575 0.2575 0.262 0.262 0.262 0.2395 0.2395 0.2145 0.2145 0.2125 0.2125 0.2125 0.21 0.21 0.202 0.202 0.209 0.209 0.2225 0.2225 0.2225 0.211 0.211 0.2085 0.2085 0.2085 0.2085 0.2085 0.21 0.21 0.2285 0.2285 0.215 0.215 0.215 0.223 0.223 0.236 0.236 0.2355
-1 -1 -1 -1 -1 -1 -1 -1 -1 -1 -1 -1 -1 -1 -1 -1 -1 -1 -1 -1 -1 -1 -1 -1 -1 -1 -1 -1 -1 -1 -1 -1 -1 -1 -1 0.087 0.087 0.2415 0.2415 0.223 0.223 0.223 0.2225 0.2225 0.219 0.219 0.222 0.222 0.222 0.2285 0.2285 0.2375 0.2375 0.2395 0.2395 0.224 0.224 0.224 0.2245 0.2245 0.2025 0.2025 0.2025 0.2025 0.2025 0.217 0.217 0.214 0.214 0.238 0.238 0.238 0.2335 0.2335 0.2295 0.2295 0.222
-1 -1 -1 -1 -1 -1 -1 -1 -1 -1 -1 -1 -1 -1 -1 -1 -1 -1 -1 -1 -1 -1 -1 -1 -1 -1 -1 -1 -1 -1 -1 -1 -1 -1 -1 0.087 0.087 0.2415 0.2415 0.223 0.223 0.223 0.2225 0.2225 0.219 0.219 0.222 0.222 0.222 0.2285 0.2285 0.2375 0.2375 0.2395 0.2395 0.224 0.224 0.224 0.2245 0.2245 0.2025 0.2025 0.2025 0.2025 0.2025 0.217 0.217 0.214 0.214 0.238 0.238 0.238 0.2335 0.2335 0.2295 0.2295 0.222
-1 -1 -1 -1 -1 -1 -1 -1 -1 -1 -1 -1 -1 -1 -1 -1 -1 -1 -1 -1 -1 -1 -1 -1 -1 -1 -1 -1 -1 -1 -1 -1 0.088 0.088 0.088 0.2245 0.2245 0.228 0.228 0.211 0.211 0.211 0.2365 0.2365 0.2425 0.2425 0.2415 0.2415 0.2415 0.247 0.247 0.2335 0.2335 0.237 0.237 0.2385 0.2385 0.2385 0.2425 0.2425 0.233 0.233 0.233 0.233 0.233 0.236 0.236 0.252 0.252 0.237 0.237 0.237 0.22 0.22 0.2185 0.2185 0.233
-1 -1 -1 -1 -1 -1 -1 -1 -1 -1 -1 -1 -1 -1 -1 -1 -1 -1 -1 -1 -1 -1 -1 -1 -1 -1 -1 -1 -1 -1 -1 -1 0.088 0.088 0.088 0.2245 0.2245 0.228 0.228 0.211 0.211 0.211 0.2365 0.2365 0.2425 0.2425 0.2415 0.2415 0.2415 0.247 0.247 0.2335 0.2335 0.237 0.237 0.2385 0.2385 0.2385 0.2425 0.2425 0.233 0.233 0.233 0.233 0.233 0.236 0.236 0.252 0.252 0.237 0.237 0.237 0.22 0.22 0.2185 0.2185 0.233
-1 -1 -1 -1 -1 -1 -1 -1 -1 -1 -1 -1 -1 -1 -1 -1 -1 -1 -1 -1 -1 -1 -1 -1 -1 -1 -1 -1 -1 -1 0.0366 0.0366 0.2465 0.2465 0.2465 0.228 0.228 0.206 0.206 0.2155 0.2155 0.2155 0.221 0.221 0.23 0.23 0.238 0.238 0.238 0.232 0.232 0.227 0.227 0.2475 0.2475 0.239 0.239 0.239 0.2345 0.2345 0.2485 0.2485 0.2485 0.2485 0.2485 0.2605 0.2605 0.248 0.248 0.2415 0.2415 0.2415 0.2255 0.2255 0.2175 0.2175 0.2145
-1 -1 -1 -1 -1 -1 -1 -1 -1 -1 -1 -1 -1 -1 -1 -1 -1 -1 -1 -1 -1 -1 -1 -1 -1 -1 -1 -1 -1 -1 0.0366 0.0366 0.2465 0.2465 0.2465 0.228 0.228 0.206 0.206 0.2155 0.2155 0.2155 0.221 0.221 0.23 0.23 0.238 0.238 0.238 0.232 0.232 0.227 0.227 0.2475 0.2475 0.239 0.239 0.239 0.2345 0.2345 0.2485 0.2485 0.2485 0.2485 0.2485 0.2605 0.2605 0.248 0.248 0.2415 0.2415 0.2415 0.2255 0.2255 0.2175 0.2175 0.2145
-1 -1 -1 -1 -1 -1 -1 -1 -1 -1 -1 -1 -1 -1 -1 -1 -1 -1 -1 -1 -1 -1 -1 -1 -1 -1 -1 -1 -1 -1 0.0366 0.0366 0.2465 0.2465 0.2465 0.228 0.228 0.206 0.206 0.2155 0.2155 0.2155 0.221 0.221 0.23 0.23 0.238 0.238 0.238 0.232 0.232 0.227 0.227 0.2475 0.2475 0.239 0.239 0.239 0.2345 0.2345 0.2485 0.2485 0.2485 0.2485 0.2485 0.2605 0.2605 0.248 0.248 0.2415 0.2415 0.2415 0.2255 0.2255 0.2175 0.2175 0.2145
-1 -1 -1 -1 -1 -1 -1 -1 -1 -1 -1 -1 -1 -1 -1 -1 -1 -1 -1 -1 -1 -1 -1 -1 -1 -1 -1 -1 -1 -1 0.12 0.12 0.246 0.246 0.246 0.236 0.236 0.22 0.22 0.2105 0.2105 0.2105 0.2165 0.2165 0.224 0.224 0.2525 0.2525 0.2525 0.2195 0.2195 0.2195 0.2195 0.2375 0.2375 0.242 0.242 0.242 0.233 0.233 0.2495 0.2495 0.2495 0.2495 0.2495 0.2575 0.2575 0.235 0.235 0.2385 0.2385 0.2385 0.215 0.215 0.2135 0.2135 0.2295
-1 -1 -1 -1 -1 -1 -1 -1 -1 -1 -1 -1 -1 -1 -1 -1 -1 -1 -1 -1 -1 -1 -1 -1 -1 -1 -1 -1 -1 -1 0.12 0.12 0.246 0.246 0.246 0.236 0.236 0.22 0.22 0.2105 0.2105 0.2105 0.2165 0.2165 0.224 0.224 0.2525 0.2525 0.2525 0.2195 0.2195 0.2195 0.2195 0.2375 0.2375 0.242 0.242 0.242 0.233 0.233 0.2495 0.2495 0.2495 0.2495 0.2495 0.2575 0.2575 0.235 0.235 0.2385 0.2385 0.2385 0.215 0.215 0.2135 0.2135 0.2295
-1 -1 -1 -1 -1 -1 -1 -1 -1 -1 -1 -1 -1 -1 -1 -1 -1 -1 -1 -1 -1 -1 -1 -1 -1 -1 -1 -1 0.0596 0.0596 0.239 0.239 0.2545 0.2545 0.2545 0.233 0.233 0.2345 0.2345 0.2245 0.2245 0.2245 0.227 0.227 0.231 0.231 0.2205 0.2205 0.2205 0.2275 0.2275 0.223 0.223 0.25 0.25 0.249 0.249 0.249 0.25 0.25 0.262 0.262 0.262 0.262 0.262 0.246 0.246 0.218 0.218 0.2165 0.2165 0.2165 0.194 0.194 0.192 0.192 0.2305
-1 -1 -1 -1 -1 -1 -1 -1 -1 -1 -1 -1 -1 -1 -1 -1 -1 -1 -1 -1 -1 -1 -1 -1 -1 -1 -1 -1 0.0596 0.0596 0.239 0.239 0.2545 0.2545 0.2545 0.233 0.233 0.2345 0.2345 0.2245 0.2245 0.2245 0.227 0.227 0.231 0.231 0.2205 0.2205 0.2205 0.2275 0.2275 0.223 0.223 0.25 0.25 0.249 0.249 0.249 0.25 0.25 0.262 0.262 0.262 0.262 0.262 0.246 0.246 0.218 0.218 0.2165 0.2165 0.2165 0.194 0.194 0.192 0.192 0.2305
-1 -1 -1 -1 -1 -1 -1 -1 -1 -1 -1 -1 -1 -1 -1 -1 -1 -1 -1 -1 -1 -1 -1 -1 -1 0.0141 0.0141 0.0141 0.14 0.14 0.281 0.281 0.2505 0.2505 0.2505 0.227 0.227 0.2255 0.2255 0.233 0.233 0.233 0.2355 0.2355 0.238 0.238 0.2285 0.2285 0.2285 0.242 0.242 0.24 0.24 0.245 0.245 0.2495 0.2495 0.2495 0.238 0.238 0.238 0.238 0.238 0.238 0.238 0.2405 0.2405 0.241 0.241 0.211 0.211 0.211 0.2475 0.2475 0.198 0.198 0.1925
-1 -1 -1 -1 -1 -1 -1 -1 -1 -1 -1 -1 -1 -1 -1 -1 -1 -1 -1 -1 -1 -1 -1 -1 -1 0.0141 0.0141 0.0141 0.14 0.14 0.281 0.281 0.2505 0.2505 0.2505 0.227 0.227 0.2255 0.2255 0.233 0.233 0.233 0.2355 0.2355 0.238 0.238 0.2285 0.2285 0.2285 0.242 0.242 0.24 0.24 0.245 0.245 0.2495 0.2495 0.2495 0.238 0.238 0.238 0.238 0.238 0.238 0.238 0.2405 0.2405 0.241 0.241 0.211 0.211 0.211 0.2475 0.2475 0.198 0.198 0.1925
-1 -1 -1 -1 -1 -1 -1 -1 -1 -1 -1 -1 -1 -1 -1 -1 -1 -1 -1 -1 -1 -1 -1 0.0046 0.0046 0.166 0.166 0.166 0.291 0.291 0.247 0.247 0.232 0.232 0.232 0.2485 0.2485 0.255 0.255 0.25 0.25 0.25 0.2335 0.2335 0.2465 0.2465 0.241 0.241 0.241 0.247 0.247 0.2475 0.2475 0.2475 0.2475 0.2415 0.2415 0.2415 0.252 0.252 0.2405 0.2405 0.2405 0.2405 0.2405 0.24 0.24 0.2265 0.2265 0.2305 0.2305 0.2305 0.199 0.199 0.2115 0.2115 0.2125
-1 -1 -1 -1 -1 -1 -1 -1 -1 -1 -1 -1 -1 -1 -1 -1 -1 -1 -1 -1 -1 -1 -1 0.0046 0.0046 0.166 0.166 0.166 0.291 0.291 0.247 0.247 0.232 0.232 0.232 0.2485 0.2485 0.255 0.255 0.25 0.25 0.25 0.2335 0.2335 0.2465 0.2465 0.241 0.241 0.241 0.247 0.247 0.2475 0.2475 0.2475 0.2475 0.2415 0.2415 0.2415 0.252 0.252 0.2405 0.2405 0.2405 0.2405 0.2405 0.24 0.24 0.2265 0.2265 0.2305 0.2305 0.2305 0.199 0.199 0.2115 0.2115 0.2125
