ndvi/NOAA-216.asc
ncols         252
nrows         154
xllcorner     -18.017974
yllcorner     13.481982
cellsize      0.035948
NODATA_value  -9999
[rows 68 to 101 of 154, columns 77 to 153 of 252]
0.2315 0.2315 0.2135 0.2135 0.223 0.223 0.212 0.212 0.212 0.243 0.243 0.258 0.258 0.2685 0.2685 0.2775 0.2775 0.2775 0.246 0.246 0.258 0.258 0.2385 0.2385 0.2385 0.24 0.24 0.2275 0.2275 0.228 0.228 0.228 0.2155 0.2155 0.2125 0.2125 0.214 0.214 0.214 0.2135 0.2135 0.207 0.207 0.1695 0.1695 0.1695 0.1375 0.1375 0.183 0.183 0.201 0.201 0.1925 0.1925 0.1925 0.2 0.2 0.224 0.224 0.235 0.235 0.235 0.235 0.235 0.2455 0.2455 0.2745 0.2745 0.2745 0.2295 0.2295 0.2 0.2 0.182 0.182 0.182 0.1545
0.2275 0.2275 0.2405 0.2405 0.2365 0.2365 0.2205 0.2205 0.2205 0.221 0.221 0.2335 0.2335 0.2265 0.2265 0.2485 0.2485 0.2485 0.2455 0.2455 0.2325 0.2325 0.244 0.244 0.244 0.292 0.292 0.2405 0.2405 0.228 0.228 0.228 0.2125 0.2125 0.2125 0.2125 0.207 0.207 0.207 0.226 0.226 0.206 0.206 0.207 0.207 0.207 0.195 0.195 0.1685 0.1685 0.176 0.176 0.195 0.195 0.195 0.2205 0.2205 0.209 0.209 0.241 0.241 0.241 0.2535 0.2535 0.253 0.253 0.2595 0.2595 0.2595 0.225 0.225 0.218 0.218 0.1995 0.1995 0.1995 0.1635
0.2275 0.2275 0.2405 0.2405 0.2365 0.2365 0.2205 0.2205 0.2205 0.221 0.221 0.2335 0.2335 0.2265 0.2265 0.2485 0.2485 0.2485 0.2455 0.2455 0.2325 0.2325 0.244 0.244 0.244 0.292 0.292 0.2405 0.2405 0.228 0.228 0.228 0.2125 0.2125 0.2125 0.2125 0.207 0.207 0.207 0.226 0.226 0.206 0.206 0.207 0.207 0.207 0.195 0.195 0.1685 0.1685 0.176 0.176 0.195 0.195 0.195 0.2205 0.2205 0.209 0.209 0.241 0.241 0.241 0.2535 0.2535 0.253 0.253 0.2595 0.2595 0.2595 0.225 0.225 0.218 0.218 0.1995 0.1995 0.1995 0.1635
0.2425 0.2425 0.223 0.223 0.221 0.221 0.2165 0.2165 0.2165 0.2185 0.2185 0.2215 0.2215 0.246 0.246 0.2485 0.2485 0.2485 0.262 0.262 0.2365 0.2365 0.214 0.214 0.214 0.2795 0.2795 0.2785 0.2785 0.2435 0.2435 0.2435 0.2215 0.2215 0.2195 0.2195 0.224 0.224 0.224 0.2205 0.2205 0.2135 0.2135 0.1905 0.1905 0.1905 0.165 0.165 0.1645 0.1645 0.184 0.184 0.247 0.247 0.247 0.2415 0.2415 0.232 0.232 0.2185 0.2185 0.2185 0.238 0.238 0.2525 0.2525 0.216 0.216 0.216 0.2095 0.2095 0.2035 0.2035 0.2155 0.2155 0.2155 0.192
0.2425 0.2425 0.223 0.223 0.221 0.221 0.2165 0.2165 0.2165 0.2185 0.2185 0.2215 0.2215 0.246 0.246 0.2485 0.2485 0.2485 0.262 0.262 0.2365 0.2365 0.214 0.214 0.214 0.2795 0.2795 0.2785 0.2785 0.2435 0.2435 0.2435 0.2215 0.2215 0.2195 0.2195 0.224 0.224 0.224 0.2205 0.2205 0.2135 0.2135 0.1905 0.1905 0.1905 0.165 0.165 0.1645 0.1645 0.184 0.184 0.247 0.247 0.247 0.2415 0.2415 0.232 0.232 0.2185 0.2185 0.2185 0.238 0.238 0.2525 0.2525 0.216 0.216 0.216 0.2095 0.2095 0.2035 0.2035 0.2155 0.2155 0.2155 0.192
0.2425 0.2425 0.223 0.223 0.221 0.221 0.2165 0.2165 0.2165 0.2185 0.2185 0.2215 0.2215 0.246 0.246 0.2485 0.2485 0.2485 0.262 0.262 0.2365 0.2365 0.214 0.214 0.214 0.2795 0.2795 0.2785 0.2785 0.2435 0.2435 0.2435 0.2215 0.2215 0.2195 0.2195 0.224 0.224 0.224 0.2205 0.2205 0.2135 0.2135 0.1905 0.1905 0.1905 0.165 0.165 0.1645 0.1645 0.184 0.184 0.247 0.247 0.247 0.2415 0.2415 0.232 0.232 0.2185 0.2185 0.2185 0.238 0.238 0.2525 0.2525 0.216 0.216 0.216 0.2095 0.2095 0.2035 0.2035 0.2155 0.2155 0.2155 0.192
0.24 0.24 0.2315 0.2315 0.224 0.224 0.226 0.226 0.226 0.2245 0.2245 0.24 0.24 0.2225 0.2225 0.222 0.222 0.222 0.2475 0.2475 0.237 0.237 0.235 0.235 0.235 0.238 0.238 0.2365 0.2365 0.2455 0.2455 0.2455 0.2595 0.2595 0.257 0.257 0.2265 0.2265 0.2265 0.2165 0.2165 0.202 0.202 0.172 0.172 0.172 0.187 0.187 0.241 0.241 0.2335 0.2335 0.2315 0.2315 0.2315 0.23 0.23 0.223 0.223 0.205 0.205 0.205 0.226 0.226 0.225 0.225 0.228 0.228 0.228 0.2135 0.2135 0.2145 0.2145 0.1675 0.1675 0.1675 0.1955
0.24 0.24 0.2315 0.2315 0.224 0.224 0.226 0.226 0.226 0.2245 0.2245 0.24 0.24 0.2225 0.2225 0.222 0.222 0.222 0.2475 0.2475 0.237 0.237 0.235 0.235 0.235 0.238 0.238 0.2365 0.2365 0.2455 0.2455 0.2455 0.2595 0.2595 0.257 0.257 0.2265 0.2265 0.2265 0.2165 0.2165 0.202 0.202 0.172 0.172 0.172 0.187 0.187 0.241 0.241 0.2335 0.2335 0.2315 0.2315 0.2315 0.23 0.23 0.223 0.223 0.205 0.205 0.205 0.226 0.226 0.225 0.225 0.228 0.228 0.228 0.2135 0.2135 0.2145 0.2145 0.1675 0.1675 0.1675 0.1955
0.2355 0.2355 0.2315 0.2315 0.2285 0.2285 0.225 0.225 0.225 0.231 0.231 0.223 0.223 0.2235 0.2235 0.227 0.227 0.227 0.2165 0.2165 0.222 0.222 0.228 0.228 0.228 0.233 0.233 0.241 0.241 0.2465 0.2465 0.2465 0.243 0.243 0.234 0.234 0.248 0.248 0.248 0.2305 0.2305 0.225 0.225 0.2065 0.2065 0.2065 0.2375 0.2375 0.3125 0.3125 0.229 0.229 0.216 0.216 0.216 0.2225 0.2225 0.22 0.22 0.187 0.187 0.187 0.207 0.207 0.205 0.205 0.247 0.247 0.247 0.2305 0.2305 0.1466 0.1466 0.111 0.111 0.111 0.164
0.2355 0.2355 0.2315 0.2315 0.2285 0.2285 0.225 0.225 0.225 0.231 0.231 0.223 0.223 0.2235 0.2235 0.227 0.227 0.227 0.2165 0.2165 0.222 0.222 0.228 0.228 0.228 0.233 0.233 0.241 0.241 0.2465 0.2465 0.2465 0.243 0.243 0.234 0.234 0.248 0.248 0.248 0.2305 0.2305 0.225 0.225 0.2065 0.2065 0.2065 0.2375 0.2375 0.3125 0.3125 0.229 0.229 0.216 0.216 0.216 0.2225 0.2225 0.22 0.22 0.187 0.187 0.187 0.207 0.207 0.205 0.205 0.247 0.247 0.247 0.2305 0.2305 0.1466 0.1466 0.111 0.111 0.111 0.164
0.2225 0.2225 0.213 0.213 0.221 0.221 0.2215 0.2215 0.2215 0.2145 0.2145 0.205 0.205 0.21 0.21 0.223 0.223 0.223 0.2125 0.2125 0.2155 0.2155 0.2125 0.2125 0.2125 0.2315 0.2315 0.2055 0.2055 0.2185 0.2185 0.2185 0.225 0.225 0.2405 0.2405 0.2645 0.2645 0.2645 0.262 0.262 0.275 0.275 0.2715 0.2715 0.2715 0.315 0.315 0.251 0.251 0.2095 0.2095 0.2125 0.2125 0.2125 0.2 0.2 0.193 0.193 0.1975 0.1975 0.1975 0.211 0.211 0.2345 0.2345 0.2315 0.2315 0.2315 0.2345 0.2345 0.201 0.201 0.165 0.165 0.165 0.148
0.2225 0.2225 0.213 0.213 0.221 0.221 0.2215 0.2215 0.2215 0.2145 0.2145 0.205 0.205 0.21 0.21 0.223 0.223 0.223 0.2125 0.2125 0.2155 0.2155 0.2125 0.2125 0.2125 0.2315 0.2315 0.2055 0.2055 0.2185 0.2185 0.2185 0.225 0.225 0.2405 0.2405 0.2645 0.2645 0.2645 0.262 0.262 0.275 0.275 0.2715 0.2715 0.2715 0.315 0.315 0.251 0.251 0.2095 0.2095 0.2125 0.2125 0.2125 0.2 0.2 0.193 0.193 0.1975 0.1975 0.1975 0.211 0.211 0.2345 0.2345 0.2315 0.2315 0.2315 0.2345 0.2345 0.201 0.201 0.165 0.165 0.165 0.148
0.229 0.229 0.2345 0.2345 0.223 0.223 0.209 0.209 0.209 0.222 0.222 0.216 0.216 0.21 0.21 0.205 0.205 0.205 0.211 0.211 0.1975 0.1975 0.209 0.209 0.209 0.209 0.209 0.2095 0.2095 0.2085 0.2085 0.2085 0.2185 0.2185 0.217 0.217 0.2275 0.2275 0.2275 0.2235 0.2235 0.259 0.259 0.2715 0.2715 0.2715 0.306 0.306 0.314 0.314 0.2405 0.2405 0.2005 0.2005 0.2005 0.1785 0.1785 0.2025 0.2025 0.201 0.201 0.201 0.2045 0.2045 0.172 0.172 0.1755 0.1755 0.1755 0.177 0.177 0.1915 0.1915 0.1825 0.1825 0.1825 0.135
0.229 0.229 0.2345 0.2345 0.223 0.223 0.209 0.209 0.209 0.222 0.222 0.216 0.216 0.21 0.21 0.205 0.205 0.205 0.211 0.211 0.1975 0.1975 0.209 0.209 0.209 0.209 0.209 0.2095 0.2095 0.2085 0.2085 0.2085 0.2185 0.2185 0.217 0.217 0.2275 0.2275 0.2275 0.2235 0.2235 0.259 0.259 0.2715 0.2715 0.2715 0.306 0.306 0.314 0.314 0.2405 0.2405 0.2005 0.2005 0.2005 0.1785 0.1785 0.2025 0.2025 0.201 0.201 0.201 0.2045 0.2045 0.172 0.172 0.1755 0.1755 0.1755 0.177 0.177 0.1915 0.1915 0.1825 0.1825 0.1825 0.135
0.229 0.229 0.2345 0.2345 0.223 0.223 0.209 0.209 0.209 0.222 0.222 0.216 0.216 0.21 0.21 0.205 0.205 0.205 0.211 0.211 0.1975 0.1975 0.209 0.209 0.209 0.209 0.209 0.2095 0.2095 0.2085 0.2085 0.2085 0.2185 0.2185 0.217 0.217 0.2275 0.2275 0.2275 0.2235 0.2235 0.259 0.259 0.2715 0.2715 0.2715 0.306 0.306 0.314 0.314 0.2405 0.2405 0.2005 0.2005 0.2005 0.1785 0.1785 0.2025 0.2025 0.201 0.201 0.201 0.2045 0.2045 0.172 0.172 0.1755 0.1755 0.1755 0.177 0.177 0.1915 0.1915 0.1825 0.1825 0.1825 0.135
0.233 0.233 0.2425 0.2425 0.21 0.21 0.2025 0.2025 0.2025 0.231 0.231 0.234 0.234 0.226 0.226 0.2125 0.2125 0.2125 0.1965 0.1965 0.2275 0.2275 0.227 0.227 0.227 0.214 0.214 0.214 0.214 0.2095 0.2095 0.2095 0.21 0.21 0.203 0.203 0.228 0.228 0.228 0.23 0.23 0.224 0.224 0.254 0.254 0.254 0.265 0.265 0.2725 0.2725 0.2385 0.2385 0.2295 0.2295 0.2295 0.2225 0.2225 0.2085 0.2085 0.2065 0.2065 0.2065 0.227 0.227 0.2095 0.2095 0.1835 0.1835 0.1835 0.18 0.18 0.177 0.177 0.163 0.163 0.163 0.144
0.233 0.233 0.2425 0.2425 0.21 0.21 0.2025 0.2025 0.2025 0.231 0.231 0.234 0.234 0.226 0.226 0.2125 0.2125 0.2125 0.1965 0.1965 0.2275 0.2275 0.227 0.227 0.227 0.214 0.214 0.214 0.214 0.2095 0.2095 0.2095 0.21 0.21 0.203 0.203 0.228 0.228 0.228 0.23 0.23 0.224 0.224 0.254 0.254 0.254 0.265 0.265 0.2725 0.2725 0.2385 0.2385 0.2295 0.2295 0.2295 0.2225 0.2225 0.2085 0.2085 0.2065 0.2065 0.2065 0.227 0.227 0.2095 0.2095 0.1835 0.1835 0.1835 0.18 0.18 0.177 0.177 0.163 0.163 0.163 0.144
0.2445 0.2445 0.2145 0.2145 0.2175 0.2175 0.243 0.243 0.243 0.237 0.237 0.2365 0.2365 0.2285 0.2285 0.2255 0.2255 0.2255 0.244 0.244 0.237 0.237 0.243 0.243 0.243 0.215 0.215 0.217 0.217 0.2255 0.2255 0.2255 0.2175 0.2175 0.234 0.234 0.234 0.234 0.234 0.232 0.232 0.2345 0.2345 0.2275 0.2275 0.2275 0.2055 0.2055 0.2495 0.2495 0.2635 0.2635 0.252 0.252 0.252 0.246 0.246 0.235 0.235 0.25 0.25 0.25 0.2895 0.2895 0.2525 0.2525 0.2045 0.2045 0.2045 0.1815 0.1815 0.1825 0.1825 0.173 0.173 0.173 0.155
0.2445 0.2445 0.2145 0.2145 0.2175 0.2175 0.243 0.243 0.243 0.237 0.237 0.2365 0.2365 0.2285 0.2285 0.2255 0.2255 0.2255 0.244 0.244 0.237 0.237 0.243 0.243 0.243 0.215 0.215 0.217 0.217 0.2255 0.2255 0.2255 0.2175 0.2175 0.234 0.234 0.234 0.234 0.234 0.232 0.232 0.2345 0.2345 0.2275 0.2275 0.2275 0.2055 0.2055 0.2495 0.2495 0.2635 0.2635 0.252 0.252 0.252 0.246 0.246 0.235 0.235 0.25 0.25 0.25 0.2895 0.2895 0.2525 0.2525 0.2045 0.2045 0.2045 0.1815 0.1815 0.1825 0.1825 0.173 0.173 0.173 0.155
0.251 0.251 0.2385 0.2385 0.26 0.26 0.242 0.242 0.242 0.2555 0.2555 0.241 0.241 0.2405 0.2405 0.2325 0.2325 0.2325 0.2305 0.2305 0.214 0.214 0.2325 0.2325 0.2325 0.228 0.228 0.235 0.235 0.2215 0.2215 0.2215 0.253 0.253 0.252 0.252 0.2415 0.2415 0.2415 0.254 0.254 0.2395 0.2395 0.251 0.251 0.251 0.2485 0.2485 0.2535 0.2535 0.2655 0.2655 0.261 0.261 0.261 0.2675 0.2675 0.2505 0.2505 0.265 0.265 0.265 0.2745 0.2745 0.252 0.252 0.204 0.204 0.204 0.2025 0.2025 0.194 0.194 0.206 0.206 0.206 0.1735
0.251 0.251 0.2385 0.2385 0.26 0.26 0.242 0.242 0.242 0.2555 0.2555 0.241 0.241 0.2405 0.2405 0.2325 0.2325 0.2325 0.2305 0.2305 0.214 0.214 0.2325 0.2325 0.2325 0.228 0.228 0.235 0.235 0.2215 0.2215 0.2215 0.253 0.253 0.252 0.252 0.2415 0.2415 0.2415 0.254 0.254 0.2395 0.2395 0.251 0.251 0.251 0.2485 0.2485 0.2535 0.2535 0.2655 0.2655 0.261 0.261 0.261 0.2675 0.2675 0.2505 0.2505 0.265 0.265 0.265 0.2745 0.2745 0.252 0.252 0.204 0.204 0.204 0.2025 0.2025 0.194 0.194 0.206 0.206 0.206 0.1735
0.251 0.251 0.2385 0.2385 0.26 0.26 0.242 0.242 0.242 0.2555 0.2555 0.241 0.241 0.2405 0.2405 0.2325 0.2325 0.2325 0.2305 0.2305 0.214 0.214 0.2325 0.2325 0.2325 0.228 0.228 0.235 0.235 0.2215 0.2215 0.2215 0.253 0.253 0.252 0.252 0.2415 0.2415 0.2415 0.254 0.254 0.2395 0.2395 0.251 0.251 0.251 0.2485 0.2485 0.2535 0.2535 0.2655 0.2655 0.261 0.261 0.261 0.2675 0.2675 0.2505 0.2505 0.265 0.265 0.265 0.2745 0.2745 0.252 0.252 0.204 0.204 0.204 0.2025 0.2025 0.194 0.194 0.206 0.206 0.206 0.1735
0.2695 0.2695 0.261 0.261 0.248 0.248 0.2345 0.2345 0.2345 0.223 0.223 0.247 0.247 0.2225 0.2225 0.2335 0.2335 0.2335 0.242 0.242 0.2165 0.2165 0.2355 0.2355 0.2355 0.2075 0.2075 0.2255 0.2255 0.2125 0.2125 0.2125 0.217 0.217 0.23 0.23 0.241 0.241 0.241 0.251 0.251 0.2455 0.2455 0.251 0.251 0.251 0.265 0.265 0.256 0.256 0.2395 0.2395 0.2825 0.2825 0.2825 0.263 0.263 0.253 0.253 0.2525 0.2525 0.2525 0.2305 0.2305 0.2445 0.2445 0.2385 0.2385 0.2385 0.22 0.22 0.2285 0.2285 0.2 0.2 0.2 0.178
0.2695 0.2695 0.261 0.261 0.248 0.248 0.2345 0.2345 0.2345 0.223 0.223 0.247 0.247 0.2225 0.2225 0.2335 0.2335 0.2335 0.242 0.242 0.2165 0.2165 0.2355 0.2355 0.2355 0.2075 0.2075 0.2255 0.2255 0.2125 0.2125 0.2125 0.217 0.217 0.23 0.23 0.241 0.241 0.241 0.251 0.251 0.2455 0.2455 0.251 0.251 0.251 0.265 0.265 0.256 0.256 0.2395 0.2395 0.2825 0.2825 0.2825 0.263 0.263 0.253 0.253 0.2525 0.2525 0.2525 0.2305 0.2305 0.2445 0.2445 0.2385 0.2385 0.2385 0.22 0.22 0.2285 0.2285 0.2 0.2 0.2 0.178
0.2555 0.2555 0.2425 0.2425 0.2295 0.2295 0.229 0.229 0.229 0.2395 0.2395 0.228 0.228 0.202 0.202 0.2405 0.2405 0.2405 0.2315 0.2315 0.2255 0.2255 0.2325 0.2325 0.2325 0.228 0.228 0.23 0.23 0.2325 0.2325 0.2325 0.215 0.215 0.2365 0.2365 0.2325 0.2325 0.2325 0.2205 0.2205 0.239 0.239 0.244 0.244 0.244 0.2595 0.2595 0.251 0.251 0.255 0.255 0.254 0.254 0.254 0.2245 0.2245 0.259 0.259 0.2455 0.2455 0.2455 0.244 0.244 0.2695 0.2695 0.2485 0.2485 0.2485 0.241 0.241 0.228 0.228 0.221 0.221 0.221 0.2225
0.2555 0.2555 0.2425 0.2425 0.2295 0.2295 0.229 0.229 0.229 0.2395 0.2395 0.228 0.228 0.202 0.202 0.2405 0.2405 0.2405 0.2315 0.2315 0.2255 0.2255 0.2325 0.2325 0.2325 0.228 0.228 0.23 0.23 0.2325 0.2325 0.2325 0.215 0.215 0.2365 0.2365 0.2325 0.2325 0.2325 0.2205 0.2205 0.239 0.239 0.244 0.244 0.244 0.2595 0.2595 0.251 0.251 0.255 0.255 0.254 0.254 0.254 0.2245 0.2245 0.259 0.259 0.2455 0.2455 0.2455 0.244 0.244 0.2695 0.2695 0.2485 0.2485 0.2485 0.241 0.241 0.228 0.228 0.221 0.221 0.221 0.2225
0.2595 0.2595 0.241 0.241 0.237 0.237 0.249 0.249 0.249 0.246 0.246 0.2435 0.2435 0.224 0.224 0.224 0.224 0.224 0.226 0.226 0.2275 0.2275 0.2395 0.2395 0.2395 0.239 0.239 0.2285 0.2285 0.23 0.23 0.23 0.2545 0.2545 0.262 0.262 0.2445 0.2445 0.2445 0.259 0.259 0.2605 0.2605 0.251 0.251 0.251 0.263 0.263 0.254 0.254 0.247 0.247 0.221 0.221 0.221 0.2335 0.2335 0.283 0.283 0.2525 0.2525 0.2525 0.291 0.291 0.2925 0.2925 0.296 0.296 0.296 0.309 0.309 0.2715 0.2715 0.283 0.283 0.283 0.227
0.2595 0.2595 0.241 0.241 0.237 0.237 0.249 0.249 0.249 0.246 0.246 0.2435 0.2435 0.224 0.224 0.224 0.224 0.224 0.226 0.226 0.2275 0.2275 0.2395 0.2395 0.2395 0.239 0.239 0.2285 0.2285 0.23 0.23 0.23 0.2545 0.2545 0.262 0.262 0.2445 0.2445 0.2445 0.259 0.259 0.2605 0.2605 0.251 0.251 0.251 0.263 0.263 0.254 0.254 0.247 0.247 0.221 0.221 0.221 0.2335 0.2335 0.283 0.283 0.2525 0.2525 0.2525 0.291 0.291 0.2925 0.2925 0.296 0.296 0.296 0.309 0.309 0.2715 0.2715 0.283 0.283 0.283 0.227
0.2595 0.2595 0.241 0.241 0.237 0.237 0.249 0.249 0.249 0.246 0.246 0.2435 0.2435 0.224 0.224 0.224 0.224 0.224 0.226 0.226 0.2275 0.2275 0.2395 0.2395 0.2395 0.239 0.239 0.2285 0.2285 0.23 0.23 0.23 0.2545 0.2545 0.262 0.262 0.2445 0.2445 0.2445 0.259 0.259 0.2605 0.2605 0.251 0.251 0.251 0.263 0.263 0.254 0.254 0.247 0.247 0.221 0.221 0.221 0.2335 0.2335 0.283 0.283 0.2525 0.2525 0.2525 0.291 0.291 0.2925 0.2925 0.296 0.296 0.296 0.309 0.309 0.2715 0.2715 0.283 0.283 0.283 0.227
0.259 0.259 0.2565 0.2565 0.2455 0.2455 0.23 0.23 0.23 0.256 0.256 0.2355 0.2355 0.2305 0.2305 0.2295 0.2295 0.2295 0.22 0.22 0.2105 0.2105 0.2345 0.2345 0.2345 0.236 0.236 0.239 0.239 0.2775 0.2775 0.2775 0.27 0.27 0.2845 0.2845 0.264 0.264 0.264 0.297 0.297 0.285 0.285 0.283 0.283 0.283 0.2555 0.2555 0.269 0.269 0.2715 0.2715 0.2675 0.2675 0.2675 0.2495 0.2495 0.281 0.281 0.2965 0.2965 0.2965 0.2925 0.2925 0.2665 0.2665 0.274 0.274 0.274 0.267 0.267 0.23 0.23 0.2605 0.2605 0.2605 0.253
0.259 0.259 0.2565 0.2565 0.2455 0.2455 0.23 0.23 0.23 0.256 0.256 0.2355 0.2355 0.2305 0.2305 0.2295 0.2295 0.2295 0.22 0.22 0.2105 0.2105 0.2345 0.2345 0.2345 0.236 0.236 0.239 0.239 0.2775 0.2775 0.2775 0.27 0.27 0.2845 0.2845 0.264 0.264 0.264 0.297 0.297 0.285 0.285 0.283 0.283 0.283 0.2555 0.2555 0.269 0.269 0.2715 0.2715 0.2675 0.2675 0.2675 0.2495 0.2495 0.281 0.281 0.2965 0.2965 0.2965 0.2925 0.2925 0.2665 0.2665 0.274 0.274 0.274 0.267 0.267 0.23 0.23 0.2605 0.2605 0.2605 0.253
0.256 0.256 0.242 0.242 0.24 0.24 0.244 0.244 0.244 0.256 0.256 0.2755 0.2755 0.265 0.265 0.2425 0.2425 0.2425 0.2415 0.2415 0.256 0.256 0.228 0.228 0.228 0.2265 0.2265 0.25 0.25 0.277 0.277 0.277 0.2675 0.2675 0.29 0.29 0.2895 0.2895 0.2895 0.2975 0.2975 0.313 0.313 0.324 0.324 0.324 0.286 0.286 0.287 0.287 0.2665 0.2665 0.2695 0.2695 0.2695 0.263 0.263 0.255 0.255 0.269 0.269 0.269 0.281 0.281 0.3035 0.3035 0.3185 0.3185 0.3185 0.376 0.376 0.327 0.327 0.3095 0.3095 0.3095 0.2795
0.256 0.256 0.242 0.242 0.24 0.24 0.244 0.244 0.244 0.256 0.256 0.2755 0.2755 0.265 0.265 0.2425 0.2425 0.2425 0.2415 0.2415 0.256 0.256 0.228 0.228 0.228 0.2265 0.2265 0.25 0.25 0.277 0.277 0.277 0.2675 0.2675 0.29 0.29 0.2895 0.2895 0.2895 0.2975 0.2975 0.313 0.313 0.324 0.324 0.324 0.286 0.286 0.287 0.287 0.2665 0.2665 0.2695 0.2695 0.2695 0.263 0.263 0.255 0.255 0.269 0.269 0.269 0.281 0.281 0.3035 0.3035 0.3185 0.3185 0.3185 0.376 0.376 0.327 0.327 0.3095 0.3095 0.3095 0.2795
0.2505 0.2505 0.249 0.249 0.2775 0.2775 0.271 0.271 0.271 0.2695 0.2695 0.2635 0.2635 0.2545 0.2545 0.2665 0.2665 0.2665 0.2725 0.2725 0.257 0.257 0.246 0.246 0.246 0.2465 0.2465 0.2715 0.2715 0.269 0.269 0.269 0.28 0.28 0.305 0.305 0.3 0.3 0.3 0.316 0.316 0.3065 0.3065 0.291 0.291 0.291 0.295 0.295 0.3025 0.3025 0.2825 0.2825 0.2645 0.2645 0.2645 0.287 0.287 0.269 0.269 0.2515 0.2515 0.2515 0.265 0.265 0.3305 0.3305 0.285 0.285 0.285 0.323 0.323 0.296 0.296 0.259 0.259 0.259 0.2705
