ndvi/NOAA-108.asc
ncols         252
nrows         154
xllcorner     -18.017974
yllcorner     13.481982
cellsize      0.035948
NODATA_value  -9999
[rows 70 to 104 of 154, columns 154 to 230 of 252]
0.1585 0.164 0.164 0.16 0.16 0.16 0.157 0.157 0.1755 0.1755 0.168 0.168 0.2255 0.2255 0.2255 0.2255 0.2255 0.2105 0.2105 0.2215 0.2215 0.2215 0.215 0.215 0.2225 0.2225 0.2155 0.2155 0.2155 0.2175 0.2175 0.215 0.215 0.22 0.22 0.22 0.2195 0.2195 0.2225 0.2225 0.2085 0.2085 0.2085 0.2135 0.2135 0.206 0.206 0.205 0.205 0.2095 0.2095 0.2095 0.22 0.22 0.2215 0.2215 0.218 0.218 0.218 0.2215 0.2215 0.2205 0.2205 0.217 0.217 0.217 0.192 0.192 0.1945 0.1945 0.2085 0.2085 0.2085 0.2105 0.2105 0.203 0.203
0.1765 0.178 0.178 0.1795 0.1795 0.1795 0.1715 0.1715 0.179 0.179 0.1765 0.1765 0.2165 0.2165 0.2165 0.226 0.226 0.2295 0.2295 0.2205 0.2205 0.2205 0.214 0.214 0.217 0.217 0.213 0.213 0.213 0.2165 0.2165 0.2215 0.2215 0.2205 0.2205 0.2205 0.222 0.222 0.201 0.201 0.2045 0.2045 0.2045 0.2195 0.2195 0.2295 0.2295 0.2255 0.2255 0.2295 0.2295 0.2295 0.2375 0.2375 0.2245 0.2245 0.2115 0.2115 0.2115 0.2215 0.2215 0.2135 0.2135 0.2205 0.2205 0.2205 0.203 0.203 0.2005 0.2005 0.204 0.204 0.204 0.204 0.204 0.213 0.213
0.1765 0.178 0.178 0.1795 0.1795 0.1795 0.1715 0.1715 0.179 0.179 0.1765 0.1765 0.2165 0.2165 0.2165 0.226 0.226 0.2295 0.2295 0.2205 0.2205 0.2205 0.214 0.214 0.217 0.217 0.213 0.213 0.213 0.2165 0.2165 0.2215 0.2215 0.2205 0.2205 0.2205 0.222 0.222 0.201 0.201 0.2045 0.2045 0.2045 0.2195 0.2195 0.2295 0.2295 0.2255 0.2255 0.2295 0.2295 0.2295 0.2375 0.2375 0.2245 0.2245 0.2115 0.2115 0.2115 0.2215 0.2215 0.2135 0.2135 0.2205 0.2205 0.2205 0.203 0.203 0.2005 0.2005 0.204 0.204 0.204 0.204 0.204 0.213 0.213
0.1765 0.178 0.178 0.1795 0.1795 0.1795 0.1715 0.1715 0.179 0.179 0.1765 0.1765 0.2165 0.2165 0.2165 0.226 0.226 0.2295 0.2295 0.2205 0.2205 0.2205 0.214 0.214 0.217 0.217 0.213 0.213 0.213 0.2165 0.2165 0.2215 0.2215 0.2205 0.2205 0.2205 0.222 0.222 0.201 0.201 0.2045 0.2045 0.2045 0.2195 0.2195 0.2295 0.2295 0.2255 0.2255 0.2295 0.2295 0.2295 0.2375 0.2375 0.2245 0.2245 0.2115 0.2115 0.2115 0.2215 0.2215 0.2135 0.2135 0.2205 0.2205 0.2205 0.203 0.203 0.2005 0.2005 0.204 0.204 0.204 0.204 0.204 0.213 0.213
0.188 0.1895 0.1895 0.19 0.19 0.19 0.181 0.181 0.174 0.174 0.1825 0.1825 0.23 0.23 0.23 0.2335 0.2335 0.2265 0.2265 0.219 0.219 0.219 0.2185 0.2185 0.2125 0.2125 0.222 0.222 0.222 0.221 0.221 0.223 0.223 0.224 0.224 0.224 0.221 0.221 0.225 0.225 0.238 0.238 0.238 0.242 0.242 0.24 0.24 0.2365 0.2365 0.2315 0.2315 0.2315 0.2305 0.2305 0.22 0.22 0.206 0.206 0.206 0.217 0.217 0.228 0.228 0.2155 0.2155 0.2155 0.2195 0.2195 0.197 0.197 0.1935 0.1935 0.1935 0.2075 0.2075 0.2085 0.2085
0.188 0.1895 0.1895 0.19 0.19 0.19 0.181 0.181 0.174 0.174 0.1825 0.1825 0.23 0.23 0.23 0.2335 0.2335 0.2265 0.2265 0.219 0.219 0.219 0.2185 0.2185 0.2125 0.2125 0.222 0.222 0.222 0.221 0.221 0.223 0.223 0.224 0.224 0.224 0.221 0.221 0.225 0.225 0.238 0.238 0.238 0.242 0.242 0.24 0.24 0.2365 0.2365 0.2315 0.2315 0.2315 0.2305 0.2305 0.22 0.22 0.206 0.206 0.206 0.217 0.217 0.228 0.228 0.2155 0.2155 0.2155 0.2195 0.2195 0.197 0.197 0.1935 0.1935 0.1935 0.2075 0.2075 0.2085 0.2085
0.177 0.1835 0.1835 0.1885 0.1885 0.1885 0.175 0.175 0.173 0.173 0.1775 0.1775 0.211 0.211 0.211 0.238 0.238 0.252 0.252 0.2295 0.2295 0.2295 0.214 0.214 0.2165 0.2165 0.228 0.228 0.228 0.2225 0.2225 0.2315 0.2315 0.2215 0.2215 0.2215 0.225 0.225 0.2465 0.2465 0.2475 0.2475 0.2475 0.2485 0.2485 0.2465 0.2465 0.2255 0.2255 0.2425 0.2425 0.2425 0.238 0.238 0.224 0.224 0.222 0.222 0.222 0.2085 0.2085 0.213 0.213 0.22 0.22 0.22 0.2285 0.2285 0.2235 0.2235 0.216 0.216 0.216 0.2035 0.2035 0.217 0.217
0.177 0.1835 0.1835 0.1885 0.1885 0.1885 0.175 0.175 0.173 0.173 0.1775 0.1775 0.211 0.211 0.211 0.238 0.238 0.252 0.252 0.2295 0.2295 0.2295 0.214 0.214 0.2165 0.2165 0.228 0.228 0.228 0.2225 0.2225 0.2315 0.2315 0.2215 0.2215 0.2215 0.225 0.225 0.2465 0.2465 0.2475 0.2475 0.2475 0.2485 0.2485 0.2465 0.2465 0.2255 0.2255 0.2425 0.2425 0.2425 0.238 0.238 0.224 0.224 0.222 0.222 0.222 0.2085 0.2085 0.213 0.213 0.22 0.22 0.22 0.2285 0.2285 0.2235 0.2235 0.216 0.216 0.216 0.2035 0.2035 0.217 0.217
0.142 0.1615 0.1615 0.1575 0.1575 0.1575 0.1595 0.1595 0.1635 0.1635 0.1765 0.1765 0.214 0.214 0.214 0.2245 0.2245 0.2385 0.2385 0.224 0.224 0.224 0.209 0.209 0.2195 0.2195 0.2295 0.2295 0.2295 0.2235 0.2235 0.219 0.219 0.2215 0.2215 0.2215 0.243 0.243 0.2465 0.2465 0.236 0.236 0.236 0.2395 0.2395 0.24 0.24 0.2155 0.2155 0.226 0.226 0.226 0.2325 0.2325 0.225 0.225 0.2295 0.2295 0.2295 0.22 0.22 0.2265 0.2265 0.2315 0.2315 0.2315 0.2295 0.2295 0.23 0.23 0.227 0.227 0.227 0.2175 0.2175 0.217 0.217
0.142 0.1615 0.1615 0.1575 0.1575 0.1575 0.1595 0.1595 0.1635 0.1635 0.1765 0.1765 0.214 0.214 0.214 0.2245 0.2245 0.2385 0.2385 0.224 0.224 0.224 0.209 0.209 0.2195 0.2195 0.2295 0.2295 0.2295 0.2235 0.2235 0.219 0.219 0.2215 0.2215 0.2215 0.243 0.243 0.2465 0.2465 0.236 0.236 0.236 0.2395 0.2395 0.24 0.24 0.2155 0.2155 0.226 0.226 0.226 0.2325 0.2325 0.225 0.225 0.2295 0.2295 0.2295 0.22 0.22 0.2265 0.2265 0.2315 0.2315 0.2315 0.2295 0.2295 0.23 0.23 0.227 0.227 0.227 0.2175 0.2175 0.217 0.217
0.138 0.1425 0.1425 0.157 0.157 0.157 0.156 0.156 0.1515 0.1515 0.172 0.172 0.2165 0.2165 0.2165 0.2155 0.2155 0.2335 0.2335 0.2125 0.2125 0.2125 0.209 0.209 0.2245 0.2245 0.2295 0.2295 0.2295 0.232 0.232 0.224 0.224 0.219 0.219 0.219 0.223 0.223 0.243 0.243 0.2375 0.2375 0.2375 0.232 0.232 0.228 0.228 0.2175 0.2175 0.2405 0.2405 0.2405 0.2425 0.2425 0.2485 0.2485 0.245 0.245 0.245 0.2395 0.2395 0.244 0.244 0.2425 0.2425 0.2425 0.2345 0.2345 0.233 0.233 0.225 0.225 0.225 0.225 0.225 0.2205 0.2205
0.138 0.1425 0.1425 0.157 0.157 0.157 0.156 0.156 0.1515 0.1515 0.172 0.172 0.2165 0.2165 0.2165 0.2155 0.2155 0.2335 0.2335 0.2125 0.2125 0.2125 0.209 0.209 0.2245 0.2245 0.2295 0.2295 0.2295 0.232 0.232 0.224 0.224 0.219 0.219 0.219 0.223 0.223 0.243 0.243 0.2375 0.2375 0.2375 0.232 0.232 0.228 0.228 0.2175 0.2175 0.2405 0.2405 0.2405 0.2425 0.2425 0.2485 0.2485 0.245 0.245 0.245 0.2395 0.2395 0.244 0.244 0.2425 0.2425 0.2425 0.2345 0.2345 0.233 0.233 0.225 0.225 0.225 0.225 0.225 0.2205 0.2205
0.138 0.1425 0.1425 0.157 0.157 0.157 0.156 0.156 0.1515 0.1515 0.172 0.172 0.2165 0.2165 0.2165 0.2155 0.2155 0.2335 0.2335 0.2125 0.2125 0.2125 0.209 0.209 0.2245 0.2245 0.2295 0.2295 0.2295 0.232 0.232 0.224 0.224 0.219 0.219 0.219 0.223 0.223 0.243 0.243 0.2375 0.2375 0.2375 0.232 0.232 0.228 0.228 0.2175 0.2175 0.2405 0.2405 0.2405 0.2425 0.2425 0.2485 0.2485 0.245 0.245 0.245 0.2395 0.2395 0.244 0.244 0.2425 0.2425 0.2425 0.2345 0.2345 0.233 0.233 0.225 0.225 0.225 0.225 0.225 0.2205 0.2205
0.144 0.165 0.165 0.1645 0.1645 0.1645 0.159 0.159 0.1515 0.1515 0.216 0.216 0.2225 0.2225 0.2225 0.233 0.233 0.241 0.241 0.2445 0.2445 0.2445 0.229 0.229 0.232 0.232 0.2265 0.2265 0.2265 0.2265 0.2265 0.2085 0.2085 0.211 0.211 0.211 0.213 0.213 0.2245 0.2245 0.226 0.226 0.226 0.2295 0.2295 0.223 0.223 0.2375 0.2375 0.2455 0.2455 0.2455 0.2535 0.2535 0.2415 0.2415 0.2435 0.2435 0.2435 0.244 0.244 0.248 0.248 0.2475 0.2475 0.2475 0.2465 0.2465 0.245 0.245 0.2395 0.2395 0.2395 0.243 0.243 0.234 0.234
0.144 0.165 0.165 0.1645 0.1645 0.1645 0.159 0.159 0.1515 0.1515 0.216 0.216 0.2225 0.2225 0.2225 0.233 0.233 0.241 0.241 0.2445 0.2445 0.2445 0.229 0.229 0.232 0.232 0.2265 0.2265 0.2265 0.2265 0.2265 0.2085 0.2085 0.211 0.211 0.211 0.213 0.213 0.2245 0.2245 0.226 0.226 0.226 0.2295 0.2295 0.223 0.223 0.2375 0.2375 0.2455 0.2455 0.2455 0.2535 0.2535 0.2415 0.2415 0.2435 0.2435 0.2435 0.244 0.244 0.248 0.248 0.2475 0.2475 0.2475 0.2465 0.2465 0.245 0.245 0.2395 0.2395 0.2395 0.243 0.243 0.234 0.234
0.1515 0.174 0.174 0.1715 0.1715 0.1715 0.161 0.161 0.188 0.188 0.2365 0.2365 0.2355 0.2355 0.2355 0.2415 0.2415 0.2465 0.2465 0.252 0.252 0.252 0.245 0.245 0.244 0.244 0.22 0.22 0.22 0.2285 0.2285 0.217 0.217 0.2165 0.2165 0.2165 0.2255 0.2255 0.235 0.235 0.241 0.241 0.241 0.244 0.244 0.254 0.254 0.243 0.243 0.261 0.261 0.261 0.25 0.25 0.255 0.255 0.2485 0.2485 0.2485 0.2465 0.2465 0.2395 0.2395 0.2455 0.2455 0.2455 0.2525 0.2525 0.2525 0.2525 0.255 0.255 0.255 0.249 0.249 0.247 0.247
0.1515 0.174 0.174 0.1715 0.1715 0.1715 0.161 0.161 0.188 0.188 0.2365 0.2365 0.2355 0.2355 0.2355 0.2415 0.2415 0.2465 0.2465 0.252 0.252 0.252 0.245 0.245 0.244 0.244 0.22 0.22 0.22 0.2285 0.2285 0.217 0.217 0.2165 0.2165 0.2165 0.2255 0.2255 0.235 0.235 0.241 0.241 0.241 0.244 0.244 0.254 0.254 0.243 0.243 0.261 0.261 0.261 0.25 0.25 0.255 0.255 0.2485 0.2485 0.2485 0.2465 0.2465 0.2395 0.2395 0.2455 0.2455 0.2455 0.2525 0.2525 0.2525 0.2525 0.255 0.255 0.255 0.249 0.249 0.247 0.247
0.1965 0.2005 0.2005 0.193 0.193 0.193 0.176 0.176 0.1915 0.1915 0.241 0.241 0.2475 0.2475 0.2475 0.2475 0.2475 0.239 0.239 0.245 0.245 0.245 0.254 0.254 0.2425 0.2425 0.2365 0.2365 0.2365 0.217 0.217 0.217 0.217 0.229 0.229 0.229 0.2275 0.2275 0.233 0.233 0.2405 0.2405 0.2405 0.2445 0.2445 0.2555 0.2555 0.25 0.25 0.244 0.244 0.244 0.251 0.251 0.239 0.239 0.241 0.241 0.241 0.242 0.242 0.231 0.231 0.249 0.249 0.249 0.2545 0.2545 0.252 0.252 0.2505 0.2505 0.2505 0.2635 0.2635 0.2465 0.2465
0.1965 0.2005 0.2005 0.193 0.193 0.193 0.176 0.176 0.1915 0.1915 0.241 0.241 0.2475 0.2475 0.2475 0.2475 0.2475 0.239 0.239 0.245 0.245 0.245 0.254 0.254 0.2425 0.2425 0.2365 0.2365 0.2365 0.217 0.217 0.217 0.217 0.229 0.229 0.229 0.2275 0.2275 0.233 0.233 0.2405 0.2405 0.2405 0.2445 0.2445 0.2555 0.2555 0.25 0.25 0.244 0.244 0.244 0.251 0.251 0.239 0.239 0.241 0.241 0.241 0.242 0.242 0.231 0.231 0.249 0.249 0.249 0.2545 0.2545 0.252 0.252 0.2505 0.2505 0.2505 0.2635 0.2635 0.2465 0.2465
0.1965 0.2005 0.2005 0.193 0.193 0.193 0.176 0.176 0.1915 0.1915 0.241 0.241 0.2475 0.2475 0.2475 0.2475 0.2475 0.239 0.239 0.245 0.245 0.245 0.254 0.254 0.2425 0.2425 0.2365 0.2365 0.2365 0.217 0.217 0.217 0.217 0.229 0.229 0.229 0.2275 0.2275 0.233 0.233 0.2405 0.2405 0.2405 0.2445 0.2445 0.2555 0.2555 0.25 0.25 0.244 0.244 0.244 0.251 0.251 0.239 0.239 0.241 0.241 0.241 0.242 0.242 0.231 0.231 0.249 0.249 0.249 0.2545 0.2545 0.252 0.252 0.2505 0.2505 0.2505 0.2635 0.2635 0.2465 0.2465
0.185 0.193 0.193 0.1965 0.1965 0.1965 0.1915 0.1915 0.2125 0.2125 0.239 0.239 0.2635 0.2635 0.2635 0.255 0.255 0.2535 0.2535 0.244 0.244 0.244 0.2365 0.2365 0.231 0.231 0.2225 0.2225 0.2225 0.2155 0.2155 0.223 0.223 0.227 0.227 0.227 0.249 0.249 0.239 0.239 0.252 0.252 0.252 0.2485 0.2485 0.255 0.255 0.2635 0.2635 0.251 0.251 0.251 0.249 0.249 0.238 0.238 0.2435 0.2435 0.2435 0.2275 0.2275 0.231 0.231 0.229 0.229 0.229 0.2535 0.2535 0.2545 0.2545 0.2505 0.2505 0.2505 0.262 0.262 0.263 0.263
0.185 0.193 0.193 0.1965 0.1965 0.1965 0.1915 0.1915 0.2125 0.2125 0.239 0.239 0.2635 0.2635 0.2635 0.255 0.255 0.2535 0.2535 0.244 0.244 0.244 0.2365 0.2365 0.231 0.231 0.2225 0.2225 0.2225 0.2155 0.2155 0.223 0.223 0.227 0.227 0.227 0.249 0.249 0.239 0.239 0.252 0.252 0.252 0.2485 0.2485 0.255 0.255 0.2635 0.2635 0.251 0.251 0.251 0.249 0.249 0.238 0.238 0.2435 0.2435 0.2435 0.2275 0.2275 0.231 0.231 0.229 0.229 0.229 0.2535 0.2535 0.2545 0.2545 0.2505 0.2505 0.2505 0.262 0.262 0.263 0.263
0.232 0.201 0.201 0.1845 0.1845 0.1845 0.1975 0.1975 0.2135 0.2135 0.2405 0.2405 0.256 0.256 0.256 0.252 0.252 0.246 0.246 0.252 0.252 0.252 0.2475 0.2475 0.248 0.248 0.21 0.21 0.21 0.211 0.211 0.2235 0.2235 0.2275 0.2275 0.2275 0.259 0.259 0.255 0.255 0.2535 0.2535 0.2535 0.261 0.261 0.2595 0.2595 0.254 0.254 0.2475 0.2475 0.2475 0.2415 0.2415 0.2365 0.2365 0.235 0.235 0.235 0.2365 0.2365 0.236 0.236 0.247 0.247 0.247 0.243 0.243 0.242 0.242 0.253 0.253 0.253 0.2675 0.2675 0.267 0.267
0.232 0.201 0.201 0.1845 0.1845 0.1845 0.1975 0.1975 0.2135 0.2135 0.2405 0.2405 0.256 0.256 0.256 0.252 0.252 0.246 0.246 0.252 0.252 0.252 0.2475 0.2475 0.248 0.248 0.21 0.21 0.21 0.211 0.211 0.2235 0.2235 0.2275 0.2275 0.2275 0.259 0.259 0.255 0.255 0.2535 0.2535 0.2535 0.261 0.261 0.2595 0.2595 0.254 0.254 0.2475 0.2475 0.2475 0.2415 0.2415 0.2365 0.2365 0.235 0.235 0.235 0.2365 0.2365 0.236 0.236 0.247 0.247 0.247 0.243 0.243 0.242 0.242 0.253 0.253 0.253 0.2675 0.2675 0.267 0.267
0.218 0.199 0.199 0.2105 0.2105 0.2105 0.2195 0.2195 0.223 0.223 0.2465 0.2465 0.243 0.243 0.243 0.2375 0.2375 0.242 0.242 0.2405 0.2405 0.2405 0.2345 0.2345 0.2325 0.2325 0.222 0.222 0.222 0.23 0.23 0.2375 0.2375 0.254 0.254 0.254 0.25 0.25 0.2665 0.2665 0.273 0.273 0.273 0.277 0.277 0.2655 0.2655 0.269 0.269 0.2545 0.2545 0.2545 0.2535 0.2535 0.24 0.24 0.2535 0.2535 0.2535 0.2485 0.2485 0.231 0.231 0.2485 0.2485 0.2485 0.248 0.248 0.2425 0.2425 0.2455 0.2455 0.2455 0.2665 0.2665 0.279 0.279
0.218 0.199 0.199 0.2105 0.2105 0.2105 0.2195 0.2195 0.223 0.223 0.2465 0.2465 0.243 0.243 0.243 0.2375 0.2375 0.242 0.242 0.2405 0.2405 0.2405 0.2345 0.2345 0.2325 0.2325 0.222 0.222 0.222 0.23 0.23 0.2375 0.2375 0.254 0.254 0.254 0.25 0.25 0.2665 0.2665 0.273 0.273 0.273 0.277 0.277 0.2655 0.2655 0.269 0.269 0.2545 0.2545 0.2545 0.2535 0.2535 0.24 0.24 0.2535 0.2535 0.2535 0.2485 0.2485 0.231 0.231 0.2485 0.2485 0.2485 0.248 0.248 0.2425 0.2425 0.2455 0.2455 0.2455 0.2665 0.2665 0.279 0.279
0.218 0.199 0.199 0.2105 0.2105 0.2105 0.2195 0.2195 0.223 0.223 0.2465 0.2465 0.243 0.243 0.243 0.2375 0.2375 0.242 0.242 0.2405 0.2405 0.2405 0.2345 0.2345 0.2325 0.2325 0.222 0.222 0.222 0.23 0.23 0.2375 0.2375 0.254 0.254 0.254 0.25 0.25 0.2665 0.2665 0.273 0.273 0.273 0.277 0.277 0.2655 0.2655 0.269 0.269 0.2545 0.2545 0.2545 0.2535 0.2535 0.24 0.24 0.2535 0.2535 0.2535 0.2485 0.2485 0.231 0.231 0.2485 0.2485 0.2485 0.248 0.248 0.2425 0.2425 0.2455 0.2455 0.2455 0.2665 0.2665 0.279 0.279
0.2235 0.2065 0.2065 0.2365 0.2365 0.2365 0.229 0.229 0.224 0.224 0.22 0.22 0.22 0.22 0.22 0.2205 0.2205 0.2205 0.2205 0.245 0.245 0.245 0.2465 0.2465 0.2155 0.2155 0.2275 0.2275 0.2275 0.2305 0.2305 0.247 0.247 0.251 0.251 0.251 0.2405 0.2405 0.261 0.261 0.2755 0.2755 0.2755 0.274 0.274 0.2785 0.2785 0.264 0.264 0.2475 0.2475 0.2475 0.2635 0.2635 0.22 0.22 0.2375 0.2375 0.2375 0.254 0.254 0.243 0.243 0.2405 0.2405 0.2405 0.228 0.228 0.2505 0.2505 0.241 0.241 0.241 0.2575 0.2575 0.309 0.309
0.2235 0.2065 0.2065 0.2365 0.2365 0.2365 0.229 0.229 0.224 0.224 0.22 0.22 0.22 0.22 0.22 0.2205 0.2205 0.2205 0.2205 0.245 0.245 0.245 0.2465 0.2465 0.2155 0.2155 0.2275 0.2275 0.2275 0.2305 0.2305 0.247 0.247 0.251 0.251 0.251 0.2405 0.2405 0.261 0.261 0.2755 0.2755 0.2755 0.274 0.274 0.2785 0.2785 0.264 0.264 0.2475 0.2475 0.2475 0.2635 0.2635 0.22 0.22 0.2375 0.2375 0.2375 0.254 0.254 0.243 0.243 0.2405 0.2405 0.2405 0.228 0.228 0.2505 0.2505 0.241 0.241 0.241 0.2575 0.2575 0.309 0.309
0.2425 0.2345 0.2345 0.229 0.229 0.229 0.2095 0.2095 0.227 0.227 0.2235 0.2235 0.2075 0.2075 0.2075 0.203 0.203 0.2435 0.2435 0.259 0.259 0.259 0.2505 0.2505 0.232 0.232 0.2455 0.2455 0.2455 0.2485 0.2485 0.237 0.237 0.249 0.249 0.249 0.243 0.243 0.253 0.253 0.271 0.271 0.271 0.2765 0.2765 0.268 0.268 0.262 0.262 0.258 0.258 0.258 0.228 0.228 0.2235 0.2235 0.211 0.211 0.211 0.216 0.216 0.2245 0.2245 0.2225 0.2225 0.2225 0.2145 0.2145 0.2175 0.2175 0.2315 0.2315 0.2315 0.2365 0.2365 0.2795 0.2795
0.2425 0.2345 0.2345 0.229 0.229 0.229 0.2095 0.2095 0.227 0.227 0.2235 0.2235 0.2075 0.2075 0.2075 0.203 0.203 0.2435 0.2435 0.259 0.259 0.259 0.2505 0.2505 0.232 0.232 0.2455 0.2455 0.2455 0.2485 0.2485 0.237 0.237 0.249 0.249 0.249 0.243 0.243 0.253 0.253 0.271 0.271 0.271 0.2765 0.2765 0.268 0.268 0.262 0.262 0.258 0.258 0.258 0.228 0.228 0.2235 0.2235 0.211 0.211 0.211 0.216 0.216 0.2245 0.2245 0.2225 0.2225 0.2225 0.2145 0.2145 0.2175 0.2175 0.2315 0.2315 0.2315 0.2365 0.2365 0.2795 0.2795
0.243 0.237 0.237 0.227 0.227 0.227 0.1975 0.1975 0.2265 0.2265 0.243 0.243 0.2445 0.2445 0.2445 0.2395 0.2395 0.2555 0.2555 0.257 0.257 0.257 0.243 0.243 0.2365 0.2365 0.2545 0.2545 0.2545 0.2475 0.2475 0.245 0.245 0.2425 0.2425 0.2425 0.2495 0.2495 0.248 0.248 0.2535 0.2535 0.2535 0.2755 0.2755 0.2675 0.2675 0.2635 0.2635 0.2625 0.2625 0.2625 0.237 0.237 0.2255 0.2255 0.231 0.231 0.231 0.2125 0.2125 0.2275 0.2275 0.234 0.234 0.234 0.2235 0.2235 0.218 0.218 0.2265 0.2265 0.2265 0.239 0.239 0.236 0.236
0.243 0.237 0.237 0.227 0.227 0.227 0.1975 0.1975 0.2265 0.2265 0.243 0.243 0.2445 0.2445 0.2445 0.2395 0.2395 0.2555 0.2555 0.257 0.257 0.257 0.243 0.243 0.2365 0.2365 0.2545 0.2545 0.2545 0.2475 0.2475 0.245 0.245 0.2425 0.2425 0.2425 0.2495 0.2495 0.248 0.248 0.2535 0.2535 0.2535 0.2755 0.2755 0.2675 0.2675 0.2635 0.2635 0.2625 0.2625 0.2625 0.237 0.237 0.2255 0.2255 0.231 0.231 0.231 0.2125 0.2125 0.2275 0.2275 0.234 0.234 0.234 0.2235 0.2235 0.218 0.218 0.2265 0.2265 0.2265 0.239 0.239 0.236 0.236
0.2335 0.232 0.232 0.2535 0.2535 0.2535 0.215 0.215 0.233 0.233 0.244 0.244 0.247 0.247 0.247 0.246 0.246 0.239 0.239 0.2415 0.2415 0.2415 0.2345 0.2345 0.23 0.23 0.253 0.253 0.253 0.2715 0.2715 0.26 0.26 0.24 0.24 0.24 0.2405 0.2405 0.252 0.252 0.252 0.252 0.252 0.267 0.267 0.2685 0.2685 0.3015 0.3015 0.2935 0.2935 0.2935 0.27 0.27 0.2415 0.2415 0.252 0.252 0.252 0.2245 0.2245 0.2185 0.2185 0.2495 0.2495 0.2495 0.245 0.245 0.253 0.253 0.228 0.228 0.228 0.235 0.235 0.2445 0.2445
0.2335 0.232 0.232 0.2535 0.2535 0.2535 0.215 0.215 0.233 0.233 0.244 0.244 0.247 0.247 0.247 0.246 0.246 0.239 0.239 0.2415 0.2415 0.2415 0.2345 0.2345 0.23 0.23 0.253 0.253 0.253 0.2715 0.2715 0.26 0.26 0.24 0.24 0.24 0.2405 0.2405 0.252 0.252 0.252 0.252 0.252 0.267 0.267 0.2685 0.2685 0.3015 0.3015 0.2935 0.2935 0.2935 0.27 0.27 0.2415 0.2415 0.252 0.252 0.252 0.2245 0.2245 0.2185 0.2185 0.2495 0.2495 0.2495 0.245 0.245 0.253 0.253 0.228 0.228 0.228 0.235 0.235 0.2445 0.2445
