ndvi/NOAA-51.asc
ncols         252
nrows         154
xllcorner     -18.017974
yllcorner     13.481982
cellsize      0.035948
NODATA_value  -9999
[rows 102 to 135 of 154, columns 156 to 233 of 252]
0.207 0.196 0.196 0.196 0.2145 0.2145 0.221 0.221 0.2385 0.2385 0.241 0.241 0.241 0.2375 0.2375 0.2355 0.2355 0.25 0.25 0.25 0.2405 0.2405 0.2385 0.2385 0.245 0.245 0.245 0.237 0.237 0.2355 0.2355 0.2275 0.2275 0.2275 0.242 0.242 0.2455 0.2455 0.248 0.248 0.248 0.246 0.246 0.2355 0.2355 0.249 0.249 0.2485 0.2485 0.2485 0.239 0.239 0.2205 0.2205 0.207 0.207 0.207 0.21 0.21 0.2145 0.2145 0.223 0.223 0.223 0.2185 0.2185 0.231 0.231 0.218 0.218 0.218 0.2295 0.2295 0.237 0.237 0.214 0.214 0.214
0.2165 0.228 0.228 0.228 0.2235 0.2235 0.2235 0.2235 0.239 0.239 0.232 0.232 0.232 0.233 0.233 0.2245 0.2245 0.242 0.242 0.242 0.2495 0.2495 0.243 0.243 0.248 0.248 0.248 0.2565 0.2565 0.2455 0.2455 0.2445 0.2445 0.2445 0.227 0.227 0.2345 0.2345 0.244 0.244 0.244 0.2485 0.2485 0.2465 0.2465 0.275 0.275 0.2765 0.2765 0.2765 0.257 0.257 0.216 0.216 0.2045 0.2045 0.2045 0.2205 0.2205 0.2195 0.2195 0.227 0.227 0.227 0.2325 0.2325 0.245 0.245 0.25 0.25 0.25 0.2215 0.2215 0.2265 0.2265 0.24 0.24 0.24
0.2165 0.228 0.228 0.228 0.2235 0.2235 0.2235 0.2235 0.239 0.239 0.232 0.232 0.232 0.233 0.233 0.2245 0.2245 0.242 0.242 0.242 0.2495 0.2495 0.243 0.243 0.248 0.248 0.248 0.2565 0.2565 0.2455 0.2455 0.2445 0.2445 0.2445 0.227 0.227 0.2345 0.2345 0.244 0.244 0.244 0.2485 0.2485 0.2465 0.2465 0.275 0.275 0.2765 0.2765 0.2765 0.257 0.257 0.216 0.216 0.2045 0.2045 0.2045 0.2205 0.2205 0.2195 0.2195 0.227 0.227 0.227 0.2325 0.2325 0.245 0.245 0.25 0.25 0.25 0.2215 0.2215 0.2265 0.2265 0.24 0.24 0.24
0.2165 0.228 0.228 0.228 0.2235 0.2235 0.2235 0.2235 0.239 0.239 0.232 0.232 0.232 0.233 0.233 0.2245 0.2245 0.242 0.242 0.242 0.2495 0.2495 0.243 0.243 0.248 0.248 0.248 0.2565 0.2565 0.2455 0.2455 0.2445 0.2445 0.2445 0.227 0.227 0.2345 0.2345 0.244 0.244 0.244 0.2485 0.2485 0.2465 0.2465 0.275 0.275 0.2765 0.2765 0.2765 0.257 0.257 0.216 0.216 0.2045 0.2045 0.2045 0.2205 0.2205 0.2195 0.2195 0.227 0.227 0.227 0.2325 0.2325 0.245 0.245 0.25 0.25 0.25 0.2215 0.2215 0.2265 0.2265 0.24 0.24 0.24
0.243 0.232 0.232 0.232 0.23 0.23 0.238 0.238 0.249 0.249 0.235 0.235 0.235 0.236 0.236 0.2325 0.2325 0.2205 0.2205 0.2205 0.2275 0.2275 0.2375 0.2375 0.2455 0.2455 0.2455 0.2385 0.2385 0.2475 0.2475 0.258 0.258 0.258 0.261 0.261 0.2535 0.2535 0.2635 0.2635 0.2635 0.264 0.264 0.2505 0.2505 0.2495 0.2495 0.2575 0.2575 0.2575 0.2505 0.2505 0.2935 0.2935 0.2555 0.2555 0.2555 0.23 0.23 0.226 0.226 0.2255 0.2255 0.2255 0.227 0.227 0.24 0.24 0.2335 0.2335 0.2335 0.251 0.251 0.239 0.239 0.256 0.256 0.256
0.243 0.232 0.232 0.232 0.23 0.23 0.238 0.238 0.249 0.249 0.235 0.235 0.235 0.236 0.236 0.2325 0.2325 0.2205 0.2205 0.2205 0.2275 0.2275 0.2375 0.2375 0.2455 0.2455 0.2455 0.2385 0.2385 0.2475 0.2475 0.258 0.258 0.258 0.261 0.261 0.2535 0.2535 0.2635 0.2635 0.2635 0.264 0.264 0.2505 0.2505 0.2495 0.2495 0.2575 0.2575 0.2575 0.2505 0.2505 0.2935 0.2935 0.2555 0.2555 0.2555 0.23 0.23 0.226 0.226 0.2255 0.2255 0.2255 0.227 0.227 0.24 0.24 0.2335 0.2335 0.2335 0.251 0.251 0.239 0.239 0.256 0.256 0.256
0.248 0.2425 0.2425 0.2425 0.2335 0.2335 0.2425 0.2425 0.242 0.242 0.2315 0.2315 0.2315 0.2305 0.2305 0.2135 0.2135 0.2355 0.2355 0.2355 0.2395 0.2395 0.233 0.233 0.2305 0.2305 0.2305 0.2445 0.2445 0.243 0.243 0.2625 0.2625 0.2625 0.2475 0.2475 0.263 0.263 0.264 0.264 0.264 0.2765 0.2765 0.276 0.276 0.2635 0.2635 0.2675 0.2675 0.2675 0.25 0.25 0.224 0.224 0.237 0.237 0.237 0.238 0.238 0.2375 0.2375 0.24 0.24 0.24 0.246 0.246 0.242 0.242 0.235 0.235 0.235 0.2595 0.2595 0.2615 0.2615 0.2625 0.2625 0.2625
0.248 0.2425 0.2425 0.2425 0.2335 0.2335 0.2425 0.2425 0.242 0.242 0.2315 0.2315 0.2315 0.2305 0.2305 0.2135 0.2135 0.2355 0.2355 0.2355 0.2395 0.2395 0.233 0.233 0.2305 0.2305 0.2305 0.2445 0.2445 0.243 0.243 0.2625 0.2625 0.2625 0.2475 0.2475 0.263 0.263 0.264 0.264 0.264 0.2765 0.2765 0.276 0.276 0.2635 0.2635 0.2675 0.2675 0.2675 0.25 0.25 0.224 0.224 0.237 0.237 0.237 0.238 0.238 0.2375 0.2375 0.24 0.24 0.24 0.246 0.246 0.242 0.242 0.235 0.235 0.235 0.2595 0.2595 0.2615 0.2615 0.2625 0.2625 0.2625
0.2475 0.2615 0.2615 0.2615 0.2605 0.2605 0.246 0.246 0.251 0.251 0.244 0.244 0.244 0.2445 0.2445 0.2225 0.2225 0.2375 0.2375 0.2375 0.2325 0.2325 0.2485 0.2485 0.2465 0.2465 0.2465 0.242 0.242 0.251 0.251 0.2695 0.2695 0.2695 0.249 0.249 0.267 0.267 0.273 0.273 0.273 0.2695 0.2695 0.2555 0.2555 0.26 0.26 0.2485 0.2485 0.2485 0.2595 0.2595 0.2545 0.2545 0.2505 0.2505 0.2505 0.254 0.254 0.2465 0.2465 0.262 0.262 0.262 0.2565 0.2565 0.238 0.238 0.234 0.234 0.234 0.2555 0.2555 0.277 0.277 0.2705 0.2705 0.2705
0.2475 0.2615 0.2615 0.2615 0.2605 0.2605 0.246 0.246 0.251 0.251 0.244 0.244 0.244 0.2445 0.2445 0.2225 0.2225 0.2375 0.2375 0.2375 0.2325 0.2325 0.2485 0.2485 0.2465 0.2465 0.2465 0.242 0.242 0.251 0.251 0.2695 0.2695 0.2695 0.249 0.249 0.267 0.267 0.273 0.273 0.273 0.2695 0.2695 0.2555 0.2555 0.26 0.26 0.2485 0.2485 0.2485 0.2595 0.2595 0.2545 0.2545 0.2505 0.2505 0.2505 0.254 0.254 0.2465 0.2465 0.262 0.262 0.262 0.2565 0.2565 0.238 0.238 0.234 0.234 0.234 0.2555 0.2555 0.277 0.277 0.2705 0.2705 0.2705
0.2475 0.2615 0.2615 0.2615 0.2605 0.2605 0.246 0.246 0.251 0.251 0.244 0.244 0.244 0.2445 0.2445 0.2225 0.2225 0.2375 0.2375 0.2375 0.2325 0.2325 0.2485 0.2485 0.2465 0.2465 0.2465 0.242 0.242 0.251 0.251 0.2695 0.2695 0.2695 0.249 0.249 0.267 0.267 0.273 0.273 0.273 0.2695 0.2695 0.2555 0.2555 0.26 0.26 0.2485 0.2485 0.2485 0.2595 0.2595 0.2545 0.2545 0.2505 0.2505 0.2505 0.254 0.254 0.2465 0.2465 0.262 0.262 0.262 0.2565 0.2565 0.238 0.238 0.234 0.234 0.234 0.2555 0.2555 0.277 0.277 0.2705 0.2705 0.2705
0.245 0.2645 0.2645 0.2645 0.262 0.262 0.253 0.253 0.258 0.258 0.263 0.263 0.263 0.256 0.256 0.253 0.253 0.2605 0.2605 0.2605 0.2585 0.2585 0.2615 0.2615 0.2425 0.2425 0.2425 0.246 0.246 0.2555 0.2555 0.2705 0.2705 0.2705 0.266 0.266 0.245 0.245 0.2655 0.2655 0.2655 0.2575 0.2575 0.2495 0.2495 0.2635 0.2635 0.2445 0.2445 0.2445 0.274 0.274 0.2635 0.2635 0.275 0.275 0.275 0.267 0.267 0.2465 0.2465 0.2475 0.2475 0.2475 0.252 0.252 0.252 0.252 0.2415 0.2415 0.2415 0.2585 0.2585 0.265 0.265 0.266 0.266 0.266
0.245 0.2645 0.2645 0.2645 0.262 0.262 0.253 0.253 0.258 0.258 0.263 0.263 0.263 0.256 0.256 0.253 0.253 0.2605 0.2605 0.2605 0.2585 0.2585 0.2615 0.2615 0.2425 0.2425 0.2425 0.246 0.246 0.2555 0.2555 0.2705 0.2705 0.2705 0.266 0.266 0.245 0.245 0.2655 0.2655 0.2655 0.2575 0.2575 0.2495 0.2495 0.2635 0.2635 0.2445 0.2445 0.2445 0.274 0.274 0.2635 0.2635 0.275 0.275 0.275 0.267 0.267 0.2465 0.2465 0.2475 0.2475 0.2475 0.252 0.252 0.252 0.252 0.2415 0.2415 0.2415 0.2585 0.2585 0.265 0.265 0.266 0.266 0.266
0.2435 0.2375 0.2375 0.2375 0.256 0.256 0.255 0.255 0.246 0.246 0.252 0.252 0.252 0.2635 0.2635 0.256 0.256 0.2645 0.2645 0.2645 0.285 0.285 0.273 0.273 0.2725 0.2725 0.2725 0.257 0.257 0.2545 0.2545 0.2655 0.2655 0.2655 0.232 0.232 0.2255 0.2255 0.25 0.25 0.25 0.2635 0.2635 0.262 0.262 0.251 0.251 0.261 0.261 0.261 0.263 0.263 0.2615 0.2615 0.282 0.282 0.282 0.2685 0.2685 0.26 0.26 0.2575 0.2575 0.2575 0.247 0.247 0.2505 0.2505 0.2495 0.2495 0.2495 0.254 0.254 0.2565 0.2565 0.249 0.249 0.249
0.2435 0.2375 0.2375 0.2375 0.256 0.256 0.255 0.255 0.246 0.246 0.252 0.252 0.252 0.2635 0.2635 0.256 0.256 0.2645 0.2645 0.2645 0.285 0.285 0.273 0.273 0.2725 0.2725 0.2725 0.257 0.257 0.2545 0.2545 0.2655 0.2655 0.2655 0.232 0.232 0.2255 0.2255 0.25 0.25 0.25 0.2635 0.2635 0.262 0.262 0.251 0.251 0.261 0.261 0.261 0.263 0.263 0.2615 0.2615 0.282 0.282 0.282 0.2685 0.2685 0.26 0.26 0.2575 0.2575 0.2575 0.247 0.247 0.2505 0.2505 0.2495 0.2495 0.2495 0.254 0.254 0.2565 0.2565 0.249 0.249 0.249
0.2605 0.26 0.26 0.26 0.253 0.253 0.244 0.244 0.271 0.271 0.2805 0.2805 0.2805 0.2905 0.2905 0.269 0.269 0.271 0.271 0.271 0.2865 0.2865 0.273 0.273 0.2815 0.2815 0.2815 0.245 0.245 0.256 0.256 0.247 0.247 0.247 0.2355 0.2355 0.2385 0.2385 0.295 0.295 0.295 0.288 0.288 0.27 0.27 0.248 0.248 0.249 0.249 0.249 0.2725 0.2725 0.292 0.292 0.27 0.27 0.27 0.27 0.27 0.2765 0.2765 0.274 0.274 0.274 0.2635 0.2635 0.264 0.264 0.259 0.259 0.259 0.253 0.253 0.252 0.252 0.2445 0.2445 0.2445
0.2605 0.26 0.26 0.26 0.253 0.253 0.244 0.244 0.271 0.271 0.2805 0.2805 0.2805 0.2905 0.2905 0.269 0.269 0.271 0.271 0.271 0.2865 0.2865 0.273 0.273 0.2815 0.2815 0.2815 0.245 0.245 0.256 0.256 0.247 0.247 0.247 0.2355 0.2355 0.2385 0.2385 0.295 0.295 0.295 0.288 0.288 0.27 0.27 0.248 0.248 0.249 0.249 0.249 0.2725 0.2725 0.292 0.292 0.27 0.27 0.27 0.27 0.27 0.2765 0.2765 0.274 0.274 0.274 0.2635 0.2635 0.264 0.264 0.259 0.259 0.259 0.253 0.253 0.252 0.252 0.2445 0.2445 0.2445
0.2605 0.26 0.26 0.26 0.253 0.253 0.244 0.244 0.271 0.271 0.2805 0.2805 0.2805 0.2905 0.2905 0.269 0.269 0.271 0.271 0.271 0.2865 0.2865 0.273 0.273 0.2815 0.2815 0.2815 0.245 0.245 0.256 0.256 0.247 0.247 0.247 0.2355 0.2355 0.2385 0.2385 0.295 0.295 0.295 0.288 0.288 0.27 0.27 0.248 0.248 0.249 0.249 0.249 0.2725 0.2725 0.292 0.292 0.27 0.27 0.27 0.27 0.27 0.2765 0.2765 0.274 0.274 0.274 0.2635 0.2635 0.264 0.264 0.259 0.259 0.259 0.253 0.253 0.252 0.252 0.2445 0.2445 0.2445
0.2635 0.289 0.289 0.289 0.274 0.274 0.2665 0.2665 0.27 0.27 0.276 0.276 0.276 0.27 0.27 0.2915 0.2915 0.285 0.285 0.285 0.285 0.285 0.2825 0.2825 0.2705 0.2705 0.2705 0.2445 0.2445 0.229 0.229 0.2645 0.2645 0.2645 0.272 0.272 0.2495 0.2495 0.2985 0.2985 0.2985 0.273 0.273 0.268 0.268 0.259 0.259 0.2715 0.2715 0.2715 0.273 0.273 0.2825 0.2825 0.261 0.261 0.261 0.2705 0.2705 0.2765 0.2765 0.2775 0.2775 0.2775 0.268 0.268 0.2685 0.2685 0.266 0.266 0.266 0.259 0.259 0.253 0.253 0.245 0.245 0.245
0.2635 0.289 0.289 0.289 0.274 0.274 0.2665 0.2665 0.27 0.27 0.276 0.276 0.276 0.27 0.27 0.2915 0.2915 0.285 0.285 0.285 0.285 0.285 0.2825 0.2825 0.2705 0.2705 0.2705 0.2445 0.2445 0.229 0.229 0.2645 0.2645 0.2645 0.272 0.272 0.2495 0.2495 0.2985 0.2985 0.2985 0.273 0.273 0.268 0.268 0.259 0.259 0.2715 0.2715 0.2715 0.273 0.273 0.2825 0.2825 0.261 0.261 0.261 0.2705 0.2705 0.2765 0.2765 0.2775 0.2775 0.2775 0.268 0.268 0.2685 0.2685 0.266 0.266 0.266 0.259 0.259 0.253 0.253 0.245 0.245 0.245
0.281 0.2845 0.2845 0.2845 0.27 0.27 0.277 0.277 0.28 0.28 0.2765 0.2765 0.2765 0.2855 0.2855 0.2845 0.2845 0.289 0.289 0.289 0.291 0.291 0.2795 0.2795 0.259 0.259 0.259 0.2625 0.2625 0.244 0.244 0.279 0.279 0.279 0.261 0.261 0.274 0.274 0.276 0.276 0.276 0.261 0.261 0.301 0.301 0.2885 0.2885 0.2895 0.2895 0.2895 0.2995 0.2995 0.2825 0.2825 0.2795 0.2795 0.2795 0.2865 0.2865 0.2645 0.2645 0.2915 0.2915 0.2915 0.2625 0.2625 0.2525 0.2525 0.26 0.26 0.26 0.2605 0.2605 0.267 0.267 0.291 0.291 0.291
0.281 0.2845 0.2845 0.2845 0.27 0.27 0.277 0.277 0.28 0.28 0.2765 0.2765 0.2765 0.2855 0.2855 0.2845 0.2845 0.289 0.289 0.289 0.291 0.291 0.2795 0.2795 0.259 0.259 0.259 0.2625 0.2625 0.244 0.244 0.279 0.279 0.279 0.261 0.261 0.274 0.274 0.276 0.276 0.276 0.261 0.261 0.301 0.301 0.2885 0.2885 0.2895 0.2895 0.2895 0.2995 0.2995 0.2825 0.2825 0.2795 0.2795 0.2795 0.2865 0.2865 0.2645 0.2645 0.2915 0.2915 0.2915 0.2625 0.2625 0.2525 0.2525 0.26 0.26 0.26 0.2605 0.2605 0.267 0.267 0.291 0.291 0.291
0.2695 0.2775 0.2775 0.2775 0.253 0.253 0.2675 0.2675 0.304 0.304 0.283 0.283 0.283 0.2935 0.2935 0.285 0.285 0.2775 0.2775 0.2775 0.2795 0.2795 0.2985 0.2985 0.277 0.277 0.277 0.2495 0.2495 0.2625 0.2625 0.2525 0.2525 0.2525 0.2495 0.2495 0.2685 0.2685 0.2825 0.2825 0.2825 0.2635 0.2635 0.2795 0.2795 0.2815 0.2815 0.282 0.282 0.282 0.2995 0.2995 0.292 0.292 0.269 0.269 0.269 0.271 0.271 0.2815 0.2815 0.26 0.26 0.26 0.262 0.262 0.2605 0.2605 0.2675 0.2675 0.2675 0.2685 0.2685 0.2655 0.2655 0.2735 0.2735 0.2735
0.2695 0.2775 0.2775 0.2775 0.253 0.253 0.2675 0.2675 0.304 0.304 0.283 0.283 0.283 0.2935 0.2935 0.285 0.285 0.2775 0.2775 0.2775 0.2795 0.2795 0.2985 0.2985 0.277 0.277 0.277 0.2495 0.2495 0.2625 0.2625 0.2525 0.2525 0.2525 0.2495 0.2495 0.2685 0.2685 0.2825 0.2825 0.2825 0.2635 0.2635 0.2795 0.2795 0.2815 0.2815 0.282 0.282 0.282 0.2995 0.2995 0.292 0.292 0.269 0.269 0.269 0.271 0.271 0.2815 0.2815 0.26 0.26 0.26 0.262 0.262 0.2605 0.2605 0.2675 0.2675 0.2675 0.2685 0.2685 0.2655 0.2655 0.2735 0.2735 0.2735
0.274 0.252 0.252 0.252 0.2505 0.2505 0.2625 0.2625 0.2845 0.2845 0.2905 0.2905 0.2905 0.27 0.27 0.294 0.294 0.279 0.279 0.279 0.2945 0.2945 0.2745 0.2745 0.2725 0.2725 0.2725 0.263 0.263 0.2705 0.2705 0.272 0.272 0.272 0.2695 0.2695 0.281 0.281 0.2605 0.2605 0.2605 0.271 0.271 0.3095 0.3095 0.272 0.272 0.295 0.295 0.295 0.29 0.29 0.277 0.277 0.3095 0.3095 0.3095 0.285 0.285 0.2835 0.2835 0.2865 0.2865 0.2865 0.263 0.263 0.272 0.272 0.281 0.281 0.281 0.2695 0.2695 0.261 0.261 0.268 0.268 0.268
0.274 0.252 0.252 0.252 0.2505 0.2505 0.2625 0.2625 0.2845 0.2845 0.2905 0.2905 0.2905 0.27 0.27 0.294 0.294 0.279 0.279 0.279 0.2945 0.2945 0.2745 0.2745 0.2725 0.2725 0.2725 0.263 0.263 0.2705 0.2705 0.272 0.272 0.272 0.2695 0.2695 0.281 0.281 0.2605 0.2605 0.2605 0.271 0.271 0.3095 0.3095 0.272 0.272 0.295 0.295 0.295 0.29 0.29 0.277 0.277 0.3095 0.3095 0.3095 0.285 0.285 0.2835 0.2835 0.2865 0.2865 0.2865 0.263 0.263 0.272 0.272 0.281 0.281 0.281 0.2695 0.2695 0.261 0.261 0.268 0.268 0.268
0.274 0.252 0.252 0.252 0.2505 0.2505 0.2625 0.2625 0.2845 0.2845 0.2905 0.2905 0.2905 0.27 0.27 0.294 0.294 0.279 0.279 0.279 0.2945 0.2945 0.2745 0.2745 0.2725 0.2725 0.2725 0.263 0.263 0.2705 0.2705 0.272 0.272 0.272 0.2695 0.2695 0.281 0.281 0.2605 0.2605 0.2605 0.271 0.271 0.3095 0.3095 0.272 0.272 0.295 0.295 0.295 0.29 0.29 0.277 0.277 0.3095 0.3095 0.3095 0.285 0.285 0.2835 0.2835 0.2865 0.2865 0.2865 0.263 0.263 0.272 0.272 0.281 0.281 0.281 0.2695 0.2695 0.261 0.261 0.268 0.268 0.268
0.2765 0.2615 0.2615 0.2615 0.2645 0.2645 0.2545 0.2545 0.3025 0.3025 0.291 0.291 0.291 0.3045 0.3045 0.2915 0.2915 0.274 0.274 0.274 0.285 0.285 0.275 0.275 0.273 0.273 0.273 0.2755 0.2755 0.274 0.274 0.2845 0.2845 0.2845 0.293 0.293 0.2895 0.2895 0.278 0.278 0.278 0.2855 0.2855 0.291 0.291 0.299 0.299 0.2905 0.2905 0.2905 0.2985 0.2985 0.2835 0.2835 0.2755 0.2755 0.2755 0.3075 0.3075 0.3005 0.3005 0.2805 0.2805 0.2805 0.2815 0.2815 0.265 0.265 0.2645 0.2645 0.2645 0.2685 0.2685 0.267 0.267 0.249 0.249 0.249
0.2765 0.2615 0.2615 0.2615 0.2645 0.2645 0.2545 0.2545 0.3025 0.3025 0.291 0.291 0.291 0.3045 0.3045 0.2915 0.2915 0.274 0.274 0.274 0.285 0.285 0.275 0.275 0.273 0.273 0.273 0.2755 0.2755 0.274 0.274 0.2845 0.2845 0.2845 0.293 0.293 0.2895 0.2895 0.278 0.278 0.278 0.2855 0.2855 0.291 0.291 0.299 0.299 0.2905 0.2905 0.2905 0.2985 0.2985 0.2835 0.2835 0.2755 0.2755 0.2755 0.3075 0.3075 0.3005 0.3005 0.2805 0.2805 0.2805 0.2815 0.2815 0.265 0.265 0.2645 0.2645 0.2645 0.2685 0.2685 0.267 0.267 0.249 0.249 0.249
0.2805 0.269 0.269 0.269 0.2595 0.2595 0.2775 0.2775 0.274 0.274 0.276 0.276 0.276 0.2725 0.2725 0.286 0.286 0.3085 0.3085 0.3085 0.2765 0.2765 0.307 0.307 0.289 0.289 0.289 0.299 0.299 0.2935 0.2935 0.281 0.281 0.281 0.2985 0.2985 0.2785 0.2785 0.282 0.282 0.282 0.322 0.322 0.2925 0.2925 0.307 0.307 0.322 0.322 0.322 0.3125 0.3125 0.3125 0.3125 0.3105 0.3105 0.3105 0.3345 0.3345 0.2945 0.2945 0.2865 0.2865 0.2865 0.284 0.284 0.2645 0.2645 0.288 0.288 0.288 0.2625 0.2625 0.2625 0.2625 0.2555 0.2555 0.2555
0.2805 0.269 0.269 0.269 0.2595 0.2595 0.2775 0.2775 0.274 0.274 0.276 0.276 0.276 0.2725 0.2725 0.286 0.286 0.3085 0.3085 0.3085 0.2765 0.2765 0.307 0.307 0.289 0.289 0.289 0.299 0.299 0.2935 0.2935 0.281 0.281 0.281 0.2985 0.2985 0.2785 0.2785 0.282 0.282 0.282 0.322 0.322 0.2925 0.2925 0.307 0.307 0.322 0.322 0.322 0.3125 0.3125 0.3125 0.3125 0.3105 0.3105 0.3105 0.3345 0.3345 0.2945 0.2945 0.2865 0.2865 0.2865 0.284 0.284 0.2645 0.2645 0.288 0.288 0.288 0.2625 0.2625 0.2625 0.2625 0.2555 0.2555 0.2555
0.28 0.277 0.277 0.277 0.2625 0.2625 0.258 0.258 0.287 0.287 0.3245 0.3245 0.3245 0.3135 0.3135 0.282 0.282 0.29 0.29 0.29 0.2865 0.2865 0.279 0.279 0.304 0.304 0.304 0.331 0.331 0.3175 0.3175 0.2805 0.2805 0.2805 0.2995 0.2995 0.297 0.297 0.3 0.3 0.3 0.2895 0.2895 0.316 0.316 0.293 0.293 0.3055 0.3055 0.3055 0.313 0.313 0.313 0.313 0.287 0.287 0.287 0.3325 0.3325 0.322 0.322 0.294 0.294 0.294 0.285 0.285 0.293 0.293 0.259 0.259 0.259 0.2755 0.2755 0.273 0.273 0.2605 0.2605 0.2605
0.28 0.277 0.277 0.277 0.2625 0.2625 0.258 0.258 0.287 0.287 0.3245 0.3245 0.3245 0.3135 0.3135 0.282 0.282 0.29 0.29 0.29 0.2865 0.2865 0.279 0.279 0.304 0.304 0.304 0.331 0.331 0.3175 0.3175 0.2805 0.2805 0.2805 0.2995 0.2995 0.297 0.297 0.3 0.3 0.3 0.2895 0.2895 0.316 0.316 0.293 0.293 0.3055 0.3055 0.3055 0.313 0.313 0.313 0.313 0.287 0.287 0.287 0.3325 0.3325 0.322 0.322 0.294 0.294 0.294 0.285 0.285 0.293 0.293 0.259 0.259 0.259 0.2755 0.2755 0.273 0.273 0.2605 0.2605 0.2605
0.28 0.277 0.277 0.277 0.2625 0.2625 0.258 0.258 0.287 0.287 0.3245 0.3245 0.3245 0.3135 0.3135 0.282 0.282 0.29 0.29 0.29 0.2865 0.2865 0.279 0.279 0.304 0.304 0.304 0.331 0.331 0.3175 0.3175 0.2805 0.2805 0.2805 0.2995 0.2995 0.297 0.297 0.3 0.3 0.3 0.2895 0.2895 0.316 0.316 0.293 0.293 0.3055 0.3055 0.3055 0.313 0.313 0.313 0.313 0.287 0.287 0.287 0.3325 0.3325 0.322 0.322 0.294 0.294 0.294 0.285 0.285 0.293 0.293 0.259 0.259 0.259 0.2755 0.2755 0.273 0.273 0.2605 0.2605 0.2605
