ndvi/NOAA-33.asc
ncols         252
nrows         154
xllcorner     -18.017974
yllcorner     13.481982
cellsize      0.035948
NODATA_value  -9999
[rows 0 to 33 of 154, columns 77 to 153 of 252]
0.079 0.079 0.0765 0.0765 0.077 0.077 0.086 0.086 0.086 0.07600001 0.07600001 0.08050001 0.08050001 0.0845 0.0845 0.0815 0.0815 0.0815 0.0845 0.0845 0.0835 0.0835 0.084 0.084 0.084 0.0775 0.0775 0.078 0.078 0.082 0.082 0.082 0.0695 0.0695 0.07 0.07 0.0645 0.0645 0.0645 0.065 0.065 0.0675 0.0675 0.0775 0.0775 0.0775 0.0715 0.0715 0.07099999 0.07099999 0.077 0.077 0.078 0.078 0.078 0.077 0.077 0.081 0.081 0.082 0.082 0.082 0.084 0.084 0.09 0.09 0.086 0.086 0.086 0.0835 0.0835 0.083 0.083 0.0835 0.0835 0.0835 0.085
0.079 0.079 0.0765 0.0765 0.077 0.077 0.086 0.086 0.086 0.07600001 0.07600001 0.08050001 0.08050001 0.0845 0.0845 0.0815 0.0815 0.0815 0.0845 0.0845 0.0835 0.0835 0.084 0.084 0.084 0.0775 0.0775 0.078 0.078 0.082 0.082 0.082 0.0695 0.0695 0.07 0.07 0.0645 0.0645 0.0645 0.065 0.065 0.0675 0.0675 0.0775 0.0775 0.0775 0.0715 0.0715 0.07099999 0.07099999 0.077 0.077 0.078 0.078 0.078 0.077 0.077 0.081 0.081 0.082 0.082 0.082 0.084 0.084 0.09 0.09 0.086 0.086 0.086 0.0835 0.0835 0.083 0.083 0.0835 0.0835 0.0835 0.085
0.086 0.086 0.0875 0.0875 0.085 0.085 0.08750001 0.08750001 0.08750001 0.087 0.087 0.088 0.088 0.089 0.089 0.088 0.088 0.088 0.0805 0.0805 0.075 0.075 0.0845 0.0845 0.0845 0.086 0.086 0.086 0.086 0.0695 0.0695 0.0695 0.0705 0.0705 0.0665 0.0665 0.0695 0.0695 0.0695 0.0695 0.0695 0.064 0.064 0.07 0.07 0.07 0.077 0.077 0.0795 0.0795 0.0825 0.0825 0.0865 0.0865 0.0865 0.0925 0.0925 0.082 0.082 0.084 0.084 0.084 0.086 0.086 0.0935 0.0935 0.086 0.086 0.086 0.0855 0.0855 0.084 0.084 0.0845 0.0845 0.0845 0.0885
0.086 0.086 0.0875 0.0875 0.085 0.085 0.08750001 0.08750001 0.08750001 0.087 0.087 0.088 0.088 0.089 0.089 0.088 0.088 0.088 0.0805 0.0805 0.075 0.075 0.0845 0.0845 0.0845 0.086 0.086 0.086 0.086 0.0695 0.0695 0.0695 0.0705 0.0705 0.0665 0.0665 0.0695 0.0695 0.0695 0.0695 0.0695 0.064 0.064 0.07 0.07 0.07 0.077 0.077 0.0795 0.0795 0.0825 0.0825 0.0865 0.0865 0.0865 0.0925 0.0925 0.082 0.082 0.084 0.084 0.084 0.086 0.086 0.0935 0.0935 0.086 0.086 0.086 0.0855 0.0855 0.084 0.084 0.0845 0.0845 0.0845 0.0885
0.086 0.086 0.0875 0.0875 0.085 0.085 0.08750001 0.08750001 0.08750001 0.087 0.087 0.088 0.088 0.089 0.089 0.088 0.088 0.088 0.0805 0.0805 0.075 0.075 0.0845 0.0845 0.0845 0.086 0.086 0.086 0.086 0.0695 0.0695 0.0695 0.0705 0.0705 0.0665 0.0665 0.0695 0.0695 0.0695 0.0695 0.0695 0.064 0.064 0.07 0.07 0.07 0.077 0.077 0.0795 0.0795 0.0825 0.0825 0.0865 0.0865 0.0865 0.0925 0.0925 0.082 0.082 0.084 0.084 0.084 0.086 0.086 0.0935 0.0935 0.086 0.086 0.086 0.0855 0.0855 0.084 0.084 0.0845 0.0845 0.0845 0.0885
0.0795 0.0795 0.086 0.086 0.088 0.088 0.085 0.085 0.085 0.09100001 0.09100001 0.09 0.09 0.0895 0.0895 0.081 0.081 0.081 0.08750001 0.08750001 0.0775 0.0775 0.0855 0.0855 0.0855 0.0685 0.0685 0.0705 0.0705 0.0625 0.0625 0.0625 0.0675 0.0675 0.071 0.071 0.0735 0.0735 0.0735 0.068 0.068 0.069 0.069 0.0765 0.0765 0.0765 0.07700001 0.07700001 0.0845 0.0845 0.089 0.089 0.0855 0.0855 0.0855 0.087 0.087 0.08750001 0.08750001 0.086 0.086 0.086 0.0905 0.0905 0.0925 0.0925 0.092 0.092 0.092 0.088 0.088 0.088 0.088 0.08750001 0.08750001 0.08750001 0.086
0.0795 0.0795 0.086 0.086 0.088 0.088 0.085 0.085 0.085 0.09100001 0.09100001 0.09 0.09 0.0895 0.0895 0.081 0.081 0.081 0.08750001 0.08750001 0.0775 0.0775 0.0855 0.0855 0.0855 0.0685 0.0685 0.0705 0.0705 0.0625 0.0625 0.0625 0.0675 0.0675 0.071 0.071 0.0735 0.0735 0.0735 0.068 0.068 0.069 0.069 0.0765 0.0765 0.0765 0.07700001 0.07700001 0.0845 0.0845 0.089 0.089 0.0855 0.0855 0.0855 0.087 0.087 0.08750001 0.08750001 0.086 0.086 0.086 0.0905 0.0905 0.0925 0.0925 0.092 0.092 0.092 0.088 0.088 0.088 0.088 0.08750001 0.08750001 0.08750001 0.086
0.081 0.081 0.08149999 0.08149999 0.0795 0.0795 0.089 0.089 0.089 0.0885 0.0885 0.082 0.082 0.0875 0.0875 0.0885 0.0885 0.0885 0.088 0.088 0.08 0.08 0.0775 0.0775 0.0775 0.07 0.07 0.0705 0.0705 0.067 0.067 0.067 0.0805 0.0805 0.0775 0.0775 0.074 0.074 0.074 0.0715 0.0715 0.07799999 0.07799999 0.083 0.083 0.083 0.086 0.086 0.087 0.087 0.093 0.093 0.096 0.096 0.096 0.097 0.097 0.096 0.096 0.0975 0.0975 0.0975 0.09450001 0.09450001 0.0895 0.0895 0.096 0.096 0.096 0.0875 0.0875 0.0915 0.0915 0.09450001 0.09450001 0.09450001 0.0885
0.081 0.081 0.08149999 0.08149999 0.0795 0.0795 0.089 0.089 0.089 0.0885 0.0885 0.082 0.082 0.0875 0.0875 0.0885 0.0885 0.0885 0.088 0.088 0.08 0.08 0.0775 0.0775 0.0775 0.07 0.07 0.0705 0.0705 0.067 0.067 0.067 0.0805 0.0805 0.0775 0.0775 0.074 0.074 0.074 0.0715 0.0715 0.07799999 0.07799999 0.083 0.083 0.083 0.086 0.086 0.087 0.087 0.093 0.093 0.096 0.096 0.096 0.097 0.097 0.096 0.096 0.0975 0.0975 0.0975 0.09450001 0.09450001 0.0895 0.0895 0.096 0.096 0.096 0.0875 0.0875 0.0915 0.0915 0.09450001 0.09450001 0.09450001 0.0885
0.0875 0.0875 0.0915 0.0915 0.08 0.08 0.086 0.086 0.086 0.0825 0.0825 0.0825 0.0825 0.083 0.083 0.0905 0.0905 0.0905 0.0875 0.0875 0.0835 0.0835 0.081 0.081 0.081 0.083 0.083 0.0825 0.0825 0.0825 0.0825 0.0825 0.092 0.092 0.084 0.084 0.0755 0.0755 0.0755 0.077 0.077 0.081 0.081 0.096 0.096 0.096 0.09299999 0.09299999 0.089 0.089 0.094 0.094 0.0905 0.0905 0.0905 0.0975 0.0975 0.098 0.098 0.0955 0.0955 0.0955 0.0995 0.0995 0.0975 0.0975 0.096 0.096 0.096 0.097 0.097 0.097 0.097 0.0905 0.0905 0.0905 0.09299999
0.0875 0.0875 0.0915 0.0915 0.08 0.08 0.086 0.086 0.086 0.0825 0.0825 0.0825 0.0825 0.083 0.083 0.0905 0.0905 0.0905 0.0875 0.0875 0.0835 0.0835 0.081 0.081 0.081 0.083 0.083 0.0825 0.0825 0.0825 0.0825 0.0825 0.092 0.092 0.084 0.084 0.0755 0.0755 0.0755 0.077 0.077 0.081 0.081 0.096 0.096 0.096 0.09299999 0.09299999 0.089 0.089 0.094 0.094 0.0905 0.0905 0.0905 0.0975 0.0975 0.098 0.098 0.0955 0.0955 0.0955 0.0995 0.0995 0.0975 0.0975 0.096 0.096 0.096 0.097 0.097 0.097 0.097 0.0905 0.0905 0.0905 0.09299999
0.092 0.092 0.091 0.091 0.0845 0.0845 0.0845 0.0845 0.0845 0.0845 0.0845 0.085 0.085 0.0905 0.0905 0.083 0.083 0.083 0.082 0.082 0.0815 0.0815 0.091 0.091 0.091 0.0895 0.0895 0.09 0.09 0.085 0.085 0.085 0.0855 0.0855 0.0935 0.0935 0.083 0.083 0.083 0.091 0.091 0.09450001 0.09450001 0.0975 0.0975 0.0975 0.096 0.096 0.0985 0.0985 0.0985 0.0985 0.103 0.103 0.103 0.099 0.099 0.1015 0.1015 0.1045 0.1045 0.1045 0.1055 0.1055 0.1015 0.1015 0.0975 0.0975 0.0975 0.0985 0.0985 0.0985 0.0985 0.1 0.1 0.1 0.1005
0.092 0.092 0.091 0.091 0.0845 0.0845 0.0845 0.0845 0.0845 0.0845 0.0845 0.085 0.085 0.0905 0.0905 0.083 0.083 0.083 0.082 0.082 0.0815 0.0815 0.091 0.091 0.091 0.0895 0.0895 0.09 0.09 0.085 0.085 0.085 0.0855 0.0855 0.0935 0.0935 0.083 0.083 0.083 0.091 0.091 0.09450001 0.09450001 0.0975 0.0975 0.0975 0.096 0.096 0.0985 0.0985 0.0985 0.0985 0.103 0.103 0.103 0.099 0.099 0.1015 0.1015 0.1045 0.1045 0.1045 0.1055 0.1055 0.1015 0.1015 0.0975 0.0975 0.0975 0.0985 0.0985 0.0985 0.0985 0.1 0.1 0.1 0.1005
0.092 0.092 0.091 0.091 0.0845 0.0845 0.0845 0.0845 0.0845 0.0845 0.0845 0.085 0.085 0.0905 0.0905 0.083 0.083 0.083 0.082 0.082 0.0815 0.0815 0.091 0.091 0.091 0.0895 0.0895 0.09 0.09 0.085 0.085 0.085 0.0855 0.0855 0.0935 0.0935 0.083 0.083 0.083 0.091 0.091 0.09450001 0.09450001 0.0975 0.0975 0.0975 0.096 0.096 0.0985 0.0985 0.0985 0.0985 0.103 0.103 0.103 0.099 0.099 0.1015 0.1015 0.1045 0.1045 0.1045 0.1055 0.1055 0.1015 0.1015 0.0975 0.0975 0.0975 0.0985 0.0985 0.0985 0.0985 0.1 0.1 0.1 0.1005
0.093 0.093 0.085 0.085 0.086 0.086 0.087 0.087 0.087 0.088 0.088 0.089 0.089 0.0905 0.0905 0.097 0.097 0.097 0.085 0.085 0.097 0.097 0.083 0.083 0.083 0.0925 0.0925 0.085 0.085 0.08499999 0.08499999 0.08499999 0.0835 0.0835 0.093 0.093 0.0845 0.0845 0.0845 0.0925 0.0925 0.09550001 0.09550001 0.0965 0.0965 0.0965 0.102 0.102 0.103 0.103 0.103 0.103 0.1035 0.1035 0.1035 0.105 0.105 0.106 0.106 0.1065 0.1065 0.1065 0.103 0.103 0.1005 0.1005 0.1005 0.1005 0.1005 0.09649999 0.09649999 0.1 0.1 0.0975 0.0975 0.0975 0.099
0.093 0.093 0.085 0.085 0.086 0.086 0.087 0.087 0.087 0.088 0.088 0.089 0.089 0.0905 0.0905 0.097 0.097 0.097 0.085 0.085 0.097 0.097 0.083 0.083 0.083 0.0925 0.0925 0.085 0.085 0.08499999 0.08499999 0.08499999 0.0835 0.0835 0.093 0.093 0.0845 0.0845 0.0845 0.0925 0.0925 0.09550001 0.09550001 0.0965 0.0965 0.0965 0.102 0.102 0.103 0.103 0.103 0.103 0.1035 0.1035 0.1035 0.105 0.105 0.106 0.106 0.1065 0.1065 0.1065 0.103 0.103 0.1005 0.1005 0.1005 0.1005 0.1005 0.09649999 0.09649999 0.1 0.1 0.0975 0.0975 0.0975 0.099
0.092 0.092 0.0905 0.0905 0.096 0.096 0.0925 0.0925 0.0925 0.09 0.09 0.089 0.089 0.096 0.096 0.1 0.1 0.1 0.098 0.098 0.0835 0.0835 0.083 0.083 0.083 0.0895 0.0895 0.091 0.091 0.0855 0.0855 0.0855 0.0835 0.0835 0.0845 0.0845 0.086 0.086 0.086 0.09450001 0.09450001 0.097 0.097 0.0995 0.0995 0.0995 0.106 0.106 0.106 0.106 0.1045 0.1045 0.1045 0.1045 0.1045 0.0995 0.0995 0.1 0.1 0.1005 0.1005 0.1005 0.1055 0.1055 0.1015 0.1015 0.1005 0.1005 0.1005 0.098 0.098 0.099 0.099 0.097 0.097 0.097 0.102
0.092 0.092 0.0905 0.0905 0.096 0.096 0.0925 0.0925 0.0925 0.09 0.09 0.089 0.089 0.096 0.096 0.1 0.1 0.1 0.098 0.098 0.0835 0.0835 0.083 0.083 0.083 0.0895 0.0895 0.091 0.091 0.0855 0.0855 0.0855 0.0835 0.0835 0.0845 0.0845 0.086 0.086 0.086 0.09450001 0.09450001 0.097 0.097 0.0995 0.0995 0.0995 0.106 0.106 0.106 0.106 0.1045 0.1045 0.1045 0.1045 0.1045 0.0995 0.0995 0.1 0.1 0.1005 0.1005 0.1005 0.1055 0.1055 0.1015 0.1015 0.1005 0.1005 0.1005 0.098 0.098 0.099 0.099 0.097 0.097 0.097 0.102
0.092 0.092 0.0905 0.0905 0.09 0.09 0.0925 0.0925 0.0925 0.089 0.089 0.097 0.097 0.0855 0.0855 0.09299999 0.09299999 0.09299999 0.0905 0.0905 0.0935 0.0935 0.086 0.086 0.086 0.086 0.086 0.0875 0.0875 0.0905 0.0905 0.0905 0.09299999 0.09299999 0.0875 0.0875 0.085 0.085 0.085 0.088 0.088 0.089 0.089 0.104 0.104 0.104 0.108 0.108 0.103 0.103 0.0995 0.0995 0.098 0.098 0.098 0.0985 0.0985 0.103 0.103 0.108 0.108 0.108 0.1105 0.1105 0.1055 0.1055 0.106 0.106 0.106 0.1125 0.1125 0.104 0.104 0.0975 0.0975 0.0975 0.102
0.092 0.092 0.0905 0.0905 0.09 0.09 0.0925 0.0925 0.0925 0.089 0.089 0.097 0.097 0.0855 0.0855 0.09299999 0.09299999 0.09299999 0.0905 0.0905 0.0935 0.0935 0.086 0.086 0.086 0.086 0.086 0.0875 0.0875 0.0905 0.0905 0.0905 0.09299999 0.09299999 0.0875 0.0875 0.085 0.085 0.085 0.088 0.088 0.089 0.089 0.104 0.104 0.104 0.108 0.108 0.103 0.103 0.0995 0.0995 0.098 0.098 0.098 0.0985 0.0985 0.103 0.103 0.108 0.108 0.108 0.1105 0.1105 0.1055 0.1055 0.106 0.106 0.106 0.1125 0.1125 0.104 0.104 0.0975 0.0975 0.0975 0.102
0.092 0.092 0.0905 0.0905 0.09 0.09 0.0925 0.0925 0.0925 0.089 0.089 0.097 0.097 0.0855 0.0855 0.09299999 0.09299999 0.09299999 0.0905 0.0905 0.0935 0.0935 0.086 0.086 0.086 0.086 0.086 0.0875 0.0875 0.0905 0.0905 0.0905 0.09299999 0.09299999 0.0875 0.0875 0.085 0.085 0.085 0.088 0.088 0.089 0.089 0.104 0.104 0.104 0.108 0.108 0.103 0.103 0.0995 0.0995 0.098 0.098 0.098 0.0985 0.0985 0.103 0.103 0.108 0.108 0.108 0.1105 0.1105 0.1055 0.1055 0.106 0.106 0.106 0.1125 0.1125 0.104 0.104 0.0975 0.0975 0.0975 0.102
0.093 0.093 0.094 0.094 0.0905 0.0905 0.088 0.088 0.088 0.0925 0.0925 0.0915 0.0915 0.0895 0.0895 0.087 0.087 0.087 0.087 0.087 0.0935 0.0935 0.088 0.088 0.088 0.0895 0.0895 0.103 0.103 0.119 0.119 0.119 0.117 0.117 0.1095 0.1095 0.0965 0.0965 0.0965 0.092 0.092 0.0995 0.0995 0.107 0.107 0.107 0.104 0.104 0.101 0.101 0.0985 0.0985 0.102 0.102 0.102 0.103 0.103 0.113 0.113 0.1205 0.1205 0.1205 0.123 0.123 0.112 0.112 0.111 0.111 0.111 0.113 0.113 0.1115 0.1115 0.107 0.107 0.107 0.1005
0.093 0.093 0.094 0.094 0.0905 0.0905 0.088 0.088 0.088 0.0925 0.0925 0.0915 0.0915 0.0895 0.0895 0.087 0.087 0.087 0.087 0.087 0.0935 0.0935 0.088 0.088 0.088 0.0895 0.0895 0.103 0.103 0.119 0.119 0.119 0.117 0.117 0.1095 0.1095 0.0965 0.0965 0.0965 0.092 0.092 0.0995 0.0995 0.107 0.107 0.107 0.104 0.104 0.101 0.101 0.0985 0.0985 0.102 0.102 0.102 0.103 0.103 0.113 0.113 0.1205 0.1205 0.1205 0.123 0.123 0.112 0.112 0.111 0.111 0.111 0.113 0.113 0.1115 0.1115 0.107 0.107 0.107 0.1005
0.0925 0.0925 0.0905 0.0905 0.102 0.102 0.1125 0.1125 0.1125 0.118 0.118 0.1225 0.1225 0.1165 0.1165 0.1175 0.1175 0.1175 0.115 0.115 0.1155 0.1155 0.097 0.097 0.097 0.11 0.11 0.1135 0.1135 0.1225 0.1225 0.1225 0.119 0.119 0.117 0.117 0.102 0.102 0.102 0.09450001 0.09450001 0.1025 0.1025 0.1045 0.1045 0.1045 0.109 0.109 0.106 0.106 0.1 0.1 0.094 0.094 0.094 0.0995 0.0995 0.104 0.104 0.123 0.123 0.123 0.1255 0.1255 0.1155 0.1155 0.117 0.117 0.117 0.116 0.116 0.108 0.108 0.1075 0.1075 0.1075 0.1065
0.0925 0.0925 0.0905 0.0905 0.102 0.102 0.1125 0.1125 0.1125 0.118 0.118 0.1225 0.1225 0.1165 0.1165 0.1175 0.1175 0.1175 0.115 0.115 0.1155 0.1155 0.097 0.097 0.097 0.11 0.11 0.1135 0.1135 0.1225 0.1225 0.1225 0.119 0.119 0.117 0.117 0.102 0.102 0.102 0.09450001 0.09450001 0.1025 0.1025 0.1045 0.1045 0.1045 0.109 0.109 0.106 0.106 0.1 0.1 0.094 0.094 0.094 0.0995 0.0995 0.104 0.104 0.123 0.123 0.123 0.1255 0.1255 0.1155 0.1155 0.117 0.117 0.117 0.116 0.116 0.108 0.108 0.1075 0.1075 0.1075 0.1065
0.1015 0.1015 0.1055 0.1055 0.108 0.108 0.134 0.134 0.134 0.135 0.135 0.135 0.135 0.1275 0.1275 0.124 0.124 0.124 0.115 0.115 0.115 0.115 0.1055 0.1055 0.1055 0.115 0.115 0.1145 0.1145 0.1175 0.1175 0.1175 0.1195 0.1195 0.118 0.118 0.098 0.098 0.098 0.0975 0.0975 0.1115 0.1115 0.1065 0.1065 0.1065 0.112 0.112 0.1115 0.1115 0.1055 0.1055 0.1055 0.1055 0.1055 0.105 0.105 0.108 0.108 0.117 0.117 0.117 0.1225 0.1225 0.134 0.134 0.118 0.118 0.118 0.111 0.111 0.1065 0.1065 0.11 0.11 0.11 0.1085
0.1015 0.1015 0.1055 0.1055 0.108 0.108 0.134 0.134 0.134 0.135 0.135 0.135 0.135 0.1275 0.1275 0.124 0.124 0.124 0.115 0.115 0.115 0.115 0.1055 0.1055 0.1055 0.115 0.115 0.1145 0.1145 0.1175 0.1175 0.1175 0.1195 0.1195 0.118 0.118 0.098 0.098 0.098 0.0975 0.0975 0.1115 0.1115 0.1065 0.1065 0.1065 0.112 0.112 0.1115 0.1115 0.1055 0.1055 0.1055 0.1055 0.1055 0.105 0.105 0.108 0.108 0.117 0.117 0.117 0.1225 0.1225 0.134 0.134 0.118 0.118 0.118 0.111 0.111 0.1065 0.1065 0.11 0.11 0.11 0.1085
0.1015 0.1015 0.1055 0.1055 0.108 0.108 0.134 0.134 0.134 0.135 0.135 0.135 0.135 0.1275 0.1275 0.124 0.124 0.124 0.115 0.115 0.115 0.115 0.1055 0.1055 0.1055 0.115 0.115 0.1145 0.1145 0.1175 0.1175 0.1175 0.1195 0.1195 0.118 0.118 0.098 0.098 0.098 0.0975 0.0975 0.1115 0.1115 0.1065 0.1065 0.1065 0.112 0.112 0.1115 0.1115 0.1055 0.1055 0.1055 0.1055 0.1055 0.105 0.105 0.108 0.108 0.117 0.117 0.117 0.1225 0.1225 0.134 0.134 0.118 0.118 0.118 0.111 0.111 0.1065 0.1065 0.11 0.11 0.11 0.1085
0.107 0.107 0.12 0.12 0.1115 0.1115 0.133 0.133 0.133 0.1315 0.1315 0.1445 0.1445 0.1385 0.1385 0.1515 0.1515 0.1515 0.134 0.134 0.1215 0.1215 0.118 0.118 0.118 0.114 0.114 0.1095 0.1095 0.1195 0.1195 0.1195 0.121 0.121 0.11 0.11 0.1105 0.1105 0.1105 0.1055 0.1055 0.1165 0.1165 0.118 0.118 0.118 0.1185 0.1185 0.11 0.11 0.112 0.112 0.107 0.107 0.107 0.114 0.114 0.1195 0.1195 0.125 0.125 0.125 0.126 0.126 0.121 0.121 0.125 0.125 0.125 0.1165 0.1165 0.108 0.108 0.108 0.108 0.108 0.1085
0.107 0.107 0.12 0.12 0.1115 0.1115 0.133 0.133 0.133 0.1315 0.1315 0.1445 0.1445 0.1385 0.1385 0.1515 0.1515 0.1515 0.134 0.134 0.1215 0.1215 0.118 0.118 0.118 0.114 0.114 0.1095 0.1095 0.1195 0.1195 0.1195 0.121 0.121 0.11 0.11 0.1105 0.1105 0.1105 0.1055 0.1055 0.1165 0.1165 0.118 0.118 0.118 0.1185 0.1185 0.11 0.11 0.112 0.112 0.107 0.107 0.107 0.114 0.114 0.1195 0.1195 0.125 0.125 0.125 0.126 0.126 0.121 0.121 0.125 0.125 0.125 0.1165 0.1165 0.108 0.108 0.108 0.108 0.108 0.1085
0.135 0.135 0.1245 0.1245 0.115 0.115 0.12 0.12 0.12 0.1345 0.1345 0.1425 0.1425 0.151 0.151 0.16 0.16 0.16 0.1455 0.1455 0.1325 0.1325 0.1235 0.1235 0.1235 0.124 0.124 0.1255 0.1255 0.126 0.126 0.126 0.1265 0.1265 0.1265 0.1265 0.122 0.122 0.122 0.1145 0.1145 0.117 0.117 0.1355 0.1355 0.1355 0.119 0.119 0.121 0.121 0.133 0.133 0.1255 0.1255 0.1255 0.1325 0.1325 0.1305 0.1305 0.13 0.13 0.13 0.124 0.124 0.12 0.12 0.1195 0.1195 0.1195 0.1175 0.1175 0.109 0.109 0.108 0.108 0.108 0.1155
0.135 0.135 0.1245 0.1245 0.115 0.115 0.12 0.12 0.12 0.1345 0.1345 0.1425 0.1425 0.151 0.151 0.16 0.16 0.16 0.1455 0.1455 0.1325 0.1325 0.1235 0.1235 0.1235 0.124 0.124 0.1255 0.1255 0.126 0.126 0.126 0.1265 0.1265 0.1265 0.1265 0.122 0.122 0.122 0.1145 0.1145 0.117 0.117 0.1355 0.1355 0.1355 0.119 0.119 0.121 0.121 0.133 0.133 0.1255 0.1255 0.1255 0.1325 0.1325 0.1305 0.1305 0.13 0.13 0.13 0.124 0.124 0.12 0.12 0.1195 0.1195 0.1195 0.1175 0.1175 0.109 0.109 0.108 0.108 0.108 0.1155
0.137 0.137 0.1305 0.1305 0.117 0.117 0.114 0.114 0.114 0.1245 0.1245 0.1325 0.1325 0.144 0.144 0.144 0.144 0.144 0.141 0.141 0.146 0.146 0.149 0.149 0.149 0.139 0.139 0.137 0.137 0.1355 0.1355 0.1355 0.1315 0.1315 0.1325 0.1325 0.124 0.124 0.124 0.1285 0.1285 0.1195 0.1195 0.145 0.145 0.145 0.1395 0.1395 0.131 0.131 0.1385 0.1385 0.1305 0.1305 0.1305 0.135 0.135 0.127 0.127 0.123 0.123 0.123 0.128 0.128 0.128 0.128 0.1435 0.1435 0.1435 0.125 0.125 0.114 0.114 0.124 0.124 0.124 0.1255
0.137 0.137 0.1305 0.1305 0.117 0.117 0.114 0.114 0.114 0.1245 0.1245 0.1325 0.1325 0.144 0.144 0.144 0.144 0.144 0.141 0.141 0.146 0.146 0.149 0.149 0.149 0.139 0.139 0.137 0.137 0.1355 0.1355 0.1355 0.1315 0.1315 0.1325 0.1325 0.124 0.124 0.124 0.1285 0.1285 0.1195 0.1195 0.145 0.145 0.145 0.1395 0.1395 0.131 0.131 0.1385 0.1385 0.1305 0.1305 0.1305 0.135 0.135 0.127 0.127 0.123 0.123 0.123 0.128 0.128 0.128 0.128 0.1435 0.1435 0.1435 0.125 0.125 0.114 0.114 0.124 0.124 0.124 0.1255
