ndvi/NOAA-347.asc
ncols         252
nrows         154
xllcorner     -18.017974
yllcorner     13.481982
cellsize      0.035948
NODATA_value  -9999
[rows 68 to 101 of 154, columns 0 to 76 of 252]
-1 -1 -1 -1 -1 -1 -1 -1 -1 -1 -1 -1 -1 -1 -1 -1 -1 -1 -1 -1 -1 -1 -1 -1 -1 -1 -1 -1 -1 -1 -1 -1 -1 -1 -1 -1 -1 -1 -1 0.254 0.254 0.254 0.3635 0.3635 0.517 0.517 0.5125 0.5125 0.5125 0.4145 0.4145 0.422 0.422 0.4175 0.4175 0.37 0.37 0.37 0.476 0.476 0.439 0.439 0.439 0.439 0.439 0.4645 0.4645 0.39 0.39 0.363 0.363 0.363 0.3005 0.3005 0.269 0.269 0.291
-1 -1 -1 -1 -1 -1 -1 -1 -1 -1 -1 -1 -1 -1 -1 -1 -1 -1 -1 -1 -1 -1 -1 -1 -1 -1 -1 -1 -1 -1 -1 -1 -1 -1 -1 -1 -1 -1 -1 0.2155 0.2155 0.2155 0.354 0.354 0.471 0.471 0.4895 0.4895 0.4895 0.433 0.433 0.407 0.407 0.42 0.42 0.331 0.331 0.331 0.5055 0.5055 0.5375 0.5375 0.5375 0.5375 0.5375 0.4295 0.4295 0.3305 0.3305 0.3265 0.3265 0.3265 0.3205 0.3205 0.2665 0.2665 0.262
-1 -1 -1 -1 -1 -1 -1 -1 -1 -1 -1 -1 -1 -1 -1 -1 -1 -1 -1 -1 -1 -1 -1 -1 -1 -1 -1 -1 -1 -1 -1 -1 -1 -1 -1 -1 -1 -1 -1 0.2155 0.2155 0.2155 0.354 0.354 0.471 0.471 0.4895 0.4895 0.4895 0.433 0.433 0.407 0.407 0.42 0.42 0.331 0.331 0.331 0.5055 0.5055 0.5375 0.5375 0.5375 0.5375 0.5375 0.4295 0.4295 0.3305 0.3305 0.3265 0.3265 0.3265 0.3205 0.3205 0.2665 0.2665 0.262
-1 -1 -1 -1 -1 -1 -1 -1 -1 -1 -1 -1 -1 -1 -1 -1 -1 -1 -1 -1 -1 -1 -1 -1 -1 -1 -1 -1 -1 -1 -1 -1 -1 -1 -1 -1 -1 0.162 0.162 0.21 0.21 0.21 0.3395 0.3395 0.4605 0.4605 0.407 0.407 0.407 0.3835 0.3835 0.319 0.319 0.338 0.338 0.315 0.315 0.315 0.3905 0.3905 0.4265 0.4265 0.4265 0.4265 0.4265 0.3295 0.3295 0.288 0.288 0.304 0.304 0.304 0.3055 0.3055 0.2925 0.2925 0.272
-1 -1 -1 -1 -1 -1 -1 -1 -1 -1 -1 -1 -1 -1 -1 -1 -1 -1 -1 -1 -1 -1 -1 -1 -1 -1 -1 -1 -1 -1 -1 -1 -1 -1 -1 -1 -1 0.162 0.162 0.21 0.21 0.21 0.3395 0.3395 0.4605 0.4605 0.407 0.407 0.407 0.3835 0.3835 0.319 0.319 0.338 0.338 0.315 0.315 0.315 0.3905 0.3905 0.4265 0.4265 0.4265 0.4265 0.4265 0.3295 0.3295 0.288 0.288 0.304 0.304 0.304 0.3055 0.3055 0.2925 0.2925 0.272
-1 -1 -1 -1 -1 -1 -1 -1 -1 -1 -1 -1 -1 -1 -1 -1 -1 -1 -1 -1 -1 -1 -1 -1 -1 -1 -1 -1 -1 -1 -1 -1 -1 -1 -1 -1 -1 0.162 0.162 0.21 0.21 0.21 0.3395 0.3395 0.4605 0.4605 0.407 0.407 0.407 0.3835 0.3835 0.319 0.319 0.338 0.338 0.315 0.315 0.315 0.3905 0.3905 0.4265 0.4265 0.4265 0.4265 0.4265 0.3295 0.3295 0.288 0.288 0.304 0.304 0.304 0.3055 0.3055 0.2925 0.2925 0.272
-1 -1 -1 -1 -1 -1 -1 -1 -1 -1 -1 -1 -1 -1 -1 -1 -1 -1 -1 -1 -1 -1 -1 -1 -1 -1 -1 -1 -1 -1 -1 -1 -1 -1 -1 -1 -1 0.0565 0.0565 0.177 0.177 0.177 0.365 0.365 0.3345 0.3345 0.4045 0.4045 0.4045 0.325 0.325 0.271 0.271 0.251 0.251 0.2915 0.2915 0.2915 0.312 0.312 0.368 0.368 0.368 0.368 0.368 0.342 0.342 0.327 0.327 0.317 0.317 0.317 0.3265 0.3265 0.3255 0.3255 0.317
-1 -1 -1 -1 -1 -1 -1 -1 -1 -1 -1 -1 -1 -1 -1 -1 -1 -1 -1 -1 -1 -1 -1 -1 -1 -1 -1 -1 -1 -1 -1 -1 -1 -1 -1 -1 -1 0.0565 0.0565 0.177 0.177 0.177 0.365 0.365 0.3345 0.3345 0.4045 0.4045 0.4045 0.325 0.325 0.271 0.271 0.251 0.251 0.2915 0.2915 0.2915 0.312 0.312 0.368 0.368 0.368 0.368 0.368 0.342 0.342 0.327 0.327 0.317 0.317 0.317 0.3265 0.3265 0.3255 0.3255 0.317
-1 -1 -1 -1 -1 -1 -1 -1 -1 -1 -1 -1 -1 -1 -1 -1 -1 -1 -1 -1 -1 -1 -1 -1 -1 -1 -1 -1 -1 -1 -1 -1 -1 -1 -1 -1 -1 0.02 0.02 0.2415 0.2415 0.2415 0.4545 0.4545 0.416 0.416 0.3825 0.3825 0.3825 0.333 0.333 0.3235 0.3235 0.3485 0.3485 0.365 0.365 0.365 0.3675 0.3675 0.35 0.35 0.35 0.35 0.35 0.38 0.38 0.3975 0.3975 0.3455 0.3455 0.3455 0.3205 0.3205 0.3055 0.3055 0.322
-1 -1 -1 -1 -1 -1 -1 -1 -1 -1 -1 -1 -1 -1 -1 -1 -1 -1 -1 -1 -1 -1 -1 -1 -1 -1 -1 -1 -1 -1 -1 -1 -1 -1 -1 -1 -1 0.02 0.02 0.2415 0.2415 0.2415 0.4545 0.4545 0.416 0.416 0.3825 0.3825 0.3825 0.333 0.333 0.3235 0.3235 0.3485 0.3485 0.365 0.365 0.365 0.3675 0.3675 0.35 0.35 0.35 0.35 0.35 0.38 0.38 0.3975 0.3975 0.3455 0.3455 0.3455 0.3205 0.3205 0.3055 0.3055 0.322
-1 -1 -1 -1 -1 -1 -1 -1 -1 -1 -1 -1 -1 -1 -1 -1 -1 -1 -1 -1 -1 -1 -1 -1 -1 -1 -1 -1 -1 -1 -1 -1 -1 -1 -1 -1 -1 0.07799999 0.07799999 0.3015 0.3015 0.3015 0.3285 0.3285 0.3755 0.3755 0.366 0.366 0.366 0.3695 0.3695 0.32 0.32 0.3175 0.3175 0.3495 0.3495 0.3495 0.363 0.363 0.3575 0.3575 0.3575 0.3575 0.3575 0.3915 0.3915 0.342 0.342 0.3085 0.3085 0.3085 0.3255 0.3255 0.3165 0.3165 0.315
-1 -1 -1 -1 -1 -1 -1 -1 -1 -1 -1 -1 -1 -1 -1 -1 -1 -1 -1 -1 -1 -1 -1 -1 -1 -1 -1 -1 -1 -1 -1 -1 -1 -1 -1 -1 -1 0.07799999 0.07799999 0.3015 0.3015 0.3015 0.3285 0.3285 0.3755 0.3755 0.366 0.366 0.366 0.3695 0.3695 0.32 0.32 0.3175 0.3175 0.3495 0.3495 0.3495 0.363 0.363 0.3575 0.3575 0.3575 0.3575 0.3575 0.3915 0.3915 0.342 0.342 0.3085 0.3085 0.3085 0.3255 0.3255 0.3165 0.3165 0.315
-1 -1 -1 -1 -1 -1 -1 -1 -1 -1 -1 -1 -1 -1 -1 -1 -1 -1 -1 -1 -1 -1 -1 -1 -1 -1 -1 -1 -1 -1 -1 -1 -1 -1 -1 -1 -1 0.0445 0.0445 0.3115 0.3115 0.3115 0.388 0.388 0.37 0.37 0.3555 0.3555 0.3555 0.3925 0.3925 0.3195 0.3195 0.319 0.319 0.358 0.358 0.358 0.3385 0.3385 0.3435 0.3435 0.3435 0.3435 0.3435 0.3405 0.3405 0.3275 0.3275 0.3225 0.3225 0.3225 0.3325 0.3325 0.3075 0.3075 0.3225
-1 -1 -1 -1 -1 -1 -1 -1 -1 -1 -1 -1 -1 -1 -1 -1 -1 -1 -1 -1 -1 -1 -1 -1 -1 -1 -1 -1 -1 -1 -1 -1 -1 -1 -1 -1 -1 0.0445 0.0445 0.3115 0.3115 0.3115 0.388 0.388 0.37 0.37 0.3555 0.3555 0.3555 0.3925 0.3925 0.3195 0.3195 0.319 0.319 0.358 0.358 0.358 0.3385 0.3385 0.3435 0.3435 0.3435 0.3435 0.3435 0.3405 0.3405 0.3275 0.3275 0.3225 0.3225 0.3225 0.3325 0.3325 0.3075 0.3075 0.3225
-1 -1 -1 -1 -1 -1 -1 -1 -1 -1 -1 -1 -1 -1 -1 -1 -1 -1 -1 -1 -1 -1 -1 -1 -1 -1 -1 -1 -1 -1 -1 -1 -1 -1 -1 -1 -1 0.0445 0.0445 0.3115 0.3115 0.3115 0.388 0.388 0.37 0.37 0.3555 0.3555 0.3555 0.3925 0.3925 0.3195 0.3195 0.319 0.319 0.358 0.358 0.358 0.3385 0.3385 0.3435 0.3435 0.3435 0.3435 0.3435 0.3405 0.3405 0.3275 0.3275 0.3225 0.3225 0.3225 0.3325 0.3325 0.3075 0.3075 0.3225
-1 -1 -1 -1 -1 -1 -1 -1 -1 -1 -1 -1 -1 -1 -1 -1 -1 -1 -1 -1 -1 -1 -1 -1 -1 -1 -1 -1 -1 -1 -1 -1 -1 -1 -1 -1 -1 0.1785 0.1785 0.3575 0.3575 0.3575 0.3715 0.3715 0.363 0.363 0.3655 0.3655 0.3655 0.349 0.349 0.2815 0.2815 0.307 0.307 0.351 0.351 0.351 0.3185 0.3185 0.3295 0.3295 0.3295 0.3295 0.3295 0.3495 0.3495 0.3395 0.3395 0.3465 0.3465 0.3465 0.3365 0.3365 0.3315 0.3315 0.2795
-1 -1 -1 -1 -1 -1 -1 -1 -1 -1 -1 -1 -1 -1 -1 -1 -1 -1 -1 -1 -1 -1 -1 -1 -1 -1 -1 -1 -1 -1 -1 -1 -1 -1 -1 -1 -1 0.1785 0.1785 0.3575 0.3575 0.3575 0.3715 0.3715 0.363 0.363 0.3655 0.3655 0.3655 0.349 0.349 0.2815 0.2815 0.307 0.307 0.351 0.351 0.351 0.3185 0.3185 0.3295 0.3295 0.3295 0.3295 0.3295 0.3495 0.3495 0.3395 0.3395 0.3465 0.3465 0.3465 0.3365 0.3365 0.3315 0.3315 0.2795
-1 -1 -1 -1 -1 -1 -1 -1 -1 -1 -1 -1 -1 -1 -1 -1 -1 -1 -1 -1 -1 -1 -1 -1 -1 -1 -1 -1 -1 -1 -1 -1 -1 -1 -1 -1 -1 0.1475 0.1475 0.3755 0.3755 0.3755 0.374 0.374 0.337 0.337 0.3415 0.3415 0.3415 0.359 0.359 0.333 0.333 0.3265 0.3265 0.3275 0.3275 0.3275 0.3045 0.3045 0.3225 0.3225 0.3225 0.3225 0.3225 0.34 0.34 0.3475 0.3475 0.313 0.313 0.313 0.33 0.33 0.3585 0.3585 0.344
-1 -1 -1 -1 -1 -1 -1 -1 -1 -1 -1 -1 -1 -1 -1 -1 -1 -1 -1 -1 -1 -1 -1 -1 -1 -1 -1 -1 -1 -1 -1 -1 -1 -1 -1 -1 -1 0.1475 0.1475 0.3755 0.3755 0.3755 0.374 0.374 0.337 0.337 0.3415 0.3415 0.3415 0.359 0.359 0.333 0.333 0.3265 0.3265 0.3275 0.3275 0.3275 0.3045 0.3045 0.3225 0.3225 0.3225 0.3225 0.3225 0.34 0.34 0.3475 0.3475 0.313 0.313 0.313 0.33 0.33 0.3585 0.3585 0.344
-1 -1 -1 -1 -1 -1 -1 -1 -1 -1 -1 -1 -1 -1 -1 -1 -1 -1 -1 -1 -1 -1 -1 -1 -1 -1 -1 -1 -1 -1 -1 -1 -1 -1 -1 0.034 0.034 0.344 0.344 0.3405 0.3405 0.3405 0.3385 0.3385 0.349 0.349 0.3375 0.3375 0.3375 0.3655 0.3655 0.375 0.375 0.346 0.346 0.3395 0.3395 0.3395 0.342 0.342 0.3405 0.3405 0.3405 0.3405 0.3405 0.342 0.342 0.369 0.369 0.327 0.327 0.327 0.339 0.339 0.366 0.366 0.3465
-1 -1 -1 -1 -1 -1 -1 -1 -1 -1 -1 -1 -1 -1 -1 -1 -1 -1 -1 -1 -1 -1 -1 -1 -1 -1 -1 -1 -1 -1 -1 -1 -1 -1 -1 0.034 0.034 0.344 0.344 0.3405 0.3405 0.3405 0.3385 0.3385 0.349 0.349 0.3375 0.3375 0.3375 0.3655 0.3655 0.375 0.375 0.346 0.346 0.3395 0.3395 0.3395 0.342 0.342 0.3405 0.3405 0.3405 0.3405 0.3405 0.342 0.342 0.369 0.369 0.327 0.327 0.327 0.339 0.339 0.366 0.366 0.3465
-1 -1 -1 -1 -1 -1 -1 -1 -1 -1 -1 -1 -1 -1 -1 -1 -1 -1 -1 -1 -1 -1 -1 -1 -1 -1 -1 -1 -1 -1 -1 -1 -1 -1 -1 0.034 0.034 0.344 0.344 0.3405 0.3405 0.3405 0.3385 0.3385 0.349 0.349 0.3375 0.3375 0.3375 0.3655 0.3655 0.375 0.375 0.346 0.346 0.3395 0.3395 0.3395 0.342 0.342 0.3405 0.3405 0.3405 0.3405 0.3405 0.342 0.342 0.369 0.369 0.327 0.327 0.327 0.339 0.339 0.366 0.366 0.3465
-1 -1 -1 -1 -1 -1 -1 -1 -1 -1 -1 -1 -1 -1 -1 -1 -1 -1 -1 -1 -1 -1 -1 -1 -1 -1 -1 -1 -1 -1 -1 -1 -1 -1 -1 0.1885 0.1885 0.338 0.338 0.3495 0.3495 0.3495 0.3195 0.3195 0.3135 0.3135 0.3085 0.3085 0.3085 0.3415 0.3415 0.3235 0.3235 0.336 0.336 0.3415 0.3415 0.3415 0.3555 0.3555 0.3405 0.3405 0.3405 0.3405 0.3405 0.369 0.369 0.3615 0.3615 0.3685 0.3685 0.3685 0.3615 0.3615 0.3645 0.3645 0.3425
-1 -1 -1 -1 -1 -1 -1 -1 -1 -1 -1 -1 -1 -1 -1 -1 -1 -1 -1 -1 -1 -1 -1 -1 -1 -1 -1 -1 -1 -1 -1 -1 -1 -1 -1 0.1885 0.1885 0.338 0.338 0.3495 0.3495 0.3495 0.3195 0.3195 0.3135 0.3135 0.3085 0.3085 0.3085 0.3415 0.3415 0.3235 0.3235 0.336 0.336 0.3415 0.3415 0.3415 0.3555 0.3555 0.3405 0.3405 0.3405 0.3405 0.3405 0.369 0.369 0.3615 0.3615 0.3685 0.3685 0.3685 0.3615 0.3615 0.3645 0.3645 0.3425
-1 -1 -1 -1 -1 -1 -1 -1 -1 -1 -1 -1 -1 -1 -1 -1 -1 -1 -1 -1 -1 -1 -1 -1 -1 -1 -1 -1 -1 -1 -1 -1 0.1255 0.1255 0.1255 0.3185 0.3185 0.3725 0.3725 0.318 0.318 0.318 0.317 0.317 0.3205 0.3205 0.3225 0.3225 0.3225 0.336 0.336 0.341 0.341 0.332 0.332 0.3535 0.3535 0.3535 0.354 0.354 0.323 0.323 0.323 0.323 0.323 0.3375 0.3375 0.3735 0.3735 0.377 0.377 0.377 0.401 0.401 0.385 0.385 0.4135
-1 -1 -1 -1 -1 -1 -1 -1 -1 -1 -1 -1 -1 -1 -1 -1 -1 -1 -1 -1 -1 -1 -1 -1 -1 -1 -1 -1 -1 -1 -1 -1 0.1255 0.1255 0.1255 0.3185 0.3185 0.3725 0.3725 0.318 0.318 0.318 0.317 0.317 0.3205 0.3205 0.3225 0.3225 0.3225 0.336 0.336 0.341 0.341 0.332 0.332 0.3535 0.3535 0.3535 0.354 0.354 0.323 0.323 0.323 0.323 0.323 0.3375 0.3375 0.3735 0.3735 0.377 0.377 0.377 0.401 0.401 0.385 0.385 0.4135
-1 -1 -1 -1 -1 -1 -1 -1 -1 -1 -1 -1 -1 -1 -1 -1 -1 -1 -1 -1 -1 -1 -1 -1 -1 -1 -1 -1 -1 -1 0.1015 0.1015 0.347 0.347 0.347 0.3215 0.3215 0.33 0.33 0.314 0.314 0.314 0.2845 0.2845 0.3185 0.3185 0.354 0.354 0.354 0.353 0.353 0.339 0.339 0.346 0.346 0.372 0.372 0.372 0.361 0.361 0.337 0.337 0.337 0.337 0.337 0.351 0.351 0.377 0.377 0.4 0.4 0.4 0.391 0.391 0.3995 0.3995 0.4575
-1 -1 -1 -1 -1 -1 -1 -1 -1 -1 -1 -1 -1 -1 -1 -1 -1 -1 -1 -1 -1 -1 -1 -1 -1 -1 -1 -1 -1 -1 0.1015 0.1015 0.347 0.347 0.347 0.3215 0.3215 0.33 0.33 0.314 0.314 0.314 0.2845 0.2845 0.3185 0.3185 0.354 0.354 0.354 0.353 0.353 0.339 0.339 0.346 0.346 0.372 0.372 0.372 0.361 0.361 0.337 0.337 0.337 0.337 0.337 0.351 0.351 0.377 0.377 0.4 0.4 0.4 0.391 0.391 0.3995 0.3995 0.4575
-1 -1 -1 -1 -1 -1 -1 -1 -1 -1 -1 -1 -1 -1 -1 -1 -1 -1 -1 -1 -1 -1 -1 -1 -1 -1 -1 -1 -1 -1 0.1015 0.1015 0.347 0.347 0.347 0.3215 0.3215 0.33 0.33 0.314 0.314 0.314 0.2845 0.2845 0.3185 0.3185 0.354 0.354 0.354 0.353 0.353 0.339 0.339 0.346 0.346 0.372 0.372 0.372 0.361 0.361 0.337 0.337 0.337 0.337 0.337 0.351 0.351 0.377 0.377 0.4 0.4 0.4 0.391 0.391 0.3995 0.3995 0.4575
-1 -1 -1 -1 -1 -1 -1 -1 -1 -1 -1 -1 -1 -1 -1 -1 -1 -1 -1 -1 -1 -1 -1 -1 -1 -1 -1 -1 -1 -1 0.164 0.164 0.3445 0.3445 0.3445 0.3295 0.3295 0.3235 0.3235 0.2935 0.2935 0.2935 0.3095 0.3095 0.3185 0.3185 0.3285 0.3285 0.3285 0.335 0.335 0.37 0.37 0.3555 0.3555 0.381 0.381 0.381 0.359 0.359 0.3725 0.3725 0.3725 0.3725 0.3725 0.363 0.363 0.3715 0.3715 0.3655 0.3655 0.3655 0.3685 0.3685 0.365 0.365 0.412
-1 -1 -1 -1 -1 -1 -1 -1 -1 -1 -1 -1 -1 -1 -1 -1 -1 -1 -1 -1 -1 -1 -1 -1 -1 -1 -1 -1 -1 -1 0.164 0.164 0.3445 0.3445 0.3445 0.3295 0.3295 0.3235 0.3235 0.2935 0.2935 0.2935 0.3095 0.3095 0.3185 0.3185 0.3285 0.3285 0.3285 0.335 0.335 0.37 0.37 0.3555 0.3555 0.381 0.381 0.381 0.359 0.359 0.3725 0.3725 0.3725 0.3725 0.3725 0.363 0.363 0.3715 0.3715 0.3655 0.3655 0.3655 0.3685 0.3685 0.365 0.365 0.412
-1 -1 -1 -1 -1 -1 -1 -1 -1 -1 -1 -1 -1 -1 -1 -1 -1 -1 -1 -1 -1 -1 -1 -1 -1 -1 -1 -1 0.061 0.061 0.3065 0.3065 0.338 0.338 0.338 0.3355 0.3355 0.3185 0.3185 0.2885 0.2885 0.2885 0.322 0.322 0.337 0.337 0.3395 0.3395 0.3395 0.322 0.322 0.3185 0.3185 0.3535 0.3535 0.37 0.37 0.37 0.342 0.342 0.375 0.375 0.375 0.375 0.375 0.373 0.373 0.3585 0.3585 0.3845 0.3845 0.3845 0.3775 0.3775 0.3665 0.3665 0.4025
-1 -1 -1 -1 -1 -1 -1 -1 -1 -1 -1 -1 -1 -1 -1 -1 -1 -1 -1 -1 -1 -1 -1 -1 -1 -1 -1 -1 0.061 0.061 0.3065 0.3065 0.338 0.338 0.338 0.3355 0.3355 0.3185 0.3185 0.2885 0.2885 0.2885 0.322 0.322 0.337 0.337 0.3395 0.3395 0.3395 0.322 0.322 0.3185 0.3185 0.3535 0.3535 0.37 0.37 0.37 0.342 0.342 0.375 0.375 0.375 0.375 0.375 0.373 0.373 0.3585 0.3585 0.3845 0.3845 0.3845 0.3775 0.3775 0.3665 0.3665 0.4025
-1 -1 -1 -1 -1 -1 -1 -1 -1 -1 -1 -1 -1 -1 -1 -1 -1 -1 -1 -1 -1 -1 -1 -1 -1 0.0262 0.0262 0.0262 0.205 0.205 0.3425 0.3425 0.354 0.354 0.354 0.3275 0.3275 0.328 0.328 0.3105 0.3105 0.3105 0.3115 0.3115 0.338 0.338 0.346 0.346 0.346 0.321 0.321 0.295 0.295 0.3335 0.3335 0.352 0.352 0.352 0.327 0.327 0.344 0.344 0.344 0.344 0.344 0.3475 0.3475 0.385 0.385 0.37 0.37 0.37 0.3675 0.3675 0.376 0.376 0.3575
