ndvi/NOAA-296.asc
ncols         252
nrows         154
xllcorner     -18.017974
yllcorner     13.481982
cellsize      0.035948
NODATA_value  -9999
[rows 0 to 33 of 154, columns 154 to 230 of 252]
0.0505 0.0595 0.0595 0.055 0.055 0.055 0.0645 0.0645 0.079 0.079 0.0735 0.0735 0.0695 0.0695 0.0695 0.08 0.08 0.0755 0.0755 0.0755 0.0755 0.0755 0.08050001 0.08050001 0.082 0.082 0.08 0.08 0.08 0.086 0.086 0.0785 0.0785 0.079 0.079 0.079 0.0735 0.0735 0.07099999 0.07099999 0.07 0.07 0.07 0.0765 0.0765 0.0865 0.0865 0.0835 0.0835 0.0795 0.0795 0.0795 0.074 0.074 0.075 0.075 0.0775 0.0775 0.0775 0.065 0.065 0.08050001 0.08050001 0.0745 0.0745 0.0745 0.069 0.069 0.07099999 0.07099999 0.07 0.07 0.07 0.068 0.068 0.0615 0.0615
0.0505 0.0595 0.0595 0.055 0.055 0.055 0.0645 0.0645 0.079 0.079 0.0735 0.0735 0.0695 0.0695 0.0695 0.08 0.08 0.0755 0.0755 0.0755 0.0755 0.0755 0.08050001 0.08050001 0.082 0.082 0.08 0.08 0.08 0.086 0.086 0.0785 0.0785 0.079 0.079 0.079 0.0735 0.0735 0.07099999 0.07099999 0.07 0.07 0.07 0.0765 0.0765 0.0865 0.0865 0.0835 0.0835 0.0795 0.0795 0.0795 0.074 0.074 0.075 0.075 0.0775 0.0775 0.0775 0.065 0.065 0.08050001 0.08050001 0.0745 0.0745 0.0745 0.069 0.069 0.07099999 0.07099999 0.07 0.07 0.07 0.068 0.068 0.0615 0.0615
0.059 0.067 0.067 0.061 0.061 0.061 0.0755 0.0755 0.079 0.079 0.07600001 0.07600001 0.077 0.077 0.077 0.07600001 0.07600001 0.07250001 0.07250001 0.075 0.075 0.075 0.083 0.083 0.092 0.092 0.081 0.081 0.081 0.079 0.079 0.0855 0.0855 0.083 0.083 0.083 0.0875 0.0875 0.0895 0.0895 0.086 0.086 0.086 0.096 0.096 0.0935 0.0935 0.09450001 0.09450001 0.09450001 0.09450001 0.09450001 0.097 0.097 0.089 0.089 0.086 0.086 0.086 0.088 0.088 0.082 0.082 0.073 0.073 0.073 0.07449999 0.07449999 0.075 0.075 0.0715 0.0715 0.0715 0.073 0.073 0.0665 0.0665
0.059 0.067 0.067 0.061 0.061 0.061 0.0755 0.0755 0.079 0.079 0.07600001 0.07600001 0.077 0.077 0.077 0.07600001 0.07600001 0.07250001 0.07250001 0.075 0.075 0.075 0.083 0.083 0.092 0.092 0.081 0.081 0.081 0.079 0.079 0.0855 0.0855 0.083 0.083 0.083 0.0875 0.0875 0.0895 0.0895 0.086 0.086 0.086 0.096 0.096 0.0935 0.0935 0.09450001 0.09450001 0.09450001 0.09450001 0.09450001 0.097 0.097 0.089 0.089 0.086 0.086 0.086 0.088 0.088 0.082 0.082 0.073 0.073 0.073 0.07449999 0.07449999 0.075 0.075 0.0715 0.0715 0.0715 0.073 0.073 0.0665 0.0665
0.059 0.067 0.067 0.061 0.061 0.061 0.0755 0.0755 0.079 0.079 0.07600001 0.07600001 0.077 0.077 0.077 0.07600001 0.07600001 0.07250001 0.07250001 0.075 0.075 0.075 0.083 0.083 0.092 0.092 0.081 0.081 0.081 0.079 0.079 0.0855 0.0855 0.083 0.083 0.083 0.0875 0.0875 0.0895 0.0895 0.086 0.086 0.086 0.096 0.096 0.0935 0.0935 0.09450001 0.09450001 0.09450001 0.09450001 0.09450001 0.097 0.097 0.089 0.089 0.086 0.086 0.086 0.088 0.088 0.082 0.082 0.073 0.073 0.073 0.07449999 0.07449999 0.075 0.075 0.0715 0.0715 0.0715 0.073 0.073 0.0665 0.0665
0.0765 0.078 0.078 0.0765 0.0765 0.0765 0.079 0.079 0.0835 0.0835 0.078 0.078 0.0825 0.0825 0.0825 0.085 0.085 0.083 0.083 0.081 0.081 0.081 0.084 0.084 0.0845 0.0845 0.09 0.09 0.09 0.094 0.094 0.0975 0.0975 0.106 0.106 0.106 0.104 0.104 0.096 0.096 0.0955 0.0955 0.0955 0.096 0.096 0.096 0.096 0.09999999 0.09999999 0.0915 0.0915 0.0915 0.0895 0.0895 0.09 0.09 0.086 0.086 0.086 0.09 0.09 0.083 0.083 0.084 0.084 0.084 0.07799999 0.07799999 0.081 0.081 0.0775 0.0775 0.0775 0.0715 0.0715 0.0705 0.0705
0.0765 0.078 0.078 0.0765 0.0765 0.0765 0.079 0.079 0.0835 0.0835 0.078 0.078 0.0825 0.0825 0.0825 0.085 0.085 0.083 0.083 0.081 0.081 0.081 0.084 0.084 0.0845 0.0845 0.09 0.09 0.09 0.094 0.094 0.0975 0.0975 0.106 0.106 0.106 0.104 0.104 0.096 0.096 0.0955 0.0955 0.0955 0.096 0.096 0.096 0.096 0.09999999 0.09999999 0.0915 0.0915 0.0915 0.0895 0.0895 0.09 0.09 0.086 0.086 0.086 0.09 0.09 0.083 0.083 0.084 0.084 0.084 0.07799999 0.07799999 0.081 0.081 0.0775 0.0775 0.0775 0.0715 0.0715 0.0705 0.0705
0.07600001 0.07600001 0.07600001 0.079 0.079 0.079 0.0935 0.0935 0.0985 0.0985 0.0875 0.0875 0.08849999 0.08849999 0.08849999 0.083 0.083 0.1005 0.1005 0.0925 0.0925 0.0925 0.09 0.09 0.0915 0.0915 0.092 0.092 0.092 0.0885 0.0885 0.0925 0.0925 0.0905 0.0905 0.0905 0.0885 0.0885 0.094 0.094 0.0955 0.0955 0.0955 0.099 0.099 0.1005 0.1005 0.102 0.102 0.0905 0.0905 0.0905 0.0865 0.0865 0.0885 0.0885 0.0895 0.0895 0.0895 0.08750001 0.08750001 0.0845 0.0845 0.085 0.085 0.085 0.0785 0.0785 0.0775 0.0775 0.0735 0.0735 0.0735 0.074 0.074 0.073 0.073
0.07600001 0.07600001 0.07600001 0.079 0.079 0.079 0.0935 0.0935 0.0985 0.0985 0.0875 0.0875 0.08849999 0.08849999 0.08849999 0.083 0.083 0.1005 0.1005 0.0925 0.0925 0.0925 0.09 0.09 0.0915 0.0915 0.092 0.092 0.092 0.0885 0.0885 0.0925 0.0925 0.0905 0.0905 0.0905 0.0885 0.0885 0.094 0.094 0.0955 0.0955 0.0955 0.099 0.099 0.1005 0.1005 0.102 0.102 0.0905 0.0905 0.0905 0.0865 0.0865 0.0885 0.0885 0.0895 0.0895 0.0895 0.08750001 0.08750001 0.0845 0.0845 0.085 0.085 0.085 0.0785 0.0785 0.0775 0.0775 0.0735 0.0735 0.0735 0.074 0.074 0.073 0.073
0.0795 0.083 0.083 0.08 0.08 0.08 0.0895 0.0895 0.1045 0.1045 0.1105 0.1105 0.1085 0.1085 0.1085 0.119 0.119 0.1075 0.1075 0.12 0.12 0.12 0.103 0.103 0.0985 0.0985 0.087 0.087 0.087 0.0875 0.0875 0.0815 0.0815 0.081 0.081 0.081 0.0895 0.0895 0.096 0.096 0.0825 0.0825 0.0825 0.07799999 0.07799999 0.101 0.101 0.09100001 0.09100001 0.0905 0.0905 0.0905 0.0905 0.0905 0.0895 0.0895 0.0845 0.0845 0.0845 0.086 0.086 0.0865 0.0865 0.0825 0.0825 0.0825 0.074 0.074 0.0745 0.0745 0.073 0.073 0.073 0.0685 0.0685 0.07 0.07
0.0795 0.083 0.083 0.08 0.08 0.08 0.0895 0.0895 0.1045 0.1045 0.1105 0.1105 0.1085 0.1085 0.1085 0.119 0.119 0.1075 0.1075 0.12 0.12 0.12 0.103 0.103 0.0985 0.0985 0.087 0.087 0.087 0.0875 0.0875 0.0815 0.0815 0.081 0.081 0.081 0.0895 0.0895 0.096 0.096 0.0825 0.0825 0.0825 0.07799999 0.07799999 0.101 0.101 0.09100001 0.09100001 0.0905 0.0905 0.0905 0.0905 0.0905 0.0895 0.0895 0.0845 0.0845 0.0845 0.086 0.086 0.0865 0.0865 0.0825 0.0825 0.0825 0.074 0.074 0.0745 0.0745 0.073 0.073 0.073 0.0685 0.0685 0.07 0.07
0.085 0.087 0.087 0.0825 0.0825 0.0825 0.0975 0.0975 0.0925 0.0925 0.1155 0.1155 0.09900001 0.09900001 0.09900001 0.117 0.117 0.1275 0.1275 0.099 0.099 0.099 0.088 0.088 0.089 0.089 0.09100001 0.09100001 0.09100001 0.103 0.103 0.0805 0.0805 0.0905 0.0905 0.0905 0.0815 0.0815 0.08 0.08 0.08 0.08 0.08 0.076 0.076 0.096 0.096 0.098 0.098 0.0915 0.0915 0.0915 0.0845 0.0845 0.09 0.09 0.0835 0.0835 0.0835 0.0745 0.0745 0.081 0.081 0.07 0.07 0.07 0.0665 0.0665 0.0625 0.0625 0.068 0.068 0.068 0.067 0.067 0.068 0.068
0.085 0.087 0.087 0.0825 0.0825 0.0825 0.0975 0.0975 0.0925 0.0925 0.1155 0.1155 0.09900001 0.09900001 0.09900001 0.117 0.117 0.1275 0.1275 0.099 0.099 0.099 0.088 0.088 0.089 0.089 0.09100001 0.09100001 0.09100001 0.103 0.103 0.0805 0.0805 0.0905 0.0905 0.0905 0.0815 0.0815 0.08 0.08 0.08 0.08 0.08 0.076 0.076 0.096 0.096 0.098 0.098 0.0915 0.0915 0.0915 0.0845 0.0845 0.09 0.09 0.0835 0.0835 0.0835 0.0745 0.0745 0.081 0.081 0.07 0.07 0.07 0.0665 0.0665 0.0625 0.0625 0.068 0.068 0.068 0.067 0.067 0.068 0.068
0.085 0.087 0.087 0.0825 0.0825 0.0825 0.0975 0.0975 0.0925 0.0925 0.1155 0.1155 0.09900001 0.09900001 0.09900001 0.117 0.117 0.1275 0.1275 0.099 0.099 0.099 0.088 0.088 0.089 0.089 0.09100001 0.09100001 0.09100001 0.103 0.103 0.0805 0.0805 0.0905 0.0905 0.0905 0.0815 0.0815 0.08 0.08 0.08 0.08 0.08 0.076 0.076 0.096 0.096 0.098 0.098 0.0915 0.0915 0.0915 0.0845 0.0845 0.09 0.09 0.0835 0.0835 0.0835 0.0745 0.0745 0.081 0.081 0.07 0.07 0.07 0.0665 0.0665 0.0625 0.0625 0.068 0.068 0.068 0.067 0.067 0.068 0.068
0.0845 0.0865 0.0865 0.0685 0.0685 0.0685 0.09 0.09 0.101 0.101 0.1085 0.1085 0.12 0.12 0.12 0.113 0.113 0.123 0.123 0.107 0.107 0.107 0.09649999 0.09649999 0.1 0.1 0.087 0.087 0.087 0.089 0.089 0.0865 0.0865 0.0835 0.0835 0.0835 0.0865 0.0865 0.09450001 0.09450001 0.0845 0.0845 0.0845 0.0795 0.0795 0.0905 0.0905 0.1025 0.1025 0.0725 0.0725 0.0725 0.077 0.077 0.089 0.089 0.088 0.088 0.088 0.0685 0.0685 0.059 0.059 0.063 0.063 0.063 0.0605 0.0605 0.0535 0.0535 0.0625 0.0625 0.0625 0.0605 0.0605 0.078 0.078
0.0845 0.0865 0.0865 0.0685 0.0685 0.0685 0.09 0.09 0.101 0.101 0.1085 0.1085 0.12 0.12 0.12 0.113 0.113 0.123 0.123 0.107 0.107 0.107 0.09649999 0.09649999 0.1 0.1 0.087 0.087 0.087 0.089 0.089 0.0865 0.0865 0.0835 0.0835 0.0835 0.0865 0.0865 0.09450001 0.09450001 0.0845 0.0845 0.0845 0.0795 0.0795 0.0905 0.0905 0.1025 0.1025 0.0725 0.0725 0.0725 0.077 0.077 0.089 0.089 0.088 0.088 0.088 0.0685 0.0685 0.059 0.059 0.063 0.063 0.063 0.0605 0.0605 0.0535 0.0535 0.0625 0.0625 0.0625 0.0605 0.0605 0.078 0.078
0.0865 0.102 0.102 0.0855 0.0855 0.0855 0.0855 0.0855 0.0835 0.0835 0.0975 0.0975 0.112 0.112 0.112 0.123 0.123 0.1215 0.1215 0.0995 0.0995 0.0995 0.082 0.082 0.088 0.088 0.0815 0.0815 0.0815 0.085 0.085 0.0735 0.0735 0.077 0.077 0.077 0.0765 0.0765 0.07 0.07 0.06 0.06 0.06 0.0505 0.0505 0.0475 0.0475 0.0491 0.0491 0.0326 0.0326 0.0326 0.0515 0.0515 0.059 0.059 0.065 0.065 0.065 0.064 0.064 0.0655 0.0655 0.0625 0.0625 0.0625 0.0615 0.0615 0.058 0.058 0.059 0.059 0.059 0.0551 0.0551 0.071 0.071
0.0865 0.102 0.102 0.0855 0.0855 0.0855 0.0855 0.0855 0.0835 0.0835 0.0975 0.0975 0.112 0.112 0.112 0.123 0.123 0.1215 0.1215 0.0995 0.0995 0.0995 0.082 0.082 0.088 0.088 0.0815 0.0815 0.0815 0.085 0.085 0.0735 0.0735 0.077 0.077 0.077 0.0765 0.0765 0.07 0.07 0.06 0.06 0.06 0.0505 0.0505 0.0475 0.0475 0.0491 0.0491 0.0326 0.0326 0.0326 0.0515 0.0515 0.059 0.059 0.065 0.065 0.065 0.064 0.064 0.0655 0.0655 0.0625 0.0625 0.0625 0.0615 0.0615 0.058 0.058 0.059 0.059 0.059 0.0551 0.0551 0.071 0.071
0.088 0.098 0.098 0.074 0.074 0.074 0.082 0.082 0.147 0.147 0.085 0.085 0.096 0.096 0.096 0.102 0.102 0.0935 0.0935 0.0895 0.0895 0.0895 0.07099999 0.07099999 0.073 0.073 0.07099999 0.07099999 0.07099999 0.0595 0.0595 0.0535 0.0535 0.052 0.052 0.052 0.058 0.058 0.0511 0.0511 0.064 0.064 0.064 0.07350001 0.07350001 0.074 0.074 0.075 0.075 0.07 0.07 0.07 0.0635 0.0635 0.062 0.062 0.064 0.064 0.064 0.064 0.064 0.0645 0.0645 0.059 0.059 0.059 0.0511 0.0511 0.0511 0.0511 0.0511 0.0511 0.0511 0.0625 0.0625 0.0695 0.0695
0.088 0.098 0.098 0.074 0.074 0.074 0.082 0.082 0.147 0.147 0.085 0.085 0.096 0.096 0.096 0.102 0.102 0.0935 0.0935 0.0895 0.0895 0.0895 0.07099999 0.07099999 0.073 0.073 0.07099999 0.07099999 0.07099999 0.0595 0.0595 0.0535 0.0535 0.052 0.052 0.052 0.058 0.058 0.0511 0.0511 0.064 0.064 0.064 0.07350001 0.07350001 0.074 0.074 0.075 0.075 0.07 0.07 0.07 0.0635 0.0635 0.062 0.062 0.064 0.064 0.064 0.064 0.064 0.0645 0.0645 0.059 0.059 0.059 0.0511 0.0511 0.0511 0.0511 0.0511 0.0511 0.0511 0.0625 0.0625 0.0695 0.0695
0.088 0.098 0.098 0.074 0.074 0.074 0.082 0.082 0.147 0.147 0.085 0.085 0.096 0.096 0.096 0.102 0.102 0.0935 0.0935 0.0895 0.0895 0.0895 0.07099999 0.07099999 0.073 0.073 0.07099999 0.07099999 0.07099999 0.0595 0.0595 0.0535 0.0535 0.052 0.052 0.052 0.058 0.058 0.0511 0.0511 0.064 0.064 0.064 0.07350001 0.07350001 0.074 0.074 0.075 0.075 0.07 0.07 0.07 0.0635 0.0635 0.062 0.062 0.064 0.064 0.064 0.064 0.064 0.0645 0.0645 0.059 0.059 0.059 0.0511 0.0511 0.0511 0.0511 0.0511 0.0511 0.0511 0.0625 0.0625 0.0695 0.0695
0.084 0.107 0.107 0.075 0.075 0.075 0.0715 0.0715 0.0645 0.0645 0.107 0.107 0.0995 0.0995 0.0995 0.1085 0.1085 0.1055 0.1055 0.0835 0.0835 0.0835 0.0765 0.0765 0.083 0.083 0.07 0.07 0.07 0.067 0.067 0.0645 0.0645 0.072 0.072 0.072 0.09450001 0.09450001 0.085 0.085 0.0775 0.0775 0.0775 0.0745 0.0745 0.075 0.075 0.073 0.073 0.068 0.068 0.068 0.064 0.064 0.066 0.066 0.064 0.064 0.064 0.0635 0.0635 0.067 0.067 0.0576 0.0576 0.0576 0.061 0.061 0.066 0.066 0.063 0.063 0.063 0.0645 0.0645 0.0665 0.0665
0.084 0.107 0.107 0.075 0.075 0.075 0.0715 0.0715 0.0645 0.0645 0.107 0.107 0.0995 0.0995 0.0995 0.1085 0.1085 0.1055 0.1055 0.0835 0.0835 0.0835 0.0765 0.0765 0.083 0.083 0.07 0.07 0.07 0.067 0.067 0.0645 0.0645 0.072 0.072 0.072 0.09450001 0.09450001 0.085 0.085 0.0775 0.0775 0.0775 0.0745 0.0745 0.075 0.075 0.073 0.073 0.068 0.068 0.068 0.064 0.064 0.066 0.066 0.064 0.064 0.064 0.0635 0.0635 0.067 0.067 0.0576 0.0576 0.0576 0.061 0.061 0.066 0.066 0.063 0.063 0.063 0.0645 0.0645 0.0665 0.0665
0.087 0.096 0.096 0.0735 0.0735 0.0735 0.0775 0.0775 0.073 0.073 0.08 0.08 0.108 0.108 0.108 0.09450001 0.09450001 0.1035 0.1035 0.133 0.133 0.133 0.09100001 0.09100001 0.09299999 0.09299999 0.096 0.096 0.096 0.09 0.09 0.088 0.088 0.098 0.098 0.098 0.096 0.096 0.08149999 0.08149999 0.078 0.078 0.078 0.07600001 0.07600001 0.072 0.072 0.0645 0.0645 0.062 0.062 0.062 0.0625 0.0625 0.0645 0.0645 0.0655 0.0655 0.0655 0.0675 0.0675 0.0705 0.0705 0.07250001 0.07250001 0.07250001 0.066 0.066 0.0685 0.0685 0.0675 0.0675 0.0675 0.0665 0.0665 0.0536 0.0536
0.087 0.096 0.096 0.0735 0.0735 0.0735 0.0775 0.0775 0.073 0.073 0.08 0.08 0.108 0.108 0.108 0.09450001 0.09450001 0.1035 0.1035 0.133 0.133 0.133 0.09100001 0.09100001 0.09299999 0.09299999 0.096 0.096 0.096 0.09 0.09 0.088 0.088 0.098 0.098 0.098 0.096 0.096 0.08149999 0.08149999 0.078 0.078 0.078 0.07600001 0.07600001 0.072 0.072 0.0645 0.0645 0.062 0.062 0.062 0.0625 0.0625 0.0645 0.0645 0.0655 0.0655 0.0655 0.0675 0.0675 0.0705 0.0705 0.07250001 0.07250001 0.07250001 0.066 0.066 0.0685 0.0685 0.0675 0.0675 0.0675 0.0665 0.0665 0.0536 0.0536
0.0845 0.089 0.089 0.108 0.108 0.108 0.114 0.114 0.1135 0.1135 0.1075 0.1075 0.1355 0.1355 0.1355 0.1415 0.1415 0.098 0.098 0.1085 0.1085 0.1085 0.1165 0.1165 0.095 0.095 0.103 0.103 0.103 0.1075 0.1075 0.108 0.108 0.0995 0.0995 0.0995 0.094 0.094 0.08 0.08 0.07700001 0.07700001 0.07700001 0.08400001 0.08400001 0.0885 0.0885 0.073 0.073 0.073 0.073 0.073 0.0695 0.0695 0.0655 0.0655 0.068 0.068 0.068 0.0695 0.0695 0.069 0.069 0.068 0.068 0.068 0.072 0.072 0.0675 0.0675 0.0655 0.0655 0.0655 0.061 0.061 0.06 0.06
0.0845 0.089 0.089 0.108 0.108 0.108 0.114 0.114 0.1135 0.1135 0.1075 0.1075 0.1355 0.1355 0.1355 0.1415 0.1415 0.098 0.098 0.1085 0.1085 0.1085 0.1165 0.1165 0.095 0.095 0.103 0.103 0.103 0.1075 0.1075 0.108 0.108 0.0995 0.0995 0.0995 0.094 0.094 0.08 0.08 0.07700001 0.07700001 0.07700001 0.08400001 0.08400001 0.0885 0.0885 0.073 0.073 0.073 0.073 0.073 0.0695 0.0695 0.0655 0.0655 0.068 0.068 0.068 0.0695 0.0695 0.069 0.069 0.068 0.068 0.068 0.072 0.072 0.0675 0.0675 0.0655 0.0655 0.0655 0.061 0.061 0.06 0.06
0.0845 0.089 0.089 0.108 0.108 0.108 0.114 0.114 0.1135 0.1135 0.1075 0.1075 0.1355 0.1355 0.1355 0.1415 0.1415 0.098 0.098 0.1085 0.1085 0.1085 0.1165 0.1165 0.095 0.095 0.103 0.103 0.103 0.1075 0.1075 0.108 0.108 0.0995 0.0995 0.0995 0.094 0.094 0.08 0.08 0.07700001 0.07700001 0.07700001 0.08400001 0.08400001 0.0885 0.0885 0.073 0.073 0.073 0.073 0.073 0.0695 0.0695 0.0655 0.0655 0.068 0.068 0.068 0.0695 0.0695 0.069 0.069 0.068 0.068 0.068 0.072 0.072 0.0675 0.0675 0.0655 0.0655 0.0655 0.061 0.061 0.06 0.06
0.0855 0.107 0.107 0.1315 0.1315 0.1315 0.1555 0.1555 0.1665 0.1665 0.1435 0.1435 0.158 0.158 0.158 0.1545 0.1545 0.1415 0.1415 0.108 0.108 0.108 0.113 0.113 0.113 0.113 0.1 0.1 0.1 0.123 0.123 0.107 0.107 0.093 0.093 0.093 0.0895 0.0895 0.0855 0.0855 0.0805 0.0805 0.0805 0.086 0.086 0.087 0.087 0.077 0.077 0.08 0.08 0.08 0.0735 0.0735 0.0715 0.0715 0.0685 0.0685 0.0685 0.069 0.069 0.0785 0.0785 0.078 0.078 0.078 0.0705 0.0705 0.0785 0.0785 0.0815 0.0815 0.0815 0.08400001 0.08400001 0.07099999 0.07099999
0.0855 0.107 0.107 0.1315 0.1315 0.1315 0.1555 0.1555 0.1665 0.1665 0.1435 0.1435 0.158 0.158 0.158 0.1545 0.1545 0.1415 0.1415 0.108 0.108 0.108 0.113 0.113 0.113 0.113 0.1 0.1 0.1 0.123 0.123 0.107 0.107 0.093 0.093 0.093 0.0895 0.0895 0.0855 0.0855 0.0805 0.0805 0.0805 0.086 0.086 0.087 0.087 0.077 0.077 0.08 0.08 0.08 0.0735 0.0735 0.0715 0.0715 0.0685 0.0685 0.0685 0.069 0.069 0.0785 0.0785 0.078 0.078 0.078 0.0705 0.0705 0.0785 0.0785 0.0815 0.0815 0.0815 0.08400001 0.08400001 0.07099999 0.07099999
0.097 0.112 0.112 0.1365 0.1365 0.1365 0.182 0.182 0.16 0.16 0.1315 0.1315 0.1385 0.1385 0.1385 0.157 0.157 0.124 0.124 0.117 0.117 0.117 0.114 0.114 0.1075 0.1075 0.096 0.096 0.096 0.103 0.103 0.092 0.092 0.0905 0.0905 0.0905 0.088 0.088 0.082 0.082 0.079 0.079 0.079 0.072 0.072 0.08 0.08 0.0905 0.0905 0.083 0.083 0.083 0.0805 0.0805 0.0735 0.0735 0.0785 0.0785 0.0785 0.0785 0.0785 0.0815 0.0815 0.081 0.081 0.081 0.088 0.088 0.0855 0.0855 0.079 0.079 0.079 0.0765 0.0765 0.0725 0.0725
0.097 0.112 0.112 0.1365 0.1365 0.1365 0.182 0.182 0.16 0.16 0.1315 0.1315 0.1385 0.1385 0.1385 0.157 0.157 0.124 0.124 0.117 0.117 0.117 0.114 0.114 0.1075 0.1075 0.096 0.096 0.096 0.103 0.103 0.092 0.092 0.0905 0.0905 0.0905 0.088 0.088 0.082 0.082 0.079 0.079 0.079 0.072 0.072 0.08 0.08 0.0905 0.0905 0.083 0.083 0.083 0.0805 0.0805 0.0735 0.0735 0.0785 0.0785 0.0785 0.0785 0.0785 0.0815 0.0815 0.081 0.081 0.081 0.088 0.088 0.0855 0.0855 0.079 0.079 0.079 0.0765 0.0765 0.0725 0.0725
0.1265 0.127 0.127 0.152 0.152 0.152 0.1585 0.1585 0.157 0.157 0.114 0.114 0.1095 0.1095 0.1095 0.1125 0.1125 0.106 0.106 0.1065 0.1065 0.1065 0.134 0.134 0.106 0.106 0.096 0.096 0.096 0.106 0.106 0.095 0.095 0.1025 0.1025 0.1025 0.088 0.088 0.096 0.096 0.0975 0.0975 0.0975 0.095 0.095 0.096 0.096 0.132 0.132 0.1245 0.1245 0.1245 0.094 0.094 0.084 0.084 0.0805 0.0805 0.0805 0.0825 0.0825 0.0865 0.0865 0.085 0.085 0.085 0.0915 0.0915 0.0925 0.0925 0.094 0.094 0.094 0.086 0.086 0.078 0.078
0.1265 0.127 0.127 0.152 0.152 0.152 0.1585 0.1585 0.157 0.157 0.114 0.114 0.1095 0.1095 0.1095 0.1125 0.1125 0.106 0.106 0.1065 0.1065 0.1065 0.134 0.134 0.106 0.106 0.096 0.096 0.096 0.106 0.106 0.095 0.095 0.1025 0.1025 0.1025 0.088 0.088 0.096 0.096 0.0975 0.0975 0.0975 0.095 0.095 0.096 0.096 0.132 0.132 0.1245 0.1245 0.1245 0.094 0.094 0.084 0.084 0.0805 0.0805 0.0805 0.0825 0.0825 0.0865 0.0865 0.085 0.085 0.085 0.0915 0.0915 0.0925 0.0925 0.094 0.094 0.094 0.086 0.086 0.078 0.078
