ndvi/NOAA-364.asc
ncols         252
nrows         154
xllcorner     -18.017974
yllcorner     13.481982
cellsize      0.035948
NODATA_value  -9999
[rows 34 to 67 of 154, columns 77 to 153 of 252]
0.122 0.122 0.1285 0.1285 0.1335 0.1335 0.131 0.131 0.131 0.1375 0.1375 0.1415 0.1415 0.1385 0.1385 0.1195 0.1195 0.1195 0.118 0.118 0.122 0.122 0.123 0.123 0.123 0.132 0.132 0.129 0.129 0.137 0.137 0.137 0.1325 0.1325 0.125 0.125 0.1175 0.1175 0.1175 0.1185 0.1185 0.12 0.12 0.129 0.129 0.129 0.109 0.109 0.101 0.101 0.112 0.112 0.118 0.118 0.118 0.114 0.114 0.105 0.105 0.119 0.119 0.119 0.118 0.118 0.13 0.13 0.119 0.119 0.119 0.117 0.117 0.111 0.111 0.1125 0.1125 0.1125 0.1175
0.122 0.122 0.1285 0.1285 0.1335 0.1335 0.131 0.131 0.131 0.1375 0.1375 0.1415 0.1415 0.1385 0.1385 0.1195 0.1195 0.1195 0.118 0.118 0.122 0.122 0.123 0.123 0.123 0.132 0.132 0.129 0.129 0.137 0.137 0.137 0.1325 0.1325 0.125 0.125 0.1175 0.1175 0.1175 0.1185 0.1185 0.12 0.12 0.129 0.129 0.129 0.109 0.109 0.101 0.101 0.112 0.112 0.118 0.118 0.118 0.114 0.114 0.105 0.105 0.119 0.119 0.119 0.118 0.118 0.13 0.13 0.119 0.119 0.119 0.117 0.117 0.111 0.111 0.1125 0.1125 0.1125 0.1175
0.122 0.122 0.1285 0.1285 0.1335 0.1335 0.131 0.131 0.131 0.1375 0.1375 0.1415 0.1415 0.1385 0.1385 0.1195 0.1195 0.1195 0.118 0.118 0.122 0.122 0.123 0.123 0.123 0.132 0.132 0.129 0.129 0.137 0.137 0.137 0.1325 0.1325 0.125 0.125 0.1175 0.1175 0.1175 0.1185 0.1185 0.12 0.12 0.129 0.129 0.129 0.109 0.109 0.101 0.101 0.112 0.112 0.118 0.118 0.118 0.114 0.114 0.105 0.105 0.119 0.119 0.119 0.118 0.118 0.13 0.13 0.119 0.119 0.119 0.117 0.117 0.111 0.111 0.1125 0.1125 0.1125 0.1175
0.135 0.135 0.1315 0.1315 0.1285 0.1285 0.1345 0.1345 0.1345 0.131 0.131 0.1315 0.1315 0.1435 0.1435 0.1165 0.1165 0.1165 0.125 0.125 0.121 0.121 0.1305 0.1305 0.1305 0.1395 0.1395 0.137 0.137 0.142 0.142 0.142 0.1295 0.1295 0.129 0.129 0.123 0.123 0.123 0.1195 0.1195 0.1325 0.1325 0.1365 0.1365 0.1365 0.1355 0.1355 0.1355 0.1355 0.1365 0.1365 0.122 0.122 0.122 0.124 0.124 0.1365 0.1365 0.1405 0.1405 0.1405 0.137 0.137 0.123 0.123 0.1245 0.1245 0.1245 0.084 0.084 0.071 0.071 0.1085 0.1085 0.1085 0.114
0.135 0.135 0.1315 0.1315 0.1285 0.1285 0.1345 0.1345 0.1345 0.131 0.131 0.1315 0.1315 0.1435 0.1435 0.1165 0.1165 0.1165 0.125 0.125 0.121 0.121 0.1305 0.1305 0.1305 0.1395 0.1395 0.137 0.137 0.142 0.142 0.142 0.1295 0.1295 0.129 0.129 0.123 0.123 0.123 0.1195 0.1195 0.1325 0.1325 0.1365 0.1365 0.1365 0.1355 0.1355 0.1355 0.1355 0.1365 0.1365 0.122 0.122 0.122 0.124 0.124 0.1365 0.1365 0.1405 0.1405 0.1405 0.137 0.137 0.123 0.123 0.1245 0.1245 0.1245 0.084 0.084 0.071 0.071 0.1085 0.1085 0.1085 0.114
0.1355 0.1355 0.133 0.133 0.134 0.134 0.13 0.13 0.13 0.135 0.135 0.1305 0.1305 0.1335 0.1335 0.132 0.132 0.132 0.122 0.122 0.127 0.127 0.1375 0.1375 0.1375 0.127 0.127 0.1355 0.1355 0.1335 0.1335 0.1335 0.14 0.14 0.136 0.136 0.133 0.133 0.133 0.133 0.133 0.1275 0.1275 0.1435 0.1435 0.1435 0.1505 0.1505 0.1415 0.1415 0.144 0.144 0.1645 0.1645 0.1645 0.149 0.149 0.1445 0.1445 0.1325 0.1325 0.1325 0.1205 0.1205 0.1175 0.1175 0.103 0.103 0.103 0.103 0.103 0.0695 0.0695 0.096 0.096 0.096 0.082
0.1355 0.1355 0.133 0.133 0.134 0.134 0.13 0.13 0.13 0.135 0.135 0.1305 0.1305 0.1335 0.1335 0.132 0.132 0.132 0.122 0.122 0.127 0.127 0.1375 0.1375 0.1375 0.127 0.127 0.1355 0.1355 0.1335 0.1335 0.1335 0.14 0.14 0.136 0.136 0.133 0.133 0.133 0.133 0.133 0.1275 0.1275 0.1435 0.1435 0.1435 0.1505 0.1505 0.1415 0.1415 0.144 0.144 0.1645 0.1645 0.1645 0.149 0.149 0.1445 0.1445 0.1325 0.1325 0.1325 0.1205 0.1205 0.1175 0.1175 0.103 0.103 0.103 0.103 0.103 0.0695 0.0695 0.096 0.096 0.096 0.082
0.139 0.139 0.135 0.135 0.132 0.132 0.136 0.136 0.136 0.138 0.138 0.134 0.134 0.13 0.13 0.1305 0.1305 0.1305 0.1225 0.1225 0.1255 0.1255 0.132 0.132 0.132 0.1325 0.1325 0.137 0.137 0.143 0.143 0.143 0.1375 0.1375 0.1325 0.1325 0.135 0.135 0.135 0.1315 0.1315 0.146 0.146 0.159 0.159 0.159 0.151 0.151 0.158 0.158 0.1715 0.1715 0.1835 0.1835 0.1835 0.16 0.16 0.1415 0.1415 0.1305 0.1305 0.1305 0.1205 0.1205 0.1155 0.1155 0.1155 0.1155 0.1155 0.1265 0.1265 0.0945 0.0945 0.1225 0.1225 0.1225 0.1185
0.139 0.139 0.135 0.135 0.132 0.132 0.136 0.136 0.136 0.138 0.138 0.134 0.134 0.13 0.13 0.1305 0.1305 0.1305 0.1225 0.1225 0.1255 0.1255 0.132 0.132 0.132 0.1325 0.1325 0.137 0.137 0.143 0.143 0.143 0.1375 0.1375 0.1325 0.1325 0.135 0.135 0.135 0.1315 0.1315 0.146 0.146 0.159 0.159 0.159 0.151 0.151 0.158 0.158 0.1715 0.1715 0.1835 0.1835 0.1835 0.16 0.16 0.1415 0.1415 0.1305 0.1305 0.1305 0.1205 0.1205 0.1155 0.1155 0.1155 0.1155 0.1155 0.1265 0.1265 0.0945 0.0945 0.1225 0.1225 0.1225 0.1185
0.139 0.139 0.135 0.135 0.132 0.132 0.136 0.136 0.136 0.138 0.138 0.134 0.134 0.13 0.13 0.1305 0.1305 0.1305 0.1225 0.1225 0.1255 0.1255 0.132 0.132 0.132 0.1325 0.1325 0.137 0.137 0.143 0.143 0.143 0.1375 0.1375 0.1325 0.1325 0.135 0.135 0.135 0.1315 0.1315 0.146 0.146 0.159 0.159 0.159 0.151 0.151 0.158 0.158 0.1715 0.1715 0.1835 0.1835 0.1835 0.16 0.16 0.1415 0.1415 0.1305 0.1305 0.1305 0.1205 0.1205 0.1155 0.1155 0.1155 0.1155 0.1155 0.1265 0.1265 0.0945 0.0945 0.1225 0.1225 0.1225 0.1185
0.1425 0.1425 0.1365 0.1365 0.136 0.136 0.1335 0.1335 0.1335 0.136 0.136 0.1385 0.1385 0.1325 0.1325 0.1355 0.1355 0.1355 0.1325 0.1325 0.1185 0.1185 0.121 0.121 0.121 0.123 0.123 0.141 0.141 0.139 0.139 0.139 0.138 0.138 0.148 0.148 0.155 0.155 0.155 0.152 0.152 0.1565 0.1565 0.157 0.157 0.157 0.1435 0.1435 0.163 0.163 0.1635 0.1635 0.1645 0.1645 0.1645 0.158 0.158 0.1365 0.1365 0.117 0.117 0.117 0.108 0.108 0.1265 0.1265 0.121 0.121 0.121 0.124 0.124 0.1115 0.1115 0.113 0.113 0.113 0.113
0.1425 0.1425 0.1365 0.1365 0.136 0.136 0.1335 0.1335 0.1335 0.136 0.136 0.1385 0.1385 0.1325 0.1325 0.1355 0.1355 0.1355 0.1325 0.1325 0.1185 0.1185 0.121 0.121 0.121 0.123 0.123 0.141 0.141 0.139 0.139 0.139 0.138 0.138 0.148 0.148 0.155 0.155 0.155 0.152 0.152 0.1565 0.1565 0.157 0.157 0.157 0.1435 0.1435 0.163 0.163 0.1635 0.1635 0.1645 0.1645 0.1645 0.158 0.158 0.1365 0.1365 0.117 0.117 0.117 0.108 0.108 0.1265 0.1265 0.121 0.121 0.121 0.124 0.124 0.1115 0.1115 0.113 0.113 0.113 0.113
0.1485 0.1485 0.146 0.146 0.1415 0.1415 0.1375 0.1375 0.1375 0.137 0.137 0.1225 0.1225 0.119 0.119 0.1215 0.1215 0.1215 0.121 0.121 0.126 0.126 0.119 0.119 0.119 0.121 0.121 0.132 0.132 0.139 0.139 0.139 0.152 0.152 0.1605 0.1605 0.1215 0.1215 0.1215 0.1105 0.1105 0.124 0.124 0.1165 0.1165 0.1165 0.137 0.137 0.163 0.163 0.1505 0.1505 0.1345 0.1345 0.1345 0.138 0.138 0.1425 0.1425 0.118 0.118 0.118 0.1125 0.1125 0.1025 0.1025 0.0885 0.0885 0.0885 0.106 0.106 0.0805 0.0805 0.108 0.108 0.108 0.072
0.1485 0.1485 0.146 0.146 0.1415 0.1415 0.1375 0.1375 0.1375 0.137 0.137 0.1225 0.1225 0.119 0.119 0.1215 0.1215 0.1215 0.121 0.121 0.126 0.126 0.119 0.119 0.119 0.121 0.121 0.132 0.132 0.139 0.139 0.139 0.152 0.152 0.1605 0.1605 0.1215 0.1215 0.1215 0.1105 0.1105 0.124 0.124 0.1165 0.1165 0.1165 0.137 0.137 0.163 0.163 0.1505 0.1505 0.1345 0.1345 0.1345 0.138 0.138 0.1425 0.1425 0.118 0.118 0.118 0.1125 0.1125 0.1025 0.1025 0.0885 0.0885 0.0885 0.106 0.106 0.0805 0.0805 0.108 0.108 0.108 0.072
0.1585 0.1585 0.1415 0.1415 0.1425 0.1425 0.1265 0.1265 0.1265 0.126 0.126 0.1125 0.1125 0.132 0.132 0.151 0.151 0.151 0.154 0.154 0.15 0.15 0.145 0.145 0.145 0.1365 0.1365 0.1455 0.1455 0.156 0.156 0.156 0.1745 0.1745 0.148 0.148 0.1235 0.1235 0.1235 0.109 0.109 0.109 0.109 0.1285 0.1285 0.1285 0.157 0.157 0.1475 0.1475 0.1375 0.1375 0.137 0.137 0.137 0.1355 0.1355 0.1285 0.1285 0.1285 0.1285 0.1285 0.1245 0.1245 0.1125 0.1125 0.123 0.123 0.123 0.102 0.102 0.0975 0.0975 0.077 0.077 0.077 0.0655
0.1585 0.1585 0.1415 0.1415 0.1425 0.1425 0.1265 0.1265 0.1265 0.126 0.126 0.1125 0.1125 0.132 0.132 0.151 0.151 0.151 0.154 0.154 0.15 0.15 0.145 0.145 0.145 0.1365 0.1365 0.1455 0.1455 0.156 0.156 0.156 0.1745 0.1745 0.148 0.148 0.1235 0.1235 0.1235 0.109 0.109 0.109 0.109 0.1285 0.1285 0.1285 0.157 0.157 0.1475 0.1475 0.1375 0.1375 0.137 0.137 0.137 0.1355 0.1355 0.1285 0.1285 0.1285 0.1285 0.1285 0.1245 0.1245 0.1125 0.1125 0.123 0.123 0.123 0.102 0.102 0.0975 0.0975 0.077 0.077 0.077 0.0655
0.1585 0.1585 0.1415 0.1415 0.1425 0.1425 0.1265 0.1265 0.1265 0.126 0.126 0.1125 0.1125 0.132 0.132 0.151 0.151 0.151 0.154 0.154 0.15 0.15 0.145 0.145 0.145 0.1365 0.1365 0.1455 0.1455 0.156 0.156 0.156 0.1745 0.1745 0.148 0.148 0.1235 0.1235 0.1235 0.109 0.109 0.109 0.109 0.1285 0.1285 0.1285 0.157 0.157 0.1475 0.1475 0.1375 0.1375 0.137 0.137 0.137 0.1355 0.1355 0.1285 0.1285 0.1285 0.1285 0.1285 0.1245 0.1245 0.1125 0.1125 0.123 0.123 0.123 0.102 0.102 0.0975 0.0975 0.077 0.077 0.077 0.0655
0.1485 0.1485 0.1385 0.1385 0.1395 0.1395 0.149 0.149 0.149 0.144 0.144 0.151 0.151 0.1615 0.1615 0.1615 0.1615 0.1615 0.1725 0.1725 0.159 0.159 0.1515 0.1515 0.1515 0.1495 0.1495 0.157 0.157 0.1495 0.1495 0.1495 0.1595 0.1595 0.1545 0.1545 0.1305 0.1305 0.1305 0.109 0.109 0.109 0.109 0.1255 0.1255 0.1255 0.133 0.133 0.125 0.125 0.146 0.146 0.1265 0.1265 0.1265 0.1375 0.1375 0.1355 0.1355 0.118 0.118 0.118 0.1315 0.1315 0.129 0.129 0.1355 0.1355 0.1355 0.146 0.146 0.137 0.137 0.1105 0.1105 0.1105 0.0775
0.1485 0.1485 0.1385 0.1385 0.1395 0.1395 0.149 0.149 0.149 0.144 0.144 0.151 0.151 0.1615 0.1615 0.1615 0.1615 0.1615 0.1725 0.1725 0.159 0.159 0.1515 0.1515 0.1515 0.1495 0.1495 0.157 0.157 0.1495 0.1495 0.1495 0.1595 0.1595 0.1545 0.1545 0.1305 0.1305 0.1305 0.109 0.109 0.109 0.109 0.1255 0.1255 0.1255 0.133 0.133 0.125 0.125 0.146 0.146 0.1265 0.1265 0.1265 0.1375 0.1375 0.1355 0.1355 0.118 0.118 0.118 0.1315 0.1315 0.129 0.129 0.1355 0.1355 0.1355 0.146 0.146 0.137 0.137 0.1105 0.1105 0.1105 0.0775
0.1485 0.1485 0.1615 0.1615 0.1525 0.1525 0.147 0.147 0.147 0.159 0.159 0.169 0.169 0.1645 0.1645 0.169 0.169 0.169 0.172 0.172 0.166 0.166 0.162 0.162 0.162 0.164 0.164 0.144 0.144 0.1405 0.1405 0.1405 0.1415 0.1415 0.17 0.17 0.14 0.14 0.14 0.148 0.148 0.116 0.116 0.1215 0.1215 0.1215 0.1225 0.1225 0.1175 0.1175 0.1465 0.1465 0.153 0.153 0.153 0.139 0.139 0.1515 0.1515 0.1565 0.1565 0.1565 0.1585 0.1585 0.148 0.148 0.1345 0.1345 0.1345 0.139 0.139 0.1375 0.1375 0.134 0.134 0.134 0.1015
0.1485 0.1485 0.1615 0.1615 0.1525 0.1525 0.147 0.147 0.147 0.159 0.159 0.169 0.169 0.1645 0.1645 0.169 0.169 0.169 0.172 0.172 0.166 0.166 0.162 0.162 0.162 0.164 0.164 0.144 0.144 0.1405 0.1405 0.1405 0.1415 0.1415 0.17 0.17 0.14 0.14 0.14 0.148 0.148 0.116 0.116 0.1215 0.1215 0.1215 0.1225 0.1225 0.1175 0.1175 0.1465 0.1465 0.153 0.153 0.153 0.139 0.139 0.1515 0.1515 0.1565 0.1565 0.1565 0.1585 0.1585 0.148 0.148 0.1345 0.1345 0.1345 0.139 0.139 0.1375 0.1375 0.134 0.134 0.134 0.1015
0.194 0.194 0.1825 0.1825 0.1555 0.1555 0.1725 0.1725 0.1725 0.1745 0.1745 0.169 0.169 0.174 0.174 0.173 0.173 0.173 0.1735 0.1735 0.1585 0.1585 0.164 0.164 0.164 0.1455 0.1455 0.1465 0.1465 0.142 0.142 0.142 0.135 0.135 0.146 0.146 0.1285 0.1285 0.1285 0.1335 0.1335 0.104 0.104 0.09999999 0.09999999 0.09999999 0.071 0.071 0.144 0.144 0.147 0.147 0.143 0.143 0.143 0.149 0.149 0.1595 0.1595 0.1665 0.1665 0.1665 0.153 0.153 0.16 0.16 0.1535 0.1535 0.1535 0.119 0.119 0.116 0.116 0.0915 0.0915 0.0915 0.09999999
0.194 0.194 0.1825 0.1825 0.1555 0.1555 0.1725 0.1725 0.1725 0.1745 0.1745 0.169 0.169 0.174 0.174 0.173 0.173 0.173 0.1735 0.1735 0.1585 0.1585 0.164 0.164 0.164 0.1455 0.1455 0.1465 0.1465 0.142 0.142 0.142 0.135 0.135 0.146 0.146 0.1285 0.1285 0.1285 0.1335 0.1335 0.104 0.104 0.09999999 0.09999999 0.09999999 0.071 0.071 0.144 0.144 0.147 0.147 0.143 0.143 0.143 0.149 0.149 0.1595 0.1595 0.1665 0.1665 0.1665 0.153 0.153 0.16 0.16 0.1535 0.1535 0.1535 0.119 0.119 0.116 0.116 0.0915 0.0915 0.0915 0.09999999
0.1845 0.1845 0.181 0.181 0.17 0.17 0.173 0.173 0.173 0.181 0.181 0.165 0.165 0.166 0.166 0.171 0.171 0.171 0.178 0.178 0.1695 0.1695 0.1665 0.1665 0.1665 0.1675 0.1675 0.1605 0.1605 0.1485 0.1485 0.1485 0.13 0.13 0.145 0.145 0.151 0.151 0.151 0.1375 0.1375 0.11 0.11 0.1105 0.1105 0.1105 0.106 0.106 0.1145 0.1145 0.119 0.119 0.138 0.138 0.138 0.151 0.151 0.1435 0.1435 0.165 0.165 0.165 0.1605 0.1605 0.144 0.144 0.1285 0.1285 0.1285 0.118 0.118 0.1335 0.1335 0.0785 0.0785 0.0785 0.0925
0.1845 0.1845 0.181 0.181 0.17 0.17 0.173 0.173 0.173 0.181 0.181 0.165 0.165 0.166 0.166 0.171 0.171 0.171 0.178 0.178 0.1695 0.1695 0.1665 0.1665 0.1665 0.1675 0.1675 0.1605 0.1605 0.1485 0.1485 0.1485 0.13 0.13 0.145 0.145 0.151 0.151 0.151 0.1375 0.1375 0.11 0.11 0.1105 0.1105 0.1105 0.106 0.106 0.1145 0.1145 0.119 0.119 0.138 0.138 0.138 0.151 0.151 0.1435 0.1435 0.165 0.165 0.165 0.1605 0.1605 0.144 0.144 0.1285 0.1285 0.1285 0.118 0.118 0.1335 0.1335 0.0785 0.0785 0.0785 0.0925
0.1845 0.1845 0.181 0.181 0.17 0.17 0.173 0.173 0.173 0.181 0.181 0.165 0.165 0.166 0.166 0.171 0.171 0.171 0.178 0.178 0.1695 0.1695 0.1665 0.1665 0.1665 0.1675 0.1675 0.1605 0.1605 0.1485 0.1485 0.1485 0.13 0.13 0.145 0.145 0.151 0.151 0.151 0.1375 0.1375 0.11 0.11 0.1105 0.1105 0.1105 0.106 0.106 0.1145 0.1145 0.119 0.119 0.138 0.138 0.138 0.151 0.151 0.1435 0.1435 0.165 0.165 0.165 0.1605 0.1605 0.144 0.144 0.1285 0.1285 0.1285 0.118 0.118 0.1335 0.1335 0.0785 0.0785 0.0785 0.0925
0.1815 0.1815 0.1775 0.1775 0.182 0.182 0.1815 0.1815 0.1815 0.1775 0.1775 0.1635 0.1635 0.1675 0.1675 0.179 0.179 0.179 0.135 0.135 0.1555 0.1555 0.18 0.18 0.18 0.1795 0.1795 0.177 0.177 0.1905 0.1905 0.1905 0.1735 0.1735 0.1475 0.1475 0.1345 0.1345 0.1345 0.1155 0.1155 0.0925 0.0925 0.1365 0.1365 0.1365 0.1235 0.1235 0.064 0.064 0.101 0.101 0.1025 0.1025 0.1025 0.0995 0.0995 0.1495 0.1495 0.1795 0.1795 0.1795 0.168 0.168 0.1515 0.1515 0.153 0.153 0.153 0.1305 0.1305 0.14 0.14 0.1085 0.1085 0.1085 0.0305
0.1815 0.1815 0.1775 0.1775 0.182 0.182 0.1815 0.1815 0.1815 0.1775 0.1775 0.1635 0.1635 0.1675 0.1675 0.179 0.179 0.179 0.135 0.135 0.1555 0.1555 0.18 0.18 0.18 0.1795 0.1795 0.177 0.177 0.1905 0.1905 0.1905 0.1735 0.1735 0.1475 0.1475 0.1345 0.1345 0.1345 0.1155 0.1155 0.0925 0.0925 0.1365 0.1365 0.1365 0.1235 0.1235 0.064 0.064 0.101 0.101 0.1025 0.1025 0.1025 0.0995 0.0995 0.1495 0.1495 0.1795 0.1795 0.1795 0.168 0.168 0.1515 0.1515 0.153 0.153 0.153 0.1305 0.1305 0.14 0.14 0.1085 0.1085 0.1085 0.0305
0.201 0.201 0.2285 0.2285 0.198 0.198 0.21 0.21 0.21 0.282 0.282 0.221 0.221 0.1695 0.1695 0.138 0.138 0.138 0.1235 0.1235 0.175 0.175 0.1795 0.1795 0.1795 0.155 0.155 0.1635 0.1635 0.1765 0.1765 0.1765 0.1725 0.1725 0.19 0.19 0.163 0.163 0.163 0.127 0.127 0.09100001 0.09100001 0.113 0.113 0.113 0.0795 0.0795 0.065 0.065 0.077 0.077 0.0865 0.0865 0.0865 0.1155 0.1155 0.1385 0.1385 0.1745 0.1745 0.1745 0.171 0.171 0.171 0.171 0.1585 0.1585 0.1585 0.1505 0.1505 0.128 0.128 0.109 0.109 0.109 0.09
0.201 0.201 0.2285 0.2285 0.198 0.198 0.21 0.21 0.21 0.282 0.282 0.221 0.221 0.1695 0.1695 0.138 0.138 0.138 0.1235 0.1235 0.175 0.175 0.1795 0.1795 0.1795 0.155 0.155 0.1635 0.1635 0.1765 0.1765 0.1765 0.1725 0.1725 0.19 0.19 0.163 0.163 0.163 0.127 0.127 0.09100001 0.09100001 0.113 0.113 0.113 0.0795 0.0795 0.065 0.065 0.077 0.077 0.0865 0.0865 0.0865 0.1155 0.1155 0.1385 0.1385 0.1745 0.1745 0.1745 0.171 0.171 0.171 0.171 0.1585 0.1585 0.1585 0.1505 0.1505 0.128 0.128 0.109 0.109 0.109 0.09
0.181 0.181 0.245 0.245 0.241 0.241 0.2345 0.2345 0.2345 0.2185 0.2185 0.231 0.231 0.1775 0.1775 0.162 0.162 0.162 0.184 0.184 0.168 0.168 0.149 0.149 0.149 0.185 0.185 0.186 0.186 0.1735 0.1735 0.1735 0.164 0.164 0.1415 0.1415 0.1185 0.1185 0.1185 0.0975 0.0975 0.1395 0.1395 0.11 0.11 0.11 0.107 0.107 0.062 0.062 0.0455 0.0455 0.106 0.106 0.106 0.122 0.122 0.14 0.14 0.164 0.164 0.164 0.1625 0.1625 0.1555 0.1555 0.151 0.151 0.151 0.135 0.135 0.158 0.158 0.115 0.115 0.115 0.0915
0.181 0.181 0.245 0.245 0.241 0.241 0.2345 0.2345 0.2345 0.2185 0.2185 0.231 0.231 0.1775 0.1775 0.162 0.162 0.162 0.184 0.184 0.168 0.168 0.149 0.149 0.149 0.185 0.185 0.186 0.186 0.1735 0.1735 0.1735 0.164 0.164 0.1415 0.1415 0.1185 0.1185 0.1185 0.0975 0.0975 0.1395 0.1395 0.11 0.11 0.11 0.107 0.107 0.062 0.062 0.0455 0.0455 0.106 0.106 0.106 0.122 0.122 0.14 0.14 0.164 0.164 0.164 0.1625 0.1625 0.1555 0.1555 0.151 0.151 0.151 0.135 0.135 0.158 0.158 0.115 0.115 0.115 0.0915
0.181 0.181 0.245 0.245 0.241 0.241 0.2345 0.2345 0.2345 0.2185 0.2185 0.231 0.231 0.1775 0.1775 0.162 0.162 0.162 0.184 0.184 0.168 0.168 0.149 0.149 0.149 0.185 0.185 0.186 0.186 0.1735 0.1735 0.1735 0.164 0.164 0.1415 0.1415 0.1185 0.1185 0.1185 0.0975 0.0975 0.1395 0.1395 0.11 0.11 0.11 0.107 0.107 0.062 0.062 0.0455 0.0455 0.106 0.106 0.106 0.122 0.122 0.14 0.14 0.164 0.164 0.164 0.1625 0.1625 0.1555 0.1555 0.151 0.151 0.151 0.135 0.135 0.158 0.158 0.115 0.115 0.115 0.0915
0.211 0.211 0.211 0.211 0.199 0.199 0.204 0.204 0.204 0.218 0.218 0.237 0.237 0.189 0.189 0.1875 0.1875 0.1875 0.176 0.176 0.1945 0.1945 0.1935 0.1935 0.1935 0.172 0.172 0.176 0.176 0.1775 0.1775 0.1775 0.1415 0.1415 0.145 0.145 0.148 0.148 0.148 0.16 0.16 0.154 0.154 0.0625 0.0625 0.0625 0.0405 0.0405 0.0865 0.0865 0.1165 0.1165 0.119 0.119 0.119 0.1105 0.1105 0.133 0.133 0.159 0.159 0.159 0.1575 0.1575 0.1645 0.1645 0.1415 0.1415 0.1415 0.158 0.158 0.138 0.138 0.122 0.122 0.122 0.0905
