ndvi/NOAA-348.asc
ncols         252
nrows         154
xllcorner     -18.017974
yllcorner     13.481982
cellsize      0.035948
NODATA_value  -9999
[rows 35 to 69 of 154, columns 77 to 153 of 252]
0.142 0.142 0.14 0.14 0.1495 0.1495 0.1455 0.1455 0.1455 0.144 0.144 0.1575 0.1575 0.154 0.154 0.1575 0.1575 0.1575 0.1635 0.1635 0.1695 0.1695 0.172 0.172 0.172 0.176 0.176 0.1715 0.1715 0.177 0.177 0.177 0.15 0.15 0.141 0.141 0.137 0.137 0.137 0.1425 0.1425 0.148 0.148 0.1735 0.1735 0.1735 0.166 0.166 0.15 0.15 0.163 0.163 0.1605 0.1605 0.1605 0.161 0.161 0.1575 0.1575 0.1645 0.1645 0.1645 0.1545 0.1545 0.156 0.156 0.146 0.146 0.146 0.147 0.147 0.1315 0.1315 0.1195 0.1195 0.1195 0.1705
0.142 0.142 0.14 0.14 0.1495 0.1495 0.1455 0.1455 0.1455 0.144 0.144 0.1575 0.1575 0.154 0.154 0.1575 0.1575 0.1575 0.1635 0.1635 0.1695 0.1695 0.172 0.172 0.172 0.176 0.176 0.1715 0.1715 0.177 0.177 0.177 0.15 0.15 0.141 0.141 0.137 0.137 0.137 0.1425 0.1425 0.148 0.148 0.1735 0.1735 0.1735 0.166 0.166 0.15 0.15 0.163 0.163 0.1605 0.1605 0.1605 0.161 0.161 0.1575 0.1575 0.1645 0.1645 0.1645 0.1545 0.1545 0.156 0.156 0.146 0.146 0.146 0.147 0.147 0.1315 0.1315 0.1195 0.1195 0.1195 0.1705
0.168 0.168 0.167 0.167 0.1675 0.1675 0.1585 0.1585 0.1585 0.1455 0.1455 0.145 0.145 0.151 0.151 0.1565 0.1565 0.1565 0.1625 0.1625 0.1705 0.1705 0.17 0.17 0.17 0.17 0.17 0.1815 0.1815 0.1785 0.1785 0.1785 0.1555 0.1555 0.1585 0.1585 0.149 0.149 0.149 0.146 0.146 0.1515 0.1515 0.1665 0.1665 0.1665 0.17 0.17 0.173 0.173 0.182 0.182 0.175 0.175 0.175 0.182 0.182 0.191 0.191 0.202 0.202 0.202 0.1675 0.1675 0.181 0.181 0.1645 0.1645 0.1645 0.1825 0.1825 0.155 0.155 0.152 0.152 0.152 0.155
0.168 0.168 0.167 0.167 0.1675 0.1675 0.1585 0.1585 0.1585 0.1455 0.1455 0.145 0.145 0.151 0.151 0.1565 0.1565 0.1565 0.1625 0.1625 0.1705 0.1705 0.17 0.17 0.17 0.17 0.17 0.1815 0.1815 0.1785 0.1785 0.1785 0.1555 0.1555 0.1585 0.1585 0.149 0.149 0.149 0.146 0.146 0.1515 0.1515 0.1665 0.1665 0.1665 0.17 0.17 0.173 0.173 0.182 0.182 0.175 0.175 0.175 0.182 0.182 0.191 0.191 0.202 0.202 0.202 0.1675 0.1675 0.181 0.181 0.1645 0.1645 0.1645 0.1825 0.1825 0.155 0.155 0.152 0.152 0.152 0.155
0.16 0.16 0.1585 0.1585 0.1535 0.1535 0.1565 0.1565 0.1565 0.158 0.158 0.157 0.157 0.1585 0.1585 0.1495 0.1495 0.1495 0.151 0.151 0.1565 0.1565 0.1745 0.1745 0.1745 0.1635 0.1635 0.1605 0.1605 0.1665 0.1665 0.1665 0.1705 0.1705 0.1595 0.1595 0.164 0.164 0.164 0.1635 0.1635 0.1595 0.1595 0.1695 0.1695 0.1695 0.1835 0.1835 0.1765 0.1765 0.192 0.192 0.283 0.283 0.283 0.221 0.221 0.2265 0.2265 0.236 0.236 0.236 0.155 0.155 0.1715 0.1715 0.1805 0.1805 0.1805 0.1585 0.1585 0.13 0.13 0.15 0.15 0.15 0.1495
0.16 0.16 0.1585 0.1585 0.1535 0.1535 0.1565 0.1565 0.1565 0.158 0.158 0.157 0.157 0.1585 0.1585 0.1495 0.1495 0.1495 0.151 0.151 0.1565 0.1565 0.1745 0.1745 0.1745 0.1635 0.1635 0.1605 0.1605 0.1665 0.1665 0.1665 0.1705 0.1705 0.1595 0.1595 0.164 0.164 0.164 0.1635 0.1635 0.1595 0.1595 0.1695 0.1695 0.1695 0.1835 0.1835 0.1765 0.1765 0.192 0.192 0.283 0.283 0.283 0.221 0.221 0.2265 0.2265 0.236 0.236 0.236 0.155 0.155 0.1715 0.1715 0.1805 0.1805 0.1805 0.1585 0.1585 0.13 0.13 0.15 0.15 0.15 0.1495
0.176 0.176 0.1685 0.1685 0.1635 0.1635 0.1555 0.1555 0.1555 0.1595 0.1595 0.1575 0.1575 0.158 0.158 0.152 0.152 0.152 0.1465 0.1465 0.1695 0.1695 0.163 0.163 0.163 0.1635 0.1635 0.1635 0.1635 0.169 0.169 0.169 0.16 0.16 0.161 0.161 0.1595 0.1595 0.1595 0.1665 0.1665 0.1745 0.1745 0.1835 0.1835 0.1835 0.1805 0.1805 0.1795 0.1795 0.1875 0.1875 0.298 0.298 0.298 0.2 0.2 0.2645 0.2645 0.1995 0.1995 0.1995 0.172 0.172 0.181 0.181 0.139 0.139 0.139 0.1585 0.1585 0.1585 0.1585 0.177 0.177 0.177 0.1495
0.176 0.176 0.1685 0.1685 0.1635 0.1635 0.1555 0.1555 0.1555 0.1595 0.1595 0.1575 0.1575 0.158 0.158 0.152 0.152 0.152 0.1465 0.1465 0.1695 0.1695 0.163 0.163 0.163 0.1635 0.1635 0.1635 0.1635 0.169 0.169 0.169 0.16 0.16 0.161 0.161 0.1595 0.1595 0.1595 0.1665 0.1665 0.1745 0.1745 0.1835 0.1835 0.1835 0.1805 0.1805 0.1795 0.1795 0.1875 0.1875 0.298 0.298 0.298 0.2 0.2 0.2645 0.2645 0.1995 0.1995 0.1995 0.172 0.172 0.181 0.181 0.139 0.139 0.139 0.1585 0.1585 0.1585 0.1585 0.177 0.177 0.177 0.1495
0.176 0.176 0.1685 0.1685 0.1635 0.1635 0.1555 0.1555 0.1555 0.1595 0.1595 0.1575 0.1575 0.158 0.158 0.152 0.152 0.152 0.1465 0.1465 0.1695 0.1695 0.163 0.163 0.163 0.1635 0.1635 0.1635 0.1635 0.169 0.169 0.169 0.16 0.16 0.161 0.161 0.1595 0.1595 0.1595 0.1665 0.1665 0.1745 0.1745 0.1835 0.1835 0.1835 0.1805 0.1805 0.1795 0.1795 0.1875 0.1875 0.298 0.298 0.298 0.2 0.2 0.2645 0.2645 0.1995 0.1995 0.1995 0.172 0.172 0.181 0.181 0.139 0.139 0.139 0.1585 0.1585 0.1585 0.1585 0.177 0.177 0.177 0.1495
0.181 0.181 0.164 0.164 0.1595 0.1595 0.1635 0.1635 0.1635 0.1615 0.1615 0.1615 0.1615 0.16 0.16 0.1585 0.1585 0.1585 0.145 0.145 0.1555 0.1555 0.1655 0.1655 0.1655 0.167 0.167 0.173 0.173 0.157 0.157 0.157 0.164 0.164 0.1715 0.1715 0.187 0.187 0.187 0.188 0.188 0.1745 0.1745 0.1685 0.1685 0.1685 0.17 0.17 0.179 0.179 0.1805 0.1805 0.221 0.221 0.221 0.1815 0.1815 0.181 0.181 0.163 0.163 0.163 0.155 0.155 0.165 0.165 0.146 0.146 0.146 0.1625 0.1625 0.1475 0.1475 0.1385 0.1385 0.1385 0.1635
0.181 0.181 0.164 0.164 0.1595 0.1595 0.1635 0.1635 0.1635 0.1615 0.1615 0.1615 0.1615 0.16 0.16 0.1585 0.1585 0.1585 0.145 0.145 0.1555 0.1555 0.1655 0.1655 0.1655 0.167 0.167 0.173 0.173 0.157 0.157 0.157 0.164 0.164 0.1715 0.1715 0.187 0.187 0.187 0.188 0.188 0.1745 0.1745 0.1685 0.1685 0.1685 0.17 0.17 0.179 0.179 0.1805 0.1805 0.221 0.221 0.221 0.1815 0.1815 0.181 0.181 0.163 0.163 0.163 0.155 0.155 0.165 0.165 0.146 0.146 0.146 0.1625 0.1625 0.1475 0.1475 0.1385 0.1385 0.1385 0.1635
0.1695 0.1695 0.161 0.161 0.1575 0.1575 0.1615 0.1615 0.1615 0.1555 0.1555 0.1555 0.1555 0.146 0.146 0.1695 0.1695 0.1695 0.173 0.173 0.156 0.156 0.1565 0.1565 0.1565 0.168 0.168 0.167 0.167 0.1695 0.1695 0.1695 0.186 0.186 0.2195 0.2195 0.1855 0.1855 0.1855 0.159 0.159 0.1685 0.1685 0.1615 0.1615 0.1615 0.1645 0.1645 0.2195 0.2195 0.2095 0.2095 0.1755 0.1755 0.1755 0.1815 0.1815 0.193 0.193 0.1795 0.1795 0.1795 0.181 0.181 0.1395 0.1395 0.1595 0.1595 0.1595 0.1475 0.1475 0.1265 0.1265 0.153 0.153 0.153 0.149
0.1695 0.1695 0.161 0.161 0.1575 0.1575 0.1615 0.1615 0.1615 0.1555 0.1555 0.1555 0.1555 0.146 0.146 0.1695 0.1695 0.1695 0.173 0.173 0.156 0.156 0.1565 0.1565 0.1565 0.168 0.168 0.167 0.167 0.1695 0.1695 0.1695 0.186 0.186 0.2195 0.2195 0.1855 0.1855 0.1855 0.159 0.159 0.1685 0.1685 0.1615 0.1615 0.1615 0.1645 0.1645 0.2195 0.2195 0.2095 0.2095 0.1755 0.1755 0.1755 0.1815 0.1815 0.193 0.193 0.1795 0.1795 0.1795 0.181 0.181 0.1395 0.1395 0.1595 0.1595 0.1595 0.1475 0.1475 0.1265 0.1265 0.153 0.153 0.153 0.149
0.1865 0.1865 0.159 0.159 0.1615 0.1615 0.1585 0.1585 0.1585 0.1545 0.1545 0.1505 0.1505 0.1655 0.1655 0.187 0.187 0.187 0.193 0.193 0.195 0.195 0.1715 0.1715 0.1715 0.1675 0.1675 0.176 0.176 0.2585 0.2585 0.2585 0.3655 0.3655 0.2185 0.2185 0.158 0.158 0.158 0.1565 0.1565 0.151 0.151 0.1725 0.1725 0.1725 0.207 0.207 0.2265 0.2265 0.2115 0.2115 0.183 0.183 0.183 0.1905 0.1905 0.191 0.191 0.175 0.175 0.175 0.176 0.176 0.172 0.172 0.192 0.192 0.192 0.1595 0.1595 0.1735 0.1735 0.1645 0.1645 0.1645 0.1225
0.1865 0.1865 0.159 0.159 0.1615 0.1615 0.1585 0.1585 0.1585 0.1545 0.1545 0.1505 0.1505 0.1655 0.1655 0.187 0.187 0.187 0.193 0.193 0.195 0.195 0.1715 0.1715 0.1715 0.1675 0.1675 0.176 0.176 0.2585 0.2585 0.2585 0.3655 0.3655 0.2185 0.2185 0.158 0.158 0.158 0.1565 0.1565 0.151 0.151 0.1725 0.1725 0.1725 0.207 0.207 0.2265 0.2265 0.2115 0.2115 0.183 0.183 0.183 0.1905 0.1905 0.191 0.191 0.175 0.175 0.175 0.176 0.176 0.172 0.172 0.192 0.192 0.192 0.1595 0.1595 0.1735 0.1735 0.1645 0.1645 0.1645 0.1225
0.1865 0.1865 0.159 0.159 0.1615 0.1615 0.1585 0.1585 0.1585 0.1545 0.1545 0.1505 0.1505 0.1655 0.1655 0.187 0.187 0.187 0.193 0.193 0.195 0.195 0.1715 0.1715 0.1715 0.1675 0.1675 0.176 0.176 0.2585 0.2585 0.2585 0.3655 0.3655 0.2185 0.2185 0.158 0.158 0.158 0.1565 0.1565 0.151 0.151 0.1725 0.1725 0.1725 0.207 0.207 0.2265 0.2265 0.2115 0.2115 0.183 0.183 0.183 0.1905 0.1905 0.191 0.191 0.175 0.175 0.175 0.176 0.176 0.172 0.172 0.192 0.192 0.192 0.1595 0.1595 0.1735 0.1735 0.1645 0.1645 0.1645 0.1225
0.174 0.174 0.1585 0.1585 0.172 0.172 0.1775 0.1775 0.1775 0.1715 0.1715 0.178 0.178 0.206 0.206 0.1915 0.1915 0.1915 0.1845 0.1845 0.1895 0.1895 0.1875 0.1875 0.1875 0.163 0.163 0.1725 0.1725 0.182 0.182 0.182 0.2345 0.2345 0.2435 0.2435 0.2095 0.2095 0.2095 0.1395 0.1395 0.157 0.157 0.1725 0.1725 0.1725 0.1605 0.1605 0.1675 0.1675 0.181 0.181 0.1885 0.1885 0.1885 0.1935 0.1935 0.187 0.187 0.186 0.186 0.186 0.2035 0.2035 0.1815 0.1815 0.1855 0.1855 0.1855 0.22 0.22 0.213 0.213 0.188 0.188 0.188 0.1475
0.174 0.174 0.1585 0.1585 0.172 0.172 0.1775 0.1775 0.1775 0.1715 0.1715 0.178 0.178 0.206 0.206 0.1915 0.1915 0.1915 0.1845 0.1845 0.1895 0.1895 0.1875 0.1875 0.1875 0.163 0.163 0.1725 0.1725 0.182 0.182 0.182 0.2345 0.2345 0.2435 0.2435 0.2095 0.2095 0.2095 0.1395 0.1395 0.157 0.157 0.1725 0.1725 0.1725 0.1605 0.1605 0.1675 0.1675 0.181 0.181 0.1885 0.1885 0.1885 0.1935 0.1935 0.187 0.187 0.186 0.186 0.186 0.2035 0.2035 0.1815 0.1815 0.1855 0.1855 0.1855 0.22 0.22 0.213 0.213 0.188 0.188 0.188 0.1475
0.185 0.185 0.191 0.191 0.181 0.181 0.17 0.17 0.17 0.1865 0.1865 0.1925 0.1925 0.187 0.187 0.1765 0.1765 0.1765 0.1925 0.1925 0.172 0.172 0.1825 0.1825 0.1825 0.1725 0.1725 0.1625 0.1625 0.178 0.178 0.178 0.173 0.173 0.2145 0.2145 0.2115 0.2115 0.2115 0.178 0.178 0.1705 0.1705 0.184 0.184 0.184 0.192 0.192 0.1585 0.1585 0.17 0.17 0.1845 0.1845 0.1845 0.1945 0.1945 0.209 0.209 0.229 0.229 0.229 0.215 0.215 0.208 0.208 0.1905 0.1905 0.1905 0.197 0.197 0.211 0.211 0.1855 0.1855 0.1855 0.1205
0.185 0.185 0.191 0.191 0.181 0.181 0.17 0.17 0.17 0.1865 0.1865 0.1925 0.1925 0.187 0.187 0.1765 0.1765 0.1765 0.1925 0.1925 0.172 0.172 0.1825 0.1825 0.1825 0.1725 0.1725 0.1625 0.1625 0.178 0.178 0.178 0.173 0.173 0.2145 0.2145 0.2115 0.2115 0.2115 0.178 0.178 0.1705 0.1705 0.184 0.184 0.184 0.192 0.192 0.1585 0.1585 0.17 0.17 0.1845 0.1845 0.1845 0.1945 0.1945 0.209 0.209 0.229 0.229 0.229 0.215 0.215 0.208 0.208 0.1905 0.1905 0.1905 0.197 0.197 0.211 0.211 0.1855 0.1855 0.1855 0.1205
0.251 0.251 0.2275 0.2275 0.2055 0.2055 0.201 0.201 0.201 0.199 0.199 0.2 0.2 0.1925 0.1925 0.1875 0.1875 0.1875 0.202 0.202 0.1695 0.1695 0.17 0.17 0.17 0.1725 0.1725 0.177 0.177 0.1905 0.1905 0.1905 0.1725 0.1725 0.2005 0.2005 0.214 0.214 0.214 0.201 0.201 0.158 0.158 0.1465 0.1465 0.1465 0.131 0.131 0.2275 0.2275 0.1895 0.1895 0.21 0.21 0.21 0.2315 0.2315 0.241 0.241 0.243 0.243 0.243 0.2305 0.2305 0.2475 0.2475 0.206 0.206 0.206 0.181 0.181 0.157 0.157 0.155 0.155 0.155 0.1015
0.251 0.251 0.2275 0.2275 0.2055 0.2055 0.201 0.201 0.201 0.199 0.199 0.2 0.2 0.1925 0.1925 0.1875 0.1875 0.1875 0.202 0.202 0.1695 0.1695 0.17 0.17 0.17 0.1725 0.1725 0.177 0.177 0.1905 0.1905 0.1905 0.1725 0.1725 0.2005 0.2005 0.214 0.214 0.214 0.201 0.201 0.158 0.158 0.1465 0.1465 0.1465 0.131 0.131 0.2275 0.2275 0.1895 0.1895 0.21 0.21 0.21 0.2315 0.2315 0.241 0.241 0.243 0.243 0.243 0.2305 0.2305 0.2475 0.2475 0.206 0.206 0.206 0.181 0.181 0.157 0.157 0.155 0.155 0.155 0.1015
0.2565 0.2565 0.2275 0.2275 0.219 0.219 0.214 0.214 0.214 0.213 0.213 0.194 0.194 0.191 0.191 0.186 0.186 0.186 0.185 0.185 0.1865 0.1865 0.1845 0.1845 0.1845 0.1875 0.1875 0.19 0.19 0.1855 0.1855 0.1855 0.1745 0.1745 0.1755 0.1755 0.185 0.185 0.185 0.1895 0.1895 0.1475 0.1475 0.179 0.179 0.179 0.1565 0.1565 0.1555 0.1555 0.169 0.169 0.1905 0.1905 0.1905 0.2275 0.2275 0.249 0.249 0.27 0.27 0.27 0.2445 0.2445 0.2495 0.2495 0.2205 0.2205 0.2205 0.217 0.217 0.1595 0.1595 0.1635 0.1635 0.1635 0.105
0.2565 0.2565 0.2275 0.2275 0.219 0.219 0.214 0.214 0.214 0.213 0.213 0.194 0.194 0.191 0.191 0.186 0.186 0.186 0.185 0.185 0.1865 0.1865 0.1845 0.1845 0.1845 0.1875 0.1875 0.19 0.19 0.1855 0.1855 0.1855 0.1745 0.1745 0.1755 0.1755 0.185 0.185 0.185 0.1895 0.1895 0.1475 0.1475 0.179 0.179 0.179 0.1565 0.1565 0.1555 0.1555 0.169 0.169 0.1905 0.1905 0.1905 0.2275 0.2275 0.249 0.249 0.27 0.27 0.27 0.2445 0.2445 0.2495 0.2495 0.2205 0.2205 0.2205 0.217 0.217 0.1595 0.1595 0.1635 0.1635 0.1635 0.105
0.2565 0.2565 0.2275 0.2275 0.219 0.219 0.214 0.214 0.214 0.213 0.213 0.194 0.194 0.191 0.191 0.186 0.186 0.186 0.185 0.185 0.1865 0.1865 0.1845 0.1845 0.1845 0.1875 0.1875 0.19 0.19 0.1855 0.1855 0.1855 0.1745 0.1745 0.1755 0.1755 0.185 0.185 0.185 0.1895 0.1895 0.1475 0.1475 0.179 0.179 0.179 0.1565 0.1565 0.1555 0.1555 0.169 0.169 0.1905 0.1905 0.1905 0.2275 0.2275 0.249 0.249 0.27 0.27 0.27 0.2445 0.2445 0.2495 0.2495 0.2205 0.2205 0.2205 0.217 0.217 0.1595 0.1595 0.1635 0.1635 0.1635 0.105
0.2425 0.2425 0.2325 0.2325 0.229 0.229 0.228 0.228 0.228 0.216 0.216 0.205 0.205 0.2185 0.2185 0.2315 0.2315 0.2315 0.191 0.191 0.202 0.202 0.205 0.205 0.205 0.2105 0.2105 0.2235 0.2235 0.207 0.207 0.207 0.23 0.23 0.227 0.227 0.1925 0.1925 0.1925 0.163 0.163 0.1465 0.1465 0.179 0.179 0.179 0.196 0.196 0.122 0.122 0.1535 0.1535 0.1255 0.1255 0.1255 0.162 0.162 0.253 0.253 0.268 0.268 0.268 0.292 0.292 0.267 0.267 0.23 0.23 0.23 0.223 0.223 0.2075 0.2075 0.149 0.149 0.149 0.152
0.2425 0.2425 0.2325 0.2325 0.229 0.229 0.228 0.228 0.228 0.216 0.216 0.205 0.205 0.2185 0.2185 0.2315 0.2315 0.2315 0.191 0.191 0.202 0.202 0.205 0.205 0.205 0.2105 0.2105 0.2235 0.2235 0.207 0.207 0.207 0.23 0.23 0.227 0.227 0.1925 0.1925 0.1925 0.163 0.163 0.1465 0.1465 0.179 0.179 0.179 0.196 0.196 0.122 0.122 0.1535 0.1535 0.1255 0.1255 0.1255 0.162 0.162 0.253 0.253 0.268 0.268 0.268 0.292 0.292 0.267 0.267 0.23 0.23 0.23 0.223 0.223 0.2075 0.2075 0.149 0.149 0.149 0.152
0.2665 0.2665 0.3005 0.3005 0.2645 0.2645 0.2525 0.2525 0.2525 0.295 0.295 0.319 0.319 0.2265 0.2265 0.2025 0.2025 0.2025 0.181 0.181 0.2615 0.2615 0.2495 0.2495 0.2495 0.277 0.277 0.247 0.247 0.2175 0.2175 0.2175 0.238 0.238 0.227 0.227 0.219 0.219 0.219 0.1845 0.1845 0.1715 0.1715 0.1835 0.1835 0.1835 0.179 0.179 0.139 0.139 0.1635 0.1635 0.1525 0.1525 0.1525 0.195 0.195 0.251 0.251 0.255 0.255 0.255 0.264 0.264 0.244 0.244 0.2125 0.2125 0.2125 0.229 0.229 0.197 0.197 0.18 0.18 0.18 0.1465
0.2665 0.2665 0.3005 0.3005 0.2645 0.2645 0.2525 0.2525 0.2525 0.295 0.295 0.319 0.319 0.2265 0.2265 0.2025 0.2025 0.2025 0.181 0.181 0.2615 0.2615 0.2495 0.2495 0.2495 0.277 0.277 0.247 0.247 0.2175 0.2175 0.2175 0.238 0.238 0.227 0.227 0.219 0.219 0.219 0.1845 0.1845 0.1715 0.1715 0.1835 0.1835 0.1835 0.179 0.179 0.139 0.139 0.1635 0.1635 0.1525 0.1525 0.1525 0.195 0.195 0.251 0.251 0.255 0.255 0.255 0.264 0.264 0.244 0.244 0.2125 0.2125 0.2125 0.229 0.229 0.197 0.197 0.18 0.18 0.18 0.1465
0.288 0.288 0.2645 0.2645 0.2925 0.2925 0.306 0.306 0.306 0.249 0.249 0.224 0.224 0.2855 0.2855 0.315 0.315 0.315 0.237 0.237 0.2375 0.2375 0.391 0.391 0.391 0.254 0.254 0.2295 0.2295 0.2135 0.2135 0.2135 0.198 0.198 0.214 0.214 0.221 0.221 0.221 0.2195 0.2195 0.189 0.189 0.1745 0.1745 0.1745 0.157 0.157 0.131 0.131 0.138 0.138 0.207 0.207 0.207 0.21 0.21 0.241 0.241 0.255 0.255 0.255 0.234 0.234 0.228 0.228 0.2385 0.2385 0.2385 0.261 0.261 0.2075 0.2075 0.1835 0.1835 0.1835 0.18
0.288 0.288 0.2645 0.2645 0.2925 0.2925 0.306 0.306 0.306 0.249 0.249 0.224 0.224 0.2855 0.2855 0.315 0.315 0.315 0.237 0.237 0.2375 0.2375 0.391 0.391 0.391 0.254 0.254 0.2295 0.2295 0.2135 0.2135 0.2135 0.198 0.198 0.214 0.214 0.221 0.221 0.221 0.2195 0.2195 0.189 0.189 0.1745 0.1745 0.1745 0.157 0.157 0.131 0.131 0.138 0.138 0.207 0.207 0.207 0.21 0.21 0.241 0.241 0.255 0.255 0.255 0.234 0.234 0.228 0.228 0.2385 0.2385 0.2385 0.261 0.261 0.2075 0.2075 0.1835 0.1835 0.1835 0.18
0.288 0.288 0.2645 0.2645 0.2925 0.2925 0.306 0.306 0.306 0.249 0.249 0.224 0.224 0.2855 0.2855 0.315 0.315 0.315 0.237 0.237 0.2375 0.2375 0.391 0.391 0.391 0.254 0.254 0.2295 0.2295 0.2135 0.2135 0.2135 0.198 0.198 0.214 0.214 0.221 0.221 0.221 0.2195 0.2195 0.189 0.189 0.1745 0.1745 0.1745 0.157 0.157 0.131 0.131 0.138 0.138 0.207 0.207 0.207 0.21 0.21 0.241 0.241 0.255 0.255 0.255 0.234 0.234 0.228 0.228 0.2385 0.2385 0.2385 0.261 0.261 0.2075 0.2075 0.1835 0.1835 0.1835 0.18
0.2465 0.2465 0.301 0.301 0.2545 0.2545 0.2485 0.2485 0.2485 0.2425 0.2425 0.2265 0.2265 0.2525 0.2525 0.305 0.305 0.305 0.2425 0.2425 0.2855 0.2855 0.2665 0.2665 0.2665 0.2735 0.2735 0.2425 0.2425 0.2265 0.2265 0.2265 0.213 0.213 0.2065 0.2065 0.215 0.215 0.215 0.214 0.214 0.1985 0.1985 0.188 0.188 0.188 0.1445 0.1445 0.192 0.192 0.1985 0.1985 0.2045 0.2045 0.2045 0.22 0.22 0.217 0.217 0.238 0.238 0.238 0.2355 0.2355 0.238 0.238 0.282 0.282 0.282 0.2615 0.2615 0.214 0.214 0.175 0.175 0.175 0.161
0.2465 0.2465 0.301 0.301 0.2545 0.2545 0.2485 0.2485 0.2485 0.2425 0.2425 0.2265 0.2265 0.2525 0.2525 0.305 0.305 0.305 0.2425 0.2425 0.2855 0.2855 0.2665 0.2665 0.2665 0.2735 0.2735 0.2425 0.2425 0.2265 0.2265 0.2265 0.213 0.213 0.2065 0.2065 0.215 0.215 0.215 0.214 0.214 0.1985 0.1985 0.188 0.188 0.188 0.1445 0.1445 0.192 0.192 0.1985 0.1985 0.2045 0.2045 0.2045 0.22 0.22 0.217 0.217 0.238 0.238 0.238 0.2355 0.2355 0.238 0.238 0.282 0.282 0.282 0.2615 0.2615 0.214 0.214 0.175 0.175 0.175 0.161
0.241 0.241 0.24 0.24 0.219 0.219 0.232 0.232 0.232 0.22 0.22 0.2235 0.2235 0.2255 0.2255 0.2205 0.2205 0.2205 0.225 0.225 0.2835 0.2835 0.3115 0.3115 0.3115 0.353 0.353 0.3005 0.3005 0.2415 0.2415 0.2415 0.19 0.19 0.211 0.211 0.214 0.214 0.214 0.2275 0.2275 0.223 0.223 0.2185 0.2185 0.2185 0.175 0.175 0.2025 0.2025 0.2 0.2 0.23 0.23 0.23 0.2295 0.2295 0.213 0.213 0.2275 0.2275 0.2275 0.262 0.262 0.2645 0.2645 0.2485 0.2485 0.2485 0.267 0.267 0.2365 0.2365 0.2095 0.2095 0.2095 0.167
