ndvi/NOAA-125.asc
ncols         252
nrows         154
xllcorner     -18.017974
yllcorner     13.481982
cellsize      0.035948
NODATA_value  -9999
[rows 102 to 135 of 154, columns 77 to 153 of 252]
0.225 0.225 0.2295 0.2295 0.262 0.262 0.267 0.267 0.267 0.2535 0.2535 0.2395 0.2395 0.2425 0.2425 0.241 0.241 0.241 0.255 0.255 0.241 0.241 0.249 0.249 0.249 0.2505 0.2505 0.248 0.248 0.2505 0.2505 0.2505 0.265 0.265 0.2795 0.2795 0.2525 0.2525 0.2525 0.2535 0.2535 0.2545 0.2545 0.2575 0.2575 0.2575 0.257 0.257 0.2575 0.2575 0.2625 0.2625 0.258 0.258 0.258 0.274 0.274 0.2605 0.2605 0.2445 0.2445 0.2445 0.271 0.271 0.2395 0.2395 0.2675 0.2675 0.2675 0.27 0.27 0.2645 0.2645 0.2515 0.2515 0.2515 0.2355
0.2555 0.2555 0.2545 0.2545 0.258 0.258 0.2545 0.2545 0.2545 0.25 0.25 0.2385 0.2385 0.224 0.224 0.219 0.219 0.219 0.215 0.215 0.225 0.225 0.2365 0.2365 0.2365 0.2605 0.2605 0.2475 0.2475 0.2515 0.2515 0.2515 0.2635 0.2635 0.2665 0.2665 0.2625 0.2625 0.2625 0.2625 0.2625 0.257 0.257 0.263 0.263 0.263 0.2685 0.2685 0.2695 0.2695 0.2675 0.2675 0.267 0.267 0.267 0.249 0.249 0.268 0.268 0.2495 0.2495 0.2495 0.258 0.258 0.2835 0.2835 0.255 0.255 0.255 0.2505 0.2505 0.243 0.243 0.2535 0.2535 0.2535 0.242
0.2555 0.2555 0.2545 0.2545 0.258 0.258 0.2545 0.2545 0.2545 0.25 0.25 0.2385 0.2385 0.224 0.224 0.219 0.219 0.219 0.215 0.215 0.225 0.225 0.2365 0.2365 0.2365 0.2605 0.2605 0.2475 0.2475 0.2515 0.2515 0.2515 0.2635 0.2635 0.2665 0.2665 0.2625 0.2625 0.2625 0.2625 0.2625 0.257 0.257 0.263 0.263 0.263 0.2685 0.2685 0.2695 0.2695 0.2675 0.2675 0.267 0.267 0.267 0.249 0.249 0.268 0.268 0.2495 0.2495 0.2495 0.258 0.258 0.2835 0.2835 0.255 0.255 0.255 0.2505 0.2505 0.243 0.243 0.2535 0.2535 0.2535 0.242
0.2555 0.2555 0.2545 0.2545 0.258 0.258 0.2545 0.2545 0.2545 0.25 0.25 0.2385 0.2385 0.224 0.224 0.219 0.219 0.219 0.215 0.215 0.225 0.225 0.2365 0.2365 0.2365 0.2605 0.2605 0.2475 0.2475 0.2515 0.2515 0.2515 0.2635 0.2635 0.2665 0.2665 0.2625 0.2625 0.2625 0.2625 0.2625 0.257 0.257 0.263 0.263 0.263 0.2685 0.2685 0.2695 0.2695 0.2675 0.2675 0.267 0.267 0.267 0.249 0.249 0.268 0.268 0.2495 0.2495 0.2495 0.258 0.258 0.2835 0.2835 0.255 0.255 0.255 0.2505 0.2505 0.243 0.243 0.2535 0.2535 0.2535 0.242
0.252 0.252 0.2525 0.2525 0.257 0.257 0.246 0.246 0.246 0.2215 0.2215 0.233 0.233 0.2295 0.2295 0.2235 0.2235 0.2235 0.2105 0.2105 0.2215 0.2215 0.238 0.238 0.238 0.259 0.259 0.242 0.242 0.231 0.231 0.231 0.2615 0.2615 0.2665 0.2665 0.27 0.27 0.27 0.249 0.249 0.2505 0.2505 0.268 0.268 0.268 0.263 0.263 0.272 0.272 0.2585 0.2585 0.2495 0.2495 0.2495 0.2485 0.2485 0.256 0.256 0.238 0.238 0.238 0.2465 0.2465 0.27 0.27 0.269 0.269 0.269 0.244 0.244 0.241 0.241 0.2425 0.2425 0.2425 0.248
0.252 0.252 0.2525 0.2525 0.257 0.257 0.246 0.246 0.246 0.2215 0.2215 0.233 0.233 0.2295 0.2295 0.2235 0.2235 0.2235 0.2105 0.2105 0.2215 0.2215 0.238 0.238 0.238 0.259 0.259 0.242 0.242 0.231 0.231 0.231 0.2615 0.2615 0.2665 0.2665 0.27 0.27 0.27 0.249 0.249 0.2505 0.2505 0.268 0.268 0.268 0.263 0.263 0.272 0.272 0.2585 0.2585 0.2495 0.2495 0.2495 0.2485 0.2485 0.256 0.256 0.238 0.238 0.238 0.2465 0.2465 0.27 0.27 0.269 0.269 0.269 0.244 0.244 0.241 0.241 0.2425 0.2425 0.2425 0.248
0.2615 0.2615 0.25 0.25 0.258 0.258 0.239 0.239 0.239 0.248 0.248 0.2345 0.2345 0.2535 0.2535 0.233 0.233 0.233 0.2425 0.2425 0.2585 0.2585 0.259 0.259 0.259 0.2665 0.2665 0.2435 0.2435 0.2415 0.2415 0.2415 0.261 0.261 0.263 0.263 0.2555 0.2555 0.2555 0.249 0.249 0.241 0.241 0.237 0.237 0.237 0.231 0.231 0.261 0.261 0.263 0.263 0.2655 0.2655 0.2655 0.2465 0.2465 0.252 0.252 0.248 0.248 0.248 0.2535 0.2535 0.2725 0.2725 0.2875 0.2875 0.2875 0.265 0.265 0.227 0.227 0.2265 0.2265 0.2265 0.229
0.2615 0.2615 0.25 0.25 0.258 0.258 0.239 0.239 0.239 0.248 0.248 0.2345 0.2345 0.2535 0.2535 0.233 0.233 0.233 0.2425 0.2425 0.2585 0.2585 0.259 0.259 0.259 0.2665 0.2665 0.2435 0.2435 0.2415 0.2415 0.2415 0.261 0.261 0.263 0.263 0.2555 0.2555 0.2555 0.249 0.249 0.241 0.241 0.237 0.237 0.237 0.231 0.231 0.261 0.261 0.263 0.263 0.2655 0.2655 0.2655 0.2465 0.2465 0.252 0.252 0.248 0.248 0.248 0.2535 0.2535 0.2725 0.2725 0.2875 0.2875 0.2875 0.265 0.265 0.227 0.227 0.2265 0.2265 0.2265 0.229
0.26 0.26 0.2565 0.2565 0.254 0.254 0.2385 0.2385 0.2385 0.2345 0.2345 0.241 0.241 0.262 0.262 0.28 0.28 0.28 0.2645 0.2645 0.25 0.25 0.256 0.256 0.256 0.248 0.248 0.249 0.249 0.2655 0.2655 0.2655 0.275 0.275 0.2555 0.2555 0.2655 0.2655 0.2655 0.233 0.233 0.2355 0.2355 0.221 0.221 0.221 0.237 0.237 0.2425 0.2425 0.254 0.254 0.266 0.266 0.266 0.258 0.258 0.2575 0.2575 0.2535 0.2535 0.2535 0.259 0.259 0.257 0.257 0.2775 0.2775 0.2775 0.295 0.295 0.284 0.284 0.2655 0.2655 0.2655 0.2285
0.26 0.26 0.2565 0.2565 0.254 0.254 0.2385 0.2385 0.2385 0.2345 0.2345 0.241 0.241 0.262 0.262 0.28 0.28 0.28 0.2645 0.2645 0.25 0.25 0.256 0.256 0.256 0.248 0.248 0.249 0.249 0.2655 0.2655 0.2655 0.275 0.275 0.2555 0.2555 0.2655 0.2655 0.2655 0.233 0.233 0.2355 0.2355 0.221 0.221 0.221 0.237 0.237 0.2425 0.2425 0.254 0.254 0.266 0.266 0.266 0.258 0.258 0.2575 0.2575 0.2535 0.2535 0.2535 0.259 0.259 0.257 0.257 0.2775 0.2775 0.2775 0.295 0.295 0.284 0.284 0.2655 0.2655 0.2655 0.2285
0.26 0.26 0.2565 0.2565 0.254 0.254 0.2385 0.2385 0.2385 0.2345 0.2345 0.241 0.241 0.262 0.262 0.28 0.28 0.28 0.2645 0.2645 0.25 0.25 0.256 0.256 0.256 0.248 0.248 0.249 0.249 0.2655 0.2655 0.2655 0.275 0.275 0.2555 0.2555 0.2655 0.2655 0.2655 0.233 0.233 0.2355 0.2355 0.221 0.221 0.221 0.237 0.237 0.2425 0.2425 0.254 0.254 0.266 0.266 0.266 0.258 0.258 0.2575 0.2575 0.2535 0.2535 0.2535 0.259 0.259 0.257 0.257 0.2775 0.2775 0.2775 0.295 0.295 0.284 0.284 0.2655 0.2655 0.2655 0.2285
0.2645 0.2645 0.255 0.255 0.2535 0.2535 0.2655 0.2655 0.2655 0.2615 0.2615 0.248 0.248 0.2505 0.2505 0.266 0.266 0.266 0.2665 0.2665 0.2785 0.2785 0.267 0.267 0.267 0.26 0.26 0.272 0.272 0.2585 0.2585 0.2585 0.269 0.269 0.266 0.266 0.256 0.256 0.256 0.2615 0.2615 0.2615 0.2615 0.2605 0.2605 0.2605 0.27 0.27 0.2675 0.2675 0.2595 0.2595 0.266 0.266 0.266 0.2625 0.2625 0.26 0.26 0.2765 0.2765 0.2765 0.2625 0.2625 0.25 0.25 0.268 0.268 0.268 0.2655 0.2655 0.258 0.258 0.2715 0.2715 0.2715 0.2325
0.2645 0.2645 0.255 0.255 0.2535 0.2535 0.2655 0.2655 0.2655 0.2615 0.2615 0.248 0.248 0.2505 0.2505 0.266 0.266 0.266 0.2665 0.2665 0.2785 0.2785 0.267 0.267 0.267 0.26 0.26 0.272 0.272 0.2585 0.2585 0.2585 0.269 0.269 0.266 0.266 0.256 0.256 0.256 0.2615 0.2615 0.2615 0.2615 0.2605 0.2605 0.2605 0.27 0.27 0.2675 0.2675 0.2595 0.2595 0.266 0.266 0.266 0.2625 0.2625 0.26 0.26 0.2765 0.2765 0.2765 0.2625 0.2625 0.25 0.25 0.268 0.268 0.268 0.2655 0.2655 0.258 0.258 0.2715 0.2715 0.2715 0.2325
0.2645 0.2645 0.2615 0.2615 0.2465 0.2465 0.241 0.241 0.241 0.245 0.245 0.248 0.248 0.2655 0.2655 0.279 0.279 0.279 0.2845 0.2845 0.267 0.267 0.262 0.262 0.262 0.264 0.264 0.2695 0.2695 0.2535 0.2535 0.2535 0.2675 0.2675 0.2735 0.2735 0.262 0.262 0.262 0.259 0.259 0.2665 0.2665 0.26 0.26 0.26 0.26 0.26 0.2605 0.2605 0.252 0.252 0.2715 0.2715 0.2715 0.253 0.253 0.261 0.261 0.2595 0.2595 0.2595 0.2525 0.2525 0.251 0.251 0.2635 0.2635 0.2635 0.2625 0.2625 0.264 0.264 0.269 0.269 0.269 0.2305
0.2645 0.2645 0.2615 0.2615 0.2465 0.2465 0.241 0.241 0.241 0.245 0.245 0.248 0.248 0.2655 0.2655 0.279 0.279 0.279 0.2845 0.2845 0.267 0.267 0.262 0.262 0.262 0.264 0.264 0.2695 0.2695 0.2535 0.2535 0.2535 0.2675 0.2675 0.2735 0.2735 0.262 0.262 0.262 0.259 0.259 0.2665 0.2665 0.26 0.26 0.26 0.26 0.26 0.2605 0.2605 0.252 0.252 0.2715 0.2715 0.2715 0.253 0.253 0.261 0.261 0.2595 0.2595 0.2595 0.2525 0.2525 0.251 0.251 0.2635 0.2635 0.2635 0.2625 0.2625 0.264 0.264 0.269 0.269 0.269 0.2305
0.2355 0.2355 0.2215 0.2215 0.2225 0.2225 0.2215 0.2215 0.2215 0.249 0.249 0.2565 0.2565 0.27 0.27 0.28 0.28 0.28 0.29 0.29 0.285 0.285 0.272 0.272 0.272 0.279 0.279 0.2735 0.2735 0.2565 0.2565 0.2565 0.251 0.251 0.275 0.275 0.264 0.264 0.264 0.254 0.254 0.249 0.249 0.258 0.258 0.258 0.2665 0.2665 0.274 0.274 0.273 0.273 0.264 0.264 0.264 0.243 0.243 0.2475 0.2475 0.268 0.268 0.268 0.2555 0.2555 0.247 0.247 0.2475 0.2475 0.2475 0.271 0.271 0.2725 0.2725 0.2795 0.2795 0.2795 0.256
0.2355 0.2355 0.2215 0.2215 0.2225 0.2225 0.2215 0.2215 0.2215 0.249 0.249 0.2565 0.2565 0.27 0.27 0.28 0.28 0.28 0.29 0.29 0.285 0.285 0.272 0.272 0.272 0.279 0.279 0.2735 0.2735 0.2565 0.2565 0.2565 0.251 0.251 0.275 0.275 0.264 0.264 0.264 0.254 0.254 0.249 0.249 0.258 0.258 0.258 0.2665 0.2665 0.274 0.274 0.273 0.273 0.264 0.264 0.264 0.243 0.243 0.2475 0.2475 0.268 0.268 0.268 0.2555 0.2555 0.247 0.247 0.2475 0.2475 0.2475 0.271 0.271 0.2725 0.2725 0.2795 0.2795 0.2795 0.256
0.2355 0.2355 0.2215 0.2215 0.2225 0.2225 0.2215 0.2215 0.2215 0.249 0.249 0.2565 0.2565 0.27 0.27 0.28 0.28 0.28 0.29 0.29 0.285 0.285 0.272 0.272 0.272 0.279 0.279 0.2735 0.2735 0.2565 0.2565 0.2565 0.251 0.251 0.275 0.275 0.264 0.264 0.264 0.254 0.254 0.249 0.249 0.258 0.258 0.258 0.2665 0.2665 0.274 0.274 0.273 0.273 0.264 0.264 0.264 0.243 0.243 0.2475 0.2475 0.268 0.268 0.268 0.2555 0.2555 0.247 0.247 0.2475 0.2475 0.2475 0.271 0.271 0.2725 0.2725 0.2795 0.2795 0.2795 0.256
0.2235 0.2235 0.2005 0.2005 0.2145 0.2145 0.2255 0.2255 0.2255 0.2315 0.2315 0.2515 0.2515 0.261 0.261 0.263 0.263 0.263 0.2905 0.2905 0.2875 0.2875 0.2705 0.2705 0.2705 0.2675 0.2675 0.2655 0.2655 0.267 0.267 0.267 0.263 0.263 0.288 0.288 0.2715 0.2715 0.2715 0.2775 0.2775 0.274 0.274 0.2845 0.2845 0.2845 0.2805 0.2805 0.285 0.285 0.27 0.27 0.2965 0.2965 0.2965 0.2675 0.2675 0.2615 0.2615 0.2625 0.2625 0.2625 0.2495 0.2495 0.2605 0.2605 0.256 0.256 0.256 0.265 0.265 0.2615 0.2615 0.2675 0.2675 0.2675 0.265
0.2235 0.2235 0.2005 0.2005 0.2145 0.2145 0.2255 0.2255 0.2255 0.2315 0.2315 0.2515 0.2515 0.261 0.261 0.263 0.263 0.263 0.2905 0.2905 0.2875 0.2875 0.2705 0.2705 0.2705 0.2675 0.2675 0.2655 0.2655 0.267 0.267 0.267 0.263 0.263 0.288 0.288 0.2715 0.2715 0.2715 0.2775 0.2775 0.274 0.274 0.2845 0.2845 0.2845 0.2805 0.2805 0.285 0.285 0.27 0.27 0.2965 0.2965 0.2965 0.2675 0.2675 0.2615 0.2615 0.2625 0.2625 0.2625 0.2495 0.2495 0.2605 0.2605 0.256 0.256 0.256 0.265 0.265 0.2615 0.2615 0.2675 0.2675 0.2675 0.265
0.2105 0.2105 0.2265 0.2265 0.207 0.207 0.2635 0.2635 0.2635 0.2525 0.2525 0.265 0.265 0.266 0.266 0.2625 0.2625 0.2625 0.2715 0.2715 0.261 0.261 0.263 0.263 0.263 0.264 0.264 0.272 0.272 0.2625 0.2625 0.2625 0.2775 0.2775 0.281 0.281 0.2925 0.2925 0.2925 0.304 0.304 0.3045 0.3045 0.2755 0.2755 0.2755 0.2635 0.2635 0.284 0.284 0.2955 0.2955 0.3005 0.3005 0.3005 0.293 0.293 0.27 0.27 0.275 0.275 0.275 0.2775 0.2775 0.261 0.261 0.2715 0.2715 0.2715 0.2675 0.2675 0.2715 0.2715 0.2755 0.2755 0.2755 0.27
0.2105 0.2105 0.2265 0.2265 0.207 0.207 0.2635 0.2635 0.2635 0.2525 0.2525 0.265 0.265 0.266 0.266 0.2625 0.2625 0.2625 0.2715 0.2715 0.261 0.261 0.263 0.263 0.263 0.264 0.264 0.272 0.272 0.2625 0.2625 0.2625 0.2775 0.2775 0.281 0.281 0.2925 0.2925 0.2925 0.304 0.304 0.3045 0.3045 0.2755 0.2755 0.2755 0.2635 0.2635 0.284 0.284 0.2955 0.2955 0.3005 0.3005 0.3005 0.293 0.293 0.27 0.27 0.275 0.275 0.275 0.2775 0.2775 0.261 0.261 0.2715 0.2715 0.2715 0.2675 0.2675 0.2715 0.2715 0.2755 0.2755 0.2755 0.27
0.246 0.246 0.2205 0.2205 0.2195 0.2195 0.2555 0.2555 0.2555 0.2465 0.2465 0.248 0.248 0.2645 0.2645 0.247 0.247 0.247 0.2655 0.2655 0.268 0.268 0.2755 0.2755 0.2755 0.274 0.274 0.278 0.278 0.2965 0.2965 0.2965 0.3 0.3 0.2965 0.2965 0.306 0.306 0.306 0.295 0.295 0.29 0.29 0.286 0.286 0.286 0.2615 0.2615 0.286 0.286 0.2985 0.2985 0.298 0.298 0.298 0.303 0.303 0.2895 0.2895 0.266 0.266 0.266 0.2635 0.2635 0.2655 0.2655 0.2805 0.2805 0.2805 0.2775 0.2775 0.2875 0.2875 0.282 0.282 0.282 0.2735
0.246 0.246 0.2205 0.2205 0.2195 0.2195 0.2555 0.2555 0.2555 0.2465 0.2465 0.248 0.248 0.2645 0.2645 0.247 0.247 0.247 0.2655 0.2655 0.268 0.268 0.2755 0.2755 0.2755 0.274 0.274 0.278 0.278 0.2965 0.2965 0.2965 0.3 0.3 0.2965 0.2965 0.306 0.306 0.306 0.295 0.295 0.29 0.29 0.286 0.286 0.286 0.2615 0.2615 0.286 0.286 0.2985 0.2985 0.298 0.298 0.298 0.303 0.303 0.2895 0.2895 0.266 0.266 0.266 0.2635 0.2635 0.2655 0.2655 0.2805 0.2805 0.2805 0.2775 0.2775 0.2875 0.2875 0.282 0.282 0.282 0.2735
0.267 0.267 0.229 0.229 0.253 0.253 0.2595 0.2595 0.2595 0.2685 0.2685 0.259 0.259 0.2625 0.2625 0.259 0.259 0.259 0.2795 0.2795 0.2875 0.2875 0.2775 0.2775 0.2775 0.283 0.283 0.291 0.291 0.2975 0.2975 0.2975 0.3025 0.3025 0.2965 0.2965 0.291 0.291 0.291 0.308 0.308 0.2915 0.2915 0.2825 0.2825 0.2825 0.288 0.288 0.2895 0.2895 0.2865 0.2865 0.305 0.305 0.305 0.2885 0.2885 0.294 0.294 0.2815 0.2815 0.2815 0.271 0.271 0.2925 0.2925 0.2985 0.2985 0.2985 0.2885 0.2885 0.287 0.287 0.2995 0.2995 0.2995 0.287
0.267 0.267 0.229 0.229 0.253 0.253 0.2595 0.2595 0.2595 0.2685 0.2685 0.259 0.259 0.2625 0.2625 0.259 0.259 0.259 0.2795 0.2795 0.2875 0.2875 0.2775 0.2775 0.2775 0.283 0.283 0.291 0.291 0.2975 0.2975 0.2975 0.3025 0.3025 0.2965 0.2965 0.291 0.291 0.291 0.308 0.308 0.2915 0.2915 0.2825 0.2825 0.2825 0.288 0.288 0.2895 0.2895 0.2865 0.2865 0.305 0.305 0.305 0.2885 0.2885 0.294 0.294 0.2815 0.2815 0.2815 0.271 0.271 0.2925 0.2925 0.2985 0.2985 0.2985 0.2885 0.2885 0.287 0.287 0.2995 0.2995 0.2995 0.287
0.267 0.267 0.229 0.229 0.253 0.253 0.2595 0.2595 0.2595 0.2685 0.2685 0.259 0.259 0.2625 0.2625 0.259 0.259 0.259 0.2795 0.2795 0.2875 0.2875 0.2775 0.2775 0.2775 0.283 0.283 0.291 0.291 0.2975 0.2975 0.2975 0.3025 0.3025 0.2965 0.2965 0.291 0.291 0.291 0.308 0.308 0.2915 0.2915 0.2825 0.2825 0.2825 0.288 0.288 0.2895 0.2895 0.2865 0.2865 0.305 0.305 0.305 0.2885 0.2885 0.294 0.294 0.2815 0.2815 0.2815 0.271 0.271 0.2925 0.2925 0.2985 0.2985 0.2985 0.2885 0.2885 0.287 0.287 0.2995 0.2995 0.2995 0.287
0.2685 0.2685 0.2555 0.2555 0.272 0.272 0.271 0.271 0.271 0.281 0.281 0.2665 0.2665 0.259 0.259 0.2695 0.2695 0.2695 0.2755 0.2755 0.2785 0.2785 0.2815 0.2815 0.2815 0.2775 0.2775 0.272 0.272 0.293 0.293 0.293 0.2965 0.2965 0.311 0.311 0.3155 0.3155 0.3155 0.3155 0.3155 0.3025 0.3025 0.3055 0.3055 0.3055 0.288 0.288 0.288 0.288 0.2895 0.2895 0.284 0.284 0.284 0.278 0.278 0.2855 0.2855 0.285 0.285 0.285 0.2805 0.2805 0.2975 0.2975 0.299 0.299 0.299 0.3065 0.3065 0.3145 0.3145 0.3005 0.3005 0.3005 0.2925
0.2685 0.2685 0.2555 0.2555 0.272 0.272 0.271 0.271 0.271 0.281 0.281 0.2665 0.2665 0.259 0.259 0.2695 0.2695 0.2695 0.2755 0.2755 0.2785 0.2785 0.2815 0.2815 0.2815 0.2775 0.2775 0.272 0.272 0.293 0.293 0.293 0.2965 0.2965 0.311 0.311 0.3155 0.3155 0.3155 0.3155 0.3155 0.3025 0.3025 0.3055 0.3055 0.3055 0.288 0.288 0.288 0.288 0.2895 0.2895 0.284 0.284 0.284 0.278 0.278 0.2855 0.2855 0.285 0.285 0.285 0.2805 0.2805 0.2975 0.2975 0.299 0.299 0.299 0.3065 0.3065 0.3145 0.3145 0.3005 0.3005 0.3005 0.2925
0.252 0.252 0.2695 0.2695 0.262 0.262 0.267 0.267 0.267 0.276 0.276 0.2795 0.2795 0.281 0.281 0.282 0.282 0.282 0.2915 0.2915 0.2895 0.2895 0.285 0.285 0.285 0.2895 0.2895 0.282 0.282 0.283 0.283 0.283 0.307 0.307 0.318 0.318 0.325 0.325 0.325 0.322 0.322 0.329 0.329 0.308 0.308 0.308 0.2865 0.2865 0.317 0.317 0.309 0.309 0.3015 0.3015 0.3015 0.309 0.309 0.308 0.308 0.3025 0.3025 0.3025 0.294 0.294 0.3015 0.3015 0.311 0.311 0.311 0.298 0.298 0.2995 0.2995 0.3125 0.3125 0.3125 0.311
0.252 0.252 0.2695 0.2695 0.262 0.262 0.267 0.267 0.267 0.276 0.276 0.2795 0.2795 0.281 0.281 0.282 0.282 0.282 0.2915 0.2915 0.2895 0.2895 0.285 0.285 0.285 0.2895 0.2895 0.282 0.282 0.283 0.283 0.283 0.307 0.307 0.318 0.318 0.325 0.325 0.325 0.322 0.322 0.329 0.329 0.308 0.308 0.308 0.2865 0.2865 0.317 0.317 0.309 0.309 0.3015 0.3015 0.3015 0.309 0.309 0.308 0.308 0.3025 0.3025 0.3025 0.294 0.294 0.3015 0.3015 0.311 0.311 0.311 0.298 0.298 0.2995 0.2995 0.3125 0.3125 0.3125 0.311
0.252 0.252 0.2585 0.2585 0.2725 0.2725 0.278 0.278 0.278 0.276 0.276 0.2745 0.2745 0.2805 0.2805 0.269 0.269 0.269 0.285 0.285 0.2835 0.2835 0.2915 0.2915 0.2915 0.3025 0.3025 0.2895 0.2895 0.293 0.293 0.293 0.3135 0.3135 0.328 0.328 0.3305 0.3305 0.3305 0.339 0.339 0.3305 0.3305 0.3245 0.3245 0.3245 0.334 0.334 0.312 0.312 0.314 0.314 0.305 0.305 0.305 0.294 0.294 0.3135 0.3135 0.308 0.308 0.308 0.307 0.307 0.306 0.306 0.3305 0.3305 0.3305 0.3195 0.3195 0.319 0.319 0.305 0.305 0.305 0.311
0.252 0.252 0.2585 0.2585 0.2725 0.2725 0.278 0.278 0.278 0.276 0.276 0.2745 0.2745 0.2805 0.2805 0.269 0.269 0.269 0.285 0.285 0.2835 0.2835 0.2915 0.2915 0.2915 0.3025 0.3025 0.2895 0.2895 0.293 0.293 0.293 0.3135 0.3135 0.328 0.328 0.3305 0.3305 0.3305 0.339 0.339 0.3305 0.3305 0.3245 0.3245 0.3245 0.334 0.334 0.312 0.312 0.314 0.314 0.305 0.305 0.305 0.294 0.294 0.3135 0.3135 0.308 0.308 0.308 0.307 0.307 0.306 0.306 0.3305 0.3305 0.3305 0.3195 0.3195 0.319 0.319 0.305 0.305 0.305 0.311
0.252 0.252 0.2585 0.2585 0.2725 0.2725 0.278 0.278 0.278 0.276 0.276 0.2745 0.2745 0.2805 0.2805 0.269 0.269 0.269 0.285 0.285 0.2835 0.2835 0.2915 0.2915 0.2915 0.3025 0.3025 0.2895 0.2895 0.293 0.293 0.293 0.3135 0.3135 0.328 0.328 0.3305 0.3305 0.3305 0.339 0.339 0.3305 0.3305 0.3245 0.3245 0.3245 0.334 0.334 0.312 0.312 0.314 0.314 0.305 0.305 0.305 0.294 0.294 0.3135 0.3135 0.308 0.308 0.308 0.307 0.307 0.306 0.306 0.3305 0.3305 0.3305 0.3195 0.3195 0.319 0.319 0.305 0.305 0.305 0.311
