ndvi/NOAA-85.asc
ncols         252
nrows         154
xllcorner     -18.017974
yllcorner     13.481982
cellsize      0.035948
NODATA_value  -9999
[rows 68 to 101 of 154, columns 0 to 76 of 252]
-1 -1 -1 -1 -1 -1 -1 -1 -1 -1 -1 -1 -1 -1 -1 -1 -1 -1 -1 -1 -1 -1 -1 -1 -1 -1 -1 -1 -1 -1 -1 -1 -1 -1 -1 -1 -1 -1 -1 0.224 0.224 0.224 0.231 0.231 0.3645 0.3645 0.3425 0.3425 0.3425 0.3295 0.3295 0.325 0.325 0.288 0.288 0.278 0.278 0.278 0.4095 0.4095 0.3605 0.3605 0.3605 0.3605 0.3605 0.3155 0.3155 0.307 0.307 0.23 0.23 0.23 0.217 0.217 0.209 0.209 0.2175
-1 -1 -1 -1 -1 -1 -1 -1 -1 -1 -1 -1 -1 -1 -1 -1 -1 -1 -1 -1 -1 -1 -1 -1 -1 -1 -1 -1 -1 -1 -1 -1 -1 -1 -1 -1 -1 -1 -1 0.275 0.275 0.275 0.2825 0.2825 0.405 0.405 0.365 0.365 0.365 0.32 0.32 0.294 0.294 0.273 0.273 0.203 0.203 0.203 0.376 0.376 0.389 0.389 0.389 0.389 0.389 0.3065 0.3065 0.2635 0.2635 0.229 0.229 0.229 0.228 0.228 0.2265 0.2265 0.2265
-1 -1 -1 -1 -1 -1 -1 -1 -1 -1 -1 -1 -1 -1 -1 -1 -1 -1 -1 -1 -1 -1 -1 -1 -1 -1 -1 -1 -1 -1 -1 -1 -1 -1 -1 -1 -1 -1 -1 0.275 0.275 0.275 0.2825 0.2825 0.405 0.405 0.365 0.365 0.365 0.32 0.32 0.294 0.294 0.273 0.273 0.203 0.203 0.203 0.376 0.376 0.389 0.389 0.389 0.389 0.389 0.3065 0.3065 0.2635 0.2635 0.229 0.229 0.229 0.228 0.228 0.2265 0.2265 0.2265
-1 -1 -1 -1 -1 -1 -1 -1 -1 -1 -1 -1 -1 -1 -1 -1 -1 -1 -1 -1 -1 -1 -1 -1 -1 -1 -1 -1 -1 -1 -1 -1 -1 -1 -1 -1 -1 0.0857 0.0857 0.177 0.177 0.177 0.3295 0.3295 0.3215 0.3215 0.288 0.288 0.288 0.2615 0.2615 0.2375 0.2375 0.2485 0.2485 0.208 0.208 0.208 0.225 0.225 0.306 0.306 0.306 0.306 0.306 0.252 0.252 0.244 0.244 0.2475 0.2475 0.2475 0.2305 0.2305 0.2375 0.2375 0.234
-1 -1 -1 -1 -1 -1 -1 -1 -1 -1 -1 -1 -1 -1 -1 -1 -1 -1 -1 -1 -1 -1 -1 -1 -1 -1 -1 -1 -1 -1 -1 -1 -1 -1 -1 -1 -1 0.0857 0.0857 0.177 0.177 0.177 0.3295 0.3295 0.3215 0.3215 0.288 0.288 0.288 0.2615 0.2615 0.2375 0.2375 0.2485 0.2485 0.208 0.208 0.208 0.225 0.225 0.306 0.306 0.306 0.306 0.306 0.252 0.252 0.244 0.244 0.2475 0.2475 0.2475 0.2305 0.2305 0.2375 0.2375 0.234
-1 -1 -1 -1 -1 -1 -1 -1 -1 -1 -1 -1 -1 -1 -1 -1 -1 -1 -1 -1 -1 -1 -1 -1 -1 -1 -1 -1 -1 -1 -1 -1 -1 -1 -1 -1 -1 0.0857 0.0857 0.177 0.177 0.177 0.3295 0.3295 0.3215 0.3215 0.288 0.288 0.288 0.2615 0.2615 0.2375 0.2375 0.2485 0.2485 0.208 0.208 0.208 0.225 0.225 0.306 0.306 0.306 0.306 0.306 0.252 0.252 0.244 0.244 0.2475 0.2475 0.2475 0.2305 0.2305 0.2375 0.2375 0.234
-1 -1 -1 -1 -1 -1 -1 -1 -1 -1 -1 -1 -1 -1 -1 -1 -1 -1 -1 -1 -1 -1 -1 -1 -1 -1 -1 -1 -1 -1 -1 -1 -1 -1 -1 -1 -1 0.0366 0.0366 0.19 0.19 0.19 0.299 0.299 0.3195 0.3195 0.254 0.254 0.254 0.2495 0.2495 0.2595 0.2595 0.2095 0.2095 0.2225 0.2225 0.2225 0.216 0.216 0.2735 0.2735 0.2735 0.2735 0.2735 0.261 0.261 0.249 0.249 0.255 0.255 0.255 0.2435 0.2435 0.2405 0.2405 0.2415
-1 -1 -1 -1 -1 -1 -1 -1 -1 -1 -1 -1 -1 -1 -1 -1 -1 -1 -1 -1 -1 -1 -1 -1 -1 -1 -1 -1 -1 -1 -1 -1 -1 -1 -1 -1 -1 0.0366 0.0366 0.19 0.19 0.19 0.299 0.299 0.3195 0.3195 0.254 0.254 0.254 0.2495 0.2495 0.2595 0.2595 0.2095 0.2095 0.2225 0.2225 0.2225 0.216 0.216 0.2735 0.2735 0.2735 0.2735 0.2735 0.261 0.261 0.249 0.249 0.255 0.255 0.255 0.2435 0.2435 0.2405 0.2405 0.2415
-1 -1 -1 -1 -1 -1 -1 -1 -1 -1 -1 -1 -1 -1 -1 -1 -1 -1 -1 -1 -1 -1 -1 -1 -1 -1 -1 -1 -1 -1 -1 -1 -1 -1 -1 -1 -1 0.0077 0.0077 0.1885 0.1885 0.1885 0.2925 0.2925 0.293 0.293 0.279 0.279 0.279 0.271 0.271 0.2605 0.2605 0.2465 0.2465 0.2395 0.2395 0.2395 0.244 0.244 0.2445 0.2445 0.2445 0.2445 0.2445 0.255 0.255 0.2465 0.2465 0.251 0.251 0.251 0.2275 0.2275 0.229 0.229 0.2365
-1 -1 -1 -1 -1 -1 -1 -1 -1 -1 -1 -1 -1 -1 -1 -1 -1 -1 -1 -1 -1 -1 -1 -1 -1 -1 -1 -1 -1 -1 -1 -1 -1 -1 -1 -1 -1 0.0077 0.0077 0.1885 0.1885 0.1885 0.2925 0.2925 0.293 0.293 0.279 0.279 0.279 0.271 0.271 0.2605 0.2605 0.2465 0.2465 0.2395 0.2395 0.2395 0.244 0.244 0.2445 0.2445 0.2445 0.2445 0.2445 0.255 0.255 0.2465 0.2465 0.251 0.251 0.251 0.2275 0.2275 0.229 0.229 0.2365
-1 -1 -1 -1 -1 -1 -1 -1 -1 -1 -1 -1 -1 -1 -1 -1 -1 -1 -1 -1 -1 -1 -1 -1 -1 -1 -1 -1 -1 -1 -1 -1 -1 -1 -1 -1 -1 0.0787 0.0787 0.2105 0.2105 0.2105 0.2475 0.2475 0.2695 0.2695 0.262 0.262 0.262 0.25 0.25 0.242 0.242 0.258 0.258 0.2335 0.2335 0.2335 0.229 0.229 0.231 0.231 0.231 0.231 0.231 0.2555 0.2555 0.2415 0.2415 0.2355 0.2355 0.2355 0.213 0.213 0.2015 0.2015 0.198
-1 -1 -1 -1 -1 -1 -1 -1 -1 -1 -1 -1 -1 -1 -1 -1 -1 -1 -1 -1 -1 -1 -1 -1 -1 -1 -1 -1 -1 -1 -1 -1 -1 -1 -1 -1 -1 0.0787 0.0787 0.2105 0.2105 0.2105 0.2475 0.2475 0.2695 0.2695 0.262 0.262 0.262 0.25 0.25 0.242 0.242 0.258 0.258 0.2335 0.2335 0.2335 0.229 0.229 0.231 0.231 0.231 0.231 0.231 0.2555 0.2555 0.2415 0.2415 0.2355 0.2355 0.2355 0.213 0.213 0.2015 0.2015 0.198
-1 -1 -1 -1 -1 -1 -1 -1 -1 -1 -1 -1 -1 -1 -1 -1 -1 -1 -1 -1 -1 -1 -1 -1 -1 -1 -1 -1 -1 -1 -1 -1 -1 -1 -1 -1 -1 0.0797 0.0797 0.2135 0.2135 0.2135 0.274 0.274 0.2615 0.2615 0.245 0.245 0.245 0.2405 0.2405 0.2495 0.2495 0.238 0.238 0.2405 0.2405 0.2405 0.2155 0.2155 0.2365 0.2365 0.2365 0.2365 0.2365 0.236 0.236 0.2395 0.2395 0.224 0.224 0.224 0.244 0.244 0.23 0.23 0.199
-1 -1 -1 -1 -1 -1 -1 -1 -1 -1 -1 -1 -1 -1 -1 -1 -1 -1 -1 -1 -1 -1 -1 -1 -1 -1 -1 -1 -1 -1 -1 -1 -1 -1 -1 -1 -1 0.0797 0.0797 0.2135 0.2135 0.2135 0.274 0.274 0.2615 0.2615 0.245 0.245 0.245 0.2405 0.2405 0.2495 0.2495 0.238 0.238 0.2405 0.2405 0.2405 0.2155 0.2155 0.2365 0.2365 0.2365 0.2365 0.2365 0.236 0.236 0.2395 0.2395 0.224 0.224 0.224 0.244 0.244 0.23 0.23 0.199
-1 -1 -1 -1 -1 -1 -1 -1 -1 -1 -1 -1 -1 -1 -1 -1 -1 -1 -1 -1 -1 -1 -1 -1 -1 -1 -1 -1 -1 -1 -1 -1 -1 -1 -1 -1 -1 0.0797 0.0797 0.2135 0.2135 0.2135 0.274 0.274 0.2615 0.2615 0.245 0.245 0.245 0.2405 0.2405 0.2495 0.2495 0.238 0.238 0.2405 0.2405 0.2405 0.2155 0.2155 0.2365 0.2365 0.2365 0.2365 0.2365 0.236 0.236 0.2395 0.2395 0.224 0.224 0.224 0.244 0.244 0.23 0.23 0.199
-1 -1 -1 -1 -1 -1 -1 -1 -1 -1 -1 -1 -1 -1 -1 -1 -1 -1 -1 -1 -1 -1 -1 -1 -1 -1 -1 -1 -1 -1 -1 -1 -1 -1 -1 -1 -1 0.1052 0.1052 0.2205 0.2205 0.2205 0.269 0.269 0.248 0.248 0.243 0.243 0.243 0.2375 0.2375 0.236 0.236 0.23 0.23 0.2415 0.2415 0.2415 0.216 0.216 0.2395 0.2395 0.2395 0.2395 0.2395 0.238 0.238 0.245 0.245 0.2385 0.2385 0.2385 0.2605 0.2605 0.243 0.243 0.231
-1 -1 -1 -1 -1 -1 -1 -1 -1 -1 -1 -1 -1 -1 -1 -1 -1 -1 -1 -1 -1 -1 -1 -1 -1 -1 -1 -1 -1 -1 -1 -1 -1 -1 -1 -1 -1 0.1052 0.1052 0.2205 0.2205 0.2205 0.269 0.269 0.248 0.248 0.243 0.243 0.243 0.2375 0.2375 0.236 0.236 0.23 0.23 0.2415 0.2415 0.2415 0.216 0.216 0.2395 0.2395 0.2395 0.2395 0.2395 0.238 0.238 0.245 0.245 0.2385 0.2385 0.2385 0.2605 0.2605 0.243 0.243 0.231
-1 -1 -1 -1 -1 -1 -1 -1 -1 -1 -1 -1 -1 -1 -1 -1 -1 -1 -1 -1 -1 -1 -1 -1 -1 -1 -1 -1 -1 -1 -1 -1 -1 -1 -1 -1 -1 0.0937 0.0937 0.2845 0.2845 0.2845 0.277 0.277 0.238 0.238 0.235 0.235 0.235 0.245 0.245 0.238 0.238 0.237 0.237 0.2515 0.2515 0.2515 0.2315 0.2315 0.2575 0.2575 0.2575 0.2575 0.2575 0.2525 0.2525 0.264 0.264 0.2545 0.2545 0.2545 0.252 0.252 0.2695 0.2695 0.261
-1 -1 -1 -1 -1 -1 -1 -1 -1 -1 -1 -1 -1 -1 -1 -1 -1 -1 -1 -1 -1 -1 -1 -1 -1 -1 -1 -1 -1 -1 -1 -1 -1 -1 -1 -1 -1 0.0937 0.0937 0.2845 0.2845 0.2845 0.277 0.277 0.238 0.238 0.235 0.235 0.235 0.245 0.245 0.238 0.238 0.237 0.237 0.2515 0.2515 0.2515 0.2315 0.2315 0.2575 0.2575 0.2575 0.2575 0.2575 0.2525 0.2525 0.264 0.264 0.2545 0.2545 0.2545 0.252 0.252 0.2695 0.2695 0.261
-1 -1 -1 -1 -1 -1 -1 -1 -1 -1 -1 -1 -1 -1 -1 -1 -1 -1 -1 -1 -1 -1 -1 -1 -1 -1 -1 -1 -1 -1 -1 -1 -1 -1 -1 0.0082 0.0082 0.2465 0.2465 0.2725 0.2725 0.2725 0.253 0.253 0.2395 0.2395 0.2345 0.2345 0.2345 0.2525 0.2525 0.248 0.248 0.244 0.244 0.2625 0.2625 0.2625 0.2555 0.2555 0.2515 0.2515 0.2515 0.2515 0.2515 0.2525 0.2525 0.264 0.264 0.2645 0.2645 0.2645 0.2575 0.2575 0.2725 0.2725 0.265
-1 -1 -1 -1 -1 -1 -1 -1 -1 -1 -1 -1 -1 -1 -1 -1 -1 -1 -1 -1 -1 -1 -1 -1 -1 -1 -1 -1 -1 -1 -1 -1 -1 -1 -1 0.0082 0.0082 0.2465 0.2465 0.2725 0.2725 0.2725 0.253 0.253 0.2395 0.2395 0.2345 0.2345 0.2345 0.2525 0.2525 0.248 0.248 0.244 0.244 0.2625 0.2625 0.2625 0.2555 0.2555 0.2515 0.2515 0.2515 0.2515 0.2515 0.2525 0.2525 0.264 0.264 0.2645 0.2645 0.2645 0.2575 0.2575 0.2725 0.2725 0.265
-1 -1 -1 -1 -1 -1 -1 -1 -1 -1 -1 -1 -1 -1 -1 -1 -1 -1 -1 -1 -1 -1 -1 -1 -1 -1 -1 -1 -1 -1 -1 -1 -1 -1 -1 0.0082 0.0082 0.2465 0.2465 0.2725 0.2725 0.2725 0.253 0.253 0.2395 0.2395 0.2345 0.2345 0.2345 0.2525 0.2525 0.248 0.248 0.244 0.244 0.2625 0.2625 0.2625 0.2555 0.2555 0.2515 0.2515 0.2515 0.2515 0.2515 0.2525 0.2525 0.264 0.264 0.2645 0.2645 0.2645 0.2575 0.2575 0.2725 0.2725 0.265
-1 -1 -1 -1 -1 -1 -1 -1 -1 -1 -1 -1 -1 -1 -1 -1 -1 -1 -1 -1 -1 -1 -1 -1 -1 -1 -1 -1 -1 -1 -1 -1 -1 -1 -1 0.1022 0.1022 0.263 0.263 0.255 0.255 0.255 0.249 0.249 0.247 0.247 0.264 0.264 0.264 0.2695 0.2695 0.27 0.27 0.2725 0.2725 0.2685 0.2685 0.2685 0.2595 0.2595 0.2705 0.2705 0.2705 0.2705 0.2705 0.2825 0.2825 0.2905 0.2905 0.277 0.277 0.277 0.2895 0.2895 0.285 0.285 0.2685
-1 -1 -1 -1 -1 -1 -1 -1 -1 -1 -1 -1 -1 -1 -1 -1 -1 -1 -1 -1 -1 -1 -1 -1 -1 -1 -1 -1 -1 -1 -1 -1 -1 -1 -1 0.1022 0.1022 0.263 0.263 0.255 0.255 0.255 0.249 0.249 0.247 0.247 0.264 0.264 0.264 0.2695 0.2695 0.27 0.27 0.2725 0.2725 0.2685 0.2685 0.2685 0.2595 0.2595 0.2705 0.2705 0.2705 0.2705 0.2705 0.2825 0.2825 0.2905 0.2905 0.277 0.277 0.277 0.2895 0.2895 0.285 0.285 0.2685
-1 -1 -1 -1 -1 -1 -1 -1 -1 -1 -1 -1 -1 -1 -1 -1 -1 -1 -1 -1 -1 -1 -1 -1 -1 -1 -1 -1 -1 -1 -1 -1 0.0897 0.0897 0.0897 0.247 0.247 0.2605 0.2605 0.25 0.25 0.25 0.2495 0.2495 0.2575 0.2575 0.2665 0.2665 0.2665 0.2795 0.2795 0.27 0.27 0.271 0.271 0.272 0.272 0.272 0.283 0.283 0.2865 0.2865 0.2865 0.2865 0.2865 0.2965 0.2965 0.2895 0.2895 0.2885 0.2885 0.2885 0.2845 0.2845 0.281 0.281 0.272
-1 -1 -1 -1 -1 -1 -1 -1 -1 -1 -1 -1 -1 -1 -1 -1 -1 -1 -1 -1 -1 -1 -1 -1 -1 -1 -1 -1 -1 -1 -1 -1 0.0897 0.0897 0.0897 0.247 0.247 0.2605 0.2605 0.25 0.25 0.25 0.2495 0.2495 0.2575 0.2575 0.2665 0.2665 0.2665 0.2795 0.2795 0.27 0.27 0.271 0.271 0.272 0.272 0.272 0.283 0.283 0.2865 0.2865 0.2865 0.2865 0.2865 0.2965 0.2965 0.2895 0.2895 0.2885 0.2885 0.2885 0.2845 0.2845 0.281 0.281 0.272
-1 -1 -1 -1 -1 -1 -1 -1 -1 -1 -1 -1 -1 -1 -1 -1 -1 -1 -1 -1 -1 -1 -1 -1 -1 -1 -1 -1 -1 -1 0.0452 0.0452 0.2311 0.2311 0.2311 0.2555 0.2555 0.2575 0.2575 0.246 0.246 0.246 0.2445 0.2445 0.2505 0.2505 0.271 0.271 0.271 0.2665 0.2665 0.2705 0.2705 0.2705 0.2705 0.272 0.272 0.272 0.2965 0.2965 0.304 0.304 0.304 0.304 0.304 0.2905 0.2905 0.288 0.288 0.2965 0.2965 0.2965 0.289 0.289 0.2785 0.2785 0.272
-1 -1 -1 -1 -1 -1 -1 -1 -1 -1 -1 -1 -1 -1 -1 -1 -1 -1 -1 -1 -1 -1 -1 -1 -1 -1 -1 -1 -1 -1 0.0452 0.0452 0.2311 0.2311 0.2311 0.2555 0.2555 0.2575 0.2575 0.246 0.246 0.246 0.2445 0.2445 0.2505 0.2505 0.271 0.271 0.271 0.2665 0.2665 0.2705 0.2705 0.2705 0.2705 0.272 0.272 0.272 0.2965 0.2965 0.304 0.304 0.304 0.304 0.304 0.2905 0.2905 0.288 0.288 0.2965 0.2965 0.2965 0.289 0.289 0.2785 0.2785 0.272
-1 -1 -1 -1 -1 -1 -1 -1 -1 -1 -1 -1 -1 -1 -1 -1 -1 -1 -1 -1 -1 -1 -1 -1 -1 -1 -1 -1 -1 -1 0.0452 0.0452 0.2311 0.2311 0.2311 0.2555 0.2555 0.2575 0.2575 0.246 0.246 0.246 0.2445 0.2445 0.2505 0.2505 0.271 0.271 0.271 0.2665 0.2665 0.2705 0.2705 0.2705 0.2705 0.272 0.272 0.272 0.2965 0.2965 0.304 0.304 0.304 0.304 0.304 0.2905 0.2905 0.288 0.288 0.2965 0.2965 0.2965 0.289 0.289 0.2785 0.2785 0.272
-1 -1 -1 -1 -1 -1 -1 -1 -1 -1 -1 -1 -1 -1 -1 -1 -1 -1 -1 -1 -1 -1 -1 -1 -1 -1 -1 -1 -1 -1 0.1332 0.1332 0.2925 0.2925 0.2925 0.268 0.268 0.2495 0.2495 0.245 0.245 0.245 0.2455 0.2455 0.2625 0.2625 0.269 0.269 0.269 0.2705 0.2705 0.2725 0.2725 0.269 0.269 0.293 0.293 0.293 0.31 0.31 0.3045 0.3045 0.3045 0.3045 0.3045 0.296 0.296 0.2925 0.2925 0.2945 0.2945 0.2945 0.27 0.27 0.2625 0.2625 0.269
-1 -1 -1 -1 -1 -1 -1 -1 -1 -1 -1 -1 -1 -1 -1 -1 -1 -1 -1 -1 -1 -1 -1 -1 -1 -1 -1 -1 -1 -1 0.1332 0.1332 0.2925 0.2925 0.2925 0.268 0.268 0.2495 0.2495 0.245 0.245 0.245 0.2455 0.2455 0.2625 0.2625 0.269 0.269 0.269 0.2705 0.2705 0.2725 0.2725 0.269 0.269 0.293 0.293 0.293 0.31 0.31 0.3045 0.3045 0.3045 0.3045 0.3045 0.296 0.296 0.2925 0.2925 0.2945 0.2945 0.2945 0.27 0.27 0.2625 0.2625 0.269
-1 -1 -1 -1 -1 -1 -1 -1 -1 -1 -1 -1 -1 -1 -1 -1 -1 -1 -1 -1 -1 -1 -1 -1 -1 -1 -1 -1 0.0672 0.0672 0.261 0.261 0.292 0.292 0.292 0.278 0.278 0.253 0.253 0.2485 0.2485 0.2485 0.246 0.246 0.2595 0.2595 0.2585 0.2585 0.2585 0.258 0.258 0.277 0.277 0.28 0.28 0.288 0.288 0.288 0.2875 0.2875 0.289 0.289 0.289 0.289 0.289 0.2875 0.2875 0.2765 0.2765 0.279 0.279 0.279 0.273 0.273 0.2625 0.2625 0.2715
-1 -1 -1 -1 -1 -1 -1 -1 -1 -1 -1 -1 -1 -1 -1 -1 -1 -1 -1 -1 -1 -1 -1 -1 -1 -1 -1 -1 0.0672 0.0672 0.261 0.261 0.292 0.292 0.292 0.278 0.278 0.253 0.253 0.2485 0.2485 0.2485 0.246 0.246 0.2595 0.2595 0.2585 0.2585 0.2585 0.258 0.258 0.277 0.277 0.28 0.28 0.288 0.288 0.288 0.2875 0.2875 0.289 0.289 0.289 0.289 0.289 0.2875 0.2875 0.2765 0.2765 0.279 0.279 0.279 0.273 0.273 0.2625 0.2625 0.2715
-1 -1 -1 -1 -1 -1 -1 -1 -1 -1 -1 -1 -1 -1 -1 -1 -1 -1 -1 -1 -1 -1 -1 -1 -1 0.0182 0.0182 0.0182 0.1162 0.1162 0.2965 0.2965 0.2855 0.2855 0.2855 0.2585 0.2585 0.2465 0.2465 0.259 0.259 0.259 0.269 0.269 0.266 0.266 0.2545 0.2545 0.2545 0.267 0.267 0.2795 0.2795 0.2745 0.2745 0.2865 0.2865 0.2865 0.3025 0.3025 0.292 0.292 0.292 0.292 0.292 0.2845 0.2845 0.283 0.283 0.2745 0.2745 0.2745 0.26 0.26 0.268 0.268 0.2585
