ndvi/NOAA-263.asc
ncols         252
nrows         154
xllcorner     -18.017974
yllcorner     13.481982
cellsize      0.035948
NODATA_value  -9999
[rows 68 to 101 of 154, columns 77 to 153 of 252]
0.229 0.229 0.2285 0.2285 0.276 0.276 0.2665 0.2665 0.2665 0.3035 0.3035 0.2695 0.2695 0.2625 0.2625 0.264 0.264 0.264 0.2645 0.2645 0.231 0.231 0.211 0.211 0.211 0.251 0.251 0.271 0.271 0.2405 0.2405 0.2405 0.2485 0.2485 0.2445 0.2445 0.2315 0.2315 0.2315 0.231 0.231 0.191 0.191 0.163 0.163 0.163 0.1545 0.1545 0.175 0.175 0.1805 0.1805 0.198 0.198 0.198 0.181 0.181 0.2365 0.2365 0.285 0.285 0.285 0.262 0.262 0.27 0.27 0.246 0.246 0.246 0.259 0.259 0.207 0.207 0.1795 0.1795 0.1795 0.131
0.245 0.245 0.237 0.237 0.2675 0.2675 0.294 0.294 0.294 0.3025 0.3025 0.304 0.304 0.2365 0.2365 0.228 0.228 0.228 0.245 0.245 0.239 0.239 0.309 0.309 0.309 0.2976 0.2976 0.2405 0.2405 0.2645 0.2645 0.2645 0.252 0.252 0.238 0.238 0.2505 0.2505 0.2505 0.2325 0.2325 0.212 0.212 0.1935 0.1935 0.1935 0.1995 0.1995 0.159 0.159 0.1735 0.1735 0.1915 0.1915 0.1915 0.193 0.193 0.212 0.212 0.2815 0.2815 0.2815 0.326 0.326 0.2915 0.2915 0.241 0.241 0.241 0.2605 0.2605 0.203 0.203 0.211 0.211 0.211 0.1345
0.245 0.245 0.237 0.237 0.2675 0.2675 0.294 0.294 0.294 0.3025 0.3025 0.304 0.304 0.2365 0.2365 0.228 0.228 0.228 0.245 0.245 0.239 0.239 0.309 0.309 0.309 0.2976 0.2976 0.2405 0.2405 0.2645 0.2645 0.2645 0.252 0.252 0.238 0.238 0.2505 0.2505 0.2505 0.2325 0.2325 0.212 0.212 0.1935 0.1935 0.1935 0.1995 0.1995 0.159 0.159 0.1735 0.1735 0.1915 0.1915 0.1915 0.193 0.193 0.212 0.212 0.2815 0.2815 0.2815 0.326 0.326 0.2915 0.2915 0.241 0.241 0.241 0.2605 0.2605 0.203 0.203 0.211 0.211 0.211 0.1345
0.256 0.256 0.261 0.261 0.2425 0.2425 0.259 0.259 0.259 0.279 0.279 0.3055 0.3055 0.2465 0.2465 0.282 0.282 0.282 0.2755 0.2755 0.2465 0.2465 0.2515 0.2515 0.2515 0.259 0.259 0.2345 0.2345 0.2415 0.2415 0.2415 0.2185 0.2185 0.204 0.204 0.217 0.217 0.217 0.2245 0.2245 0.225 0.225 0.1925 0.1925 0.1925 0.1645 0.1645 0.1455 0.1455 0.164 0.164 0.205 0.205 0.205 0.21 0.21 0.2465 0.2465 0.2495 0.2495 0.2495 0.2735 0.2735 0.2485 0.2485 0.2035 0.2035 0.2035 0.175 0.175 0.2095 0.2095 0.1965 0.1965 0.1965 0.148
0.256 0.256 0.261 0.261 0.2425 0.2425 0.259 0.259 0.259 0.279 0.279 0.3055 0.3055 0.2465 0.2465 0.282 0.282 0.282 0.2755 0.2755 0.2465 0.2465 0.2515 0.2515 0.2515 0.259 0.259 0.2345 0.2345 0.2415 0.2415 0.2415 0.2185 0.2185 0.204 0.204 0.217 0.217 0.217 0.2245 0.2245 0.225 0.225 0.1925 0.1925 0.1925 0.1645 0.1645 0.1455 0.1455 0.164 0.164 0.205 0.205 0.205 0.21 0.21 0.2465 0.2465 0.2495 0.2495 0.2495 0.2735 0.2735 0.2485 0.2485 0.2035 0.2035 0.2035 0.175 0.175 0.2095 0.2095 0.1965 0.1965 0.1965 0.148
0.256 0.256 0.261 0.261 0.2425 0.2425 0.259 0.259 0.259 0.279 0.279 0.3055 0.3055 0.2465 0.2465 0.282 0.282 0.282 0.2755 0.2755 0.2465 0.2465 0.2515 0.2515 0.2515 0.259 0.259 0.2345 0.2345 0.2415 0.2415 0.2415 0.2185 0.2185 0.204 0.204 0.217 0.217 0.217 0.2245 0.2245 0.225 0.225 0.1925 0.1925 0.1925 0.1645 0.1645 0.1455 0.1455 0.164 0.164 0.205 0.205 0.205 0.21 0.21 0.2465 0.2465 0.2495 0.2495 0.2495 0.2735 0.2735 0.2485 0.2485 0.2035 0.2035 0.2035 0.175 0.175 0.2095 0.2095 0.1965 0.1965 0.1965 0.148
0.2335 0.2335 0.246 0.246 0.233 0.233 0.2115 0.2115 0.2115 0.2425 0.2425 0.2445 0.2445 0.2445 0.2445 0.2555 0.2555 0.2555 0.259 0.259 0.269 0.269 0.2715 0.2715 0.2715 0.2595 0.2595 0.2465 0.2465 0.247 0.247 0.247 0.2485 0.2485 0.2285 0.2285 0.247 0.247 0.247 0.2155 0.2155 0.211 0.211 0.1665 0.1665 0.1665 0.1785 0.1785 0.2345 0.2345 0.2375 0.2375 0.205 0.205 0.205 0.226 0.226 0.2395 0.2395 0.2455 0.2455 0.2455 0.253 0.253 0.216 0.216 0.2135 0.2135 0.2135 0.196 0.196 0.208 0.208 0.1515 0.1515 0.1515 0.143
0.2335 0.2335 0.246 0.246 0.233 0.233 0.2115 0.2115 0.2115 0.2425 0.2425 0.2445 0.2445 0.2445 0.2445 0.2555 0.2555 0.2555 0.259 0.259 0.269 0.269 0.2715 0.2715 0.2715 0.2595 0.2595 0.2465 0.2465 0.247 0.247 0.247 0.2485 0.2485 0.2285 0.2285 0.247 0.247 0.247 0.2155 0.2155 0.211 0.211 0.1665 0.1665 0.1665 0.1785 0.1785 0.2345 0.2345 0.2375 0.2375 0.205 0.205 0.205 0.226 0.226 0.2395 0.2395 0.2455 0.2455 0.2455 0.253 0.253 0.216 0.216 0.2135 0.2135 0.2135 0.196 0.196 0.208 0.208 0.1515 0.1515 0.1515 0.143
0.212 0.212 0.236 0.236 0.211 0.211 0.227 0.227 0.227 0.238 0.238 0.216 0.216 0.2175 0.2175 0.244 0.244 0.244 0.244 0.244 0.266 0.266 0.247 0.247 0.247 0.227 0.227 0.2205 0.2205 0.225 0.225 0.225 0.2295 0.2295 0.228 0.228 0.2365 0.2365 0.2365 0.216 0.216 0.208 0.208 0.189 0.189 0.189 0.234 0.234 0.238 0.238 0.198 0.198 0.2015 0.2015 0.2015 0.218 0.218 0.2195 0.2195 0.219 0.219 0.219 0.227 0.227 0.2455 0.2455 0.2375 0.2375 0.2375 0.215 0.215 0.1445 0.1445 0.09999999 0.09999999 0.09999999 0.157
0.212 0.212 0.236 0.236 0.211 0.211 0.227 0.227 0.227 0.238 0.238 0.216 0.216 0.2175 0.2175 0.244 0.244 0.244 0.244 0.244 0.266 0.266 0.247 0.247 0.247 0.227 0.227 0.2205 0.2205 0.225 0.225 0.225 0.2295 0.2295 0.228 0.228 0.2365 0.2365 0.2365 0.216 0.216 0.208 0.208 0.189 0.189 0.189 0.234 0.234 0.238 0.238 0.198 0.198 0.2015 0.2015 0.2015 0.218 0.218 0.2195 0.2195 0.219 0.219 0.219 0.227 0.227 0.2455 0.2455 0.2375 0.2375 0.2375 0.215 0.215 0.1445 0.1445 0.09999999 0.09999999 0.09999999 0.157
0.231 0.231 0.2 0.2 0.212 0.212 0.244 0.244 0.244 0.2335 0.2335 0.2165 0.2165 0.24 0.24 0.2285 0.2285 0.2285 0.247 0.247 0.2445 0.2445 0.2235 0.2235 0.2235 0.2185 0.2185 0.219 0.219 0.2245 0.2245 0.2245 0.241 0.241 0.228 0.228 0.2295 0.2295 0.2295 0.257 0.257 0.2525 0.2525 0.2285 0.2285 0.2285 0.2635 0.2635 0.256 0.256 0.204 0.204 0.2005 0.2005 0.2005 0.2055 0.2055 0.1865 0.1865 0.187 0.187 0.187 0.1935 0.1935 0.2145 0.2145 0.2365 0.2365 0.2365 0.2205 0.2205 0.193 0.193 0.1295 0.1295 0.1295 0.135
0.231 0.231 0.2 0.2 0.212 0.212 0.244 0.244 0.244 0.2335 0.2335 0.2165 0.2165 0.24 0.24 0.2285 0.2285 0.2285 0.247 0.247 0.2445 0.2445 0.2235 0.2235 0.2235 0.2185 0.2185 0.219 0.219 0.2245 0.2245 0.2245 0.241 0.241 0.228 0.228 0.2295 0.2295 0.2295 0.257 0.257 0.2525 0.2525 0.2285 0.2285 0.2285 0.2635 0.2635 0.256 0.256 0.204 0.204 0.2005 0.2005 0.2005 0.2055 0.2055 0.1865 0.1865 0.187 0.187 0.187 0.1935 0.1935 0.2145 0.2145 0.2365 0.2365 0.2365 0.2205 0.2205 0.193 0.193 0.1295 0.1295 0.1295 0.135
0.2145 0.2145 0.2195 0.2195 0.2065 0.2065 0.204 0.204 0.204 0.224 0.224 0.232 0.232 0.228 0.228 0.241 0.241 0.241 0.2455 0.2455 0.2405 0.2405 0.2765 0.2765 0.2765 0.258 0.258 0.2305 0.2305 0.238 0.238 0.238 0.2375 0.2375 0.2515 0.2515 0.259 0.259 0.259 0.254 0.254 0.2345 0.2345 0.2515 0.2515 0.2515 0.291 0.291 0.253 0.253 0.214 0.214 0.207 0.207 0.207 0.185 0.185 0.1815 0.1815 0.2055 0.2055 0.2055 0.1955 0.1955 0.159 0.159 0.17 0.17 0.17 0.132 0.132 0.206 0.206 0.1575 0.1575 0.1575 0.117
0.2145 0.2145 0.2195 0.2195 0.2065 0.2065 0.204 0.204 0.204 0.224 0.224 0.232 0.232 0.228 0.228 0.241 0.241 0.241 0.2455 0.2455 0.2405 0.2405 0.2765 0.2765 0.2765 0.258 0.258 0.2305 0.2305 0.238 0.238 0.238 0.2375 0.2375 0.2515 0.2515 0.259 0.259 0.259 0.254 0.254 0.2345 0.2345 0.2515 0.2515 0.2515 0.291 0.291 0.253 0.253 0.214 0.214 0.207 0.207 0.207 0.185 0.185 0.1815 0.1815 0.2055 0.2055 0.2055 0.1955 0.1955 0.159 0.159 0.17 0.17 0.17 0.132 0.132 0.206 0.206 0.1575 0.1575 0.1575 0.117
0.2145 0.2145 0.2195 0.2195 0.2065 0.2065 0.204 0.204 0.204 0.224 0.224 0.232 0.232 0.228 0.228 0.241 0.241 0.241 0.2455 0.2455 0.2405 0.2405 0.2765 0.2765 0.2765 0.258 0.258 0.2305 0.2305 0.238 0.238 0.238 0.2375 0.2375 0.2515 0.2515 0.259 0.259 0.259 0.254 0.254 0.2345 0.2345 0.2515 0.2515 0.2515 0.291 0.291 0.253 0.253 0.214 0.214 0.207 0.207 0.207 0.185 0.185 0.1815 0.1815 0.2055 0.2055 0.2055 0.1955 0.1955 0.159 0.159 0.17 0.17 0.17 0.132 0.132 0.206 0.206 0.1575 0.1575 0.1575 0.117
0.2225 0.2225 0.2245 0.2245 0.2335 0.2335 0.2045 0.2045 0.2045 0.2385 0.2385 0.2515 0.2515 0.2455 0.2455 0.238 0.238 0.238 0.225 0.225 0.271 0.271 0.2565 0.2565 0.2565 0.23 0.23 0.221 0.221 0.24 0.24 0.24 0.235 0.235 0.2405 0.2405 0.2585 0.2585 0.2585 0.2505 0.2505 0.2555 0.2555 0.2275 0.2275 0.2275 0.269 0.269 0.2825 0.2825 0.2155 0.2155 0.227 0.227 0.227 0.2015 0.2015 0.1945 0.1945 0.206 0.206 0.206 0.2045 0.2045 0.1625 0.1625 0.169 0.169 0.169 0.159 0.159 0.1575 0.1575 0.142 0.142 0.142 0.1195
0.2225 0.2225 0.2245 0.2245 0.2335 0.2335 0.2045 0.2045 0.2045 0.2385 0.2385 0.2515 0.2515 0.2455 0.2455 0.238 0.238 0.238 0.225 0.225 0.271 0.271 0.2565 0.2565 0.2565 0.23 0.23 0.221 0.221 0.24 0.24 0.24 0.235 0.235 0.2405 0.2405 0.2585 0.2585 0.2585 0.2505 0.2505 0.2555 0.2555 0.2275 0.2275 0.2275 0.269 0.269 0.2825 0.2825 0.2155 0.2155 0.227 0.227 0.227 0.2015 0.2015 0.1945 0.1945 0.206 0.206 0.206 0.2045 0.2045 0.1625 0.1625 0.169 0.169 0.169 0.159 0.159 0.1575 0.1575 0.142 0.142 0.142 0.1195
0.2215 0.2215 0.244 0.244 0.224 0.224 0.223 0.223 0.223 0.24 0.24 0.258 0.258 0.2675 0.2675 0.282 0.282 0.282 0.2595 0.2595 0.2625 0.2625 0.261 0.261 0.261 0.251 0.251 0.2515 0.2515 0.2585 0.2585 0.2585 0.244 0.244 0.2725 0.2725 0.2675 0.2675 0.2675 0.266 0.266 0.2455 0.2455 0.2215 0.2215 0.2215 0.2305 0.2305 0.244 0.244 0.258 0.258 0.2445 0.2445 0.2445 0.2535 0.2535 0.24 0.24 0.239 0.239 0.239 0.2575 0.2575 0.221 0.221 0.2025 0.2025 0.2025 0.182 0.182 0.1635 0.1635 0.1505 0.1505 0.1505 0.1315
0.2215 0.2215 0.244 0.244 0.224 0.224 0.223 0.223 0.223 0.24 0.24 0.258 0.258 0.2675 0.2675 0.282 0.282 0.282 0.2595 0.2595 0.2625 0.2625 0.261 0.261 0.261 0.251 0.251 0.2515 0.2515 0.2585 0.2585 0.2585 0.244 0.244 0.2725 0.2725 0.2675 0.2675 0.2675 0.266 0.266 0.2455 0.2455 0.2215 0.2215 0.2215 0.2305 0.2305 0.244 0.244 0.258 0.258 0.2445 0.2445 0.2445 0.2535 0.2535 0.24 0.24 0.239 0.239 0.239 0.2575 0.2575 0.221 0.221 0.2025 0.2025 0.2025 0.182 0.182 0.1635 0.1635 0.1505 0.1505 0.1505 0.1315
0.2345 0.2345 0.2325 0.2325 0.2445 0.2445 0.2385 0.2385 0.2385 0.254 0.254 0.2645 0.2645 0.2715 0.2715 0.262 0.262 0.262 0.2755 0.2755 0.287 0.287 0.28 0.28 0.28 0.257 0.257 0.2675 0.2675 0.2845 0.2845 0.2845 0.272 0.272 0.2905 0.2905 0.283 0.283 0.283 0.276 0.276 0.2755 0.2755 0.269 0.269 0.269 0.2485 0.2485 0.24 0.24 0.25 0.25 0.26 0.26 0.26 0.26 0.26 0.2535 0.2535 0.2535 0.2535 0.2535 0.2595 0.2595 0.233 0.233 0.193 0.193 0.193 0.1905 0.1905 0.166 0.166 0.189 0.189 0.189 0.1855
0.2345 0.2345 0.2325 0.2325 0.2445 0.2445 0.2385 0.2385 0.2385 0.254 0.254 0.2645 0.2645 0.2715 0.2715 0.262 0.262 0.262 0.2755 0.2755 0.287 0.287 0.28 0.28 0.28 0.257 0.257 0.2675 0.2675 0.2845 0.2845 0.2845 0.272 0.272 0.2905 0.2905 0.283 0.283 0.283 0.276 0.276 0.2755 0.2755 0.269 0.269 0.269 0.2485 0.2485 0.24 0.24 0.25 0.25 0.26 0.26 0.26 0.26 0.26 0.2535 0.2535 0.2535 0.2535 0.2535 0.2595 0.2595 0.233 0.233 0.193 0.193 0.193 0.1905 0.1905 0.166 0.166 0.189 0.189 0.189 0.1855
0.2345 0.2345 0.2325 0.2325 0.2445 0.2445 0.2385 0.2385 0.2385 0.254 0.254 0.2645 0.2645 0.2715 0.2715 0.262 0.262 0.262 0.2755 0.2755 0.287 0.287 0.28 0.28 0.28 0.257 0.257 0.2675 0.2675 0.2845 0.2845 0.2845 0.272 0.272 0.2905 0.2905 0.283 0.283 0.283 0.276 0.276 0.2755 0.2755 0.269 0.269 0.269 0.2485 0.2485 0.24 0.24 0.25 0.25 0.26 0.26 0.26 0.26 0.26 0.2535 0.2535 0.2535 0.2535 0.2535 0.2595 0.2595 0.233 0.233 0.193 0.193 0.193 0.1905 0.1905 0.166 0.166 0.189 0.189 0.189 0.1855
0.2675 0.2675 0.233 0.233 0.2375 0.2375 0.235 0.235 0.235 0.2435 0.2435 0.2565 0.2565 0.253 0.253 0.264 0.264 0.264 0.268 0.268 0.248 0.248 0.25 0.25 0.25 0.2525 0.2525 0.2525 0.2525 0.2575 0.2575 0.2575 0.279 0.279 0.2885 0.2885 0.2755 0.2755 0.2755 0.286 0.286 0.2755 0.2755 0.283 0.283 0.283 0.2915 0.2915 0.264 0.264 0.2655 0.2655 0.2625 0.2625 0.2625 0.258 0.258 0.251 0.251 0.259 0.259 0.259 0.2555 0.2555 0.2495 0.2495 0.227 0.227 0.227 0.187 0.187 0.18 0.18 0.203 0.203 0.203 0.182
0.2675 0.2675 0.233 0.233 0.2375 0.2375 0.235 0.235 0.235 0.2435 0.2435 0.2565 0.2565 0.253 0.253 0.264 0.264 0.264 0.268 0.268 0.248 0.248 0.25 0.25 0.25 0.2525 0.2525 0.2525 0.2525 0.2575 0.2575 0.2575 0.279 0.279 0.2885 0.2885 0.2755 0.2755 0.2755 0.286 0.286 0.2755 0.2755 0.283 0.283 0.283 0.2915 0.2915 0.264 0.264 0.2655 0.2655 0.2625 0.2625 0.2625 0.258 0.258 0.251 0.251 0.259 0.259 0.259 0.2555 0.2555 0.2495 0.2495 0.227 0.227 0.227 0.187 0.187 0.18 0.18 0.203 0.203 0.203 0.182
0.286 0.286 0.258 0.258 0.2455 0.2455 0.2225 0.2225 0.2225 0.2545 0.2545 0.258 0.258 0.2715 0.2715 0.2655 0.2655 0.2655 0.275 0.275 0.2675 0.2675 0.2665 0.2665 0.2665 0.266 0.266 0.263 0.263 0.265 0.265 0.265 0.28 0.28 0.2855 0.2855 0.2835 0.2835 0.2835 0.2795 0.2795 0.2765 0.2765 0.275 0.275 0.275 0.2925 0.2925 0.284 0.284 0.305 0.305 0.2325 0.2325 0.2325 0.245 0.245 0.251 0.251 0.2475 0.2475 0.2475 0.2505 0.2505 0.241 0.241 0.2235 0.2235 0.2235 0.2345 0.2345 0.212 0.212 0.242 0.242 0.242 0.209
0.286 0.286 0.258 0.258 0.2455 0.2455 0.2225 0.2225 0.2225 0.2545 0.2545 0.258 0.258 0.2715 0.2715 0.2655 0.2655 0.2655 0.275 0.275 0.2675 0.2675 0.2665 0.2665 0.2665 0.266 0.266 0.263 0.263 0.265 0.265 0.265 0.28 0.28 0.2855 0.2855 0.2835 0.2835 0.2835 0.2795 0.2795 0.2765 0.2765 0.275 0.275 0.275 0.2925 0.2925 0.284 0.284 0.305 0.305 0.2325 0.2325 0.2325 0.245 0.245 0.251 0.251 0.2475 0.2475 0.2475 0.2505 0.2505 0.241 0.241 0.2235 0.2235 0.2235 0.2345 0.2345 0.212 0.212 0.242 0.242 0.242 0.209
0.2875 0.2875 0.277 0.277 0.282 0.282 0.254 0.254 0.254 0.275 0.275 0.2945 0.2945 0.277 0.277 0.2565 0.2565 0.2565 0.2725 0.2725 0.2725 0.2725 0.2795 0.2795 0.2795 0.286 0.286 0.2775 0.2775 0.3045 0.3045 0.3045 0.3285 0.3285 0.2965 0.2965 0.301 0.301 0.301 0.287 0.287 0.297 0.297 0.298 0.298 0.298 0.285 0.285 0.2795 0.2795 0.305 0.305 0.2535 0.2535 0.2535 0.2235 0.2235 0.251 0.251 0.216 0.216 0.216 0.2525 0.2525 0.263 0.263 0.25 0.25 0.25 0.242 0.242 0.259 0.259 0.243 0.243 0.243 0.2305
0.2875 0.2875 0.277 0.277 0.282 0.282 0.254 0.254 0.254 0.275 0.275 0.2945 0.2945 0.277 0.277 0.2565 0.2565 0.2565 0.2725 0.2725 0.2725 0.2725 0.2795 0.2795 0.2795 0.286 0.286 0.2775 0.2775 0.3045 0.3045 0.3045 0.3285 0.3285 0.2965 0.2965 0.301 0.301 0.301 0.287 0.287 0.297 0.297 0.298 0.298 0.298 0.285 0.285 0.2795 0.2795 0.305 0.305 0.2535 0.2535 0.2535 0.2235 0.2235 0.251 0.251 0.216 0.216 0.216 0.2525 0.2525 0.263 0.263 0.25 0.25 0.25 0.242 0.242 0.259 0.259 0.243 0.243 0.243 0.2305
0.2875 0.2875 0.277 0.277 0.282 0.282 0.254 0.254 0.254 0.275 0.275 0.2945 0.2945 0.277 0.277 0.2565 0.2565 0.2565 0.2725 0.2725 0.2725 0.2725 0.2795 0.2795 0.2795 0.286 0.286 0.2775 0.2775 0.3045 0.3045 0.3045 0.3285 0.3285 0.2965 0.2965 0.301 0.301 0.301 0.287 0.287 0.297 0.297 0.298 0.298 0.298 0.285 0.285 0.2795 0.2795 0.305 0.305 0.2535 0.2535 0.2535 0.2235 0.2235 0.251 0.251 0.216 0.216 0.216 0.2525 0.2525 0.263 0.263 0.25 0.25 0.25 0.242 0.242 0.259 0.259 0.243 0.243 0.243 0.2305
0.305 0.305 0.2685 0.2685 0.285 0.285 0.271 0.271 0.271 0.286 0.286 0.2885 0.2885 0.288 0.288 0.272 0.272 0.272 0.264 0.264 0.28 0.28 0.2985 0.2985 0.2985 0.326 0.326 0.3105 0.3105 0.344 0.344 0.344 0.338 0.338 0.3195 0.3195 0.3045 0.3045 0.3045 0.311 0.311 0.284 0.284 0.298 0.298 0.298 0.286 0.286 0.3 0.3 0.2935 0.2935 0.2985 0.2985 0.2985 0.263 0.263 0.2675 0.2675 0.2615 0.2615 0.2615 0.241 0.241 0.2665 0.2665 0.27 0.27 0.27 0.2505 0.2505 0.2015 0.2015 0.179 0.179 0.179 0.2015
0.305 0.305 0.2685 0.2685 0.285 0.285 0.271 0.271 0.271 0.286 0.286 0.2885 0.2885 0.288 0.288 0.272 0.272 0.272 0.264 0.264 0.28 0.28 0.2985 0.2985 0.2985 0.326 0.326 0.3105 0.3105 0.344 0.344 0.344 0.338 0.338 0.3195 0.3195 0.3045 0.3045 0.3045 0.311 0.311 0.284 0.284 0.298 0.298 0.298 0.286 0.286 0.3 0.3 0.2935 0.2935 0.2985 0.2985 0.2985 0.263 0.263 0.2675 0.2675 0.2615 0.2615 0.2615 0.241 0.241 0.2665 0.2665 0.27 0.27 0.27 0.2505 0.2505 0.2015 0.2015 0.179 0.179 0.179 0.2015
0.3005 0.3005 0.2945 0.2945 0.2675 0.2675 0.282 0.282 0.282 0.278 0.278 0.2955 0.2955 0.296 0.296 0.3135 0.3135 0.3135 0.306 0.306 0.2855 0.2855 0.299 0.299 0.299 0.3155 0.3155 0.336 0.336 0.3635 0.3635 0.3635 0.36 0.36 0.331 0.331 0.335 0.335 0.335 0.341 0.341 0.3255 0.3255 0.3115 0.3115 0.3115 0.3005 0.3005 0.3045 0.3045 0.2985 0.2985 0.325 0.325 0.325 0.2875 0.2875 0.261 0.261 0.269 0.269 0.269 0.2465 0.2465 0.2805 0.2805 0.2985 0.2985 0.2985 0.309 0.309 0.2955 0.2955 0.307 0.307 0.307 0.2835
0.3005 0.3005 0.2945 0.2945 0.2675 0.2675 0.282 0.282 0.282 0.278 0.278 0.2955 0.2955 0.296 0.296 0.3135 0.3135 0.3135 0.306 0.306 0.2855 0.2855 0.299 0.299 0.299 0.3155 0.3155 0.336 0.336 0.3635 0.3635 0.3635 0.36 0.36 0.331 0.331 0.335 0.335 0.335 0.341 0.341 0.3255 0.3255 0.3115 0.3115 0.3115 0.3005 0.3005 0.3045 0.3045 0.2985 0.2985 0.325 0.325 0.325 0.2875 0.2875 0.261 0.261 0.269 0.269 0.269 0.2465 0.2465 0.2805 0.2805 0.2985 0.2985 0.2985 0.309 0.309 0.2955 0.2955 0.307 0.307 0.307 0.2835
0.287 0.287 0.3095 0.3095 0.3085 0.3085 0.3065 0.3065 0.3065 0.303 0.303 0.278 0.278 0.275 0.275 0.298 0.298 0.298 0.3195 0.3195 0.316 0.316 0.338 0.338 0.338 0.3405 0.3405 0.342 0.342 0.3345 0.3345 0.3345 0.3425 0.3425 0.3465 0.3465 0.3425 0.3425 0.3425 0.3485 0.3485 0.3175 0.3175 0.335 0.335 0.335 0.3545 0.3545 0.325 0.325 0.3635 0.3635 0.351 0.351 0.351 0.326 0.326 0.2775 0.2775 0.268 0.268 0.268 0.256 0.256 0.313 0.313 0.3115 0.3115 0.3115 0.325 0.325 0.3465 0.3465 0.333 0.333 0.333 0.3395
