ndvi/NOAA-217.asc
ncols         252
nrows         154
xllcorner     -18.017974
yllcorner     13.481982
cellsize      0.035948
NODATA_value  -9999
[rows 35 to 69 of 154, columns 77 to 153 of 252]
0.1345 0.1345 0.132 0.132 0.132 0.132 0.1265 0.1265 0.1265 0.128 0.128 0.1345 0.1345 0.1395 0.1395 0.1435 0.1435 0.1435 0.1445 0.1445 0.1405 0.1405 0.146 0.146 0.146 0.144 0.144 0.144 0.144 0.1465 0.1465 0.1465 0.151 0.151 0.149 0.149 0.1405 0.1405 0.1405 0.1435 0.1435 0.145 0.145 0.147 0.147 0.147 0.149 0.149 0.151 0.151 0.151 0.151 0.147 0.147 0.147 0.144 0.144 0.151 0.151 0.1465 0.1465 0.1465 0.1625 0.1625 0.165 0.165 0.17 0.17 0.17 0.1585 0.1585 0.1405 0.1405 0.105 0.105 0.105 0.125
0.1345 0.1345 0.132 0.132 0.132 0.132 0.1265 0.1265 0.1265 0.128 0.128 0.1345 0.1345 0.1395 0.1395 0.1435 0.1435 0.1435 0.1445 0.1445 0.1405 0.1405 0.146 0.146 0.146 0.144 0.144 0.144 0.144 0.1465 0.1465 0.1465 0.151 0.151 0.149 0.149 0.1405 0.1405 0.1405 0.1435 0.1435 0.145 0.145 0.147 0.147 0.147 0.149 0.149 0.151 0.151 0.151 0.151 0.147 0.147 0.147 0.144 0.144 0.151 0.151 0.1465 0.1465 0.1465 0.1625 0.1625 0.165 0.165 0.17 0.17 0.17 0.1585 0.1585 0.1405 0.1405 0.105 0.105 0.105 0.125
0.1345 0.1345 0.1405 0.1405 0.139 0.139 0.139 0.139 0.139 0.13 0.13 0.1415 0.1415 0.15 0.15 0.148 0.148 0.148 0.141 0.141 0.1405 0.1405 0.141 0.141 0.141 0.153 0.153 0.1505 0.1505 0.153 0.153 0.153 0.1515 0.1515 0.157 0.157 0.1445 0.1445 0.1445 0.1525 0.1525 0.1475 0.1475 0.1565 0.1565 0.1565 0.158 0.158 0.158 0.158 0.164 0.164 0.1595 0.1595 0.1595 0.161 0.161 0.189 0.189 0.182 0.182 0.182 0.182 0.182 0.177 0.177 0.1675 0.1675 0.1675 0.156 0.156 0.121 0.121 0.125 0.125 0.125 0.1315
0.1345 0.1345 0.1405 0.1405 0.139 0.139 0.139 0.139 0.139 0.13 0.13 0.1415 0.1415 0.15 0.15 0.148 0.148 0.148 0.141 0.141 0.1405 0.1405 0.141 0.141 0.141 0.153 0.153 0.1505 0.1505 0.153 0.153 0.153 0.1515 0.1515 0.157 0.157 0.1445 0.1445 0.1445 0.1525 0.1525 0.1475 0.1475 0.1565 0.1565 0.1565 0.158 0.158 0.158 0.158 0.164 0.164 0.1595 0.1595 0.1595 0.161 0.161 0.189 0.189 0.182 0.182 0.182 0.182 0.182 0.177 0.177 0.1675 0.1675 0.1675 0.156 0.156 0.121 0.121 0.125 0.125 0.125 0.1315
0.143 0.143 0.1375 0.1375 0.1395 0.1395 0.1405 0.1405 0.1405 0.14 0.14 0.1425 0.1425 0.1555 0.1555 0.1575 0.1575 0.1575 0.1435 0.1435 0.136 0.136 0.1515 0.1515 0.1515 0.1575 0.1575 0.163 0.163 0.1635 0.1635 0.1635 0.165 0.165 0.165 0.165 0.1655 0.1655 0.1655 0.1585 0.1585 0.1595 0.1595 0.1805 0.1805 0.1805 0.1795 0.1795 0.182 0.182 0.183 0.183 0.225 0.225 0.225 0.194 0.194 0.2305 0.2305 0.187 0.187 0.187 0.1775 0.1775 0.16 0.16 0.155 0.155 0.155 0.1585 0.1585 0.123 0.123 0.132 0.132 0.132 0.135
0.143 0.143 0.1375 0.1375 0.1395 0.1395 0.1405 0.1405 0.1405 0.14 0.14 0.1425 0.1425 0.1555 0.1555 0.1575 0.1575 0.1575 0.1435 0.1435 0.136 0.136 0.1515 0.1515 0.1515 0.1575 0.1575 0.163 0.163 0.1635 0.1635 0.1635 0.165 0.165 0.165 0.165 0.1655 0.1655 0.1655 0.1585 0.1585 0.1595 0.1595 0.1805 0.1805 0.1805 0.1795 0.1795 0.182 0.182 0.183 0.183 0.225 0.225 0.225 0.194 0.194 0.2305 0.2305 0.187 0.187 0.187 0.1775 0.1775 0.16 0.16 0.155 0.155 0.155 0.1585 0.1585 0.123 0.123 0.132 0.132 0.132 0.135
0.152 0.152 0.148 0.148 0.1405 0.1405 0.1425 0.1425 0.1425 0.1365 0.1365 0.1475 0.1475 0.1495 0.1495 0.1605 0.1605 0.1605 0.1375 0.1375 0.1405 0.1405 0.151 0.151 0.151 0.1615 0.1615 0.1695 0.1695 0.1725 0.1725 0.1725 0.166 0.166 0.1645 0.1645 0.1705 0.1705 0.1705 0.1625 0.1625 0.186 0.186 0.194 0.194 0.194 0.181 0.181 0.1865 0.1865 0.194 0.194 0.213 0.213 0.213 0.1895 0.1895 0.1865 0.1865 0.176 0.176 0.176 0.166 0.166 0.162 0.162 0.139 0.139 0.139 0.158 0.158 0.1405 0.1405 0.1315 0.1315 0.1315 0.125
0.152 0.152 0.148 0.148 0.1405 0.1405 0.1425 0.1425 0.1425 0.1365 0.1365 0.1475 0.1475 0.1495 0.1495 0.1605 0.1605 0.1605 0.1375 0.1375 0.1405 0.1405 0.151 0.151 0.151 0.1615 0.1615 0.1695 0.1695 0.1725 0.1725 0.1725 0.166 0.166 0.1645 0.1645 0.1705 0.1705 0.1705 0.1625 0.1625 0.186 0.186 0.194 0.194 0.194 0.181 0.181 0.1865 0.1865 0.194 0.194 0.213 0.213 0.213 0.1895 0.1895 0.1865 0.1865 0.176 0.176 0.176 0.166 0.166 0.162 0.162 0.139 0.139 0.139 0.158 0.158 0.1405 0.1405 0.1315 0.1315 0.1315 0.125
0.152 0.152 0.148 0.148 0.1405 0.1405 0.1425 0.1425 0.1425 0.1365 0.1365 0.1475 0.1475 0.1495 0.1495 0.1605 0.1605 0.1605 0.1375 0.1375 0.1405 0.1405 0.151 0.151 0.151 0.1615 0.1615 0.1695 0.1695 0.1725 0.1725 0.1725 0.166 0.166 0.1645 0.1645 0.1705 0.1705 0.1705 0.1625 0.1625 0.186 0.186 0.194 0.194 0.194 0.181 0.181 0.1865 0.1865 0.194 0.194 0.213 0.213 0.213 0.1895 0.1895 0.1865 0.1865 0.176 0.176 0.176 0.166 0.166 0.162 0.162 0.139 0.139 0.139 0.158 0.158 0.1405 0.1405 0.1315 0.1315 0.1315 0.125
0.159 0.159 0.1555 0.1555 0.144 0.144 0.145 0.145 0.145 0.1405 0.1405 0.1415 0.1415 0.1535 0.1535 0.1595 0.1595 0.1595 0.1585 0.1585 0.1415 0.1415 0.158 0.158 0.158 0.1645 0.1645 0.164 0.164 0.1715 0.1715 0.1715 0.183 0.183 0.19 0.19 0.196 0.196 0.196 0.1905 0.1905 0.19 0.19 0.188 0.188 0.188 0.1685 0.1685 0.1685 0.1685 0.1665 0.1665 0.1905 0.1905 0.1905 0.1815 0.1815 0.1735 0.1735 0.155 0.155 0.155 0.149 0.149 0.145 0.145 0.1365 0.1365 0.1365 0.142 0.142 0.136 0.136 0.108 0.108 0.108 0.1195
0.159 0.159 0.1555 0.1555 0.144 0.144 0.145 0.145 0.145 0.1405 0.1405 0.1415 0.1415 0.1535 0.1535 0.1595 0.1595 0.1595 0.1585 0.1585 0.1415 0.1415 0.158 0.158 0.158 0.1645 0.1645 0.164 0.164 0.1715 0.1715 0.1715 0.183 0.183 0.19 0.19 0.196 0.196 0.196 0.1905 0.1905 0.19 0.19 0.188 0.188 0.188 0.1685 0.1685 0.1685 0.1685 0.1665 0.1665 0.1905 0.1905 0.1905 0.1815 0.1815 0.1735 0.1735 0.155 0.155 0.155 0.149 0.149 0.145 0.145 0.1365 0.1365 0.1365 0.142 0.142 0.136 0.136 0.108 0.108 0.108 0.1195
0.164 0.164 0.1595 0.1595 0.1475 0.1475 0.151 0.151 0.151 0.148 0.148 0.1405 0.1405 0.1415 0.1415 0.152 0.152 0.152 0.1595 0.1595 0.165 0.165 0.1555 0.1555 0.1555 0.158 0.158 0.173 0.173 0.1855 0.1855 0.1855 0.215 0.215 0.224 0.224 0.1935 0.1935 0.1935 0.1525 0.1525 0.1525 0.1525 0.156 0.156 0.156 0.155 0.155 0.203 0.203 0.1915 0.1915 0.19 0.19 0.19 0.1745 0.1745 0.18 0.18 0.166 0.166 0.166 0.1625 0.1625 0.142 0.142 0.14 0.14 0.14 0.142 0.142 0.1425 0.1425 0.12 0.12 0.12 0.139
0.164 0.164 0.1595 0.1595 0.1475 0.1475 0.151 0.151 0.151 0.148 0.148 0.1405 0.1405 0.1415 0.1415 0.152 0.152 0.152 0.1595 0.1595 0.165 0.165 0.1555 0.1555 0.1555 0.158 0.158 0.173 0.173 0.1855 0.1855 0.1855 0.215 0.215 0.224 0.224 0.1935 0.1935 0.1935 0.1525 0.1525 0.1525 0.1525 0.156 0.156 0.156 0.155 0.155 0.203 0.203 0.1915 0.1915 0.19 0.19 0.19 0.1745 0.1745 0.18 0.18 0.166 0.166 0.166 0.1625 0.1625 0.142 0.142 0.14 0.14 0.14 0.142 0.142 0.1425 0.1425 0.12 0.12 0.12 0.139
0.177 0.177 0.1505 0.1505 0.165 0.165 0.142 0.142 0.142 0.146 0.146 0.144 0.144 0.147 0.147 0.171 0.171 0.171 0.1755 0.1755 0.177 0.177 0.1765 0.1765 0.1765 0.1865 0.1865 0.2065 0.2065 0.212 0.212 0.212 0.292 0.292 0.23 0.23 0.176 0.176 0.176 0.1555 0.1555 0.1575 0.1575 0.1745 0.1745 0.1745 0.1855 0.1855 0.193 0.193 0.1875 0.1875 0.1795 0.1795 0.1795 0.1645 0.1645 0.1685 0.1685 0.174 0.174 0.174 0.176 0.176 0.157 0.157 0.204 0.204 0.204 0.1565 0.1565 0.165 0.165 0.131 0.131 0.131 0.1325
0.177 0.177 0.1505 0.1505 0.165 0.165 0.142 0.142 0.142 0.146 0.146 0.144 0.144 0.147 0.147 0.171 0.171 0.171 0.1755 0.1755 0.177 0.177 0.1765 0.1765 0.1765 0.1865 0.1865 0.2065 0.2065 0.212 0.212 0.212 0.292 0.292 0.23 0.23 0.176 0.176 0.176 0.1555 0.1555 0.1575 0.1575 0.1745 0.1745 0.1745 0.1855 0.1855 0.193 0.193 0.1875 0.1875 0.1795 0.1795 0.1795 0.1645 0.1645 0.1685 0.1685 0.174 0.174 0.174 0.176 0.176 0.157 0.157 0.204 0.204 0.204 0.1565 0.1565 0.165 0.165 0.131 0.131 0.131 0.1325
0.177 0.177 0.1505 0.1505 0.165 0.165 0.142 0.142 0.142 0.146 0.146 0.144 0.144 0.147 0.147 0.171 0.171 0.171 0.1755 0.1755 0.177 0.177 0.1765 0.1765 0.1765 0.1865 0.1865 0.2065 0.2065 0.212 0.212 0.212 0.292 0.292 0.23 0.23 0.176 0.176 0.176 0.1555 0.1555 0.1575 0.1575 0.1745 0.1745 0.1745 0.1855 0.1855 0.193 0.193 0.1875 0.1875 0.1795 0.1795 0.1795 0.1645 0.1645 0.1685 0.1685 0.174 0.174 0.174 0.176 0.176 0.157 0.157 0.204 0.204 0.204 0.1565 0.1565 0.165 0.165 0.131 0.131 0.131 0.1325
0.1835 0.1835 0.1735 0.1735 0.1775 0.1775 0.1915 0.1915 0.1915 0.186 0.186 0.187 0.187 0.192 0.192 0.183 0.183 0.183 0.1895 0.1895 0.196 0.196 0.1975 0.1975 0.1975 0.188 0.188 0.202 0.202 0.2 0.2 0.2 0.232 0.232 0.22 0.22 0.2215 0.2215 0.2215 0.1495 0.1495 0.151 0.151 0.151 0.151 0.151 0.179 0.179 0.152 0.152 0.1785 0.1785 0.1755 0.1755 0.1755 0.172 0.172 0.1755 0.1755 0.1735 0.1735 0.1735 0.1855 0.1855 0.193 0.193 0.223 0.223 0.223 0.196 0.196 0.212 0.212 0.1635 0.1635 0.1635 0.124
0.1835 0.1835 0.1735 0.1735 0.1775 0.1775 0.1915 0.1915 0.1915 0.186 0.186 0.187 0.187 0.192 0.192 0.183 0.183 0.183 0.1895 0.1895 0.196 0.196 0.1975 0.1975 0.1975 0.188 0.188 0.202 0.202 0.2 0.2 0.2 0.232 0.232 0.22 0.22 0.2215 0.2215 0.2215 0.1495 0.1495 0.151 0.151 0.151 0.151 0.151 0.179 0.179 0.152 0.152 0.1785 0.1785 0.1755 0.1755 0.1755 0.172 0.172 0.1755 0.1755 0.1735 0.1735 0.1735 0.1855 0.1855 0.193 0.193 0.223 0.223 0.223 0.196 0.196 0.212 0.212 0.1635 0.1635 0.1635 0.124
0.1825 0.1825 0.192 0.192 0.193 0.193 0.194 0.194 0.194 0.1975 0.1975 0.201 0.201 0.1985 0.1985 0.1935 0.1935 0.1935 0.199 0.199 0.197 0.197 0.19 0.19 0.19 0.196 0.196 0.184 0.184 0.19 0.19 0.19 0.1795 0.1795 0.2205 0.2205 0.1955 0.1955 0.1955 0.187 0.187 0.153 0.153 0.1495 0.1495 0.1495 0.1425 0.1425 0.1245 0.1245 0.1845 0.1845 0.194 0.194 0.194 0.194 0.194 0.212 0.212 0.2305 0.2305 0.2305 0.2195 0.2195 0.217 0.217 0.192 0.192 0.192 0.186 0.186 0.1905 0.1905 0.174 0.174 0.174 0.122
0.1825 0.1825 0.192 0.192 0.193 0.193 0.194 0.194 0.194 0.1975 0.1975 0.201 0.201 0.1985 0.1985 0.1935 0.1935 0.1935 0.199 0.199 0.197 0.197 0.19 0.19 0.19 0.196 0.196 0.184 0.184 0.19 0.19 0.19 0.1795 0.1795 0.2205 0.2205 0.1955 0.1955 0.1955 0.187 0.187 0.153 0.153 0.1495 0.1495 0.1495 0.1425 0.1425 0.1245 0.1245 0.1845 0.1845 0.194 0.194 0.194 0.194 0.194 0.212 0.212 0.2305 0.2305 0.2305 0.2195 0.2195 0.217 0.217 0.192 0.192 0.192 0.186 0.186 0.1905 0.1905 0.174 0.174 0.174 0.122
0.2235 0.2235 0.214 0.214 0.2105 0.2105 0.2115 0.2115 0.2115 0.216 0.216 0.2155 0.2155 0.2125 0.2125 0.2125 0.2125 0.2125 0.2075 0.2075 0.1955 0.1955 0.1975 0.1975 0.1975 0.1895 0.1895 0.193 0.193 0.1875 0.1875 0.1875 0.1715 0.1715 0.185 0.185 0.1855 0.1855 0.1855 0.1835 0.1835 0.142 0.142 0.142 0.142 0.142 0.137 0.137 0.1645 0.1645 0.1875 0.1875 0.194 0.194 0.194 0.226 0.226 0.218 0.218 0.235 0.235 0.235 0.227 0.227 0.2375 0.2375 0.221 0.221 0.221 0.1815 0.1815 0.17 0.17 0.142 0.142 0.142 0.121
0.2235 0.2235 0.214 0.214 0.2105 0.2105 0.2115 0.2115 0.2115 0.216 0.216 0.2155 0.2155 0.2125 0.2125 0.2125 0.2125 0.2125 0.2075 0.2075 0.1955 0.1955 0.1975 0.1975 0.1975 0.1895 0.1895 0.193 0.193 0.1875 0.1875 0.1875 0.1715 0.1715 0.185 0.185 0.1855 0.1855 0.1855 0.1835 0.1835 0.142 0.142 0.142 0.142 0.142 0.137 0.137 0.1645 0.1645 0.1875 0.1875 0.194 0.194 0.194 0.226 0.226 0.218 0.218 0.235 0.235 0.235 0.227 0.227 0.2375 0.2375 0.221 0.221 0.221 0.1815 0.1815 0.17 0.17 0.142 0.142 0.142 0.121
0.2085 0.2085 0.2245 0.2245 0.225 0.225 0.216 0.216 0.216 0.225 0.225 0.213 0.213 0.217 0.217 0.2175 0.2175 0.2175 0.2075 0.2075 0.2005 0.2005 0.201 0.201 0.201 0.2055 0.2055 0.1985 0.1985 0.197 0.197 0.197 0.1775 0.1775 0.1915 0.1915 0.183 0.183 0.183 0.1825 0.1825 0.1645 0.1645 0.1745 0.1745 0.1745 0.166 0.166 0.149 0.149 0.1635 0.1635 0.19 0.19 0.19 0.212 0.212 0.2225 0.2225 0.2325 0.2325 0.2325 0.232 0.232 0.2405 0.2405 0.2325 0.2325 0.2325 0.177 0.177 0.1645 0.1645 0.1395 0.1395 0.1395 0.1175
0.2085 0.2085 0.2245 0.2245 0.225 0.225 0.216 0.216 0.216 0.225 0.225 0.213 0.213 0.217 0.217 0.2175 0.2175 0.2175 0.2075 0.2075 0.2005 0.2005 0.201 0.201 0.201 0.2055 0.2055 0.1985 0.1985 0.197 0.197 0.197 0.1775 0.1775 0.1915 0.1915 0.183 0.183 0.183 0.1825 0.1825 0.1645 0.1645 0.1745 0.1745 0.1745 0.166 0.166 0.149 0.149 0.1635 0.1635 0.19 0.19 0.19 0.212 0.212 0.2225 0.2225 0.2325 0.2325 0.2325 0.232 0.232 0.2405 0.2405 0.2325 0.2325 0.2325 0.177 0.177 0.1645 0.1645 0.1395 0.1395 0.1395 0.1175
0.2085 0.2085 0.2245 0.2245 0.225 0.225 0.216 0.216 0.216 0.225 0.225 0.213 0.213 0.217 0.217 0.2175 0.2175 0.2175 0.2075 0.2075 0.2005 0.2005 0.201 0.201 0.201 0.2055 0.2055 0.1985 0.1985 0.197 0.197 0.197 0.1775 0.1775 0.1915 0.1915 0.183 0.183 0.183 0.1825 0.1825 0.1645 0.1645 0.1745 0.1745 0.1745 0.166 0.166 0.149 0.149 0.1635 0.1635 0.19 0.19 0.19 0.212 0.212 0.2225 0.2225 0.2325 0.2325 0.2325 0.232 0.232 0.2405 0.2405 0.2325 0.2325 0.2325 0.177 0.177 0.1645 0.1645 0.1395 0.1395 0.1395 0.1175
0.219 0.219 0.211 0.211 0.2225 0.2225 0.2235 0.2235 0.2235 0.2195 0.2195 0.206 0.206 0.2115 0.2115 0.2125 0.2125 0.2125 0.1725 0.1725 0.199 0.199 0.2175 0.2175 0.2175 0.218 0.218 0.2165 0.2165 0.2175 0.2175 0.2175 0.2195 0.2195 0.221 0.221 0.202 0.202 0.202 0.176 0.176 0.164 0.164 0.185 0.185 0.185 0.183 0.183 0.136 0.136 0.1105 0.1105 0.118 0.118 0.118 0.1435 0.1435 0.1975 0.1975 0.2295 0.2295 0.2295 0.2245 0.2245 0.2385 0.2385 0.2315 0.2315 0.2315 0.2175 0.2175 0.2025 0.2025 0.1475 0.1475 0.1475 0.127
0.219 0.219 0.211 0.211 0.2225 0.2225 0.2235 0.2235 0.2235 0.2195 0.2195 0.206 0.206 0.2115 0.2115 0.2125 0.2125 0.2125 0.1725 0.1725 0.199 0.199 0.2175 0.2175 0.2175 0.218 0.218 0.2165 0.2165 0.2175 0.2175 0.2175 0.2195 0.2195 0.221 0.221 0.202 0.202 0.202 0.176 0.176 0.164 0.164 0.185 0.185 0.185 0.183 0.183 0.136 0.136 0.1105 0.1105 0.118 0.118 0.118 0.1435 0.1435 0.1975 0.1975 0.2295 0.2295 0.2295 0.2245 0.2245 0.2385 0.2385 0.2315 0.2315 0.2315 0.2175 0.2175 0.2025 0.2025 0.1475 0.1475 0.1475 0.127
0.2755 0.2755 0.2805 0.2805 0.2995 0.2995 0.3045 0.3045 0.3045 0.3 0.3 0.302 0.302 0.254 0.254 0.21 0.21 0.21 0.208 0.208 0.2465 0.2465 0.223 0.223 0.223 0.229 0.229 0.22 0.22 0.21 0.21 0.21 0.213 0.213 0.2175 0.2175 0.2055 0.2055 0.2055 0.206 0.206 0.1645 0.1645 0.1725 0.1725 0.1725 0.165 0.165 0.1225 0.1225 0.1255 0.1255 0.1235 0.1235 0.1235 0.168 0.168 0.1845 0.1845 0.2195 0.2195 0.2195 0.223 0.223 0.2235 0.2235 0.226 0.226 0.226 0.2215 0.2215 0.187 0.187 0.161 0.161 0.161 0.132
0.2755 0.2755 0.2805 0.2805 0.2995 0.2995 0.3045 0.3045 0.3045 0.3 0.3 0.302 0.302 0.254 0.254 0.21 0.21 0.21 0.208 0.208 0.2465 0.2465 0.223 0.223 0.223 0.229 0.229 0.22 0.22 0.21 0.21 0.21 0.213 0.213 0.2175 0.2175 0.2055 0.2055 0.2055 0.206 0.206 0.1645 0.1645 0.1725 0.1725 0.1725 0.165 0.165 0.1225 0.1225 0.1255 0.1255 0.1235 0.1235 0.1235 0.168 0.168 0.1845 0.1845 0.2195 0.2195 0.2195 0.223 0.223 0.2235 0.2235 0.226 0.226 0.226 0.2215 0.2215 0.187 0.187 0.161 0.161 0.161 0.132
0.2625 0.2625 0.248 0.248 0.265 0.265 0.258 0.258 0.258 0.2695 0.2695 0.2915 0.2915 0.31 0.31 0.2855 0.2855 0.2855 0.291 0.291 0.2635 0.2635 0.2415 0.2415 0.2415 0.243 0.243 0.236 0.236 0.2115 0.2115 0.2115 0.22 0.22 0.2185 0.2185 0.2125 0.2125 0.2125 0.2195 0.2195 0.1795 0.1795 0.1425 0.1425 0.1425 0.1335 0.1335 0.1225 0.1225 0.1125 0.1125 0.167 0.167 0.167 0.176 0.176 0.1885 0.1885 0.2385 0.2385 0.2385 0.2245 0.2245 0.2195 0.2195 0.2205 0.2205 0.2205 0.229 0.229 0.199 0.199 0.165 0.165 0.165 0.133
0.2625 0.2625 0.248 0.248 0.265 0.265 0.258 0.258 0.258 0.2695 0.2695 0.2915 0.2915 0.31 0.31 0.2855 0.2855 0.2855 0.291 0.291 0.2635 0.2635 0.2415 0.2415 0.2415 0.243 0.243 0.236 0.236 0.2115 0.2115 0.2115 0.22 0.22 0.2185 0.2185 0.2125 0.2125 0.2125 0.2195 0.2195 0.1795 0.1795 0.1425 0.1425 0.1425 0.1335 0.1335 0.1225 0.1225 0.1125 0.1125 0.167 0.167 0.167 0.176 0.176 0.1885 0.1885 0.2385 0.2385 0.2385 0.2245 0.2245 0.2195 0.2195 0.2205 0.2205 0.2205 0.229 0.229 0.199 0.199 0.165 0.165 0.165 0.133
0.2625 0.2625 0.248 0.248 0.265 0.265 0.258 0.258 0.258 0.2695 0.2695 0.2915 0.2915 0.31 0.31 0.2855 0.2855 0.2855 0.291 0.291 0.2635 0.2635 0.2415 0.2415 0.2415 0.243 0.243 0.236 0.236 0.2115 0.2115 0.2115 0.22 0.22 0.2185 0.2185 0.2125 0.2125 0.2125 0.2195 0.2195 0.1795 0.1795 0.1425 0.1425 0.1425 0.1335 0.1335 0.1225 0.1225 0.1125 0.1125 0.167 0.167 0.167 0.176 0.176 0.1885 0.1885 0.2385 0.2385 0.2385 0.2245 0.2245 0.2195 0.2195 0.2205 0.2205 0.2205 0.229 0.229 0.199 0.199 0.165 0.165 0.165 0.133
0.2155 0.2155 0.2365 0.2365 0.214 0.214 0.218 0.218 0.218 0.2365 0.2365 0.2375 0.2375 0.3315 0.3315 0.292 0.292 0.292 0.2705 0.2705 0.269 0.269 0.2775 0.2775 0.2775 0.2745 0.2745 0.232 0.232 0.2175 0.2175 0.2175 0.215 0.215 0.2035 0.2035 0.2005 0.2005 0.2005 0.199 0.199 0.209 0.209 0.1725 0.1725 0.1725 0.1295 0.1295 0.167 0.167 0.169 0.169 0.19 0.19 0.19 0.1925 0.1925 0.191 0.191 0.229 0.229 0.229 0.236 0.236 0.226 0.226 0.236 0.236 0.236 0.2185 0.2185 0.1905 0.1905 0.1685 0.1685 0.1685 0.142
0.2155 0.2155 0.2365 0.2365 0.214 0.214 0.218 0.218 0.218 0.2365 0.2365 0.2375 0.2375 0.3315 0.3315 0.292 0.292 0.292 0.2705 0.2705 0.269 0.269 0.2775 0.2775 0.2775 0.2745 0.2745 0.232 0.232 0.2175 0.2175 0.2175 0.215 0.215 0.2035 0.2035 0.2005 0.2005 0.2005 0.199 0.199 0.209 0.209 0.1725 0.1725 0.1725 0.1295 0.1295 0.167 0.167 0.169 0.169 0.19 0.19 0.19 0.1925 0.1925 0.191 0.191 0.229 0.229 0.229 0.236 0.236 0.226 0.226 0.236 0.236 0.236 0.2185 0.2185 0.1905 0.1905 0.1685 0.1685 0.1685 0.142
0.212 0.212 0.2185 0.2185 0.2045 0.2045 0.2185 0.2185 0.2185 0.2165 0.2165 0.2285 0.2285 0.221 0.221 0.233 0.233 0.233 0.2345 0.2345 0.235 0.235 0.2735 0.2735 0.2735 0.3335 0.3335 0.298 0.298 0.2415 0.2415 0.2415 0.212 0.212 0.2125 0.2125 0.2035 0.2035 0.2035 0.22 0.22 0.1895 0.1895 0.1915 0.1915 0.1915 0.1835 0.1835 0.157 0.157 0.178 0.178 0.1825 0.1825 0.1825 0.205 0.205 0.2035 0.2035 0.218 0.218 0.218 0.2335 0.2335 0.2345 0.2345 0.233 0.233 0.233 0.2215 0.2215 0.2 0.2 0.1865 0.1865 0.1865 0.153
