ndvi/NOAA-314.asc
ncols         252
nrows         154
xllcorner     -18.017974
yllcorner     13.481982
cellsize      0.035948
NODATA_value  -9999
[rows 102 to 135 of 154, columns 78 to 155 of 252]
0.1875 0.1925 0.1925 0.1865 0.1865 0.1955 0.1955 0.1955 0.204 0.204 0.189 0.189 0.1895 0.1895 0.202 0.202 0.202 0.197 0.197 0.193 0.193 0.21 0.21 0.21 0.2115 0.2115 0.207 0.207 0.2135 0.2135 0.2135 0.2195 0.2195 0.2225 0.2225 0.2275 0.2275 0.2275 0.203 0.203 0.214 0.214 0.216 0.216 0.216 0.2215 0.2215 0.2325 0.2325 0.2495 0.2495 0.2415 0.2415 0.2415 0.2355 0.2355 0.211 0.211 0.2005 0.2005 0.2005 0.204 0.204 0.242 0.242 0.233 0.233 0.233 0.2145 0.2145 0.22 0.22 0.208 0.208 0.208 0.207 0.207 0.196
0.1955 0.1965 0.1965 0.196 0.196 0.184 0.184 0.184 0.1905 0.1905 0.201 0.201 0.191 0.191 0.2025 0.2025 0.2025 0.201 0.201 0.21 0.21 0.211 0.211 0.211 0.224 0.224 0.2145 0.2145 0.2205 0.2205 0.2205 0.227 0.227 0.2245 0.2245 0.2645 0.2645 0.2645 0.2295 0.2295 0.226 0.226 0.217 0.217 0.217 0.2085 0.2085 0.236 0.236 0.2515 0.2515 0.246 0.246 0.246 0.237 0.237 0.231 0.231 0.215 0.215 0.215 0.207 0.207 0.259 0.259 0.302 0.302 0.302 0.2115 0.2115 0.229 0.229 0.22 0.22 0.22 0.2065 0.2065 0.217
0.1955 0.1965 0.1965 0.196 0.196 0.184 0.184 0.184 0.1905 0.1905 0.201 0.201 0.191 0.191 0.2025 0.2025 0.2025 0.201 0.201 0.21 0.21 0.211 0.211 0.211 0.224 0.224 0.2145 0.2145 0.2205 0.2205 0.2205 0.227 0.227 0.2245 0.2245 0.2645 0.2645 0.2645 0.2295 0.2295 0.226 0.226 0.217 0.217 0.217 0.2085 0.2085 0.236 0.236 0.2515 0.2515 0.246 0.246 0.246 0.237 0.237 0.231 0.231 0.215 0.215 0.215 0.207 0.207 0.259 0.259 0.302 0.302 0.302 0.2115 0.2115 0.229 0.229 0.22 0.22 0.22 0.2065 0.2065 0.217
0.1955 0.1965 0.1965 0.196 0.196 0.184 0.184 0.184 0.1905 0.1905 0.201 0.201 0.191 0.191 0.2025 0.2025 0.2025 0.201 0.201 0.21 0.21 0.211 0.211 0.211 0.224 0.224 0.2145 0.2145 0.2205 0.2205 0.2205 0.227 0.227 0.2245 0.2245 0.2645 0.2645 0.2645 0.2295 0.2295 0.226 0.226 0.217 0.217 0.217 0.2085 0.2085 0.236 0.236 0.2515 0.2515 0.246 0.246 0.246 0.237 0.237 0.231 0.231 0.215 0.215 0.215 0.207 0.207 0.259 0.259 0.302 0.302 0.302 0.2115 0.2115 0.229 0.229 0.22 0.22 0.22 0.2065 0.2065 0.217
0.2075 0.2045 0.2045 0.2065 0.2065 0.204 0.204 0.204 0.186 0.186 0.2005 0.2005 0.1895 0.1895 0.2015 0.2015 0.2015 0.1975 0.1975 0.2025 0.2025 0.234 0.234 0.234 0.25 0.25 0.2415 0.2415 0.2425 0.2425 0.2425 0.232 0.232 0.2575 0.2575 0.265 0.265 0.265 0.2605 0.2605 0.245 0.245 0.221 0.221 0.221 0.2305 0.2305 0.2615 0.2615 0.244 0.244 0.239 0.239 0.239 0.2305 0.2305 0.232 0.232 0.2105 0.2105 0.2105 0.215 0.215 0.2375 0.2375 0.287 0.287 0.287 0.228 0.228 0.2065 0.2065 0.2055 0.2055 0.2055 0.208 0.208 0.2155
0.2075 0.2045 0.2045 0.2065 0.2065 0.204 0.204 0.204 0.186 0.186 0.2005 0.2005 0.1895 0.1895 0.2015 0.2015 0.2015 0.1975 0.1975 0.2025 0.2025 0.234 0.234 0.234 0.25 0.25 0.2415 0.2415 0.2425 0.2425 0.2425 0.232 0.232 0.2575 0.2575 0.265 0.265 0.265 0.2605 0.2605 0.245 0.245 0.221 0.221 0.221 0.2305 0.2305 0.2615 0.2615 0.244 0.244 0.239 0.239 0.239 0.2305 0.2305 0.232 0.232 0.2105 0.2105 0.2105 0.215 0.215 0.2375 0.2375 0.287 0.287 0.287 0.228 0.228 0.2065 0.2065 0.2055 0.2055 0.2055 0.208 0.208 0.2155
0.207 0.222 0.222 0.204 0.204 0.1915 0.1915 0.1915 0.19 0.19 0.192 0.192 0.203 0.203 0.207 0.207 0.207 0.21 0.21 0.2085 0.2085 0.225 0.225 0.225 0.2495 0.2495 0.2575 0.2575 0.2535 0.2535 0.2535 0.241 0.241 0.2505 0.2505 0.257 0.257 0.257 0.2415 0.2415 0.271 0.271 0.2415 0.2415 0.2415 0.239 0.239 0.2615 0.2615 0.2615 0.2615 0.242 0.242 0.242 0.2425 0.2425 0.241 0.241 0.2185 0.2185 0.2185 0.2365 0.2365 0.2485 0.2485 0.217 0.217 0.217 0.243 0.243 0.255 0.255 0.2315 0.2315 0.2315 0.227 0.227 0.232
0.207 0.222 0.222 0.204 0.204 0.1915 0.1915 0.1915 0.19 0.19 0.192 0.192 0.203 0.203 0.207 0.207 0.207 0.21 0.21 0.2085 0.2085 0.225 0.225 0.225 0.2495 0.2495 0.2575 0.2575 0.2535 0.2535 0.2535 0.241 0.241 0.2505 0.2505 0.257 0.257 0.257 0.2415 0.2415 0.271 0.271 0.2415 0.2415 0.2415 0.239 0.239 0.2615 0.2615 0.2615 0.2615 0.242 0.242 0.242 0.2425 0.2425 0.241 0.241 0.2185 0.2185 0.2185 0.2365 0.2365 0.2485 0.2485 0.217 0.217 0.217 0.243 0.243 0.255 0.255 0.2315 0.2315 0.2315 0.227 0.227 0.232
0.2085 0.2315 0.2315 0.2165 0.2165 0.203 0.203 0.203 0.2075 0.2075 0.203 0.203 0.216 0.216 0.2335 0.2335 0.2335 0.2145 0.2145 0.2385 0.2385 0.2455 0.2455 0.2455 0.2515 0.2515 0.237 0.237 0.2265 0.2265 0.2265 0.2055 0.2055 0.2525 0.2525 0.2685 0.2685 0.2685 0.2475 0.2475 0.2485 0.2485 0.244 0.244 0.244 0.222 0.222 0.2325 0.2325 0.2365 0.2365 0.256 0.256 0.256 0.2725 0.2725 0.256 0.256 0.2435 0.2435 0.2435 0.2455 0.2455 0.2525 0.2525 0.2325 0.2325 0.2325 0.2415 0.2415 0.223 0.223 0.212 0.212 0.212 0.2345 0.2345 0.237
0.2085 0.2315 0.2315 0.2165 0.2165 0.203 0.203 0.203 0.2075 0.2075 0.203 0.203 0.216 0.216 0.2335 0.2335 0.2335 0.2145 0.2145 0.2385 0.2385 0.2455 0.2455 0.2455 0.2515 0.2515 0.237 0.237 0.2265 0.2265 0.2265 0.2055 0.2055 0.2525 0.2525 0.2685 0.2685 0.2685 0.2475 0.2475 0.2485 0.2485 0.244 0.244 0.244 0.222 0.222 0.2325 0.2325 0.2365 0.2365 0.256 0.256 0.256 0.2725 0.2725 0.256 0.256 0.2435 0.2435 0.2435 0.2455 0.2455 0.2525 0.2525 0.2325 0.2325 0.2325 0.2415 0.2415 0.223 0.223 0.212 0.212 0.212 0.2345 0.2345 0.237
0.2085 0.2315 0.2315 0.2165 0.2165 0.203 0.203 0.203 0.2075 0.2075 0.203 0.203 0.216 0.216 0.2335 0.2335 0.2335 0.2145 0.2145 0.2385 0.2385 0.2455 0.2455 0.2455 0.2515 0.2515 0.237 0.237 0.2265 0.2265 0.2265 0.2055 0.2055 0.2525 0.2525 0.2685 0.2685 0.2685 0.2475 0.2475 0.2485 0.2485 0.244 0.244 0.244 0.222 0.222 0.2325 0.2325 0.2365 0.2365 0.256 0.256 0.256 0.2725 0.2725 0.256 0.256 0.2435 0.2435 0.2435 0.2455 0.2455 0.2525 0.2525 0.2325 0.2325 0.2325 0.2415 0.2415 0.223 0.223 0.212 0.212 0.212 0.2345 0.2345 0.237
0.2135 0.2435 0.2435 0.235 0.235 0.239 0.239 0.239 0.217 0.217 0.2065 0.2065 0.204 0.204 0.2205 0.2205 0.2205 0.223 0.223 0.2435 0.2435 0.225 0.225 0.225 0.2305 0.2305 0.2245 0.2245 0.2215 0.2215 0.2215 0.248 0.248 0.2675 0.2675 0.284 0.284 0.284 0.29 0.29 0.252 0.252 0.249 0.249 0.249 0.2455 0.2455 0.25 0.25 0.2625 0.2625 0.253 0.253 0.253 0.2755 0.2755 0.243 0.243 0.2445 0.2445 0.2445 0.2425 0.2425 0.237 0.237 0.2555 0.2555 0.2555 0.2495 0.2495 0.241 0.241 0.25 0.25 0.25 0.1995 0.1995 0.2185
0.2135 0.2435 0.2435 0.235 0.235 0.239 0.239 0.239 0.217 0.217 0.2065 0.2065 0.204 0.204 0.2205 0.2205 0.2205 0.223 0.223 0.2435 0.2435 0.225 0.225 0.225 0.2305 0.2305 0.2245 0.2245 0.2215 0.2215 0.2215 0.248 0.248 0.2675 0.2675 0.284 0.284 0.284 0.29 0.29 0.252 0.252 0.249 0.249 0.249 0.2455 0.2455 0.25 0.25 0.2625 0.2625 0.253 0.253 0.253 0.2755 0.2755 0.243 0.243 0.2445 0.2445 0.2445 0.2425 0.2425 0.237 0.237 0.2555 0.2555 0.2555 0.2495 0.2495 0.241 0.241 0.25 0.25 0.25 0.1995 0.1995 0.2185
0.24 0.2275 0.2275 0.2175 0.2175 0.2335 0.2335 0.2335 0.1975 0.1975 0.199 0.199 0.1965 0.1965 0.211 0.211 0.211 0.225 0.225 0.2291 0.2291 0.2155 0.2155 0.2155 0.201 0.201 0.247 0.247 0.2155 0.2155 0.2155 0.2345 0.2345 0.2565 0.2565 0.301 0.301 0.301 0.2935 0.2935 0.2205 0.2205 0.2495 0.2495 0.2495 0.2325 0.2325 0.241 0.241 0.2575 0.2575 0.277 0.277 0.277 0.263 0.263 0.259 0.259 0.2685 0.2685 0.2685 0.236 0.236 0.232 0.232 0.247 0.247 0.247 0.2515 0.2515 0.2515 0.2515 0.2345 0.2345 0.2345 0.21 0.21 0.2125
0.24 0.2275 0.2275 0.2175 0.2175 0.2335 0.2335 0.2335 0.1975 0.1975 0.199 0.199 0.1965 0.1965 0.211 0.211 0.211 0.225 0.225 0.2291 0.2291 0.2155 0.2155 0.2155 0.201 0.201 0.247 0.247 0.2155 0.2155 0.2155 0.2345 0.2345 0.2565 0.2565 0.301 0.301 0.301 0.2935 0.2935 0.2205 0.2205 0.2495 0.2495 0.2495 0.2325 0.2325 0.241 0.241 0.2575 0.2575 0.277 0.277 0.277 0.263 0.263 0.259 0.259 0.2685 0.2685 0.2685 0.236 0.236 0.232 0.232 0.247 0.247 0.247 0.2515 0.2515 0.2515 0.2515 0.2345 0.2345 0.2345 0.21 0.21 0.2125
0.2095 0.2045 0.2045 0.2235 0.2235 0.23 0.23 0.23 0.2175 0.2175 0.216 0.216 0.212 0.212 0.2095 0.2095 0.2095 0.246 0.246 0.2155 0.2155 0.2385 0.2385 0.2385 0.208 0.208 0.232 0.232 0.2285 0.2285 0.2285 0.2405 0.2405 0.2955 0.2955 0.2735 0.2735 0.2735 0.2565 0.2565 0.2335 0.2335 0.227 0.227 0.227 0.2445 0.2445 0.25 0.25 0.247 0.247 0.249 0.249 0.249 0.286 0.286 0.283 0.283 0.262 0.262 0.262 0.2585 0.2585 0.2355 0.2355 0.2435 0.2435 0.2435 0.241 0.241 0.2525 0.2525 0.2475 0.2475 0.2475 0.226 0.226 0.2125
0.2095 0.2045 0.2045 0.2235 0.2235 0.23 0.23 0.23 0.2175 0.2175 0.216 0.216 0.212 0.212 0.2095 0.2095 0.2095 0.246 0.246 0.2155 0.2155 0.2385 0.2385 0.2385 0.208 0.208 0.232 0.232 0.2285 0.2285 0.2285 0.2405 0.2405 0.2955 0.2955 0.2735 0.2735 0.2735 0.2565 0.2565 0.2335 0.2335 0.227 0.227 0.227 0.2445 0.2445 0.25 0.25 0.247 0.247 0.249 0.249 0.249 0.286 0.286 0.283 0.283 0.262 0.262 0.262 0.2585 0.2585 0.2355 0.2355 0.2435 0.2435 0.2435 0.241 0.241 0.2525 0.2525 0.2475 0.2475 0.2475 0.226 0.226 0.2125
0.2095 0.2045 0.2045 0.2235 0.2235 0.23 0.23 0.23 0.2175 0.2175 0.216 0.216 0.212 0.212 0.2095 0.2095 0.2095 0.246 0.246 0.2155 0.2155 0.2385 0.2385 0.2385 0.208 0.208 0.232 0.232 0.2285 0.2285 0.2285 0.2405 0.2405 0.2955 0.2955 0.2735 0.2735 0.2735 0.2565 0.2565 0.2335 0.2335 0.227 0.227 0.227 0.2445 0.2445 0.25 0.25 0.247 0.247 0.249 0.249 0.249 0.286 0.286 0.283 0.283 0.262 0.262 0.262 0.2585 0.2585 0.2355 0.2355 0.2435 0.2435 0.2435 0.241 0.241 0.2525 0.2525 0.2475 0.2475 0.2475 0.226 0.226 0.2125
0.216 0.2045 0.2045 0.2085 0.2085 0.2145 0.2145 0.2145 0.2265 0.2265 0.2395 0.2395 0.243 0.243 0.234 0.234 0.234 0.227 0.227 0.2095 0.2095 0.217 0.217 0.217 0.243 0.243 0.232 0.232 0.241 0.241 0.241 0.2425 0.2425 0.2575 0.2575 0.253 0.253 0.253 0.2675 0.2675 0.2555 0.2555 0.262 0.262 0.262 0.2475 0.2475 0.263 0.263 0.287 0.287 0.2655 0.2655 0.2655 0.239 0.239 0.2645 0.2645 0.2595 0.2595 0.2595 0.26 0.26 0.244 0.244 0.2335 0.2335 0.2335 0.238 0.238 0.2225 0.2225 0.2325 0.2325 0.2325 0.221 0.221 0.2225
0.216 0.2045 0.2045 0.2085 0.2085 0.2145 0.2145 0.2145 0.2265 0.2265 0.2395 0.2395 0.243 0.243 0.234 0.234 0.234 0.227 0.227 0.2095 0.2095 0.217 0.217 0.217 0.243 0.243 0.232 0.232 0.241 0.241 0.241 0.2425 0.2425 0.2575 0.2575 0.253 0.253 0.253 0.2675 0.2675 0.2555 0.2555 0.262 0.262 0.262 0.2475 0.2475 0.263 0.263 0.287 0.287 0.2655 0.2655 0.2655 0.239 0.239 0.2645 0.2645 0.2595 0.2595 0.2595 0.26 0.26 0.244 0.244 0.2335 0.2335 0.2335 0.238 0.238 0.2225 0.2225 0.2325 0.2325 0.2325 0.221 0.221 0.2225
0.211 0.246 0.246 0.232 0.232 0.2395 0.2395 0.2395 0.241 0.241 0.2275 0.2275 0.229 0.229 0.225 0.225 0.225 0.2205 0.2205 0.2505 0.2505 0.24 0.24 0.24 0.2065 0.2065 0.226 0.226 0.2275 0.2275 0.2275 0.2475 0.2475 0.2635 0.2635 0.2515 0.2515 0.2515 0.264 0.264 0.259 0.259 0.257 0.257 0.257 0.254 0.254 0.261 0.261 0.2515 0.2515 0.263 0.263 0.263 0.2355 0.2355 0.255 0.255 0.2445 0.2445 0.2445 0.233 0.233 0.278 0.278 0.2635 0.2635 0.2635 0.234 0.234 0.235 0.235 0.228 0.228 0.228 0.254 0.254 0.2375
0.211 0.246 0.246 0.232 0.232 0.2395 0.2395 0.2395 0.241 0.241 0.2275 0.2275 0.229 0.229 0.225 0.225 0.225 0.2205 0.2205 0.2505 0.2505 0.24 0.24 0.24 0.2065 0.2065 0.226 0.226 0.2275 0.2275 0.2275 0.2475 0.2475 0.2635 0.2635 0.2515 0.2515 0.2515 0.264 0.264 0.259 0.259 0.257 0.257 0.257 0.254 0.254 0.261 0.261 0.2515 0.2515 0.263 0.263 0.263 0.2355 0.2355 0.255 0.255 0.2445 0.2445 0.2445 0.233 0.233 0.278 0.278 0.2635 0.2635 0.2635 0.234 0.234 0.235 0.235 0.228 0.228 0.228 0.254 0.254 0.2375
0.2385 0.241 0.241 0.205 0.205 0.2085 0.2085 0.2085 0.231 0.231 0.2505 0.2505 0.2385 0.2385 0.235 0.235 0.235 0.2265 0.2265 0.2205 0.2205 0.2425 0.2425 0.2425 0.238 0.238 0.2315 0.2315 0.246 0.246 0.246 0.237 0.237 0.264 0.264 0.2755 0.2755 0.2755 0.244 0.244 0.2375 0.2375 0.249 0.249 0.249 0.26 0.26 0.2635 0.2635 0.2495 0.2495 0.247 0.247 0.247 0.247 0.247 0.247 0.247 0.245 0.245 0.245 0.246 0.246 0.265 0.265 0.257 0.257 0.257 0.2305 0.2305 0.234 0.234 0.229 0.229 0.229 0.2395 0.2395 0.244
0.2385 0.241 0.241 0.205 0.205 0.2085 0.2085 0.2085 0.231 0.231 0.2505 0.2505 0.2385 0.2385 0.235 0.235 0.235 0.2265 0.2265 0.2205 0.2205 0.2425 0.2425 0.2425 0.238 0.238 0.2315 0.2315 0.246 0.246 0.246 0.237 0.237 0.264 0.264 0.2755 0.2755 0.2755 0.244 0.244 0.2375 0.2375 0.249 0.249 0.249 0.26 0.26 0.2635 0.2635 0.2495 0.2495 0.247 0.247 0.247 0.247 0.247 0.247 0.247 0.245 0.245 0.245 0.246 0.246 0.265 0.265 0.257 0.257 0.257 0.2305 0.2305 0.234 0.234 0.229 0.229 0.229 0.2395 0.2395 0.244
0.2535 0.2675 0.2675 0.2385 0.2385 0.23 0.23 0.23 0.2385 0.2385 0.2625 0.2625 0.249 0.249 0.2235 0.2235 0.2235 0.229 0.229 0.2265 0.2265 0.248 0.248 0.248 0.2345 0.2345 0.217 0.217 0.238 0.238 0.238 0.2435 0.2435 0.2545 0.2545 0.2595 0.2595 0.2595 0.2585 0.2585 0.2555 0.2555 0.268 0.268 0.268 0.2675 0.2675 0.26 0.26 0.251 0.251 0.2435 0.2435 0.2435 0.2385 0.2385 0.2515 0.2515 0.2525 0.2525 0.2525 0.242 0.242 0.245 0.245 0.255 0.255 0.255 0.238 0.238 0.24 0.24 0.246 0.246 0.246 0.254 0.254 0.2425
0.2535 0.2675 0.2675 0.2385 0.2385 0.23 0.23 0.23 0.2385 0.2385 0.2625 0.2625 0.249 0.249 0.2235 0.2235 0.2235 0.229 0.229 0.2265 0.2265 0.248 0.248 0.248 0.2345 0.2345 0.217 0.217 0.238 0.238 0.238 0.2435 0.2435 0.2545 0.2545 0.2595 0.2595 0.2595 0.2585 0.2585 0.2555 0.2555 0.268 0.268 0.268 0.2675 0.2675 0.26 0.26 0.251 0.251 0.2435 0.2435 0.2435 0.2385 0.2385 0.2515 0.2515 0.2525 0.2525 0.2525 0.242 0.242 0.245 0.245 0.255 0.255 0.255 0.238 0.238 0.24 0.24 0.246 0.246 0.246 0.254 0.254 0.2425
0.2535 0.2675 0.2675 0.2385 0.2385 0.23 0.23 0.23 0.2385 0.2385 0.2625 0.2625 0.249 0.249 0.2235 0.2235 0.2235 0.229 0.229 0.2265 0.2265 0.248 0.248 0.248 0.2345 0.2345 0.217 0.217 0.238 0.238 0.238 0.2435 0.2435 0.2545 0.2545 0.2595 0.2595 0.2595 0.2585 0.2585 0.2555 0.2555 0.268 0.268 0.268 0.2675 0.2675 0.26 0.26 0.251 0.251 0.2435 0.2435 0.2435 0.2385 0.2385 0.2515 0.2515 0.2525 0.2525 0.2525 0.242 0.242 0.245 0.245 0.255 0.255 0.255 0.238 0.238 0.24 0.24 0.246 0.246 0.246 0.254 0.254 0.2425
0.2565 0.2375 0.2375 0.2585 0.2585 0.2335 0.2335 0.2335 0.243 0.243 0.234 0.234 0.243 0.243 0.2325 0.2325 0.2325 0.228 0.228 0.233 0.233 0.2395 0.2395 0.2395 0.227 0.227 0.243 0.243 0.226 0.226 0.226 0.239 0.239 0.235 0.235 0.2545 0.2545 0.2545 0.2475 0.2475 0.2575 0.2575 0.25 0.25 0.25 0.2565 0.2565 0.263 0.263 0.2595 0.2595 0.25 0.25 0.25 0.246 0.246 0.242 0.242 0.243 0.243 0.243 0.233 0.233 0.25 0.25 0.2455 0.2455 0.2455 0.2545 0.2545 0.2495 0.2495 0.249 0.249 0.249 0.2375 0.2375 0.2405
0.2565 0.2375 0.2375 0.2585 0.2585 0.2335 0.2335 0.2335 0.243 0.243 0.234 0.234 0.243 0.243 0.2325 0.2325 0.2325 0.228 0.228 0.233 0.233 0.2395 0.2395 0.2395 0.227 0.227 0.243 0.243 0.226 0.226 0.226 0.239 0.239 0.235 0.235 0.2545 0.2545 0.2545 0.2475 0.2475 0.2575 0.2575 0.25 0.25 0.25 0.2565 0.2565 0.263 0.263 0.2595 0.2595 0.25 0.25 0.25 0.246 0.246 0.242 0.242 0.243 0.243 0.243 0.233 0.233 0.25 0.25 0.2455 0.2455 0.2455 0.2545 0.2545 0.2495 0.2495 0.249 0.249 0.249 0.2375 0.2375 0.2405
0.246 0.2655 0.2655 0.235 0.235 0.2465 0.2465 0.2465 0.2445 0.2445 0.236 0.236 0.2505 0.2505 0.248 0.248 0.248 0.2425 0.2425 0.235 0.235 0.238 0.238 0.238 0.2305 0.2305 0.243 0.243 0.22 0.22 0.22 0.242 0.242 0.245 0.245 0.2495 0.2495 0.2495 0.2495 0.2495 0.239 0.239 0.2575 0.2575 0.2575 0.258 0.258 0.271 0.271 0.2545 0.2545 0.241 0.241 0.241 0.239 0.239 0.242 0.242 0.242 0.242 0.242 0.233 0.233 0.2345 0.2345 0.241 0.241 0.241 0.251 0.251 0.252 0.252 0.25 0.25 0.25 0.2515 0.2515 0.264
0.246 0.2655 0.2655 0.235 0.235 0.2465 0.2465 0.2465 0.2445 0.2445 0.236 0.236 0.2505 0.2505 0.248 0.248 0.248 0.2425 0.2425 0.235 0.235 0.238 0.238 0.238 0.2305 0.2305 0.243 0.243 0.22 0.22 0.22 0.242 0.242 0.245 0.245 0.2495 0.2495 0.2495 0.2495 0.2495 0.239 0.239 0.2575 0.2575 0.2575 0.258 0.258 0.271 0.271 0.2545 0.2545 0.241 0.241 0.241 0.239 0.239 0.242 0.242 0.242 0.242 0.242 0.233 0.233 0.2345 0.2345 0.241 0.241 0.241 0.251 0.251 0.252 0.252 0.25 0.25 0.25 0.2515 0.2515 0.264
0.2295 0.2415 0.2415 0.2535 0.2535 0.2375 0.2375 0.2375 0.237 0.237 0.236 0.236 0.241 0.241 0.2405 0.2405 0.2405 0.2375 0.2375 0.2315 0.2315 0.233 0.233 0.233 0.2355 0.2355 0.242 0.242 0.231 0.231 0.231 0.2305 0.2305 0.2315 0.2315 0.253 0.253 0.253 0.2695 0.2695 0.263 0.263 0.2735 0.2735 0.2735 0.2655 0.2655 0.2645 0.2645 0.2445 0.2445 0.263 0.263 0.263 0.264 0.264 0.2525 0.2525 0.2555 0.2555 0.2555 0.2565 0.2565 0.26 0.26 0.255 0.255 0.255 0.248 0.248 0.2685 0.2685 0.2645 0.2645 0.2645 0.26 0.26 0.2625
0.2295 0.2415 0.2415 0.2535 0.2535 0.2375 0.2375 0.2375 0.237 0.237 0.236 0.236 0.241 0.241 0.2405 0.2405 0.2405 0.2375 0.2375 0.2315 0.2315 0.233 0.233 0.233 0.2355 0.2355 0.242 0.242 0.231 0.231 0.231 0.2305 0.2305 0.2315 0.2315 0.253 0.253 0.253 0.2695 0.2695 0.263 0.263 0.2735 0.2735 0.2735 0.2655 0.2655 0.2645 0.2645 0.2445 0.2445 0.263 0.263 0.263 0.264 0.264 0.2525 0.2525 0.2555 0.2555 0.2555 0.2565 0.2565 0.26 0.26 0.255 0.255 0.255 0.248 0.248 0.2685 0.2685 0.2645 0.2645 0.2645 0.26 0.26 0.2625
0.2295 0.2415 0.2415 0.2535 0.2535 0.2375 0.2375 0.2375 0.237 0.237 0.236 0.236 0.241 0.241 0.2405 0.2405 0.2405 0.2375 0.2375 0.2315 0.2315 0.233 0.233 0.233 0.2355 0.2355 0.242 0.242 0.231 0.231 0.231 0.2305 0.2305 0.2315 0.2315 0.253 0.253 0.253 0.2695 0.2695 0.263 0.263 0.2735 0.2735 0.2735 0.2655 0.2655 0.2645 0.2645 0.2445 0.2445 0.263 0.263 0.263 0.264 0.264 0.2525 0.2525 0.2555 0.2555 0.2555 0.2565 0.2565 0.26 0.26 0.255 0.255 0.255 0.248 0.248 0.2685 0.2685 0.2645 0.2645 0.2645 0.26 0.26 0.2625
