ndvi/NOAA-227.asc
ncols         252
nrows         154
xllcorner     -18.017974
yllcorner     13.481982
cellsize      0.035948
NODATA_value  -9999
[rows 102 to 135 of 154, columns 154 to 230 of 252]
0.257 0.2895 0.2895 0.4235 0.4235 0.4235 0.2245 0.2245 0.2665 0.2665 0.2755 0.2755 0.273 0.273 0.273 0.243 0.243 0.238 0.238 0.2805 0.2805 0.2805 0.245 0.245 0.2685 0.2685 0.291 0.291 0.291 0.291 0.291 0.248 0.248 0.259 0.259 0.259 0.248 0.248 0.252 0.252 0.2895 0.2895 0.2895 0.34 0.34 0.4375 0.4375 0.326 0.326 0.265 0.265 0.265 0.2305 0.2305 0.2405 0.2405 0.2575 0.2575 0.2575 0.244 0.244 0.268 0.268 0.2595 0.2595 0.2595 0.2695 0.2695 0.2565 0.2565 0.2315 0.2315 0.2315 0.212 0.212 0.2395 0.2395
0.333 0.3395 0.3395 0.353 0.353 0.353 0.2745 0.2745 0.2675 0.2675 0.281 0.281 0.2295 0.2295 0.2295 0.235 0.235 0.323 0.323 0.3025 0.3025 0.3025 0.306 0.306 0.258 0.258 0.231 0.231 0.231 0.2915 0.2915 0.2835 0.2835 0.258 0.258 0.258 0.255 0.255 0.305 0.305 0.357 0.357 0.357 0.4525 0.4525 0.3835 0.3835 0.3615 0.3615 0.349 0.349 0.349 0.5145 0.5145 0.293 0.293 0.2925 0.2925 0.2925 0.273 0.273 0.278 0.278 0.276 0.276 0.276 0.286 0.286 0.3105 0.3105 0.278 0.278 0.278 0.2605 0.2605 0.2565 0.2565
0.333 0.3395 0.3395 0.353 0.353 0.353 0.2745 0.2745 0.2675 0.2675 0.281 0.281 0.2295 0.2295 0.2295 0.235 0.235 0.323 0.323 0.3025 0.3025 0.3025 0.306 0.306 0.258 0.258 0.231 0.231 0.231 0.2915 0.2915 0.2835 0.2835 0.258 0.258 0.258 0.255 0.255 0.305 0.305 0.357 0.357 0.357 0.4525 0.4525 0.3835 0.3835 0.3615 0.3615 0.349 0.349 0.349 0.5145 0.5145 0.293 0.293 0.2925 0.2925 0.2925 0.273 0.273 0.278 0.278 0.276 0.276 0.276 0.286 0.286 0.3105 0.3105 0.278 0.278 0.278 0.2605 0.2605 0.2565 0.2565
0.333 0.3395 0.3395 0.353 0.353 0.353 0.2745 0.2745 0.2675 0.2675 0.281 0.281 0.2295 0.2295 0.2295 0.235 0.235 0.323 0.323 0.3025 0.3025 0.3025 0.306 0.306 0.258 0.258 0.231 0.231 0.231 0.2915 0.2915 0.2835 0.2835 0.258 0.258 0.258 0.255 0.255 0.305 0.305 0.357 0.357 0.357 0.4525 0.4525 0.3835 0.3835 0.3615 0.3615 0.349 0.349 0.349 0.5145 0.5145 0.293 0.293 0.2925 0.2925 0.2925 0.273 0.273 0.278 0.278 0.276 0.276 0.276 0.286 0.286 0.3105 0.3105 0.278 0.278 0.278 0.2605 0.2605 0.2565 0.2565
0.3645 0.319 0.319 0.3025 0.3025 0.3025 0.279 0.279 0.2585 0.2585 0.271 0.271 0.2745 0.2745 0.2745 0.277 0.277 0.228 0.228 0.209 0.209 0.209 0.2135 0.2135 0.24 0.24 0.2435 0.2435 0.2435 0.28 0.28 0.2945 0.2945 0.3745 0.3745 0.3745 0.367 0.367 0.348 0.348 0.2445 0.2445 0.2445 0.3195 0.3195 0.354 0.354 0.289 0.289 0.34 0.34 0.34 0.3885 0.3885 0.3295 0.3295 0.3535 0.3535 0.3535 0.3215 0.3215 0.3495 0.3495 0.2935 0.2935 0.2935 0.2995 0.2995 0.318 0.318 0.2915 0.2915 0.2915 0.337 0.337 0.3505 0.3505
0.3645 0.319 0.319 0.3025 0.3025 0.3025 0.279 0.279 0.2585 0.2585 0.271 0.271 0.2745 0.2745 0.2745 0.277 0.277 0.228 0.228 0.209 0.209 0.209 0.2135 0.2135 0.24 0.24 0.2435 0.2435 0.2435 0.28 0.28 0.2945 0.2945 0.3745 0.3745 0.3745 0.367 0.367 0.348 0.348 0.2445 0.2445 0.2445 0.3195 0.3195 0.354 0.354 0.289 0.289 0.34 0.34 0.34 0.3885 0.3885 0.3295 0.3295 0.3535 0.3535 0.3535 0.3215 0.3215 0.3495 0.3495 0.2935 0.2935 0.2935 0.2995 0.2995 0.318 0.318 0.2915 0.2915 0.2915 0.337 0.337 0.3505 0.3505
0.263 0.274 0.274 0.3265 0.3265 0.3265 0.295 0.295 0.2595 0.2595 0.2655 0.2655 0.2815 0.2815 0.2815 0.3035 0.3035 0.2835 0.2835 0.2905 0.2905 0.2905 0.228 0.228 0.2715 0.2715 0.294 0.294 0.294 0.278 0.278 0.3235 0.3235 0.3675 0.3675 0.3675 0.249 0.249 0.276 0.276 0.3055 0.3055 0.3055 0.354 0.354 0.325 0.325 0.325 0.325 0.292 0.292 0.292 0.339 0.339 0.3015 0.3015 0.327 0.327 0.327 0.329 0.329 0.3635 0.3635 0.3565 0.3565 0.3565 0.3425 0.3425 0.3465 0.3465 0.3185 0.3185 0.3185 0.354 0.354 0.349 0.349
0.263 0.274 0.274 0.3265 0.3265 0.3265 0.295 0.295 0.2595 0.2595 0.2655 0.2655 0.2815 0.2815 0.2815 0.3035 0.3035 0.2835 0.2835 0.2905 0.2905 0.2905 0.228 0.228 0.2715 0.2715 0.294 0.294 0.294 0.278 0.278 0.3235 0.3235 0.3675 0.3675 0.3675 0.249 0.249 0.276 0.276 0.3055 0.3055 0.3055 0.354 0.354 0.325 0.325 0.325 0.325 0.292 0.292 0.292 0.339 0.339 0.3015 0.3015 0.327 0.327 0.327 0.329 0.329 0.3635 0.3635 0.3565 0.3565 0.3565 0.3425 0.3425 0.3465 0.3465 0.3185 0.3185 0.3185 0.354 0.354 0.349 0.349
0.269 0.341 0.341 0.3785 0.3785 0.3785 0.2905 0.2905 0.2825 0.2825 0.338 0.338 0.3255 0.3255 0.3255 0.2675 0.2675 0.246 0.246 0.229 0.229 0.229 0.2575 0.2575 0.28 0.28 0.291 0.291 0.291 0.284 0.284 0.305 0.305 0.398 0.398 0.398 0.383 0.383 0.355 0.355 0.3185 0.3185 0.3185 0.2885 0.2885 0.2815 0.2815 0.29 0.29 0.2935 0.2935 0.2935 0.322 0.322 0.363 0.363 0.342 0.342 0.342 0.3635 0.3635 0.3655 0.3655 0.317 0.317 0.317 0.339 0.339 0.329 0.329 0.343 0.343 0.343 0.372 0.372 0.283 0.283
0.269 0.341 0.341 0.3785 0.3785 0.3785 0.2905 0.2905 0.2825 0.2825 0.338 0.338 0.3255 0.3255 0.3255 0.2675 0.2675 0.246 0.246 0.229 0.229 0.229 0.2575 0.2575 0.28 0.28 0.291 0.291 0.291 0.284 0.284 0.305 0.305 0.398 0.398 0.398 0.383 0.383 0.355 0.355 0.3185 0.3185 0.3185 0.2885 0.2885 0.2815 0.2815 0.29 0.29 0.2935 0.2935 0.2935 0.322 0.322 0.363 0.363 0.342 0.342 0.342 0.3635 0.3635 0.3655 0.3655 0.317 0.317 0.317 0.339 0.339 0.329 0.329 0.343 0.343 0.343 0.372 0.372 0.283 0.283
0.269 0.341 0.341 0.3785 0.3785 0.3785 0.2905 0.2905 0.2825 0.2825 0.338 0.338 0.3255 0.3255 0.3255 0.2675 0.2675 0.246 0.246 0.229 0.229 0.229 0.2575 0.2575 0.28 0.28 0.291 0.291 0.291 0.284 0.284 0.305 0.305 0.398 0.398 0.398 0.383 0.383 0.355 0.355 0.3185 0.3185 0.3185 0.2885 0.2885 0.2815 0.2815 0.29 0.29 0.2935 0.2935 0.2935 0.322 0.322 0.363 0.363 0.342 0.342 0.342 0.3635 0.3635 0.3655 0.3655 0.317 0.317 0.317 0.339 0.339 0.329 0.329 0.343 0.343 0.343 0.372 0.372 0.283 0.283
0.2825 0.236 0.236 0.288 0.288 0.288 0.338 0.338 0.3085 0.3085 0.2985 0.2985 0.3 0.3 0.3 0.271 0.271 0.283 0.283 0.262 0.262 0.262 0.2565 0.2565 0.269 0.269 0.3105 0.3105 0.3105 0.3375 0.3375 0.325 0.325 0.3355 0.3355 0.3355 0.356 0.356 0.335 0.335 0.328 0.328 0.328 0.373 0.373 0.32 0.32 0.358 0.358 0.344 0.344 0.344 0.356 0.356 0.37 0.37 0.417 0.417 0.417 0.432 0.432 0.387 0.387 0.333 0.333 0.333 0.3595 0.3595 0.34 0.34 0.3785 0.3785 0.3785 0.372 0.372 0.3605 0.3605
0.2825 0.236 0.236 0.288 0.288 0.288 0.338 0.338 0.3085 0.3085 0.2985 0.2985 0.3 0.3 0.3 0.271 0.271 0.283 0.283 0.262 0.262 0.262 0.2565 0.2565 0.269 0.269 0.3105 0.3105 0.3105 0.3375 0.3375 0.325 0.325 0.3355 0.3355 0.3355 0.356 0.356 0.335 0.335 0.328 0.328 0.328 0.373 0.373 0.32 0.32 0.358 0.358 0.344 0.344 0.344 0.356 0.356 0.37 0.37 0.417 0.417 0.417 0.432 0.432 0.387 0.387 0.333 0.333 0.333 0.3595 0.3595 0.34 0.34 0.3785 0.3785 0.3785 0.372 0.372 0.3605 0.3605
0.2625 0.285 0.285 0.318 0.318 0.318 0.294 0.294 0.3355 0.3355 0.3395 0.3395 0.312 0.312 0.312 0.298 0.298 0.2935 0.2935 0.3025 0.3025 0.3025 0.3045 0.3045 0.28 0.28 0.3125 0.3125 0.3125 0.3065 0.3065 0.3485 0.3485 0.33 0.33 0.33 0.3275 0.3275 0.3405 0.3405 0.3435 0.3435 0.3435 0.4615 0.4615 0.501 0.501 0.4205 0.4205 0.375 0.375 0.375 0.369 0.369 0.398 0.398 0.377 0.377 0.377 0.4315 0.4315 0.357 0.357 0.3715 0.3715 0.3715 0.405 0.405 0.4085 0.4085 0.391 0.391 0.391 0.3995 0.3995 0.4205 0.4205
0.2625 0.285 0.285 0.318 0.318 0.318 0.294 0.294 0.3355 0.3355 0.3395 0.3395 0.312 0.312 0.312 0.298 0.298 0.2935 0.2935 0.3025 0.3025 0.3025 0.3045 0.3045 0.28 0.28 0.3125 0.3125 0.3125 0.3065 0.3065 0.3485 0.3485 0.33 0.33 0.33 0.3275 0.3275 0.3405 0.3405 0.3435 0.3435 0.3435 0.4615 0.4615 0.501 0.501 0.4205 0.4205 0.375 0.375 0.375 0.369 0.369 0.398 0.398 0.377 0.377 0.377 0.4315 0.4315 0.357 0.357 0.3715 0.3715 0.3715 0.405 0.405 0.4085 0.4085 0.391 0.391 0.391 0.3995 0.3995 0.4205 0.4205
0.302 0.2905 0.2905 0.287 0.287 0.287 0.309 0.309 0.304 0.304 0.3415 0.3415 0.3695 0.3695 0.3695 0.352 0.352 0.351 0.351 0.3095 0.3095 0.3095 0.375 0.375 0.363 0.363 0.332 0.332 0.332 0.3995 0.3995 0.434 0.434 0.471 0.471 0.471 0.4355 0.4355 0.5 0.5 0.4925 0.4925 0.4925 0.421 0.421 0.3975 0.3975 0.435 0.435 0.423 0.423 0.423 0.451 0.451 0.3955 0.3955 0.4575 0.4575 0.4575 0.4385 0.4385 0.433 0.433 0.415 0.415 0.415 0.462 0.462 0.4305 0.4305 0.4175 0.4175 0.4175 0.3875 0.3875 0.375 0.375
0.302 0.2905 0.2905 0.287 0.287 0.287 0.309 0.309 0.304 0.304 0.3415 0.3415 0.3695 0.3695 0.3695 0.352 0.352 0.351 0.351 0.3095 0.3095 0.3095 0.375 0.375 0.363 0.363 0.332 0.332 0.332 0.3995 0.3995 0.434 0.434 0.471 0.471 0.471 0.4355 0.4355 0.5 0.5 0.4925 0.4925 0.4925 0.421 0.421 0.3975 0.3975 0.435 0.435 0.423 0.423 0.423 0.451 0.451 0.3955 0.3955 0.4575 0.4575 0.4575 0.4385 0.4385 0.433 0.433 0.415 0.415 0.415 0.462 0.462 0.4305 0.4305 0.4175 0.4175 0.4175 0.3875 0.3875 0.375 0.375
0.302 0.2905 0.2905 0.287 0.287 0.287 0.309 0.309 0.304 0.304 0.3415 0.3415 0.3695 0.3695 0.3695 0.352 0.352 0.351 0.351 0.3095 0.3095 0.3095 0.375 0.375 0.363 0.363 0.332 0.332 0.332 0.3995 0.3995 0.434 0.434 0.471 0.471 0.471 0.4355 0.4355 0.5 0.5 0.4925 0.4925 0.4925 0.421 0.421 0.3975 0.3975 0.435 0.435 0.423 0.423 0.423 0.451 0.451 0.3955 0.3955 0.4575 0.4575 0.4575 0.4385 0.4385 0.433 0.433 0.415 0.415 0.415 0.462 0.462 0.4305 0.4305 0.4175 0.4175 0.4175 0.3875 0.3875 0.375 0.375
0.3415 0.2945 0.2945 0.3 0.3 0.3 0.432 0.432 0.3905 0.3905 0.3535 0.3535 0.3795 0.3795 0.3795 0.3655 0.3655 0.3865 0.3865 0.422 0.422 0.422 0.413 0.413 0.3945 0.3945 0.383 0.383 0.383 0.4305 0.4305 0.4885 0.4885 0.4255 0.4255 0.4255 0.412 0.412 0.347 0.347 0.357 0.357 0.357 0.463 0.463 0.53 0.53 0.509 0.509 0.472 0.472 0.472 0.452 0.452 0.438 0.438 0.4445 0.4445 0.4445 0.447 0.447 0.467 0.467 0.4555 0.4555 0.4555 0.446 0.446 0.4475 0.4475 0.4245 0.4245 0.4245 0.394 0.394 0.411 0.411
0.3415 0.2945 0.2945 0.3 0.3 0.3 0.432 0.432 0.3905 0.3905 0.3535 0.3535 0.3795 0.3795 0.3795 0.3655 0.3655 0.3865 0.3865 0.422 0.422 0.422 0.413 0.413 0.3945 0.3945 0.383 0.383 0.383 0.4305 0.4305 0.4885 0.4885 0.4255 0.4255 0.4255 0.412 0.412 0.347 0.347 0.357 0.357 0.357 0.463 0.463 0.53 0.53 0.509 0.509 0.472 0.472 0.472 0.452 0.452 0.438 0.438 0.4445 0.4445 0.4445 0.447 0.447 0.467 0.467 0.4555 0.4555 0.4555 0.446 0.446 0.4475 0.4475 0.4245 0.4245 0.4245 0.394 0.394 0.411 0.411
0.331 0.358 0.358 0.3475 0.3475 0.3475 0.384 0.384 0.3965 0.3965 0.3755 0.3755 0.3925 0.3925 0.3925 0.4075 0.4075 0.4385 0.4385 0.369 0.369 0.369 0.441 0.441 0.426 0.426 0.4155 0.4155 0.4155 0.5235 0.5235 0.3555 0.3555 0.353 0.353 0.353 0.3505 0.3505 0.41 0.41 0.3955 0.3955 0.3955 0.541 0.541 0.4885 0.4885 0.55 0.55 0.5015 0.5015 0.5015 0.454 0.454 0.456 0.456 0.4285 0.4285 0.4285 0.4435 0.4435 0.4805 0.4805 0.415 0.415 0.415 0.4305 0.4305 0.4335 0.4335 0.4195 0.4195 0.4195 0.393 0.393 0.3885 0.3885
0.331 0.358 0.358 0.3475 0.3475 0.3475 0.384 0.384 0.3965 0.3965 0.3755 0.3755 0.3925 0.3925 0.3925 0.4075 0.4075 0.4385 0.4385 0.369 0.369 0.369 0.441 0.441 0.426 0.426 0.4155 0.4155 0.4155 0.5235 0.5235 0.3555 0.3555 0.353 0.353 0.353 0.3505 0.3505 0.41 0.41 0.3955 0.3955 0.3955 0.541 0.541 0.4885 0.4885 0.55 0.55 0.5015 0.5015 0.5015 0.454 0.454 0.456 0.456 0.4285 0.4285 0.4285 0.4435 0.4435 0.4805 0.4805 0.415 0.415 0.415 0.4305 0.4305 0.4335 0.4335 0.4195 0.4195 0.4195 0.393 0.393 0.3885 0.3885
0.3335 0.339 0.339 0.3045 0.3045 0.3045 0.3885 0.3885 0.4205 0.4205 0.424 0.424 0.408 0.408 0.408 0.428 0.428 0.3915 0.3915 0.369 0.369 0.369 0.4305 0.4305 0.4395 0.4395 0.399 0.399 0.399 0.473 0.473 0.4065 0.4065 0.3705 0.3705 0.3705 0.3975 0.3975 0.4045 0.4045 0.4585 0.4585 0.4585 0.446 0.446 0.5135 0.5135 0.518 0.518 0.473 0.473 0.473 0.472 0.472 0.451 0.451 0.448 0.448 0.448 0.4195 0.4195 0.449 0.449 0.4465 0.4465 0.4465 0.493 0.493 0.4175 0.4175 0.4125 0.4125 0.4125 0.39 0.39 0.3845 0.3845
0.3335 0.339 0.339 0.3045 0.3045 0.3045 0.3885 0.3885 0.4205 0.4205 0.424 0.424 0.408 0.408 0.408 0.428 0.428 0.3915 0.3915 0.369 0.369 0.369 0.4305 0.4305 0.4395 0.4395 0.399 0.399 0.399 0.473 0.473 0.4065 0.4065 0.3705 0.3705 0.3705 0.3975 0.3975 0.4045 0.4045 0.4585 0.4585 0.4585 0.446 0.446 0.5135 0.5135 0.518 0.518 0.473 0.473 0.473 0.472 0.472 0.451 0.451 0.448 0.448 0.448 0.4195 0.4195 0.449 0.449 0.4465 0.4465 0.4465 0.493 0.493 0.4175 0.4175 0.4125 0.4125 0.4125 0.39 0.39 0.3845 0.3845
0.347 0.3585 0.3585 0.3485 0.3485 0.3485 0.304 0.304 0.435 0.435 0.4115 0.4115 0.3755 0.3755 0.3755 0.397 0.397 0.431 0.431 0.453 0.453 0.453 0.4255 0.4255 0.4285 0.4285 0.445 0.445 0.445 0.4335 0.4335 0.403 0.403 0.3675 0.3675 0.3675 0.3825 0.3825 0.4335 0.4335 0.4495 0.4495 0.4495 0.4795 0.4795 0.517 0.517 0.509 0.509 0.5385 0.5385 0.5385 0.498 0.498 0.474 0.474 0.508 0.508 0.508 0.5115 0.5115 0.4635 0.4635 0.4695 0.4695 0.4695 0.449 0.449 0.4625 0.4625 0.402 0.402 0.402 0.407 0.407 0.4245 0.4245
0.347 0.3585 0.3585 0.3485 0.3485 0.3485 0.304 0.304 0.435 0.435 0.4115 0.4115 0.3755 0.3755 0.3755 0.397 0.397 0.431 0.431 0.453 0.453 0.453 0.4255 0.4255 0.4285 0.4285 0.445 0.445 0.445 0.4335 0.4335 0.403 0.403 0.3675 0.3675 0.3675 0.3825 0.3825 0.4335 0.4335 0.4495 0.4495 0.4495 0.4795 0.4795 0.517 0.517 0.509 0.509 0.5385 0.5385 0.5385 0.498 0.498 0.474 0.474 0.508 0.508 0.508 0.5115 0.5115 0.4635 0.4635 0.4695 0.4695 0.4695 0.449 0.449 0.4625 0.4625 0.402 0.402 0.402 0.407 0.407 0.4245 0.4245
0.347 0.3585 0.3585 0.3485 0.3485 0.3485 0.304 0.304 0.435 0.435 0.4115 0.4115 0.3755 0.3755 0.3755 0.397 0.397 0.431 0.431 0.453 0.453 0.453 0.4255 0.4255 0.4285 0.4285 0.445 0.445 0.445 0.4335 0.4335 0.403 0.403 0.3675 0.3675 0.3675 0.3825 0.3825 0.4335 0.4335 0.4495 0.4495 0.4495 0.4795 0.4795 0.517 0.517 0.509 0.509 0.5385 0.5385 0.5385 0.498 0.498 0.474 0.474 0.508 0.508 0.508 0.5115 0.5115 0.4635 0.4635 0.4695 0.4695 0.4695 0.449 0.449 0.4625 0.4625 0.402 0.402 0.402 0.407 0.407 0.4245 0.4245
0.3395 0.348 0.348 0.317 0.317 0.317 0.3615 0.3615 0.3735 0.3735 0.3725 0.3725 0.3715 0.3715 0.3715 0.3885 0.3885 0.422 0.422 0.4485 0.4485 0.4485 0.473 0.473 0.455 0.455 0.451 0.451 0.451 0.4135 0.4135 0.3985 0.3985 0.3935 0.3935 0.3935 0.3365 0.3365 0.33 0.33 0.4575 0.4575 0.4575 0.4525 0.4525 0.499 0.499 0.4915 0.4915 0.55 0.55 0.55 0.5305 0.5305 0.5215 0.5215 0.5805 0.5805 0.5805 0.5615 0.5615 0.4955 0.4955 0.5475 0.5475 0.5475 0.4635 0.4635 0.413 0.413 0.4295 0.4295 0.4295 0.439 0.439 0.442 0.442
0.3395 0.348 0.348 0.317 0.317 0.317 0.3615 0.3615 0.3735 0.3735 0.3725 0.3725 0.3715 0.3715 0.3715 0.3885 0.3885 0.422 0.422 0.4485 0.4485 0.4485 0.473 0.473 0.455 0.455 0.451 0.451 0.451 0.4135 0.4135 0.3985 0.3985 0.3935 0.3935 0.3935 0.3365 0.3365 0.33 0.33 0.4575 0.4575 0.4575 0.4525 0.4525 0.499 0.499 0.4915 0.4915 0.55 0.55 0.55 0.5305 0.5305 0.5215 0.5215 0.5805 0.5805 0.5805 0.5615 0.5615 0.4955 0.4955 0.5475 0.5475 0.5475 0.4635 0.4635 0.413 0.413 0.4295 0.4295 0.4295 0.439 0.439 0.442 0.442
0.412 0.4145 0.4145 0.3555 0.3555 0.3555 0.3905 0.3905 0.354 0.354 0.3685 0.3685 0.4095 0.4095 0.4095 0.469 0.469 0.4175 0.4175 0.378 0.378 0.378 0.416 0.416 0.4575 0.4575 0.447 0.447 0.447 0.4915 0.4915 0.4595 0.4595 0.415 0.415 0.415 0.425 0.425 0.521 0.521 0.473 0.473 0.473 0.4855 0.4855 0.561 0.561 0.53 0.53 0.5365 0.5365 0.5365 0.5475 0.5475 0.601 0.601 0.5675 0.5675 0.5675 0.568 0.568 0.5395 0.5395 0.529 0.529 0.529 0.466 0.466 0.4525 0.4525 0.473 0.473 0.473 0.4195 0.4195 0.4 0.4
0.412 0.4145 0.4145 0.3555 0.3555 0.3555 0.3905 0.3905 0.354 0.354 0.3685 0.3685 0.4095 0.4095 0.4095 0.469 0.469 0.4175 0.4175 0.378 0.378 0.378 0.416 0.416 0.4575 0.4575 0.447 0.447 0.447 0.4915 0.4915 0.4595 0.4595 0.415 0.415 0.415 0.425 0.425 0.521 0.521 0.473 0.473 0.473 0.4855 0.4855 0.561 0.561 0.53 0.53 0.5365 0.5365 0.5365 0.5475 0.5475 0.601 0.601 0.5675 0.5675 0.5675 0.568 0.568 0.5395 0.5395 0.529 0.529 0.529 0.466 0.466 0.4525 0.4525 0.473 0.473 0.473 0.4195 0.4195 0.4 0.4
0.415 0.456 0.456 0.3705 0.3705 0.3705 0.376 0.376 0.388 0.388 0.416 0.416 0.417 0.417 0.417 0.4095 0.4095 0.4465 0.4465 0.4675 0.4675 0.4675 0.446 0.446 0.452 0.452 0.4595 0.4595 0.4595 0.464 0.464 0.423 0.423 0.3895 0.3895 0.3895 0.413 0.413 0.4015 0.4015 0.4335 0.4335 0.4335 0.4515 0.4515 0.5405 0.5405 0.5455 0.5455 0.5425 0.5425 0.5425 0.585 0.585 0.605 0.605 0.571 0.571 0.571 0.6075 0.6075 0.607 0.607 0.4855 0.4855 0.4855 0.498 0.498 0.44 0.44 0.474 0.474 0.474 0.4385 0.4385 0.451 0.451
0.415 0.456 0.456 0.3705 0.3705 0.3705 0.376 0.376 0.388 0.388 0.416 0.416 0.417 0.417 0.417 0.4095 0.4095 0.4465 0.4465 0.4675 0.4675 0.4675 0.446 0.446 0.452 0.452 0.4595 0.4595 0.4595 0.464 0.464 0.423 0.423 0.3895 0.3895 0.3895 0.413 0.413 0.4015 0.4015 0.4335 0.4335 0.4335 0.4515 0.4515 0.5405 0.5405 0.5455 0.5455 0.5425 0.5425 0.5425 0.585 0.585 0.605 0.605 0.571 0.571 0.571 0.6075 0.6075 0.607 0.607 0.4855 0.4855 0.4855 0.498 0.498 0.44 0.44 0.474 0.474 0.474 0.4385 0.4385 0.451 0.451
0.415 0.456 0.456 0.3705 0.3705 0.3705 0.376 0.376 0.388 0.388 0.416 0.416 0.417 0.417 0.417 0.4095 0.4095 0.4465 0.4465 0.4675 0.4675 0.4675 0.446 0.446 0.452 0.452 0.4595 0.4595 0.4595 0.464 0.464 0.423 0.423 0.3895 0.3895 0.3895 0.413 0.413 0.4015 0.4015 0.4335 0.4335 0.4335 0.4515 0.4515 0.5405 0.5405 0.5455 0.5455 0.5425 0.5425 0.5425 0.585 0.585 0.605 0.605 0.571 0.571 0.571 0.6075 0.6075 0.607 0.607 0.4855 0.4855 0.4855 0.498 0.498 0.44 0.44 0.474 0.474 0.474 0.4385 0.4385 0.451 0.451
