ndvi/NOAA-78.asc
ncols         252
nrows         154
xllcorner     -18.017974
yllcorner     13.481982
cellsize      0.035948
NODATA_value  -9999
[rows 68 to 101 of 154, columns 154 to 230 of 252]
0.145 0.1625 0.1625 0.1565 0.1565 0.1565 0.1605 0.1605 0.1955 0.1955 0.196 0.196 0.1875 0.1875 0.1875 0.216 0.216 0.241 0.241 0.241 0.241 0.241 0.2375 0.2375 0.2225 0.2225 0.195 0.195 0.195 0.221 0.221 0.221 0.221 0.2215 0.2215 0.2215 0.211 0.211 0.208 0.208 0.216 0.216 0.216 0.236 0.236 0.1995 0.1995 0.194 0.194 0.2115 0.2115 0.2115 0.2185 0.2185 0.2265 0.2265 0.2245 0.2245 0.2245 0.2235 0.2235 0.215 0.215 0.214 0.214 0.214 0.1885 0.1885 0.195 0.195 0.2255 0.2255 0.2255 0.214 0.214 0.2185 0.2185
0.175 0.1845 0.1845 0.1755 0.1755 0.1755 0.1965 0.1965 0.1865 0.1865 0.1785 0.1785 0.206 0.206 0.206 0.2365 0.2365 0.2335 0.2335 0.2255 0.2255 0.2255 0.2165 0.2165 0.23 0.23 0.2445 0.2445 0.2445 0.2295 0.2295 0.2255 0.2255 0.2095 0.2095 0.2095 0.209 0.209 0.207 0.207 0.223 0.223 0.223 0.2175 0.2175 0.207 0.207 0.2015 0.2015 0.2085 0.2085 0.2085 0.2015 0.2015 0.2385 0.2385 0.226 0.226 0.226 0.222 0.222 0.213 0.213 0.2035 0.2035 0.2035 0.201 0.201 0.213 0.213 0.218 0.218 0.218 0.212 0.212 0.2085 0.2085
0.175 0.1845 0.1845 0.1755 0.1755 0.1755 0.1965 0.1965 0.1865 0.1865 0.1785 0.1785 0.206 0.206 0.206 0.2365 0.2365 0.2335 0.2335 0.2255 0.2255 0.2255 0.2165 0.2165 0.23 0.23 0.2445 0.2445 0.2445 0.2295 0.2295 0.2255 0.2255 0.2095 0.2095 0.2095 0.209 0.209 0.207 0.207 0.223 0.223 0.223 0.2175 0.2175 0.207 0.207 0.2015 0.2015 0.2085 0.2085 0.2085 0.2015 0.2015 0.2385 0.2385 0.226 0.226 0.226 0.222 0.222 0.213 0.213 0.2035 0.2035 0.2035 0.201 0.201 0.213 0.213 0.218 0.218 0.218 0.212 0.212 0.2085 0.2085
0.182 0.1955 0.1955 0.2165 0.2165 0.2165 0.2125 0.2125 0.192 0.192 0.182 0.182 0.1925 0.1925 0.1925 0.2065 0.2065 0.2155 0.2155 0.216 0.216 0.216 0.207 0.207 0.2115 0.2115 0.225 0.225 0.225 0.2255 0.2255 0.243 0.243 0.225 0.225 0.225 0.218 0.218 0.2055 0.2055 0.2085 0.2085 0.2085 0.208 0.208 0.1905 0.1905 0.2115 0.2115 0.218 0.218 0.218 0.233 0.233 0.237 0.237 0.2285 0.2285 0.2285 0.2325 0.2325 0.2195 0.2195 0.221 0.221 0.221 0.2195 0.2195 0.2105 0.2105 0.1975 0.1975 0.1975 0.22 0.22 0.223 0.223
0.182 0.1955 0.1955 0.2165 0.2165 0.2165 0.2125 0.2125 0.192 0.192 0.182 0.182 0.1925 0.1925 0.1925 0.2065 0.2065 0.2155 0.2155 0.216 0.216 0.216 0.207 0.207 0.2115 0.2115 0.225 0.225 0.225 0.2255 0.2255 0.243 0.243 0.225 0.225 0.225 0.218 0.218 0.2055 0.2055 0.2085 0.2085 0.2085 0.208 0.208 0.1905 0.1905 0.2115 0.2115 0.218 0.218 0.218 0.233 0.233 0.237 0.237 0.2285 0.2285 0.2285 0.2325 0.2325 0.2195 0.2195 0.221 0.221 0.221 0.2195 0.2195 0.2105 0.2105 0.1975 0.1975 0.1975 0.22 0.22 0.223 0.223
0.182 0.1955 0.1955 0.2165 0.2165 0.2165 0.2125 0.2125 0.192 0.192 0.182 0.182 0.1925 0.1925 0.1925 0.2065 0.2065 0.2155 0.2155 0.216 0.216 0.216 0.207 0.207 0.2115 0.2115 0.225 0.225 0.225 0.2255 0.2255 0.243 0.243 0.225 0.225 0.225 0.218 0.218 0.2055 0.2055 0.2085 0.2085 0.2085 0.208 0.208 0.1905 0.1905 0.2115 0.2115 0.218 0.218 0.218 0.233 0.233 0.237 0.237 0.2285 0.2285 0.2285 0.2325 0.2325 0.2195 0.2195 0.221 0.221 0.221 0.2195 0.2195 0.2105 0.2105 0.1975 0.1975 0.1975 0.22 0.22 0.223 0.223
0.1785 0.216 0.216 0.2085 0.2085 0.2085 0.2025 0.2025 0.184 0.184 0.1715 0.1715 0.187 0.187 0.187 0.219 0.219 0.2155 0.2155 0.208 0.208 0.208 0.2045 0.2045 0.209 0.209 0.2245 0.2245 0.2245 0.2225 0.2225 0.2245 0.2245 0.241 0.241 0.241 0.2425 0.2425 0.246 0.246 0.2505 0.2505 0.2505 0.246 0.246 0.2425 0.2425 0.241 0.241 0.2335 0.2335 0.2335 0.2475 0.2475 0.243 0.243 0.2295 0.2295 0.2295 0.227 0.227 0.2255 0.2255 0.212 0.212 0.212 0.2185 0.2185 0.198 0.198 0.2135 0.2135 0.2135 0.2335 0.2335 0.239 0.239
0.1785 0.216 0.216 0.2085 0.2085 0.2085 0.2025 0.2025 0.184 0.184 0.1715 0.1715 0.187 0.187 0.187 0.219 0.219 0.2155 0.2155 0.208 0.208 0.208 0.2045 0.2045 0.209 0.209 0.2245 0.2245 0.2245 0.2225 0.2225 0.2245 0.2245 0.241 0.241 0.241 0.2425 0.2425 0.246 0.246 0.2505 0.2505 0.2505 0.246 0.246 0.2425 0.2425 0.241 0.241 0.2335 0.2335 0.2335 0.2475 0.2475 0.243 0.243 0.2295 0.2295 0.2295 0.227 0.227 0.2255 0.2255 0.212 0.212 0.212 0.2185 0.2185 0.198 0.198 0.2135 0.2135 0.2135 0.2335 0.2335 0.239 0.239
0.1395 0.1865 0.1865 0.199 0.199 0.199 0.178 0.178 0.179 0.179 0.1555 0.1555 0.1985 0.1985 0.1985 0.2115 0.2115 0.219 0.219 0.2195 0.2195 0.2195 0.2095 0.2095 0.223 0.223 0.206 0.206 0.206 0.2305 0.2305 0.2315 0.2315 0.2365 0.2365 0.2365 0.24 0.24 0.237 0.237 0.238 0.238 0.238 0.233 0.233 0.236 0.236 0.2545 0.2545 0.2455 0.2455 0.2455 0.254 0.254 0.239 0.239 0.2355 0.2355 0.2355 0.2325 0.2325 0.2315 0.2315 0.24 0.24 0.24 0.2175 0.2175 0.211 0.211 0.203 0.203 0.203 0.233 0.233 0.226 0.226
0.1395 0.1865 0.1865 0.199 0.199 0.199 0.178 0.178 0.179 0.179 0.1555 0.1555 0.1985 0.1985 0.1985 0.2115 0.2115 0.219 0.219 0.2195 0.2195 0.2195 0.2095 0.2095 0.223 0.223 0.206 0.206 0.206 0.2305 0.2305 0.2315 0.2315 0.2365 0.2365 0.2365 0.24 0.24 0.237 0.237 0.238 0.238 0.238 0.233 0.233 0.236 0.236 0.2545 0.2545 0.2455 0.2455 0.2455 0.254 0.254 0.239 0.239 0.2355 0.2355 0.2355 0.2325 0.2325 0.2315 0.2315 0.24 0.24 0.24 0.2175 0.2175 0.211 0.211 0.203 0.203 0.203 0.233 0.233 0.226 0.226
0.137 0.143 0.143 0.172 0.172 0.172 0.163 0.163 0.162 0.162 0.1745 0.1745 0.2005 0.2005 0.2005 0.2085 0.2085 0.21 0.21 0.2125 0.2125 0.2125 0.2095 0.2095 0.216 0.216 0.219 0.219 0.219 0.2225 0.2225 0.222 0.222 0.221 0.221 0.221 0.24 0.24 0.2335 0.2335 0.248 0.248 0.248 0.2355 0.2355 0.24 0.24 0.228 0.228 0.246 0.246 0.246 0.2485 0.2485 0.234 0.234 0.225 0.225 0.225 0.254 0.254 0.2565 0.2565 0.263 0.263 0.263 0.263 0.263 0.236 0.236 0.236 0.236 0.236 0.2235 0.2235 0.216 0.216
0.137 0.143 0.143 0.172 0.172 0.172 0.163 0.163 0.162 0.162 0.1745 0.1745 0.2005 0.2005 0.2005 0.2085 0.2085 0.21 0.21 0.2125 0.2125 0.2125 0.2095 0.2095 0.216 0.216 0.219 0.219 0.219 0.2225 0.2225 0.222 0.222 0.221 0.221 0.221 0.24 0.24 0.2335 0.2335 0.248 0.248 0.248 0.2355 0.2355 0.24 0.24 0.228 0.228 0.246 0.246 0.246 0.2485 0.2485 0.234 0.234 0.225 0.225 0.225 0.254 0.254 0.2565 0.2565 0.263 0.263 0.263 0.263 0.263 0.236 0.236 0.236 0.236 0.236 0.2235 0.2235 0.216 0.216
0.1325 0.1515 0.1515 0.149 0.149 0.149 0.1585 0.1585 0.1575 0.1575 0.169 0.169 0.202 0.202 0.202 0.214 0.214 0.2185 0.2185 0.2295 0.2295 0.2295 0.2405 0.2405 0.221 0.221 0.228 0.228 0.228 0.226 0.226 0.2175 0.2175 0.2365 0.2365 0.2365 0.237 0.237 0.219 0.219 0.245 0.245 0.245 0.2425 0.2425 0.236 0.236 0.2205 0.2205 0.239 0.239 0.239 0.242 0.242 0.247 0.247 0.265 0.265 0.265 0.2585 0.2585 0.2735 0.2735 0.268 0.268 0.268 0.2595 0.2595 0.24 0.24 0.232 0.232 0.232 0.2565 0.2565 0.256 0.256
0.1325 0.1515 0.1515 0.149 0.149 0.149 0.1585 0.1585 0.1575 0.1575 0.169 0.169 0.202 0.202 0.202 0.214 0.214 0.2185 0.2185 0.2295 0.2295 0.2295 0.2405 0.2405 0.221 0.221 0.228 0.228 0.228 0.226 0.226 0.2175 0.2175 0.2365 0.2365 0.2365 0.237 0.237 0.219 0.219 0.245 0.245 0.245 0.2425 0.2425 0.236 0.236 0.2205 0.2205 0.239 0.239 0.239 0.242 0.242 0.247 0.247 0.265 0.265 0.265 0.2585 0.2585 0.2735 0.2735 0.268 0.268 0.268 0.2595 0.2595 0.24 0.24 0.232 0.232 0.232 0.2565 0.2565 0.256 0.256
0.1325 0.1515 0.1515 0.149 0.149 0.149 0.1585 0.1585 0.1575 0.1575 0.169 0.169 0.202 0.202 0.202 0.214 0.214 0.2185 0.2185 0.2295 0.2295 0.2295 0.2405 0.2405 0.221 0.221 0.228 0.228 0.228 0.226 0.226 0.2175 0.2175 0.2365 0.2365 0.2365 0.237 0.237 0.219 0.219 0.245 0.245 0.245 0.2425 0.2425 0.236 0.236 0.2205 0.2205 0.239 0.239 0.239 0.242 0.242 0.247 0.247 0.265 0.265 0.265 0.2585 0.2585 0.2735 0.2735 0.268 0.268 0.268 0.2595 0.2595 0.24 0.24 0.232 0.232 0.232 0.2565 0.2565 0.256 0.256
0.145 0.1535 0.1535 0.1625 0.1625 0.1625 0.1555 0.1555 0.1625 0.1625 0.205 0.205 0.21 0.21 0.21 0.224 0.224 0.233 0.233 0.2455 0.2455 0.2455 0.2365 0.2365 0.2405 0.2405 0.2175 0.2175 0.2175 0.2225 0.2225 0.2115 0.2115 0.2265 0.2265 0.2265 0.2105 0.2105 0.224 0.224 0.2125 0.2125 0.2125 0.232 0.232 0.2225 0.2225 0.2375 0.2375 0.2555 0.2555 0.2555 0.263 0.263 0.262 0.262 0.267 0.267 0.267 0.276 0.276 0.263 0.263 0.268 0.268 0.268 0.27 0.27 0.253 0.253 0.263 0.263 0.263 0.2565 0.2565 0.2585 0.2585
0.145 0.1535 0.1535 0.1625 0.1625 0.1625 0.1555 0.1555 0.1625 0.1625 0.205 0.205 0.21 0.21 0.21 0.224 0.224 0.233 0.233 0.2455 0.2455 0.2455 0.2365 0.2365 0.2405 0.2405 0.2175 0.2175 0.2175 0.2225 0.2225 0.2115 0.2115 0.2265 0.2265 0.2265 0.2105 0.2105 0.224 0.224 0.2125 0.2125 0.2125 0.232 0.232 0.2225 0.2225 0.2375 0.2375 0.2555 0.2555 0.2555 0.263 0.263 0.262 0.262 0.267 0.267 0.267 0.276 0.276 0.263 0.263 0.268 0.268 0.268 0.27 0.27 0.253 0.253 0.263 0.263 0.263 0.2565 0.2565 0.2585 0.2585
0.1655 0.1735 0.1735 0.173 0.173 0.173 0.165 0.165 0.1895 0.1895 0.2075 0.2075 0.2195 0.2195 0.2195 0.2235 0.2235 0.2455 0.2455 0.252 0.252 0.252 0.247 0.247 0.2425 0.2425 0.2205 0.2205 0.2205 0.2295 0.2295 0.216 0.216 0.2165 0.2165 0.2165 0.214 0.214 0.227 0.227 0.228 0.228 0.228 0.234 0.234 0.2285 0.2285 0.244 0.244 0.252 0.252 0.252 0.2585 0.2585 0.257 0.257 0.26 0.26 0.26 0.2615 0.2615 0.2655 0.2655 0.2655 0.2655 0.2655 0.278 0.278 0.2595 0.2595 0.2615 0.2615 0.2615 0.267 0.267 0.264 0.264
0.1655 0.1735 0.1735 0.173 0.173 0.173 0.165 0.165 0.1895 0.1895 0.2075 0.2075 0.2195 0.2195 0.2195 0.2235 0.2235 0.2455 0.2455 0.252 0.252 0.252 0.247 0.247 0.2425 0.2425 0.2205 0.2205 0.2205 0.2295 0.2295 0.216 0.216 0.2165 0.2165 0.2165 0.214 0.214 0.227 0.227 0.228 0.228 0.228 0.234 0.234 0.2285 0.2285 0.244 0.244 0.252 0.252 0.252 0.2585 0.2585 0.257 0.257 0.26 0.26 0.26 0.2615 0.2615 0.2655 0.2655 0.2655 0.2655 0.2655 0.278 0.278 0.2595 0.2595 0.2615 0.2615 0.2615 0.267 0.267 0.264 0.264
0.184 0.1795 0.1795 0.1955 0.1955 0.1955 0.189 0.189 0.19 0.19 0.2135 0.2135 0.223 0.223 0.223 0.2385 0.2385 0.2375 0.2375 0.249 0.249 0.249 0.245 0.245 0.233 0.233 0.2215 0.2215 0.2215 0.2075 0.2075 0.2165 0.2165 0.2055 0.2055 0.2055 0.203 0.203 0.2225 0.2225 0.2305 0.2305 0.2305 0.239 0.239 0.236 0.236 0.2425 0.2425 0.2445 0.2445 0.2445 0.255 0.255 0.257 0.257 0.264 0.264 0.264 0.2505 0.2505 0.252 0.252 0.25 0.25 0.25 0.2655 0.2655 0.2665 0.2665 0.262 0.262 0.262 0.278 0.278 0.274 0.274
0.184 0.1795 0.1795 0.1955 0.1955 0.1955 0.189 0.189 0.19 0.19 0.2135 0.2135 0.223 0.223 0.223 0.2385 0.2385 0.2375 0.2375 0.249 0.249 0.249 0.245 0.245 0.233 0.233 0.2215 0.2215 0.2215 0.2075 0.2075 0.2165 0.2165 0.2055 0.2055 0.2055 0.203 0.203 0.2225 0.2225 0.2305 0.2305 0.2305 0.239 0.239 0.236 0.236 0.2425 0.2425 0.2445 0.2445 0.2445 0.255 0.255 0.257 0.257 0.264 0.264 0.264 0.2505 0.2505 0.252 0.252 0.25 0.25 0.25 0.2655 0.2655 0.2665 0.2665 0.262 0.262 0.262 0.278 0.278 0.274 0.274
0.184 0.1795 0.1795 0.1955 0.1955 0.1955 0.189 0.189 0.19 0.19 0.2135 0.2135 0.223 0.223 0.223 0.2385 0.2385 0.2375 0.2375 0.249 0.249 0.249 0.245 0.245 0.233 0.233 0.2215 0.2215 0.2215 0.2075 0.2075 0.2165 0.2165 0.2055 0.2055 0.2055 0.203 0.203 0.2225 0.2225 0.2305 0.2305 0.2305 0.239 0.239 0.236 0.236 0.2425 0.2425 0.2445 0.2445 0.2445 0.255 0.255 0.257 0.257 0.264 0.264 0.264 0.2505 0.2505 0.252 0.252 0.25 0.25 0.25 0.2655 0.2655 0.2665 0.2665 0.262 0.262 0.262 0.278 0.278 0.274 0.274
0.1835 0.195 0.195 0.206 0.206 0.206 0.2035 0.2035 0.2115 0.2115 0.2285 0.2285 0.2325 0.2325 0.2325 0.2465 0.2465 0.24 0.24 0.2335 0.2335 0.2335 0.232 0.232 0.2125 0.2125 0.193 0.193 0.193 0.2135 0.2135 0.2125 0.2125 0.2225 0.2225 0.2225 0.239 0.239 0.2585 0.2585 0.258 0.258 0.258 0.2395 0.2395 0.241 0.241 0.2285 0.2285 0.251 0.251 0.251 0.246 0.246 0.245 0.245 0.2515 0.2515 0.2515 0.2455 0.2455 0.252 0.252 0.2505 0.2505 0.2505 0.2635 0.2635 0.259 0.259 0.27 0.27 0.27 0.247 0.247 0.2495 0.2495
0.1835 0.195 0.195 0.206 0.206 0.206 0.2035 0.2035 0.2115 0.2115 0.2285 0.2285 0.2325 0.2325 0.2325 0.2465 0.2465 0.24 0.24 0.2335 0.2335 0.2335 0.232 0.232 0.2125 0.2125 0.193 0.193 0.193 0.2135 0.2135 0.2125 0.2125 0.2225 0.2225 0.2225 0.239 0.239 0.2585 0.2585 0.258 0.258 0.258 0.2395 0.2395 0.241 0.241 0.2285 0.2285 0.251 0.251 0.251 0.246 0.246 0.245 0.245 0.2515 0.2515 0.2515 0.2455 0.2455 0.252 0.252 0.2505 0.2505 0.2505 0.2635 0.2635 0.259 0.259 0.27 0.27 0.27 0.247 0.247 0.2495 0.2495
0.2085 0.205 0.205 0.218 0.218 0.218 0.228 0.228 0.2 0.2 0.2195 0.2195 0.24 0.24 0.24 0.2355 0.2355 0.244 0.244 0.233 0.233 0.233 0.234 0.234 0.224 0.224 0.2025 0.2025 0.2025 0.217 0.217 0.2275 0.2275 0.236 0.236 0.236 0.269 0.269 0.2545 0.2545 0.234 0.234 0.234 0.2305 0.2305 0.238 0.238 0.2375 0.2375 0.2335 0.2335 0.2335 0.247 0.247 0.2395 0.2395 0.2425 0.2425 0.2425 0.2385 0.2385 0.2405 0.2405 0.245 0.245 0.245 0.2565 0.2565 0.2555 0.2555 0.253 0.253 0.253 0.241 0.241 0.235 0.235
0.2085 0.205 0.205 0.218 0.218 0.218 0.228 0.228 0.2 0.2 0.2195 0.2195 0.24 0.24 0.24 0.2355 0.2355 0.244 0.244 0.233 0.233 0.233 0.234 0.234 0.224 0.224 0.2025 0.2025 0.2025 0.217 0.217 0.2275 0.2275 0.236 0.236 0.236 0.269 0.269 0.2545 0.2545 0.234 0.234 0.234 0.2305 0.2305 0.238 0.238 0.2375 0.2375 0.2335 0.2335 0.2335 0.247 0.247 0.2395 0.2395 0.2425 0.2425 0.2425 0.2385 0.2385 0.2405 0.2405 0.245 0.245 0.245 0.2565 0.2565 0.2555 0.2555 0.253 0.253 0.253 0.241 0.241 0.235 0.235
0.213 0.2155 0.2155 0.2165 0.2165 0.2165 0.226 0.226 0.202 0.202 0.2115 0.2115 0.2215 0.2215 0.2215 0.258 0.258 0.254 0.254 0.237 0.237 0.237 0.2075 0.2075 0.192 0.192 0.21 0.21 0.21 0.236 0.236 0.217 0.217 0.249 0.249 0.249 0.2375 0.2375 0.235 0.235 0.237 0.237 0.237 0.2395 0.2395 0.2505 0.2505 0.25 0.25 0.2295 0.2295 0.2295 0.233 0.233 0.2325 0.2325 0.2515 0.2515 0.2515 0.234 0.234 0.2455 0.2455 0.2435 0.2435 0.2435 0.2525 0.2525 0.2585 0.2585 0.2655 0.2655 0.2655 0.248 0.248 0.2625 0.2625
0.213 0.2155 0.2155 0.2165 0.2165 0.2165 0.226 0.226 0.202 0.202 0.2115 0.2115 0.2215 0.2215 0.2215 0.258 0.258 0.254 0.254 0.237 0.237 0.237 0.2075 0.2075 0.192 0.192 0.21 0.21 0.21 0.236 0.236 0.217 0.217 0.249 0.249 0.249 0.2375 0.2375 0.235 0.235 0.237 0.237 0.237 0.2395 0.2395 0.2505 0.2505 0.25 0.25 0.2295 0.2295 0.2295 0.233 0.233 0.2325 0.2325 0.2515 0.2515 0.2515 0.234 0.234 0.2455 0.2455 0.2435 0.2435 0.2435 0.2525 0.2525 0.2585 0.2585 0.2655 0.2655 0.2655 0.248 0.248 0.2625 0.2625
0.213 0.2155 0.2155 0.2165 0.2165 0.2165 0.226 0.226 0.202 0.202 0.2115 0.2115 0.2215 0.2215 0.2215 0.258 0.258 0.254 0.254 0.237 0.237 0.237 0.2075 0.2075 0.192 0.192 0.21 0.21 0.21 0.236 0.236 0.217 0.217 0.249 0.249 0.249 0.2375 0.2375 0.235 0.235 0.237 0.237 0.237 0.2395 0.2395 0.2505 0.2505 0.25 0.25 0.2295 0.2295 0.2295 0.233 0.233 0.2325 0.2325 0.2515 0.2515 0.2515 0.234 0.234 0.2455 0.2455 0.2435 0.2435 0.2435 0.2525 0.2525 0.2585 0.2585 0.2655 0.2655 0.2655 0.248 0.248 0.2625 0.2625
0.2185 0.2375 0.2375 0.2375 0.2375 0.2375 0.237 0.237 0.219 0.219 0.2195 0.2195 0.2295 0.2295 0.2295 0.2545 0.2545 0.244 0.244 0.236 0.236 0.236 0.225 0.225 0.2125 0.2125 0.2225 0.2225 0.2225 0.2375 0.2375 0.227 0.227 0.2255 0.2255 0.2255 0.2285 0.2285 0.242 0.242 0.236 0.236 0.236 0.249 0.249 0.2415 0.2415 0.252 0.252 0.225 0.225 0.225 0.2245 0.2245 0.217 0.217 0.2325 0.2325 0.2325 0.2135 0.2135 0.2305 0.2305 0.233 0.233 0.233 0.239 0.239 0.2405 0.2405 0.2485 0.2485 0.2485 0.2555 0.2555 0.253 0.253
0.2185 0.2375 0.2375 0.2375 0.2375 0.2375 0.237 0.237 0.219 0.219 0.2195 0.2195 0.2295 0.2295 0.2295 0.2545 0.2545 0.244 0.244 0.236 0.236 0.236 0.225 0.225 0.2125 0.2125 0.2225 0.2225 0.2225 0.2375 0.2375 0.227 0.227 0.2255 0.2255 0.2255 0.2285 0.2285 0.242 0.242 0.236 0.236 0.236 0.249 0.249 0.2415 0.2415 0.252 0.252 0.225 0.225 0.225 0.2245 0.2245 0.217 0.217 0.2325 0.2325 0.2325 0.2135 0.2135 0.2305 0.2305 0.233 0.233 0.233 0.239 0.239 0.2405 0.2405 0.2485 0.2485 0.2485 0.2555 0.2555 0.253 0.253
0.2375 0.2295 0.2295 0.2325 0.2325 0.2325 0.2105 0.2105 0.216 0.216 0.231 0.231 0.2265 0.2265 0.2265 0.2455 0.2455 0.2655 0.2655 0.255 0.255 0.255 0.2305 0.2305 0.2155 0.2155 0.2325 0.2325 0.2325 0.218 0.218 0.236 0.236 0.2385 0.2385 0.2385 0.233 0.233 0.232 0.232 0.244 0.244 0.244 0.2485 0.2485 0.2565 0.2565 0.221 0.221 0.251 0.251 0.251 0.2425 0.2425 0.236 0.236 0.2255 0.2255 0.2255 0.231 0.231 0.2295 0.2295 0.2245 0.2245 0.2245 0.24 0.24 0.222 0.222 0.2485 0.2485 0.2485 0.257 0.257 0.2155 0.2155
0.2375 0.2295 0.2295 0.2325 0.2325 0.2325 0.2105 0.2105 0.216 0.216 0.231 0.231 0.2265 0.2265 0.2265 0.2455 0.2455 0.2655 0.2655 0.255 0.255 0.255 0.2305 0.2305 0.2155 0.2155 0.2325 0.2325 0.2325 0.218 0.218 0.236 0.236 0.2385 0.2385 0.2385 0.233 0.233 0.232 0.232 0.244 0.244 0.244 0.2485 0.2485 0.2565 0.2565 0.221 0.221 0.251 0.251 0.251 0.2425 0.2425 0.236 0.236 0.2255 0.2255 0.2255 0.231 0.231 0.2295 0.2295 0.2245 0.2245 0.2245 0.24 0.24 0.222 0.222 0.2485 0.2485 0.2485 0.257 0.257 0.2155 0.2155
0.2245 0.2205 0.2205 0.2365 0.2365 0.2365 0.199 0.199 0.2165 0.2165 0.2245 0.2245 0.2315 0.2315 0.2315 0.241 0.241 0.24 0.24 0.258 0.258 0.258 0.2585 0.2585 0.2285 0.2285 0.232 0.232 0.232 0.2345 0.2345 0.2385 0.2385 0.2405 0.2405 0.2405 0.2385 0.2385 0.24 0.24 0.24 0.24 0.24 0.242 0.242 0.247 0.247 0.2395 0.2395 0.232 0.232 0.232 0.2245 0.2245 0.221 0.221 0.2355 0.2355 0.2355 0.2265 0.2265 0.2405 0.2405 0.238 0.238 0.238 0.2375 0.2375 0.218 0.218 0.225 0.225 0.225 0.2205 0.2205 0.2095 0.2095
