ndvi/NOAA-382.asc
ncols         252
nrows         154
xllcorner     -18.017974
yllcorner     13.481982
cellsize      0.035948
NODATA_value  -9999
[rows 34 to 67 of 154, columns 77 to 153 of 252]
0.1435 0.1435 0.135 0.135 0.1245 0.1245 0.1225 0.1225 0.1225 0.145 0.145 0.1605 0.1605 0.161 0.161 0.2165 0.2165 0.2165 0.217 0.217 0.2175 0.2175 0.215 0.215 0.215 0.1525 0.1525 0.168 0.168 0.159 0.159 0.159 0.157 0.157 0.159 0.159 0.1425 0.1425 0.1425 0.14 0.14 0.146 0.146 0.1655 0.1655 0.1655 0.131 0.131 0.1205 0.1205 0.137 0.137 0.1525 0.1525 0.1525 0.154 0.154 0.16 0.16 0.147 0.147 0.147 0.164 0.164 0.172 0.172 0.169 0.169 0.169 0.1315 0.1315 0.154 0.154 0.1325 0.1325 0.1325 0.148
0.1435 0.1435 0.135 0.135 0.1245 0.1245 0.1225 0.1225 0.1225 0.145 0.145 0.1605 0.1605 0.161 0.161 0.2165 0.2165 0.2165 0.217 0.217 0.2175 0.2175 0.215 0.215 0.215 0.1525 0.1525 0.168 0.168 0.159 0.159 0.159 0.157 0.157 0.159 0.159 0.1425 0.1425 0.1425 0.14 0.14 0.146 0.146 0.1655 0.1655 0.1655 0.131 0.131 0.1205 0.1205 0.137 0.137 0.1525 0.1525 0.1525 0.154 0.154 0.16 0.16 0.147 0.147 0.147 0.164 0.164 0.172 0.172 0.169 0.169 0.169 0.1315 0.1315 0.154 0.154 0.1325 0.1325 0.1325 0.148
0.1435 0.1435 0.135 0.135 0.1245 0.1245 0.1225 0.1225 0.1225 0.145 0.145 0.1605 0.1605 0.161 0.161 0.2165 0.2165 0.2165 0.217 0.217 0.2175 0.2175 0.215 0.215 0.215 0.1525 0.1525 0.168 0.168 0.159 0.159 0.159 0.157 0.157 0.159 0.159 0.1425 0.1425 0.1425 0.14 0.14 0.146 0.146 0.1655 0.1655 0.1655 0.131 0.131 0.1205 0.1205 0.137 0.137 0.1525 0.1525 0.1525 0.154 0.154 0.16 0.16 0.147 0.147 0.147 0.164 0.164 0.172 0.172 0.169 0.169 0.169 0.1315 0.1315 0.154 0.154 0.1325 0.1325 0.1325 0.148
0.1755 0.1755 0.1495 0.1495 0.1705 0.1705 0.1905 0.1905 0.1905 0.1685 0.1685 0.1455 0.1455 0.152 0.152 0.1605 0.1605 0.1605 0.1525 0.1525 0.1635 0.1635 0.1825 0.1825 0.1825 0.172 0.172 0.1595 0.1595 0.163 0.163 0.163 0.159 0.159 0.1585 0.1585 0.151 0.151 0.151 0.159 0.159 0.155 0.155 0.1665 0.1665 0.1665 0.155 0.155 0.143 0.143 0.146 0.146 0.1755 0.1755 0.1755 0.166 0.166 0.15 0.15 0.183 0.183 0.183 0.17 0.17 0.1675 0.1675 0.182 0.182 0.182 0.186 0.186 0.1755 0.1755 0.198 0.198 0.198 0.1425
0.1755 0.1755 0.1495 0.1495 0.1705 0.1705 0.1905 0.1905 0.1905 0.1685 0.1685 0.1455 0.1455 0.152 0.152 0.1605 0.1605 0.1605 0.1525 0.1525 0.1635 0.1635 0.1825 0.1825 0.1825 0.172 0.172 0.1595 0.1595 0.163 0.163 0.163 0.159 0.159 0.1585 0.1585 0.151 0.151 0.151 0.159 0.159 0.155 0.155 0.1665 0.1665 0.1665 0.155 0.155 0.143 0.143 0.146 0.146 0.1755 0.1755 0.1755 0.166 0.166 0.15 0.15 0.183 0.183 0.183 0.17 0.17 0.1675 0.1675 0.182 0.182 0.182 0.186 0.186 0.1755 0.1755 0.198 0.198 0.198 0.1425
0.161 0.161 0.1685 0.1685 0.164 0.164 0.1765 0.1765 0.1765 0.169 0.169 0.1455 0.1455 0.1435 0.1435 0.132 0.132 0.132 0.146 0.146 0.188 0.188 0.2005 0.2005 0.2005 0.1605 0.1605 0.152 0.152 0.161 0.161 0.161 0.1525 0.1525 0.143 0.143 0.151 0.151 0.151 0.138 0.138 0.129 0.129 0.151 0.151 0.151 0.2405 0.2405 0.2005 0.2005 0.175 0.175 0.2565 0.2565 0.2565 0.1895 0.1895 0.262 0.262 0.1915 0.1915 0.1915 0.209 0.209 0.21 0.21 0.185 0.185 0.185 0.174 0.174 0.1755 0.1755 0.1605 0.1605 0.1605 0.177
0.161 0.161 0.1685 0.1685 0.164 0.164 0.1765 0.1765 0.1765 0.169 0.169 0.1455 0.1455 0.1435 0.1435 0.132 0.132 0.132 0.146 0.146 0.188 0.188 0.2005 0.2005 0.2005 0.1605 0.1605 0.152 0.152 0.161 0.161 0.161 0.1525 0.1525 0.143 0.143 0.151 0.151 0.151 0.138 0.138 0.129 0.129 0.151 0.151 0.151 0.2405 0.2405 0.2005 0.2005 0.175 0.175 0.2565 0.2565 0.2565 0.1895 0.1895 0.262 0.262 0.1915 0.1915 0.1915 0.209 0.209 0.21 0.21 0.185 0.185 0.185 0.174 0.174 0.1755 0.1755 0.1605 0.1605 0.1605 0.177
0.168 0.168 0.143 0.143 0.1335 0.1335 0.1445 0.1445 0.1445 0.1465 0.1465 0.1495 0.1495 0.159 0.159 0.1535 0.1535 0.1535 0.146 0.146 0.1915 0.1915 0.2105 0.2105 0.2105 0.1795 0.1795 0.1805 0.1805 0.1585 0.1585 0.1585 0.1605 0.1605 0.1545 0.1545 0.1675 0.1675 0.1675 0.165 0.165 0.1695 0.1695 0.17 0.17 0.17 0.217 0.217 0.201 0.201 0.234 0.234 0.316 0.316 0.316 0.2335 0.2335 0.2895 0.2895 0.239 0.239 0.239 0.236 0.236 0.22 0.22 0.1585 0.1585 0.1585 0.177 0.177 0.2045 0.2045 0.18 0.18 0.18 0.1465
0.168 0.168 0.143 0.143 0.1335 0.1335 0.1445 0.1445 0.1445 0.1465 0.1465 0.1495 0.1495 0.159 0.159 0.1535 0.1535 0.1535 0.146 0.146 0.1915 0.1915 0.2105 0.2105 0.2105 0.1795 0.1795 0.1805 0.1805 0.1585 0.1585 0.1585 0.1605 0.1605 0.1545 0.1545 0.1675 0.1675 0.1675 0.165 0.165 0.1695 0.1695 0.17 0.17 0.17 0.217 0.217 0.201 0.201 0.234 0.234 0.316 0.316 0.316 0.2335 0.2335 0.2895 0.2895 0.239 0.239 0.239 0.236 0.236 0.22 0.22 0.1585 0.1585 0.1585 0.177 0.177 0.2045 0.2045 0.18 0.18 0.18 0.1465
0.168 0.168 0.143 0.143 0.1335 0.1335 0.1445 0.1445 0.1445 0.1465 0.1465 0.1495 0.1495 0.159 0.159 0.1535 0.1535 0.1535 0.146 0.146 0.1915 0.1915 0.2105 0.2105 0.2105 0.1795 0.1795 0.1805 0.1805 0.1585 0.1585 0.1585 0.1605 0.1605 0.1545 0.1545 0.1675 0.1675 0.1675 0.165 0.165 0.1695 0.1695 0.17 0.17 0.17 0.217 0.217 0.201 0.201 0.234 0.234 0.316 0.316 0.316 0.2335 0.2335 0.2895 0.2895 0.239 0.239 0.239 0.236 0.236 0.22 0.22 0.1585 0.1585 0.1585 0.177 0.177 0.2045 0.2045 0.18 0.18 0.18 0.1465
0.1865 0.1865 0.187 0.187 0.1995 0.1995 0.1885 0.1885 0.1885 0.1665 0.1665 0.1575 0.1575 0.1535 0.1535 0.1515 0.1515 0.1515 0.145 0.145 0.1585 0.1585 0.1775 0.1775 0.1775 0.183 0.183 0.1875 0.1875 0.177 0.177 0.177 0.1615 0.1615 0.173 0.173 0.188 0.188 0.188 0.1805 0.1805 0.168 0.168 0.187 0.187 0.187 0.206 0.206 0.2335 0.2335 0.2665 0.2665 0.2145 0.2145 0.2145 0.229 0.229 0.194 0.194 0.175 0.175 0.175 0.207 0.207 0.165 0.165 0.151 0.151 0.151 0.173 0.173 0.1515 0.1515 0.1545 0.1545 0.1545 0.1625
0.1865 0.1865 0.187 0.187 0.1995 0.1995 0.1885 0.1885 0.1885 0.1665 0.1665 0.1575 0.1575 0.1535 0.1535 0.1515 0.1515 0.1515 0.145 0.145 0.1585 0.1585 0.1775 0.1775 0.1775 0.183 0.183 0.1875 0.1875 0.177 0.177 0.177 0.1615 0.1615 0.173 0.173 0.188 0.188 0.188 0.1805 0.1805 0.168 0.168 0.187 0.187 0.187 0.206 0.206 0.2335 0.2335 0.2665 0.2665 0.2145 0.2145 0.2145 0.229 0.229 0.194 0.194 0.175 0.175 0.175 0.207 0.207 0.165 0.165 0.151 0.151 0.151 0.173 0.173 0.1515 0.1515 0.1545 0.1545 0.1545 0.1625
0.175 0.175 0.195 0.195 0.193 0.193 0.19 0.19 0.19 0.191 0.191 0.178 0.178 0.1405 0.1405 0.155 0.155 0.155 0.159 0.159 0.1565 0.1565 0.15 0.15 0.15 0.1725 0.1725 0.173 0.173 0.183 0.183 0.183 0.1975 0.1975 0.21 0.21 0.204 0.204 0.204 0.1805 0.1805 0.157 0.157 0.1765 0.1765 0.1765 0.229 0.229 0.2155 0.2155 0.211 0.211 0.198 0.198 0.198 0.2305 0.2305 0.2855 0.2855 0.204 0.204 0.204 0.263 0.263 0.1835 0.1835 0.186 0.186 0.186 0.1985 0.1985 0.158 0.158 0.1605 0.1605 0.1605 0.1695
0.175 0.175 0.195 0.195 0.193 0.193 0.19 0.19 0.19 0.191 0.191 0.178 0.178 0.1405 0.1405 0.155 0.155 0.155 0.159 0.159 0.1565 0.1565 0.15 0.15 0.15 0.1725 0.1725 0.173 0.173 0.183 0.183 0.183 0.1975 0.1975 0.21 0.21 0.204 0.204 0.204 0.1805 0.1805 0.157 0.157 0.1765 0.1765 0.1765 0.229 0.229 0.2155 0.2155 0.211 0.211 0.198 0.198 0.198 0.2305 0.2305 0.2855 0.2855 0.204 0.204 0.204 0.263 0.263 0.1835 0.1835 0.186 0.186 0.186 0.1985 0.1985 0.158 0.158 0.1605 0.1605 0.1605 0.1695
0.201 0.201 0.198 0.198 0.2195 0.2195 0.1935 0.1935 0.1935 0.2045 0.2045 0.203 0.203 0.2025 0.2025 0.223 0.223 0.223 0.225 0.225 0.2155 0.2155 0.1775 0.1775 0.1775 0.18 0.18 0.2255 0.2255 0.369 0.369 0.369 0.492 0.492 0.2345 0.2345 0.161 0.161 0.161 0.166 0.166 0.134 0.134 0.1895 0.1895 0.1895 0.2015 0.2015 0.1715 0.1715 0.214 0.214 0.21 0.21 0.21 0.1865 0.1865 0.2205 0.2205 0.189 0.189 0.189 0.2865 0.2865 0.272 0.272 0.2135 0.2135 0.2135 0.228 0.228 0.1665 0.1665 0.151 0.151 0.151 0.1505
0.201 0.201 0.198 0.198 0.2195 0.2195 0.1935 0.1935 0.1935 0.2045 0.2045 0.203 0.203 0.2025 0.2025 0.223 0.223 0.223 0.225 0.225 0.2155 0.2155 0.1775 0.1775 0.1775 0.18 0.18 0.2255 0.2255 0.369 0.369 0.369 0.492 0.492 0.2345 0.2345 0.161 0.161 0.161 0.166 0.166 0.134 0.134 0.1895 0.1895 0.1895 0.2015 0.2015 0.1715 0.1715 0.214 0.214 0.21 0.21 0.21 0.1865 0.1865 0.2205 0.2205 0.189 0.189 0.189 0.2865 0.2865 0.272 0.272 0.2135 0.2135 0.2135 0.228 0.228 0.1665 0.1665 0.151 0.151 0.151 0.1505
0.201 0.201 0.198 0.198 0.2195 0.2195 0.1935 0.1935 0.1935 0.2045 0.2045 0.203 0.203 0.2025 0.2025 0.223 0.223 0.223 0.225 0.225 0.2155 0.2155 0.1775 0.1775 0.1775 0.18 0.18 0.2255 0.2255 0.369 0.369 0.369 0.492 0.492 0.2345 0.2345 0.161 0.161 0.161 0.166 0.166 0.134 0.134 0.1895 0.1895 0.1895 0.2015 0.2015 0.1715 0.1715 0.214 0.214 0.21 0.21 0.21 0.1865 0.1865 0.2205 0.2205 0.189 0.189 0.189 0.2865 0.2865 0.272 0.272 0.2135 0.2135 0.2135 0.228 0.228 0.1665 0.1665 0.151 0.151 0.151 0.1505
0.201 0.201 0.204 0.204 0.22 0.22 0.225 0.225 0.225 0.259 0.259 0.227 0.227 0.2415 0.2415 0.2185 0.2185 0.2185 0.241 0.241 0.2215 0.2215 0.2045 0.2045 0.2045 0.1895 0.1895 0.2325 0.2325 0.334 0.334 0.334 0.327 0.327 0.241 0.241 0.2205 0.2205 0.2205 0.146 0.146 0.1385 0.1385 0.146 0.146 0.146 0.157 0.157 0.1575 0.1575 0.168 0.168 0.195 0.195 0.195 0.195 0.195 0.2 0.2 0.18 0.18 0.18 0.183 0.183 0.2295 0.2295 0.3355 0.3355 0.3355 0.2665 0.2665 0.287 0.287 0.222 0.222 0.222 0.223
0.201 0.201 0.204 0.204 0.22 0.22 0.225 0.225 0.225 0.259 0.259 0.227 0.227 0.2415 0.2415 0.2185 0.2185 0.2185 0.241 0.241 0.2215 0.2215 0.2045 0.2045 0.2045 0.1895 0.1895 0.2325 0.2325 0.334 0.334 0.334 0.327 0.327 0.241 0.241 0.2205 0.2205 0.2205 0.146 0.146 0.1385 0.1385 0.146 0.146 0.146 0.157 0.157 0.1575 0.1575 0.168 0.168 0.195 0.195 0.195 0.195 0.195 0.2 0.2 0.18 0.18 0.18 0.183 0.183 0.2295 0.2295 0.3355 0.3355 0.3355 0.2665 0.2665 0.287 0.287 0.222 0.222 0.222 0.223
0.207 0.207 0.253 0.253 0.27 0.27 0.286 0.286 0.286 0.3115 0.3115 0.245 0.245 0.224 0.224 0.193 0.193 0.193 0.2145 0.2145 0.1855 0.1855 0.1785 0.1785 0.1785 0.1815 0.1815 0.2135 0.2135 0.186 0.186 0.186 0.1795 0.1795 0.23 0.23 0.182 0.182 0.182 0.184 0.184 0.145 0.145 0.132 0.132 0.132 0.135 0.135 0.117 0.117 0.186 0.186 0.217 0.217 0.217 0.179 0.179 0.207 0.207 0.2305 0.2305 0.2305 0.2365 0.2365 0.271 0.271 0.2745 0.2745 0.2745 0.2635 0.2635 0.301 0.301 0.2915 0.2915 0.2915 0.145
0.207 0.207 0.253 0.253 0.27 0.27 0.286 0.286 0.286 0.3115 0.3115 0.245 0.245 0.224 0.224 0.193 0.193 0.193 0.2145 0.2145 0.1855 0.1855 0.1785 0.1785 0.1785 0.1815 0.1815 0.2135 0.2135 0.186 0.186 0.186 0.1795 0.1795 0.23 0.23 0.182 0.182 0.182 0.184 0.184 0.145 0.145 0.132 0.132 0.132 0.135 0.135 0.117 0.117 0.186 0.186 0.217 0.217 0.217 0.179 0.179 0.207 0.207 0.2305 0.2305 0.2305 0.2365 0.2365 0.271 0.271 0.2745 0.2745 0.2745 0.2635 0.2635 0.301 0.301 0.2915 0.2915 0.2915 0.145
0.3145 0.3145 0.3055 0.3055 0.2725 0.2725 0.3005 0.3005 0.3005 0.364 0.364 0.3775 0.3775 0.231 0.231 0.205 0.205 0.205 0.217 0.217 0.2155 0.2155 0.1935 0.1935 0.1935 0.175 0.175 0.162 0.162 0.172 0.172 0.172 0.1705 0.1705 0.2035 0.2035 0.275 0.275 0.275 0.2995 0.2995 0.154 0.154 0.139 0.139 0.139 0.142 0.142 0.2365 0.2365 0.195 0.195 0.208 0.208 0.208 0.206 0.206 0.2245 0.2245 0.227 0.227 0.227 0.272 0.272 0.288 0.288 0.2875 0.2875 0.2875 0.2865 0.2865 0.3135 0.3135 0.184 0.184 0.184 0.134
0.3145 0.3145 0.3055 0.3055 0.2725 0.2725 0.3005 0.3005 0.3005 0.364 0.364 0.3775 0.3775 0.231 0.231 0.205 0.205 0.205 0.217 0.217 0.2155 0.2155 0.1935 0.1935 0.1935 0.175 0.175 0.162 0.162 0.172 0.172 0.172 0.1705 0.1705 0.2035 0.2035 0.275 0.275 0.275 0.2995 0.2995 0.154 0.154 0.139 0.139 0.139 0.142 0.142 0.2365 0.2365 0.195 0.195 0.208 0.208 0.208 0.206 0.206 0.2245 0.2245 0.227 0.227 0.227 0.272 0.272 0.288 0.288 0.2875 0.2875 0.2875 0.2865 0.2865 0.3135 0.3135 0.184 0.184 0.184 0.134
0.3165 0.3165 0.3095 0.3095 0.299 0.299 0.31 0.31 0.31 0.2785 0.2785 0.239 0.239 0.235 0.235 0.236 0.236 0.236 0.1915 0.1915 0.234 0.234 0.209 0.209 0.209 0.211 0.211 0.227 0.227 0.1965 0.1965 0.1965 0.1925 0.1925 0.1895 0.1895 0.2745 0.2745 0.2745 0.213 0.213 0.173 0.173 0.148 0.148 0.148 0.1535 0.1535 0.161 0.161 0.188 0.188 0.195 0.195 0.195 0.214 0.214 0.228 0.228 0.286 0.286 0.286 0.267 0.267 0.2905 0.2905 0.2115 0.2115 0.2115 0.2535 0.2535 0.306 0.306 0.138 0.138 0.138 0.1405
0.3165 0.3165 0.3095 0.3095 0.299 0.299 0.31 0.31 0.31 0.2785 0.2785 0.239 0.239 0.235 0.235 0.236 0.236 0.236 0.1915 0.1915 0.234 0.234 0.209 0.209 0.209 0.211 0.211 0.227 0.227 0.1965 0.1965 0.1965 0.1925 0.1925 0.1895 0.1895 0.2745 0.2745 0.2745 0.213 0.213 0.173 0.173 0.148 0.148 0.148 0.1535 0.1535 0.161 0.161 0.188 0.188 0.195 0.195 0.195 0.214 0.214 0.228 0.228 0.286 0.286 0.286 0.267 0.267 0.2905 0.2905 0.2115 0.2115 0.2115 0.2535 0.2535 0.306 0.306 0.138 0.138 0.138 0.1405
0.3165 0.3165 0.3095 0.3095 0.299 0.299 0.31 0.31 0.31 0.2785 0.2785 0.239 0.239 0.235 0.235 0.236 0.236 0.236 0.1915 0.1915 0.234 0.234 0.209 0.209 0.209 0.211 0.211 0.227 0.227 0.1965 0.1965 0.1965 0.1925 0.1925 0.1895 0.1895 0.2745 0.2745 0.2745 0.213 0.213 0.173 0.173 0.148 0.148 0.148 0.1535 0.1535 0.161 0.161 0.188 0.188 0.195 0.195 0.195 0.214 0.214 0.228 0.228 0.286 0.286 0.286 0.267 0.267 0.2905 0.2905 0.2115 0.2115 0.2115 0.2535 0.2535 0.306 0.306 0.138 0.138 0.138 0.1405
0.3125 0.3125 0.2985 0.2985 0.342 0.342 0.3505 0.3505 0.3505 0.2265 0.2265 0.2115 0.2115 0.248 0.248 0.249 0.249 0.249 0.181 0.181 0.195 0.195 0.2235 0.2235 0.2235 0.202 0.202 0.1885 0.1885 0.1995 0.1995 0.1995 0.239 0.239 0.3485 0.3485 0.3395 0.3395 0.3395 0.274 0.274 0.294 0.294 0.263 0.263 0.263 0.2395 0.2395 0.1765 0.1765 0.1225 0.1225 0.1375 0.1375 0.1375 0.19 0.19 0.277 0.277 0.3895 0.3895 0.3895 0.4725 0.4725 0.472 0.472 0.3585 0.3585 0.3585 0.291 0.291 0.231 0.231 0.156 0.156 0.156 0.119
0.3125 0.3125 0.2985 0.2985 0.342 0.342 0.3505 0.3505 0.3505 0.2265 0.2265 0.2115 0.2115 0.248 0.248 0.249 0.249 0.249 0.181 0.181 0.195 0.195 0.2235 0.2235 0.2235 0.202 0.202 0.1885 0.1885 0.1995 0.1995 0.1995 0.239 0.239 0.3485 0.3485 0.3395 0.3395 0.3395 0.274 0.274 0.294 0.294 0.263 0.263 0.263 0.2395 0.2395 0.1765 0.1765 0.1225 0.1225 0.1375 0.1375 0.1375 0.19 0.19 0.277 0.277 0.3895 0.3895 0.3895 0.4725 0.4725 0.472 0.472 0.3585 0.3585 0.3585 0.291 0.291 0.231 0.231 0.156 0.156 0.156 0.119
0.342 0.342 0.281 0.281 0.2095 0.2095 0.2515 0.2515 0.2515 0.26 0.26 0.311 0.311 0.1735 0.1735 0.2015 0.2015 0.2015 0.1345 0.1345 0.2115 0.2115 0.225 0.225 0.225 0.272 0.272 0.262 0.262 0.2505 0.2505 0.2505 0.346 0.346 0.375 0.375 0.386 0.386 0.386 0.257 0.257 0.345 0.345 0.2865 0.2865 0.2865 0.2195 0.2195 0.173 0.173 0.2015 0.2015 0.223 0.223 0.223 0.1915 0.1915 0.2425 0.2425 0.282 0.282 0.282 0.3555 0.3555 0.462 0.462 0.2765 0.2765 0.2765 0.2685 0.2685 0.2435 0.2435 0.203 0.203 0.203 0.1465
0.342 0.342 0.281 0.281 0.2095 0.2095 0.2515 0.2515 0.2515 0.26 0.26 0.311 0.311 0.1735 0.1735 0.2015 0.2015 0.2015 0.1345 0.1345 0.2115 0.2115 0.225 0.225 0.225 0.272 0.272 0.262 0.262 0.2505 0.2505 0.2505 0.346 0.346 0.375 0.375 0.386 0.386 0.386 0.257 0.257 0.345 0.345 0.2865 0.2865 0.2865 0.2195 0.2195 0.173 0.173 0.2015 0.2015 0.223 0.223 0.223 0.1915 0.1915 0.2425 0.2425 0.282 0.282 0.282 0.3555 0.3555 0.462 0.462 0.2765 0.2765 0.2765 0.2685 0.2685 0.2435 0.2435 0.203 0.203 0.203 0.1465
0.2695 0.2695 0.3085 0.3085 0.323 0.323 0.4015 0.4015 0.4015 0.194 0.194 0.253 0.253 0.129 0.129 0.1665 0.1665 0.1665 0.2045 0.2045 0.245 0.245 0.2285 0.2285 0.2285 0.302 0.302 0.301 0.301 0.303 0.303 0.303 0.3675 0.3675 0.3685 0.3685 0.3315 0.3315 0.3315 0.343 0.343 0.2995 0.2995 0.3165 0.3165 0.3165 0.272 0.272 0.1755 0.1755 0.1545 0.1545 0.3125 0.3125 0.3125 0.231 0.231 0.2255 0.2255 0.2935 0.2935 0.2935 0.316 0.316 0.42 0.42 0.336 0.336 0.336 0.376 0.376 0.258 0.258 0.2385 0.2385 0.2385 0.2355
0.2695 0.2695 0.3085 0.3085 0.323 0.323 0.4015 0.4015 0.4015 0.194 0.194 0.253 0.253 0.129 0.129 0.1665 0.1665 0.1665 0.2045 0.2045 0.245 0.245 0.2285 0.2285 0.2285 0.302 0.302 0.301 0.301 0.303 0.303 0.303 0.3675 0.3675 0.3685 0.3685 0.3315 0.3315 0.3315 0.343 0.343 0.2995 0.2995 0.3165 0.3165 0.3165 0.272 0.272 0.1755 0.1755 0.1545 0.1545 0.3125 0.3125 0.3125 0.231 0.231 0.2255 0.2255 0.2935 0.2935 0.2935 0.316 0.316 0.42 0.42 0.336 0.336 0.336 0.376 0.376 0.258 0.258 0.2385 0.2385 0.2385 0.2355
0.2695 0.2695 0.3085 0.3085 0.323 0.323 0.4015 0.4015 0.4015 0.194 0.194 0.253 0.253 0.129 0.129 0.1665 0.1665 0.1665 0.2045 0.2045 0.245 0.245 0.2285 0.2285 0.2285 0.302 0.302 0.301 0.301 0.303 0.303 0.303 0.3675 0.3675 0.3685 0.3685 0.3315 0.3315 0.3315 0.343 0.343 0.2995 0.2995 0.3165 0.3165 0.3165 0.272 0.272 0.1755 0.1755 0.1545 0.1545 0.3125 0.3125 0.3125 0.231 0.231 0.2255 0.2255 0.2935 0.2935 0.2935 0.316 0.316 0.42 0.42 0.336 0.336 0.336 0.376 0.376 0.258 0.258 0.2385 0.2385 0.2385 0.2355
0.3385 0.3385 0.299 0.299 0.3595 0.3595 0.293 0.293 0.293 0.2875 0.2875 0.306 0.306 0.2165 0.2165 0.256 0.256 0.256 0.2385 0.2385 0.234 0.234 0.2245 0.2245 0.2245 0.265 0.265 0.3095 0.3095 0.361 0.361 0.361 0.356 0.356 0.3465 0.3465 0.345 0.345 0.345 0.3275 0.3275 0.255 0.255 0.211 0.211 0.211 0.199 0.199 0.2225 0.2225 0.2315 0.2315 0.3175 0.3175 0.3175 0.2615 0.2615 0.2765 0.2765 0.2845 0.2845 0.2845 0.35 0.35 0.3625 0.3625 0.346 0.346 0.346 0.348 0.348 0.2305 0.2305 0.156 0.156 0.156 0.2135
