ndvi/NOAA-250.asc
ncols         252
nrows         154
xllcorner     -18.017974
yllcorner     13.481982
cellsize      0.035948
NODATA_value  -9999
[rows 102 to 135 of 154, columns 77 to 153 of 252]
0.2745 0.2745 0.275 0.275 0.298 0.298 0.29 0.29 0.29 0.294 0.294 0.3621 0.3621 0.3315 0.3315 0.3435 0.3435 0.3435 0.3335 0.3335 0.3055 0.3055 0.3025 0.3025 0.3025 0.3085 0.3085 0.3245 0.3245 0.3305 0.3305 0.3305 0.3395 0.3395 0.3285 0.3285 0.355 0.355 0.355 0.3805 0.3805 0.388 0.388 0.3865 0.3865 0.3865 0.374 0.374 0.372 0.372 0.387 0.387 0.3975 0.3975 0.3975 0.3735 0.3735 0.328 0.328 0.3305 0.3305 0.3305 0.2975 0.2975 0.3515 0.3515 0.394 0.394 0.394 0.437 0.437 0.407 0.407 0.367 0.367 0.367 0.373
0.333 0.333 0.299 0.299 0.3025 0.3025 0.336 0.336 0.336 0.3595 0.3595 0.3605 0.3605 0.326 0.326 0.327 0.327 0.327 0.3415 0.3415 0.3795 0.3795 0.3845 0.3845 0.3845 0.3875 0.3875 0.3645 0.3645 0.349 0.349 0.349 0.3515 0.3515 0.387 0.387 0.4015 0.4015 0.4015 0.3795 0.3795 0.3865 0.3865 0.38 0.38 0.38 0.408 0.408 0.3965 0.3965 0.4215 0.4215 0.3985 0.3985 0.3985 0.386 0.386 0.3445 0.3445 0.355 0.355 0.355 0.3295 0.3295 0.3125 0.3125 0.374 0.374 0.374 0.392 0.392 0.348 0.348 0.3395 0.3395 0.3395 0.334
0.333 0.333 0.299 0.299 0.3025 0.3025 0.336 0.336 0.336 0.3595 0.3595 0.3605 0.3605 0.326 0.326 0.327 0.327 0.327 0.3415 0.3415 0.3795 0.3795 0.3845 0.3845 0.3845 0.3875 0.3875 0.3645 0.3645 0.349 0.349 0.349 0.3515 0.3515 0.387 0.387 0.4015 0.4015 0.4015 0.3795 0.3795 0.3865 0.3865 0.38 0.38 0.38 0.408 0.408 0.3965 0.3965 0.4215 0.4215 0.3985 0.3985 0.3985 0.386 0.386 0.3445 0.3445 0.355 0.355 0.355 0.3295 0.3295 0.3125 0.3125 0.374 0.374 0.374 0.392 0.392 0.348 0.348 0.3395 0.3395 0.3395 0.334
0.333 0.333 0.299 0.299 0.3025 0.3025 0.336 0.336 0.336 0.3595 0.3595 0.3605 0.3605 0.326 0.326 0.327 0.327 0.327 0.3415 0.3415 0.3795 0.3795 0.3845 0.3845 0.3845 0.3875 0.3875 0.3645 0.3645 0.349 0.349 0.349 0.3515 0.3515 0.387 0.387 0.4015 0.4015 0.4015 0.3795 0.3795 0.3865 0.3865 0.38 0.38 0.38 0.408 0.408 0.3965 0.3965 0.4215 0.4215 0.3985 0.3985 0.3985 0.386 0.386 0.3445 0.3445 0.355 0.355 0.355 0.3295 0.3295 0.3125 0.3125 0.374 0.374 0.374 0.392 0.392 0.348 0.348 0.3395 0.3395 0.3395 0.334
0.3831 0.3831 0.3425 0.3425 0.352 0.352 0.3395 0.3395 0.3395 0.3801 0.3801 0.3671 0.3671 0.3125 0.3125 0.3465 0.3465 0.3465 0.375 0.375 0.3795 0.3795 0.4065 0.4065 0.4065 0.417 0.417 0.3905 0.3905 0.3545 0.3545 0.3545 0.368 0.368 0.4245 0.4245 0.3845 0.3845 0.3845 0.3855 0.3855 0.3915 0.3915 0.3845 0.3845 0.3845 0.394 0.394 0.4215 0.4215 0.4285 0.4285 0.4005 0.4005 0.4005 0.399 0.399 0.382 0.382 0.33 0.33 0.33 0.381 0.381 0.3625 0.3625 0.3475 0.3475 0.3475 0.316 0.316 0.356 0.356 0.332 0.332 0.332 0.363
0.3831 0.3831 0.3425 0.3425 0.352 0.352 0.3395 0.3395 0.3395 0.3801 0.3801 0.3671 0.3671 0.3125 0.3125 0.3465 0.3465 0.3465 0.375 0.375 0.3795 0.3795 0.4065 0.4065 0.4065 0.417 0.417 0.3905 0.3905 0.3545 0.3545 0.3545 0.368 0.368 0.4245 0.4245 0.3845 0.3845 0.3845 0.3855 0.3855 0.3915 0.3915 0.3845 0.3845 0.3845 0.394 0.394 0.4215 0.4215 0.4285 0.4285 0.4005 0.4005 0.4005 0.399 0.399 0.382 0.382 0.33 0.33 0.33 0.381 0.381 0.3625 0.3625 0.3475 0.3475 0.3475 0.316 0.316 0.356 0.356 0.332 0.332 0.332 0.363
0.4076 0.4076 0.393 0.393 0.377 0.377 0.3811 0.3811 0.3811 0.399 0.399 0.3741 0.3741 0.4366 0.4366 0.4111 0.4111 0.4111 0.4211 0.4211 0.4085 0.4085 0.4001 0.4001 0.4001 0.4426 0.4426 0.424 0.424 0.4081 0.4081 0.4081 0.4111 0.4111 0.4216 0.4216 0.3935 0.3935 0.3935 0.3855 0.3855 0.392 0.392 0.396 0.396 0.396 0.4 0.4 0.4225 0.4225 0.412 0.412 0.4145 0.4145 0.4145 0.4225 0.4225 0.388 0.388 0.362 0.362 0.362 0.378 0.378 0.3925 0.3925 0.374 0.374 0.374 0.3515 0.3515 0.3545 0.3545 0.3805 0.3805 0.3805 0.4155
0.4076 0.4076 0.393 0.393 0.377 0.377 0.3811 0.3811 0.3811 0.399 0.399 0.3741 0.3741 0.4366 0.4366 0.4111 0.4111 0.4111 0.4211 0.4211 0.4085 0.4085 0.4001 0.4001 0.4001 0.4426 0.4426 0.424 0.424 0.4081 0.4081 0.4081 0.4111 0.4111 0.4216 0.4216 0.3935 0.3935 0.3935 0.3855 0.3855 0.392 0.392 0.396 0.396 0.396 0.4 0.4 0.4225 0.4225 0.412 0.412 0.4145 0.4145 0.4145 0.4225 0.4225 0.388 0.388 0.362 0.362 0.362 0.378 0.378 0.3925 0.3925 0.374 0.374 0.374 0.3515 0.3515 0.3545 0.3545 0.3805 0.3805 0.3805 0.4155
0.3615 0.3615 0.402 0.402 0.4005 0.4005 0.3935 0.3935 0.3935 0.4231 0.4231 0.419 0.419 0.4381 0.4381 0.4407 0.4407 0.4407 0.4416 0.4416 0.4146 0.4146 0.4637 0.4637 0.4637 0.4761 0.4761 0.4547 0.4547 0.438 0.438 0.438 0.4311 0.4311 0.4435 0.4435 0.4335 0.4335 0.4335 0.4065 0.4065 0.4225 0.4225 0.411 0.411 0.411 0.4145 0.4145 0.4295 0.4295 0.47 0.47 0.4545 0.4545 0.4545 0.4645 0.4645 0.452 0.452 0.42 0.42 0.42 0.429 0.429 0.4405 0.4405 0.4465 0.4465 0.4465 0.4605 0.4605 0.384 0.384 0.3605 0.3605 0.3605 0.4025
0.3615 0.3615 0.402 0.402 0.4005 0.4005 0.3935 0.3935 0.3935 0.4231 0.4231 0.419 0.419 0.4381 0.4381 0.4407 0.4407 0.4407 0.4416 0.4416 0.4146 0.4146 0.4637 0.4637 0.4637 0.4761 0.4761 0.4547 0.4547 0.438 0.438 0.438 0.4311 0.4311 0.4435 0.4435 0.4335 0.4335 0.4335 0.4065 0.4065 0.4225 0.4225 0.411 0.411 0.411 0.4145 0.4145 0.4295 0.4295 0.47 0.47 0.4545 0.4545 0.4545 0.4645 0.4645 0.452 0.452 0.42 0.42 0.42 0.429 0.429 0.4405 0.4405 0.4465 0.4465 0.4465 0.4605 0.4605 0.384 0.384 0.3605 0.3605 0.3605 0.4025
0.3615 0.3615 0.402 0.402 0.4005 0.4005 0.3935 0.3935 0.3935 0.4231 0.4231 0.419 0.419 0.4381 0.4381 0.4407 0.4407 0.4407 0.4416 0.4416 0.4146 0.4146 0.4637 0.4637 0.4637 0.4761 0.4761 0.4547 0.4547 0.438 0.438 0.438 0.4311 0.4311 0.4435 0.4435 0.4335 0.4335 0.4335 0.4065 0.4065 0.4225 0.4225 0.411 0.411 0.411 0.4145 0.4145 0.4295 0.4295 0.47 0.47 0.4545 0.4545 0.4545 0.4645 0.4645 0.452 0.452 0.42 0.42 0.42 0.429 0.429 0.4405 0.4405 0.4465 0.4465 0.4465 0.4605 0.4605 0.384 0.384 0.3605 0.3605 0.3605 0.4025
0.4091 0.4091 0.44 0.44 0.4345 0.4345 0.4755 0.4755 0.4755 0.465 0.465 0.4755 0.4755 0.4526 0.4526 0.4931 0.4931 0.4931 0.4881 0.4881 0.4786 0.4786 0.4686 0.4686 0.4686 0.4996 0.4996 0.488 0.488 0.4675 0.4675 0.4675 0.497 0.497 0.505 0.505 0.491 0.491 0.491 0.469 0.469 0.446 0.446 0.445 0.445 0.445 0.423 0.423 0.4445 0.4445 0.443 0.443 0.4425 0.4425 0.4425 0.4535 0.4535 0.4435 0.4435 0.4225 0.4225 0.4225 0.4355 0.4355 0.4521 0.4521 0.4455 0.4455 0.4455 0.44 0.44 0.4355 0.4355 0.3875 0.3875 0.3875 0.377
0.4091 0.4091 0.44 0.44 0.4345 0.4345 0.4755 0.4755 0.4755 0.465 0.465 0.4755 0.4755 0.4526 0.4526 0.4931 0.4931 0.4931 0.4881 0.4881 0.4786 0.4786 0.4686 0.4686 0.4686 0.4996 0.4996 0.488 0.488 0.4675 0.4675 0.4675 0.497 0.497 0.505 0.505 0.491 0.491 0.491 0.469 0.469 0.446 0.446 0.445 0.445 0.445 0.423 0.423 0.4445 0.4445 0.443 0.443 0.4425 0.4425 0.4425 0.4535 0.4535 0.4435 0.4435 0.4225 0.4225 0.4225 0.4355 0.4355 0.4521 0.4521 0.4455 0.4455 0.4455 0.44 0.44 0.4355 0.4355 0.3875 0.3875 0.3875 0.377
0.4146 0.4146 0.4416 0.4416 0.4326 0.4326 0.4525 0.4525 0.4525 0.4576 0.4576 0.4735 0.4735 0.4541 0.4541 0.4611 0.4611 0.4611 0.4836 0.4836 0.5111 0.5111 0.4981 0.4981 0.4981 0.492 0.492 0.509 0.509 0.5115 0.5115 0.5115 0.4896 0.4896 0.491 0.491 0.5095 0.5095 0.5095 0.4645 0.4645 0.448 0.448 0.45 0.45 0.45 0.455 0.455 0.417 0.417 0.4555 0.4555 0.448 0.448 0.448 0.435 0.435 0.4375 0.4375 0.441 0.441 0.441 0.4325 0.4325 0.4246 0.4246 0.439 0.439 0.439 0.4135 0.4135 0.423 0.423 0.393 0.393 0.393 0.3996
0.4146 0.4146 0.4416 0.4416 0.4326 0.4326 0.4525 0.4525 0.4525 0.4576 0.4576 0.4735 0.4735 0.4541 0.4541 0.4611 0.4611 0.4611 0.4836 0.4836 0.5111 0.5111 0.4981 0.4981 0.4981 0.492 0.492 0.509 0.509 0.5115 0.5115 0.5115 0.4896 0.4896 0.491 0.491 0.5095 0.5095 0.5095 0.4645 0.4645 0.448 0.448 0.45 0.45 0.45 0.455 0.455 0.417 0.417 0.4555 0.4555 0.448 0.448 0.448 0.435 0.435 0.4375 0.4375 0.441 0.441 0.441 0.4325 0.4325 0.4246 0.4246 0.439 0.439 0.439 0.4135 0.4135 0.423 0.423 0.393 0.393 0.393 0.3996
0.4401 0.4401 0.4876 0.4876 0.4736 0.4736 0.4656 0.4656 0.4656 0.4867 0.4867 0.492 0.492 0.493 0.493 0.4976 0.4976 0.4976 0.49 0.49 0.4796 0.4796 0.4881 0.4881 0.4881 0.5225 0.5225 0.4746 0.4746 0.4816 0.4816 0.4816 0.4526 0.4526 0.4745 0.4745 0.478 0.478 0.478 0.4541 0.4541 0.46 0.46 0.4475 0.4475 0.4475 0.4665 0.4665 0.464 0.464 0.4666 0.4666 0.4615 0.4615 0.4615 0.4515 0.4515 0.446 0.446 0.441 0.441 0.441 0.4395 0.4395 0.4255 0.4255 0.4065 0.4065 0.4065 0.39 0.39 0.398 0.398 0.3775 0.3775 0.3775 0.3795
0.4401 0.4401 0.4876 0.4876 0.4736 0.4736 0.4656 0.4656 0.4656 0.4867 0.4867 0.492 0.492 0.493 0.493 0.4976 0.4976 0.4976 0.49 0.49 0.4796 0.4796 0.4881 0.4881 0.4881 0.5225 0.5225 0.4746 0.4746 0.4816 0.4816 0.4816 0.4526 0.4526 0.4745 0.4745 0.478 0.478 0.478 0.4541 0.4541 0.46 0.46 0.4475 0.4475 0.4475 0.4665 0.4665 0.464 0.464 0.4666 0.4666 0.4615 0.4615 0.4615 0.4515 0.4515 0.446 0.446 0.441 0.441 0.441 0.4395 0.4395 0.4255 0.4255 0.4065 0.4065 0.4065 0.39 0.39 0.398 0.398 0.3775 0.3775 0.3775 0.3795
0.4401 0.4401 0.4876 0.4876 0.4736 0.4736 0.4656 0.4656 0.4656 0.4867 0.4867 0.492 0.492 0.493 0.493 0.4976 0.4976 0.4976 0.49 0.49 0.4796 0.4796 0.4881 0.4881 0.4881 0.5225 0.5225 0.4746 0.4746 0.4816 0.4816 0.4816 0.4526 0.4526 0.4745 0.4745 0.478 0.478 0.478 0.4541 0.4541 0.46 0.46 0.4475 0.4475 0.4475 0.4665 0.4665 0.464 0.464 0.4666 0.4666 0.4615 0.4615 0.4615 0.4515 0.4515 0.446 0.446 0.441 0.441 0.441 0.4395 0.4395 0.4255 0.4255 0.4065 0.4065 0.4065 0.39 0.39 0.398 0.398 0.3775 0.3775 0.3775 0.3795
0.4986 0.4986 0.4916 0.4916 0.5056 0.5056 0.4896 0.4896 0.4896 0.4961 0.4961 0.5081 0.5081 0.5076 0.5076 0.5245 0.5245 0.5245 0.5136 0.5136 0.5201 0.5201 0.5216 0.5216 0.5216 0.5115 0.5115 0.4696 0.4696 0.4546 0.4546 0.4546 0.4505 0.4505 0.4675 0.4675 0.5145 0.5145 0.5145 0.502 0.502 0.4915 0.4915 0.5085 0.5085 0.5085 0.469 0.469 0.479 0.479 0.4955 0.4955 0.4876 0.4876 0.4876 0.4386 0.4386 0.4585 0.4585 0.42 0.42 0.42 0.42 0.42 0.4075 0.4075 0.4075 0.4075 0.4075 0.408 0.408 0.3925 0.3925 0.392 0.392 0.392 0.39
0.4986 0.4986 0.4916 0.4916 0.5056 0.5056 0.4896 0.4896 0.4896 0.4961 0.4961 0.5081 0.5081 0.5076 0.5076 0.5245 0.5245 0.5245 0.5136 0.5136 0.5201 0.5201 0.5216 0.5216 0.5216 0.5115 0.5115 0.4696 0.4696 0.4546 0.4546 0.4546 0.4505 0.4505 0.4675 0.4675 0.5145 0.5145 0.5145 0.502 0.502 0.4915 0.4915 0.5085 0.5085 0.5085 0.469 0.469 0.479 0.479 0.4955 0.4955 0.4876 0.4876 0.4876 0.4386 0.4386 0.4585 0.4585 0.42 0.42 0.42 0.42 0.42 0.4075 0.4075 0.4075 0.4075 0.4075 0.408 0.408 0.3925 0.3925 0.392 0.392 0.392 0.39
0.5041 0.5041 0.4796 0.4796 0.5086 0.5086 0.5165 0.5165 0.5165 0.516 0.516 0.5395 0.5395 0.523 0.523 0.555 0.555 0.555 0.5715 0.5715 0.5066 0.5066 0.513 0.513 0.513 0.5365 0.5365 0.4765 0.4765 0.5045 0.5045 0.5045 0.478 0.478 0.489 0.489 0.496 0.496 0.496 0.5365 0.5365 0.546 0.546 0.5295 0.5295 0.5295 0.5425 0.5425 0.554 0.554 0.5415 0.5415 0.521 0.521 0.521 0.457 0.457 0.4505 0.4505 0.4495 0.4495 0.4495 0.4495 0.4495 0.451 0.451 0.423 0.423 0.423 0.405 0.405 0.41 0.41 0.3825 0.3825 0.3825 0.409
0.5041 0.5041 0.4796 0.4796 0.5086 0.5086 0.5165 0.5165 0.5165 0.516 0.516 0.5395 0.5395 0.523 0.523 0.555 0.555 0.555 0.5715 0.5715 0.5066 0.5066 0.513 0.513 0.513 0.5365 0.5365 0.4765 0.4765 0.5045 0.5045 0.5045 0.478 0.478 0.489 0.489 0.496 0.496 0.496 0.5365 0.5365 0.546 0.546 0.5295 0.5295 0.5295 0.5425 0.5425 0.554 0.554 0.5415 0.5415 0.521 0.521 0.521 0.457 0.457 0.4505 0.4505 0.4495 0.4495 0.4495 0.4495 0.4495 0.451 0.451 0.423 0.423 0.423 0.405 0.405 0.41 0.41 0.3825 0.3825 0.3825 0.409
0.4815 0.4815 0.516 0.516 0.5045 0.5045 0.5015 0.5015 0.5015 0.515 0.515 0.5295 0.5295 0.543 0.543 0.5575 0.5575 0.5575 0.5325 0.5325 0.536 0.536 0.5235 0.5235 0.5235 0.513 0.513 0.528 0.528 0.545 0.545 0.545 0.548 0.548 0.569 0.569 0.5345 0.5345 0.5345 0.54 0.54 0.5735 0.5735 0.5345 0.5345 0.5345 0.5415 0.5415 0.5445 0.5445 0.546 0.546 0.5045 0.5045 0.5045 0.4675 0.4675 0.471 0.471 0.4605 0.4605 0.4605 0.4735 0.4735 0.46 0.46 0.437 0.437 0.437 0.4436 0.4436 0.428 0.428 0.4205 0.4205 0.4205 0.4145
0.4815 0.4815 0.516 0.516 0.5045 0.5045 0.5015 0.5015 0.5015 0.515 0.515 0.5295 0.5295 0.543 0.543 0.5575 0.5575 0.5575 0.5325 0.5325 0.536 0.536 0.5235 0.5235 0.5235 0.513 0.513 0.528 0.528 0.545 0.545 0.545 0.548 0.548 0.569 0.569 0.5345 0.5345 0.5345 0.54 0.54 0.5735 0.5735 0.5345 0.5345 0.5345 0.5415 0.5415 0.5445 0.5445 0.546 0.546 0.5045 0.5045 0.5045 0.4675 0.4675 0.471 0.471 0.4605 0.4605 0.4605 0.4735 0.4735 0.46 0.46 0.437 0.437 0.437 0.4436 0.4436 0.428 0.428 0.4205 0.4205 0.4205 0.4145
0.5115 0.5115 0.517 0.517 0.5215 0.5215 0.512 0.512 0.512 0.516 0.516 0.5434999 0.5434999 0.509 0.509 0.5145 0.5145 0.5145 0.543 0.543 0.537 0.537 0.529 0.529 0.529 0.5305 0.5305 0.5585 0.5585 0.523 0.523 0.523 0.5575 0.5575 0.562 0.562 0.5495 0.5495 0.5495 0.5415 0.5415 0.5465 0.5465 0.5386 0.5386 0.5386 0.568 0.568 0.53 0.53 0.512 0.512 0.4826 0.4826 0.4826 0.4775 0.4775 0.4521 0.4521 0.4411 0.4411 0.4411 0.441 0.441 0.4516 0.4516 0.4831 0.4831 0.4831 0.437 0.437 0.4225 0.4225 0.4365 0.4365 0.4365 0.4095
0.5115 0.5115 0.517 0.517 0.5215 0.5215 0.512 0.512 0.512 0.516 0.516 0.5434999 0.5434999 0.509 0.509 0.5145 0.5145 0.5145 0.543 0.543 0.537 0.537 0.529 0.529 0.529 0.5305 0.5305 0.5585 0.5585 0.523 0.523 0.523 0.5575 0.5575 0.562 0.562 0.5495 0.5495 0.5495 0.5415 0.5415 0.5465 0.5465 0.5386 0.5386 0.5386 0.568 0.568 0.53 0.53 0.512 0.512 0.4826 0.4826 0.4826 0.4775 0.4775 0.4521 0.4521 0.4411 0.4411 0.4411 0.441 0.441 0.4516 0.4516 0.4831 0.4831 0.4831 0.437 0.437 0.4225 0.4225 0.4365 0.4365 0.4365 0.4095
0.5115 0.5115 0.517 0.517 0.5215 0.5215 0.512 0.512 0.512 0.516 0.516 0.5434999 0.5434999 0.509 0.509 0.5145 0.5145 0.5145 0.543 0.543 0.537 0.537 0.529 0.529 0.529 0.5305 0.5305 0.5585 0.5585 0.523 0.523 0.523 0.5575 0.5575 0.562 0.562 0.5495 0.5495 0.5495 0.5415 0.5415 0.5465 0.5465 0.5386 0.5386 0.5386 0.568 0.568 0.53 0.53 0.512 0.512 0.4826 0.4826 0.4826 0.4775 0.4775 0.4521 0.4521 0.4411 0.4411 0.4411 0.441 0.441 0.4516 0.4516 0.4831 0.4831 0.4831 0.437 0.437 0.4225 0.4225 0.4365 0.4365 0.4365 0.4095
0.5325 0.5325 0.5015 0.5015 0.5205 0.5205 0.5025 0.5025 0.5025 0.5065 0.5065 0.5175 0.5175 0.4915 0.4915 0.494 0.494 0.494 0.5015 0.5015 0.501 0.501 0.513 0.513 0.513 0.523 0.523 0.5455 0.5455 0.5571 0.5571 0.5571 0.579 0.579 0.565 0.565 0.5635 0.5635 0.5635 0.5505 0.5505 0.5365 0.5365 0.5655 0.5655 0.5655 0.554 0.554 0.5425 0.5425 0.511 0.511 0.4806 0.4806 0.4806 0.4346 0.4346 0.4995 0.4995 0.5035 0.5035 0.5035 0.475 0.475 0.479 0.479 0.4805 0.4805 0.4805 0.455 0.455 0.4405 0.4405 0.44 0.44 0.44 0.4295
0.5325 0.5325 0.5015 0.5015 0.5205 0.5205 0.5025 0.5025 0.5025 0.5065 0.5065 0.5175 0.5175 0.4915 0.4915 0.494 0.494 0.494 0.5015 0.5015 0.501 0.501 0.513 0.513 0.513 0.523 0.523 0.5455 0.5455 0.5571 0.5571 0.5571 0.579 0.579 0.565 0.565 0.5635 0.5635 0.5635 0.5505 0.5505 0.5365 0.5365 0.5655 0.5655 0.5655 0.554 0.554 0.5425 0.5425 0.511 0.511 0.4806 0.4806 0.4806 0.4346 0.4346 0.4995 0.4995 0.5035 0.5035 0.5035 0.475 0.475 0.479 0.479 0.4805 0.4805 0.4805 0.455 0.455 0.4405 0.4405 0.44 0.44 0.44 0.4295
0.552 0.552 0.553 0.553 0.5775 0.5775 0.5335 0.5335 0.5335 0.539 0.539 0.53 0.53 0.551 0.551 0.537 0.537 0.537 0.509 0.509 0.5125 0.5125 0.5225 0.5225 0.5225 0.535 0.535 0.5045 0.5045 0.517 0.517 0.517 0.5031 0.5031 0.4961 0.4961 0.4625 0.4625 0.4625 0.4765 0.4765 0.537 0.537 0.556 0.556 0.556 0.555 0.555 0.5386 0.5386 0.4795 0.4795 0.4865 0.4865 0.4865 0.527 0.527 0.5026 0.5026 0.5045 0.5045 0.5045 0.4665 0.4665 0.4895 0.4895 0.4826 0.4826 0.4826 0.497 0.497 0.4805 0.4805 0.4945 0.4945 0.4945 0.5011
0.552 0.552 0.553 0.553 0.5775 0.5775 0.5335 0.5335 0.5335 0.539 0.539 0.53 0.53 0.551 0.551 0.537 0.537 0.537 0.509 0.509 0.5125 0.5125 0.5225 0.5225 0.5225 0.535 0.535 0.5045 0.5045 0.517 0.517 0.517 0.5031 0.5031 0.4961 0.4961 0.4625 0.4625 0.4625 0.4765 0.4765 0.537 0.537 0.556 0.556 0.556 0.555 0.555 0.5386 0.5386 0.4795 0.4795 0.4865 0.4865 0.4865 0.527 0.527 0.5026 0.5026 0.5045 0.5045 0.5045 0.4665 0.4665 0.4895 0.4895 0.4826 0.4826 0.4826 0.497 0.497 0.4805 0.4805 0.4945 0.4945 0.4945 0.5011
0.5085 0.5085 0.5605 0.5605 0.5515 0.5515 0.558 0.558 0.558 0.5555 0.5555 0.5285 0.5285 0.5405 0.5405 0.5615 0.5615 0.5615 0.55 0.55 0.5215 0.5215 0.5405 0.5405 0.5405 0.5595 0.5595 0.5345 0.5345 0.5025 0.5025 0.5025 0.4785 0.4785 0.4966 0.4966 0.5445 0.5445 0.5445 0.545 0.545 0.5855 0.5855 0.5585 0.5585 0.5585 0.579 0.579 0.5895 0.5895 0.5635 0.5635 0.5865 0.5865 0.5865 0.536 0.536 0.534 0.534 0.5225 0.5225 0.5225 0.552 0.552 0.5211 0.5211 0.5351 0.5351 0.5351 0.5476 0.5476 0.543 0.543 0.5375 0.5375 0.5375 0.5516
0.5085 0.5085 0.5605 0.5605 0.5515 0.5515 0.558 0.558 0.558 0.5555 0.5555 0.5285 0.5285 0.5405 0.5405 0.5615 0.5615 0.5615 0.55 0.55 0.5215 0.5215 0.5405 0.5405 0.5405 0.5595 0.5595 0.5345 0.5345 0.5025 0.5025 0.5025 0.4785 0.4785 0.4966 0.4966 0.5445 0.5445 0.5445 0.545 0.545 0.5855 0.5855 0.5585 0.5585 0.5585 0.579 0.579 0.5895 0.5895 0.5635 0.5635 0.5865 0.5865 0.5865 0.536 0.536 0.534 0.534 0.5225 0.5225 0.5225 0.552 0.552 0.5211 0.5211 0.5351 0.5351 0.5351 0.5476 0.5476 0.543 0.543 0.5375 0.5375 0.5375 0.5516
0.5085 0.5085 0.5605 0.5605 0.5515 0.5515 0.558 0.558 0.558 0.5555 0.5555 0.5285 0.5285 0.5405 0.5405 0.5615 0.5615 0.5615 0.55 0.55 0.5215 0.5215 0.5405 0.5405 0.5405 0.5595 0.5595 0.5345 0.5345 0.5025 0.5025 0.5025 0.4785 0.4785 0.4966 0.4966 0.5445 0.5445 0.5445 0.545 0.545 0.5855 0.5855 0.5585 0.5585 0.5585 0.579 0.579 0.5895 0.5895 0.5635 0.5635 0.5865 0.5865 0.5865 0.536 0.536 0.534 0.534 0.5225 0.5225 0.5225 0.552 0.552 0.5211 0.5211 0.5351 0.5351 0.5351 0.5476 0.5476 0.543 0.543 0.5375 0.5375 0.5375 0.5516
