ndvi/NOAA-346.asc
ncols         252
nrows         154
xllcorner     -18.017974
yllcorner     13.481982
cellsize      0.035948
NODATA_value  -9999
[rows 68 to 101 of 154, columns 156 to 233 of 252]
0.155 0.1625 0.1625 0.1625 0.197 0.197 0.1725 0.1725 0.2205 0.2205 0.234 0.234 0.234 0.2635 0.2635 0.2385 0.2385 0.268 0.268 0.268 0.282 0.282 0.302 0.302 0.352 0.352 0.352 0.398 0.398 0.369 0.369 0.2965 0.2965 0.2965 0.252 0.252 0.2805 0.2805 0.248 0.248 0.248 0.185 0.185 0.184 0.184 0.2125 0.2125 0.234 0.234 0.234 0.23 0.23 0.279 0.279 0.3265 0.3265 0.3265 0.327 0.327 0.266 0.266 0.2655 0.2655 0.2655 0.2235 0.2235 0.2375 0.2375 0.2205 0.2205 0.2205 0.2465 0.2465 0.2435 0.2435 0.2525 0.2525 0.2525
0.1965 0.2465 0.2465 0.2465 0.2425 0.2425 0.2005 0.2005 0.2525 0.2525 0.3195 0.3195 0.3195 0.3115 0.3115 0.2685 0.2685 0.282 0.282 0.282 0.2895 0.2895 0.2555 0.2555 0.2685 0.2685 0.2685 0.292 0.292 0.298 0.298 0.287 0.287 0.287 0.267 0.267 0.2295 0.2295 0.2335 0.2335 0.2335 0.209 0.209 0.177 0.177 0.2085 0.2085 0.2045 0.2045 0.2045 0.246 0.246 0.2325 0.2325 0.23 0.23 0.23 0.302 0.302 0.2685 0.2685 0.3105 0.3105 0.3105 0.275 0.275 0.3005 0.3005 0.3005 0.3005 0.3005 0.243 0.243 0.2665 0.2665 0.2625 0.2625 0.2625
0.1965 0.2465 0.2465 0.2465 0.2425 0.2425 0.2005 0.2005 0.2525 0.2525 0.3195 0.3195 0.3195 0.3115 0.3115 0.2685 0.2685 0.282 0.282 0.282 0.2895 0.2895 0.2555 0.2555 0.2685 0.2685 0.2685 0.292 0.292 0.298 0.298 0.287 0.287 0.287 0.267 0.267 0.2295 0.2295 0.2335 0.2335 0.2335 0.209 0.209 0.177 0.177 0.2085 0.2085 0.2045 0.2045 0.2045 0.246 0.246 0.2325 0.2325 0.23 0.23 0.23 0.302 0.302 0.2685 0.2685 0.3105 0.3105 0.3105 0.275 0.275 0.3005 0.3005 0.3005 0.3005 0.3005 0.243 0.243 0.2665 0.2665 0.2625 0.2625 0.2625
0.246 0.258 0.258 0.258 0.1925 0.1925 0.2045 0.2045 0.2435 0.2435 0.279 0.279 0.279 0.299 0.299 0.2515 0.2515 0.25 0.25 0.25 0.258 0.258 0.2295 0.2295 0.2535 0.2535 0.2535 0.278 0.278 0.3005 0.3005 0.3095 0.3095 0.3095 0.268 0.268 0.311 0.311 0.266 0.266 0.266 0.269 0.269 0.2185 0.2185 0.23 0.23 0.225 0.225 0.225 0.2575 0.2575 0.274 0.274 0.292 0.292 0.292 0.2885 0.2885 0.27 0.27 0.2795 0.2795 0.2795 0.314 0.314 0.3045 0.3045 0.277 0.277 0.277 0.284 0.284 0.281 0.281 0.3155 0.3155 0.3155
0.246 0.258 0.258 0.258 0.1925 0.1925 0.2045 0.2045 0.2435 0.2435 0.279 0.279 0.279 0.299 0.299 0.2515 0.2515 0.25 0.25 0.25 0.258 0.258 0.2295 0.2295 0.2535 0.2535 0.2535 0.278 0.278 0.3005 0.3005 0.3095 0.3095 0.3095 0.268 0.268 0.311 0.311 0.266 0.266 0.266 0.269 0.269 0.2185 0.2185 0.23 0.23 0.225 0.225 0.225 0.2575 0.2575 0.274 0.274 0.292 0.292 0.292 0.2885 0.2885 0.27 0.27 0.2795 0.2795 0.2795 0.314 0.314 0.3045 0.3045 0.277 0.277 0.277 0.284 0.284 0.281 0.281 0.3155 0.3155 0.3155
0.246 0.258 0.258 0.258 0.1925 0.1925 0.2045 0.2045 0.2435 0.2435 0.279 0.279 0.279 0.299 0.299 0.2515 0.2515 0.25 0.25 0.25 0.258 0.258 0.2295 0.2295 0.2535 0.2535 0.2535 0.278 0.278 0.3005 0.3005 0.3095 0.3095 0.3095 0.268 0.268 0.311 0.311 0.266 0.266 0.266 0.269 0.269 0.2185 0.2185 0.23 0.23 0.225 0.225 0.225 0.2575 0.2575 0.274 0.274 0.292 0.292 0.292 0.2885 0.2885 0.27 0.27 0.2795 0.2795 0.2795 0.314 0.314 0.3045 0.3045 0.277 0.277 0.277 0.284 0.284 0.281 0.281 0.3155 0.3155 0.3155
0.2255 0.279 0.279 0.279 0.2495 0.2495 0.2365 0.2365 0.2665 0.2665 0.2905 0.2905 0.2905 0.2595 0.2595 0.245 0.245 0.263 0.263 0.263 0.249 0.249 0.1985 0.1985 0.282 0.282 0.282 0.3205 0.3205 0.3465 0.3465 0.365 0.365 0.365 0.342 0.342 0.3295 0.3295 0.2865 0.2865 0.2865 0.2825 0.2825 0.275 0.275 0.2235 0.2235 0.228 0.228 0.228 0.248 0.248 0.269 0.269 0.3105 0.3105 0.3105 0.286 0.286 0.265 0.265 0.2755 0.2755 0.2755 0.2855 0.2855 0.2495 0.2495 0.315 0.315 0.315 0.338 0.338 0.3235 0.3235 0.2975 0.2975 0.2975
0.2255 0.279 0.279 0.279 0.2495 0.2495 0.2365 0.2365 0.2665 0.2665 0.2905 0.2905 0.2905 0.2595 0.2595 0.245 0.245 0.263 0.263 0.263 0.249 0.249 0.1985 0.1985 0.282 0.282 0.282 0.3205 0.3205 0.3465 0.3465 0.365 0.365 0.365 0.342 0.342 0.3295 0.3295 0.2865 0.2865 0.2865 0.2825 0.2825 0.275 0.275 0.2235 0.2235 0.228 0.228 0.228 0.248 0.248 0.269 0.269 0.3105 0.3105 0.3105 0.286 0.286 0.265 0.265 0.2755 0.2755 0.2755 0.2855 0.2855 0.2495 0.2495 0.315 0.315 0.315 0.338 0.338 0.3235 0.3235 0.2975 0.2975 0.2975
0.32 0.2575 0.2575 0.2575 0.1955 0.1955 0.2535 0.2535 0.244 0.244 0.262 0.262 0.262 0.288 0.288 0.2665 0.2665 0.2695 0.2695 0.2695 0.264 0.264 0.204 0.204 0.299 0.299 0.299 0.314 0.314 0.33 0.33 0.348 0.348 0.348 0.35 0.35 0.2735 0.2735 0.2315 0.2315 0.2315 0.253 0.253 0.242 0.242 0.223 0.223 0.235 0.235 0.235 0.2435 0.2435 0.2455 0.2455 0.298 0.298 0.298 0.295 0.295 0.254 0.254 0.2495 0.2495 0.2495 0.26 0.26 0.313 0.313 0.3005 0.3005 0.3005 0.2415 0.2415 0.291 0.291 0.2475 0.2475 0.2475
0.32 0.2575 0.2575 0.2575 0.1955 0.1955 0.2535 0.2535 0.244 0.244 0.262 0.262 0.262 0.288 0.288 0.2665 0.2665 0.2695 0.2695 0.2695 0.264 0.264 0.204 0.204 0.299 0.299 0.299 0.314 0.314 0.33 0.33 0.348 0.348 0.348 0.35 0.35 0.2735 0.2735 0.2315 0.2315 0.2315 0.253 0.253 0.242 0.242 0.223 0.223 0.235 0.235 0.235 0.2435 0.2435 0.2455 0.2455 0.298 0.298 0.298 0.295 0.295 0.254 0.254 0.2495 0.2495 0.2495 0.26 0.26 0.313 0.313 0.3005 0.3005 0.3005 0.2415 0.2415 0.291 0.291 0.2475 0.2475 0.2475
0.2115 0.269 0.269 0.269 0.1865 0.1865 0.221 0.221 0.267 0.267 0.291 0.291 0.291 0.2955 0.2955 0.2735 0.2735 0.27 0.27 0.27 0.292 0.292 0.2365 0.2365 0.2855 0.2855 0.2855 0.277 0.277 0.299 0.299 0.32 0.32 0.32 0.3315 0.3315 0.2445 0.2445 0.239 0.239 0.239 0.2465 0.2465 0.2485 0.2485 0.265 0.265 0.235 0.235 0.235 0.2225 0.2225 0.2645 0.2645 0.293 0.293 0.293 0.2675 0.2675 0.272 0.272 0.293 0.293 0.293 0.2695 0.2695 0.247 0.247 0.235 0.235 0.235 0.2135 0.2135 0.2135 0.2135 0.212 0.212 0.212
0.2115 0.269 0.269 0.269 0.1865 0.1865 0.221 0.221 0.267 0.267 0.291 0.291 0.291 0.2955 0.2955 0.2735 0.2735 0.27 0.27 0.27 0.292 0.292 0.2365 0.2365 0.2855 0.2855 0.2855 0.277 0.277 0.299 0.299 0.32 0.32 0.32 0.3315 0.3315 0.2445 0.2445 0.239 0.239 0.239 0.2465 0.2465 0.2485 0.2485 0.265 0.265 0.235 0.235 0.235 0.2225 0.2225 0.2645 0.2645 0.293 0.293 0.293 0.2675 0.2675 0.272 0.272 0.293 0.293 0.293 0.2695 0.2695 0.247 0.247 0.235 0.235 0.235 0.2135 0.2135 0.2135 0.2135 0.212 0.212 0.212
0.218 0.187 0.187 0.187 0.184 0.184 0.2255 0.2255 0.274 0.274 0.3885 0.3885 0.3885 0.327 0.327 0.329 0.329 0.335 0.335 0.335 0.3785 0.3785 0.299 0.299 0.293 0.293 0.293 0.2795 0.2795 0.285 0.285 0.351 0.351 0.351 0.2995 0.2995 0.272 0.272 0.2825 0.2825 0.2825 0.2455 0.2455 0.2825 0.2825 0.3085 0.3085 0.2785 0.2785 0.2785 0.268 0.268 0.379 0.379 0.4261 0.4261 0.4261 0.399 0.399 0.3935 0.3935 0.3325 0.3325 0.3325 0.2895 0.2895 0.2195 0.2195 0.285 0.285 0.285 0.292 0.292 0.2395 0.2395 0.301 0.301 0.301
0.218 0.187 0.187 0.187 0.184 0.184 0.2255 0.2255 0.274 0.274 0.3885 0.3885 0.3885 0.327 0.327 0.329 0.329 0.335 0.335 0.335 0.3785 0.3785 0.299 0.299 0.293 0.293 0.293 0.2795 0.2795 0.285 0.285 0.351 0.351 0.351 0.2995 0.2995 0.272 0.272 0.2825 0.2825 0.2825 0.2455 0.2455 0.2825 0.2825 0.3085 0.3085 0.2785 0.2785 0.2785 0.268 0.268 0.379 0.379 0.4261 0.4261 0.4261 0.399 0.399 0.3935 0.3935 0.3325 0.3325 0.3325 0.2895 0.2895 0.2195 0.2195 0.285 0.285 0.285 0.292 0.292 0.2395 0.2395 0.301 0.301 0.301
0.218 0.187 0.187 0.187 0.184 0.184 0.2255 0.2255 0.274 0.274 0.3885 0.3885 0.3885 0.327 0.327 0.329 0.329 0.335 0.335 0.335 0.3785 0.3785 0.299 0.299 0.293 0.293 0.293 0.2795 0.2795 0.285 0.285 0.351 0.351 0.351 0.2995 0.2995 0.272 0.272 0.2825 0.2825 0.2825 0.2455 0.2455 0.2825 0.2825 0.3085 0.3085 0.2785 0.2785 0.2785 0.268 0.268 0.379 0.379 0.4261 0.4261 0.4261 0.399 0.399 0.3935 0.3935 0.3325 0.3325 0.3325 0.2895 0.2895 0.2195 0.2195 0.285 0.285 0.285 0.292 0.292 0.2395 0.2395 0.301 0.301 0.301
0.1875 0.189 0.189 0.189 0.235 0.235 0.2185 0.2185 0.3415 0.3415 0.356 0.356 0.356 0.392 0.392 0.4055 0.4055 0.4315 0.4315 0.4315 0.3335 0.3335 0.363 0.363 0.3 0.3 0.3 0.312 0.312 0.3205 0.3205 0.271 0.271 0.271 0.291 0.291 0.2895 0.2895 0.2655 0.2655 0.2655 0.275 0.275 0.317 0.317 0.357 0.357 0.3275 0.3275 0.3275 0.306 0.306 0.369 0.369 0.315 0.315 0.315 0.329 0.329 0.372 0.372 0.341 0.341 0.341 0.328 0.328 0.272 0.272 0.2785 0.2785 0.2785 0.281 0.281 0.249 0.249 0.293 0.293 0.293
0.1875 0.189 0.189 0.189 0.235 0.235 0.2185 0.2185 0.3415 0.3415 0.356 0.356 0.356 0.392 0.392 0.4055 0.4055 0.4315 0.4315 0.4315 0.3335 0.3335 0.363 0.363 0.3 0.3 0.3 0.312 0.312 0.3205 0.3205 0.271 0.271 0.271 0.291 0.291 0.2895 0.2895 0.2655 0.2655 0.2655 0.275 0.275 0.317 0.317 0.357 0.357 0.3275 0.3275 0.3275 0.306 0.306 0.369 0.369 0.315 0.315 0.315 0.329 0.329 0.372 0.372 0.341 0.341 0.341 0.328 0.328 0.272 0.272 0.2785 0.2785 0.2785 0.281 0.281 0.249 0.249 0.293 0.293 0.293
0.259 0.236 0.236 0.236 0.212 0.212 0.3445 0.3445 0.358 0.358 0.4075 0.4075 0.4075 0.418 0.418 0.443 0.443 0.4225 0.4225 0.4225 0.391 0.391 0.3525 0.3525 0.3255 0.3255 0.3255 0.317 0.317 0.298 0.298 0.308 0.308 0.308 0.307 0.307 0.327 0.327 0.3255 0.3255 0.3255 0.321 0.321 0.3085 0.3085 0.315 0.315 0.33 0.33 0.33 0.3215 0.3215 0.401 0.401 0.3835 0.3835 0.3835 0.354 0.354 0.33 0.33 0.334 0.334 0.334 0.3315 0.3315 0.2925 0.2925 0.328 0.328 0.328 0.3045 0.3045 0.2975 0.2975 0.3495 0.3495 0.3495
0.259 0.236 0.236 0.236 0.212 0.212 0.3445 0.3445 0.358 0.358 0.4075 0.4075 0.4075 0.418 0.418 0.443 0.443 0.4225 0.4225 0.4225 0.391 0.391 0.3525 0.3525 0.3255 0.3255 0.3255 0.317 0.317 0.298 0.298 0.308 0.308 0.308 0.307 0.307 0.327 0.327 0.3255 0.3255 0.3255 0.321 0.321 0.3085 0.3085 0.315 0.315 0.33 0.33 0.33 0.3215 0.3215 0.401 0.401 0.3835 0.3835 0.3835 0.354 0.354 0.33 0.33 0.334 0.334 0.334 0.3315 0.3315 0.2925 0.2925 0.328 0.328 0.328 0.3045 0.3045 0.2975 0.2975 0.3495 0.3495 0.3495
0.3035 0.2405 0.2405 0.2405 0.2565 0.2565 0.328 0.328 0.347 0.347 0.3735 0.3735 0.3735 0.4225 0.4225 0.479 0.479 0.4555 0.4555 0.4555 0.391 0.391 0.36 0.36 0.346 0.346 0.346 0.3555 0.3555 0.303 0.303 0.3085 0.3085 0.3085 0.289 0.289 0.314 0.314 0.3315 0.3315 0.3315 0.312 0.312 0.3085 0.3085 0.3285 0.3285 0.33 0.33 0.33 0.3505 0.3505 0.3675 0.3675 0.3645 0.3645 0.3645 0.3105 0.3105 0.3245 0.3245 0.3305 0.3305 0.3305 0.331 0.331 0.3375 0.3375 0.313 0.313 0.313 0.356 0.356 0.3525 0.3525 0.399 0.399 0.399
0.3035 0.2405 0.2405 0.2405 0.2565 0.2565 0.328 0.328 0.347 0.347 0.3735 0.3735 0.3735 0.4225 0.4225 0.479 0.479 0.4555 0.4555 0.4555 0.391 0.391 0.36 0.36 0.346 0.346 0.346 0.3555 0.3555 0.303 0.303 0.3085 0.3085 0.3085 0.289 0.289 0.314 0.314 0.3315 0.3315 0.3315 0.312 0.312 0.3085 0.3085 0.3285 0.3285 0.33 0.33 0.33 0.3505 0.3505 0.3675 0.3675 0.3645 0.3645 0.3645 0.3105 0.3105 0.3245 0.3245 0.3305 0.3305 0.3305 0.331 0.331 0.3375 0.3375 0.313 0.313 0.313 0.356 0.356 0.3525 0.3525 0.399 0.399 0.399
0.3035 0.2405 0.2405 0.2405 0.2565 0.2565 0.328 0.328 0.347 0.347 0.3735 0.3735 0.3735 0.4225 0.4225 0.479 0.479 0.4555 0.4555 0.4555 0.391 0.391 0.36 0.36 0.346 0.346 0.346 0.3555 0.3555 0.303 0.303 0.3085 0.3085 0.3085 0.289 0.289 0.314 0.314 0.3315 0.3315 0.3315 0.312 0.312 0.3085 0.3085 0.3285 0.3285 0.33 0.33 0.33 0.3505 0.3505 0.3675 0.3675 0.3645 0.3645 0.3645 0.3105 0.3105 0.3245 0.3245 0.3305 0.3305 0.3305 0.331 0.331 0.3375 0.3375 0.313 0.313 0.313 0.356 0.356 0.3525 0.3525 0.399 0.399 0.399
0.2405 0.3055 0.3055 0.3055 0.296 0.296 0.3495 0.3495 0.365 0.365 0.408 0.408 0.408 0.4225 0.4225 0.4245 0.4245 0.457 0.457 0.457 0.4365 0.4365 0.3995 0.3995 0.375 0.375 0.375 0.372 0.372 0.3175 0.3175 0.296 0.296 0.296 0.3165 0.3165 0.328 0.328 0.3755 0.3755 0.3755 0.3445 0.3445 0.323 0.323 0.3445 0.3445 0.328 0.328 0.328 0.3305 0.3305 0.36 0.36 0.324 0.324 0.324 0.3795 0.3795 0.295 0.295 0.2915 0.2915 0.2915 0.339 0.339 0.355 0.355 0.3655 0.3655 0.3655 0.3755 0.3755 0.3855 0.3855 0.414 0.414 0.414
0.2405 0.3055 0.3055 0.3055 0.296 0.296 0.3495 0.3495 0.365 0.365 0.408 0.408 0.408 0.4225 0.4225 0.4245 0.4245 0.457 0.457 0.457 0.4365 0.4365 0.3995 0.3995 0.375 0.375 0.375 0.372 0.372 0.3175 0.3175 0.296 0.296 0.296 0.3165 0.3165 0.328 0.328 0.3755 0.3755 0.3755 0.3445 0.3445 0.323 0.323 0.3445 0.3445 0.328 0.328 0.328 0.3305 0.3305 0.36 0.36 0.324 0.324 0.324 0.3795 0.3795 0.295 0.295 0.2915 0.2915 0.2915 0.339 0.339 0.355 0.355 0.3655 0.3655 0.3655 0.3755 0.3755 0.3855 0.3855 0.414 0.414 0.414
0.312 0.307 0.307 0.307 0.307 0.307 0.3815 0.3815 0.4155 0.4155 0.419 0.419 0.419 0.444 0.444 0.4795 0.4795 0.4555 0.4555 0.4555 0.4951 0.4951 0.422 0.422 0.4505 0.4505 0.4505 0.3705 0.3705 0.3455 0.3455 0.3045 0.3045 0.3045 0.344 0.344 0.333 0.333 0.36 0.36 0.36 0.452 0.452 0.3405 0.3405 0.3285 0.3285 0.336 0.336 0.336 0.339 0.339 0.3195 0.3195 0.3415 0.3415 0.3415 0.3055 0.3055 0.311 0.311 0.3425 0.3425 0.3425 0.366 0.366 0.334 0.334 0.3245 0.3245 0.3245 0.346 0.346 0.415 0.415 0.4285 0.4285 0.4285
0.312 0.307 0.307 0.307 0.307 0.307 0.3815 0.3815 0.4155 0.4155 0.419 0.419 0.419 0.444 0.444 0.4795 0.4795 0.4555 0.4555 0.4555 0.4951 0.4951 0.422 0.422 0.4505 0.4505 0.4505 0.3705 0.3705 0.3455 0.3455 0.3045 0.3045 0.3045 0.344 0.344 0.333 0.333 0.36 0.36 0.36 0.452 0.452 0.3405 0.3405 0.3285 0.3285 0.336 0.336 0.336 0.339 0.339 0.3195 0.3195 0.3415 0.3415 0.3415 0.3055 0.3055 0.311 0.311 0.3425 0.3425 0.3425 0.366 0.366 0.334 0.334 0.3245 0.3245 0.3245 0.346 0.346 0.415 0.415 0.4285 0.4285 0.4285
0.3585 0.361 0.361 0.361 0.375 0.375 0.374 0.374 0.4035 0.4035 0.4235 0.4235 0.4235 0.433 0.433 0.404 0.404 0.3695 0.3695 0.3695 0.383 0.383 0.3655 0.3655 0.32 0.32 0.32 0.351 0.351 0.3465 0.3465 0.3755 0.3755 0.3755 0.3465 0.3465 0.3545 0.3545 0.341 0.341 0.341 0.3405 0.3405 0.365 0.365 0.34 0.34 0.279 0.279 0.279 0.3055 0.3055 0.3955 0.3955 0.387 0.387 0.387 0.394 0.394 0.392 0.392 0.387 0.387 0.387 0.3545 0.3545 0.292 0.292 0.3695 0.3695 0.3695 0.4605 0.4605 0.3785 0.3785 0.4135 0.4135 0.4135
0.3585 0.361 0.361 0.361 0.375 0.375 0.374 0.374 0.4035 0.4035 0.4235 0.4235 0.4235 0.433 0.433 0.404 0.404 0.3695 0.3695 0.3695 0.383 0.383 0.3655 0.3655 0.32 0.32 0.32 0.351 0.351 0.3465 0.3465 0.3755 0.3755 0.3755 0.3465 0.3465 0.3545 0.3545 0.341 0.341 0.341 0.3405 0.3405 0.365 0.365 0.34 0.34 0.279 0.279 0.279 0.3055 0.3055 0.3955 0.3955 0.387 0.387 0.387 0.394 0.394 0.392 0.392 0.387 0.387 0.387 0.3545 0.3545 0.292 0.292 0.3695 0.3695 0.3695 0.4605 0.4605 0.3785 0.3785 0.4135 0.4135 0.4135
0.3585 0.361 0.361 0.361 0.375 0.375 0.374 0.374 0.4035 0.4035 0.4235 0.4235 0.4235 0.433 0.433 0.404 0.404 0.3695 0.3695 0.3695 0.383 0.383 0.3655 0.3655 0.32 0.32 0.32 0.351 0.351 0.3465 0.3465 0.3755 0.3755 0.3755 0.3465 0.3465 0.3545 0.3545 0.341 0.341 0.341 0.3405 0.3405 0.365 0.365 0.34 0.34 0.279 0.279 0.279 0.3055 0.3055 0.3955 0.3955 0.387 0.387 0.387 0.394 0.394 0.392 0.392 0.387 0.387 0.387 0.3545 0.3545 0.292 0.292 0.3695 0.3695 0.3695 0.4605 0.4605 0.3785 0.3785 0.4135 0.4135 0.4135
0.311 0.409 0.409 0.409 0.3745 0.3745 0.365 0.365 0.294 0.294 0.303 0.303 0.303 0.305 0.305 0.3295 0.3295 0.323 0.323 0.323 0.3245 0.3245 0.327 0.327 0.326 0.326 0.326 0.3075 0.3075 0.401 0.401 0.364 0.364 0.364 0.33 0.33 0.3275 0.3275 0.3595 0.3595 0.3595 0.3435 0.3435 0.3605 0.3605 0.341 0.341 0.297 0.297 0.297 0.351 0.351 0.368 0.368 0.3695 0.3695 0.3695 0.4395 0.4395 0.409 0.409 0.4455 0.4455 0.4455 0.373 0.373 0.3765 0.3765 0.3835 0.3835 0.3835 0.4355 0.4355 0.476 0.476 0.4655 0.4655 0.4655
0.311 0.409 0.409 0.409 0.3745 0.3745 0.365 0.365 0.294 0.294 0.303 0.303 0.303 0.305 0.305 0.3295 0.3295 0.323 0.323 0.323 0.3245 0.3245 0.327 0.327 0.326 0.326 0.326 0.3075 0.3075 0.401 0.401 0.364 0.364 0.364 0.33 0.33 0.3275 0.3275 0.3595 0.3595 0.3595 0.3435 0.3435 0.3605 0.3605 0.341 0.341 0.297 0.297 0.297 0.351 0.351 0.368 0.368 0.3695 0.3695 0.3695 0.4395 0.4395 0.409 0.409 0.4455 0.4455 0.4455 0.373 0.373 0.3765 0.3765 0.3835 0.3835 0.3835 0.4355 0.4355 0.476 0.476 0.4655 0.4655 0.4655
0.3615 0.4395 0.4395 0.4395 0.3525 0.3525 0.374 0.374 0.3385 0.3385 0.2645 0.2645 0.2645 0.2875 0.2875 0.341 0.341 0.329 0.329 0.329 0.3435 0.3435 0.3245 0.3245 0.349 0.349 0.349 0.359 0.359 0.3845 0.3845 0.356 0.356 0.356 0.348 0.348 0.378 0.378 0.363 0.363 0.363 0.34 0.34 0.3475 0.3475 0.35 0.35 0.343 0.343 0.343 0.3065 0.3065 0.3705 0.3705 0.362 0.362 0.362 0.413 0.413 0.3815 0.3815 0.409 0.409 0.409 0.3925 0.3925 0.403 0.403 0.427 0.427 0.427 0.436 0.436 0.442 0.442 0.4795 0.4795 0.4795
0.3615 0.4395 0.4395 0.4395 0.3525 0.3525 0.374 0.374 0.3385 0.3385 0.2645 0.2645 0.2645 0.2875 0.2875 0.341 0.341 0.329 0.329 0.329 0.3435 0.3435 0.3245 0.3245 0.349 0.349 0.349 0.359 0.359 0.3845 0.3845 0.356 0.356 0.356 0.348 0.348 0.378 0.378 0.363 0.363 0.363 0.34 0.34 0.3475 0.3475 0.35 0.35 0.343 0.343 0.343 0.3065 0.3065 0.3705 0.3705 0.362 0.362 0.362 0.413 0.413 0.3815 0.3815 0.409 0.409 0.409 0.3925 0.3925 0.403 0.403 0.427 0.427 0.427 0.436 0.436 0.442 0.442 0.4795 0.4795 0.4795
0.5746 0.4365 0.4365 0.4365 0.3195 0.3195 0.3325 0.3325 0.3625 0.3625 0.379 0.379 0.379 0.3275 0.3275 0.353 0.353 0.3415 0.3415 0.3415 0.3175 0.3175 0.3175 0.3175 0.3785 0.3785 0.3785 0.3825 0.3825 0.41 0.41 0.365 0.365 0.365 0.3755 0.3755 0.372 0.372 0.3785 0.3785 0.3785 0.393 0.393 0.3585 0.3585 0.3775 0.3775 0.364 0.364 0.364 0.32 0.32 0.3325 0.3325 0.3695 0.3695 0.3695 0.357 0.357 0.3895 0.3895 0.3565 0.3565 0.3565 0.405 0.405 0.335 0.335 0.4355 0.4355 0.4355 0.384 0.384 0.4205 0.4205 0.428 0.428 0.428
