ndvi/NOAA-175.asc
ncols         252
nrows         154
xllcorner     -18.017974
yllcorner     13.481982
cellsize      0.035948
NODATA_value  -9999
[rows 34 to 67 of 154, columns 77 to 153 of 252]
0.162 0.162 0.1545 0.1545 0.148 0.148 0.1435 0.1435 0.1435 0.14 0.14 0.141 0.141 0.143 0.143 0.1525 0.1525 0.1525 0.1555 0.1555 0.161 0.161 0.1635 0.1635 0.1635 0.164 0.164 0.1665 0.1665 0.1615 0.1615 0.1615 0.178 0.178 0.1705 0.1705 0.164 0.164 0.164 0.1675 0.1675 0.1705 0.1705 0.17 0.17 0.17 0.16 0.16 0.1525 0.1525 0.1525 0.1525 0.1535 0.1535 0.1535 0.144 0.144 0.1435 0.1435 0.137 0.137 0.137 0.137 0.137 0.1535 0.1535 0.1515 0.1515 0.1515 0.1545 0.1545 0.137 0.137 0.125 0.125 0.125 0.1285
0.162 0.162 0.1545 0.1545 0.148 0.148 0.1435 0.1435 0.1435 0.14 0.14 0.141 0.141 0.143 0.143 0.1525 0.1525 0.1525 0.1555 0.1555 0.161 0.161 0.1635 0.1635 0.1635 0.164 0.164 0.1665 0.1665 0.1615 0.1615 0.1615 0.178 0.178 0.1705 0.1705 0.164 0.164 0.164 0.1675 0.1675 0.1705 0.1705 0.17 0.17 0.17 0.16 0.16 0.1525 0.1525 0.1525 0.1525 0.1535 0.1535 0.1535 0.144 0.144 0.1435 0.1435 0.137 0.137 0.137 0.137 0.137 0.1535 0.1535 0.1515 0.1515 0.1515 0.1545 0.1545 0.137 0.137 0.125 0.125 0.125 0.1285
0.162 0.162 0.1545 0.1545 0.148 0.148 0.1435 0.1435 0.1435 0.14 0.14 0.141 0.141 0.143 0.143 0.1525 0.1525 0.1525 0.1555 0.1555 0.161 0.161 0.1635 0.1635 0.1635 0.164 0.164 0.1665 0.1665 0.1615 0.1615 0.1615 0.178 0.178 0.1705 0.1705 0.164 0.164 0.164 0.1675 0.1675 0.1705 0.1705 0.17 0.17 0.17 0.16 0.16 0.1525 0.1525 0.1525 0.1525 0.1535 0.1535 0.1535 0.144 0.144 0.1435 0.1435 0.137 0.137 0.137 0.137 0.137 0.1535 0.1535 0.1515 0.1515 0.1515 0.1545 0.1545 0.137 0.137 0.125 0.125 0.125 0.1285
0.1755 0.1755 0.1815 0.1815 0.174 0.174 0.165 0.165 0.165 0.177 0.177 0.1705 0.1705 0.171 0.171 0.151 0.151 0.151 0.1635 0.1635 0.1675 0.1675 0.177 0.177 0.177 0.182 0.182 0.1785 0.1785 0.1835 0.1835 0.1835 0.184 0.184 0.177 0.177 0.174 0.174 0.174 0.179 0.179 0.1825 0.1825 0.1995 0.1995 0.1995 0.1835 0.1835 0.1765 0.1765 0.173 0.173 0.168 0.168 0.168 0.1605 0.1605 0.161 0.161 0.166 0.166 0.166 0.165 0.165 0.16 0.16 0.158 0.158 0.158 0.144 0.144 0.113 0.113 0.1195 0.1195 0.1195 0.121
0.1755 0.1755 0.1815 0.1815 0.174 0.174 0.165 0.165 0.165 0.177 0.177 0.1705 0.1705 0.171 0.171 0.151 0.151 0.151 0.1635 0.1635 0.1675 0.1675 0.177 0.177 0.177 0.182 0.182 0.1785 0.1785 0.1835 0.1835 0.1835 0.184 0.184 0.177 0.177 0.174 0.174 0.174 0.179 0.179 0.1825 0.1825 0.1995 0.1995 0.1995 0.1835 0.1835 0.1765 0.1765 0.173 0.173 0.168 0.168 0.168 0.1605 0.1605 0.161 0.161 0.166 0.166 0.166 0.165 0.165 0.16 0.16 0.158 0.158 0.158 0.144 0.144 0.113 0.113 0.1195 0.1195 0.1195 0.121
0.177 0.177 0.179 0.179 0.178 0.178 0.18 0.18 0.18 0.1745 0.1745 0.1675 0.1675 0.18 0.18 0.1645 0.1645 0.1645 0.149 0.149 0.158 0.158 0.1685 0.1685 0.1685 0.17 0.17 0.1815 0.1815 0.1815 0.1815 0.1815 0.185 0.185 0.193 0.193 0.184 0.184 0.184 0.1885 0.1885 0.1905 0.1905 0.205 0.205 0.205 0.1965 0.1965 0.1815 0.1815 0.177 0.177 0.2395 0.2395 0.2395 0.209 0.209 0.2115 0.2115 0.1985 0.1985 0.1985 0.167 0.167 0.154 0.154 0.154 0.154 0.154 0.126 0.126 0.1165 0.1165 0.1265 0.1265 0.1265 0.127
0.177 0.177 0.179 0.179 0.178 0.178 0.18 0.18 0.18 0.1745 0.1745 0.1675 0.1675 0.18 0.18 0.1645 0.1645 0.1645 0.149 0.149 0.158 0.158 0.1685 0.1685 0.1685 0.17 0.17 0.1815 0.1815 0.1815 0.1815 0.1815 0.185 0.185 0.193 0.193 0.184 0.184 0.184 0.1885 0.1885 0.1905 0.1905 0.205 0.205 0.205 0.1965 0.1965 0.1815 0.1815 0.177 0.177 0.2395 0.2395 0.2395 0.209 0.209 0.2115 0.2115 0.1985 0.1985 0.1985 0.167 0.167 0.154 0.154 0.154 0.154 0.154 0.126 0.126 0.1165 0.1165 0.1265 0.1265 0.1265 0.127
0.1855 0.1855 0.1685 0.1685 0.17 0.17 0.1725 0.1725 0.1725 0.1705 0.1705 0.17 0.17 0.176 0.176 0.182 0.182 0.182 0.1675 0.1675 0.158 0.158 0.1705 0.1705 0.1705 0.188 0.188 0.1985 0.1985 0.194 0.194 0.194 0.196 0.196 0.196 0.196 0.1935 0.1935 0.1935 0.192 0.192 0.2045 0.2045 0.2055 0.2055 0.2055 0.187 0.187 0.1945 0.1945 0.2015 0.2015 0.2365 0.2365 0.2365 0.205 0.205 0.2035 0.2035 0.187 0.187 0.187 0.1535 0.1535 0.1435 0.1435 0.12 0.12 0.12 0.133 0.133 0.124 0.124 0.1215 0.1215 0.1215 0.1195
0.1855 0.1855 0.1685 0.1685 0.17 0.17 0.1725 0.1725 0.1725 0.1705 0.1705 0.17 0.17 0.176 0.176 0.182 0.182 0.182 0.1675 0.1675 0.158 0.158 0.1705 0.1705 0.1705 0.188 0.188 0.1985 0.1985 0.194 0.194 0.194 0.196 0.196 0.196 0.196 0.1935 0.1935 0.1935 0.192 0.192 0.2045 0.2045 0.2055 0.2055 0.2055 0.187 0.187 0.1945 0.1945 0.2015 0.2015 0.2365 0.2365 0.2365 0.205 0.205 0.2035 0.2035 0.187 0.187 0.187 0.1535 0.1535 0.1435 0.1435 0.12 0.12 0.12 0.133 0.133 0.124 0.124 0.1215 0.1215 0.1215 0.1195
0.1855 0.1855 0.1685 0.1685 0.17 0.17 0.1725 0.1725 0.1725 0.1705 0.1705 0.17 0.17 0.176 0.176 0.182 0.182 0.182 0.1675 0.1675 0.158 0.158 0.1705 0.1705 0.1705 0.188 0.188 0.1985 0.1985 0.194 0.194 0.194 0.196 0.196 0.196 0.196 0.1935 0.1935 0.1935 0.192 0.192 0.2045 0.2045 0.2055 0.2055 0.2055 0.187 0.187 0.1945 0.1945 0.2015 0.2015 0.2365 0.2365 0.2365 0.205 0.205 0.2035 0.2035 0.187 0.187 0.187 0.1535 0.1535 0.1435 0.1435 0.12 0.12 0.12 0.133 0.133 0.124 0.124 0.1215 0.1215 0.1215 0.1195
0.1885 0.1885 0.1665 0.1665 0.174 0.174 0.1715 0.1715 0.1715 0.17 0.17 0.1715 0.1715 0.1715 0.1715 0.183 0.183 0.183 0.187 0.187 0.1675 0.1675 0.1685 0.1685 0.1685 0.182 0.182 0.186 0.186 0.1985 0.1985 0.1985 0.21 0.21 0.225 0.225 0.205 0.205 0.205 0.2035 0.2035 0.197 0.197 0.1935 0.1935 0.1935 0.1815 0.1815 0.1885 0.1885 0.1765 0.1765 0.1905 0.1905 0.1905 0.1845 0.1845 0.1805 0.1805 0.1525 0.1525 0.1525 0.141 0.141 0.1285 0.1285 0.126 0.126 0.126 0.1305 0.1305 0.1215 0.1215 0.099 0.099 0.099 0.1105
0.1885 0.1885 0.1665 0.1665 0.174 0.174 0.1715 0.1715 0.1715 0.17 0.17 0.1715 0.1715 0.1715 0.1715 0.183 0.183 0.183 0.187 0.187 0.1675 0.1675 0.1685 0.1685 0.1685 0.182 0.182 0.186 0.186 0.1985 0.1985 0.1985 0.21 0.21 0.225 0.225 0.205 0.205 0.205 0.2035 0.2035 0.197 0.197 0.1935 0.1935 0.1935 0.1815 0.1815 0.1885 0.1885 0.1765 0.1765 0.1905 0.1905 0.1905 0.1845 0.1845 0.1805 0.1805 0.1525 0.1525 0.1525 0.141 0.141 0.1285 0.1285 0.126 0.126 0.126 0.1305 0.1305 0.1215 0.1215 0.099 0.099 0.099 0.1105
0.212 0.212 0.2065 0.2065 0.1945 0.1945 0.183 0.183 0.183 0.1755 0.1755 0.164 0.164 0.173 0.173 0.1865 0.1865 0.1865 0.19 0.19 0.197 0.197 0.196 0.196 0.196 0.1885 0.1885 0.196 0.196 0.2025 0.2025 0.2025 0.2175 0.2175 0.218 0.218 0.202 0.202 0.202 0.189 0.189 0.1965 0.1965 0.182 0.182 0.182 0.1895 0.1895 0.2175 0.2175 0.19 0.19 0.192 0.192 0.192 0.174 0.174 0.1655 0.1655 0.156 0.156 0.156 0.152 0.152 0.145 0.145 0.1415 0.1415 0.1415 0.138 0.138 0.141 0.141 0.1025 0.1025 0.1025 0.144
0.212 0.212 0.2065 0.2065 0.1945 0.1945 0.183 0.183 0.183 0.1755 0.1755 0.164 0.164 0.173 0.173 0.1865 0.1865 0.1865 0.19 0.19 0.197 0.197 0.196 0.196 0.196 0.1885 0.1885 0.196 0.196 0.2025 0.2025 0.2025 0.2175 0.2175 0.218 0.218 0.202 0.202 0.202 0.189 0.189 0.1965 0.1965 0.182 0.182 0.182 0.1895 0.1895 0.2175 0.2175 0.19 0.19 0.192 0.192 0.192 0.174 0.174 0.1655 0.1655 0.156 0.156 0.156 0.152 0.152 0.145 0.145 0.1415 0.1415 0.1415 0.138 0.138 0.141 0.141 0.1025 0.1025 0.1025 0.144
0.2245 0.2245 0.209 0.209 0.211 0.211 0.187 0.187 0.187 0.1925 0.1925 0.1705 0.1705 0.211 0.211 0.2175 0.2175 0.2175 0.226 0.226 0.2425 0.2425 0.2315 0.2315 0.2315 0.2195 0.2195 0.2305 0.2305 0.2355 0.2355 0.2355 0.234 0.234 0.2325 0.2325 0.196 0.196 0.196 0.179 0.179 0.1905 0.1905 0.1965 0.1965 0.1965 0.2165 0.2165 0.1985 0.1985 0.1815 0.1815 0.191 0.191 0.191 0.1935 0.1935 0.1725 0.1725 0.161 0.161 0.161 0.168 0.168 0.1595 0.1595 0.168 0.168 0.168 0.163 0.163 0.1595 0.1595 0.1455 0.1455 0.1455 0.1545
0.2245 0.2245 0.209 0.209 0.211 0.211 0.187 0.187 0.187 0.1925 0.1925 0.1705 0.1705 0.211 0.211 0.2175 0.2175 0.2175 0.226 0.226 0.2425 0.2425 0.2315 0.2315 0.2315 0.2195 0.2195 0.2305 0.2305 0.2355 0.2355 0.2355 0.234 0.234 0.2325 0.2325 0.196 0.196 0.196 0.179 0.179 0.1905 0.1905 0.1965 0.1965 0.1965 0.2165 0.2165 0.1985 0.1985 0.1815 0.1815 0.191 0.191 0.191 0.1935 0.1935 0.1725 0.1725 0.161 0.161 0.161 0.168 0.168 0.1595 0.1595 0.168 0.168 0.168 0.163 0.163 0.1595 0.1595 0.1455 0.1455 0.1455 0.1545
0.2245 0.2245 0.209 0.209 0.211 0.211 0.187 0.187 0.187 0.1925 0.1925 0.1705 0.1705 0.211 0.211 0.2175 0.2175 0.2175 0.226 0.226 0.2425 0.2425 0.2315 0.2315 0.2315 0.2195 0.2195 0.2305 0.2305 0.2355 0.2355 0.2355 0.234 0.234 0.2325 0.2325 0.196 0.196 0.196 0.179 0.179 0.1905 0.1905 0.1965 0.1965 0.1965 0.2165 0.2165 0.1985 0.1985 0.1815 0.1815 0.191 0.191 0.191 0.1935 0.1935 0.1725 0.1725 0.161 0.161 0.161 0.168 0.168 0.1595 0.1595 0.168 0.168 0.168 0.163 0.163 0.1595 0.1595 0.1455 0.1455 0.1455 0.1545
0.2105 0.2105 0.205 0.205 0.1895 0.1895 0.2085 0.2085 0.2085 0.229 0.229 0.23 0.23 0.2435 0.2435 0.237 0.237 0.237 0.23 0.23 0.2225 0.2225 0.229 0.229 0.229 0.2395 0.2395 0.225 0.225 0.222 0.222 0.222 0.2145 0.2145 0.2295 0.2295 0.2185 0.2185 0.2185 0.182 0.182 0.1855 0.1855 0.1905 0.1905 0.1905 0.2 0.2 0.1575 0.1575 0.174 0.174 0.1845 0.1845 0.1845 0.1965 0.1965 0.1845 0.1845 0.17 0.17 0.17 0.193 0.193 0.2095 0.2095 0.206 0.206 0.206 0.209 0.209 0.2025 0.2025 0.154 0.154 0.154 0.139
0.2105 0.2105 0.205 0.205 0.1895 0.1895 0.2085 0.2085 0.2085 0.229 0.229 0.23 0.23 0.2435 0.2435 0.237 0.237 0.237 0.23 0.23 0.2225 0.2225 0.229 0.229 0.229 0.2395 0.2395 0.225 0.225 0.222 0.222 0.222 0.2145 0.2145 0.2295 0.2295 0.2185 0.2185 0.2185 0.182 0.182 0.1855 0.1855 0.1905 0.1905 0.1905 0.2 0.2 0.1575 0.1575 0.174 0.174 0.1845 0.1845 0.1845 0.1965 0.1965 0.1845 0.1845 0.17 0.17 0.17 0.193 0.193 0.2095 0.2095 0.206 0.206 0.206 0.209 0.209 0.2025 0.2025 0.154 0.154 0.154 0.139
0.209 0.209 0.2085 0.2085 0.236 0.236 0.2385 0.2385 0.2385 0.2455 0.2455 0.2425 0.2425 0.2505 0.2505 0.248 0.248 0.248 0.2345 0.2345 0.2365 0.2365 0.217 0.217 0.217 0.2195 0.2195 0.2035 0.2035 0.2035 0.2035 0.2035 0.1905 0.1905 0.2365 0.2365 0.238 0.238 0.238 0.2035 0.2035 0.177 0.177 0.1845 0.1845 0.1845 0.1715 0.1715 0.143 0.143 0.184 0.184 0.1835 0.1835 0.1835 0.1865 0.1865 0.213 0.213 0.22 0.22 0.22 0.219 0.219 0.209 0.209 0.2115 0.2115 0.2115 0.2075 0.2075 0.199 0.199 0.202 0.202 0.202 0.1205
0.209 0.209 0.2085 0.2085 0.236 0.236 0.2385 0.2385 0.2385 0.2455 0.2455 0.2425 0.2425 0.2505 0.2505 0.248 0.248 0.248 0.2345 0.2345 0.2365 0.2365 0.217 0.217 0.217 0.2195 0.2195 0.2035 0.2035 0.2035 0.2035 0.2035 0.1905 0.1905 0.2365 0.2365 0.238 0.238 0.238 0.2035 0.2035 0.177 0.177 0.1845 0.1845 0.1845 0.1715 0.1715 0.143 0.143 0.184 0.184 0.1835 0.1835 0.1835 0.1865 0.1865 0.213 0.213 0.22 0.22 0.22 0.219 0.219 0.209 0.209 0.2115 0.2115 0.2115 0.2075 0.2075 0.199 0.199 0.202 0.202 0.202 0.1205
0.2405 0.2405 0.247 0.247 0.247 0.247 0.2525 0.2525 0.2525 0.257 0.257 0.2605 0.2605 0.2625 0.2625 0.257 0.257 0.257 0.2425 0.2425 0.238 0.238 0.2355 0.2355 0.2355 0.213 0.213 0.2045 0.2045 0.1875 0.1875 0.1875 0.1975 0.1975 0.2095 0.2095 0.191 0.191 0.191 0.2 0.2 0.1695 0.1695 0.1685 0.1685 0.1685 0.156 0.156 0.159 0.159 0.168 0.168 0.179 0.179 0.179 0.2035 0.2035 0.216 0.216 0.231 0.231 0.231 0.213 0.213 0.2 0.2 0.1925 0.1925 0.1925 0.181 0.181 0.156 0.156 0.1405 0.1405 0.1405 0.1065
0.2405 0.2405 0.247 0.247 0.247 0.247 0.2525 0.2525 0.2525 0.257 0.257 0.2605 0.2605 0.2625 0.2625 0.257 0.257 0.257 0.2425 0.2425 0.238 0.238 0.2355 0.2355 0.2355 0.213 0.213 0.2045 0.2045 0.1875 0.1875 0.1875 0.1975 0.1975 0.2095 0.2095 0.191 0.191 0.191 0.2 0.2 0.1695 0.1695 0.1685 0.1685 0.1685 0.156 0.156 0.159 0.159 0.168 0.168 0.179 0.179 0.179 0.2035 0.2035 0.216 0.216 0.231 0.231 0.231 0.213 0.213 0.2 0.2 0.1925 0.1925 0.1925 0.181 0.181 0.156 0.156 0.1405 0.1405 0.1405 0.1065
0.25 0.25 0.234 0.234 0.238 0.238 0.2525 0.2525 0.2525 0.2565 0.2565 0.245 0.245 0.247 0.247 0.2575 0.2575 0.2575 0.26 0.26 0.2445 0.2445 0.235 0.235 0.235 0.2235 0.2235 0.1975 0.1975 0.193 0.193 0.193 0.192 0.192 0.189 0.189 0.177 0.177 0.177 0.191 0.191 0.168 0.168 0.177 0.177 0.177 0.1805 0.1805 0.137 0.137 0.1425 0.1425 0.165 0.165 0.165 0.1855 0.1855 0.196 0.196 0.2075 0.2075 0.2075 0.212 0.212 0.2095 0.2095 0.168 0.168 0.168 0.1785 0.1785 0.1635 0.1635 0.147 0.147 0.147 0.099
0.25 0.25 0.234 0.234 0.238 0.238 0.2525 0.2525 0.2525 0.2565 0.2565 0.245 0.245 0.247 0.247 0.2575 0.2575 0.2575 0.26 0.26 0.2445 0.2445 0.235 0.235 0.235 0.2235 0.2235 0.1975 0.1975 0.193 0.193 0.193 0.192 0.192 0.189 0.189 0.177 0.177 0.177 0.191 0.191 0.168 0.168 0.177 0.177 0.177 0.1805 0.1805 0.137 0.137 0.1425 0.1425 0.165 0.165 0.165 0.1855 0.1855 0.196 0.196 0.2075 0.2075 0.2075 0.212 0.212 0.2095 0.2095 0.168 0.168 0.168 0.1785 0.1785 0.1635 0.1635 0.147 0.147 0.147 0.099
0.25 0.25 0.234 0.234 0.238 0.238 0.2525 0.2525 0.2525 0.2565 0.2565 0.245 0.245 0.247 0.247 0.2575 0.2575 0.2575 0.26 0.26 0.2445 0.2445 0.235 0.235 0.235 0.2235 0.2235 0.1975 0.1975 0.193 0.193 0.193 0.192 0.192 0.189 0.189 0.177 0.177 0.177 0.191 0.191 0.168 0.168 0.177 0.177 0.177 0.1805 0.1805 0.137 0.137 0.1425 0.1425 0.165 0.165 0.165 0.1855 0.1855 0.196 0.196 0.2075 0.2075 0.2075 0.212 0.212 0.2095 0.2095 0.168 0.168 0.168 0.1785 0.1785 0.1635 0.1635 0.147 0.147 0.147 0.099
0.231 0.231 0.2305 0.2305 0.231 0.231 0.236 0.236 0.236 0.203 0.203 0.2095 0.2095 0.2005 0.2005 0.24 0.24 0.24 0.1685 0.1685 0.226 0.226 0.208 0.208 0.208 0.217 0.217 0.217 0.217 0.203 0.203 0.203 0.21 0.21 0.213 0.213 0.1955 0.1955 0.1955 0.165 0.165 0.1605 0.1605 0.1785 0.1785 0.1785 0.173 0.173 0.123 0.123 0.1055 0.1055 0.1145 0.1145 0.1145 0.139 0.139 0.1755 0.1755 0.231 0.231 0.231 0.2295 0.2295 0.21 0.21 0.205 0.205 0.205 0.2055 0.2055 0.1815 0.1815 0.1585 0.1585 0.1585 0.117
0.231 0.231 0.2305 0.2305 0.231 0.231 0.236 0.236 0.236 0.203 0.203 0.2095 0.2095 0.2005 0.2005 0.24 0.24 0.24 0.1685 0.1685 0.226 0.226 0.208 0.208 0.208 0.217 0.217 0.217 0.217 0.203 0.203 0.203 0.21 0.21 0.213 0.213 0.1955 0.1955 0.1955 0.165 0.165 0.1605 0.1605 0.1785 0.1785 0.1785 0.173 0.173 0.123 0.123 0.1055 0.1055 0.1145 0.1145 0.1145 0.139 0.139 0.1755 0.1755 0.231 0.231 0.231 0.2295 0.2295 0.21 0.21 0.205 0.205 0.205 0.2055 0.2055 0.1815 0.1815 0.1585 0.1585 0.1585 0.117
0.2265 0.2265 0.213 0.213 0.2235 0.2235 0.223 0.223 0.223 0.239 0.239 0.2565 0.2565 0.2225 0.2225 0.2 0.2 0.2 0.175 0.175 0.2025 0.2025 0.211 0.211 0.211 0.2165 0.2165 0.2 0.2 0.2245 0.2245 0.2245 0.2325 0.2325 0.2165 0.2165 0.2015 0.2015 0.2015 0.191 0.191 0.1545 0.1545 0.1735 0.1735 0.1735 0.1485 0.1485 0.123 0.123 0.149 0.149 0.15 0.15 0.15 0.17 0.17 0.186 0.186 0.229 0.229 0.229 0.238 0.238 0.2255 0.2255 0.205 0.205 0.205 0.2215 0.2215 0.2085 0.2085 0.1525 0.1525 0.1525 0.1455
0.2265 0.2265 0.213 0.213 0.2235 0.2235 0.223 0.223 0.223 0.239 0.239 0.2565 0.2565 0.2225 0.2225 0.2 0.2 0.2 0.175 0.175 0.2025 0.2025 0.211 0.211 0.211 0.2165 0.2165 0.2 0.2 0.2245 0.2245 0.2245 0.2325 0.2325 0.2165 0.2165 0.2015 0.2015 0.2015 0.191 0.191 0.1545 0.1545 0.1735 0.1735 0.1735 0.1485 0.1485 0.123 0.123 0.149 0.149 0.15 0.15 0.15 0.17 0.17 0.186 0.186 0.229 0.229 0.229 0.238 0.238 0.2255 0.2255 0.205 0.205 0.205 0.2215 0.2215 0.2085 0.2085 0.1525 0.1525 0.1525 0.1455
0.2335 0.2335 0.234 0.234 0.256 0.256 0.259 0.259 0.259 0.252 0.252 0.279 0.279 0.265 0.265 0.2485 0.2485 0.2485 0.23 0.23 0.211 0.211 0.1955 0.1955 0.1955 0.1805 0.1805 0.204 0.204 0.219 0.219 0.219 0.2325 0.2325 0.2115 0.2115 0.212 0.212 0.212 0.2065 0.2065 0.2095 0.2095 0.16 0.16 0.16 0.1455 0.1455 0.115 0.115 0.134 0.134 0.1745 0.1745 0.1745 0.171 0.171 0.2085 0.2085 0.226 0.226 0.226 0.2305 0.2305 0.2295 0.2295 0.227 0.227 0.227 0.2165 0.2165 0.229 0.229 0.176 0.176 0.176 0.154
0.2335 0.2335 0.234 0.234 0.256 0.256 0.259 0.259 0.259 0.252 0.252 0.279 0.279 0.265 0.265 0.2485 0.2485 0.2485 0.23 0.23 0.211 0.211 0.1955 0.1955 0.1955 0.1805 0.1805 0.204 0.204 0.219 0.219 0.219 0.2325 0.2325 0.2115 0.2115 0.212 0.212 0.212 0.2065 0.2065 0.2095 0.2095 0.16 0.16 0.16 0.1455 0.1455 0.115 0.115 0.134 0.134 0.1745 0.1745 0.1745 0.171 0.171 0.2085 0.2085 0.226 0.226 0.226 0.2305 0.2305 0.2295 0.2295 0.227 0.227 0.227 0.2165 0.2165 0.229 0.229 0.176 0.176 0.176 0.154
0.2335 0.2335 0.234 0.234 0.256 0.256 0.259 0.259 0.259 0.252 0.252 0.279 0.279 0.265 0.265 0.2485 0.2485 0.2485 0.23 0.23 0.211 0.211 0.1955 0.1955 0.1955 0.1805 0.1805 0.204 0.204 0.219 0.219 0.219 0.2325 0.2325 0.2115 0.2115 0.212 0.212 0.212 0.2065 0.2065 0.2095 0.2095 0.16 0.16 0.16 0.1455 0.1455 0.115 0.115 0.134 0.134 0.1745 0.1745 0.1745 0.171 0.171 0.2085 0.2085 0.226 0.226 0.226 0.2305 0.2305 0.2295 0.2295 0.227 0.227 0.227 0.2165 0.2165 0.229 0.229 0.176 0.176 0.176 0.154
0.2305 0.2305 0.228 0.228 0.2305 0.2305 0.248 0.248 0.248 0.2775 0.2775 0.2855 0.2855 0.278 0.278 0.2675 0.2675 0.2675 0.274 0.274 0.268 0.268 0.225 0.225 0.225 0.1965 0.1965 0.206 0.206 0.209 0.209 0.209 0.2325 0.2325 0.24 0.24 0.245 0.245 0.245 0.244 0.244 0.238 0.238 0.1995 0.1995 0.1995 0.148 0.148 0.166 0.166 0.186 0.186 0.2045 0.2045 0.2045 0.2025 0.2025 0.2105 0.2105 0.2225 0.2225 0.2225 0.241 0.241 0.245 0.245 0.2265 0.2265 0.2265 0.2135 0.2135 0.225 0.225 0.194 0.194 0.194 0.1335
