ndvi/NOAA-155.asc
ncols         252
nrows         154
xllcorner     -18.017974
yllcorner     13.481982
cellsize      0.035948
NODATA_value  -9999
[rows 68 to 101 of 154, columns 154 to 230 of 252]
0.122 0.162 0.162 0.1265 0.1265 0.1265 0.1475 0.1475 0.1345 0.1345 0.1865 0.1865 0.2035 0.2035 0.2035 0.2385 0.2385 0.233 0.233 0.2445 0.2445 0.2445 0.2445 0.2445 0.2035 0.2035 0.2105 0.2105 0.2105 0.224 0.224 0.2145 0.2145 0.23 0.23 0.23 0.259 0.259 0.2555 0.2555 0.233 0.233 0.233 0.243 0.243 0.242 0.242 0.24 0.24 0.2295 0.2295 0.2295 0.2275 0.2275 0.2365 0.2365 0.2415 0.2415 0.2415 0.2625 0.2625 0.2185 0.2185 0.21 0.21 0.21 0.195 0.195 0.2085 0.2085 0.232 0.232 0.232 0.217 0.217 0.2355 0.2355
0.14 0.1615 0.1615 0.144 0.144 0.144 0.154 0.154 0.181 0.181 0.167 0.167 0.232 0.232 0.232 0.2145 0.2145 0.211 0.211 0.232 0.232 0.232 0.2255 0.2255 0.22 0.22 0.211 0.211 0.211 0.2205 0.2205 0.22 0.22 0.235 0.235 0.235 0.2355 0.2355 0.243 0.243 0.2235 0.2235 0.2235 0.226 0.226 0.2215 0.2215 0.216 0.216 0.263 0.263 0.263 0.241 0.241 0.236 0.236 0.248 0.248 0.248 0.2295 0.2295 0.272 0.272 0.227 0.227 0.227 0.211 0.211 0.239 0.239 0.261 0.261 0.261 0.273 0.273 0.2365 0.2365
0.14 0.1615 0.1615 0.144 0.144 0.144 0.154 0.154 0.181 0.181 0.167 0.167 0.232 0.232 0.232 0.2145 0.2145 0.211 0.211 0.232 0.232 0.232 0.2255 0.2255 0.22 0.22 0.211 0.211 0.211 0.2205 0.2205 0.22 0.22 0.235 0.235 0.235 0.2355 0.2355 0.243 0.243 0.2235 0.2235 0.2235 0.226 0.226 0.2215 0.2215 0.216 0.216 0.263 0.263 0.263 0.241 0.241 0.236 0.236 0.248 0.248 0.248 0.2295 0.2295 0.272 0.272 0.227 0.227 0.227 0.211 0.211 0.239 0.239 0.261 0.261 0.261 0.273 0.273 0.2365 0.2365
0.1585 0.178 0.178 0.175 0.175 0.175 0.1665 0.1665 0.187 0.187 0.15 0.15 0.208 0.208 0.208 0.2335 0.2335 0.2125 0.2125 0.211 0.211 0.211 0.2185 0.2185 0.204 0.204 0.205 0.205 0.205 0.2155 0.2155 0.24 0.24 0.238 0.238 0.238 0.2435 0.2435 0.2355 0.2355 0.246 0.246 0.246 0.247 0.247 0.2635 0.2635 0.24 0.24 0.248 0.248 0.248 0.2675 0.2675 0.2465 0.2465 0.252 0.252 0.252 0.2635 0.2635 0.2535 0.2535 0.2365 0.2365 0.2365 0.231 0.231 0.2515 0.2515 0.253 0.253 0.253 0.279 0.279 0.26 0.26
0.1585 0.178 0.178 0.175 0.175 0.175 0.1665 0.1665 0.187 0.187 0.15 0.15 0.208 0.208 0.208 0.2335 0.2335 0.2125 0.2125 0.211 0.211 0.211 0.2185 0.2185 0.204 0.204 0.205 0.205 0.205 0.2155 0.2155 0.24 0.24 0.238 0.238 0.238 0.2435 0.2435 0.2355 0.2355 0.246 0.246 0.246 0.247 0.247 0.2635 0.2635 0.24 0.24 0.248 0.248 0.248 0.2675 0.2675 0.2465 0.2465 0.252 0.252 0.252 0.2635 0.2635 0.2535 0.2535 0.2365 0.2365 0.2365 0.231 0.231 0.2515 0.2515 0.253 0.253 0.253 0.279 0.279 0.26 0.26
0.1585 0.178 0.178 0.175 0.175 0.175 0.1665 0.1665 0.187 0.187 0.15 0.15 0.208 0.208 0.208 0.2335 0.2335 0.2125 0.2125 0.211 0.211 0.211 0.2185 0.2185 0.204 0.204 0.205 0.205 0.205 0.2155 0.2155 0.24 0.24 0.238 0.238 0.238 0.2435 0.2435 0.2355 0.2355 0.246 0.246 0.246 0.247 0.247 0.2635 0.2635 0.24 0.24 0.248 0.248 0.248 0.2675 0.2675 0.2465 0.2465 0.252 0.252 0.252 0.2635 0.2635 0.2535 0.2535 0.2365 0.2365 0.2365 0.231 0.231 0.2515 0.2515 0.253 0.253 0.253 0.279 0.279 0.26 0.26
0.167 0.1655 0.1655 0.1955 0.1955 0.1955 0.177 0.177 0.1735 0.1735 0.1805 0.1805 0.229 0.229 0.229 0.23 0.23 0.2315 0.2315 0.2075 0.2075 0.2075 0.217 0.217 0.2065 0.2065 0.224 0.224 0.224 0.2375 0.2375 0.255 0.255 0.252 0.252 0.252 0.258 0.258 0.244 0.244 0.259 0.259 0.259 0.259 0.259 0.2385 0.2385 0.2395 0.2395 0.2695 0.2695 0.2695 0.2445 0.2445 0.2515 0.2515 0.2695 0.2695 0.2695 0.296 0.296 0.268 0.268 0.2655 0.2655 0.2655 0.2355 0.2355 0.231 0.231 0.252 0.252 0.252 0.276 0.276 0.296 0.296
0.167 0.1655 0.1655 0.1955 0.1955 0.1955 0.177 0.177 0.1735 0.1735 0.1805 0.1805 0.229 0.229 0.229 0.23 0.23 0.2315 0.2315 0.2075 0.2075 0.2075 0.217 0.217 0.2065 0.2065 0.224 0.224 0.224 0.2375 0.2375 0.255 0.255 0.252 0.252 0.252 0.258 0.258 0.244 0.244 0.259 0.259 0.259 0.259 0.259 0.2385 0.2385 0.2395 0.2395 0.2695 0.2695 0.2695 0.2445 0.2445 0.2515 0.2515 0.2695 0.2695 0.2695 0.296 0.296 0.268 0.268 0.2655 0.2655 0.2655 0.2355 0.2355 0.231 0.231 0.252 0.252 0.252 0.276 0.276 0.296 0.296
0.1455 0.182 0.182 0.208 0.208 0.208 0.1995 0.1995 0.1735 0.1735 0.163 0.163 0.217 0.217 0.217 0.2385 0.2385 0.2345 0.2345 0.218 0.218 0.218 0.223 0.223 0.221 0.221 0.2285 0.2285 0.2285 0.253 0.253 0.261 0.261 0.252 0.252 0.252 0.2965 0.2965 0.2765 0.2765 0.255 0.255 0.255 0.2545 0.2545 0.2485 0.2485 0.247 0.247 0.284 0.284 0.284 0.306 0.306 0.266 0.266 0.283 0.283 0.283 0.2795 0.2795 0.2605 0.2605 0.284 0.284 0.284 0.312 0.312 0.26 0.26 0.2435 0.2435 0.2435 0.26 0.26 0.3025 0.3025
0.1455 0.182 0.182 0.208 0.208 0.208 0.1995 0.1995 0.1735 0.1735 0.163 0.163 0.217 0.217 0.217 0.2385 0.2385 0.2345 0.2345 0.218 0.218 0.218 0.223 0.223 0.221 0.221 0.2285 0.2285 0.2285 0.253 0.253 0.261 0.261 0.252 0.252 0.252 0.2965 0.2965 0.2765 0.2765 0.255 0.255 0.255 0.2545 0.2545 0.2485 0.2485 0.247 0.247 0.284 0.284 0.284 0.306 0.306 0.266 0.266 0.283 0.283 0.283 0.2795 0.2795 0.2605 0.2605 0.284 0.284 0.284 0.312 0.312 0.26 0.26 0.2435 0.2435 0.2435 0.26 0.26 0.3025 0.3025
0.138 0.157 0.157 0.1585 0.1585 0.1585 0.167 0.167 0.1495 0.1495 0.181 0.181 0.233 0.233 0.233 0.232 0.232 0.2285 0.2285 0.22 0.22 0.22 0.2125 0.2125 0.2315 0.2315 0.25 0.25 0.25 0.262 0.262 0.244 0.244 0.244 0.244 0.244 0.25 0.25 0.278 0.278 0.2535 0.2535 0.2535 0.2515 0.2515 0.255 0.255 0.2565 0.2565 0.2945 0.2945 0.2945 0.2945 0.2945 0.2745 0.2745 0.2695 0.2695 0.2695 0.2885 0.2885 0.282 0.282 0.331 0.331 0.331 0.3205 0.3205 0.3215 0.3215 0.2745 0.2745 0.2745 0.2585 0.2585 0.274 0.274
0.138 0.157 0.157 0.1585 0.1585 0.1585 0.167 0.167 0.1495 0.1495 0.181 0.181 0.233 0.233 0.233 0.232 0.232 0.2285 0.2285 0.22 0.22 0.22 0.2125 0.2125 0.2315 0.2315 0.25 0.25 0.25 0.262 0.262 0.244 0.244 0.244 0.244 0.244 0.25 0.25 0.278 0.278 0.2535 0.2535 0.2535 0.2515 0.2515 0.255 0.255 0.2565 0.2565 0.2945 0.2945 0.2945 0.2945 0.2945 0.2745 0.2745 0.2695 0.2695 0.2695 0.2885 0.2885 0.282 0.282 0.331 0.331 0.331 0.3205 0.3205 0.3215 0.3215 0.2745 0.2745 0.2745 0.2585 0.2585 0.274 0.274
0.137 0.163 0.163 0.1515 0.1515 0.1515 0.163 0.163 0.165 0.165 0.172 0.172 0.224 0.224 0.224 0.2185 0.2185 0.2535 0.2535 0.2215 0.2215 0.2215 0.239 0.239 0.2405 0.2405 0.249 0.249 0.249 0.252 0.252 0.248 0.248 0.2635 0.2635 0.2635 0.269 0.269 0.2665 0.2665 0.2605 0.2605 0.2605 0.261 0.261 0.277 0.277 0.25 0.25 0.3365 0.3365 0.3365 0.2955 0.2955 0.3 0.3 0.2885 0.2885 0.2885 0.2895 0.2895 0.289 0.289 0.2795 0.2795 0.2795 0.282 0.282 0.2955 0.2955 0.2755 0.2755 0.2755 0.3025 0.3025 0.319 0.319
0.137 0.163 0.163 0.1515 0.1515 0.1515 0.163 0.163 0.165 0.165 0.172 0.172 0.224 0.224 0.224 0.2185 0.2185 0.2535 0.2535 0.2215 0.2215 0.2215 0.239 0.239 0.2405 0.2405 0.249 0.249 0.249 0.252 0.252 0.248 0.248 0.2635 0.2635 0.2635 0.269 0.269 0.2665 0.2665 0.2605 0.2605 0.2605 0.261 0.261 0.277 0.277 0.25 0.25 0.3365 0.3365 0.3365 0.2955 0.2955 0.3 0.3 0.2885 0.2885 0.2885 0.2895 0.2895 0.289 0.289 0.2795 0.2795 0.2795 0.282 0.282 0.2955 0.2955 0.2755 0.2755 0.2755 0.3025 0.3025 0.319 0.319
0.137 0.163 0.163 0.1515 0.1515 0.1515 0.163 0.163 0.165 0.165 0.172 0.172 0.224 0.224 0.224 0.2185 0.2185 0.2535 0.2535 0.2215 0.2215 0.2215 0.239 0.239 0.2405 0.2405 0.249 0.249 0.249 0.252 0.252 0.248 0.248 0.2635 0.2635 0.2635 0.269 0.269 0.2665 0.2665 0.2605 0.2605 0.2605 0.261 0.261 0.277 0.277 0.25 0.25 0.3365 0.3365 0.3365 0.2955 0.2955 0.3 0.3 0.2885 0.2885 0.2885 0.2895 0.2895 0.289 0.289 0.2795 0.2795 0.2795 0.282 0.282 0.2955 0.2955 0.2755 0.2755 0.2755 0.3025 0.3025 0.319 0.319
0.141 0.1595 0.1595 0.1745 0.1745 0.1745 0.149 0.149 0.147 0.147 0.2385 0.2385 0.2355 0.2355 0.2355 0.2395 0.2395 0.2665 0.2665 0.261 0.261 0.261 0.264 0.264 0.228 0.228 0.257 0.257 0.257 0.258 0.258 0.226 0.226 0.234 0.234 0.234 0.2455 0.2455 0.2405 0.2405 0.2445 0.2445 0.2445 0.2455 0.2455 0.2585 0.2585 0.273 0.273 0.292 0.292 0.292 0.3405 0.3405 0.3125 0.3125 0.286 0.286 0.286 0.3065 0.3065 0.2735 0.2735 0.2775 0.2775 0.2775 0.266 0.266 0.282 0.282 0.27 0.27 0.27 0.273 0.273 0.3005 0.3005
0.141 0.1595 0.1595 0.1745 0.1745 0.1745 0.149 0.149 0.147 0.147 0.2385 0.2385 0.2355 0.2355 0.2355 0.2395 0.2395 0.2665 0.2665 0.261 0.261 0.261 0.264 0.264 0.228 0.228 0.257 0.257 0.257 0.258 0.258 0.226 0.226 0.234 0.234 0.234 0.2455 0.2455 0.2405 0.2405 0.2445 0.2445 0.2445 0.2455 0.2455 0.2585 0.2585 0.273 0.273 0.292 0.292 0.292 0.3405 0.3405 0.3125 0.3125 0.286 0.286 0.286 0.3065 0.3065 0.2735 0.2735 0.2775 0.2775 0.2775 0.266 0.266 0.282 0.282 0.27 0.27 0.27 0.273 0.273 0.3005 0.3005
0.154 0.1725 0.1725 0.195 0.195 0.195 0.1785 0.1785 0.2105 0.2105 0.2835 0.2835 0.2505 0.2505 0.2505 0.247 0.247 0.2595 0.2595 0.2925 0.2925 0.2925 0.2795 0.2795 0.299 0.299 0.2645 0.2645 0.2645 0.2785 0.2785 0.2355 0.2355 0.2405 0.2405 0.2405 0.2425 0.2425 0.242 0.242 0.2475 0.2475 0.2475 0.2775 0.2775 0.299 0.299 0.2735 0.2735 0.28 0.28 0.28 0.279 0.279 0.2945 0.2945 0.3105 0.3105 0.3105 0.3045 0.3045 0.3015 0.3015 0.287 0.287 0.287 0.3185 0.3185 0.3465 0.3465 0.3405 0.3405 0.3405 0.2785 0.2785 0.2855 0.2855
0.154 0.1725 0.1725 0.195 0.195 0.195 0.1785 0.1785 0.2105 0.2105 0.2835 0.2835 0.2505 0.2505 0.2505 0.247 0.247 0.2595 0.2595 0.2925 0.2925 0.2925 0.2795 0.2795 0.299 0.299 0.2645 0.2645 0.2645 0.2785 0.2785 0.2355 0.2355 0.2405 0.2405 0.2405 0.2425 0.2425 0.242 0.242 0.2475 0.2475 0.2475 0.2775 0.2775 0.299 0.299 0.2735 0.2735 0.28 0.28 0.28 0.279 0.279 0.2945 0.2945 0.3105 0.3105 0.3105 0.3045 0.3045 0.3015 0.3015 0.287 0.287 0.287 0.3185 0.3185 0.3465 0.3465 0.3405 0.3405 0.3405 0.2785 0.2785 0.2855 0.2855
0.1885 0.2235 0.2235 0.2035 0.2035 0.2035 0.196 0.196 0.2075 0.2075 0.2705 0.2705 0.2595 0.2595 0.2595 0.259 0.259 0.251 0.251 0.281 0.281 0.281 0.3045 0.3045 0.2925 0.2925 0.286 0.286 0.286 0.261 0.261 0.221 0.221 0.232 0.232 0.232 0.226 0.226 0.24 0.24 0.2545 0.2545 0.2545 0.2785 0.2785 0.2885 0.2885 0.318 0.318 0.294 0.294 0.294 0.2955 0.2955 0.2985 0.2985 0.284 0.284 0.284 0.298 0.298 0.2985 0.2985 0.3095 0.3095 0.3095 0.3295 0.3295 0.358 0.358 0.338 0.338 0.338 0.343 0.343 0.331 0.331
0.1885 0.2235 0.2235 0.2035 0.2035 0.2035 0.196 0.196 0.2075 0.2075 0.2705 0.2705 0.2595 0.2595 0.2595 0.259 0.259 0.251 0.251 0.281 0.281 0.281 0.3045 0.3045 0.2925 0.2925 0.286 0.286 0.286 0.261 0.261 0.221 0.221 0.232 0.232 0.232 0.226 0.226 0.24 0.24 0.2545 0.2545 0.2545 0.2785 0.2785 0.2885 0.2885 0.318 0.318 0.294 0.294 0.294 0.2955 0.2955 0.2985 0.2985 0.284 0.284 0.284 0.298 0.298 0.2985 0.2985 0.3095 0.3095 0.3095 0.3295 0.3295 0.358 0.358 0.338 0.338 0.338 0.343 0.343 0.331 0.331
0.1885 0.2235 0.2235 0.2035 0.2035 0.2035 0.196 0.196 0.2075 0.2075 0.2705 0.2705 0.2595 0.2595 0.2595 0.259 0.259 0.251 0.251 0.281 0.281 0.281 0.3045 0.3045 0.2925 0.2925 0.286 0.286 0.286 0.261 0.261 0.221 0.221 0.232 0.232 0.232 0.226 0.226 0.24 0.24 0.2545 0.2545 0.2545 0.2785 0.2785 0.2885 0.2885 0.318 0.318 0.294 0.294 0.294 0.2955 0.2955 0.2985 0.2985 0.284 0.284 0.284 0.298 0.298 0.2985 0.2985 0.3095 0.3095 0.3095 0.3295 0.3295 0.358 0.358 0.338 0.338 0.338 0.343 0.343 0.331 0.331
0.177 0.2185 0.2185 0.2125 0.2125 0.2125 0.2195 0.2195 0.244 0.244 0.262 0.262 0.277 0.277 0.277 0.28 0.28 0.291 0.291 0.2995 0.2995 0.2995 0.2875 0.2875 0.289 0.289 0.264 0.264 0.264 0.2655 0.2655 0.2375 0.2375 0.2425 0.2425 0.2425 0.2765 0.2765 0.269 0.269 0.2755 0.2755 0.2755 0.2805 0.2805 0.341 0.341 0.3225 0.3225 0.291 0.291 0.291 0.3 0.3 0.303 0.303 0.306 0.306 0.306 0.299 0.299 0.284 0.284 0.2835 0.2835 0.2835 0.3245 0.3245 0.3175 0.3175 0.3775 0.3775 0.3775 0.4145 0.4145 0.3775 0.3775
0.177 0.2185 0.2185 0.2125 0.2125 0.2125 0.2195 0.2195 0.244 0.244 0.262 0.262 0.277 0.277 0.277 0.28 0.28 0.291 0.291 0.2995 0.2995 0.2995 0.2875 0.2875 0.289 0.289 0.264 0.264 0.264 0.2655 0.2655 0.2375 0.2375 0.2425 0.2425 0.2425 0.2765 0.2765 0.269 0.269 0.2755 0.2755 0.2755 0.2805 0.2805 0.341 0.341 0.3225 0.3225 0.291 0.291 0.291 0.3 0.3 0.303 0.303 0.306 0.306 0.306 0.299 0.299 0.284 0.284 0.2835 0.2835 0.2835 0.3245 0.3245 0.3175 0.3175 0.3775 0.3775 0.3775 0.4145 0.4145 0.3775 0.3775
0.263 0.225 0.225 0.2 0.2 0.2 0.2265 0.2265 0.227 0.227 0.26 0.26 0.287 0.287 0.287 0.2965 0.2965 0.293 0.293 0.297 0.297 0.297 0.2995 0.2995 0.3145 0.3145 0.26 0.26 0.26 0.2385 0.2385 0.249 0.249 0.233 0.233 0.233 0.27 0.27 0.265 0.265 0.284 0.284 0.284 0.296 0.296 0.3125 0.3125 0.3055 0.3055 0.2965 0.2965 0.2965 0.311 0.311 0.318 0.318 0.3065 0.3065 0.3065 0.306 0.306 0.291 0.291 0.2985 0.2985 0.2985 0.311 0.311 0.3 0.3 0.345 0.345 0.345 0.377 0.377 0.3405 0.3405
0.263 0.225 0.225 0.2 0.2 0.2 0.2265 0.2265 0.227 0.227 0.26 0.26 0.287 0.287 0.287 0.2965 0.2965 0.293 0.293 0.297 0.297 0.297 0.2995 0.2995 0.3145 0.3145 0.26 0.26 0.26 0.2385 0.2385 0.249 0.249 0.233 0.233 0.233 0.27 0.27 0.265 0.265 0.284 0.284 0.284 0.296 0.296 0.3125 0.3125 0.3055 0.3055 0.2965 0.2965 0.2965 0.311 0.311 0.318 0.318 0.3065 0.3065 0.3065 0.306 0.306 0.291 0.291 0.2985 0.2985 0.2985 0.311 0.311 0.3 0.3 0.345 0.345 0.345 0.377 0.377 0.3405 0.3405
0.222 0.2405 0.2405 0.2465 0.2465 0.2465 0.2205 0.2205 0.2275 0.2275 0.2535 0.2535 0.2645 0.2645 0.2645 0.2575 0.2575 0.2755 0.2755 0.27 0.27 0.27 0.2745 0.2745 0.2405 0.2405 0.2675 0.2675 0.2675 0.2435 0.2435 0.2545 0.2545 0.293 0.293 0.293 0.315 0.315 0.2915 0.2915 0.2885 0.2885 0.2885 0.298 0.298 0.297 0.297 0.316 0.316 0.3015 0.3015 0.3015 0.328 0.328 0.292 0.292 0.305 0.305 0.305 0.2975 0.2975 0.304 0.304 0.322 0.322 0.322 0.3155 0.3155 0.2995 0.2995 0.364 0.364 0.364 0.3245 0.3245 0.3805 0.3805
0.222 0.2405 0.2405 0.2465 0.2465 0.2465 0.2205 0.2205 0.2275 0.2275 0.2535 0.2535 0.2645 0.2645 0.2645 0.2575 0.2575 0.2755 0.2755 0.27 0.27 0.27 0.2745 0.2745 0.2405 0.2405 0.2675 0.2675 0.2675 0.2435 0.2435 0.2545 0.2545 0.293 0.293 0.293 0.315 0.315 0.2915 0.2915 0.2885 0.2885 0.2885 0.298 0.298 0.297 0.297 0.316 0.316 0.3015 0.3015 0.3015 0.328 0.328 0.292 0.292 0.305 0.305 0.305 0.2975 0.2975 0.304 0.304 0.322 0.322 0.322 0.3155 0.3155 0.2995 0.2995 0.364 0.364 0.364 0.3245 0.3245 0.3805 0.3805
0.222 0.2405 0.2405 0.2465 0.2465 0.2465 0.2205 0.2205 0.2275 0.2275 0.2535 0.2535 0.2645 0.2645 0.2645 0.2575 0.2575 0.2755 0.2755 0.27 0.27 0.27 0.2745 0.2745 0.2405 0.2405 0.2675 0.2675 0.2675 0.2435 0.2435 0.2545 0.2545 0.293 0.293 0.293 0.315 0.315 0.2915 0.2915 0.2885 0.2885 0.2885 0.298 0.298 0.297 0.297 0.316 0.316 0.3015 0.3015 0.3015 0.328 0.328 0.292 0.292 0.305 0.305 0.305 0.2975 0.2975 0.304 0.304 0.322 0.322 0.322 0.3155 0.3155 0.2995 0.2995 0.364 0.364 0.364 0.3245 0.3245 0.3805 0.3805
0.248 0.217 0.217 0.266 0.266 0.266 0.2275 0.2275 0.228 0.228 0.226 0.226 0.236 0.236 0.236 0.2415 0.2415 0.2385 0.2385 0.2755 0.2755 0.2755 0.2985 0.2985 0.2395 0.2395 0.2905 0.2905 0.2905 0.2425 0.2425 0.276 0.276 0.2705 0.2705 0.2705 0.2745 0.2745 0.301 0.301 0.307 0.307 0.307 0.308 0.308 0.324 0.324 0.3185 0.3185 0.29 0.29 0.29 0.3005 0.3005 0.2755 0.2755 0.2845 0.2845 0.2845 0.362 0.362 0.296 0.296 0.33 0.33 0.33 0.3 0.3 0.3065 0.3065 0.307 0.307 0.307 0.299 0.299 0.409 0.409
0.248 0.217 0.217 0.266 0.266 0.266 0.2275 0.2275 0.228 0.228 0.226 0.226 0.236 0.236 0.236 0.2415 0.2415 0.2385 0.2385 0.2755 0.2755 0.2755 0.2985 0.2985 0.2395 0.2395 0.2905 0.2905 0.2905 0.2425 0.2425 0.276 0.276 0.2705 0.2705 0.2705 0.2745 0.2745 0.301 0.301 0.307 0.307 0.307 0.308 0.308 0.324 0.324 0.3185 0.3185 0.29 0.29 0.29 0.3005 0.3005 0.2755 0.2755 0.2845 0.2845 0.2845 0.362 0.362 0.296 0.296 0.33 0.33 0.33 0.3 0.3 0.3065 0.3065 0.307 0.307 0.307 0.299 0.299 0.409 0.409
0.254 0.23 0.23 0.269 0.269 0.269 0.243 0.243 0.255 0.255 0.255 0.255 0.2415 0.2415 0.2415 0.215 0.215 0.2585 0.2585 0.301 0.301 0.301 0.2605 0.2605 0.277 0.277 0.2625 0.2625 0.2625 0.2605 0.2605 0.273 0.273 0.2975 0.2975 0.2975 0.2895 0.2895 0.3055 0.3055 0.3265 0.3265 0.3265 0.316 0.316 0.312 0.312 0.3175 0.3175 0.3145 0.3145 0.3145 0.322 0.322 0.3705 0.3705 0.3405 0.3405 0.3405 0.3045 0.3045 0.309 0.309 0.337 0.337 0.337 0.2745 0.2745 0.284 0.284 0.3145 0.3145 0.3145 0.334 0.334 0.389 0.389
0.254 0.23 0.23 0.269 0.269 0.269 0.243 0.243 0.255 0.255 0.255 0.255 0.2415 0.2415 0.2415 0.215 0.215 0.2585 0.2585 0.301 0.301 0.301 0.2605 0.2605 0.277 0.277 0.2625 0.2625 0.2625 0.2605 0.2605 0.273 0.273 0.2975 0.2975 0.2975 0.2895 0.2895 0.3055 0.3055 0.3265 0.3265 0.3265 0.316 0.316 0.312 0.312 0.3175 0.3175 0.3145 0.3145 0.3145 0.322 0.322 0.3705 0.3705 0.3405 0.3405 0.3405 0.3045 0.3045 0.309 0.309 0.337 0.337 0.337 0.2745 0.2745 0.284 0.284 0.3145 0.3145 0.3145 0.334 0.334 0.389 0.389
0.293 0.252 0.252 0.274 0.274 0.274 0.251 0.251 0.239 0.239 0.257 0.257 0.2675 0.2675 0.2675 0.2515 0.2515 0.3145 0.3145 0.2905 0.2905 0.2905 0.3 0.3 0.3055 0.3055 0.2895 0.2895 0.2895 0.261 0.261 0.272 0.272 0.278 0.278 0.278 0.2815 0.2815 0.298 0.298 0.3055 0.3055 0.3055 0.2855 0.2855 0.2955 0.2955 0.3065 0.3065 0.306 0.306 0.306 0.292 0.292 0.2505 0.2505 0.269 0.269 0.269 0.313 0.313 0.3315 0.3315 0.3375 0.3375 0.3375 0.317 0.317 0.324 0.324 0.3205 0.3205 0.3205 0.316 0.316 0.301 0.301
