ndvi/NOAA-245.asc
ncols         252
nrows         154
xllcorner     -18.017974
yllcorner     13.481982
cellsize      0.035948
NODATA_value  -9999
[rows 102 to 135 of 154, columns 77 to 153 of 252]
0.224 0.224 0.2035 0.2035 0.225 0.225 0.2165 0.2165 0.2165 0.222 0.222 0.2105 0.2105 0.2 0.2 0.2065 0.2065 0.2065 0.2185 0.2185 0.2135 0.2135 0.2085 0.2085 0.2085 0.212 0.212 0.2275 0.2275 0.2255 0.2255 0.2255 0.2365 0.2365 0.225 0.225 0.2355 0.2355 0.2355 0.2275 0.2275 0.225 0.225 0.24 0.24 0.24 0.233 0.233 0.2315 0.2315 0.2355 0.2355 0.235 0.235 0.235 0.2755 0.2755 0.2665 0.2665 0.2595 0.2595 0.2595 0.2765 0.2765 0.264 0.264 0.252 0.252 0.252 0.2575 0.2575 0.266 0.266 0.258 0.258 0.258 0.2415
0.218 0.218 0.1835 0.1835 0.213 0.213 0.21 0.21 0.21 0.223 0.223 0.203 0.203 0.2075 0.2075 0.191 0.191 0.191 0.2125 0.2125 0.186 0.186 0.1945 0.1945 0.1945 0.221 0.221 0.229 0.229 0.2325 0.2325 0.2325 0.242 0.242 0.2545 0.2545 0.2545 0.2545 0.2545 0.247 0.247 0.251 0.251 0.2485 0.2485 0.2485 0.247 0.247 0.2415 0.2415 0.241 0.241 0.251 0.251 0.251 0.258 0.258 0.2615 0.2615 0.257 0.257 0.257 0.259 0.259 0.2805 0.2805 0.2475 0.2475 0.2475 0.2375 0.2375 0.25 0.25 0.2385 0.2385 0.2385 0.239
0.218 0.218 0.1835 0.1835 0.213 0.213 0.21 0.21 0.21 0.223 0.223 0.203 0.203 0.2075 0.2075 0.191 0.191 0.191 0.2125 0.2125 0.186 0.186 0.1945 0.1945 0.1945 0.221 0.221 0.229 0.229 0.2325 0.2325 0.2325 0.242 0.242 0.2545 0.2545 0.2545 0.2545 0.2545 0.247 0.247 0.251 0.251 0.2485 0.2485 0.2485 0.247 0.247 0.2415 0.2415 0.241 0.241 0.251 0.251 0.251 0.258 0.258 0.2615 0.2615 0.257 0.257 0.257 0.259 0.259 0.2805 0.2805 0.2475 0.2475 0.2475 0.2375 0.2375 0.25 0.25 0.2385 0.2385 0.2385 0.239
0.218 0.218 0.1835 0.1835 0.213 0.213 0.21 0.21 0.21 0.223 0.223 0.203 0.203 0.2075 0.2075 0.191 0.191 0.191 0.2125 0.2125 0.186 0.186 0.1945 0.1945 0.1945 0.221 0.221 0.229 0.229 0.2325 0.2325 0.2325 0.242 0.242 0.2545 0.2545 0.2545 0.2545 0.2545 0.247 0.247 0.251 0.251 0.2485 0.2485 0.2485 0.247 0.247 0.2415 0.2415 0.241 0.241 0.251 0.251 0.251 0.258 0.258 0.2615 0.2615 0.257 0.257 0.257 0.259 0.259 0.2805 0.2805 0.2475 0.2475 0.2475 0.2375 0.2375 0.25 0.25 0.2385 0.2385 0.2385 0.239
0.224 0.224 0.209 0.209 0.2005 0.2005 0.22 0.22 0.22 0.2125 0.2125 0.204 0.204 0.2145 0.2145 0.1895 0.1895 0.1895 0.2085 0.2085 0.1965 0.1965 0.186 0.186 0.186 0.2055 0.2055 0.1995 0.1995 0.215 0.215 0.215 0.257 0.257 0.2485 0.2485 0.251 0.251 0.251 0.226 0.226 0.2315 0.2315 0.2325 0.2325 0.2325 0.2515 0.2515 0.271 0.271 0.261 0.261 0.2515 0.2515 0.2515 0.242 0.242 0.257 0.257 0.2385 0.2385 0.2385 0.239 0.239 0.2565 0.2565 0.284 0.284 0.284 0.2485 0.2485 0.2355 0.2355 0.2375 0.2375 0.2375 0.238
0.224 0.224 0.209 0.209 0.2005 0.2005 0.22 0.22 0.22 0.2125 0.2125 0.204 0.204 0.2145 0.2145 0.1895 0.1895 0.1895 0.2085 0.2085 0.1965 0.1965 0.186 0.186 0.186 0.2055 0.2055 0.1995 0.1995 0.215 0.215 0.215 0.257 0.257 0.2485 0.2485 0.251 0.251 0.251 0.226 0.226 0.2315 0.2315 0.2325 0.2325 0.2325 0.2515 0.2515 0.271 0.271 0.261 0.261 0.2515 0.2515 0.2515 0.242 0.242 0.257 0.257 0.2385 0.2385 0.2385 0.239 0.239 0.2565 0.2565 0.284 0.284 0.284 0.2485 0.2485 0.2355 0.2355 0.2375 0.2375 0.2375 0.238
0.243 0.243 0.2105 0.2105 0.2285 0.2285 0.2265 0.2265 0.2265 0.202 0.202 0.2045 0.2045 0.208 0.208 0.2145 0.2145 0.2145 0.221 0.221 0.218 0.218 0.2115 0.2115 0.2115 0.236 0.236 0.2075 0.2075 0.226 0.226 0.226 0.245 0.245 0.2365 0.2365 0.241 0.241 0.241 0.2055 0.2055 0.204 0.204 0.208 0.208 0.208 0.2285 0.2285 0.231 0.231 0.251 0.251 0.26 0.26 0.26 0.2515 0.2515 0.2515 0.2515 0.2375 0.2375 0.2375 0.24 0.24 0.2595 0.2595 0.281 0.281 0.281 0.2645 0.2645 0.2325 0.2325 0.2355 0.2355 0.2355 0.227
0.243 0.243 0.2105 0.2105 0.2285 0.2285 0.2265 0.2265 0.2265 0.202 0.202 0.2045 0.2045 0.208 0.208 0.2145 0.2145 0.2145 0.221 0.221 0.218 0.218 0.2115 0.2115 0.2115 0.236 0.236 0.2075 0.2075 0.226 0.226 0.226 0.245 0.245 0.2365 0.2365 0.241 0.241 0.241 0.2055 0.2055 0.204 0.204 0.208 0.208 0.208 0.2285 0.2285 0.231 0.231 0.251 0.251 0.26 0.26 0.26 0.2515 0.2515 0.2515 0.2515 0.2375 0.2375 0.2375 0.24 0.24 0.2595 0.2595 0.281 0.281 0.281 0.2645 0.2645 0.2325 0.2325 0.2355 0.2355 0.2355 0.227
0.2075 0.2075 0.214 0.214 0.2035 0.2035 0.215 0.215 0.215 0.2075 0.2075 0.2055 0.2055 0.2085 0.2085 0.239 0.239 0.239 0.2415 0.2415 0.25 0.25 0.2445 0.2445 0.2445 0.252 0.252 0.2325 0.2325 0.232 0.232 0.232 0.2425 0.2425 0.2335 0.2335 0.2235 0.2235 0.2235 0.209 0.209 0.184 0.184 0.2035 0.2035 0.2035 0.2085 0.2085 0.1965 0.1965 0.2255 0.2255 0.251 0.251 0.251 0.2485 0.2485 0.249 0.249 0.2415 0.2415 0.2415 0.239 0.239 0.267 0.267 0.267 0.267 0.267 0.277 0.277 0.284 0.284 0.256 0.256 0.256 0.213
0.2075 0.2075 0.214 0.214 0.2035 0.2035 0.215 0.215 0.215 0.2075 0.2075 0.2055 0.2055 0.2085 0.2085 0.239 0.239 0.239 0.2415 0.2415 0.25 0.25 0.2445 0.2445 0.2445 0.252 0.252 0.2325 0.2325 0.232 0.232 0.232 0.2425 0.2425 0.2335 0.2335 0.2235 0.2235 0.2235 0.209 0.209 0.184 0.184 0.2035 0.2035 0.2035 0.2085 0.2085 0.1965 0.1965 0.2255 0.2255 0.251 0.251 0.251 0.2485 0.2485 0.249 0.249 0.2415 0.2415 0.2415 0.239 0.239 0.267 0.267 0.267 0.267 0.267 0.277 0.277 0.284 0.284 0.256 0.256 0.256 0.213
0.2075 0.2075 0.214 0.214 0.2035 0.2035 0.215 0.215 0.215 0.2075 0.2075 0.2055 0.2055 0.2085 0.2085 0.239 0.239 0.239 0.2415 0.2415 0.25 0.25 0.2445 0.2445 0.2445 0.252 0.252 0.2325 0.2325 0.232 0.232 0.232 0.2425 0.2425 0.2335 0.2335 0.2235 0.2235 0.2235 0.209 0.209 0.184 0.184 0.2035 0.2035 0.2035 0.2085 0.2085 0.1965 0.1965 0.2255 0.2255 0.251 0.251 0.251 0.2485 0.2485 0.249 0.249 0.2415 0.2415 0.2415 0.239 0.239 0.267 0.267 0.267 0.267 0.267 0.277 0.277 0.284 0.284 0.256 0.256 0.256 0.213
0.2425 0.2425 0.2295 0.2295 0.2305 0.2305 0.239 0.239 0.239 0.258 0.258 0.222 0.222 0.2135 0.2135 0.228 0.228 0.228 0.2385 0.2385 0.246 0.246 0.2515 0.2515 0.2515 0.239 0.239 0.2485 0.2485 0.237 0.237 0.237 0.2495 0.2495 0.2475 0.2475 0.227 0.227 0.227 0.2105 0.2105 0.2105 0.2105 0.218 0.218 0.218 0.214 0.214 0.224 0.224 0.228 0.228 0.259 0.259 0.259 0.251 0.251 0.2535 0.2535 0.263 0.263 0.263 0.2425 0.2425 0.249 0.249 0.262 0.262 0.262 0.269 0.269 0.2555 0.2555 0.2625 0.2625 0.2625 0.2315
0.2425 0.2425 0.2295 0.2295 0.2305 0.2305 0.239 0.239 0.239 0.258 0.258 0.222 0.222 0.2135 0.2135 0.228 0.228 0.228 0.2385 0.2385 0.246 0.246 0.2515 0.2515 0.2515 0.239 0.239 0.2485 0.2485 0.237 0.237 0.237 0.2495 0.2495 0.2475 0.2475 0.227 0.227 0.227 0.2105 0.2105 0.2105 0.2105 0.218 0.218 0.218 0.214 0.214 0.224 0.224 0.228 0.228 0.259 0.259 0.259 0.251 0.251 0.2535 0.2535 0.263 0.263 0.263 0.2425 0.2425 0.249 0.249 0.262 0.262 0.262 0.269 0.269 0.2555 0.2555 0.2625 0.2625 0.2625 0.2315
0.254 0.254 0.2395 0.2395 0.2415 0.2415 0.2405 0.2405 0.2405 0.2525 0.2525 0.234 0.234 0.251 0.251 0.2585 0.2585 0.2585 0.257 0.257 0.2575 0.2575 0.2515 0.2515 0.2515 0.264 0.264 0.2435 0.2435 0.2215 0.2215 0.2215 0.248 0.248 0.25 0.25 0.227 0.227 0.227 0.214 0.214 0.1965 0.1965 0.2175 0.2175 0.2175 0.225 0.225 0.226 0.226 0.244 0.244 0.269 0.269 0.269 0.2525 0.2525 0.268 0.268 0.26 0.26 0.26 0.2505 0.2505 0.2455 0.2455 0.249 0.249 0.249 0.261 0.261 0.2605 0.2605 0.2685 0.2685 0.2685 0.248
0.254 0.254 0.2395 0.2395 0.2415 0.2415 0.2405 0.2405 0.2405 0.2525 0.2525 0.234 0.234 0.251 0.251 0.2585 0.2585 0.2585 0.257 0.257 0.2575 0.2575 0.2515 0.2515 0.2515 0.264 0.264 0.2435 0.2435 0.2215 0.2215 0.2215 0.248 0.248 0.25 0.25 0.227 0.227 0.227 0.214 0.214 0.1965 0.1965 0.2175 0.2175 0.2175 0.225 0.225 0.226 0.226 0.244 0.244 0.269 0.269 0.269 0.2525 0.2525 0.268 0.268 0.26 0.26 0.26 0.2505 0.2505 0.2455 0.2455 0.249 0.249 0.249 0.261 0.261 0.2605 0.2605 0.2685 0.2685 0.2685 0.248
0.243 0.243 0.2395 0.2395 0.22 0.22 0.2195 0.2195 0.2195 0.23 0.23 0.2515 0.2515 0.2465 0.2465 0.2485 0.2485 0.2485 0.26 0.26 0.2625 0.2625 0.258 0.258 0.258 0.2605 0.2605 0.2465 0.2465 0.2355 0.2355 0.2355 0.2295 0.2295 0.25 0.25 0.2415 0.2415 0.2415 0.214 0.214 0.215 0.215 0.219 0.219 0.219 0.225 0.225 0.238 0.238 0.257 0.257 0.2625 0.2625 0.2625 0.241 0.241 0.241 0.241 0.2645 0.2645 0.2645 0.248 0.248 0.246 0.246 0.243 0.243 0.243 0.27 0.27 0.2545 0.2545 0.2595 0.2595 0.2595 0.25
0.243 0.243 0.2395 0.2395 0.22 0.22 0.2195 0.2195 0.2195 0.23 0.23 0.2515 0.2515 0.2465 0.2465 0.2485 0.2485 0.2485 0.26 0.26 0.2625 0.2625 0.258 0.258 0.258 0.2605 0.2605 0.2465 0.2465 0.2355 0.2355 0.2355 0.2295 0.2295 0.25 0.25 0.2415 0.2415 0.2415 0.214 0.214 0.215 0.215 0.219 0.219 0.219 0.225 0.225 0.238 0.238 0.257 0.257 0.2625 0.2625 0.2625 0.241 0.241 0.241 0.241 0.2645 0.2645 0.2645 0.248 0.248 0.246 0.246 0.243 0.243 0.243 0.27 0.27 0.2545 0.2545 0.2595 0.2595 0.2595 0.25
0.243 0.243 0.2395 0.2395 0.22 0.22 0.2195 0.2195 0.2195 0.23 0.23 0.2515 0.2515 0.2465 0.2465 0.2485 0.2485 0.2485 0.26 0.26 0.2625 0.2625 0.258 0.258 0.258 0.2605 0.2605 0.2465 0.2465 0.2355 0.2355 0.2355 0.2295 0.2295 0.25 0.25 0.2415 0.2415 0.2415 0.214 0.214 0.215 0.215 0.219 0.219 0.219 0.225 0.225 0.238 0.238 0.257 0.257 0.2625 0.2625 0.2625 0.241 0.241 0.241 0.241 0.2645 0.2645 0.2645 0.248 0.248 0.246 0.246 0.243 0.243 0.243 0.27 0.27 0.2545 0.2545 0.2595 0.2595 0.2595 0.25
0.2045 0.2045 0.1905 0.1905 0.203 0.203 0.1945 0.1945 0.1945 0.228 0.228 0.239 0.239 0.244 0.244 0.24 0.24 0.24 0.258 0.258 0.264 0.264 0.247 0.247 0.247 0.227 0.227 0.2345 0.2345 0.2375 0.2375 0.2375 0.2445 0.2445 0.261 0.261 0.248 0.248 0.248 0.2525 0.2525 0.2455 0.2455 0.23 0.23 0.23 0.243 0.243 0.2545 0.2545 0.26 0.26 0.2735 0.2735 0.2735 0.258 0.258 0.2635 0.2635 0.26 0.26 0.26 0.2525 0.2525 0.254 0.254 0.249 0.249 0.249 0.2575 0.2575 0.2545 0.2545 0.259 0.259 0.259 0.2485
0.2045 0.2045 0.1905 0.1905 0.203 0.203 0.1945 0.1945 0.1945 0.228 0.228 0.239 0.239 0.244 0.244 0.24 0.24 0.24 0.258 0.258 0.264 0.264 0.247 0.247 0.247 0.227 0.227 0.2345 0.2345 0.2375 0.2375 0.2375 0.2445 0.2445 0.261 0.261 0.248 0.248 0.248 0.2525 0.2525 0.2455 0.2455 0.23 0.23 0.23 0.243 0.243 0.2545 0.2545 0.26 0.26 0.2735 0.2735 0.2735 0.258 0.258 0.2635 0.2635 0.26 0.26 0.26 0.2525 0.2525 0.254 0.254 0.249 0.249 0.249 0.2575 0.2575 0.2545 0.2545 0.259 0.259 0.259 0.2485
0.182 0.182 0.2115 0.2115 0.208 0.208 0.23 0.23 0.23 0.2155 0.2155 0.2505 0.2505 0.247 0.247 0.2345 0.2345 0.2345 0.239 0.239 0.228 0.228 0.231 0.231 0.231 0.237 0.237 0.245 0.245 0.223 0.223 0.223 0.2375 0.2375 0.243 0.243 0.2575 0.2575 0.2575 0.272 0.272 0.2605 0.2605 0.2625 0.2625 0.2625 0.2525 0.2525 0.282 0.282 0.2885 0.2885 0.296 0.296 0.296 0.291 0.291 0.275 0.275 0.261 0.261 0.261 0.2555 0.2555 0.2575 0.2575 0.2525 0.2525 0.2525 0.2515 0.2515 0.26 0.26 0.256 0.256 0.256 0.253
0.182 0.182 0.2115 0.2115 0.208 0.208 0.23 0.23 0.23 0.2155 0.2155 0.2505 0.2505 0.247 0.247 0.2345 0.2345 0.2345 0.239 0.239 0.228 0.228 0.231 0.231 0.231 0.237 0.237 0.245 0.245 0.223 0.223 0.223 0.2375 0.2375 0.243 0.243 0.2575 0.2575 0.2575 0.272 0.272 0.2605 0.2605 0.2625 0.2625 0.2625 0.2525 0.2525 0.282 0.282 0.2885 0.2885 0.296 0.296 0.296 0.291 0.291 0.275 0.275 0.261 0.261 0.261 0.2555 0.2555 0.2575 0.2575 0.2525 0.2525 0.2525 0.2515 0.2515 0.26 0.26 0.256 0.256 0.256 0.253
0.2085 0.2085 0.2185 0.2185 0.2115 0.2115 0.2245 0.2245 0.2245 0.2065 0.2065 0.225 0.225 0.2295 0.2295 0.215 0.215 0.215 0.222 0.222 0.2235 0.2235 0.2525 0.2525 0.2525 0.2475 0.2475 0.2555 0.2555 0.2435 0.2435 0.2435 0.2625 0.2625 0.273 0.273 0.276 0.276 0.276 0.29 0.29 0.2905 0.2905 0.277 0.277 0.277 0.2645 0.2645 0.2745 0.2745 0.2855 0.2855 0.287 0.287 0.287 0.2975 0.2975 0.2845 0.2845 0.257 0.257 0.257 0.256 0.256 0.253 0.253 0.267 0.267 0.267 0.254 0.254 0.2715 0.2715 0.275 0.275 0.275 0.2735
0.2085 0.2085 0.2185 0.2185 0.2115 0.2115 0.2245 0.2245 0.2245 0.2065 0.2065 0.225 0.225 0.2295 0.2295 0.215 0.215 0.215 0.222 0.222 0.2235 0.2235 0.2525 0.2525 0.2525 0.2475 0.2475 0.2555 0.2555 0.2435 0.2435 0.2435 0.2625 0.2625 0.273 0.273 0.276 0.276 0.276 0.29 0.29 0.2905 0.2905 0.277 0.277 0.277 0.2645 0.2645 0.2745 0.2745 0.2855 0.2855 0.287 0.287 0.287 0.2975 0.2975 0.2845 0.2845 0.257 0.257 0.257 0.256 0.256 0.253 0.253 0.267 0.267 0.267 0.254 0.254 0.2715 0.2715 0.275 0.275 0.275 0.2735
0.2345 0.2345 0.1975 0.1975 0.2185 0.2185 0.207 0.207 0.207 0.2165 0.2165 0.2065 0.2065 0.209 0.209 0.213 0.213 0.213 0.2235 0.2235 0.2325 0.2325 0.2385 0.2385 0.2385 0.239 0.239 0.2575 0.2575 0.2575 0.2575 0.2575 0.2705 0.2705 0.275 0.275 0.2985 0.2985 0.2985 0.2805 0.2805 0.2935 0.2935 0.295 0.295 0.295 0.2825 0.2825 0.284 0.284 0.262 0.262 0.2955 0.2955 0.2955 0.3035 0.3035 0.287 0.287 0.2665 0.2665 0.2665 0.254 0.254 0.283 0.283 0.2695 0.2695 0.2695 0.272 0.272 0.2785 0.2785 0.286 0.286 0.286 0.288
0.2345 0.2345 0.1975 0.1975 0.2185 0.2185 0.207 0.207 0.207 0.2165 0.2165 0.2065 0.2065 0.209 0.209 0.213 0.213 0.213 0.2235 0.2235 0.2325 0.2325 0.2385 0.2385 0.2385 0.239 0.239 0.2575 0.2575 0.2575 0.2575 0.2575 0.2705 0.2705 0.275 0.275 0.2985 0.2985 0.2985 0.2805 0.2805 0.2935 0.2935 0.295 0.295 0.295 0.2825 0.2825 0.284 0.284 0.262 0.262 0.2955 0.2955 0.2955 0.3035 0.3035 0.287 0.287 0.2665 0.2665 0.2665 0.254 0.254 0.283 0.283 0.2695 0.2695 0.2695 0.272 0.272 0.2785 0.2785 0.286 0.286 0.286 0.288
0.2345 0.2345 0.1975 0.1975 0.2185 0.2185 0.207 0.207 0.207 0.2165 0.2165 0.2065 0.2065 0.209 0.209 0.213 0.213 0.213 0.2235 0.2235 0.2325 0.2325 0.2385 0.2385 0.2385 0.239 0.239 0.2575 0.2575 0.2575 0.2575 0.2575 0.2705 0.2705 0.275 0.275 0.2985 0.2985 0.2985 0.2805 0.2805 0.2935 0.2935 0.295 0.295 0.295 0.2825 0.2825 0.284 0.284 0.262 0.262 0.2955 0.2955 0.2955 0.3035 0.3035 0.287 0.287 0.2665 0.2665 0.2665 0.254 0.254 0.283 0.283 0.2695 0.2695 0.2695 0.272 0.272 0.2785 0.2785 0.286 0.286 0.286 0.288
0.2075 0.2075 0.241 0.241 0.2115 0.2115 0.233 0.233 0.233 0.235 0.235 0.2335 0.2335 0.218 0.218 0.226 0.226 0.226 0.184 0.184 0.2325 0.2325 0.2365 0.2365 0.2365 0.2535 0.2535 0.2275 0.2275 0.2715 0.2715 0.2715 0.2855 0.2855 0.288 0.288 0.3175 0.3175 0.3175 0.3135 0.3135 0.3085 0.3085 0.2975 0.2975 0.2975 0.276 0.276 0.2875 0.2875 0.2755 0.2755 0.265 0.265 0.265 0.2665 0.2665 0.2935 0.2935 0.2735 0.2735 0.2735 0.267 0.267 0.281 0.281 0.293 0.293 0.293 0.2985 0.2985 0.303 0.303 0.294 0.294 0.294 0.2885
0.2075 0.2075 0.241 0.241 0.2115 0.2115 0.233 0.233 0.233 0.235 0.235 0.2335 0.2335 0.218 0.218 0.226 0.226 0.226 0.184 0.184 0.2325 0.2325 0.2365 0.2365 0.2365 0.2535 0.2535 0.2275 0.2275 0.2715 0.2715 0.2715 0.2855 0.2855 0.288 0.288 0.3175 0.3175 0.3175 0.3135 0.3135 0.3085 0.3085 0.2975 0.2975 0.2975 0.276 0.276 0.2875 0.2875 0.2755 0.2755 0.265 0.265 0.265 0.2665 0.2665 0.2935 0.2935 0.2735 0.2735 0.2735 0.267 0.267 0.281 0.281 0.293 0.293 0.293 0.2985 0.2985 0.303 0.303 0.294 0.294 0.294 0.2885
0.2335 0.2335 0.229 0.229 0.2075 0.2075 0.234 0.234 0.234 0.228 0.228 0.258 0.258 0.21 0.21 0.2065 0.2065 0.2065 0.226 0.226 0.2605 0.2605 0.2315 0.2315 0.2315 0.241 0.241 0.2515 0.2515 0.2765 0.2765 0.2765 0.281 0.281 0.289 0.289 0.322 0.322 0.322 0.3135 0.3135 0.3195 0.3195 0.2975 0.2975 0.2975 0.277 0.277 0.312 0.312 0.294 0.294 0.276 0.276 0.276 0.3 0.3 0.2985 0.2985 0.29 0.29 0.29 0.2875 0.2875 0.295 0.295 0.3005 0.3005 0.3005 0.2955 0.2955 0.2965 0.2965 0.3025 0.3025 0.3025 0.313
0.2335 0.2335 0.229 0.229 0.2075 0.2075 0.234 0.234 0.234 0.228 0.228 0.258 0.258 0.21 0.21 0.2065 0.2065 0.2065 0.226 0.226 0.2605 0.2605 0.2315 0.2315 0.2315 0.241 0.241 0.2515 0.2515 0.2765 0.2765 0.2765 0.281 0.281 0.289 0.289 0.322 0.322 0.322 0.3135 0.3135 0.3195 0.3195 0.2975 0.2975 0.2975 0.277 0.277 0.312 0.312 0.294 0.294 0.276 0.276 0.276 0.3 0.3 0.2985 0.2985 0.29 0.29 0.29 0.2875 0.2875 0.295 0.295 0.3005 0.3005 0.3005 0.2955 0.2955 0.2965 0.2965 0.3025 0.3025 0.3025 0.313
0.223 0.223 0.247 0.247 0.2395 0.2395 0.2335 0.2335 0.2335 0.236 0.236 0.234 0.234 0.2285 0.2285 0.2235 0.2235 0.2235 0.232 0.232 0.23 0.23 0.243 0.243 0.243 0.2695 0.2695 0.264 0.264 0.2805 0.2805 0.2805 0.2745 0.2745 0.3155 0.3155 0.293 0.293 0.293 0.3165 0.3165 0.312 0.312 0.324 0.324 0.324 0.321 0.321 0.2925 0.2925 0.308 0.308 0.2995 0.2995 0.2995 0.305 0.305 0.3065 0.3065 0.3035 0.3035 0.3035 0.301 0.301 0.312 0.312 0.31 0.31 0.31 0.3075 0.3075 0.3035 0.3035 0.301 0.301 0.301 0.302
0.223 0.223 0.247 0.247 0.2395 0.2395 0.2335 0.2335 0.2335 0.236 0.236 0.234 0.234 0.2285 0.2285 0.2235 0.2235 0.2235 0.232 0.232 0.23 0.23 0.243 0.243 0.243 0.2695 0.2695 0.264 0.264 0.2805 0.2805 0.2805 0.2745 0.2745 0.3155 0.3155 0.293 0.293 0.293 0.3165 0.3165 0.312 0.312 0.324 0.324 0.324 0.321 0.321 0.2925 0.2925 0.308 0.308 0.2995 0.2995 0.2995 0.305 0.305 0.3065 0.3065 0.3035 0.3035 0.3035 0.301 0.301 0.312 0.312 0.31 0.31 0.31 0.3075 0.3075 0.3035 0.3035 0.301 0.301 0.301 0.302
0.223 0.223 0.247 0.247 0.2395 0.2395 0.2335 0.2335 0.2335 0.236 0.236 0.234 0.234 0.2285 0.2285 0.2235 0.2235 0.2235 0.232 0.232 0.23 0.23 0.243 0.243 0.243 0.2695 0.2695 0.264 0.264 0.2805 0.2805 0.2805 0.2745 0.2745 0.3155 0.3155 0.293 0.293 0.293 0.3165 0.3165 0.312 0.312 0.324 0.324 0.324 0.321 0.321 0.2925 0.2925 0.308 0.308 0.2995 0.2995 0.2995 0.305 0.305 0.3065 0.3065 0.3035 0.3035 0.3035 0.301 0.301 0.312 0.312 0.31 0.31 0.31 0.3075 0.3075 0.3035 0.3035 0.301 0.301 0.301 0.302
