ndvi/NOAA-276.asc
ncols         252
nrows         154
xllcorner     -18.017974
yllcorner     13.481982
cellsize      0.035948
NODATA_value  -9999
[rows 34 to 67 of 154, columns 78 to 155 of 252]
0.111 0.119 0.119 0.122 0.122 0.1135 0.1135 0.1135 0.11 0.11 0.1255 0.1255 0.119 0.119 0.115 0.115 0.115 0.1145 0.1145 0.1195 0.1195 0.1215 0.1215 0.1215 0.1215 0.1215 0.1245 0.1245 0.1315 0.1315 0.1315 0.1365 0.1365 0.1325 0.1325 0.12 0.12 0.12 0.117 0.117 0.119 0.119 0.128 0.128 0.128 0.126 0.126 0.119 0.119 0.112 0.112 0.1205 0.1205 0.1205 0.112 0.112 0.128 0.128 0.1255 0.1255 0.1255 0.128 0.128 0.14 0.14 0.139 0.139 0.139 0.122 0.122 0.09299999 0.09299999 0.087 0.087 0.087 0.108 0.108 0.0975
0.111 0.119 0.119 0.122 0.122 0.1135 0.1135 0.1135 0.11 0.11 0.1255 0.1255 0.119 0.119 0.115 0.115 0.115 0.1145 0.1145 0.1195 0.1195 0.1215 0.1215 0.1215 0.1215 0.1215 0.1245 0.1245 0.1315 0.1315 0.1315 0.1365 0.1365 0.1325 0.1325 0.12 0.12 0.12 0.117 0.117 0.119 0.119 0.128 0.128 0.128 0.126 0.126 0.119 0.119 0.112 0.112 0.1205 0.1205 0.1205 0.112 0.112 0.128 0.128 0.1255 0.1255 0.1255 0.128 0.128 0.14 0.14 0.139 0.139 0.139 0.122 0.122 0.09299999 0.09299999 0.087 0.087 0.087 0.108 0.108 0.0975
0.111 0.119 0.119 0.122 0.122 0.1135 0.1135 0.1135 0.11 0.11 0.1255 0.1255 0.119 0.119 0.115 0.115 0.115 0.1145 0.1145 0.1195 0.1195 0.1215 0.1215 0.1215 0.1215 0.1215 0.1245 0.1245 0.1315 0.1315 0.1315 0.1365 0.1365 0.1325 0.1325 0.12 0.12 0.12 0.117 0.117 0.119 0.119 0.128 0.128 0.128 0.126 0.126 0.119 0.119 0.112 0.112 0.1205 0.1205 0.1205 0.112 0.112 0.128 0.128 0.1255 0.1255 0.1255 0.128 0.128 0.14 0.14 0.139 0.139 0.139 0.122 0.122 0.09299999 0.09299999 0.087 0.087 0.087 0.108 0.108 0.0975
0.116 0.1175 0.1175 0.113 0.113 0.1275 0.1275 0.1275 0.116 0.116 0.1195 0.1195 0.1265 0.1265 0.1225 0.1225 0.1225 0.1145 0.1145 0.1165 0.1165 0.1205 0.1205 0.1205 0.125 0.125 0.126 0.126 0.12 0.12 0.12 0.124 0.124 0.126 0.126 0.1285 0.1285 0.1285 0.1185 0.1185 0.1255 0.1255 0.1255 0.1255 0.1255 0.1185 0.1185 0.12 0.12 0.1365 0.1365 0.129 0.129 0.129 0.135 0.135 0.16 0.16 0.152 0.152 0.152 0.14 0.14 0.142 0.142 0.1235 0.1235 0.1235 0.127 0.127 0.1185 0.1185 0.1 0.1 0.1 0.0985 0.0985 0.1165
0.116 0.1175 0.1175 0.113 0.113 0.1275 0.1275 0.1275 0.116 0.116 0.1195 0.1195 0.1265 0.1265 0.1225 0.1225 0.1225 0.1145 0.1145 0.1165 0.1165 0.1205 0.1205 0.1205 0.125 0.125 0.126 0.126 0.12 0.12 0.12 0.124 0.124 0.126 0.126 0.1285 0.1285 0.1285 0.1185 0.1185 0.1255 0.1255 0.1255 0.1255 0.1255 0.1185 0.1185 0.12 0.12 0.1365 0.1365 0.129 0.129 0.129 0.135 0.135 0.16 0.16 0.152 0.152 0.152 0.14 0.14 0.142 0.142 0.1235 0.1235 0.1235 0.127 0.127 0.1185 0.1185 0.1 0.1 0.1 0.0985 0.0985 0.1165
0.1205 0.114 0.114 0.112 0.112 0.121 0.121 0.121 0.1265 0.1265 0.129 0.129 0.126 0.126 0.126 0.126 0.126 0.1235 0.1235 0.119 0.119 0.13 0.13 0.13 0.1265 0.1265 0.1385 0.1385 0.1345 0.1345 0.1345 0.13 0.13 0.129 0.129 0.135 0.135 0.135 0.1185 0.1185 0.1215 0.1215 0.1365 0.1365 0.1365 0.145 0.145 0.147 0.147 0.147 0.147 0.181 0.181 0.181 0.1605 0.1605 0.151 0.151 0.15 0.15 0.15 0.127 0.127 0.1405 0.1405 0.129 0.129 0.129 0.1235 0.1235 0.105 0.105 0.1065 0.1065 0.1065 0.09450001 0.09450001 0.1005
0.1205 0.114 0.114 0.112 0.112 0.121 0.121 0.121 0.1265 0.1265 0.129 0.129 0.126 0.126 0.126 0.126 0.126 0.1235 0.1235 0.119 0.119 0.13 0.13 0.13 0.1265 0.1265 0.1385 0.1385 0.1345 0.1345 0.1345 0.13 0.13 0.129 0.129 0.135 0.135 0.135 0.1185 0.1185 0.1215 0.1215 0.1365 0.1365 0.1365 0.145 0.145 0.147 0.147 0.147 0.147 0.181 0.181 0.181 0.1605 0.1605 0.151 0.151 0.15 0.15 0.15 0.127 0.127 0.1405 0.1405 0.129 0.129 0.129 0.1235 0.1235 0.105 0.105 0.1065 0.1065 0.1065 0.09450001 0.09450001 0.1005
0.1125 0.1145 0.1145 0.1125 0.1125 0.123 0.123 0.123 0.1315 0.1315 0.13 0.13 0.13 0.13 0.126 0.126 0.126 0.127 0.127 0.124 0.124 0.1375 0.1375 0.1375 0.15 0.15 0.1395 0.1395 0.139 0.139 0.139 0.136 0.136 0.134 0.134 0.1315 0.1315 0.1315 0.123 0.123 0.1355 0.1355 0.1545 0.1545 0.1545 0.16 0.16 0.1445 0.1445 0.1615 0.1615 0.184 0.184 0.184 0.168 0.168 0.155 0.155 0.156 0.156 0.156 0.1415 0.1415 0.147 0.147 0.1085 0.1085 0.1085 0.1165 0.1165 0.1085 0.1085 0.0925 0.0925 0.0925 0.1055 0.1055 0.0985
0.1125 0.1145 0.1145 0.1125 0.1125 0.123 0.123 0.123 0.1315 0.1315 0.13 0.13 0.13 0.13 0.126 0.126 0.126 0.127 0.127 0.124 0.124 0.1375 0.1375 0.1375 0.15 0.15 0.1395 0.1395 0.139 0.139 0.139 0.136 0.136 0.134 0.134 0.1315 0.1315 0.1315 0.123 0.123 0.1355 0.1355 0.1545 0.1545 0.1545 0.16 0.16 0.1445 0.1445 0.1615 0.1615 0.184 0.184 0.184 0.168 0.168 0.155 0.155 0.156 0.156 0.156 0.1415 0.1415 0.147 0.147 0.1085 0.1085 0.1085 0.1165 0.1165 0.1085 0.1085 0.0925 0.0925 0.0925 0.1055 0.1055 0.0985
0.1125 0.1145 0.1145 0.1125 0.1125 0.123 0.123 0.123 0.1315 0.1315 0.13 0.13 0.13 0.13 0.126 0.126 0.126 0.127 0.127 0.124 0.124 0.1375 0.1375 0.1375 0.15 0.15 0.1395 0.1395 0.139 0.139 0.139 0.136 0.136 0.134 0.134 0.1315 0.1315 0.1315 0.123 0.123 0.1355 0.1355 0.1545 0.1545 0.1545 0.16 0.16 0.1445 0.1445 0.1615 0.1615 0.184 0.184 0.184 0.168 0.168 0.155 0.155 0.156 0.156 0.156 0.1415 0.1415 0.147 0.147 0.1085 0.1085 0.1085 0.1165 0.1165 0.1085 0.1085 0.0925 0.0925 0.0925 0.1055 0.1055 0.0985
0.1295 0.117 0.117 0.1205 0.1205 0.1295 0.1295 0.1295 0.129 0.129 0.1265 0.1265 0.1235 0.1235 0.128 0.128 0.128 0.123 0.123 0.135 0.135 0.1365 0.1365 0.1365 0.141 0.141 0.144 0.144 0.1445 0.1445 0.1445 0.146 0.146 0.1475 0.1475 0.146 0.146 0.146 0.1425 0.1425 0.1475 0.1475 0.146 0.146 0.146 0.1455 0.1455 0.139 0.139 0.145 0.145 0.1775 0.1775 0.1775 0.162 0.162 0.1495 0.1495 0.1295 0.1295 0.1295 0.125 0.125 0.1085 0.1085 0.111 0.111 0.111 0.1155 0.1155 0.118 0.118 0.1045 0.1045 0.1045 0.105 0.105 0.1095
0.1295 0.117 0.117 0.1205 0.1205 0.1295 0.1295 0.1295 0.129 0.129 0.1265 0.1265 0.1235 0.1235 0.128 0.128 0.128 0.123 0.123 0.135 0.135 0.1365 0.1365 0.1365 0.141 0.141 0.144 0.144 0.1445 0.1445 0.1445 0.146 0.146 0.1475 0.1475 0.146 0.146 0.146 0.1425 0.1425 0.1475 0.1475 0.146 0.146 0.146 0.1455 0.1455 0.139 0.139 0.145 0.145 0.1775 0.1775 0.1775 0.162 0.162 0.1495 0.1495 0.1295 0.1295 0.1295 0.125 0.125 0.1085 0.1085 0.111 0.111 0.111 0.1155 0.1155 0.118 0.118 0.1045 0.1045 0.1045 0.105 0.105 0.1095
0.1405 0.1355 0.1355 0.1225 0.1225 0.129 0.129 0.129 0.1295 0.1295 0.118 0.118 0.13 0.13 0.121 0.121 0.121 0.138 0.138 0.138 0.138 0.1375 0.1375 0.1375 0.1445 0.1445 0.142 0.142 0.1515 0.1515 0.1515 0.1665 0.1665 0.1775 0.1775 0.134 0.134 0.134 0.1005 0.1005 0.115 0.115 0.1195 0.1195 0.1195 0.133 0.133 0.167 0.167 0.166 0.166 0.139 0.139 0.139 0.1485 0.1485 0.1485 0.1485 0.1465 0.1465 0.1465 0.1365 0.1365 0.1255 0.1255 0.1165 0.1165 0.1165 0.138 0.138 0.12 0.12 0.1165 0.1165 0.1165 0.1005 0.1005 0.11
0.1405 0.1355 0.1355 0.1225 0.1225 0.129 0.129 0.129 0.1295 0.1295 0.118 0.118 0.13 0.13 0.121 0.121 0.121 0.138 0.138 0.138 0.138 0.1375 0.1375 0.1375 0.1445 0.1445 0.142 0.142 0.1515 0.1515 0.1515 0.1665 0.1665 0.1775 0.1775 0.134 0.134 0.134 0.1005 0.1005 0.115 0.115 0.1195 0.1195 0.1195 0.133 0.133 0.167 0.167 0.166 0.166 0.139 0.139 0.139 0.1485 0.1485 0.1485 0.1485 0.1465 0.1465 0.1465 0.1365 0.1365 0.1255 0.1255 0.1165 0.1165 0.1165 0.138 0.138 0.12 0.12 0.1165 0.1165 0.1165 0.1005 0.1005 0.11
0.1475 0.1345 0.1345 0.133 0.133 0.1215 0.1215 0.1215 0.117 0.117 0.109 0.109 0.134 0.134 0.1425 0.1425 0.1425 0.1445 0.1445 0.158 0.158 0.1575 0.1575 0.1575 0.15 0.15 0.1555 0.1555 0.157 0.157 0.157 0.2405 0.2405 0.1705 0.1705 0.122 0.122 0.122 0.1255 0.1255 0.111 0.111 0.111 0.111 0.111 0.151 0.151 0.1675 0.1675 0.168 0.168 0.1605 0.1605 0.1605 0.1535 0.1535 0.1505 0.1505 0.134 0.134 0.134 0.1495 0.1495 0.1405 0.1405 0.1325 0.1325 0.1325 0.1285 0.1285 0.1355 0.1355 0.1325 0.1325 0.1325 0.1025 0.1025 0.107
0.1475 0.1345 0.1345 0.133 0.133 0.1215 0.1215 0.1215 0.117 0.117 0.109 0.109 0.134 0.134 0.1425 0.1425 0.1425 0.1445 0.1445 0.158 0.158 0.1575 0.1575 0.1575 0.15 0.15 0.1555 0.1555 0.157 0.157 0.157 0.2405 0.2405 0.1705 0.1705 0.122 0.122 0.122 0.1255 0.1255 0.111 0.111 0.111 0.111 0.111 0.151 0.151 0.1675 0.1675 0.168 0.168 0.1605 0.1605 0.1605 0.1535 0.1535 0.1505 0.1505 0.134 0.134 0.134 0.1495 0.1495 0.1405 0.1405 0.1325 0.1325 0.1325 0.1285 0.1285 0.1355 0.1355 0.1325 0.1325 0.1325 0.1025 0.1025 0.107
0.1475 0.1345 0.1345 0.133 0.133 0.1215 0.1215 0.1215 0.117 0.117 0.109 0.109 0.134 0.134 0.1425 0.1425 0.1425 0.1445 0.1445 0.158 0.158 0.1575 0.1575 0.1575 0.15 0.15 0.1555 0.1555 0.157 0.157 0.157 0.2405 0.2405 0.1705 0.1705 0.122 0.122 0.122 0.1255 0.1255 0.111 0.111 0.111 0.111 0.111 0.151 0.151 0.1675 0.1675 0.168 0.168 0.1605 0.1605 0.1605 0.1535 0.1535 0.1505 0.1505 0.134 0.134 0.134 0.1495 0.1495 0.1405 0.1405 0.1325 0.1325 0.1325 0.1285 0.1285 0.1355 0.1355 0.1325 0.1325 0.1325 0.1025 0.1025 0.107
0.1455 0.1455 0.1455 0.1485 0.1485 0.1375 0.1375 0.1375 0.151 0.151 0.158 0.158 0.158 0.158 0.1685 0.1685 0.1685 0.172 0.172 0.163 0.163 0.17 0.17 0.17 0.158 0.158 0.166 0.166 0.161 0.161 0.161 0.1655 0.1655 0.1715 0.1715 0.156 0.156 0.156 0.109 0.109 0.105 0.105 0.112 0.112 0.112 0.1295 0.1295 0.13 0.13 0.1575 0.1575 0.157 0.157 0.157 0.1535 0.1535 0.1395 0.1395 0.152 0.152 0.152 0.144 0.144 0.1575 0.1575 0.146 0.146 0.146 0.1555 0.1555 0.1575 0.1575 0.124 0.124 0.124 0.104 0.104 0.1105
0.1455 0.1455 0.1455 0.1485 0.1485 0.1375 0.1375 0.1375 0.151 0.151 0.158 0.158 0.158 0.158 0.1685 0.1685 0.1685 0.172 0.172 0.163 0.163 0.17 0.17 0.17 0.158 0.158 0.166 0.166 0.161 0.161 0.161 0.1655 0.1655 0.1715 0.1715 0.156 0.156 0.156 0.109 0.109 0.105 0.105 0.112 0.112 0.112 0.1295 0.1295 0.13 0.13 0.1575 0.1575 0.157 0.157 0.157 0.1535 0.1535 0.1395 0.1395 0.152 0.152 0.152 0.144 0.144 0.1575 0.1575 0.146 0.146 0.146 0.1555 0.1555 0.1575 0.1575 0.124 0.124 0.124 0.104 0.104 0.1105
0.1555 0.1645 0.1645 0.1525 0.1525 0.157 0.157 0.157 0.1595 0.1595 0.164 0.164 0.177 0.177 0.165 0.165 0.165 0.1735 0.1735 0.1665 0.1665 0.1645 0.1645 0.1645 0.1665 0.1665 0.165 0.165 0.1615 0.1615 0.1615 0.152 0.152 0.184 0.184 0.152 0.152 0.152 0.1495 0.1495 0.105 0.105 0.1145 0.1145 0.1145 0.12 0.12 0.139 0.139 0.1655 0.1655 0.1725 0.1725 0.1725 0.18 0.18 0.1755 0.1755 0.167 0.167 0.167 0.1715 0.1715 0.169 0.169 0.1475 0.1475 0.1475 0.156 0.156 0.155 0.155 0.1295 0.1295 0.1295 0.101 0.101 0.098
0.1555 0.1645 0.1645 0.1525 0.1525 0.157 0.157 0.157 0.1595 0.1595 0.164 0.164 0.177 0.177 0.165 0.165 0.165 0.1735 0.1735 0.1665 0.1665 0.1645 0.1645 0.1645 0.1665 0.1665 0.165 0.165 0.1615 0.1615 0.1615 0.152 0.152 0.184 0.184 0.152 0.152 0.152 0.1495 0.1495 0.105 0.105 0.1145 0.1145 0.1145 0.12 0.12 0.139 0.139 0.1655 0.1655 0.1725 0.1725 0.1725 0.18 0.18 0.1755 0.1755 0.167 0.167 0.167 0.1715 0.1715 0.169 0.169 0.1475 0.1475 0.1475 0.156 0.156 0.155 0.155 0.1295 0.1295 0.1295 0.101 0.101 0.098
0.2025 0.1815 0.1815 0.1635 0.1635 0.164 0.164 0.164 0.1655 0.1655 0.181 0.181 0.185 0.185 0.184 0.184 0.184 0.184 0.184 0.1755 0.1755 0.163 0.163 0.163 0.151 0.151 0.1445 0.1445 0.1505 0.1505 0.1505 0.1495 0.1495 0.164 0.164 0.1605 0.1605 0.1605 0.1455 0.1455 0.1085 0.1085 0.107 0.107 0.107 0.103 0.103 0.161 0.161 0.1525 0.1525 0.1685 0.1685 0.1685 0.181 0.181 0.1725 0.1725 0.1795 0.1795 0.1795 0.182 0.182 0.182 0.182 0.1585 0.1585 0.1585 0.131 0.131 0.123 0.123 0.1285 0.1285 0.1285 0.111 0.111 0.087
0.2025 0.1815 0.1815 0.1635 0.1635 0.164 0.164 0.164 0.1655 0.1655 0.181 0.181 0.185 0.185 0.184 0.184 0.184 0.184 0.184 0.1755 0.1755 0.163 0.163 0.163 0.151 0.151 0.1445 0.1445 0.1505 0.1505 0.1505 0.1495 0.1495 0.164 0.164 0.1605 0.1605 0.1605 0.1455 0.1455 0.1085 0.1085 0.107 0.107 0.107 0.103 0.103 0.161 0.161 0.1525 0.1525 0.1685 0.1685 0.1685 0.181 0.181 0.1725 0.1725 0.1795 0.1795 0.1795 0.182 0.182 0.182 0.182 0.1585 0.1585 0.1585 0.131 0.131 0.123 0.123 0.1285 0.1285 0.1285 0.111 0.111 0.087
0.197 0.178 0.178 0.1705 0.1705 0.1765 0.1765 0.1765 0.1745 0.1745 0.166 0.166 0.171 0.171 0.17 0.17 0.17 0.1765 0.1765 0.1735 0.1735 0.1585 0.1585 0.1585 0.1395 0.1395 0.163 0.163 0.1765 0.1765 0.1765 0.161 0.161 0.1525 0.1525 0.163 0.163 0.163 0.1405 0.1405 0.1345 0.1345 0.125 0.125 0.125 0.1145 0.1145 0.1125 0.1125 0.121 0.121 0.1645 0.1645 0.1645 0.1785 0.1785 0.1725 0.1725 0.1945 0.1945 0.1945 0.183 0.183 0.194 0.194 0.158 0.158 0.158 0.144 0.144 0.143 0.143 0.11 0.11 0.11 0.0805 0.0805 0.077
0.197 0.178 0.178 0.1705 0.1705 0.1765 0.1765 0.1765 0.1745 0.1745 0.166 0.166 0.171 0.171 0.17 0.17 0.17 0.1765 0.1765 0.1735 0.1735 0.1585 0.1585 0.1585 0.1395 0.1395 0.163 0.163 0.1765 0.1765 0.1765 0.161 0.161 0.1525 0.1525 0.163 0.163 0.163 0.1405 0.1405 0.1345 0.1345 0.125 0.125 0.125 0.1145 0.1145 0.1125 0.1125 0.121 0.121 0.1645 0.1645 0.1645 0.1785 0.1785 0.1725 0.1725 0.1945 0.1945 0.1945 0.183 0.183 0.194 0.194 0.158 0.158 0.158 0.144 0.144 0.143 0.143 0.11 0.11 0.11 0.0805 0.0805 0.077
0.197 0.178 0.178 0.1705 0.1705 0.1765 0.1765 0.1765 0.1745 0.1745 0.166 0.166 0.171 0.171 0.17 0.17 0.17 0.1765 0.1765 0.1735 0.1735 0.1585 0.1585 0.1585 0.1395 0.1395 0.163 0.163 0.1765 0.1765 0.1765 0.161 0.161 0.1525 0.1525 0.163 0.163 0.163 0.1405 0.1405 0.1345 0.1345 0.125 0.125 0.125 0.1145 0.1145 0.1125 0.1125 0.121 0.121 0.1645 0.1645 0.1645 0.1785 0.1785 0.1725 0.1725 0.1945 0.1945 0.1945 0.183 0.183 0.194 0.194 0.158 0.158 0.158 0.144 0.144 0.143 0.143 0.11 0.11 0.11 0.0805 0.0805 0.077
0.186 0.18 0.18 0.189 0.189 0.1995 0.1995 0.1995 0.1855 0.1855 0.157 0.157 0.1685 0.1685 0.1735 0.1735 0.1735 0.126 0.126 0.184 0.184 0.188 0.188 0.188 0.191 0.191 0.1915 0.1915 0.184 0.184 0.184 0.186 0.186 0.1755 0.1755 0.162 0.162 0.162 0.1305 0.1305 0.1165 0.1165 0.1465 0.1465 0.1465 0.155 0.155 0.1295 0.1295 0.124 0.124 0.115 0.115 0.115 0.1225 0.1225 0.1745 0.1745 0.1945 0.1945 0.1945 0.1995 0.1995 0.1905 0.1905 0.181 0.181 0.181 0.171 0.171 0.168 0.168 0.124 0.124 0.124 0.1045 0.1045 0.1195
0.186 0.18 0.18 0.189 0.189 0.1995 0.1995 0.1995 0.1855 0.1855 0.157 0.157 0.1685 0.1685 0.1735 0.1735 0.1735 0.126 0.126 0.184 0.184 0.188 0.188 0.188 0.191 0.191 0.1915 0.1915 0.184 0.184 0.184 0.186 0.186 0.1755 0.1755 0.162 0.162 0.162 0.1305 0.1305 0.1165 0.1165 0.1465 0.1465 0.1465 0.155 0.155 0.1295 0.1295 0.124 0.124 0.115 0.115 0.115 0.1225 0.1225 0.1745 0.1745 0.1945 0.1945 0.1945 0.1995 0.1995 0.1905 0.1905 0.181 0.181 0.181 0.171 0.171 0.168 0.168 0.124 0.124 0.124 0.1045 0.1045 0.1195
0.19 0.201 0.201 0.2265 0.2265 0.1985 0.1985 0.1985 0.1615 0.1615 0.162 0.162 0.1565 0.1565 0.153 0.153 0.153 0.141 0.141 0.1805 0.1805 0.1805 0.1805 0.1805 0.3535 0.3535 0.19 0.19 0.183 0.183 0.183 0.186 0.186 0.177 0.177 0.1695 0.1695 0.1695 0.1515 0.1515 0.123 0.123 0.1445 0.1445 0.1445 0.1355 0.1355 0.0925 0.0925 0.1065 0.1065 0.1285 0.1285 0.1285 0.128 0.128 0.153 0.153 0.1995 0.1995 0.1995 0.203 0.203 0.187 0.187 0.1905 0.1905 0.1905 0.182 0.182 0.1615 0.1615 0.1225 0.1225 0.1225 0.113 0.113 0.1125
0.19 0.201 0.201 0.2265 0.2265 0.1985 0.1985 0.1985 0.1615 0.1615 0.162 0.162 0.1565 0.1565 0.153 0.153 0.153 0.141 0.141 0.1805 0.1805 0.1805 0.1805 0.1805 0.3535 0.3535 0.19 0.19 0.183 0.183 0.183 0.186 0.186 0.177 0.177 0.1695 0.1695 0.1695 0.1515 0.1515 0.123 0.123 0.1445 0.1445 0.1445 0.1355 0.1355 0.0925 0.0925 0.1065 0.1065 0.1285 0.1285 0.1285 0.128 0.128 0.153 0.153 0.1995 0.1995 0.1995 0.203 0.203 0.187 0.187 0.1905 0.1905 0.1905 0.182 0.182 0.1615 0.1615 0.1225 0.1225 0.1225 0.113 0.113 0.1125
0.157 0.2025 0.2025 0.2005 0.2005 0.2115 0.2115 0.2115 0.1965 0.1965 0.2025 0.2025 0.2005 0.2005 0.2355 0.2355 0.2355 0.1845 0.1845 0.187 0.187 0.1885 0.1885 0.1885 0.2125 0.2125 0.2115 0.2115 0.167 0.167 0.167 0.1645 0.1645 0.1625 0.1625 0.1575 0.1575 0.1575 0.163 0.163 0.158 0.158 0.162 0.162 0.162 0.1495 0.1495 0.104 0.104 0.1235 0.1235 0.18 0.18 0.18 0.178 0.178 0.165 0.165 0.2105 0.2105 0.2105 0.199 0.199 0.1825 0.1825 0.2115 0.2115 0.2115 0.2065 0.2065 0.189 0.189 0.1165 0.1165 0.1165 0.1095 0.1095 0.133
0.157 0.2025 0.2025 0.2005 0.2005 0.2115 0.2115 0.2115 0.1965 0.1965 0.2025 0.2025 0.2005 0.2005 0.2355 0.2355 0.2355 0.1845 0.1845 0.187 0.187 0.1885 0.1885 0.1885 0.2125 0.2125 0.2115 0.2115 0.167 0.167 0.167 0.1645 0.1645 0.1625 0.1625 0.1575 0.1575 0.1575 0.163 0.163 0.158 0.158 0.162 0.162 0.162 0.1495 0.1495 0.104 0.104 0.1235 0.1235 0.18 0.18 0.18 0.178 0.178 0.165 0.165 0.2105 0.2105 0.2105 0.199 0.199 0.1825 0.1825 0.2115 0.2115 0.2115 0.2065 0.2065 0.189 0.189 0.1165 0.1165 0.1165 0.1095 0.1095 0.133
0.157 0.2025 0.2025 0.2005 0.2005 0.2115 0.2115 0.2115 0.1965 0.1965 0.2025 0.2025 0.2005 0.2005 0.2355 0.2355 0.2355 0.1845 0.1845 0.187 0.187 0.1885 0.1885 0.1885 0.2125 0.2125 0.2115 0.2115 0.167 0.167 0.167 0.1645 0.1645 0.1625 0.1625 0.1575 0.1575 0.1575 0.163 0.163 0.158 0.158 0.162 0.162 0.162 0.1495 0.1495 0.104 0.104 0.1235 0.1235 0.18 0.18 0.18 0.178 0.178 0.165 0.165 0.2105 0.2105 0.2105 0.199 0.199 0.1825 0.1825 0.2115 0.2115 0.2115 0.2065 0.2065 0.189 0.189 0.1165 0.1165 0.1165 0.1095 0.1095 0.133
0.159 0.135 0.135 0.1395 0.1395 0.1715 0.1715 0.1715 0.199 0.199 0.1645 0.1645 0.1695 0.1695 0.1875 0.1875 0.1875 0.234 0.234 0.2 0.2 0.2035 0.2035 0.2035 0.187 0.187 0.194 0.194 0.187 0.187 0.187 0.171 0.171 0.162 0.162 0.149 0.149 0.149 0.1685 0.1685 0.1665 0.1665 0.159 0.159 0.159 0.1345 0.1345 0.1645 0.1645 0.1615 0.1615 0.182 0.182 0.182 0.1635 0.1635 0.1545 0.1545 0.201 0.201 0.201 0.2055 0.2055 0.212 0.212 0.2245 0.2245 0.2245 0.2035 0.2035 0.182 0.182 0.151 0.151 0.151 0.134 0.134 0.112
