ndvi/NOAA-79.asc
ncols         252
nrows         154
xllcorner     -18.017974
yllcorner     13.481982
cellsize      0.035948
NODATA_value  -9999
[rows 102 to 135 of 154, columns 154 to 230 of 252]
0.229 0.228 0.228 0.2265 0.2265 0.2265 0.2095 0.2095 0.2415 0.2415 0.256 0.256 0.2695 0.2695 0.2695 0.286 0.286 0.2915 0.2915 0.3175 0.3175 0.3175 0.2955 0.2955 0.268 0.268 0.2765 0.2765 0.2765 0.286 0.286 0.2975 0.2975 0.2925 0.2925 0.2925 0.27 0.27 0.2655 0.2655 0.2815 0.2815 0.2815 0.267 0.267 0.2795 0.2795 0.26 0.26 0.2565 0.2565 0.2565 0.245 0.245 0.2735 0.2735 0.325 0.325 0.325 0.2895 0.2895 0.297 0.297 0.2885 0.2885 0.2885 0.2885 0.2885 0.29 0.29 0.2835 0.2835 0.2835 0.2965 0.2965 0.2755 0.2755
0.259 0.2605 0.2605 0.258 0.258 0.258 0.2375 0.2375 0.2435 0.2435 0.281 0.281 0.267 0.267 0.267 0.2715 0.2715 0.2775 0.2775 0.283 0.283 0.283 0.275 0.275 0.277 0.277 0.29 0.29 0.29 0.285 0.285 0.3255 0.3255 0.3065 0.3065 0.3065 0.308 0.308 0.297 0.297 0.2905 0.2905 0.2905 0.275 0.275 0.2875 0.2875 0.283 0.283 0.2705 0.2705 0.2705 0.271 0.271 0.346 0.346 0.34 0.34 0.34 0.2655 0.2655 0.3005 0.3005 0.2865 0.2865 0.2865 0.282 0.282 0.2775 0.2775 0.2835 0.2835 0.2835 0.282 0.282 0.2395 0.2395
0.259 0.2605 0.2605 0.258 0.258 0.258 0.2375 0.2375 0.2435 0.2435 0.281 0.281 0.267 0.267 0.267 0.2715 0.2715 0.2775 0.2775 0.283 0.283 0.283 0.275 0.275 0.277 0.277 0.29 0.29 0.29 0.285 0.285 0.3255 0.3255 0.3065 0.3065 0.3065 0.308 0.308 0.297 0.297 0.2905 0.2905 0.2905 0.275 0.275 0.2875 0.2875 0.283 0.283 0.2705 0.2705 0.2705 0.271 0.271 0.346 0.346 0.34 0.34 0.34 0.2655 0.2655 0.3005 0.3005 0.2865 0.2865 0.2865 0.282 0.282 0.2775 0.2775 0.2835 0.2835 0.2835 0.282 0.282 0.2395 0.2395
0.259 0.2605 0.2605 0.258 0.258 0.258 0.2375 0.2375 0.2435 0.2435 0.281 0.281 0.267 0.267 0.267 0.2715 0.2715 0.2775 0.2775 0.283 0.283 0.283 0.275 0.275 0.277 0.277 0.29 0.29 0.29 0.285 0.285 0.3255 0.3255 0.3065 0.3065 0.3065 0.308 0.308 0.297 0.297 0.2905 0.2905 0.2905 0.275 0.275 0.2875 0.2875 0.283 0.283 0.2705 0.2705 0.2705 0.271 0.271 0.346 0.346 0.34 0.34 0.34 0.2655 0.2655 0.3005 0.3005 0.2865 0.2865 0.2865 0.282 0.282 0.2775 0.2775 0.2835 0.2835 0.2835 0.282 0.282 0.2395 0.2395
0.275 0.267 0.267 0.2845 0.2845 0.2845 0.239 0.239 0.2565 0.2565 0.2955 0.2955 0.262 0.262 0.262 0.256 0.256 0.2675 0.2675 0.2875 0.2875 0.2875 0.287 0.287 0.3035 0.3035 0.305 0.305 0.305 0.38 0.38 0.4055 0.4055 0.3595 0.3595 0.3595 0.364 0.364 0.3335 0.3335 0.325 0.325 0.325 0.3245 0.3245 0.324 0.324 0.283 0.283 0.2845 0.2845 0.2845 0.335 0.335 0.3335 0.3335 0.3675 0.3675 0.3675 0.3155 0.3155 0.3035 0.3035 0.3205 0.3205 0.3205 0.294 0.294 0.2725 0.2725 0.2895 0.2895 0.2895 0.3245 0.3245 0.2925 0.2925
0.275 0.267 0.267 0.2845 0.2845 0.2845 0.239 0.239 0.2565 0.2565 0.2955 0.2955 0.262 0.262 0.262 0.256 0.256 0.2675 0.2675 0.2875 0.2875 0.2875 0.287 0.287 0.3035 0.3035 0.305 0.305 0.305 0.38 0.38 0.4055 0.4055 0.3595 0.3595 0.3595 0.364 0.364 0.3335 0.3335 0.325 0.325 0.325 0.3245 0.3245 0.324 0.324 0.283 0.283 0.2845 0.2845 0.2845 0.335 0.335 0.3335 0.3335 0.3675 0.3675 0.3675 0.3155 0.3155 0.3035 0.3035 0.3205 0.3205 0.3205 0.294 0.294 0.2725 0.2725 0.2895 0.2895 0.2895 0.3245 0.3245 0.2925 0.2925
0.275 0.293 0.293 0.291 0.291 0.291 0.325 0.325 0.312 0.312 0.3215 0.3215 0.3125 0.3125 0.3125 0.2835 0.2835 0.2565 0.2565 0.2925 0.2925 0.2925 0.304 0.304 0.3165 0.3165 0.3665 0.3665 0.3665 0.3845 0.3845 0.442 0.442 0.4115 0.4115 0.4115 0.3895 0.3895 0.371 0.371 0.3445 0.3445 0.3445 0.383 0.383 0.359 0.359 0.313 0.313 0.3245 0.3245 0.3245 0.3535 0.3535 0.431 0.431 0.372 0.372 0.372 0.341 0.341 0.3345 0.3345 0.3375 0.3375 0.3375 0.3095 0.3095 0.2875 0.2875 0.3215 0.3215 0.3215 0.3635 0.3635 0.352 0.352
0.275 0.293 0.293 0.291 0.291 0.291 0.325 0.325 0.312 0.312 0.3215 0.3215 0.3125 0.3125 0.3125 0.2835 0.2835 0.2565 0.2565 0.2925 0.2925 0.2925 0.304 0.304 0.3165 0.3165 0.3665 0.3665 0.3665 0.3845 0.3845 0.442 0.442 0.4115 0.4115 0.4115 0.3895 0.3895 0.371 0.371 0.3445 0.3445 0.3445 0.383 0.383 0.359 0.359 0.313 0.313 0.3245 0.3245 0.3245 0.3535 0.3535 0.431 0.431 0.372 0.372 0.372 0.341 0.341 0.3345 0.3345 0.3375 0.3375 0.3375 0.3095 0.3095 0.2875 0.2875 0.3215 0.3215 0.3215 0.3635 0.3635 0.352 0.352
0.2715 0.284 0.284 0.3035 0.3035 0.3035 0.346 0.346 0.312 0.312 0.299 0.299 0.307 0.307 0.307 0.289 0.289 0.2845 0.2845 0.3085 0.3085 0.3085 0.3295 0.3295 0.377 0.377 0.3885 0.3885 0.3885 0.4315 0.4315 0.429 0.429 0.4275 0.4275 0.4275 0.398 0.398 0.3575 0.3575 0.3935 0.3935 0.3935 0.4315 0.4315 0.353 0.353 0.366 0.366 0.369 0.369 0.369 0.4205 0.4205 0.457 0.457 0.3861 0.3861 0.3861 0.3915 0.3915 0.3375 0.3375 0.335 0.335 0.335 0.3365 0.3365 0.316 0.316 0.327 0.327 0.327 0.341 0.341 0.347 0.347
0.2715 0.284 0.284 0.3035 0.3035 0.3035 0.346 0.346 0.312 0.312 0.299 0.299 0.307 0.307 0.307 0.289 0.289 0.2845 0.2845 0.3085 0.3085 0.3085 0.3295 0.3295 0.377 0.377 0.3885 0.3885 0.3885 0.4315 0.4315 0.429 0.429 0.4275 0.4275 0.4275 0.398 0.398 0.3575 0.3575 0.3935 0.3935 0.3935 0.4315 0.4315 0.353 0.353 0.366 0.366 0.369 0.369 0.369 0.4205 0.4205 0.457 0.457 0.3861 0.3861 0.3861 0.3915 0.3915 0.3375 0.3375 0.335 0.335 0.335 0.3365 0.3365 0.316 0.316 0.327 0.327 0.327 0.341 0.341 0.347 0.347
0.2715 0.284 0.284 0.3035 0.3035 0.3035 0.346 0.346 0.312 0.312 0.299 0.299 0.307 0.307 0.307 0.289 0.289 0.2845 0.2845 0.3085 0.3085 0.3085 0.3295 0.3295 0.377 0.377 0.3885 0.3885 0.3885 0.4315 0.4315 0.429 0.429 0.4275 0.4275 0.4275 0.398 0.398 0.3575 0.3575 0.3935 0.3935 0.3935 0.4315 0.4315 0.353 0.353 0.366 0.366 0.369 0.369 0.369 0.4205 0.4205 0.457 0.457 0.3861 0.3861 0.3861 0.3915 0.3915 0.3375 0.3375 0.335 0.335 0.335 0.3365 0.3365 0.316 0.316 0.327 0.327 0.327 0.341 0.341 0.347 0.347
0.3095 0.2505 0.2505 0.3065 0.3065 0.3065 0.333 0.333 0.308 0.308 0.309 0.309 0.326 0.326 0.326 0.3595 0.3595 0.3715 0.3715 0.3735 0.3735 0.3735 0.4015 0.4015 0.411 0.411 0.425 0.425 0.425 0.443 0.443 0.4175 0.4175 0.408 0.408 0.408 0.383 0.383 0.379 0.379 0.367 0.367 0.367 0.408 0.408 0.3705 0.3705 0.391 0.391 0.3825 0.3825 0.3825 0.4031 0.4031 0.4066 0.4066 0.4405 0.4405 0.4405 0.3975 0.3975 0.38 0.38 0.3465 0.3465 0.3465 0.3265 0.3265 0.3375 0.3375 0.3545 0.3545 0.3545 0.351 0.351 0.3625 0.3625
0.3095 0.2505 0.2505 0.3065 0.3065 0.3065 0.333 0.333 0.308 0.308 0.309 0.309 0.326 0.326 0.326 0.3595 0.3595 0.3715 0.3715 0.3735 0.3735 0.3735 0.4015 0.4015 0.411 0.411 0.425 0.425 0.425 0.443 0.443 0.4175 0.4175 0.408 0.408 0.408 0.383 0.383 0.379 0.379 0.367 0.367 0.367 0.408 0.408 0.3705 0.3705 0.391 0.391 0.3825 0.3825 0.3825 0.4031 0.4031 0.4066 0.4066 0.4405 0.4405 0.4405 0.3975 0.3975 0.38 0.38 0.3465 0.3465 0.3465 0.3265 0.3265 0.3375 0.3375 0.3545 0.3545 0.3545 0.351 0.351 0.3625 0.3625
0.325 0.3465 0.3465 0.2985 0.2985 0.2985 0.33 0.33 0.334 0.334 0.332 0.332 0.359 0.359 0.359 0.4225 0.4225 0.4405 0.4405 0.3825 0.3825 0.3825 0.4405 0.4405 0.449 0.449 0.434 0.434 0.434 0.4425 0.4425 0.424 0.424 0.3945 0.3945 0.3945 0.3705 0.3705 0.351 0.351 0.361 0.361 0.361 0.383 0.383 0.445 0.445 0.518 0.518 0.5265 0.5265 0.5265 0.4421 0.4421 0.4406 0.4406 0.4486 0.4486 0.4486 0.4151 0.4151 0.3815 0.3815 0.338 0.338 0.338 0.4115 0.4115 0.4295 0.4295 0.408 0.408 0.408 0.374 0.374 0.3691 0.3691
0.325 0.3465 0.3465 0.2985 0.2985 0.2985 0.33 0.33 0.334 0.334 0.332 0.332 0.359 0.359 0.359 0.4225 0.4225 0.4405 0.4405 0.3825 0.3825 0.3825 0.4405 0.4405 0.449 0.449 0.434 0.434 0.434 0.4425 0.4425 0.424 0.424 0.3945 0.3945 0.3945 0.3705 0.3705 0.351 0.351 0.361 0.361 0.361 0.383 0.383 0.445 0.445 0.518 0.518 0.5265 0.5265 0.5265 0.4421 0.4421 0.4406 0.4406 0.4486 0.4486 0.4486 0.4151 0.4151 0.3815 0.3815 0.338 0.338 0.338 0.4115 0.4115 0.4295 0.4295 0.408 0.408 0.408 0.374 0.374 0.3691 0.3691
0.336 0.312 0.312 0.3535 0.3535 0.3535 0.354 0.354 0.359 0.359 0.354 0.354 0.3665 0.3665 0.3665 0.4285 0.4285 0.4355 0.4355 0.4405 0.4405 0.4405 0.4185 0.4185 0.4365 0.4365 0.4495 0.4495 0.4495 0.4435 0.4435 0.412 0.412 0.409 0.409 0.409 0.399 0.399 0.4235 0.4235 0.4125 0.4125 0.4125 0.427 0.427 0.472 0.472 0.4925 0.4925 0.4935 0.4935 0.4935 0.5245 0.5245 0.4845 0.4845 0.4395 0.4395 0.4395 0.3911 0.3911 0.4305 0.4305 0.414 0.414 0.414 0.427 0.427 0.4275 0.4275 0.4006 0.4006 0.4006 0.4026 0.4026 0.396 0.396
0.336 0.312 0.312 0.3535 0.3535 0.3535 0.354 0.354 0.359 0.359 0.354 0.354 0.3665 0.3665 0.3665 0.4285 0.4285 0.4355 0.4355 0.4405 0.4405 0.4405 0.4185 0.4185 0.4365 0.4365 0.4495 0.4495 0.4495 0.4435 0.4435 0.412 0.412 0.409 0.409 0.409 0.399 0.399 0.4235 0.4235 0.4125 0.4125 0.4125 0.427 0.427 0.472 0.472 0.4925 0.4925 0.4935 0.4935 0.4935 0.5245 0.5245 0.4845 0.4845 0.4395 0.4395 0.4395 0.3911 0.3911 0.4305 0.4305 0.414 0.414 0.414 0.427 0.427 0.4275 0.4275 0.4006 0.4006 0.4006 0.4026 0.4026 0.396 0.396
0.336 0.312 0.312 0.3535 0.3535 0.3535 0.354 0.354 0.359 0.359 0.354 0.354 0.3665 0.3665 0.3665 0.4285 0.4285 0.4355 0.4355 0.4405 0.4405 0.4405 0.4185 0.4185 0.4365 0.4365 0.4495 0.4495 0.4495 0.4435 0.4435 0.412 0.412 0.409 0.409 0.409 0.399 0.399 0.4235 0.4235 0.4125 0.4125 0.4125 0.427 0.427 0.472 0.472 0.4925 0.4925 0.4935 0.4935 0.4935 0.5245 0.5245 0.4845 0.4845 0.4395 0.4395 0.4395 0.3911 0.3911 0.4305 0.4305 0.414 0.414 0.414 0.427 0.427 0.4275 0.4275 0.4006 0.4006 0.4006 0.4026 0.4026 0.396 0.396
0.3515 0.371 0.371 0.3475 0.3475 0.3475 0.3995 0.3995 0.427 0.427 0.4805 0.4805 0.459 0.459 0.459 0.486 0.486 0.5115 0.5115 0.439 0.439 0.439 0.4585 0.4585 0.457 0.457 0.4485 0.4485 0.4485 0.445 0.445 0.421 0.421 0.407 0.407 0.407 0.442 0.442 0.453 0.453 0.477 0.477 0.477 0.479 0.479 0.4835 0.4835 0.5221 0.5221 0.5461 0.5461 0.5461 0.53 0.53 0.4846 0.4846 0.4835 0.4835 0.4835 0.407 0.407 0.4085 0.4085 0.43 0.43 0.43 0.4025 0.4025 0.4015 0.4015 0.3971 0.3971 0.3971 0.384 0.384 0.367 0.367
0.3515 0.371 0.371 0.3475 0.3475 0.3475 0.3995 0.3995 0.427 0.427 0.4805 0.4805 0.459 0.459 0.459 0.486 0.486 0.5115 0.5115 0.439 0.439 0.439 0.4585 0.4585 0.457 0.457 0.4485 0.4485 0.4485 0.445 0.445 0.421 0.421 0.407 0.407 0.407 0.442 0.442 0.453 0.453 0.477 0.477 0.477 0.479 0.479 0.4835 0.4835 0.5221 0.5221 0.5461 0.5461 0.5461 0.53 0.53 0.4846 0.4846 0.4835 0.4835 0.4835 0.407 0.407 0.4085 0.4085 0.43 0.43 0.43 0.4025 0.4025 0.4015 0.4015 0.3971 0.3971 0.3971 0.384 0.384 0.367 0.367
0.3515 0.358 0.358 0.371 0.371 0.371 0.4 0.4 0.451 0.451 0.493 0.493 0.5135 0.5135 0.5135 0.5415 0.5415 0.513 0.513 0.465 0.465 0.465 0.4515 0.4515 0.4455 0.4455 0.445 0.445 0.445 0.4405 0.4405 0.4055 0.4055 0.5125 0.5125 0.5125 0.4755 0.4755 0.447 0.447 0.4825 0.4825 0.4825 0.5155 0.5155 0.5565 0.5565 0.531 0.531 0.563 0.563 0.563 0.5711 0.5711 0.524 0.524 0.4975 0.4975 0.4975 0.434 0.434 0.4155 0.4155 0.4465 0.4465 0.4465 0.437 0.437 0.4145 0.4145 0.447 0.447 0.447 0.452 0.452 0.452 0.452
0.3515 0.358 0.358 0.371 0.371 0.371 0.4 0.4 0.451 0.451 0.493 0.493 0.5135 0.5135 0.5135 0.5415 0.5415 0.513 0.513 0.465 0.465 0.465 0.4515 0.4515 0.4455 0.4455 0.445 0.445 0.445 0.4405 0.4405 0.4055 0.4055 0.5125 0.5125 0.5125 0.4755 0.4755 0.447 0.447 0.4825 0.4825 0.4825 0.5155 0.5155 0.5565 0.5565 0.531 0.531 0.563 0.563 0.563 0.5711 0.5711 0.524 0.524 0.4975 0.4975 0.4975 0.434 0.434 0.4155 0.4155 0.4465 0.4465 0.4465 0.437 0.437 0.4145 0.4145 0.447 0.447 0.447 0.452 0.452 0.452 0.452
0.359 0.3925 0.3925 0.417 0.417 0.417 0.4121 0.4121 0.464 0.464 0.49 0.49 0.5005 0.5005 0.5005 0.496 0.496 0.486 0.486 0.4561 0.4561 0.4561 0.4725 0.4725 0.4315 0.4315 0.3875 0.3875 0.3875 0.4505 0.4505 0.484 0.484 0.457 0.457 0.457 0.462 0.462 0.485 0.485 0.5155 0.5155 0.5155 0.5385 0.5385 0.542 0.542 0.5915 0.5915 0.499 0.499 0.499 0.506 0.506 0.504 0.504 0.4635 0.4635 0.4635 0.4155 0.4155 0.433 0.433 0.452 0.452 0.452 0.4455 0.4455 0.4505 0.4505 0.4625 0.4625 0.4625 0.4525 0.4525 0.425 0.425
0.359 0.3925 0.3925 0.417 0.417 0.417 0.4121 0.4121 0.464 0.464 0.49 0.49 0.5005 0.5005 0.5005 0.496 0.496 0.486 0.486 0.4561 0.4561 0.4561 0.4725 0.4725 0.4315 0.4315 0.3875 0.3875 0.3875 0.4505 0.4505 0.484 0.484 0.457 0.457 0.457 0.462 0.462 0.485 0.485 0.5155 0.5155 0.5155 0.5385 0.5385 0.542 0.542 0.5915 0.5915 0.499 0.499 0.499 0.506 0.506 0.504 0.504 0.4635 0.4635 0.4635 0.4155 0.4155 0.433 0.433 0.452 0.452 0.452 0.4455 0.4455 0.4505 0.4505 0.4625 0.4625 0.4625 0.4525 0.4525 0.425 0.425
0.4245 0.444 0.444 0.4275 0.4275 0.4275 0.4275 0.4275 0.424 0.424 0.441 0.441 0.4695 0.4695 0.4695 0.4805 0.4805 0.4895 0.4895 0.476 0.476 0.476 0.477 0.477 0.476 0.476 0.5085 0.5085 0.5085 0.445 0.445 0.479 0.479 0.4715 0.4715 0.4715 0.497 0.497 0.501 0.501 0.497 0.497 0.497 0.5235 0.5235 0.536 0.536 0.497 0.497 0.4836 0.4836 0.4836 0.4435 0.4435 0.4395 0.4395 0.4505 0.4505 0.4505 0.429 0.429 0.479 0.479 0.4725 0.4725 0.4725 0.4675 0.4675 0.4585 0.4585 0.454 0.454 0.454 0.469 0.469 0.482 0.482
0.4245 0.444 0.444 0.4275 0.4275 0.4275 0.4275 0.4275 0.424 0.424 0.441 0.441 0.4695 0.4695 0.4695 0.4805 0.4805 0.4895 0.4895 0.476 0.476 0.476 0.477 0.477 0.476 0.476 0.5085 0.5085 0.5085 0.445 0.445 0.479 0.479 0.4715 0.4715 0.4715 0.497 0.497 0.501 0.501 0.497 0.497 0.497 0.5235 0.5235 0.536 0.536 0.497 0.497 0.4836 0.4836 0.4836 0.4435 0.4435 0.4395 0.4395 0.4505 0.4505 0.4505 0.429 0.429 0.479 0.479 0.4725 0.4725 0.4725 0.4675 0.4675 0.4585 0.4585 0.454 0.454 0.454 0.469 0.469 0.482 0.482
0.4245 0.444 0.444 0.4275 0.4275 0.4275 0.4275 0.4275 0.424 0.424 0.441 0.441 0.4695 0.4695 0.4695 0.4805 0.4805 0.4895 0.4895 0.476 0.476 0.476 0.477 0.477 0.476 0.476 0.5085 0.5085 0.5085 0.445 0.445 0.479 0.479 0.4715 0.4715 0.4715 0.497 0.497 0.501 0.501 0.497 0.497 0.497 0.5235 0.5235 0.536 0.536 0.497 0.497 0.4836 0.4836 0.4836 0.4435 0.4435 0.4395 0.4395 0.4505 0.4505 0.4505 0.429 0.429 0.479 0.479 0.4725 0.4725 0.4725 0.4675 0.4675 0.4585 0.4585 0.454 0.454 0.454 0.469 0.469 0.482 0.482
0.4162 0.4287 0.4287 0.4536 0.4536 0.4536 0.4395 0.4395 0.428 0.428 0.44 0.44 0.448 0.448 0.448 0.4825 0.4825 0.531 0.531 0.527 0.527 0.527 0.491 0.491 0.5205 0.5205 0.5575 0.5575 0.5575 0.5285 0.5285 0.4995 0.4995 0.478 0.478 0.478 0.4875 0.4875 0.503 0.503 0.5245 0.5245 0.5245 0.4935 0.4935 0.5305001 0.5305001 0.522 0.522 0.4975 0.4975 0.4975 0.4655 0.4655 0.4985 0.4985 0.4935 0.4935 0.4935 0.4625 0.4625 0.526 0.526 0.503 0.503 0.503 0.5195 0.5195 0.518 0.518 0.505 0.505 0.505 0.4665 0.4665 0.4945 0.4945
0.4162 0.4287 0.4287 0.4536 0.4536 0.4536 0.4395 0.4395 0.428 0.428 0.44 0.44 0.448 0.448 0.448 0.4825 0.4825 0.531 0.531 0.527 0.527 0.527 0.491 0.491 0.5205 0.5205 0.5575 0.5575 0.5575 0.5285 0.5285 0.4995 0.4995 0.478 0.478 0.478 0.4875 0.4875 0.503 0.503 0.5245 0.5245 0.5245 0.4935 0.4935 0.5305001 0.5305001 0.522 0.522 0.4975 0.4975 0.4975 0.4655 0.4655 0.4985 0.4985 0.4935 0.4935 0.4935 0.4625 0.4625 0.526 0.526 0.503 0.503 0.503 0.5195 0.5195 0.518 0.518 0.505 0.505 0.505 0.4665 0.4665 0.4945 0.4945
0.5275 0.53 0.53 0.4585 0.4585 0.4585 0.4316 0.4316 0.4655 0.4655 0.502 0.502 0.569 0.569 0.569 0.508 0.508 0.4415 0.4415 0.4855 0.4855 0.4855 0.54 0.54 0.55 0.55 0.615 0.615 0.615 0.5505 0.5505 0.5615 0.5615 0.455 0.455 0.455 0.4915 0.4915 0.463 0.463 0.4545 0.4545 0.4545 0.5375 0.5375 0.5470001 0.5470001 0.5005 0.5005 0.5486 0.5486 0.5486 0.5301 0.5301 0.5355 0.5355 0.5731 0.5731 0.5731 0.5675 0.5675 0.532 0.532 0.5575 0.5575 0.5575 0.5495 0.5495 0.558 0.558 0.5434999 0.5434999 0.5434999 0.4985 0.4985 0.5025 0.5025
0.5275 0.53 0.53 0.4585 0.4585 0.4585 0.4316 0.4316 0.4655 0.4655 0.502 0.502 0.569 0.569 0.569 0.508 0.508 0.4415 0.4415 0.4855 0.4855 0.4855 0.54 0.54 0.55 0.55 0.615 0.615 0.615 0.5505 0.5505 0.5615 0.5615 0.455 0.455 0.455 0.4915 0.4915 0.463 0.463 0.4545 0.4545 0.4545 0.5375 0.5375 0.5470001 0.5470001 0.5005 0.5005 0.5486 0.5486 0.5486 0.5301 0.5301 0.5355 0.5355 0.5731 0.5731 0.5731 0.5675 0.5675 0.532 0.532 0.5575 0.5575 0.5575 0.5495 0.5495 0.558 0.558 0.5434999 0.5434999 0.5434999 0.4985 0.4985 0.5025 0.5025
0.57 0.5245 0.5245 0.4515 0.4515 0.4515 0.48 0.48 0.4635 0.4635 0.483 0.483 0.5651 0.5651 0.5651 0.5605 0.5605 0.553 0.553 0.489 0.489 0.489 0.5515 0.5515 0.5625 0.5625 0.592 0.592 0.592 0.5805 0.5805 0.5155 0.5155 0.506 0.506 0.506 0.543 0.543 0.5025 0.5025 0.5245 0.5245 0.5245 0.4805 0.4805 0.5405 0.5405 0.5035 0.5035 0.5235 0.5235 0.5235 0.561 0.561 0.5891 0.5891 0.5811 0.5811 0.5811 0.5525 0.5525 0.5385 0.5385 0.546 0.546 0.546 0.519 0.519 0.5345 0.5345 0.5455 0.5455 0.5455 0.5395 0.5395 0.496 0.496
0.57 0.5245 0.5245 0.4515 0.4515 0.4515 0.48 0.48 0.4635 0.4635 0.483 0.483 0.5651 0.5651 0.5651 0.5605 0.5605 0.553 0.553 0.489 0.489 0.489 0.5515 0.5515 0.5625 0.5625 0.592 0.592 0.592 0.5805 0.5805 0.5155 0.5155 0.506 0.506 0.506 0.543 0.543 0.5025 0.5025 0.5245 0.5245 0.5245 0.4805 0.4805 0.5405 0.5405 0.5035 0.5035 0.5235 0.5235 0.5235 0.561 0.561 0.5891 0.5891 0.5811 0.5811 0.5811 0.5525 0.5525 0.5385 0.5385 0.546 0.546 0.546 0.519 0.519 0.5345 0.5345 0.5455 0.5455 0.5455 0.5395 0.5395 0.496 0.496
0.57 0.5245 0.5245 0.4515 0.4515 0.4515 0.48 0.48 0.4635 0.4635 0.483 0.483 0.5651 0.5651 0.5651 0.5605 0.5605 0.553 0.553 0.489 0.489 0.489 0.5515 0.5515 0.5625 0.5625 0.592 0.592 0.592 0.5805 0.5805 0.5155 0.5155 0.506 0.506 0.506 0.543 0.543 0.5025 0.5025 0.5245 0.5245 0.5245 0.4805 0.4805 0.5405 0.5405 0.5035 0.5035 0.5235 0.5235 0.5235 0.561 0.561 0.5891 0.5891 0.5811 0.5811 0.5811 0.5525 0.5525 0.5385 0.5385 0.546 0.546 0.546 0.519 0.519 0.5345 0.5345 0.5455 0.5455 0.5455 0.5395 0.5395 0.496 0.496
