ndvi/NOAA-168.asc
ncols         252
nrows         154
xllcorner     -18.017974
yllcorner     13.481982
cellsize      0.035948
NODATA_value  -9999
[rows 70 to 104 of 154, columns 154 to 230 of 252]
0.136 0.1325 0.1325 0.1365 0.1365 0.1365 0.148 0.148 0.1525 0.1525 0.1545 0.1545 0.214 0.214 0.214 0.207 0.207 0.203 0.203 0.201 0.201 0.201 0.206 0.206 0.208 0.208 0.2065 0.2065 0.2065 0.1965 0.1965 0.1985 0.1985 0.2035 0.2035 0.2035 0.213 0.213 0.211 0.211 0.202 0.202 0.202 0.2075 0.2075 0.198 0.198 0.2015 0.2015 0.1895 0.1895 0.1895 0.2105 0.2105 0.2105 0.2105 0.204 0.204 0.204 0.2115 0.2115 0.2105 0.2105 0.1975 0.1975 0.1975 0.1815 0.1815 0.192 0.192 0.2055 0.2055 0.2055 0.195 0.195 0.2055 0.2055
0.1545 0.157 0.157 0.16 0.16 0.16 0.143 0.143 0.1535 0.1535 0.156 0.156 0.1925 0.1925 0.1925 0.195 0.195 0.1925 0.1925 0.1775 0.1775 0.1775 0.2075 0.2075 0.1995 0.1995 0.1945 0.1945 0.1945 0.2035 0.2035 0.2 0.2 0.1905 0.1905 0.1905 0.201 0.201 0.1975 0.1975 0.196 0.196 0.196 0.203 0.203 0.201 0.201 0.206 0.206 0.2135 0.2135 0.2135 0.2045 0.2045 0.2105 0.2105 0.2135 0.2135 0.2135 0.22 0.22 0.1995 0.1995 0.199 0.199 0.199 0.2035 0.2035 0.189 0.189 0.2055 0.2055 0.2055 0.2055 0.2055 0.253 0.253
0.1545 0.157 0.157 0.16 0.16 0.16 0.143 0.143 0.1535 0.1535 0.156 0.156 0.1925 0.1925 0.1925 0.195 0.195 0.1925 0.1925 0.1775 0.1775 0.1775 0.2075 0.2075 0.1995 0.1995 0.1945 0.1945 0.1945 0.2035 0.2035 0.2 0.2 0.1905 0.1905 0.1905 0.201 0.201 0.1975 0.1975 0.196 0.196 0.196 0.203 0.203 0.201 0.201 0.206 0.206 0.2135 0.2135 0.2135 0.2045 0.2045 0.2105 0.2105 0.2135 0.2135 0.2135 0.22 0.22 0.1995 0.1995 0.199 0.199 0.199 0.2035 0.2035 0.189 0.189 0.2055 0.2055 0.2055 0.2055 0.2055 0.253 0.253
0.1545 0.157 0.157 0.16 0.16 0.16 0.143 0.143 0.1535 0.1535 0.156 0.156 0.1925 0.1925 0.1925 0.195 0.195 0.1925 0.1925 0.1775 0.1775 0.1775 0.2075 0.2075 0.1995 0.1995 0.1945 0.1945 0.1945 0.2035 0.2035 0.2 0.2 0.1905 0.1905 0.1905 0.201 0.201 0.1975 0.1975 0.196 0.196 0.196 0.203 0.203 0.201 0.201 0.206 0.206 0.2135 0.2135 0.2135 0.2045 0.2045 0.2105 0.2105 0.2135 0.2135 0.2135 0.22 0.22 0.1995 0.1995 0.199 0.199 0.199 0.2035 0.2035 0.189 0.189 0.2055 0.2055 0.2055 0.2055 0.2055 0.253 0.253
0.1535 0.1685 0.1685 0.1715 0.1715 0.1715 0.1545 0.1545 0.158 0.158 0.1465 0.1465 0.1925 0.1925 0.1925 0.195 0.195 0.1915 0.1915 0.1945 0.1945 0.1945 0.188 0.188 0.1965 0.1965 0.203 0.203 0.203 0.2025 0.2025 0.208 0.208 0.2115 0.2115 0.2115 0.2165 0.2165 0.2115 0.2115 0.2165 0.2165 0.2165 0.2225 0.2225 0.2165 0.2165 0.2145 0.2145 0.2155 0.2155 0.2155 0.209 0.209 0.21 0.21 0.207 0.207 0.207 0.2135 0.2135 0.214 0.214 0.209 0.209 0.209 0.206 0.206 0.193 0.193 0.204 0.204 0.204 0.212 0.212 0.2265 0.2265
0.1535 0.1685 0.1685 0.1715 0.1715 0.1715 0.1545 0.1545 0.158 0.158 0.1465 0.1465 0.1925 0.1925 0.1925 0.195 0.195 0.1915 0.1915 0.1945 0.1945 0.1945 0.188 0.188 0.1965 0.1965 0.203 0.203 0.203 0.2025 0.2025 0.208 0.208 0.2115 0.2115 0.2115 0.2165 0.2165 0.2115 0.2115 0.2165 0.2165 0.2165 0.2225 0.2225 0.2165 0.2165 0.2145 0.2145 0.2155 0.2155 0.2155 0.209 0.209 0.21 0.21 0.207 0.207 0.207 0.2135 0.2135 0.214 0.214 0.209 0.209 0.209 0.206 0.206 0.193 0.193 0.204 0.204 0.204 0.212 0.212 0.2265 0.2265
0.144 0.1525 0.1525 0.1685 0.1685 0.1685 0.1395 0.1395 0.152 0.152 0.1605 0.1605 0.187 0.187 0.187 0.21 0.21 0.1995 0.1995 0.2115 0.2115 0.2115 0.199 0.199 0.1915 0.1915 0.2035 0.2035 0.2035 0.208 0.208 0.224 0.224 0.214 0.214 0.214 0.218 0.218 0.227 0.227 0.2395 0.2395 0.2395 0.218 0.218 0.2155 0.2155 0.2135 0.2135 0.219 0.219 0.219 0.2135 0.2135 0.2055 0.2055 0.211 0.211 0.211 0.206 0.206 0.2165 0.2165 0.222 0.222 0.222 0.2225 0.2225 0.204 0.204 0.216 0.216 0.216 0.214 0.214 0.222 0.222
0.144 0.1525 0.1525 0.1685 0.1685 0.1685 0.1395 0.1395 0.152 0.152 0.1605 0.1605 0.187 0.187 0.187 0.21 0.21 0.1995 0.1995 0.2115 0.2115 0.2115 0.199 0.199 0.1915 0.1915 0.2035 0.2035 0.2035 0.208 0.208 0.224 0.224 0.214 0.214 0.214 0.218 0.218 0.227 0.227 0.2395 0.2395 0.2395 0.218 0.218 0.2155 0.2155 0.2135 0.2135 0.219 0.219 0.219 0.2135 0.2135 0.2055 0.2055 0.211 0.211 0.211 0.206 0.206 0.2165 0.2165 0.222 0.222 0.222 0.2225 0.2225 0.204 0.204 0.216 0.216 0.216 0.214 0.214 0.222 0.222
0.1285 0.133 0.133 0.1575 0.1575 0.1575 0.1515 0.1515 0.151 0.151 0.1645 0.1645 0.1855 0.1855 0.1855 0.2015 0.2015 0.2175 0.2175 0.1885 0.1885 0.1885 0.182 0.182 0.168 0.168 0.1955 0.1955 0.1955 0.202 0.202 0.224 0.224 0.201 0.201 0.201 0.225 0.225 0.2245 0.2245 0.215 0.215 0.215 0.2155 0.2155 0.2115 0.2115 0.199 0.199 0.2105 0.2105 0.2105 0.2105 0.2105 0.2335 0.2335 0.2145 0.2145 0.2145 0.2285 0.2285 0.2345 0.2345 0.2345 0.2345 0.2345 0.2335 0.2335 0.2305 0.2305 0.231 0.231 0.231 0.219 0.219 0.2255 0.2255
0.1285 0.133 0.133 0.1575 0.1575 0.1575 0.1515 0.1515 0.151 0.151 0.1645 0.1645 0.1855 0.1855 0.1855 0.2015 0.2015 0.2175 0.2175 0.1885 0.1885 0.1885 0.182 0.182 0.168 0.168 0.1955 0.1955 0.1955 0.202 0.202 0.224 0.224 0.201 0.201 0.201 0.225 0.225 0.2245 0.2245 0.215 0.215 0.215 0.2155 0.2155 0.2115 0.2115 0.199 0.199 0.2105 0.2105 0.2105 0.2105 0.2105 0.2335 0.2335 0.2145 0.2145 0.2145 0.2285 0.2285 0.2345 0.2345 0.2345 0.2345 0.2345 0.2335 0.2335 0.2305 0.2305 0.231 0.231 0.231 0.219 0.219 0.2255 0.2255
0.12 0.14 0.14 0.1385 0.1385 0.1385 0.1445 0.1445 0.139 0.139 0.153 0.153 0.1945 0.1945 0.1945 0.2055 0.2055 0.208 0.208 0.199 0.199 0.199 0.1875 0.1875 0.1945 0.1945 0.229 0.229 0.229 0.2255 0.2255 0.226 0.226 0.22 0.22 0.22 0.229 0.229 0.222 0.222 0.2155 0.2155 0.2155 0.2085 0.2085 0.2025 0.2025 0.1985 0.1985 0.2015 0.2015 0.2015 0.228 0.228 0.241 0.241 0.241 0.241 0.241 0.2355 0.2355 0.241 0.241 0.241 0.241 0.241 0.2435 0.2435 0.2375 0.2375 0.2155 0.2155 0.2155 0.227 0.227 0.23 0.23
0.12 0.14 0.14 0.1385 0.1385 0.1385 0.1445 0.1445 0.139 0.139 0.153 0.153 0.1945 0.1945 0.1945 0.2055 0.2055 0.208 0.208 0.199 0.199 0.199 0.1875 0.1875 0.1945 0.1945 0.229 0.229 0.229 0.2255 0.2255 0.226 0.226 0.22 0.22 0.22 0.229 0.229 0.222 0.222 0.2155 0.2155 0.2155 0.2085 0.2085 0.2025 0.2025 0.1985 0.1985 0.2015 0.2015 0.2015 0.228 0.228 0.241 0.241 0.241 0.241 0.241 0.2355 0.2355 0.241 0.241 0.241 0.241 0.241 0.2435 0.2435 0.2375 0.2375 0.2155 0.2155 0.2155 0.227 0.227 0.23 0.23
0.12 0.14 0.14 0.1385 0.1385 0.1385 0.1445 0.1445 0.139 0.139 0.153 0.153 0.1945 0.1945 0.1945 0.2055 0.2055 0.208 0.208 0.199 0.199 0.199 0.1875 0.1875 0.1945 0.1945 0.229 0.229 0.229 0.2255 0.2255 0.226 0.226 0.22 0.22 0.22 0.229 0.229 0.222 0.222 0.2155 0.2155 0.2155 0.2085 0.2085 0.2025 0.2025 0.1985 0.1985 0.2015 0.2015 0.2015 0.228 0.228 0.241 0.241 0.241 0.241 0.241 0.2355 0.2355 0.241 0.241 0.241 0.241 0.241 0.2435 0.2435 0.2375 0.2375 0.2155 0.2155 0.2155 0.227 0.227 0.23 0.23
0.1285 0.1535 0.1535 0.1545 0.1545 0.1545 0.1525 0.1525 0.1375 0.1375 0.204 0.204 0.228 0.228 0.228 0.223 0.223 0.244 0.244 0.227 0.227 0.227 0.1975 0.1975 0.209 0.209 0.229 0.229 0.229 0.214 0.214 0.204 0.204 0.2135 0.2135 0.2135 0.2105 0.2105 0.214 0.214 0.2215 0.2215 0.2215 0.2205 0.2205 0.222 0.222 0.2395 0.2395 0.2415 0.2415 0.2415 0.241 0.241 0.2395 0.2395 0.241 0.241 0.241 0.2425 0.2425 0.2445 0.2445 0.2415 0.2415 0.2415 0.2395 0.2395 0.259 0.259 0.257 0.257 0.257 0.251 0.251 0.246 0.246
0.1285 0.1535 0.1535 0.1545 0.1545 0.1545 0.1525 0.1525 0.1375 0.1375 0.204 0.204 0.228 0.228 0.228 0.223 0.223 0.244 0.244 0.227 0.227 0.227 0.1975 0.1975 0.209 0.209 0.229 0.229 0.229 0.214 0.214 0.204 0.204 0.2135 0.2135 0.2135 0.2105 0.2105 0.214 0.214 0.2215 0.2215 0.2215 0.2205 0.2205 0.222 0.222 0.2395 0.2395 0.2415 0.2415 0.2415 0.241 0.241 0.2395 0.2395 0.241 0.241 0.241 0.2425 0.2425 0.2445 0.2445 0.2415 0.2415 0.2415 0.2395 0.2395 0.259 0.259 0.257 0.257 0.257 0.251 0.251 0.246 0.246
0.138 0.163 0.163 0.148 0.148 0.148 0.1515 0.1515 0.188 0.188 0.2335 0.2335 0.2255 0.2255 0.2255 0.231 0.231 0.244 0.244 0.262 0.262 0.262 0.232 0.232 0.237 0.237 0.206 0.206 0.206 0.215 0.215 0.208 0.208 0.217 0.217 0.217 0.226 0.226 0.225 0.225 0.229 0.229 0.229 0.2335 0.2335 0.243 0.243 0.2475 0.2475 0.2525 0.2525 0.2525 0.236 0.236 0.254 0.254 0.2535 0.2535 0.2535 0.244 0.244 0.239 0.239 0.2425 0.2425 0.2425 0.256 0.256 0.2595 0.2595 0.2525 0.2525 0.2525 0.261 0.261 0.251 0.251
0.138 0.163 0.163 0.148 0.148 0.148 0.1515 0.1515 0.188 0.188 0.2335 0.2335 0.2255 0.2255 0.2255 0.231 0.231 0.244 0.244 0.262 0.262 0.262 0.232 0.232 0.237 0.237 0.206 0.206 0.206 0.215 0.215 0.208 0.208 0.217 0.217 0.217 0.226 0.226 0.225 0.225 0.229 0.229 0.229 0.2335 0.2335 0.243 0.243 0.2475 0.2475 0.2525 0.2525 0.2525 0.236 0.236 0.254 0.254 0.2535 0.2535 0.2535 0.244 0.244 0.239 0.239 0.2425 0.2425 0.2425 0.256 0.256 0.2595 0.2595 0.2525 0.2525 0.2525 0.261 0.261 0.251 0.251
0.166 0.181 0.181 0.178 0.178 0.178 0.156 0.156 0.187 0.187 0.235 0.235 0.243 0.243 0.243 0.2335 0.2335 0.2485 0.2485 0.2495 0.2495 0.2495 0.248 0.248 0.2275 0.2275 0.232 0.232 0.232 0.2125 0.2125 0.214 0.214 0.22 0.22 0.22 0.2205 0.2205 0.2185 0.2185 0.234 0.234 0.234 0.2495 0.2495 0.254 0.254 0.2585 0.2585 0.247 0.247 0.247 0.2445 0.2445 0.2455 0.2455 0.2355 0.2355 0.2355 0.2365 0.2365 0.2335 0.2335 0.2505 0.2505 0.2505 0.255 0.255 0.254 0.254 0.263 0.263 0.263 0.263 0.263 0.2535 0.2535
0.166 0.181 0.181 0.178 0.178 0.178 0.156 0.156 0.187 0.187 0.235 0.235 0.243 0.243 0.243 0.2335 0.2335 0.2485 0.2485 0.2495 0.2495 0.2495 0.248 0.248 0.2275 0.2275 0.232 0.232 0.232 0.2125 0.2125 0.214 0.214 0.22 0.22 0.22 0.2205 0.2205 0.2185 0.2185 0.234 0.234 0.234 0.2495 0.2495 0.254 0.254 0.2585 0.2585 0.247 0.247 0.247 0.2445 0.2445 0.2455 0.2455 0.2355 0.2355 0.2355 0.2365 0.2365 0.2335 0.2335 0.2505 0.2505 0.2505 0.255 0.255 0.254 0.254 0.263 0.263 0.263 0.263 0.263 0.2535 0.2535
0.166 0.181 0.181 0.178 0.178 0.178 0.156 0.156 0.187 0.187 0.235 0.235 0.243 0.243 0.243 0.2335 0.2335 0.2485 0.2485 0.2495 0.2495 0.2495 0.248 0.248 0.2275 0.2275 0.232 0.232 0.232 0.2125 0.2125 0.214 0.214 0.22 0.22 0.22 0.2205 0.2205 0.2185 0.2185 0.234 0.234 0.234 0.2495 0.2495 0.254 0.254 0.2585 0.2585 0.247 0.247 0.247 0.2445 0.2445 0.2455 0.2455 0.2355 0.2355 0.2355 0.2365 0.2365 0.2335 0.2335 0.2505 0.2505 0.2505 0.255 0.255 0.254 0.254 0.263 0.263 0.263 0.263 0.263 0.2535 0.2535
0.2085 0.1745 0.1745 0.176 0.176 0.176 0.1975 0.1975 0.21 0.21 0.2505 0.2505 0.256 0.256 0.256 0.2615 0.2615 0.247 0.247 0.246 0.246 0.246 0.233 0.233 0.225 0.225 0.2375 0.2375 0.2375 0.2125 0.2125 0.2155 0.2155 0.2275 0.2275 0.2275 0.249 0.249 0.251 0.251 0.2505 0.2505 0.2505 0.242 0.242 0.2465 0.2465 0.2585 0.2585 0.2445 0.2445 0.2445 0.2485 0.2485 0.2365 0.2365 0.245 0.245 0.245 0.2315 0.2315 0.235 0.235 0.2385 0.2385 0.2385 0.2495 0.2495 0.255 0.255 0.2625 0.2625 0.2625 0.2605 0.2605 0.285 0.285
0.2085 0.1745 0.1745 0.176 0.176 0.176 0.1975 0.1975 0.21 0.21 0.2505 0.2505 0.256 0.256 0.256 0.2615 0.2615 0.247 0.247 0.246 0.246 0.246 0.233 0.233 0.225 0.225 0.2375 0.2375 0.2375 0.2125 0.2125 0.2155 0.2155 0.2275 0.2275 0.2275 0.249 0.249 0.251 0.251 0.2505 0.2505 0.2505 0.242 0.242 0.2465 0.2465 0.2585 0.2585 0.2445 0.2445 0.2445 0.2485 0.2485 0.2365 0.2365 0.245 0.245 0.245 0.2315 0.2315 0.235 0.235 0.2385 0.2385 0.2385 0.2495 0.2495 0.255 0.255 0.2625 0.2625 0.2625 0.2605 0.2605 0.285 0.285
0.2245 0.1785 0.1785 0.161 0.161 0.161 0.1815 0.1815 0.207 0.207 0.2455 0.2455 0.261 0.261 0.261 0.266 0.266 0.252 0.252 0.243 0.243 0.243 0.2475 0.2475 0.25 0.25 0.215 0.215 0.215 0.213 0.213 0.2205 0.2205 0.224 0.224 0.224 0.2575 0.2575 0.253 0.253 0.244 0.244 0.244 0.263 0.263 0.2525 0.2525 0.255 0.255 0.2465 0.2465 0.2465 0.243 0.243 0.239 0.239 0.2425 0.2425 0.2425 0.2435 0.2435 0.238 0.238 0.259 0.259 0.259 0.264 0.264 0.2595 0.2595 0.264 0.264 0.264 0.281 0.281 0.2695 0.2695
0.2245 0.1785 0.1785 0.161 0.161 0.161 0.1815 0.1815 0.207 0.207 0.2455 0.2455 0.261 0.261 0.261 0.266 0.266 0.252 0.252 0.243 0.243 0.243 0.2475 0.2475 0.25 0.25 0.215 0.215 0.215 0.213 0.213 0.2205 0.2205 0.224 0.224 0.224 0.2575 0.2575 0.253 0.253 0.244 0.244 0.244 0.263 0.263 0.2525 0.2525 0.255 0.255 0.2465 0.2465 0.2465 0.243 0.243 0.239 0.239 0.2425 0.2425 0.2425 0.2435 0.2435 0.238 0.238 0.259 0.259 0.259 0.264 0.264 0.2595 0.2595 0.264 0.264 0.264 0.281 0.281 0.2695 0.2695
0.192 0.191 0.191 0.1935 0.1935 0.1935 0.2145 0.2145 0.227 0.227 0.234 0.234 0.2455 0.2455 0.2455 0.245 0.245 0.2375 0.2375 0.233 0.233 0.233 0.2325 0.2325 0.22 0.22 0.224 0.224 0.224 0.231 0.231 0.247 0.247 0.262 0.262 0.262 0.2545 0.2545 0.262 0.262 0.2835 0.2835 0.2835 0.283 0.283 0.27 0.27 0.2745 0.2745 0.2585 0.2585 0.2585 0.2545 0.2545 0.2405 0.2405 0.2515 0.2515 0.2515 0.259 0.259 0.247 0.247 0.2565 0.2565 0.2565 0.258 0.258 0.2665 0.2665 0.274 0.274 0.274 0.279 0.279 0.299 0.299
0.192 0.191 0.191 0.1935 0.1935 0.1935 0.2145 0.2145 0.227 0.227 0.234 0.234 0.2455 0.2455 0.2455 0.245 0.245 0.2375 0.2375 0.233 0.233 0.233 0.2325 0.2325 0.22 0.22 0.224 0.224 0.224 0.231 0.231 0.247 0.247 0.262 0.262 0.262 0.2545 0.2545 0.262 0.262 0.2835 0.2835 0.2835 0.283 0.283 0.27 0.27 0.2745 0.2745 0.2585 0.2585 0.2585 0.2545 0.2545 0.2405 0.2405 0.2515 0.2515 0.2515 0.259 0.259 0.247 0.247 0.2565 0.2565 0.2565 0.258 0.258 0.2665 0.2665 0.274 0.274 0.274 0.279 0.279 0.299 0.299
0.192 0.191 0.191 0.1935 0.1935 0.1935 0.2145 0.2145 0.227 0.227 0.234 0.234 0.2455 0.2455 0.2455 0.245 0.245 0.2375 0.2375 0.233 0.233 0.233 0.2325 0.2325 0.22 0.22 0.224 0.224 0.224 0.231 0.231 0.247 0.247 0.262 0.262 0.262 0.2545 0.2545 0.262 0.262 0.2835 0.2835 0.2835 0.283 0.283 0.27 0.27 0.2745 0.2745 0.2585 0.2585 0.2585 0.2545 0.2545 0.2405 0.2405 0.2515 0.2515 0.2515 0.259 0.259 0.247 0.247 0.2565 0.2565 0.2565 0.258 0.258 0.2665 0.2665 0.274 0.274 0.274 0.279 0.279 0.299 0.299
0.218 0.1965 0.1965 0.227 0.227 0.227 0.221 0.221 0.2295 0.2295 0.2145 0.2145 0.219 0.219 0.219 0.212 0.212 0.23 0.23 0.266 0.266 0.266 0.2225 0.2225 0.222 0.222 0.2155 0.2155 0.2155 0.248 0.248 0.2575 0.2575 0.2695 0.2695 0.2695 0.2505 0.2505 0.2455 0.2455 0.2565 0.2565 0.2565 0.2795 0.2795 0.284 0.284 0.2685 0.2685 0.26 0.26 0.26 0.2775 0.2775 0.233 0.233 0.246 0.246 0.246 0.2665 0.2665 0.258 0.258 0.2665 0.2665 0.2665 0.252 0.252 0.253 0.253 0.271 0.271 0.271 0.2805 0.2805 0.306 0.306
0.218 0.1965 0.1965 0.227 0.227 0.227 0.221 0.221 0.2295 0.2295 0.2145 0.2145 0.219 0.219 0.219 0.212 0.212 0.23 0.23 0.266 0.266 0.266 0.2225 0.2225 0.222 0.222 0.2155 0.2155 0.2155 0.248 0.248 0.2575 0.2575 0.2695 0.2695 0.2695 0.2505 0.2505 0.2455 0.2455 0.2565 0.2565 0.2565 0.2795 0.2795 0.284 0.284 0.2685 0.2685 0.26 0.26 0.26 0.2775 0.2775 0.233 0.233 0.246 0.246 0.246 0.2665 0.2665 0.258 0.258 0.2665 0.2665 0.2665 0.252 0.252 0.253 0.253 0.271 0.271 0.271 0.2805 0.2805 0.306 0.306
0.23 0.231 0.231 0.228 0.228 0.228 0.2125 0.2125 0.232 0.232 0.2205 0.2205 0.219 0.219 0.219 0.208 0.208 0.2775 0.2775 0.252 0.252 0.252 0.241 0.241 0.2305 0.2305 0.2505 0.2505 0.2505 0.2335 0.2335 0.244 0.244 0.269 0.269 0.269 0.256 0.256 0.251 0.251 0.256 0.256 0.256 0.26 0.26 0.2685 0.2685 0.267 0.267 0.2665 0.2665 0.2665 0.246 0.246 0.2415 0.2415 0.2235 0.2235 0.2235 0.2225 0.2225 0.239 0.239 0.25 0.25 0.25 0.245 0.245 0.255 0.255 0.2435 0.2435 0.2435 0.266 0.266 0.31 0.31
0.23 0.231 0.231 0.228 0.228 0.228 0.2125 0.2125 0.232 0.232 0.2205 0.2205 0.219 0.219 0.219 0.208 0.208 0.2775 0.2775 0.252 0.252 0.252 0.241 0.241 0.2305 0.2305 0.2505 0.2505 0.2505 0.2335 0.2335 0.244 0.244 0.269 0.269 0.269 0.256 0.256 0.251 0.251 0.256 0.256 0.256 0.26 0.26 0.2685 0.2685 0.267 0.267 0.2665 0.2665 0.2665 0.246 0.246 0.2415 0.2415 0.2235 0.2235 0.2235 0.2225 0.2225 0.239 0.239 0.25 0.25 0.25 0.245 0.245 0.255 0.255 0.2435 0.2435 0.2435 0.266 0.266 0.31 0.31
0.2375 0.2185 0.2185 0.2655 0.2655 0.2655 0.207 0.207 0.252 0.252 0.254 0.254 0.254 0.254 0.254 0.2485 0.2485 0.272 0.272 0.258 0.258 0.258 0.2305 0.2305 0.252 0.252 0.252 0.252 0.252 0.2325 0.2325 0.2485 0.2485 0.235 0.235 0.235 0.252 0.252 0.26 0.26 0.249 0.249 0.249 0.2515 0.2515 0.25 0.25 0.2635 0.2635 0.248 0.248 0.248 0.2325 0.2325 0.2365 0.2365 0.2245 0.2245 0.2245 0.237 0.237 0.2215 0.2215 0.2485 0.2485 0.2485 0.236 0.236 0.2305 0.2305 0.234 0.234 0.234 0.2605 0.2605 0.263 0.263
0.2375 0.2185 0.2185 0.2655 0.2655 0.2655 0.207 0.207 0.252 0.252 0.254 0.254 0.254 0.254 0.254 0.2485 0.2485 0.272 0.272 0.258 0.258 0.258 0.2305 0.2305 0.252 0.252 0.252 0.252 0.252 0.2325 0.2325 0.2485 0.2485 0.235 0.235 0.235 0.252 0.252 0.26 0.26 0.249 0.249 0.249 0.2515 0.2515 0.25 0.25 0.2635 0.2635 0.248 0.248 0.248 0.2325 0.2325 0.2365 0.2365 0.2245 0.2245 0.2245 0.237 0.237 0.2215 0.2215 0.2485 0.2485 0.2485 0.236 0.236 0.2305 0.2305 0.234 0.234 0.234 0.2605 0.2605 0.263 0.263
0.24 0.2405 0.2405 0.244 0.244 0.244 0.2255 0.2255 0.238 0.238 0.2725 0.2725 0.258 0.258 0.258 0.254 0.254 0.266 0.266 0.24 0.24 0.24 0.23 0.23 0.2285 0.2285 0.241 0.241 0.241 0.256 0.256 0.256 0.256 0.243 0.243 0.243 0.2465 0.2465 0.2525 0.2525 0.247 0.247 0.247 0.2475 0.2475 0.278 0.278 0.292 0.292 0.2985 0.2985 0.2985 0.2625 0.2625 0.237 0.237 0.24 0.24 0.24 0.2415 0.2415 0.2495 0.2495 0.252 0.252 0.252 0.267 0.267 0.261 0.261 0.239 0.239 0.239 0.2595 0.2595 0.251 0.251
0.24 0.2405 0.2405 0.244 0.244 0.244 0.2255 0.2255 0.238 0.238 0.2725 0.2725 0.258 0.258 0.258 0.254 0.254 0.266 0.266 0.24 0.24 0.24 0.23 0.23 0.2285 0.2285 0.241 0.241 0.241 0.256 0.256 0.256 0.256 0.243 0.243 0.243 0.2465 0.2465 0.2525 0.2525 0.247 0.247 0.247 0.2475 0.2475 0.278 0.278 0.292 0.292 0.2985 0.2985 0.2985 0.2625 0.2625 0.237 0.237 0.24 0.24 0.24 0.2415 0.2415 0.2495 0.2495 0.252 0.252 0.252 0.267 0.267 0.261 0.261 0.239 0.239 0.239 0.2595 0.2595 0.251 0.251
