ndvi/NOAA-4.asc
ncols         252
nrows         154
xllcorner     -18.017974
yllcorner     13.481982
cellsize      0.035948
NODATA_value  -9999
[rows 70 to 104 of 154, columns 0 to 76 of 252]
-1 -1 -1 -1 -1 -1 -1 -1 -1 -1 -1 -1 -1 -1 -1 -1 -1 -1 -1 -1 -1 -1 -1 -1 -1 -1 -1 -1 -1 -1 -1 -1 -1 -1 -1 -1 -1 -1 -1 0.2155 0.2155 0.2155 0.278 0.278 0.37 0.37 0.235 0.235 0.235 0.304 0.304 0.274 0.274 0.2355 0.2355 0.197 0.197 0.197 0.347 0.347 0.35 0.35 0.35 0.35 0.35 0.269 0.269 0.183 0.183 0.169 0.169 0.169 0.177 0.177 0.178 0.178 0.19
-1 -1 -1 -1 -1 -1 -1 -1 -1 -1 -1 -1 -1 -1 -1 -1 -1 -1 -1 -1 -1 -1 -1 -1 -1 -1 -1 -1 -1 -1 -1 -1 -1 -1 -1 -1 -1 0.0731 0.0731 0.1645 0.1645 0.1645 0.2875 0.2875 0.2875 0.2875 0.249 0.249 0.249 0.2435 0.2435 0.214 0.214 0.208 0.208 0.184 0.184 0.184 0.232 0.232 0.2885 0.2885 0.2885 0.2885 0.2885 0.219 0.219 0.225 0.225 0.204 0.204 0.204 0.2055 0.2055 0.213 0.213 0.212
-1 -1 -1 -1 -1 -1 -1 -1 -1 -1 -1 -1 -1 -1 -1 -1 -1 -1 -1 -1 -1 -1 -1 -1 -1 -1 -1 -1 -1 -1 -1 -1 -1 -1 -1 -1 -1 0.0731 0.0731 0.1645 0.1645 0.1645 0.2875 0.2875 0.2875 0.2875 0.249 0.249 0.249 0.2435 0.2435 0.214 0.214 0.208 0.208 0.184 0.184 0.184 0.232 0.232 0.2885 0.2885 0.2885 0.2885 0.2885 0.219 0.219 0.225 0.225 0.204 0.204 0.204 0.2055 0.2055 0.213 0.213 0.212
-1 -1 -1 -1 -1 -1 -1 -1 -1 -1 -1 -1 -1 -1 -1 -1 -1 -1 -1 -1 -1 -1 -1 -1 -1 -1 -1 -1 -1 -1 -1 -1 -1 -1 -1 -1 -1 0.0731 0.0731 0.1645 0.1645 0.1645 0.2875 0.2875 0.2875 0.2875 0.249 0.249 0.249 0.2435 0.2435 0.214 0.214 0.208 0.208 0.184 0.184 0.184 0.232 0.232 0.2885 0.2885 0.2885 0.2885 0.2885 0.219 0.219 0.225 0.225 0.204 0.204 0.204 0.2055 0.2055 0.213 0.213 0.212
-1 -1 -1 -1 -1 -1 -1 -1 -1 -1 -1 -1 -1 -1 -1 -1 -1 -1 -1 -1 -1 -1 -1 -1 -1 -1 -1 -1 -1 -1 -1 -1 -1 -1 -1 -1 -1 0.0261 0.0261 0.1545 0.1545 0.1545 0.264 0.264 0.2755 0.2755 0.2255 0.2255 0.2255 0.2045 0.2045 0.2105 0.2105 0.192 0.192 0.215 0.215 0.215 0.2165 0.2165 0.2255 0.2255 0.2255 0.2255 0.2255 0.223 0.223 0.2265 0.2265 0.217 0.217 0.217 0.2155 0.2155 0.219 0.219 0.222
-1 -1 -1 -1 -1 -1 -1 -1 -1 -1 -1 -1 -1 -1 -1 -1 -1 -1 -1 -1 -1 -1 -1 -1 -1 -1 -1 -1 -1 -1 -1 -1 -1 -1 -1 -1 -1 0.0261 0.0261 0.1545 0.1545 0.1545 0.264 0.264 0.2755 0.2755 0.2255 0.2255 0.2255 0.2045 0.2045 0.2105 0.2105 0.192 0.192 0.215 0.215 0.215 0.2165 0.2165 0.2255 0.2255 0.2255 0.2255 0.2255 0.223 0.223 0.2265 0.2265 0.217 0.217 0.217 0.2155 0.2155 0.219 0.219 0.222
-1 -1 -1 -1 -1 -1 -1 -1 -1 -1 -1 -1 -1 -1 -1 -1 -1 -1 -1 -1 -1 -1 -1 -1 -1 -1 -1 -1 -1 -1 -1 -1 -1 -1 -1 -1 -1 0.0066 0.0066 0.1565 0.1565 0.1565 0.255 0.255 0.257 0.257 0.237 0.237 0.237 0.217 0.217 0.2105 0.2105 0.2145 0.2145 0.218 0.218 0.218 0.2255 0.2255 0.224 0.224 0.224 0.224 0.224 0.22 0.22 0.22 0.22 0.2085 0.2085 0.2085 0.208 0.208 0.211 0.211 0.213
-1 -1 -1 -1 -1 -1 -1 -1 -1 -1 -1 -1 -1 -1 -1 -1 -1 -1 -1 -1 -1 -1 -1 -1 -1 -1 -1 -1 -1 -1 -1 -1 -1 -1 -1 -1 -1 0.0066 0.0066 0.1565 0.1565 0.1565 0.255 0.255 0.257 0.257 0.237 0.237 0.237 0.217 0.217 0.2105 0.2105 0.2145 0.2145 0.218 0.218 0.218 0.2255 0.2255 0.224 0.224 0.224 0.224 0.224 0.22 0.22 0.22 0.22 0.2085 0.2085 0.2085 0.208 0.208 0.211 0.211 0.213
-1 -1 -1 -1 -1 -1 -1 -1 -1 -1 -1 -1 -1 -1 -1 -1 -1 -1 -1 -1 -1 -1 -1 -1 -1 -1 -1 -1 -1 -1 -1 -1 -1 -1 -1 -1 -1 0.0162 0.0162 0.2035 0.2035 0.2035 0.2275 0.2275 0.24 0.24 0.2165 0.2165 0.2165 0.218 0.218 0.2165 0.2165 0.2215 0.2215 0.2275 0.2275 0.2275 0.2065 0.2065 0.22 0.22 0.22 0.22 0.22 0.2265 0.2265 0.2205 0.2205 0.217 0.217 0.217 0.2205 0.2205 0.21 0.21 0.206
-1 -1 -1 -1 -1 -1 -1 -1 -1 -1 -1 -1 -1 -1 -1 -1 -1 -1 -1 -1 -1 -1 -1 -1 -1 -1 -1 -1 -1 -1 -1 -1 -1 -1 -1 -1 -1 0.0162 0.0162 0.2035 0.2035 0.2035 0.2275 0.2275 0.24 0.24 0.2165 0.2165 0.2165 0.218 0.218 0.2165 0.2165 0.2215 0.2215 0.2275 0.2275 0.2275 0.2065 0.2065 0.22 0.22 0.22 0.22 0.22 0.2265 0.2265 0.2205 0.2205 0.217 0.217 0.217 0.2205 0.2205 0.21 0.21 0.206
-1 -1 -1 -1 -1 -1 -1 -1 -1 -1 -1 -1 -1 -1 -1 -1 -1 -1 -1 -1 -1 -1 -1 -1 -1 -1 -1 -1 -1 -1 -1 -1 -1 -1 -1 -1 -1 0.0527 0.0527 0.1965 0.1965 0.1965 0.2375 0.2375 0.22 0.22 0.2125 0.2125 0.2125 0.212 0.212 0.217 0.217 0.23 0.23 0.223 0.223 0.223 0.204 0.204 0.215 0.215 0.215 0.215 0.215 0.2125 0.2125 0.219 0.219 0.2205 0.2205 0.2205 0.2165 0.2165 0.212 0.212 0.209
-1 -1 -1 -1 -1 -1 -1 -1 -1 -1 -1 -1 -1 -1 -1 -1 -1 -1 -1 -1 -1 -1 -1 -1 -1 -1 -1 -1 -1 -1 -1 -1 -1 -1 -1 -1 -1 0.0527 0.0527 0.1965 0.1965 0.1965 0.2375 0.2375 0.22 0.22 0.2125 0.2125 0.2125 0.212 0.212 0.217 0.217 0.23 0.23 0.223 0.223 0.223 0.204 0.204 0.215 0.215 0.215 0.215 0.215 0.2125 0.2125 0.219 0.219 0.2205 0.2205 0.2205 0.2165 0.2165 0.212 0.212 0.209
-1 -1 -1 -1 -1 -1 -1 -1 -1 -1 -1 -1 -1 -1 -1 -1 -1 -1 -1 -1 -1 -1 -1 -1 -1 -1 -1 -1 -1 -1 -1 -1 -1 -1 -1 -1 -1 0.0527 0.0527 0.1965 0.1965 0.1965 0.2375 0.2375 0.22 0.22 0.2125 0.2125 0.2125 0.212 0.212 0.217 0.217 0.23 0.23 0.223 0.223 0.223 0.204 0.204 0.215 0.215 0.215 0.215 0.215 0.2125 0.2125 0.219 0.219 0.2205 0.2205 0.2205 0.2165 0.2165 0.212 0.212 0.209
-1 -1 -1 -1 -1 -1 -1 -1 -1 -1 -1 -1 -1 -1 -1 -1 -1 -1 -1 -1 -1 -1 -1 -1 -1 -1 -1 -1 -1 -1 -1 -1 -1 -1 -1 -1 -1 0.0616 0.0616 0.1935 0.1935 0.1935 0.231 0.231 0.212 0.212 0.202 0.202 0.202 0.211 0.211 0.203 0.203 0.2065 0.2065 0.212 0.212 0.212 0.219 0.219 0.2185 0.2185 0.2185 0.2185 0.2185 0.223 0.223 0.2185 0.2185 0.1965 0.1965 0.1965 0.2125 0.2125 0.2085 0.2085 0.205
-1 -1 -1 -1 -1 -1 -1 -1 -1 -1 -1 -1 -1 -1 -1 -1 -1 -1 -1 -1 -1 -1 -1 -1 -1 -1 -1 -1 -1 -1 -1 -1 -1 -1 -1 -1 -1 0.0616 0.0616 0.1935 0.1935 0.1935 0.231 0.231 0.212 0.212 0.202 0.202 0.202 0.211 0.211 0.203 0.203 0.2065 0.2065 0.212 0.212 0.212 0.219 0.219 0.2185 0.2185 0.2185 0.2185 0.2185 0.223 0.223 0.2185 0.2185 0.1965 0.1965 0.1965 0.2125 0.2125 0.2085 0.2085 0.205
-1 -1 -1 -1 -1 -1 -1 -1 -1 -1 -1 -1 -1 -1 -1 -1 -1 -1 -1 -1 -1 -1 -1 -1 -1 -1 -1 -1 -1 -1 -1 -1 -1 -1 -1 -1 -1 0.072 0.072 0.2425 0.2425 0.2425 0.237 0.237 0.2015 0.2015 0.202 0.202 0.202 0.212 0.212 0.214 0.214 0.2195 0.2195 0.229 0.229 0.229 0.212 0.212 0.216 0.216 0.216 0.216 0.216 0.2135 0.2135 0.211 0.211 0.1955 0.1955 0.1955 0.2145 0.2145 0.1975 0.1975 0.1935
-1 -1 -1 -1 -1 -1 -1 -1 -1 -1 -1 -1 -1 -1 -1 -1 -1 -1 -1 -1 -1 -1 -1 -1 -1 -1 -1 -1 -1 -1 -1 -1 -1 -1 -1 -1 -1 0.072 0.072 0.2425 0.2425 0.2425 0.237 0.237 0.2015 0.2015 0.202 0.202 0.202 0.212 0.212 0.214 0.214 0.2195 0.2195 0.229 0.229 0.229 0.212 0.212 0.216 0.216 0.216 0.216 0.216 0.2135 0.2135 0.211 0.211 0.1955 0.1955 0.1955 0.2145 0.2145 0.1975 0.1975 0.1935
-1 -1 -1 -1 -1 -1 -1 -1 -1 -1 -1 -1 -1 -1 -1 -1 -1 -1 -1 -1 -1 -1 -1 -1 -1 -1 -1 -1 -1 -1 -1 -1 -1 -1 -1 0.0257 0.0257 0.2445 0.2445 0.2385 0.2385 0.2385 0.222 0.222 0.206 0.206 0.205 0.205 0.205 0.205 0.205 0.2185 0.2185 0.2165 0.2165 0.2265 0.2265 0.2265 0.233 0.233 0.2235 0.2235 0.2235 0.2235 0.2235 0.2195 0.2195 0.2135 0.2135 0.1855 0.1855 0.1855 0.2085 0.2085 0.1985 0.1985 0.1955
-1 -1 -1 -1 -1 -1 -1 -1 -1 -1 -1 -1 -1 -1 -1 -1 -1 -1 -1 -1 -1 -1 -1 -1 -1 -1 -1 -1 -1 -1 -1 -1 -1 -1 -1 0.0257 0.0257 0.2445 0.2445 0.2385 0.2385 0.2385 0.222 0.222 0.206 0.206 0.205 0.205 0.205 0.205 0.205 0.2185 0.2185 0.2165 0.2165 0.2265 0.2265 0.2265 0.233 0.233 0.2235 0.2235 0.2235 0.2235 0.2235 0.2195 0.2195 0.2135 0.2135 0.1855 0.1855 0.1855 0.2085 0.2085 0.1985 0.1985 0.1955
-1 -1 -1 -1 -1 -1 -1 -1 -1 -1 -1 -1 -1 -1 -1 -1 -1 -1 -1 -1 -1 -1 -1 -1 -1 -1 -1 -1 -1 -1 -1 -1 -1 -1 -1 0.0257 0.0257 0.2445 0.2445 0.2385 0.2385 0.2385 0.222 0.222 0.206 0.206 0.205 0.205 0.205 0.205 0.205 0.2185 0.2185 0.2165 0.2165 0.2265 0.2265 0.2265 0.233 0.233 0.2235 0.2235 0.2235 0.2235 0.2235 0.2195 0.2195 0.2135 0.2135 0.1855 0.1855 0.1855 0.2085 0.2085 0.1985 0.1985 0.1955
-1 -1 -1 -1 -1 -1 -1 -1 -1 -1 -1 -1 -1 -1 -1 -1 -1 -1 -1 -1 -1 -1 -1 -1 -1 -1 -1 -1 -1 -1 -1 -1 -1 -1 -1 0.0765 0.0765 0.2205 0.2205 0.2075 0.2075 0.2075 0.205 0.205 0.1905 0.1905 0.213 0.213 0.213 0.223 0.223 0.226 0.226 0.2345 0.2345 0.2225 0.2225 0.2225 0.2085 0.2085 0.205 0.205 0.205 0.205 0.205 0.219 0.219 0.2155 0.2155 0.229 0.229 0.229 0.2235 0.2235 0.2175 0.2175 0.198
-1 -1 -1 -1 -1 -1 -1 -1 -1 -1 -1 -1 -1 -1 -1 -1 -1 -1 -1 -1 -1 -1 -1 -1 -1 -1 -1 -1 -1 -1 -1 -1 -1 -1 -1 0.0765 0.0765 0.2205 0.2205 0.2075 0.2075 0.2075 0.205 0.205 0.1905 0.1905 0.213 0.213 0.213 0.223 0.223 0.226 0.226 0.2345 0.2345 0.2225 0.2225 0.2225 0.2085 0.2085 0.205 0.205 0.205 0.205 0.205 0.219 0.219 0.2155 0.2155 0.229 0.229 0.229 0.2235 0.2235 0.2175 0.2175 0.198
-1 -1 -1 -1 -1 -1 -1 -1 -1 -1 -1 -1 -1 -1 -1 -1 -1 -1 -1 -1 -1 -1 -1 -1 -1 -1 -1 -1 -1 -1 -1 -1 0.0466 0.0466 0.0466 0.2065 0.2065 0.215 0.215 0.2015 0.2015 0.2015 0.1865 0.1865 0.191 0.191 0.221 0.221 0.221 0.2175 0.2175 0.2205 0.2205 0.2215 0.2215 0.23 0.23 0.23 0.2285 0.2285 0.2235 0.2235 0.2235 0.2235 0.2235 0.2385 0.2385 0.2445 0.2445 0.234 0.234 0.234 0.215 0.215 0.2115 0.2115 0.2265
-1 -1 -1 -1 -1 -1 -1 -1 -1 -1 -1 -1 -1 -1 -1 -1 -1 -1 -1 -1 -1 -1 -1 -1 -1 -1 -1 -1 -1 -1 -1 -1 0.0466 0.0466 0.0466 0.2065 0.2065 0.215 0.215 0.2015 0.2015 0.2015 0.1865 0.1865 0.191 0.191 0.221 0.221 0.221 0.2175 0.2175 0.2205 0.2205 0.2215 0.2215 0.23 0.23 0.23 0.2285 0.2285 0.2235 0.2235 0.2235 0.2235 0.2235 0.2385 0.2385 0.2445 0.2445 0.234 0.234 0.234 0.215 0.215 0.2115 0.2115 0.2265
-1 -1 -1 -1 -1 -1 -1 -1 -1 -1 -1 -1 -1 -1 -1 -1 -1 -1 -1 -1 -1 -1 -1 -1 -1 -1 -1 -1 -1 -1 0.0217 0.0217 0.2225 0.2225 0.2225 0.218 0.218 0.2065 0.2065 0.1915 0.1915 0.1915 0.192 0.192 0.205 0.205 0.222 0.222 0.222 0.214 0.214 0.2165 0.2165 0.235 0.235 0.239 0.239 0.239 0.242 0.242 0.2465 0.2465 0.2465 0.2465 0.2465 0.252 0.252 0.237 0.237 0.231 0.231 0.231 0.229 0.229 0.2105 0.2105 0.2115
-1 -1 -1 -1 -1 -1 -1 -1 -1 -1 -1 -1 -1 -1 -1 -1 -1 -1 -1 -1 -1 -1 -1 -1 -1 -1 -1 -1 -1 -1 0.0217 0.0217 0.2225 0.2225 0.2225 0.218 0.218 0.2065 0.2065 0.1915 0.1915 0.1915 0.192 0.192 0.205 0.205 0.222 0.222 0.222 0.214 0.214 0.2165 0.2165 0.235 0.235 0.239 0.239 0.239 0.242 0.242 0.2465 0.2465 0.2465 0.2465 0.2465 0.252 0.252 0.237 0.237 0.231 0.231 0.231 0.229 0.229 0.2105 0.2105 0.2115
-1 -1 -1 -1 -1 -1 -1 -1 -1 -1 -1 -1 -1 -1 -1 -1 -1 -1 -1 -1 -1 -1 -1 -1 -1 -1 -1 -1 -1 -1 0.0217 0.0217 0.2225 0.2225 0.2225 0.218 0.218 0.2065 0.2065 0.1915 0.1915 0.1915 0.192 0.192 0.205 0.205 0.222 0.222 0.222 0.214 0.214 0.2165 0.2165 0.235 0.235 0.239 0.239 0.239 0.242 0.242 0.2465 0.2465 0.2465 0.2465 0.2465 0.252 0.252 0.237 0.237 0.231 0.231 0.231 0.229 0.229 0.2105 0.2105 0.2115
-1 -1 -1 -1 -1 -1 -1 -1 -1 -1 -1 -1 -1 -1 -1 -1 -1 -1 -1 -1 -1 -1 -1 -1 -1 -1 -1 -1 -1 -1 0.0985 0.0985 0.224 0.224 0.224 0.226 0.226 0.2085 0.2085 0.204 0.204 0.204 0.1975 0.1975 0.207 0.207 0.218 0.218 0.218 0.212 0.212 0.214 0.214 0.222 0.222 0.2305 0.2305 0.2305 0.2355 0.2355 0.242 0.242 0.242 0.242 0.242 0.2405 0.2405 0.2325 0.2325 0.226 0.226 0.226 0.219 0.219 0.212 0.212 0.2065
-1 -1 -1 -1 -1 -1 -1 -1 -1 -1 -1 -1 -1 -1 -1 -1 -1 -1 -1 -1 -1 -1 -1 -1 -1 -1 -1 -1 -1 -1 0.0985 0.0985 0.224 0.224 0.224 0.226 0.226 0.2085 0.2085 0.204 0.204 0.204 0.1975 0.1975 0.207 0.207 0.218 0.218 0.218 0.212 0.212 0.214 0.214 0.222 0.222 0.2305 0.2305 0.2305 0.2355 0.2355 0.242 0.242 0.242 0.242 0.242 0.2405 0.2405 0.2325 0.2325 0.226 0.226 0.226 0.219 0.219 0.212 0.212 0.2065
-1 -1 -1 -1 -1 -1 -1 -1 -1 -1 -1 -1 -1 -1 -1 -1 -1 -1 -1 -1 -1 -1 -1 -1 -1 -1 -1 -1 0.009099999 0.009099999 0.2375 0.2375 0.252 0.252 0.252 0.2375 0.2375 0.215 0.215 0.198 0.198 0.198 0.199 0.199 0.216 0.216 0.209 0.209 0.209 0.2135 0.2135 0.22 0.22 0.235 0.235 0.2415 0.2415 0.2415 0.2425 0.2425 0.252 0.252 0.252 0.252 0.252 0.248 0.248 0.2085 0.2085 0.217 0.217 0.217 0.193 0.193 0.1835 0.1835 0.2115
-1 -1 -1 -1 -1 -1 -1 -1 -1 -1 -1 -1 -1 -1 -1 -1 -1 -1 -1 -1 -1 -1 -1 -1 -1 -1 -1 -1 0.009099999 0.009099999 0.2375 0.2375 0.252 0.252 0.252 0.2375 0.2375 0.215 0.215 0.198 0.198 0.198 0.199 0.199 0.216 0.216 0.209 0.209 0.209 0.2135 0.2135 0.22 0.22 0.235 0.235 0.2415 0.2415 0.2415 0.2425 0.2425 0.252 0.252 0.252 0.252 0.252 0.248 0.248 0.2085 0.2085 0.217 0.217 0.217 0.193 0.193 0.1835 0.1835 0.2115
-1 -1 -1 -1 -1 -1 -1 -1 -1 -1 -1 -1 -1 -1 -1 -1 -1 -1 -1 -1 -1 -1 -1 -1 -1 0.0527 0.0527 0.0527 0.111 0.111 0.2655 0.2655 0.2425 0.2425 0.2425 0.2125 0.2125 0.187 0.187 0.202 0.202 0.202 0.201 0.201 0.2105 0.2105 0.213 0.213 0.213 0.2225 0.2225 0.2335 0.2335 0.241 0.241 0.2475 0.2475 0.2475 0.2355 0.2355 0.236 0.236 0.236 0.236 0.236 0.2345 0.2345 0.24 0.24 0.2085 0.2085 0.2085 0.1895 0.1895 0.1915 0.1915 0.189
-1 -1 -1 -1 -1 -1 -1 -1 -1 -1 -1 -1 -1 -1 -1 -1 -1 -1 -1 -1 -1 -1 -1 -1 -1 0.0527 0.0527 0.0527 0.111 0.111 0.2655 0.2655 0.2425 0.2425 0.2425 0.2125 0.2125 0.187 0.187 0.202 0.202 0.202 0.201 0.201 0.2105 0.2105 0.213 0.213 0.213 0.2225 0.2225 0.2335 0.2335 0.241 0.241 0.2475 0.2475 0.2475 0.2355 0.2355 0.236 0.236 0.236 0.236 0.236 0.2345 0.2345 0.24 0.24 0.2085 0.2085 0.2085 0.1895 0.1895 0.1915 0.1915 0.189
-1 -1 -1 -1 -1 -1 -1 -1 -1 -1 -1 -1 -1 -1 -1 -1 -1 -1 -1 -1 -1 -1 -1 -0.0128 -0.0128 0.166 0.166 0.166 0.2745 0.2745 0.2365 0.2365 0.2045 0.2045 0.2045 0.2045 0.2045 0.227 0.227 0.2315 0.2315 0.2315 0.224 0.224 0.23 0.23 0.2315 0.2315 0.2315 0.2275 0.2275 0.2345 0.2345 0.2365 0.2365 0.2375 0.2375 0.2375 0.2435 0.2435 0.2315 0.2315 0.2315 0.2315 0.2315 0.225 0.225 0.2225 0.2225 0.2195 0.2195 0.2195 0.1975 0.1975 0.202 0.202 0.2125
-1 -1 -1 -1 -1 -1 -1 -1 -1 -1 -1 -1 -1 -1 -1 -1 -1 -1 -1 -1 -1 -1 -1 -0.0128 -0.0128 0.166 0.166 0.166 0.2745 0.2745 0.2365 0.2365 0.2045 0.2045 0.2045 0.2045 0.2045 0.227 0.227 0.2315 0.2315 0.2315 0.224 0.224 0.23 0.23 0.2315 0.2315 0.2315 0.2275 0.2275 0.2345 0.2345 0.2365 0.2365 0.2375 0.2375 0.2375 0.2435 0.2435 0.2315 0.2315 0.2315 0.2315 0.2315 0.225 0.225 0.2225 0.2225 0.2195 0.2195 0.2195 0.1975 0.1975 0.202 0.202 0.2125
