ndvi/NOAA-28.asc
ncols         252
nrows         154
xllcorner     -18.017974
yllcorner     13.481982
cellsize      0.035948
NODATA_value  -9999
[rows 105 to 139 of 154, columns 0 to 76 of 252]
-1 -1 -1 -1 -1 -1 -1 -1 -1 -1 -1 -1 -1 -1 -1 -1 -1 -1 -1 -1 -1 -1 -1 0.0031 0.0031 0.115 0.115 0.115 0.2685 0.2685 0.2515 0.2515 0.2275 0.2275 0.2275 0.219 0.219 0.235 0.235 0.2395 0.2395 0.2395 0.2265 0.2265 0.232 0.232 0.2315 0.2315 0.2315 0.228 0.228 0.2285 0.2285 0.235 0.235 0.2415 0.2415 0.2415 0.2485 0.2485 0.243 0.243 0.243 0.243 0.243 0.232 0.232 0.238 0.238 0.2305 0.2305 0.2305 0.2265 0.2265 0.224 0.224 0.2355
-1 -1 -1 -1 -1 -1 -1 -1 -1 -1 -1 -1 -1 -1 -1 -1 -1 -1 -1 -1 -1 0.0255 0.0255 0.105 0.105 0.265 0.265 0.265 0.254 0.254 0.2475 0.2475 0.2355 0.2355 0.2355 0.2335 0.2335 0.24 0.24 0.246 0.246 0.246 0.2345 0.2345 0.234 0.234 0.231 0.231 0.231 0.2305 0.2305 0.233 0.233 0.2305 0.2305 0.236 0.236 0.236 0.2395 0.2395 0.239 0.239 0.239 0.239 0.239 0.244 0.244 0.2425 0.2425 0.237 0.237 0.237 0.236 0.236 0.223 0.223 0.2185
-1 -1 -1 -1 -1 -1 -1 -1 -1 -1 -1 -1 -1 -1 -1 -1 -1 -1 -1 -1 -1 0.0255 0.0255 0.105 0.105 0.265 0.265 0.265 0.254 0.254 0.2475 0.2475 0.2355 0.2355 0.2355 0.2335 0.2335 0.24 0.24 0.246 0.246 0.246 0.2345 0.2345 0.234 0.234 0.231 0.231 0.231 0.2305 0.2305 0.233 0.233 0.2305 0.2305 0.236 0.236 0.236 0.2395 0.2395 0.239 0.239 0.239 0.239 0.239 0.244 0.244 0.2425 0.2425 0.237 0.237 0.237 0.236 0.236 0.223 0.223 0.2185
-1 -1 -1 -1 -1 -1 -1 -1 -1 -1 -1 -1 -1 -1 -1 -1 -1 -1 -1 -1 -1 0.056 0.056 0.2695 0.2695 0.2555 0.2555 0.2555 0.261 0.261 0.246 0.246 0.2405 0.2405 0.2405 0.2445 0.2445 0.2415 0.2415 0.24 0.24 0.24 0.242 0.242 0.2455 0.2455 0.2535 0.2535 0.2535 0.244 0.244 0.2455 0.2455 0.229 0.229 0.2275 0.2275 0.2275 0.2325 0.2325 0.2455 0.2455 0.2455 0.2455 0.2455 0.2455 0.2455 0.2475 0.2475 0.2425 0.2425 0.2425 0.239 0.239 0.2375 0.2375 0.2275
-1 -1 -1 -1 -1 -1 -1 -1 -1 -1 -1 -1 -1 -1 -1 -1 -1 -1 -1 -1 -1 0.056 0.056 0.2695 0.2695 0.2555 0.2555 0.2555 0.261 0.261 0.246 0.246 0.2405 0.2405 0.2405 0.2445 0.2445 0.2415 0.2415 0.24 0.24 0.24 0.242 0.242 0.2455 0.2455 0.2535 0.2535 0.2535 0.244 0.244 0.2455 0.2455 0.229 0.229 0.2275 0.2275 0.2275 0.2325 0.2325 0.2455 0.2455 0.2455 0.2455 0.2455 0.2455 0.2455 0.2475 0.2475 0.2425 0.2425 0.2425 0.239 0.239 0.2375 0.2375 0.2275
-1 -1 -1 -1 -1 -1 -1 -1 -1 -1 -1 -1 -1 -1 -1 -1 -1 -1 0.0755 0.0755 0.0755 0.259 0.259 0.2695 0.2695 0.2715 0.2715 0.2715 0.2585 0.2585 0.259 0.259 0.2405 0.2405 0.2405 0.2485 0.2485 0.24 0.24 0.248 0.248 0.248 0.258 0.258 0.2445 0.2445 0.2485 0.2485 0.2485 0.252 0.252 0.254 0.254 0.2365 0.2365 0.2305 0.2305 0.2305 0.239 0.239 0.237 0.237 0.237 0.237 0.237 0.234 0.234 0.237 0.237 0.247 0.247 0.247 0.2445 0.2445 0.2325 0.2325 0.247
-1 -1 -1 -1 -1 -1 -1 -1 -1 -1 -1 -1 -1 -1 -1 -1 -1 -1 0.0755 0.0755 0.0755 0.259 0.259 0.2695 0.2695 0.2715 0.2715 0.2715 0.2585 0.2585 0.259 0.259 0.2405 0.2405 0.2405 0.2485 0.2485 0.24 0.24 0.248 0.248 0.248 0.258 0.258 0.2445 0.2445 0.2485 0.2485 0.2485 0.252 0.252 0.254 0.254 0.2365 0.2365 0.2305 0.2305 0.2305 0.239 0.239 0.237 0.237 0.237 0.237 0.237 0.234 0.234 0.237 0.237 0.247 0.247 0.247 0.2445 0.2445 0.2325 0.2325 0.247
-1 -1 -1 -1 -1 -1 -1 -1 -1 -1 -1 -1 -1 -1 -1 -1 -1 -1 0.0755 0.0755 0.0755 0.259 0.259 0.2695 0.2695 0.2715 0.2715 0.2715 0.2585 0.2585 0.259 0.259 0.2405 0.2405 0.2405 0.2485 0.2485 0.24 0.24 0.248 0.248 0.248 0.258 0.258 0.2445 0.2445 0.2485 0.2485 0.2485 0.252 0.252 0.254 0.254 0.2365 0.2365 0.2305 0.2305 0.2305 0.239 0.239 0.237 0.237 0.237 0.237 0.237 0.234 0.234 0.237 0.237 0.247 0.247 0.247 0.2445 0.2445 0.2325 0.2325 0.247
-1 -1 -1 -1 -1 -1 -1 -1 -1 -1 -1 -1 -1 -1 -1 -1 0.1607 0.1607 0.2575 0.2575 0.2575 0.29 0.29 0.2695 0.2695 0.2715 0.2715 0.2715 0.27 0.27 0.2715 0.2715 0.257 0.257 0.257 0.257 0.257 0.2495 0.2495 0.2495 0.2495 0.2495 0.2435 0.2435 0.2355 0.2355 0.2345 0.2345 0.2345 0.2395 0.2395 0.236 0.236 0.2435 0.2435 0.2405 0.2405 0.2405 0.2465 0.2465 0.2425 0.2425 0.2425 0.2425 0.2425 0.2345 0.2345 0.231 0.231 0.2385 0.2385 0.2385 0.253 0.253 0.2455 0.2455 0.24
-1 -1 -1 -1 -1 -1 -1 -1 -1 -1 -1 -1 -1 -1 -1 -1 0.1607 0.1607 0.2575 0.2575 0.2575 0.29 0.29 0.2695 0.2695 0.2715 0.2715 0.2715 0.27 0.27 0.2715 0.2715 0.257 0.257 0.257 0.257 0.257 0.2495 0.2495 0.2495 0.2495 0.2495 0.2435 0.2435 0.2355 0.2355 0.2345 0.2345 0.2345 0.2395 0.2395 0.236 0.236 0.2435 0.2435 0.2405 0.2405 0.2405 0.2465 0.2465 0.2425 0.2425 0.2425 0.2425 0.2425 0.2345 0.2345 0.231 0.231 0.2385 0.2385 0.2385 0.253 0.253 0.2455 0.2455 0.24
-1 -1 -1 -1 -1 -1 -1 -1 -1 -1 -1 -1 0.1367 0.1367 0.1455 0.1455 0.153 0.153 0.2825 0.2825 0.2825 0.2725 0.2725 0.283 0.283 0.2755 0.2755 0.2755 0.28 0.28 0.29 0.29 0.2585 0.2585 0.2585 0.262 0.262 0.254 0.254 0.2505 0.2505 0.2505 0.251 0.251 0.244 0.244 0.235 0.235 0.235 0.2245 0.2245 0.2295 0.2295 0.242 0.242 0.239 0.239 0.239 0.2375 0.2375 0.2415 0.2415 0.2415 0.2415 0.2415 0.2345 0.2345 0.23 0.23 0.223 0.223 0.223 0.2415 0.2415 0.2415 0.2415 0.247
-1 -1 -1 -1 -1 -1 -1 -1 -1 -1 -1 -1 0.1367 0.1367 0.1455 0.1455 0.153 0.153 0.2825 0.2825 0.2825 0.2725 0.2725 0.283 0.283 0.2755 0.2755 0.2755 0.28 0.28 0.29 0.29 0.2585 0.2585 0.2585 0.262 0.262 0.254 0.254 0.2505 0.2505 0.2505 0.251 0.251 0.244 0.244 0.235 0.235 0.235 0.2245 0.2245 0.2295 0.2295 0.242 0.242 0.239 0.239 0.239 0.2375 0.2375 0.2415 0.2415 0.2415 0.2415 0.2415 0.2345 0.2345 0.23 0.23 0.223 0.223 0.223 0.2415 0.2415 0.2415 0.2415 0.247
-1 -1 -1 -1 -1 -1 -1 -1 -1 0.161 0.161 0.161 0.1435 0.1435 0.1595 0.1595 0.133 0.133 0.0495 0.0495 0.0495 0.2565 0.2565 0.271 0.271 0.269 0.269 0.269 0.2825 0.2825 0.2975 0.2975 0.268 0.268 0.268 0.263 0.263 0.2595 0.2595 0.2395 0.2395 0.2395 0.243 0.243 0.2355 0.2355 0.229 0.229 0.229 0.2285 0.2285 0.2305 0.2305 0.229 0.229 0.2275 0.2275 0.2275 0.235 0.235 0.241 0.241 0.241 0.241 0.241 0.2315 0.2315 0.241 0.241 0.2365 0.2365 0.2365 0.2385 0.2385 0.2405 0.2405 0.232
-1 -1 -1 -1 -1 -1 -1 -1 -1 0.161 0.161 0.161 0.1435 0.1435 0.1595 0.1595 0.133 0.133 0.0495 0.0495 0.0495 0.2565 0.2565 0.271 0.271 0.269 0.269 0.269 0.2825 0.2825 0.2975 0.2975 0.268 0.268 0.268 0.263 0.263 0.2595 0.2595 0.2395 0.2395 0.2395 0.243 0.243 0.2355 0.2355 0.229 0.229 0.229 0.2285 0.2285 0.2305 0.2305 0.229 0.229 0.2275 0.2275 0.2275 0.235 0.235 0.241 0.241 0.241 0.241 0.241 0.2315 0.2315 0.241 0.241 0.2365 0.2365 0.2365 0.2385 0.2385 0.2405 0.2405 0.232
-1 -1 -1 -1 -1 -1 -1 -1 -1 0.161 0.161 0.161 0.1435 0.1435 0.1595 0.1595 0.133 0.133 0.0495 0.0495 0.0495 0.2565 0.2565 0.271 0.271 0.269 0.269 0.269 0.2825 0.2825 0.2975 0.2975 0.268 0.268 0.268 0.263 0.263 0.2595 0.2595 0.2395 0.2395 0.2395 0.243 0.243 0.2355 0.2355 0.229 0.229 0.229 0.2285 0.2285 0.2305 0.2305 0.229 0.229 0.2275 0.2275 0.2275 0.235 0.235 0.241 0.241 0.241 0.241 0.241 0.2315 0.2315 0.241 0.241 0.2365 0.2365 0.2365 0.2385 0.2385 0.2405 0.2405 0.232
-1 -1 -1 -1 -1 -1 -1 -1 -1 -1 -1 -1 0.1335 0.1335 0.327 0.327 0.1861 0.1861 0.1631 0.1631 0.1631 0.2225 0.2225 0.2565 0.2565 0.283 0.283 0.283 0.2885 0.2885 0.287 0.287 0.2615 0.2615 0.2615 0.2505 0.2505 0.252 0.252 0.241 0.241 0.241 0.2425 0.2425 0.242 0.242 0.248 0.248 0.248 0.2325 0.2325 0.2275 0.2275 0.234 0.234 0.233 0.233 0.233 0.2355 0.2355 0.2275 0.2275 0.2275 0.2275 0.2275 0.2215 0.2215 0.219 0.219 0.2415 0.2415 0.2415 0.26 0.26 0.237 0.237 0.246
-1 -1 -1 -1 -1 -1 -1 -1 -1 -1 -1 -1 0.1335 0.1335 0.327 0.327 0.1861 0.1861 0.1631 0.1631 0.1631 0.2225 0.2225 0.2565 0.2565 0.283 0.283 0.283 0.2885 0.2885 0.287 0.287 0.2615 0.2615 0.2615 0.2505 0.2505 0.252 0.252 0.241 0.241 0.241 0.2425 0.2425 0.242 0.242 0.248 0.248 0.248 0.2325 0.2325 0.2275 0.2275 0.234 0.234 0.233 0.233 0.233 0.2355 0.2355 0.2275 0.2275 0.2275 0.2275 0.2275 0.2215 0.2215 0.219 0.219 0.2415 0.2415 0.2415 0.26 0.26 0.237 0.237 0.246
-1 -1 -1 -1 -1 -1 -1 -1 -1 -1 -1 -1 -1 -1 -1 -1 -1 -1 0.2236 0.2236 0.2236 0.159 0.159 0.2435 0.2435 0.2755 0.2755 0.2755 0.2905 0.2905 0.2795 0.2795 0.258 0.258 0.258 0.254 0.254 0.247 0.247 0.242 0.242 0.242 0.2405 0.2405 0.246 0.246 0.2505 0.2505 0.2505 0.242 0.242 0.255 0.255 0.2425 0.2425 0.2365 0.2365 0.2365 0.2385 0.2385 0.2265 0.2265 0.2265 0.2265 0.2265 0.223 0.223 0.2205 0.2205 0.248 0.248 0.248 0.2575 0.2575 0.247 0.247 0.241
-1 -1 -1 -1 -1 -1 -1 -1 -1 -1 -1 -1 -1 -1 -1 -1 -1 -1 0.2236 0.2236 0.2236 0.159 0.159 0.2435 0.2435 0.2755 0.2755 0.2755 0.2905 0.2905 0.2795 0.2795 0.258 0.258 0.258 0.254 0.254 0.247 0.247 0.242 0.242 0.242 0.2405 0.2405 0.246 0.246 0.2505 0.2505 0.2505 0.242 0.242 0.255 0.255 0.2425 0.2425 0.2365 0.2365 0.2365 0.2385 0.2385 0.2265 0.2265 0.2265 0.2265 0.2265 0.223 0.223 0.2205 0.2205 0.248 0.248 0.248 0.2575 0.2575 0.247 0.247 0.241
-1 -1 -1 -1 -1 -1 -1 -1 -1 -1 -1 -1 -1 -1 -1 -1 -1 -1 -1 -1 -1 0.1901 0.1901 0.116 0.116 0.2685 0.2685 0.2685 0.276 0.276 0.2745 0.2745 0.2625 0.2625 0.2625 0.2465 0.2465 0.249 0.249 0.228 0.228 0.228 0.2375 0.2375 0.2395 0.2395 0.256 0.256 0.256 0.2485 0.2485 0.2565 0.2565 0.2615 0.2615 0.257 0.257 0.257 0.2515 0.2515 0.2375 0.2375 0.2375 0.2375 0.2375 0.221 0.221 0.23 0.23 0.228 0.228 0.228 0.229 0.229 0.237 0.237 0.2455
-1 -1 -1 -1 -1 -1 -1 -1 -1 -1 -1 -1 -1 -1 -1 -1 -1 -1 -1 -1 -1 0.1901 0.1901 0.116 0.116 0.2685 0.2685 0.2685 0.276 0.276 0.2745 0.2745 0.2625 0.2625 0.2625 0.2465 0.2465 0.249 0.249 0.228 0.228 0.228 0.2375 0.2375 0.2395 0.2395 0.256 0.256 0.256 0.2485 0.2485 0.2565 0.2565 0.2615 0.2615 0.257 0.257 0.257 0.2515 0.2515 0.2375 0.2375 0.2375 0.2375 0.2375 0.221 0.221 0.23 0.23 0.228 0.228 0.228 0.229 0.229 0.237 0.237 0.2455
-1 -1 -1 -1 -1 -1 -1 -1 -1 -1 -1 -1 -1 -1 -1 -1 -1 -1 -1 -1 -1 0.571 0.571 0.1291 0.1291 0.196 0.196 0.196 0.262 0.262 0.275 0.275 0.268 0.268 0.268 0.273 0.273 0.2435 0.2435 0.203 0.203 0.203 0.1995 0.1995 0.2155 0.2155 0.236 0.236 0.236 0.2405 0.2405 0.258 0.258 0.263 0.263 0.2585 0.2585 0.2585 0.2585 0.2585 0.2375 0.2375 0.2375 0.2375 0.2375 0.236 0.236 0.2425 0.2425 0.2545 0.2545 0.2545 0.2435 0.2435 0.2475 0.2475 0.246
-1 -1 -1 -1 -1 -1 -1 -1 -1 -1 -1 -1 -1 -1 -1 -1 -1 -1 -1 -1 -1 0.571 0.571 0.1291 0.1291 0.196 0.196 0.196 0.262 0.262 0.275 0.275 0.268 0.268 0.268 0.273 0.273 0.2435 0.2435 0.203 0.203 0.203 0.1995 0.1995 0.2155 0.2155 0.236 0.236 0.236 0.2405 0.2405 0.258 0.258 0.263 0.263 0.2585 0.2585 0.2585 0.2585 0.2585 0.2375 0.2375 0.2375 0.2375 0.2375 0.236 0.236 0.2425 0.2425 0.2545 0.2545 0.2545 0.2435 0.2435 0.2475 0.2475 0.246
-1 -1 -1 -1 -1 -1 -1 -1 -1 -1 -1 -1 -1 -1 -1 -1 -1 -1 -1 -1 -1 0.571 0.571 0.1291 0.1291 0.196 0.196 0.196 0.262 0.262 0.275 0.275 0.268 0.268 0.268 0.273 0.273 0.2435 0.2435 0.203 0.203 0.203 0.1995 0.1995 0.2155 0.2155 0.236 0.236 0.236 0.2405 0.2405 0.258 0.258 0.263 0.263 0.2585 0.2585 0.2585 0.2585 0.2585 0.2375 0.2375 0.2375 0.2375 0.2375 0.236 0.236 0.2425 0.2425 0.2545 0.2545 0.2545 0.2435 0.2435 0.2475 0.2475 0.246
-1 -1 -1 -1 -1 -1 -1 -1 -1 -1 -1 -1 -1 -1 -1 -1 -1 -1 -1 -1 -1 -1 -1 0.1732 0.1732 0.0645 0.0645 0.0645 0.27 0.27 0.2845 0.2845 0.2665 0.2665 0.2665 0.2695 0.2695 0.2035 0.2035 0.1555 0.1555 0.1555 0.197 0.197 0.2215 0.2215 0.2265 0.2265 0.2265 0.2455 0.2455 0.268 0.268 0.267 0.267 0.261 0.261 0.261 0.256 0.256 0.2435 0.2435 0.2435 0.2435 0.2435 0.2405 0.2405 0.256 0.256 0.2545 0.2545 0.2545 0.2435 0.2435 0.249 0.249 0.243
-1 -1 -1 -1 -1 -1 -1 -1 -1 -1 -1 -1 -1 -1 -1 -1 -1 -1 -1 -1 -1 -1 -1 0.1732 0.1732 0.0645 0.0645 0.0645 0.27 0.27 0.2845 0.2845 0.2665 0.2665 0.2665 0.2695 0.2695 0.2035 0.2035 0.1555 0.1555 0.1555 0.197 0.197 0.2215 0.2215 0.2265 0.2265 0.2265 0.2455 0.2455 0.268 0.268 0.267 0.267 0.261 0.261 0.261 0.256 0.256 0.2435 0.2435 0.2435 0.2435 0.2435 0.2405 0.2405 0.256 0.256 0.2545 0.2545 0.2545 0.2435 0.2435 0.249 0.249 0.243
-1 -1 -1 -1 -1 -1 -1 -1 -1 -1 -1 -1 -1 -1 -1 -1 -1 -1 -1 -1 -1 -1 -1 -1 -1 0.0685 0.0685 0.0685 0.155 0.155 0.2665 0.2665 0.28 0.28 0.28 0.2175 0.2175 0.1735 0.1735 0.16 0.16 0.16 0.2075 0.2075 0.1955 0.1955 0.267 0.267 0.267 0.23 0.23 0.256 0.256 0.2635 0.2635 0.2405 0.2405 0.2405 0.239 0.239 0.245 0.245 0.245 0.245 0.245 0.228 0.228 0.255 0.255 0.2425 0.2425 0.2425 0.2545 0.2545 0.257 0.257 0.26
-1 -1 -1 -1 -1 -1 -1 -1 -1 -1 -1 -1 -1 -1 -1 -1 -1 -1 -1 -1 -1 -1 -1 -1 -1 0.0685 0.0685 0.0685 0.155 0.155 0.2665 0.2665 0.28 0.28 0.28 0.2175 0.2175 0.1735 0.1735 0.16 0.16 0.16 0.2075 0.2075 0.1955 0.1955 0.267 0.267 0.267 0.23 0.23 0.256 0.256 0.2635 0.2635 0.2405 0.2405 0.2405 0.239 0.239 0.245 0.245 0.245 0.245 0.245 0.228 0.228 0.255 0.255 0.2425 0.2425 0.2425 0.2545 0.2545 0.257 0.257 0.26
-1 -1 -1 -1 -1 -1 -1 -1 -1 -1 -1 -1 -1 -1 -1 -1 -1 -1 -1 -1 -1 -1 -1 -1 -1 0.1115 0.1115 0.1115 0.0845 0.0845 0.1985 0.1985 0.219 0.219 0.219 0.2745 0.2745 0.2 0.2 0.244 0.244 0.244 0.255 0.255 0.265 0.265 0.2435 0.2435 0.2435 0.1915 0.1915 0.248 0.248 0.247 0.247 0.2375 0.2375 0.2375 0.2385 0.2385 0.2425 0.2425 0.2425 0.2425 0.2425 0.249 0.249 0.2395 0.2395 0.233 0.233 0.233 0.233 0.233 0.236 0.236 0.24
-1 -1 -1 -1 -1 -1 -1 -1 -1 -1 -1 -1 -1 -1 -1 -1 -1 -1 -1 -1 -1 -1 -1 -1 -1 0.1115 0.1115 0.1115 0.0845 0.0845 0.1985 0.1985 0.219 0.219 0.219 0.2745 0.2745 0.2 0.2 0.244 0.244 0.244 0.255 0.255 0.265 0.265 0.2435 0.2435 0.2435 0.1915 0.1915 0.248 0.248 0.247 0.247 0.2375 0.2375 0.2375 0.2385 0.2385 0.2425 0.2425 0.2425 0.2425 0.2425 0.249 0.249 0.2395 0.2395 0.233 0.233 0.233 0.233 0.233 0.236 0.236 0.24
-1 -1 -1 -1 -1 -1 -1 -1 -1 -1 -1 -1 -1 -1 -1 -1 -1 -1 -1 -1 -1 -1 -1 -1 -1 0.1115 0.1115 0.1115 0.0845 0.0845 0.1985 0.1985 0.219 0.219 0.219 0.2745 0.2745 0.2 0.2 0.244 0.244 0.244 0.255 0.255 0.265 0.265 0.2435 0.2435 0.2435 0.1915 0.1915 0.248 0.248 0.247 0.247 0.2375 0.2375 0.2375 0.2385 0.2385 0.2425 0.2425 0.2425 0.2425 0.2425 0.249 0.249 0.2395 0.2395 0.233 0.233 0.233 0.233 0.233 0.236 0.236 0.24
-1 -1 -1 -1 -1 -1 -1 -1 -1 -1 -1 -1 -1 -1 -1 -1 -1 -1 -1 -1 -1 -1 -1 -1 -1 -1 -1 -1 0.0665 0.0665 0.197 0.197 0.247 0.247 0.247 0.307 0.307 0.3235 0.3235 0.282 0.282 0.282 0.2525 0.2525 0.2535 0.2535 0.253 0.253 0.253 0.252 0.252 0.2635 0.2635 0.275 0.275 0.261 0.261 0.261 0.2455 0.2455 0.2405 0.2405 0.2405 0.2405 0.2405 0.2475 0.2475 0.2455 0.2455 0.241 0.241 0.241 0.2395 0.2395 0.2395 0.2395 0.2295
-1 -1 -1 -1 -1 -1 -1 -1 -1 -1 -1 -1 -1 -1 -1 -1 -1 -1 -1 -1 -1 -1 -1 -1 -1 -1 -1 -1 0.0665 0.0665 0.197 0.197 0.247 0.247 0.247 0.307 0.307 0.3235 0.3235 0.282 0.282 0.282 0.2525 0.2525 0.2535 0.2535 0.253 0.253 0.253 0.252 0.252 0.2635 0.2635 0.275 0.275 0.261 0.261 0.261 0.2455 0.2455 0.2405 0.2405 0.2405 0.2405 0.2405 0.2475 0.2475 0.2455 0.2455 0.241 0.241 0.241 0.2395 0.2395 0.2395 0.2395 0.2295
-1 -1 -1 -1 -1 -1 -1 -1 -1 -1 -1 -1 -1 -1 -1 -1 -1 -1 -1 -1 -1 -1 -1 -1 -1 -1 -1 -1 0.0446 0.0446 0.3565 0.3565 0.4306 0.4306 0.4306 0.3971 0.3971 0.366 0.366 0.263 0.263 0.263 0.2805 0.2805 0.264 0.264 0.253 0.253 0.253 0.247 0.247 0.2445 0.2445 0.2455 0.2455 0.2545 0.2545 0.2545 0.234 0.234 0.252 0.252 0.252 0.252 0.252 0.239 0.239 0.242 0.242 0.241 0.241 0.241 0.2595 0.2595 0.2575 0.2575 0.2385
-1 -1 -1 -1 -1 -1 -1 -1 -1 -1 -1 -1 -1 -1 -1 -1 -1 -1 -1 -1 -1 -1 -1 -1 -1 -1 -1 -1 0.0446 0.0446 0.3565 0.3565 0.4306 0.4306 0.4306 0.3971 0.3971 0.366 0.366 0.263 0.263 0.263 0.2805 0.2805 0.264 0.264 0.253 0.253 0.253 0.247 0.247 0.2445 0.2445 0.2455 0.2455 0.2545 0.2545 0.2545 0.234 0.234 0.252 0.252 0.252 0.252 0.252 0.239 0.239 0.242 0.242 0.241 0.241 0.241 0.2595 0.2595 0.2575 0.2575 0.2385
