ndvi/NOAA-62.asc
ncols         252
nrows         154
xllcorner     -18.017974
yllcorner     13.481982
cellsize      0.035948
NODATA_value  -9999
[rows 68 to 101 of 154, columns 78 to 155 of 252]
0.2025 0.2255 0.2255 0.2125 0.2125 0.215 0.215 0.215 0.214 0.214 0.2265 0.2265 0.233 0.233 0.2365 0.2365 0.2365 0.252 0.252 0.251 0.251 0.2545 0.2545 0.2545 0.229 0.229 0.219 0.219 0.223 0.223 0.223 0.208 0.208 0.2055 0.2055 0.1915 0.1915 0.1915 0.1935 0.1935 0.19 0.19 0.169 0.169 0.169 0.1435 0.1435 0.183 0.183 0.175 0.175 0.1955 0.1955 0.1955 0.1985 0.1985 0.199 0.199 0.23 0.23 0.23 0.2245 0.2245 0.232 0.232 0.233 0.233 0.233 0.214 0.214 0.196 0.196 0.1765 0.1765 0.1765 0.1445 0.1445 0.1545
0.231 0.227 0.227 0.207 0.207 0.2075 0.2075 0.2075 0.2135 0.2135 0.2355 0.2355 0.2395 0.2395 0.2325 0.2325 0.2325 0.2455 0.2455 0.2545 0.2545 0.2385 0.2385 0.2385 0.2835 0.2835 0.229 0.229 0.216 0.216 0.216 0.197 0.197 0.1995 0.1995 0.2215 0.2215 0.2215 0.23 0.23 0.213 0.213 0.19 0.19 0.19 0.1655 0.1655 0.1705 0.1705 0.1825 0.1825 0.1945 0.1945 0.1945 0.196 0.196 0.211 0.211 0.2125 0.2125 0.2125 0.238 0.238 0.228 0.228 0.223 0.223 0.223 0.21 0.21 0.21 0.21 0.1845 0.1845 0.1845 0.141 0.141 0.1535
0.231 0.227 0.227 0.207 0.207 0.2075 0.2075 0.2075 0.2135 0.2135 0.2355 0.2355 0.2395 0.2395 0.2325 0.2325 0.2325 0.2455 0.2455 0.2545 0.2545 0.2385 0.2385 0.2385 0.2835 0.2835 0.229 0.229 0.216 0.216 0.216 0.197 0.197 0.1995 0.1995 0.2215 0.2215 0.2215 0.23 0.23 0.213 0.213 0.19 0.19 0.19 0.1655 0.1655 0.1705 0.1705 0.1825 0.1825 0.1945 0.1945 0.1945 0.196 0.196 0.211 0.211 0.2125 0.2125 0.2125 0.238 0.238 0.228 0.228 0.223 0.223 0.223 0.21 0.21 0.21 0.21 0.1845 0.1845 0.1845 0.141 0.141 0.1535
0.2265 0.224 0.224 0.2145 0.2145 0.2155 0.2155 0.2155 0.2175 0.2175 0.219 0.219 0.2285 0.2285 0.234 0.234 0.234 0.2395 0.2395 0.2255 0.2255 0.2455 0.2455 0.2455 0.2875 0.2875 0.259 0.259 0.234 0.234 0.234 0.223 0.223 0.214 0.214 0.2145 0.2145 0.2145 0.215 0.215 0.215 0.215 0.1875 0.1875 0.1875 0.1755 0.1755 0.177 0.177 0.1875 0.1875 0.2105 0.2105 0.2105 0.21 0.21 0.2315 0.2315 0.2235 0.2235 0.2235 0.217 0.217 0.23 0.23 0.204 0.204 0.204 0.2035 0.2035 0.2025 0.2025 0.196 0.196 0.196 0.1655 0.1655 0.1755
0.2265 0.224 0.224 0.2145 0.2145 0.2155 0.2155 0.2155 0.2175 0.2175 0.219 0.219 0.2285 0.2285 0.234 0.234 0.234 0.2395 0.2395 0.2255 0.2255 0.2455 0.2455 0.2455 0.2875 0.2875 0.259 0.259 0.234 0.234 0.234 0.223 0.223 0.214 0.214 0.2145 0.2145 0.2145 0.215 0.215 0.215 0.215 0.1875 0.1875 0.1875 0.1755 0.1755 0.177 0.177 0.1875 0.1875 0.2105 0.2105 0.2105 0.21 0.21 0.2315 0.2315 0.2235 0.2235 0.2235 0.217 0.217 0.23 0.23 0.204 0.204 0.204 0.2035 0.2035 0.2025 0.2025 0.196 0.196 0.196 0.1655 0.1655 0.1755
0.2265 0.224 0.224 0.2145 0.2145 0.2155 0.2155 0.2155 0.2175 0.2175 0.219 0.219 0.2285 0.2285 0.234 0.234 0.234 0.2395 0.2395 0.2255 0.2255 0.2455 0.2455 0.2455 0.2875 0.2875 0.259 0.259 0.234 0.234 0.234 0.223 0.223 0.214 0.214 0.2145 0.2145 0.2145 0.215 0.215 0.215 0.215 0.1875 0.1875 0.1875 0.1755 0.1755 0.177 0.177 0.1875 0.1875 0.2105 0.2105 0.2105 0.21 0.21 0.2315 0.2315 0.2235 0.2235 0.2235 0.217 0.217 0.23 0.23 0.204 0.204 0.204 0.2035 0.2035 0.2025 0.2025 0.196 0.196 0.196 0.1655 0.1655 0.1755
0.235 0.226 0.226 0.227 0.227 0.2235 0.2235 0.2235 0.224 0.224 0.241 0.241 0.227 0.227 0.2275 0.2275 0.2275 0.231 0.231 0.23 0.23 0.228 0.228 0.228 0.227 0.227 0.2345 0.2345 0.241 0.241 0.241 0.244 0.244 0.227 0.227 0.2165 0.2165 0.2165 0.214 0.214 0.197 0.197 0.176 0.176 0.176 0.181 0.181 0.231 0.231 0.2095 0.2095 0.224 0.224 0.224 0.2195 0.2195 0.221 0.221 0.2125 0.2125 0.2125 0.2205 0.2205 0.214 0.214 0.2135 0.2135 0.2135 0.215 0.215 0.207 0.207 0.168 0.168 0.168 0.179 0.179 0.1865
0.235 0.226 0.226 0.227 0.227 0.2235 0.2235 0.2235 0.224 0.224 0.241 0.241 0.227 0.227 0.2275 0.2275 0.2275 0.231 0.231 0.23 0.23 0.228 0.228 0.228 0.227 0.227 0.2345 0.2345 0.241 0.241 0.241 0.244 0.244 0.227 0.227 0.2165 0.2165 0.2165 0.214 0.214 0.197 0.197 0.176 0.176 0.176 0.181 0.181 0.231 0.231 0.2095 0.2095 0.224 0.224 0.224 0.2195 0.2195 0.221 0.221 0.2125 0.2125 0.2125 0.2205 0.2205 0.214 0.214 0.2135 0.2135 0.2135 0.215 0.215 0.207 0.207 0.168 0.168 0.168 0.179 0.179 0.1865
0.2225 0.2365 0.2365 0.237 0.237 0.221 0.221 0.221 0.23 0.23 0.224 0.224 0.2255 0.2255 0.2205 0.2205 0.2205 0.2185 0.2185 0.2135 0.2135 0.2195 0.2195 0.2195 0.222 0.222 0.225 0.225 0.236 0.236 0.236 0.2345 0.2345 0.2275 0.2275 0.2355 0.2355 0.2355 0.216 0.216 0.239 0.239 0.209 0.209 0.209 0.244 0.244 0.25 0.25 0.229 0.229 0.2465 0.2465 0.2465 0.2245 0.2245 0.2145 0.2145 0.208 0.208 0.208 0.208 0.208 0.2055 0.2055 0.2155 0.2155 0.2155 0.208 0.208 0.1845 0.1845 0.1255 0.1255 0.1255 0.1595 0.1595 0.18
0.2225 0.2365 0.2365 0.237 0.237 0.221 0.221 0.221 0.23 0.23 0.224 0.224 0.2255 0.2255 0.2205 0.2205 0.2205 0.2185 0.2185 0.2135 0.2135 0.2195 0.2195 0.2195 0.222 0.222 0.225 0.225 0.236 0.236 0.236 0.2345 0.2345 0.2275 0.2275 0.2355 0.2355 0.2355 0.216 0.216 0.239 0.239 0.209 0.209 0.209 0.244 0.244 0.25 0.25 0.229 0.229 0.2465 0.2465 0.2465 0.2245 0.2245 0.2145 0.2145 0.208 0.208 0.208 0.208 0.208 0.2055 0.2055 0.2155 0.2155 0.2155 0.208 0.208 0.1845 0.1845 0.1255 0.1255 0.1255 0.1595 0.1595 0.18
0.228 0.221 0.221 0.228 0.228 0.2245 0.2245 0.2245 0.2335 0.2335 0.231 0.231 0.221 0.221 0.215 0.215 0.215 0.206 0.206 0.214 0.214 0.2035 0.2035 0.2035 0.221 0.221 0.2095 0.2095 0.2105 0.2105 0.2105 0.227 0.227 0.233 0.233 0.218 0.218 0.218 0.23 0.23 0.229 0.229 0.2205 0.2205 0.2205 0.2355 0.2355 0.239 0.239 0.2175 0.2175 0.246 0.246 0.246 0.2095 0.2095 0.194 0.194 0.208 0.208 0.208 0.214 0.214 0.195 0.195 0.1855 0.1855 0.1855 0.1895 0.1895 0.206 0.206 0.153 0.153 0.153 0.146 0.146 0.154
0.228 0.221 0.221 0.228 0.228 0.2245 0.2245 0.2245 0.2335 0.2335 0.231 0.231 0.221 0.221 0.215 0.215 0.215 0.206 0.206 0.214 0.214 0.2035 0.2035 0.2035 0.221 0.221 0.2095 0.2095 0.2105 0.2105 0.2105 0.227 0.227 0.233 0.233 0.218 0.218 0.218 0.23 0.23 0.229 0.229 0.2205 0.2205 0.2205 0.2355 0.2355 0.239 0.239 0.2175 0.2175 0.246 0.246 0.246 0.2095 0.2095 0.194 0.194 0.208 0.208 0.208 0.214 0.214 0.195 0.195 0.1855 0.1855 0.1855 0.1895 0.1895 0.206 0.206 0.153 0.153 0.153 0.146 0.146 0.154
0.228 0.2185 0.2185 0.219 0.219 0.2215 0.2215 0.2215 0.228 0.228 0.2255 0.2255 0.2185 0.2185 0.2085 0.2085 0.2085 0.2005 0.2005 0.1805 0.1805 0.197 0.197 0.197 0.2085 0.2085 0.2055 0.2055 0.198 0.198 0.198 0.2145 0.2145 0.226 0.226 0.2335 0.2335 0.2335 0.231 0.231 0.2245 0.2245 0.24 0.24 0.24 0.245 0.245 0.2635 0.2635 0.238 0.238 0.207 0.207 0.207 0.2165 0.2165 0.2005 0.2005 0.207 0.207 0.207 0.2 0.2 0.1735 0.1735 0.166 0.166 0.166 0.156 0.156 0.173 0.173 0.1625 0.1625 0.1625 0.1415 0.1415 0.142
0.228 0.2185 0.2185 0.219 0.219 0.2215 0.2215 0.2215 0.228 0.228 0.2255 0.2255 0.2185 0.2185 0.2085 0.2085 0.2085 0.2005 0.2005 0.1805 0.1805 0.197 0.197 0.197 0.2085 0.2085 0.2055 0.2055 0.198 0.198 0.198 0.2145 0.2145 0.226 0.226 0.2335 0.2335 0.2335 0.231 0.231 0.2245 0.2245 0.24 0.24 0.24 0.245 0.245 0.2635 0.2635 0.238 0.238 0.207 0.207 0.207 0.2165 0.2165 0.2005 0.2005 0.207 0.207 0.207 0.2 0.2 0.1735 0.1735 0.166 0.166 0.166 0.156 0.156 0.173 0.173 0.1625 0.1625 0.1625 0.1415 0.1415 0.142
0.228 0.2185 0.2185 0.219 0.219 0.2215 0.2215 0.2215 0.228 0.228 0.2255 0.2255 0.2185 0.2185 0.2085 0.2085 0.2085 0.2005 0.2005 0.1805 0.1805 0.197 0.197 0.197 0.2085 0.2085 0.2055 0.2055 0.198 0.198 0.198 0.2145 0.2145 0.226 0.226 0.2335 0.2335 0.2335 0.231 0.231 0.2245 0.2245 0.24 0.24 0.24 0.245 0.245 0.2635 0.2635 0.238 0.238 0.207 0.207 0.207 0.2165 0.2165 0.2005 0.2005 0.207 0.207 0.207 0.2 0.2 0.1735 0.1735 0.166 0.166 0.166 0.156 0.156 0.173 0.173 0.1625 0.1625 0.1625 0.1415 0.1415 0.142
0.227 0.223 0.223 0.2205 0.2205 0.219 0.219 0.219 0.2265 0.2265 0.2305 0.2305 0.222 0.222 0.2085 0.2085 0.2085 0.186 0.186 0.1995 0.1995 0.22 0.22 0.22 0.2135 0.2135 0.206 0.206 0.2095 0.2095 0.2095 0.214 0.214 0.2085 0.2085 0.239 0.239 0.239 0.236 0.236 0.2245 0.2245 0.221 0.221 0.221 0.245 0.245 0.242 0.242 0.2195 0.2195 0.2205 0.2205 0.2205 0.23 0.23 0.2185 0.2185 0.214 0.214 0.214 0.2135 0.2135 0.201 0.201 0.183 0.183 0.183 0.188 0.188 0.176 0.176 0.1525 0.1525 0.1525 0.144 0.144 0.162
0.227 0.223 0.223 0.2205 0.2205 0.219 0.219 0.219 0.2265 0.2265 0.2305 0.2305 0.222 0.222 0.2085 0.2085 0.2085 0.186 0.186 0.1995 0.1995 0.22 0.22 0.22 0.2135 0.2135 0.206 0.206 0.2095 0.2095 0.2095 0.214 0.214 0.2085 0.2085 0.239 0.239 0.239 0.236 0.236 0.2245 0.2245 0.221 0.221 0.221 0.245 0.245 0.242 0.242 0.2195 0.2195 0.2205 0.2205 0.2205 0.23 0.23 0.2185 0.2185 0.214 0.214 0.214 0.2135 0.2135 0.201 0.201 0.183 0.183 0.183 0.188 0.188 0.176 0.176 0.1525 0.1525 0.1525 0.144 0.144 0.162
0.241 0.2345 0.2345 0.229 0.229 0.2385 0.2385 0.2385 0.2455 0.2455 0.242 0.242 0.2255 0.2255 0.218 0.218 0.218 0.2255 0.2255 0.2045 0.2045 0.224 0.224 0.224 0.208 0.208 0.211 0.211 0.216 0.216 0.216 0.2115 0.2115 0.2425 0.2425 0.23 0.23 0.23 0.221 0.221 0.2385 0.2385 0.2035 0.2035 0.2035 0.2105 0.2105 0.217 0.217 0.248 0.248 0.2455 0.2455 0.2455 0.2355 0.2355 0.229 0.229 0.2255 0.2255 0.2255 0.233 0.233 0.2175 0.2175 0.201 0.201 0.201 0.184 0.184 0.1875 0.1875 0.1755 0.1755 0.1755 0.163 0.163 0.171
0.241 0.2345 0.2345 0.229 0.229 0.2385 0.2385 0.2385 0.2455 0.2455 0.242 0.242 0.2255 0.2255 0.218 0.218 0.218 0.2255 0.2255 0.2045 0.2045 0.224 0.224 0.224 0.208 0.208 0.211 0.211 0.216 0.216 0.216 0.2115 0.2115 0.2425 0.2425 0.23 0.23 0.23 0.221 0.221 0.2385 0.2385 0.2035 0.2035 0.2035 0.2105 0.2105 0.217 0.217 0.248 0.248 0.2455 0.2455 0.2455 0.2355 0.2355 0.229 0.229 0.2255 0.2255 0.2255 0.233 0.233 0.2175 0.2175 0.201 0.201 0.201 0.184 0.184 0.1875 0.1875 0.1755 0.1755 0.1755 0.163 0.163 0.171
0.2515 0.2475 0.2475 0.251 0.251 0.241 0.241 0.241 0.2415 0.2415 0.231 0.231 0.2315 0.2315 0.225 0.225 0.225 0.218 0.218 0.2065 0.2065 0.2105 0.2105 0.2105 0.218 0.218 0.215 0.215 0.2105 0.2105 0.2105 0.231 0.231 0.229 0.229 0.234 0.234 0.234 0.2425 0.2425 0.243 0.243 0.227 0.227 0.227 0.2335 0.2335 0.227 0.227 0.2595 0.2595 0.2435 0.2435 0.2435 0.2375 0.2375 0.2355 0.2355 0.238 0.238 0.238 0.238 0.238 0.225 0.225 0.2015 0.2015 0.2015 0.1925 0.1925 0.1895 0.1895 0.1985 0.1985 0.1985 0.196 0.196 0.1835
0.2515 0.2475 0.2475 0.251 0.251 0.241 0.241 0.241 0.2415 0.2415 0.231 0.231 0.2315 0.2315 0.225 0.225 0.225 0.218 0.218 0.2065 0.2065 0.2105 0.2105 0.2105 0.218 0.218 0.215 0.215 0.2105 0.2105 0.2105 0.231 0.231 0.229 0.229 0.234 0.234 0.234 0.2425 0.2425 0.243 0.243 0.227 0.227 0.227 0.2335 0.2335 0.227 0.227 0.2595 0.2595 0.2435 0.2435 0.2435 0.2375 0.2375 0.2355 0.2355 0.238 0.238 0.238 0.238 0.238 0.225 0.225 0.2015 0.2015 0.2015 0.1925 0.1925 0.1895 0.1895 0.1985 0.1985 0.1985 0.196 0.196 0.1835
0.2515 0.2475 0.2475 0.251 0.251 0.241 0.241 0.241 0.2415 0.2415 0.231 0.231 0.2315 0.2315 0.225 0.225 0.225 0.218 0.218 0.2065 0.2065 0.2105 0.2105 0.2105 0.218 0.218 0.215 0.215 0.2105 0.2105 0.2105 0.231 0.231 0.229 0.229 0.234 0.234 0.234 0.2425 0.2425 0.243 0.243 0.227 0.227 0.227 0.2335 0.2335 0.227 0.227 0.2595 0.2595 0.2435 0.2435 0.2435 0.2375 0.2375 0.2355 0.2355 0.238 0.238 0.238 0.238 0.238 0.225 0.225 0.2015 0.2015 0.2015 0.1925 0.1925 0.1895 0.1895 0.1985 0.1985 0.1985 0.196 0.196 0.1835
0.247 0.2395 0.2395 0.233 0.233 0.233 0.233 0.233 0.24 0.24 0.2385 0.2385 0.2255 0.2255 0.22 0.22 0.22 0.2255 0.2255 0.1995 0.1995 0.203 0.203 0.203 0.212 0.212 0.2165 0.2165 0.208 0.208 0.208 0.2035 0.2035 0.2155 0.2155 0.219 0.219 0.219 0.225 0.225 0.2285 0.2285 0.235 0.235 0.235 0.2525 0.2525 0.243 0.243 0.2305 0.2305 0.2405 0.2405 0.2405 0.231 0.231 0.227 0.227 0.242 0.242 0.242 0.243 0.243 0.241 0.241 0.2385 0.2385 0.2385 0.1865 0.1865 0.1915 0.1915 0.1815 0.1815 0.1815 0.174 0.174 0.18
0.247 0.2395 0.2395 0.233 0.233 0.233 0.233 0.233 0.24 0.24 0.2385 0.2385 0.2255 0.2255 0.22 0.22 0.22 0.2255 0.2255 0.1995 0.1995 0.203 0.203 0.203 0.212 0.212 0.2165 0.2165 0.208 0.208 0.208 0.2035 0.2035 0.2155 0.2155 0.219 0.219 0.219 0.225 0.225 0.2285 0.2285 0.235 0.235 0.235 0.2525 0.2525 0.243 0.243 0.2305 0.2305 0.2405 0.2405 0.2405 0.231 0.231 0.227 0.227 0.242 0.242 0.242 0.243 0.243 0.241 0.241 0.2385 0.2385 0.2385 0.1865 0.1865 0.1915 0.1915 0.1815 0.1815 0.1815 0.174 0.174 0.18
0.2435 0.229 0.229 0.235 0.235 0.225 0.225 0.225 0.2365 0.2365 0.2215 0.2215 0.2085 0.2085 0.227 0.227 0.227 0.2195 0.2195 0.221 0.221 0.238 0.238 0.238 0.2195 0.2195 0.2195 0.2195 0.215 0.215 0.215 0.2105 0.2105 0.2215 0.2215 0.2285 0.2285 0.2285 0.2185 0.2185 0.216 0.216 0.2225 0.2225 0.2225 0.248 0.248 0.2425 0.2425 0.247 0.247 0.229 0.229 0.229 0.225 0.225 0.232 0.232 0.225 0.225 0.225 0.2355 0.2355 0.2335 0.2335 0.2345 0.2345 0.2345 0.2495 0.2495 0.2395 0.2395 0.2295 0.2295 0.2295 0.231 0.231 0.1955
0.2435 0.229 0.229 0.235 0.235 0.225 0.225 0.225 0.2365 0.2365 0.2215 0.2215 0.2085 0.2085 0.227 0.227 0.227 0.2195 0.2195 0.221 0.221 0.238 0.238 0.238 0.2195 0.2195 0.2195 0.2195 0.215 0.215 0.215 0.2105 0.2105 0.2215 0.2215 0.2285 0.2285 0.2285 0.2185 0.2185 0.216 0.216 0.2225 0.2225 0.2225 0.248 0.248 0.2425 0.2425 0.247 0.247 0.229 0.229 0.229 0.225 0.225 0.232 0.232 0.225 0.225 0.225 0.2355 0.2355 0.2335 0.2335 0.2345 0.2345 0.2345 0.2495 0.2495 0.2395 0.2395 0.2295 0.2295 0.2295 0.231 0.231 0.1955
0.2505 0.254 0.254 0.241 0.241 0.2445 0.2445 0.2445 0.234 0.234 0.2365 0.2365 0.2235 0.2235 0.2255 0.2255 0.2255 0.228 0.228 0.2195 0.2195 0.233 0.233 0.233 0.233 0.233 0.2255 0.2255 0.2165 0.2165 0.2165 0.23 0.23 0.2535 0.2535 0.2365 0.2365 0.2365 0.24 0.24 0.2325 0.2325 0.226 0.226 0.226 0.232 0.232 0.243 0.243 0.2435 0.2435 0.2305 0.2305 0.2305 0.246 0.246 0.2245 0.2245 0.2185 0.2185 0.2185 0.243 0.243 0.2525 0.2525 0.24 0.24 0.24 0.235 0.235 0.221 0.221 0.2215 0.2215 0.2215 0.2045 0.2045 0.205
0.2505 0.254 0.254 0.241 0.241 0.2445 0.2445 0.2445 0.234 0.234 0.2365 0.2365 0.2235 0.2235 0.2255 0.2255 0.2255 0.228 0.228 0.2195 0.2195 0.233 0.233 0.233 0.233 0.233 0.2255 0.2255 0.2165 0.2165 0.2165 0.23 0.23 0.2535 0.2535 0.2365 0.2365 0.2365 0.24 0.24 0.2325 0.2325 0.226 0.226 0.226 0.232 0.232 0.243 0.243 0.2435 0.2435 0.2305 0.2305 0.2305 0.246 0.246 0.2245 0.2245 0.2185 0.2185 0.2185 0.243 0.243 0.2525 0.2525 0.24 0.24 0.24 0.235 0.235 0.221 0.221 0.2215 0.2215 0.2215 0.2045 0.2045 0.205
0.2505 0.254 0.254 0.241 0.241 0.2445 0.2445 0.2445 0.234 0.234 0.2365 0.2365 0.2235 0.2235 0.2255 0.2255 0.2255 0.228 0.228 0.2195 0.2195 0.233 0.233 0.233 0.233 0.233 0.2255 0.2255 0.2165 0.2165 0.2165 0.23 0.23 0.2535 0.2535 0.2365 0.2365 0.2365 0.24 0.24 0.2325 0.2325 0.226 0.226 0.226 0.232 0.232 0.243 0.243 0.2435 0.2435 0.2305 0.2305 0.2305 0.246 0.246 0.2245 0.2245 0.2185 0.2185 0.2185 0.243 0.243 0.2525 0.2525 0.24 0.24 0.24 0.235 0.235 0.221 0.221 0.2215 0.2215 0.2215 0.2045 0.2045 0.205
0.247 0.2455 0.2455 0.2405 0.2405 0.218 0.218 0.218 0.2335 0.2335 0.231 0.231 0.2315 0.2315 0.232 0.232 0.232 0.224 0.224 0.219 0.219 0.229 0.229 0.229 0.2325 0.2325 0.248 0.248 0.26 0.26 0.26 0.235 0.235 0.243 0.243 0.2395 0.2395 0.2395 0.2485 0.2485 0.237 0.237 0.244 0.244 0.244 0.2335 0.2335 0.246 0.246 0.2415 0.2415 0.242 0.242 0.242 0.249 0.249 0.225 0.225 0.251 0.251 0.251 0.244 0.244 0.23 0.23 0.236 0.236 0.236 0.239 0.239 0.2255 0.2255 0.172 0.172 0.172 0.228 0.228 0.2015
0.247 0.2455 0.2455 0.2405 0.2405 0.218 0.218 0.218 0.2335 0.2335 0.231 0.231 0.2315 0.2315 0.232 0.232 0.232 0.224 0.224 0.219 0.219 0.229 0.229 0.229 0.2325 0.2325 0.248 0.248 0.26 0.26 0.26 0.235 0.235 0.243 0.243 0.2395 0.2395 0.2395 0.2485 0.2485 0.237 0.237 0.244 0.244 0.244 0.2335 0.2335 0.246 0.246 0.2415 0.2415 0.242 0.242 0.242 0.249 0.249 0.225 0.225 0.251 0.251 0.251 0.244 0.244 0.23 0.23 0.236 0.236 0.236 0.239 0.239 0.2255 0.2255 0.172 0.172 0.172 0.228 0.228 0.2015
0.2435 0.242 0.242 0.2315 0.2315 0.2245 0.2245 0.2245 0.2285 0.2285 0.246 0.246 0.2465 0.2465 0.2405 0.2405 0.2405 0.245 0.245 0.2325 0.2325 0.2425 0.2425 0.2425 0.256 0.256 0.2405 0.2405 0.236 0.236 0.236 0.2265 0.2265 0.2375 0.2375 0.243 0.243 0.243 0.2435 0.2435 0.2485 0.2485 0.2695 0.2695 0.2695 0.261 0.261 0.253 0.253 0.261 0.261 0.2595 0.2595 0.2595 0.2445 0.2445 0.231 0.231 0.2405 0.2405 0.2405 0.2355 0.2355 0.2395 0.2395 0.2495 0.2495 0.2495 0.2545 0.2545 0.2365 0.2365 0.2235 0.2235 0.2235 0.216 0.216 0.2005
0.2435 0.242 0.242 0.2315 0.2315 0.2245 0.2245 0.2245 0.2285 0.2285 0.246 0.246 0.2465 0.2465 0.2405 0.2405 0.2405 0.245 0.245 0.2325 0.2325 0.2425 0.2425 0.2425 0.256 0.256 0.2405 0.2405 0.236 0.236 0.236 0.2265 0.2265 0.2375 0.2375 0.243 0.243 0.243 0.2435 0.2435 0.2485 0.2485 0.2695 0.2695 0.2695 0.261 0.261 0.253 0.253 0.261 0.261 0.2595 0.2595 0.2595 0.2445 0.2445 0.231 0.231 0.2405 0.2405 0.2405 0.2355 0.2355 0.2395 0.2395 0.2495 0.2495 0.2495 0.2545 0.2545 0.2365 0.2365 0.2235 0.2235 0.2235 0.216 0.216 0.2005
0.244 0.2465 0.2465 0.248 0.248 0.243 0.243 0.243 0.2555 0.2555 0.233 0.233 0.249 0.249 0.2345 0.2345 0.2345 0.2565 0.2565 0.2565 0.2565 0.275 0.275 0.275 0.263 0.263 0.251 0.251 0.237 0.237 0.237 0.2475 0.2475 0.2685 0.2685 0.264 0.264 0.264 0.2575 0.2575 0.2615 0.2615 0.2815 0.2815 0.2815 0.2955 0.2955 0.2785 0.2785 0.2755 0.2755 0.2635 0.2635 0.2635 0.264 0.264 0.2245 0.2245 0.2255 0.2255 0.2255 0.2265 0.2265 0.2465 0.2465 0.246 0.246 0.246 0.2475 0.2475 0.226 0.226 0.2125 0.2125 0.2125 0.213 0.213 0.201
