ndvi/NOAA-193.asc
ncols         252
nrows         154
xllcorner     -18.017974
yllcorner     13.481982
cellsize      0.035948
NODATA_value  -9999
[rows 34 to 67 of 154, columns 154 to 230 of 252]
0.1395 0.1415 0.1415 0.14 0.14 0.14 0.136 0.136 0.1325 0.1325 0.1195 0.1195 0.1105 0.1105 0.1105 0.1205 0.1205 0.1155 0.1155 0.117 0.117 0.117 0.1205 0.1205 0.147 0.147 0.154 0.154 0.154 0.157 0.157 0.154 0.154 0.1435 0.1435 0.1435 0.1425 0.1425 0.145 0.145 0.145 0.145 0.145 0.1385 0.1385 0.1395 0.1395 0.1415 0.1415 0.1405 0.1405 0.1405 0.1355 0.1355 0.138 0.138 0.135 0.135 0.135 0.1375 0.1375 0.1355 0.1355 0.1325 0.1325 0.1325 0.1315 0.1315 0.1315 0.1315 0.128 0.128 0.128 0.1235 0.1235 0.118 0.118
0.1395 0.1415 0.1415 0.14 0.14 0.14 0.136 0.136 0.1325 0.1325 0.1195 0.1195 0.1105 0.1105 0.1105 0.1205 0.1205 0.1155 0.1155 0.117 0.117 0.117 0.1205 0.1205 0.147 0.147 0.154 0.154 0.154 0.157 0.157 0.154 0.154 0.1435 0.1435 0.1435 0.1425 0.1425 0.145 0.145 0.145 0.145 0.145 0.1385 0.1385 0.1395 0.1395 0.1415 0.1415 0.1405 0.1405 0.1405 0.1355 0.1355 0.138 0.138 0.135 0.135 0.135 0.1375 0.1375 0.1355 0.1355 0.1325 0.1325 0.1325 0.1315 0.1315 0.1315 0.1315 0.128 0.128 0.128 0.1235 0.1235 0.118 0.118
0.1395 0.1415 0.1415 0.14 0.14 0.14 0.136 0.136 0.1325 0.1325 0.1195 0.1195 0.1105 0.1105 0.1105 0.1205 0.1205 0.1155 0.1155 0.117 0.117 0.117 0.1205 0.1205 0.147 0.147 0.154 0.154 0.154 0.157 0.157 0.154 0.154 0.1435 0.1435 0.1435 0.1425 0.1425 0.145 0.145 0.145 0.145 0.145 0.1385 0.1385 0.1395 0.1395 0.1415 0.1415 0.1405 0.1405 0.1405 0.1355 0.1355 0.138 0.138 0.135 0.135 0.135 0.1375 0.1375 0.1355 0.1355 0.1325 0.1325 0.1325 0.1315 0.1315 0.1315 0.1315 0.128 0.128 0.128 0.1235 0.1235 0.118 0.118
0.152 0.129 0.129 0.1475 0.1475 0.1475 0.13 0.13 0.1215 0.1215 0.1125 0.1125 0.1145 0.1145 0.1145 0.1145 0.1145 0.1175 0.1175 0.1145 0.1145 0.1145 0.119 0.119 0.1455 0.1455 0.1555 0.1555 0.1555 0.161 0.161 0.1495 0.1495 0.1485 0.1485 0.1485 0.1475 0.1475 0.1495 0.1495 0.143 0.143 0.143 0.137 0.137 0.1355 0.1355 0.145 0.145 0.1425 0.1425 0.1425 0.1435 0.1435 0.137 0.137 0.1435 0.1435 0.1435 0.1385 0.1385 0.1425 0.1425 0.132 0.132 0.132 0.1285 0.1285 0.1245 0.1245 0.125 0.125 0.125 0.129 0.129 0.1275 0.1275
0.152 0.129 0.129 0.1475 0.1475 0.1475 0.13 0.13 0.1215 0.1215 0.1125 0.1125 0.1145 0.1145 0.1145 0.1145 0.1145 0.1175 0.1175 0.1145 0.1145 0.1145 0.119 0.119 0.1455 0.1455 0.1555 0.1555 0.1555 0.161 0.161 0.1495 0.1495 0.1485 0.1485 0.1485 0.1475 0.1475 0.1495 0.1495 0.143 0.143 0.143 0.137 0.137 0.1355 0.1355 0.145 0.145 0.1425 0.1425 0.1425 0.1435 0.1435 0.137 0.137 0.1435 0.1435 0.1435 0.1385 0.1385 0.1425 0.1425 0.132 0.132 0.132 0.1285 0.1285 0.1245 0.1245 0.125 0.125 0.125 0.129 0.129 0.1275 0.1275
0.1455 0.126 0.126 0.131 0.131 0.131 0.1185 0.1185 0.1135 0.1135 0.113 0.113 0.117 0.117 0.117 0.1185 0.1185 0.1165 0.1165 0.1115 0.1115 0.1115 0.1195 0.1195 0.163 0.163 0.181 0.181 0.181 0.178 0.178 0.1755 0.1755 0.1585 0.1585 0.1585 0.15 0.15 0.1415 0.1415 0.1435 0.1435 0.1435 0.1385 0.1385 0.1425 0.1425 0.1475 0.1475 0.1415 0.1415 0.1415 0.1415 0.1415 0.1415 0.1415 0.1465 0.1465 0.1465 0.143 0.143 0.1445 0.1445 0.1325 0.1325 0.1325 0.1325 0.1325 0.1285 0.1285 0.132 0.132 0.132 0.1335 0.1335 0.135 0.135
0.1455 0.126 0.126 0.131 0.131 0.131 0.1185 0.1185 0.1135 0.1135 0.113 0.113 0.117 0.117 0.117 0.1185 0.1185 0.1165 0.1165 0.1115 0.1115 0.1115 0.1195 0.1195 0.163 0.163 0.181 0.181 0.181 0.178 0.178 0.1755 0.1755 0.1585 0.1585 0.1585 0.15 0.15 0.1415 0.1415 0.1435 0.1435 0.1435 0.1385 0.1385 0.1425 0.1425 0.1475 0.1475 0.1415 0.1415 0.1415 0.1415 0.1415 0.1415 0.1415 0.1465 0.1465 0.1465 0.143 0.143 0.1445 0.1445 0.1325 0.1325 0.1325 0.1325 0.1325 0.1285 0.1285 0.132 0.132 0.132 0.1335 0.1335 0.135 0.135
0.143 0.136 0.136 0.122 0.122 0.122 0.128 0.128 0.113 0.113 0.1185 0.1185 0.12 0.12 0.12 0.1245 0.1245 0.1175 0.1175 0.1205 0.1205 0.1205 0.1275 0.1275 0.151 0.151 0.158 0.158 0.158 0.167 0.167 0.1675 0.1675 0.162 0.162 0.162 0.1605 0.1605 0.1435 0.1435 0.1415 0.1415 0.1415 0.145 0.145 0.148 0.148 0.144 0.144 0.1415 0.1415 0.1415 0.1345 0.1345 0.139 0.139 0.1515 0.1515 0.1515 0.1525 0.1525 0.1585 0.1585 0.158 0.158 0.158 0.1525 0.1525 0.1535 0.1535 0.1455 0.1455 0.1455 0.1455 0.1455 0.1385 0.1385
0.143 0.136 0.136 0.122 0.122 0.122 0.128 0.128 0.113 0.113 0.1185 0.1185 0.12 0.12 0.12 0.1245 0.1245 0.1175 0.1175 0.1205 0.1205 0.1205 0.1275 0.1275 0.151 0.151 0.158 0.158 0.158 0.167 0.167 0.1675 0.1675 0.162 0.162 0.162 0.1605 0.1605 0.1435 0.1435 0.1415 0.1415 0.1415 0.145 0.145 0.148 0.148 0.144 0.144 0.1415 0.1415 0.1415 0.1345 0.1345 0.139 0.139 0.1515 0.1515 0.1515 0.1525 0.1525 0.1585 0.1585 0.158 0.158 0.158 0.1525 0.1525 0.1535 0.1535 0.1455 0.1455 0.1455 0.1455 0.1455 0.1385 0.1385
0.143 0.136 0.136 0.122 0.122 0.122 0.128 0.128 0.113 0.113 0.1185 0.1185 0.12 0.12 0.12 0.1245 0.1245 0.1175 0.1175 0.1205 0.1205 0.1205 0.1275 0.1275 0.151 0.151 0.158 0.158 0.158 0.167 0.167 0.1675 0.1675 0.162 0.162 0.162 0.1605 0.1605 0.1435 0.1435 0.1415 0.1415 0.1415 0.145 0.145 0.148 0.148 0.144 0.144 0.1415 0.1415 0.1415 0.1345 0.1345 0.139 0.139 0.1515 0.1515 0.1515 0.1525 0.1525 0.1585 0.1585 0.158 0.158 0.158 0.1525 0.1525 0.1535 0.1535 0.1455 0.1455 0.1455 0.1455 0.1455 0.1385 0.1385
0.123 0.144 0.144 0.136 0.136 0.136 0.128 0.128 0.122 0.122 0.1295 0.1295 0.126 0.126 0.126 0.1235 0.1235 0.155 0.155 0.156 0.156 0.156 0.1475 0.1475 0.145 0.145 0.159 0.159 0.159 0.156 0.156 0.1615 0.1615 0.1635 0.1635 0.1635 0.158 0.158 0.1435 0.1435 0.149 0.149 0.149 0.147 0.147 0.1455 0.1455 0.1505 0.1505 0.162 0.162 0.162 0.144 0.144 0.148 0.148 0.156 0.156 0.156 0.154 0.154 0.1555 0.1555 0.161 0.161 0.161 0.157 0.157 0.152 0.152 0.15 0.15 0.15 0.148 0.148 0.143 0.143
0.123 0.144 0.144 0.136 0.136 0.136 0.128 0.128 0.122 0.122 0.1295 0.1295 0.126 0.126 0.126 0.1235 0.1235 0.155 0.155 0.156 0.156 0.156 0.1475 0.1475 0.145 0.145 0.159 0.159 0.159 0.156 0.156 0.1615 0.1615 0.1635 0.1635 0.1635 0.158 0.158 0.1435 0.1435 0.149 0.149 0.149 0.147 0.147 0.1455 0.1455 0.1505 0.1505 0.162 0.162 0.162 0.144 0.144 0.148 0.148 0.156 0.156 0.156 0.154 0.154 0.1555 0.1555 0.161 0.161 0.161 0.157 0.157 0.152 0.152 0.15 0.15 0.15 0.148 0.148 0.143 0.143
0.131 0.1485 0.1485 0.1635 0.1635 0.1635 0.1695 0.1695 0.174 0.174 0.168 0.168 0.17 0.17 0.17 0.169 0.169 0.1715 0.1715 0.162 0.162 0.162 0.1635 0.1635 0.1595 0.1595 0.16 0.16 0.16 0.1665 0.1665 0.166 0.166 0.167 0.167 0.167 0.166 0.166 0.1565 0.1565 0.1545 0.1545 0.1545 0.154 0.154 0.1575 0.1575 0.1605 0.1605 0.1585 0.1585 0.1585 0.142 0.142 0.1375 0.1375 0.1475 0.1475 0.1475 0.156 0.156 0.159 0.159 0.159 0.159 0.159 0.1545 0.1545 0.1505 0.1505 0.1535 0.1535 0.1535 0.1575 0.1575 0.154 0.154
0.131 0.1485 0.1485 0.1635 0.1635 0.1635 0.1695 0.1695 0.174 0.174 0.168 0.168 0.17 0.17 0.17 0.169 0.169 0.1715 0.1715 0.162 0.162 0.162 0.1635 0.1635 0.1595 0.1595 0.16 0.16 0.16 0.1665 0.1665 0.166 0.166 0.167 0.167 0.167 0.166 0.166 0.1565 0.1565 0.1545 0.1545 0.1545 0.154 0.154 0.1575 0.1575 0.1605 0.1605 0.1585 0.1585 0.1585 0.142 0.142 0.1375 0.1375 0.1475 0.1475 0.1475 0.156 0.156 0.159 0.159 0.159 0.159 0.159 0.1545 0.1545 0.1505 0.1505 0.1535 0.1535 0.1535 0.1575 0.1575 0.154 0.154
0.1365 0.149 0.149 0.1855 0.1855 0.1855 0.1815 0.1815 0.187 0.187 0.183 0.183 0.1705 0.1705 0.1705 0.173 0.173 0.1655 0.1655 0.16 0.16 0.16 0.163 0.163 0.171 0.171 0.166 0.166 0.166 0.1655 0.1655 0.1675 0.1675 0.166 0.166 0.166 0.17 0.17 0.1655 0.1655 0.172 0.172 0.172 0.1755 0.1755 0.1635 0.1635 0.1565 0.1565 0.153 0.153 0.153 0.15 0.15 0.1575 0.1575 0.161 0.161 0.161 0.16 0.16 0.1615 0.1615 0.152 0.152 0.152 0.145 0.145 0.1505 0.1505 0.157 0.157 0.157 0.151 0.151 0.1525 0.1525
0.1365 0.149 0.149 0.1855 0.1855 0.1855 0.1815 0.1815 0.187 0.187 0.183 0.183 0.1705 0.1705 0.1705 0.173 0.173 0.1655 0.1655 0.16 0.16 0.16 0.163 0.163 0.171 0.171 0.166 0.166 0.166 0.1655 0.1655 0.1675 0.1675 0.166 0.166 0.166 0.17 0.17 0.1655 0.1655 0.172 0.172 0.172 0.1755 0.1755 0.1635 0.1635 0.1565 0.1565 0.153 0.153 0.153 0.15 0.15 0.1575 0.1575 0.161 0.161 0.161 0.16 0.16 0.1615 0.1615 0.152 0.152 0.152 0.145 0.145 0.1505 0.1505 0.157 0.157 0.157 0.151 0.151 0.1525 0.1525
0.1365 0.149 0.149 0.1855 0.1855 0.1855 0.1815 0.1815 0.187 0.187 0.183 0.183 0.1705 0.1705 0.1705 0.173 0.173 0.1655 0.1655 0.16 0.16 0.16 0.163 0.163 0.171 0.171 0.166 0.166 0.166 0.1655 0.1655 0.1675 0.1675 0.166 0.166 0.166 0.17 0.17 0.1655 0.1655 0.172 0.172 0.172 0.1755 0.1755 0.1635 0.1635 0.1565 0.1565 0.153 0.153 0.153 0.15 0.15 0.1575 0.1575 0.161 0.161 0.161 0.16 0.16 0.1615 0.1615 0.152 0.152 0.152 0.145 0.145 0.1505 0.1505 0.157 0.157 0.157 0.151 0.151 0.1525 0.1525
0.126 0.142 0.142 0.1735 0.1735 0.1735 0.187 0.187 0.195 0.195 0.1875 0.1875 0.171 0.171 0.171 0.1695 0.1695 0.1585 0.1585 0.161 0.161 0.161 0.1675 0.1675 0.1665 0.1665 0.1775 0.1775 0.1775 0.1815 0.1815 0.1715 0.1715 0.1765 0.1765 0.1765 0.172 0.172 0.172 0.172 0.173 0.173 0.173 0.168 0.168 0.166 0.166 0.1665 0.1665 0.1465 0.1465 0.1465 0.141 0.141 0.1535 0.1535 0.162 0.162 0.162 0.1615 0.1615 0.1595 0.1595 0.1575 0.1575 0.1575 0.154 0.154 0.1555 0.1555 0.1525 0.1525 0.1525 0.1525 0.1525 0.1485 0.1485
0.126 0.142 0.142 0.1735 0.1735 0.1735 0.187 0.187 0.195 0.195 0.1875 0.1875 0.171 0.171 0.171 0.1695 0.1695 0.1585 0.1585 0.161 0.161 0.161 0.1675 0.1675 0.1665 0.1665 0.1775 0.1775 0.1775 0.1815 0.1815 0.1715 0.1715 0.1765 0.1765 0.1765 0.172 0.172 0.172 0.172 0.173 0.173 0.173 0.168 0.168 0.166 0.166 0.1665 0.1665 0.1465 0.1465 0.1465 0.141 0.141 0.1535 0.1535 0.162 0.162 0.162 0.1615 0.1615 0.1595 0.1595 0.1575 0.1575 0.1575 0.154 0.154 0.1555 0.1555 0.1525 0.1525 0.1525 0.1525 0.1525 0.1485 0.1485
0.1335 0.1245 0.1245 0.168 0.168 0.168 0.196 0.196 0.199 0.199 0.1915 0.1915 0.1755 0.1755 0.1755 0.173 0.173 0.1695 0.1695 0.1685 0.1685 0.1685 0.1745 0.1745 0.195 0.195 0.1925 0.1925 0.1925 0.193 0.193 0.197 0.197 0.203 0.203 0.203 0.196 0.196 0.1955 0.1955 0.185 0.185 0.185 0.1595 0.1595 0.1675 0.1675 0.1595 0.1595 0.153 0.153 0.153 0.1505 0.1505 0.1575 0.1575 0.1585 0.1585 0.1585 0.1625 0.1625 0.165 0.165 0.1725 0.1725 0.1725 0.1685 0.1685 0.165 0.165 0.167 0.167 0.167 0.1705 0.1705 0.1675 0.1675
0.1335 0.1245 0.1245 0.168 0.168 0.168 0.196 0.196 0.199 0.199 0.1915 0.1915 0.1755 0.1755 0.1755 0.173 0.173 0.1695 0.1695 0.1685 0.1685 0.1685 0.1745 0.1745 0.195 0.195 0.1925 0.1925 0.1925 0.193 0.193 0.197 0.197 0.203 0.203 0.203 0.196 0.196 0.1955 0.1955 0.185 0.185 0.185 0.1595 0.1595 0.1675 0.1675 0.1595 0.1595 0.153 0.153 0.153 0.1505 0.1505 0.1575 0.1575 0.1585 0.1585 0.1585 0.1625 0.1625 0.165 0.165 0.1725 0.1725 0.1725 0.1685 0.1685 0.165 0.165 0.167 0.167 0.167 0.1705 0.1705 0.1675 0.1675
0.1275 0.1175 0.1175 0.177 0.177 0.177 0.1815 0.1815 0.186 0.186 0.191 0.191 0.188 0.188 0.188 0.2 0.2 0.194 0.194 0.204 0.204 0.204 0.2025 0.2025 0.2015 0.2015 0.197 0.197 0.197 0.201 0.201 0.195 0.195 0.1865 0.1865 0.1865 0.1985 0.1985 0.1845 0.1845 0.177 0.177 0.177 0.174 0.174 0.1535 0.1535 0.166 0.166 0.164 0.164 0.164 0.147 0.147 0.1465 0.1465 0.1705 0.1705 0.1705 0.1695 0.1695 0.1705 0.1705 0.1715 0.1715 0.1715 0.17 0.17 0.166 0.166 0.1685 0.1685 0.1685 0.168 0.168 0.1675 0.1675
0.1275 0.1175 0.1175 0.177 0.177 0.177 0.1815 0.1815 0.186 0.186 0.191 0.191 0.188 0.188 0.188 0.2 0.2 0.194 0.194 0.204 0.204 0.204 0.2025 0.2025 0.2015 0.2015 0.197 0.197 0.197 0.201 0.201 0.195 0.195 0.1865 0.1865 0.1865 0.1985 0.1985 0.1845 0.1845 0.177 0.177 0.177 0.174 0.174 0.1535 0.1535 0.166 0.166 0.164 0.164 0.164 0.147 0.147 0.1465 0.1465 0.1705 0.1705 0.1705 0.1695 0.1695 0.1705 0.1705 0.1715 0.1715 0.1715 0.17 0.17 0.166 0.166 0.1685 0.1685 0.1685 0.168 0.168 0.1675 0.1675
0.1255 0.135 0.135 0.142 0.142 0.142 0.178 0.178 0.185 0.185 0.1805 0.1805 0.1805 0.1805 0.1805 0.177 0.177 0.2015 0.2015 0.207 0.207 0.207 0.212 0.212 0.208 0.208 0.196 0.196 0.196 0.188 0.188 0.191 0.191 0.181 0.181 0.181 0.176 0.176 0.182 0.182 0.165 0.165 0.165 0.1665 0.1665 0.156 0.156 0.1515 0.1515 0.159 0.159 0.159 0.153 0.153 0.1385 0.1385 0.1405 0.1405 0.1405 0.1545 0.1545 0.177 0.177 0.1685 0.1685 0.1685 0.173 0.173 0.167 0.167 0.165 0.165 0.165 0.1625 0.1625 0.1605 0.1605
0.1255 0.135 0.135 0.142 0.142 0.142 0.178 0.178 0.185 0.185 0.1805 0.1805 0.1805 0.1805 0.1805 0.177 0.177 0.2015 0.2015 0.207 0.207 0.207 0.212 0.212 0.208 0.208 0.196 0.196 0.196 0.188 0.188 0.191 0.191 0.181 0.181 0.181 0.176 0.176 0.182 0.182 0.165 0.165 0.165 0.1665 0.1665 0.156 0.156 0.1515 0.1515 0.159 0.159 0.159 0.153 0.153 0.1385 0.1385 0.1405 0.1405 0.1405 0.1545 0.1545 0.177 0.177 0.1685 0.1685 0.1685 0.173 0.173 0.167 0.167 0.165 0.165 0.165 0.1625 0.1625 0.1605 0.1605
0.1255 0.135 0.135 0.142 0.142 0.142 0.178 0.178 0.185 0.185 0.1805 0.1805 0.1805 0.1805 0.1805 0.177 0.177 0.2015 0.2015 0.207 0.207 0.207 0.212 0.212 0.208 0.208 0.196 0.196 0.196 0.188 0.188 0.191 0.191 0.181 0.181 0.181 0.176 0.176 0.182 0.182 0.165 0.165 0.165 0.1665 0.1665 0.156 0.156 0.1515 0.1515 0.159 0.159 0.159 0.153 0.153 0.1385 0.1385 0.1405 0.1405 0.1405 0.1545 0.1545 0.177 0.177 0.1685 0.1685 0.1685 0.173 0.173 0.167 0.167 0.165 0.165 0.165 0.1625 0.1625 0.1605 0.1605
0.1505 0.1385 0.1385 0.139 0.139 0.139 0.139 0.139 0.166 0.166 0.177 0.177 0.1705 0.1705 0.1705 0.1905 0.1905 0.2285 0.2285 0.231 0.231 0.231 0.227 0.227 0.211 0.211 0.2 0.2 0.2 0.1875 0.1875 0.181 0.181 0.1835 0.1835 0.1835 0.183 0.183 0.1795 0.1795 0.189 0.189 0.189 0.182 0.182 0.1595 0.1595 0.1555 0.1555 0.1495 0.1495 0.1495 0.145 0.145 0.1385 0.1385 0.1475 0.1475 0.1475 0.145 0.145 0.161 0.161 0.164 0.164 0.164 0.176 0.176 0.157 0.157 0.158 0.158 0.158 0.143 0.143 0.1515 0.1515
0.1505 0.1385 0.1385 0.139 0.139 0.139 0.139 0.139 0.166 0.166 0.177 0.177 0.1705 0.1705 0.1705 0.1905 0.1905 0.2285 0.2285 0.231 0.231 0.231 0.227 0.227 0.211 0.211 0.2 0.2 0.2 0.1875 0.1875 0.181 0.181 0.1835 0.1835 0.1835 0.183 0.183 0.1795 0.1795 0.189 0.189 0.189 0.182 0.182 0.1595 0.1595 0.1555 0.1555 0.1495 0.1495 0.1495 0.145 0.145 0.1385 0.1385 0.1475 0.1475 0.1475 0.145 0.145 0.161 0.161 0.164 0.164 0.164 0.176 0.176 0.157 0.157 0.158 0.158 0.158 0.143 0.143 0.1515 0.1515
0.1245 0.133 0.133 0.1295 0.1295 0.1295 0.143 0.143 0.1425 0.1425 0.17 0.17 0.179 0.179 0.179 0.222 0.222 0.2255 0.2255 0.2245 0.2245 0.2245 0.228 0.228 0.2125 0.2125 0.185 0.185 0.185 0.181 0.181 0.1915 0.1915 0.192 0.192 0.192 0.2015 0.2015 0.198 0.198 0.1945 0.1945 0.1945 0.175 0.175 0.1685 0.1685 0.154 0.154 0.177 0.177 0.177 0.1735 0.1735 0.1475 0.1475 0.1425 0.1425 0.1425 0.1555 0.1555 0.146 0.146 0.167 0.167 0.167 0.178 0.178 0.154 0.154 0.164 0.164 0.164 0.1505 0.1505 0.167 0.167
0.1245 0.133 0.133 0.1295 0.1295 0.1295 0.143 0.143 0.1425 0.1425 0.17 0.17 0.179 0.179 0.179 0.222 0.222 0.2255 0.2255 0.2245 0.2245 0.2245 0.228 0.228 0.2125 0.2125 0.185 0.185 0.185 0.181 0.181 0.1915 0.1915 0.192 0.192 0.192 0.2015 0.2015 0.198 0.198 0.1945 0.1945 0.1945 0.175 0.175 0.1685 0.1685 0.154 0.154 0.177 0.177 0.177 0.1735 0.1735 0.1475 0.1475 0.1425 0.1425 0.1425 0.1555 0.1555 0.146 0.146 0.167 0.167 0.167 0.178 0.178 0.154 0.154 0.164 0.164 0.164 0.1505 0.1505 0.167 0.167
0.148 0.1535 0.1535 0.1495 0.1495 0.1495 0.136 0.136 0.1525 0.1525 0.1935 0.1935 0.2025 0.2025 0.2025 0.2135 0.2135 0.2305 0.2305 0.228 0.228 0.228 0.2165 0.2165 0.2145 0.2145 0.2025 0.2025 0.2025 0.19 0.19 0.2 0.2 0.2085 0.2085 0.2085 0.215 0.215 0.217 0.217 0.2165 0.2165 0.2165 0.2005 0.2005 0.1975 0.1975 0.1915 0.1915 0.1955 0.1955 0.1955 0.208 0.208 0.217 0.217 0.188 0.188 0.188 0.163 0.163 0.171 0.171 0.1835 0.1835 0.1835 0.1765 0.1765 0.167 0.167 0.1625 0.1625 0.1625 0.1585 0.1585 0.168 0.168
0.148 0.1535 0.1535 0.1495 0.1495 0.1495 0.136 0.136 0.1525 0.1525 0.1935 0.1935 0.2025 0.2025 0.2025 0.2135 0.2135 0.2305 0.2305 0.228 0.228 0.228 0.2165 0.2165 0.2145 0.2145 0.2025 0.2025 0.2025 0.19 0.19 0.2 0.2 0.2085 0.2085 0.2085 0.215 0.215 0.217 0.217 0.2165 0.2165 0.2165 0.2005 0.2005 0.1975 0.1975 0.1915 0.1915 0.1955 0.1955 0.1955 0.208 0.208 0.217 0.217 0.188 0.188 0.188 0.163 0.163 0.171 0.171 0.1835 0.1835 0.1835 0.1765 0.1765 0.167 0.167 0.1625 0.1625 0.1625 0.1585 0.1585 0.168 0.168
0.148 0.1535 0.1535 0.1495 0.1495 0.1495 0.136 0.136 0.1525 0.1525 0.1935 0.1935 0.2025 0.2025 0.2025 0.2135 0.2135 0.2305 0.2305 0.228 0.228 0.228 0.2165 0.2165 0.2145 0.2145 0.2025 0.2025 0.2025 0.19 0.19 0.2 0.2 0.2085 0.2085 0.2085 0.215 0.215 0.217 0.217 0.2165 0.2165 0.2165 0.2005 0.2005 0.1975 0.1975 0.1915 0.1915 0.1955 0.1955 0.1955 0.208 0.208 0.217 0.217 0.188 0.188 0.188 0.163 0.163 0.171 0.171 0.1835 0.1835 0.1835 0.1765 0.1765 0.167 0.167 0.1625 0.1625 0.1625 0.1585 0.1585 0.168 0.168
0.1435 0.16 0.16 0.1385 0.1385 0.1385 0.1395 0.1395 0.1495 0.1495 0.186 0.186 0.2055 0.2055 0.2055 0.2285 0.2285 0.231 0.231 0.244 0.244 0.244 0.2255 0.2255 0.2135 0.2135 0.205 0.205 0.205 0.217 0.217 0.2165 0.2165 0.2135 0.2135 0.2135 0.213 0.213 0.209 0.209 0.2125 0.2125 0.2125 0.223 0.223 0.2105 0.2105 0.21 0.21 0.2165 0.2165 0.2165 0.2095 0.2095 0.225 0.225 0.218 0.218 0.218 0.2255 0.2255 0.213 0.213 0.202 0.202 0.202 0.1935 0.1935 0.1995 0.1995 0.2095 0.2095 0.2095 0.201 0.201 0.193 0.193
