ndvi/NOAA-345.asc
ncols         252
nrows         154
xllcorner     -18.017974
yllcorner     13.481982
cellsize      0.035948
NODATA_value  -9999
[rows 0 to 33 of 154, columns 77 to 153 of 252]
0.064 0.064 0.065 0.065 0.06900001 0.06900001 0.0825 0.0825 0.0825 0.0825 0.0825 0.088 0.088 0.077 0.077 0.0895 0.0895 0.0895 0.078 0.078 0.0805 0.0805 0.0705 0.0705 0.0705 0.07 0.07 0.067 0.067 0.066 0.066 0.066 0.0745 0.0745 0.061 0.061 0.0615 0.0615 0.0615 0.0685 0.0685 0.0735 0.0735 0.064 0.064 0.064 0.0645 0.0645 0.075 0.075 0.082 0.082 0.0765 0.0765 0.0765 0.07600001 0.07600001 0.0905 0.0905 0.086 0.086 0.086 0.0795 0.0795 0.083 0.083 0.08 0.08 0.08 0.0755 0.0755 0.07700001 0.07700001 0.0765 0.0765 0.0765 0.061
0.064 0.064 0.065 0.065 0.06900001 0.06900001 0.0825 0.0825 0.0825 0.0825 0.0825 0.088 0.088 0.077 0.077 0.0895 0.0895 0.0895 0.078 0.078 0.0805 0.0805 0.0705 0.0705 0.0705 0.07 0.07 0.067 0.067 0.066 0.066 0.066 0.0745 0.0745 0.061 0.061 0.0615 0.0615 0.0615 0.0685 0.0685 0.0735 0.0735 0.064 0.064 0.064 0.0645 0.0645 0.075 0.075 0.082 0.082 0.0765 0.0765 0.0765 0.07600001 0.07600001 0.0905 0.0905 0.086 0.086 0.086 0.0795 0.0795 0.083 0.083 0.08 0.08 0.08 0.0755 0.0755 0.07700001 0.07700001 0.0765 0.0765 0.0765 0.061
0.068 0.068 0.068 0.068 0.082 0.082 0.09100001 0.09100001 0.09100001 0.0765 0.0765 0.07250001 0.07250001 0.0865 0.0865 0.079 0.079 0.079 0.07799999 0.07799999 0.0715 0.0715 0.0675 0.0675 0.0675 0.0675 0.0675 0.0755 0.0755 0.0735 0.0735 0.0735 0.0675 0.0675 0.0785 0.0785 0.064 0.064 0.064 0.072 0.072 0.0755 0.0755 0.068 0.068 0.068 0.075 0.075 0.078 0.078 0.09100001 0.09100001 0.093 0.093 0.093 0.09 0.09 0.08750001 0.08750001 0.0865 0.0865 0.0865 0.092 0.092 0.102 0.102 0.092 0.092 0.092 0.0855 0.0855 0.079 0.079 0.0825 0.0825 0.0825 0.071
0.068 0.068 0.068 0.068 0.082 0.082 0.09100001 0.09100001 0.09100001 0.0765 0.0765 0.07250001 0.07250001 0.0865 0.0865 0.079 0.079 0.079 0.07799999 0.07799999 0.0715 0.0715 0.0675 0.0675 0.0675 0.0675 0.0675 0.0755 0.0755 0.0735 0.0735 0.0735 0.0675 0.0675 0.0785 0.0785 0.064 0.064 0.064 0.072 0.072 0.0755 0.0755 0.068 0.068 0.068 0.075 0.075 0.078 0.078 0.09100001 0.09100001 0.093 0.093 0.093 0.09 0.09 0.08750001 0.08750001 0.0865 0.0865 0.0865 0.092 0.092 0.102 0.102 0.092 0.092 0.092 0.0855 0.0855 0.079 0.079 0.0825 0.0825 0.0825 0.071
0.068 0.068 0.068 0.068 0.082 0.082 0.09100001 0.09100001 0.09100001 0.0765 0.0765 0.07250001 0.07250001 0.0865 0.0865 0.079 0.079 0.079 0.07799999 0.07799999 0.0715 0.0715 0.0675 0.0675 0.0675 0.0675 0.0675 0.0755 0.0755 0.0735 0.0735 0.0735 0.0675 0.0675 0.0785 0.0785 0.064 0.064 0.064 0.072 0.072 0.0755 0.0755 0.068 0.068 0.068 0.075 0.075 0.078 0.078 0.09100001 0.09100001 0.093 0.093 0.093 0.09 0.09 0.08750001 0.08750001 0.0865 0.0865 0.0865 0.092 0.092 0.102 0.102 0.092 0.092 0.092 0.0855 0.0855 0.079 0.079 0.0825 0.0825 0.0825 0.071
0.069 0.069 0.078 0.078 0.1005 0.1005 0.075 0.075 0.075 0.074 0.074 0.078 0.078 0.0865 0.0865 0.075 0.075 0.075 0.07250001 0.07250001 0.0745 0.0745 0.0695 0.0695 0.0695 0.0775 0.0775 0.086 0.086 0.0865 0.0865 0.0865 0.0985 0.0985 0.097 0.097 0.066 0.066 0.066 0.0665 0.0665 0.0775 0.0775 0.077 0.077 0.077 0.078 0.078 0.081 0.081 0.0905 0.0905 0.094 0.094 0.094 0.09100001 0.09100001 0.089 0.089 0.097 0.097 0.097 0.117 0.117 0.1205 0.1205 0.1 0.1 0.1 0.091 0.091 0.084 0.084 0.0855 0.0855 0.0855 0.0885
0.069 0.069 0.078 0.078 0.1005 0.1005 0.075 0.075 0.075 0.074 0.074 0.078 0.078 0.0865 0.0865 0.075 0.075 0.075 0.07250001 0.07250001 0.0745 0.0745 0.0695 0.0695 0.0695 0.0775 0.0775 0.086 0.086 0.0865 0.0865 0.0865 0.0985 0.0985 0.097 0.097 0.066 0.066 0.066 0.0665 0.0665 0.0775 0.0775 0.077 0.077 0.077 0.078 0.078 0.081 0.081 0.0905 0.0905 0.094 0.094 0.094 0.09100001 0.09100001 0.089 0.089 0.097 0.097 0.097 0.117 0.117 0.1205 0.1205 0.1 0.1 0.1 0.091 0.091 0.084 0.084 0.0855 0.0855 0.0855 0.0885
0.069 0.069 0.0765 0.0765 0.072 0.072 0.082 0.082 0.082 0.086 0.086 0.0815 0.0815 0.0735 0.0735 0.073 0.073 0.073 0.075 0.075 0.0765 0.0765 0.0915 0.0915 0.0915 0.106 0.106 0.111 0.111 0.083 0.083 0.083 0.0825 0.0825 0.07449999 0.07449999 0.072 0.072 0.072 0.066 0.066 0.071 0.071 0.091 0.091 0.091 0.0965 0.0965 0.0965 0.0965 0.108 0.108 0.117 0.117 0.117 0.11 0.11 0.1075 0.1075 0.1075 0.1075 0.1075 0.113 0.113 0.105 0.105 0.096 0.096 0.096 0.103 0.103 0.094 0.094 0.104 0.104 0.104 0.0855
0.069 0.069 0.0765 0.0765 0.072 0.072 0.082 0.082 0.082 0.086 0.086 0.0815 0.0815 0.0735 0.0735 0.073 0.073 0.073 0.075 0.075 0.0765 0.0765 0.0915 0.0915 0.0915 0.106 0.106 0.111 0.111 0.083 0.083 0.083 0.0825 0.0825 0.07449999 0.07449999 0.072 0.072 0.072 0.066 0.066 0.071 0.071 0.091 0.091 0.091 0.0965 0.0965 0.0965 0.0965 0.108 0.108 0.117 0.117 0.117 0.11 0.11 0.1075 0.1075 0.1075 0.1075 0.1075 0.113 0.113 0.105 0.105 0.096 0.096 0.096 0.103 0.103 0.094 0.094 0.104 0.104 0.104 0.0855
0.0835 0.0835 0.0825 0.0825 0.086 0.086 0.075 0.075 0.075 0.075 0.075 0.0765 0.0765 0.0765 0.0765 0.09649999 0.09649999 0.09649999 0.093 0.093 0.09450001 0.09450001 0.0895 0.0895 0.0895 0.0895 0.0895 0.083 0.083 0.0905 0.0905 0.0905 0.0885 0.0885 0.1 0.1 0.087 0.087 0.087 0.083 0.083 0.1095 0.1095 0.1395 0.1395 0.1395 0.1085 0.1085 0.0985 0.0985 0.1075 0.1075 0.108 0.108 0.108 0.1115 0.1115 0.1045 0.1045 0.0995 0.0995 0.0995 0.102 0.102 0.1145 0.1145 0.108 0.108 0.108 0.0965 0.0965 0.0925 0.0925 0.0885 0.0885 0.0885 0.087
0.0835 0.0835 0.0825 0.0825 0.086 0.086 0.075 0.075 0.075 0.075 0.075 0.0765 0.0765 0.0765 0.0765 0.09649999 0.09649999 0.09649999 0.093 0.093 0.09450001 0.09450001 0.0895 0.0895 0.0895 0.0895 0.0895 0.083 0.083 0.0905 0.0905 0.0905 0.0885 0.0885 0.1 0.1 0.087 0.087 0.087 0.083 0.083 0.1095 0.1095 0.1395 0.1395 0.1395 0.1085 0.1085 0.0985 0.0985 0.1075 0.1075 0.108 0.108 0.108 0.1115 0.1115 0.1045 0.1045 0.0995 0.0995 0.0995 0.102 0.102 0.1145 0.1145 0.108 0.108 0.108 0.0965 0.0965 0.0925 0.0925 0.0885 0.0885 0.0885 0.087
0.122 0.122 0.0825 0.0825 0.08 0.08 0.0825 0.0825 0.0825 0.08149999 0.08149999 0.095 0.095 0.0815 0.0815 0.0825 0.0825 0.0825 0.079 0.079 0.085 0.085 0.09550001 0.09550001 0.09550001 0.086 0.086 0.0855 0.0855 0.0925 0.0925 0.0925 0.097 0.097 0.13 0.13 0.1205 0.1205 0.1205 0.1305 0.1305 0.1315 0.1315 0.1305 0.1305 0.1305 0.122 0.122 0.109 0.109 0.114 0.114 0.1295 0.1295 0.1295 0.1195 0.1195 0.1215 0.1215 0.122 0.122 0.122 0.121 0.121 0.098 0.098 0.09450001 0.09450001 0.09450001 0.1015 0.1015 0.09450001 0.09450001 0.103 0.103 0.103 0.105
0.122 0.122 0.0825 0.0825 0.08 0.08 0.0825 0.0825 0.0825 0.08149999 0.08149999 0.095 0.095 0.0815 0.0815 0.0825 0.0825 0.0825 0.079 0.079 0.085 0.085 0.09550001 0.09550001 0.09550001 0.086 0.086 0.0855 0.0855 0.0925 0.0925 0.0925 0.097 0.097 0.13 0.13 0.1205 0.1205 0.1205 0.1305 0.1305 0.1315 0.1315 0.1305 0.1305 0.1305 0.122 0.122 0.109 0.109 0.114 0.114 0.1295 0.1295 0.1295 0.1195 0.1195 0.1215 0.1215 0.122 0.122 0.122 0.121 0.121 0.098 0.098 0.09450001 0.09450001 0.09450001 0.1015 0.1015 0.09450001 0.09450001 0.103 0.103 0.103 0.105
0.122 0.122 0.0825 0.0825 0.08 0.08 0.0825 0.0825 0.0825 0.08149999 0.08149999 0.095 0.095 0.0815 0.0815 0.0825 0.0825 0.0825 0.079 0.079 0.085 0.085 0.09550001 0.09550001 0.09550001 0.086 0.086 0.0855 0.0855 0.0925 0.0925 0.0925 0.097 0.097 0.13 0.13 0.1205 0.1205 0.1205 0.1305 0.1305 0.1315 0.1315 0.1305 0.1305 0.1305 0.122 0.122 0.109 0.109 0.114 0.114 0.1295 0.1295 0.1295 0.1195 0.1195 0.1215 0.1215 0.122 0.122 0.122 0.121 0.121 0.098 0.098 0.09450001 0.09450001 0.09450001 0.1015 0.1015 0.09450001 0.09450001 0.103 0.103 0.103 0.105
0.079 0.079 0.08 0.08 0.089 0.089 0.09 0.09 0.09 0.0885 0.0885 0.08050001 0.08050001 0.0925 0.0925 0.09100001 0.09100001 0.09100001 0.0965 0.0965 0.0955 0.0955 0.0995 0.0995 0.0995 0.0955 0.0955 0.095 0.095 0.0965 0.0965 0.0965 0.101 0.101 0.112 0.112 0.1145 0.1145 0.1145 0.1175 0.1175 0.1235 0.1235 0.1365 0.1365 0.1365 0.139 0.139 0.12 0.12 0.164 0.164 0.143 0.143 0.143 0.1235 0.1235 0.1225 0.1225 0.13 0.13 0.13 0.1125 0.1125 0.117 0.117 0.1055 0.1055 0.1055 0.097 0.097 0.117 0.117 0.1 0.1 0.1 0.1065
0.079 0.079 0.08 0.08 0.089 0.089 0.09 0.09 0.09 0.0885 0.0885 0.08050001 0.08050001 0.0925 0.0925 0.09100001 0.09100001 0.09100001 0.0965 0.0965 0.0955 0.0955 0.0995 0.0995 0.0995 0.0955 0.0955 0.095 0.095 0.0965 0.0965 0.0965 0.101 0.101 0.112 0.112 0.1145 0.1145 0.1145 0.1175 0.1175 0.1235 0.1235 0.1365 0.1365 0.1365 0.139 0.139 0.12 0.12 0.164 0.164 0.143 0.143 0.143 0.1235 0.1235 0.1225 0.1225 0.13 0.13 0.13 0.1125 0.1125 0.117 0.117 0.1055 0.1055 0.1055 0.097 0.097 0.117 0.117 0.1 0.1 0.1 0.1065
0.0815 0.0815 0.0835 0.0835 0.082 0.082 0.0855 0.0855 0.0855 0.0865 0.0865 0.088 0.088 0.1005 0.1005 0.0985 0.0985 0.0985 0.0885 0.0885 0.096 0.096 0.103 0.103 0.103 0.1035 0.1035 0.097 0.097 0.0955 0.0955 0.0955 0.096 0.096 0.092 0.092 0.1015 0.1015 0.1015 0.107 0.107 0.1215 0.1215 0.147 0.147 0.147 0.146 0.146 0.1395 0.1395 0.1675 0.1675 0.1335 0.1335 0.1335 0.0835 0.0835 0.0895 0.0895 0.09550001 0.09550001 0.09550001 0.1155 0.1155 0.097 0.097 0.113 0.113 0.113 0.1085 0.1085 0.109 0.109 0.1065 0.1065 0.1065 0.104
0.0815 0.0815 0.0835 0.0835 0.082 0.082 0.0855 0.0855 0.0855 0.0865 0.0865 0.088 0.088 0.1005 0.1005 0.0985 0.0985 0.0985 0.0885 0.0885 0.096 0.096 0.103 0.103 0.103 0.1035 0.1035 0.097 0.097 0.0955 0.0955 0.0955 0.096 0.096 0.092 0.092 0.1015 0.1015 0.1015 0.107 0.107 0.1215 0.1215 0.147 0.147 0.147 0.146 0.146 0.1395 0.1395 0.1675 0.1675 0.1335 0.1335 0.1335 0.0835 0.0835 0.0895 0.0895 0.09550001 0.09550001 0.09550001 0.1155 0.1155 0.097 0.097 0.113 0.113 0.113 0.1085 0.1085 0.109 0.109 0.1065 0.1065 0.1065 0.104
0.09299999 0.09299999 0.0825 0.0825 0.0865 0.0865 0.0885 0.0885 0.0885 0.0985 0.0985 0.107 0.107 0.099 0.099 0.0905 0.0905 0.0905 0.09100001 0.09100001 0.093 0.093 0.092 0.092 0.092 0.0945 0.0945 0.111 0.111 0.1245 0.1245 0.1245 0.0955 0.0955 0.096 0.096 0.09100001 0.09100001 0.09100001 0.0975 0.0975 0.114 0.114 0.128 0.128 0.128 0.146 0.146 0.1375 0.1375 0.1285 0.1285 0.1225 0.1225 0.1225 0.1275 0.1275 0.1255 0.1255 0.129 0.129 0.129 0.154 0.154 0.141 0.141 0.129 0.129 0.129 0.1195 0.1195 0.1155 0.1155 0.1065 0.1065 0.1065 0.1365
0.09299999 0.09299999 0.0825 0.0825 0.0865 0.0865 0.0885 0.0885 0.0885 0.0985 0.0985 0.107 0.107 0.099 0.099 0.0905 0.0905 0.0905 0.09100001 0.09100001 0.093 0.093 0.092 0.092 0.092 0.0945 0.0945 0.111 0.111 0.1245 0.1245 0.1245 0.0955 0.0955 0.096 0.096 0.09100001 0.09100001 0.09100001 0.0975 0.0975 0.114 0.114 0.128 0.128 0.128 0.146 0.146 0.1375 0.1375 0.1285 0.1285 0.1225 0.1225 0.1225 0.1275 0.1275 0.1255 0.1255 0.129 0.129 0.129 0.154 0.154 0.141 0.141 0.129 0.129 0.129 0.1195 0.1195 0.1155 0.1155 0.1065 0.1065 0.1065 0.1365
0.09299999 0.09299999 0.0825 0.0825 0.0865 0.0865 0.0885 0.0885 0.0885 0.0985 0.0985 0.107 0.107 0.099 0.099 0.0905 0.0905 0.0905 0.09100001 0.09100001 0.093 0.093 0.092 0.092 0.092 0.0945 0.0945 0.111 0.111 0.1245 0.1245 0.1245 0.0955 0.0955 0.096 0.096 0.09100001 0.09100001 0.09100001 0.0975 0.0975 0.114 0.114 0.128 0.128 0.128 0.146 0.146 0.1375 0.1375 0.1285 0.1285 0.1225 0.1225 0.1225 0.1275 0.1275 0.1255 0.1255 0.129 0.129 0.129 0.154 0.154 0.141 0.141 0.129 0.129 0.129 0.1195 0.1195 0.1155 0.1155 0.1065 0.1065 0.1065 0.1365
0.082 0.082 0.0925 0.0925 0.094 0.094 0.0955 0.0955 0.0955 0.111 0.111 0.107 0.107 0.121 0.121 0.1025 0.1025 0.1025 0.095 0.095 0.0955 0.0955 0.095 0.095 0.095 0.104 0.104 0.124 0.124 0.1235 0.1235 0.1235 0.1305 0.1305 0.13 0.13 0.101 0.101 0.101 0.099 0.099 0.1045 0.1045 0.117 0.117 0.117 0.1185 0.1185 0.117 0.117 0.1085 0.1085 0.1235 0.1235 0.1235 0.0985 0.0985 0.07600001 0.07600001 0.1075 0.1075 0.1075 0.128 0.128 0.136 0.136 0.149 0.149 0.149 0.1495 0.1495 0.1125 0.1125 0.1225 0.1225 0.1225 0.1315
0.082 0.082 0.0925 0.0925 0.094 0.094 0.0955 0.0955 0.0955 0.111 0.111 0.107 0.107 0.121 0.121 0.1025 0.1025 0.1025 0.095 0.095 0.0955 0.0955 0.095 0.095 0.095 0.104 0.104 0.124 0.124 0.1235 0.1235 0.1235 0.1305 0.1305 0.13 0.13 0.101 0.101 0.101 0.099 0.099 0.1045 0.1045 0.117 0.117 0.117 0.1185 0.1185 0.117 0.117 0.1085 0.1085 0.1235 0.1235 0.1235 0.0985 0.0985 0.07600001 0.07600001 0.1075 0.1075 0.1075 0.128 0.128 0.136 0.136 0.149 0.149 0.149 0.1495 0.1495 0.1125 0.1125 0.1225 0.1225 0.1225 0.1315
0.0925 0.0925 0.0905 0.0905 0.1235 0.1235 0.161 0.161 0.161 0.1615 0.1615 0.181 0.181 0.209 0.209 0.193 0.193 0.193 0.135 0.135 0.1455 0.1455 0.1265 0.1265 0.1265 0.1265 0.1265 0.119 0.119 0.147 0.147 0.147 0.159 0.159 0.1795 0.1795 0.109 0.109 0.109 0.0985 0.0985 0.123 0.123 0.128 0.128 0.128 0.1295 0.1295 0.117 0.117 0.115 0.115 0.12 0.12 0.12 0.1035 0.1035 0.109 0.109 0.11 0.11 0.11 0.169 0.169 0.2035 0.2035 0.1615 0.1615 0.1615 0.1515 0.1515 0.1335 0.1335 0.12 0.12 0.12 0.1265
0.0925 0.0925 0.0905 0.0905 0.1235 0.1235 0.161 0.161 0.161 0.1615 0.1615 0.181 0.181 0.209 0.209 0.193 0.193 0.193 0.135 0.135 0.1455 0.1455 0.1265 0.1265 0.1265 0.1265 0.1265 0.119 0.119 0.147 0.147 0.147 0.159 0.159 0.1795 0.1795 0.109 0.109 0.109 0.0985 0.0985 0.123 0.123 0.128 0.128 0.128 0.1295 0.1295 0.117 0.117 0.115 0.115 0.12 0.12 0.12 0.1035 0.1035 0.109 0.109 0.11 0.11 0.11 0.169 0.169 0.2035 0.2035 0.1615 0.1615 0.1615 0.1515 0.1515 0.1335 0.1335 0.12 0.12 0.12 0.1265
0.1145 0.1145 0.12 0.12 0.1365 0.1365 0.184 0.184 0.184 0.24 0.24 0.2395 0.2395 0.233 0.233 0.167 0.167 0.167 0.1405 0.1405 0.1365 0.1365 0.139 0.139 0.139 0.1385 0.1385 0.1515 0.1515 0.1575 0.1575 0.1575 0.139 0.139 0.144 0.144 0.1015 0.1015 0.1015 0.0985 0.0985 0.137 0.137 0.122 0.122 0.122 0.1275 0.1275 0.084 0.084 0.1195 0.1195 0.134 0.134 0.134 0.1235 0.1235 0.138 0.138 0.1795 0.1795 0.1795 0.1745 0.1745 0.152 0.152 0.164 0.164 0.164 0.1545 0.1545 0.151 0.151 0.128 0.128 0.128 0.1235
0.1145 0.1145 0.12 0.12 0.1365 0.1365 0.184 0.184 0.184 0.24 0.24 0.2395 0.2395 0.233 0.233 0.167 0.167 0.167 0.1405 0.1405 0.1365 0.1365 0.139 0.139 0.139 0.1385 0.1385 0.1515 0.1515 0.1575 0.1575 0.1575 0.139 0.139 0.144 0.144 0.1015 0.1015 0.1015 0.0985 0.0985 0.137 0.137 0.122 0.122 0.122 0.1275 0.1275 0.084 0.084 0.1195 0.1195 0.134 0.134 0.134 0.1235 0.1235 0.138 0.138 0.1795 0.1795 0.1795 0.1745 0.1745 0.152 0.152 0.164 0.164 0.164 0.1545 0.1545 0.151 0.151 0.128 0.128 0.128 0.1235
0.1145 0.1145 0.12 0.12 0.1365 0.1365 0.184 0.184 0.184 0.24 0.24 0.2395 0.2395 0.233 0.233 0.167 0.167 0.167 0.1405 0.1405 0.1365 0.1365 0.139 0.139 0.139 0.1385 0.1385 0.1515 0.1515 0.1575 0.1575 0.1575 0.139 0.139 0.144 0.144 0.1015 0.1015 0.1015 0.0985 0.0985 0.137 0.137 0.122 0.122 0.122 0.1275 0.1275 0.084 0.084 0.1195 0.1195 0.134 0.134 0.134 0.1235 0.1235 0.138 0.138 0.1795 0.1795 0.1795 0.1745 0.1745 0.152 0.152 0.164 0.164 0.164 0.1545 0.1545 0.151 0.151 0.128 0.128 0.128 0.1235
0.129 0.129 0.151 0.151 0.2205 0.2205 0.2415 0.2415 0.2415 0.2395 0.2395 0.245 0.245 0.208 0.208 0.224 0.224 0.224 0.227 0.227 0.159 0.159 0.1525 0.1525 0.1525 0.13 0.13 0.1375 0.1375 0.1625 0.1625 0.1625 0.211 0.211 0.144 0.144 0.1245 0.1245 0.1245 0.1145 0.1145 0.1575 0.1575 0.09649999 0.09649999 0.09649999 0.142 0.142 0.0875 0.0875 0.125 0.125 0.144 0.144 0.144 0.157 0.157 0.1815 0.1815 0.1755 0.1755 0.1755 0.199 0.199 0.2295 0.2295 0.1795 0.1795 0.1795 0.1885 0.1885 0.136 0.136 0.1345 0.1345 0.1345 0.1205
0.129 0.129 0.151 0.151 0.2205 0.2205 0.2415 0.2415 0.2415 0.2395 0.2395 0.245 0.245 0.208 0.208 0.224 0.224 0.224 0.227 0.227 0.159 0.159 0.1525 0.1525 0.1525 0.13 0.13 0.1375 0.1375 0.1625 0.1625 0.1625 0.211 0.211 0.144 0.144 0.1245 0.1245 0.1245 0.1145 0.1145 0.1575 0.1575 0.09649999 0.09649999 0.09649999 0.142 0.142 0.0875 0.0875 0.125 0.125 0.144 0.144 0.144 0.157 0.157 0.1815 0.1815 0.1755 0.1755 0.1755 0.199 0.199 0.2295 0.2295 0.1795 0.1795 0.1795 0.1885 0.1885 0.136 0.136 0.1345 0.1345 0.1345 0.1205
0.0955 0.0955 0.1705 0.1705 0.212 0.212 0.2415 0.2415 0.2415 0.2515 0.2515 0.217 0.217 0.212 0.212 0.2225 0.2225 0.2225 0.2285 0.2285 0.202 0.202 0.2455 0.2455 0.2455 0.218 0.218 0.1825 0.1825 0.182 0.182 0.182 0.19 0.19 0.267 0.267 0.1495 0.1495 0.1495 0.143 0.143 0.1385 0.1385 0.129 0.129 0.129 0.156 0.156 0.136 0.136 0.125 0.125 0.2025 0.2025 0.2025 0.2135 0.2135 0.1815 0.1815 0.187 0.187 0.187 0.234 0.234 0.213 0.213 0.17 0.17 0.17 0.1535 0.1535 0.116 0.116 0.1185 0.1185 0.1185 0.108
0.0955 0.0955 0.1705 0.1705 0.212 0.212 0.2415 0.2415 0.2415 0.2515 0.2515 0.217 0.217 0.212 0.212 0.2225 0.2225 0.2225 0.2285 0.2285 0.202 0.202 0.2455 0.2455 0.2455 0.218 0.218 0.1825 0.1825 0.182 0.182 0.182 0.19 0.19 0.267 0.267 0.1495 0.1495 0.1495 0.143 0.143 0.1385 0.1385 0.129 0.129 0.129 0.156 0.156 0.136 0.136 0.125 0.125 0.2025 0.2025 0.2025 0.2135 0.2135 0.1815 0.1815 0.187 0.187 0.187 0.234 0.234 0.213 0.213 0.17 0.17 0.17 0.1535 0.1535 0.116 0.116 0.1185 0.1185 0.1185 0.108
0.1695 0.1695 0.1295 0.1295 0.1375 0.1375 0.147 0.147 0.147 0.2305 0.2305 0.2385 0.2385 0.2415 0.2415 0.2595 0.2595 0.2595 0.2825 0.2825 0.2905 0.2905 0.352 0.352 0.352 0.288 0.288 0.281 0.281 0.236 0.236 0.236 0.2595 0.2595 0.248 0.248 0.2025 0.2025 0.2025 0.1685 0.1685 0.1215 0.1215 0.196 0.196 0.196 0.2055 0.2055 0.2165 0.2165 0.1895 0.1895 0.247 0.247 0.247 0.1915 0.1915 0.183 0.183 0.214 0.214 0.214 0.188 0.188 0.2105 0.2105 0.2365 0.2365 0.2365 0.2295 0.2295 0.1875 0.1875 0.219 0.219 0.219 0.3345
0.1695 0.1695 0.1295 0.1295 0.1375 0.1375 0.147 0.147 0.147 0.2305 0.2305 0.2385 0.2385 0.2415 0.2415 0.2595 0.2595 0.2595 0.2825 0.2825 0.2905 0.2905 0.352 0.352 0.352 0.288 0.288 0.281 0.281 0.236 0.236 0.236 0.2595 0.2595 0.248 0.248 0.2025 0.2025 0.2025 0.1685 0.1685 0.1215 0.1215 0.196 0.196 0.196 0.2055 0.2055 0.2165 0.2165 0.1895 0.1895 0.247 0.247 0.247 0.1915 0.1915 0.183 0.183 0.214 0.214 0.214 0.188 0.188 0.2105 0.2105 0.2365 0.2365 0.2365 0.2295 0.2295 0.1875 0.1875 0.219 0.219 0.219 0.3345
