ndvi/NOAA-209.asc
ncols         252
nrows         154
xllcorner     -18.017974
yllcorner     13.481982
cellsize      0.035948
NODATA_value  -9999
[rows 0 to 33 of 154, columns 77 to 153 of 252]
0.126 0.126 0.1235 0.1235 0.122 0.122 0.124 0.124 0.124 0.123 0.123 0.1225 0.1225 0.131 0.131 0.128 0.128 0.128 0.1265 0.1265 0.121 0.121 0.1205 0.1205 0.1205 0.122 0.122 0.1195 0.1195 0.1195 0.1195 0.1195 0.117 0.117 0.1145 0.1145 0.113 0.113 0.113 0.111 0.111 0.1115 0.1115 0.1155 0.1155 0.1155 0.113 0.113 0.115 0.115 0.114 0.114 0.117 0.117 0.117 0.1135 0.1135 0.1205 0.1205 0.123 0.123 0.123 0.1285 0.1285 0.1295 0.1295 0.127 0.127 0.127 0.123 0.123 0.122 0.122 0.1225 0.1225 0.1225 0.127
0.126 0.126 0.1235 0.1235 0.122 0.122 0.124 0.124 0.124 0.123 0.123 0.1225 0.1225 0.131 0.131 0.128 0.128 0.128 0.1265 0.1265 0.121 0.121 0.1205 0.1205 0.1205 0.122 0.122 0.1195 0.1195 0.1195 0.1195 0.1195 0.117 0.117 0.1145 0.1145 0.113 0.113 0.113 0.111 0.111 0.1115 0.1115 0.1155 0.1155 0.1155 0.113 0.113 0.115 0.115 0.114 0.114 0.117 0.117 0.117 0.1135 0.1135 0.1205 0.1205 0.123 0.123 0.123 0.1285 0.1285 0.1295 0.1295 0.127 0.127 0.127 0.123 0.123 0.122 0.122 0.1225 0.1225 0.1225 0.127
0.126 0.126 0.127 0.127 0.123 0.123 0.123 0.123 0.123 0.122 0.122 0.131 0.131 0.1335 0.1335 0.132 0.132 0.132 0.126 0.126 0.1245 0.1245 0.1285 0.1285 0.1285 0.125 0.125 0.123 0.123 0.118 0.118 0.118 0.1115 0.1115 0.11 0.11 0.1095 0.1095 0.1095 0.1125 0.1125 0.1105 0.1105 0.112 0.112 0.112 0.1205 0.1205 0.119 0.119 0.125 0.125 0.132 0.132 0.132 0.13 0.13 0.129 0.129 0.127 0.127 0.127 0.128 0.128 0.1285 0.1285 0.1275 0.1275 0.1275 0.1275 0.1275 0.122 0.122 0.1205 0.1205 0.1205 0.122
0.126 0.126 0.127 0.127 0.123 0.123 0.123 0.123 0.123 0.122 0.122 0.131 0.131 0.1335 0.1335 0.132 0.132 0.132 0.126 0.126 0.1245 0.1245 0.1285 0.1285 0.1285 0.125 0.125 0.123 0.123 0.118 0.118 0.118 0.1115 0.1115 0.11 0.11 0.1095 0.1095 0.1095 0.1125 0.1125 0.1105 0.1105 0.112 0.112 0.112 0.1205 0.1205 0.119 0.119 0.125 0.125 0.132 0.132 0.132 0.13 0.13 0.129 0.129 0.127 0.127 0.127 0.128 0.128 0.1285 0.1285 0.1275 0.1275 0.1275 0.1275 0.1275 0.122 0.122 0.1205 0.1205 0.1205 0.122
0.126 0.126 0.127 0.127 0.123 0.123 0.123 0.123 0.123 0.122 0.122 0.131 0.131 0.1335 0.1335 0.132 0.132 0.132 0.126 0.126 0.1245 0.1245 0.1285 0.1285 0.1285 0.125 0.125 0.123 0.123 0.118 0.118 0.118 0.1115 0.1115 0.11 0.11 0.1095 0.1095 0.1095 0.1125 0.1125 0.1105 0.1105 0.112 0.112 0.112 0.1205 0.1205 0.119 0.119 0.125 0.125 0.132 0.132 0.132 0.13 0.13 0.129 0.129 0.127 0.127 0.127 0.128 0.128 0.1285 0.1285 0.1275 0.1275 0.1275 0.1275 0.1275 0.122 0.122 0.1205 0.1205 0.1205 0.122
0.1255 0.1255 0.1265 0.1265 0.1225 0.1225 0.125 0.125 0.125 0.129 0.129 0.1305 0.1305 0.133 0.133 0.131 0.131 0.131 0.121 0.121 0.126 0.126 0.1245 0.1245 0.1245 0.119 0.119 0.117 0.117 0.114 0.114 0.114 0.108 0.108 0.111 0.111 0.119 0.119 0.119 0.1145 0.1145 0.114 0.114 0.119 0.119 0.119 0.122 0.122 0.134 0.134 0.1355 0.1355 0.133 0.133 0.133 0.135 0.135 0.131 0.131 0.1325 0.1325 0.1325 0.1305 0.1305 0.132 0.132 0.134 0.134 0.134 0.132 0.132 0.1305 0.1305 0.1265 0.1265 0.1265 0.126
0.1255 0.1255 0.1265 0.1265 0.1225 0.1225 0.125 0.125 0.125 0.129 0.129 0.1305 0.1305 0.133 0.133 0.131 0.131 0.131 0.121 0.121 0.126 0.126 0.1245 0.1245 0.1245 0.119 0.119 0.117 0.117 0.114 0.114 0.114 0.108 0.108 0.111 0.111 0.119 0.119 0.119 0.1145 0.1145 0.114 0.114 0.119 0.119 0.119 0.122 0.122 0.134 0.134 0.1355 0.1355 0.133 0.133 0.133 0.135 0.135 0.131 0.131 0.1325 0.1325 0.1325 0.1305 0.1305 0.132 0.132 0.134 0.134 0.134 0.132 0.132 0.1305 0.1305 0.1265 0.1265 0.1265 0.126
0.121 0.121 0.1275 0.1275 0.125 0.125 0.129 0.129 0.129 0.132 0.132 0.1325 0.1325 0.1275 0.1275 0.1275 0.1275 0.1275 0.132 0.132 0.127 0.127 0.1235 0.1235 0.1235 0.12 0.12 0.1165 0.1165 0.12 0.12 0.12 0.129 0.129 0.1265 0.1265 0.121 0.121 0.121 0.1225 0.1225 0.115 0.115 0.13 0.13 0.13 0.1355 0.1355 0.136 0.136 0.1355 0.1355 0.1425 0.1425 0.1425 0.1425 0.1425 0.1385 0.1385 0.1365 0.1365 0.1365 0.133 0.133 0.1325 0.1325 0.1335 0.1335 0.1335 0.1365 0.1365 0.136 0.136 0.132 0.132 0.132 0.1275
0.121 0.121 0.1275 0.1275 0.125 0.125 0.129 0.129 0.129 0.132 0.132 0.1325 0.1325 0.1275 0.1275 0.1275 0.1275 0.1275 0.132 0.132 0.127 0.127 0.1235 0.1235 0.1235 0.12 0.12 0.1165 0.1165 0.12 0.12 0.12 0.129 0.129 0.1265 0.1265 0.121 0.121 0.121 0.1225 0.1225 0.115 0.115 0.13 0.13 0.13 0.1355 0.1355 0.136 0.136 0.1355 0.1355 0.1425 0.1425 0.1425 0.1425 0.1425 0.1385 0.1385 0.1365 0.1365 0.1365 0.133 0.133 0.1325 0.1325 0.1335 0.1335 0.1335 0.1365 0.1365 0.136 0.136 0.132 0.132 0.132 0.1275
0.124 0.124 0.134 0.134 0.1285 0.1285 0.1315 0.1315 0.1315 0.1295 0.1295 0.1295 0.1295 0.13 0.13 0.127 0.127 0.127 0.1305 0.1305 0.133 0.133 0.134 0.134 0.134 0.133 0.133 0.133 0.133 0.1335 0.1335 0.1335 0.133 0.133 0.135 0.135 0.129 0.129 0.129 0.126 0.126 0.1315 0.1315 0.14 0.14 0.14 0.138 0.138 0.14 0.14 0.1395 0.1395 0.1425 0.1425 0.1425 0.1405 0.1405 0.1385 0.1385 0.1375 0.1375 0.1375 0.1395 0.1395 0.1375 0.1375 0.1325 0.1325 0.1325 0.1355 0.1355 0.135 0.135 0.1295 0.1295 0.1295 0.1315
0.124 0.124 0.134 0.134 0.1285 0.1285 0.1315 0.1315 0.1315 0.1295 0.1295 0.1295 0.1295 0.13 0.13 0.127 0.127 0.127 0.1305 0.1305 0.133 0.133 0.134 0.134 0.134 0.133 0.133 0.133 0.133 0.1335 0.1335 0.1335 0.133 0.133 0.135 0.135 0.129 0.129 0.129 0.126 0.126 0.1315 0.1315 0.14 0.14 0.14 0.138 0.138 0.14 0.14 0.1395 0.1395 0.1425 0.1425 0.1425 0.1405 0.1405 0.1385 0.1385 0.1375 0.1375 0.1375 0.1395 0.1395 0.1375 0.1375 0.1325 0.1325 0.1325 0.1355 0.1355 0.135 0.135 0.1295 0.1295 0.1295 0.1315
0.131 0.131 0.1315 0.1315 0.1395 0.1395 0.135 0.135 0.135 0.133 0.133 0.1325 0.1325 0.138 0.138 0.134 0.134 0.134 0.137 0.137 0.1355 0.1355 0.1395 0.1395 0.1395 0.1335 0.1335 0.1365 0.1365 0.133 0.133 0.133 0.1335 0.1335 0.1335 0.1335 0.1335 0.1335 0.1335 0.1345 0.1345 0.1385 0.1385 0.1425 0.1425 0.1425 0.136 0.136 0.1435 0.1435 0.143 0.143 0.146 0.146 0.146 0.146 0.146 0.1445 0.1445 0.146 0.146 0.146 0.148 0.148 0.14 0.14 0.138 0.138 0.138 0.14 0.14 0.1365 0.1365 0.1375 0.1375 0.1375 0.1385
0.131 0.131 0.1315 0.1315 0.1395 0.1395 0.135 0.135 0.135 0.133 0.133 0.1325 0.1325 0.138 0.138 0.134 0.134 0.134 0.137 0.137 0.1355 0.1355 0.1395 0.1395 0.1395 0.1335 0.1335 0.1365 0.1365 0.133 0.133 0.133 0.1335 0.1335 0.1335 0.1335 0.1335 0.1335 0.1335 0.1345 0.1345 0.1385 0.1385 0.1425 0.1425 0.1425 0.136 0.136 0.1435 0.1435 0.143 0.143 0.146 0.146 0.146 0.146 0.146 0.1445 0.1445 0.146 0.146 0.146 0.148 0.148 0.14 0.14 0.138 0.138 0.138 0.14 0.14 0.1365 0.1365 0.1375 0.1375 0.1375 0.1385
0.131 0.131 0.1315 0.1315 0.1395 0.1395 0.135 0.135 0.135 0.133 0.133 0.1325 0.1325 0.138 0.138 0.134 0.134 0.134 0.137 0.137 0.1355 0.1355 0.1395 0.1395 0.1395 0.1335 0.1335 0.1365 0.1365 0.133 0.133 0.133 0.1335 0.1335 0.1335 0.1335 0.1335 0.1335 0.1335 0.1345 0.1345 0.1385 0.1385 0.1425 0.1425 0.1425 0.136 0.136 0.1435 0.1435 0.143 0.143 0.146 0.146 0.146 0.146 0.146 0.1445 0.1445 0.146 0.146 0.146 0.148 0.148 0.14 0.14 0.138 0.138 0.138 0.14 0.14 0.1365 0.1365 0.1375 0.1375 0.1375 0.1385
0.135 0.135 0.136 0.136 0.1355 0.1355 0.1395 0.1395 0.1395 0.1375 0.1375 0.1355 0.1355 0.1405 0.1405 0.1415 0.1415 0.1415 0.1405 0.1405 0.1395 0.1395 0.1385 0.1385 0.1385 0.1355 0.1355 0.136 0.136 0.1315 0.1315 0.1315 0.1345 0.1345 0.133 0.133 0.129 0.129 0.129 0.133 0.133 0.1375 0.1375 0.136 0.136 0.136 0.146 0.146 0.146 0.146 0.145 0.145 0.151 0.151 0.151 0.151 0.151 0.1495 0.1495 0.1475 0.1475 0.1475 0.145 0.145 0.143 0.143 0.1395 0.1395 0.1395 0.136 0.136 0.138 0.138 0.1355 0.1355 0.1355 0.14
0.135 0.135 0.136 0.136 0.1355 0.1355 0.1395 0.1395 0.1395 0.1375 0.1375 0.1355 0.1355 0.1405 0.1405 0.1415 0.1415 0.1415 0.1405 0.1405 0.1395 0.1395 0.1385 0.1385 0.1385 0.1355 0.1355 0.136 0.136 0.1315 0.1315 0.1315 0.1345 0.1345 0.133 0.133 0.129 0.129 0.129 0.133 0.133 0.1375 0.1375 0.136 0.136 0.136 0.146 0.146 0.146 0.146 0.145 0.145 0.151 0.151 0.151 0.151 0.151 0.1495 0.1495 0.1475 0.1475 0.1475 0.145 0.145 0.143 0.143 0.1395 0.1395 0.1395 0.136 0.136 0.138 0.138 0.1355 0.1355 0.1355 0.14
0.1365 0.1365 0.1385 0.1385 0.14 0.14 0.135 0.135 0.135 0.1385 0.1385 0.141 0.141 0.148 0.148 0.1405 0.1405 0.1405 0.1385 0.1385 0.1365 0.1365 0.1375 0.1375 0.1375 0.1355 0.1355 0.1345 0.1345 0.1325 0.1325 0.1325 0.133 0.133 0.1305 0.1305 0.133 0.133 0.133 0.1335 0.1335 0.1405 0.1405 0.141 0.141 0.141 0.146 0.146 0.1475 0.1475 0.146 0.146 0.145 0.145 0.145 0.135 0.135 0.1405 0.1405 0.138 0.138 0.138 0.149 0.149 0.1415 0.1415 0.1395 0.1395 0.1395 0.133 0.133 0.135 0.135 0.137 0.137 0.137 0.14
0.1365 0.1365 0.1385 0.1385 0.14 0.14 0.135 0.135 0.135 0.1385 0.1385 0.141 0.141 0.148 0.148 0.1405 0.1405 0.1405 0.1385 0.1385 0.1365 0.1365 0.1375 0.1375 0.1375 0.1355 0.1355 0.1345 0.1345 0.1325 0.1325 0.1325 0.133 0.133 0.1305 0.1305 0.133 0.133 0.133 0.1335 0.1335 0.1405 0.1405 0.141 0.141 0.141 0.146 0.146 0.1475 0.1475 0.146 0.146 0.145 0.145 0.145 0.135 0.135 0.1405 0.1405 0.138 0.138 0.138 0.149 0.149 0.1415 0.1415 0.1395 0.1395 0.1395 0.133 0.133 0.135 0.135 0.137 0.137 0.137 0.14
0.1385 0.1385 0.137 0.137 0.138 0.138 0.1425 0.1425 0.1425 0.147 0.147 0.145 0.145 0.138 0.138 0.14 0.14 0.14 0.1375 0.1375 0.137 0.137 0.134 0.134 0.134 0.1375 0.1375 0.142 0.142 0.142 0.142 0.142 0.1405 0.1405 0.14 0.14 0.1365 0.1365 0.1365 0.136 0.136 0.14 0.14 0.1475 0.1475 0.1475 0.15 0.15 0.149 0.149 0.1425 0.1425 0.1445 0.1445 0.1445 0.146 0.146 0.1445 0.1445 0.1495 0.1495 0.1495 0.1565 0.1565 0.1455 0.1455 0.145 0.145 0.145 0.149 0.149 0.144 0.144 0.133 0.133 0.133 0.129
0.1385 0.1385 0.137 0.137 0.138 0.138 0.1425 0.1425 0.1425 0.147 0.147 0.145 0.145 0.138 0.138 0.14 0.14 0.14 0.1375 0.1375 0.137 0.137 0.134 0.134 0.134 0.1375 0.1375 0.142 0.142 0.142 0.142 0.142 0.1405 0.1405 0.14 0.14 0.1365 0.1365 0.1365 0.136 0.136 0.14 0.14 0.1475 0.1475 0.1475 0.15 0.15 0.149 0.149 0.1425 0.1425 0.1445 0.1445 0.1445 0.146 0.146 0.1445 0.1445 0.1495 0.1495 0.1495 0.1565 0.1565 0.1455 0.1455 0.145 0.145 0.145 0.149 0.149 0.144 0.144 0.133 0.133 0.133 0.129
0.1385 0.1385 0.137 0.137 0.138 0.138 0.1425 0.1425 0.1425 0.147 0.147 0.145 0.145 0.138 0.138 0.14 0.14 0.14 0.1375 0.1375 0.137 0.137 0.134 0.134 0.134 0.1375 0.1375 0.142 0.142 0.142 0.142 0.142 0.1405 0.1405 0.14 0.14 0.1365 0.1365 0.1365 0.136 0.136 0.14 0.14 0.1475 0.1475 0.1475 0.15 0.15 0.149 0.149 0.1425 0.1425 0.1445 0.1445 0.1445 0.146 0.146 0.1445 0.1445 0.1495 0.1495 0.1495 0.1565 0.1565 0.1455 0.1455 0.145 0.145 0.145 0.149 0.149 0.144 0.144 0.133 0.133 0.133 0.129
0.1375 0.1375 0.146 0.146 0.1415 0.1415 0.1435 0.1435 0.1435 0.1455 0.1455 0.1425 0.1425 0.143 0.143 0.143 0.143 0.143 0.139 0.139 0.1395 0.1395 0.14 0.14 0.14 0.1425 0.1425 0.152 0.152 0.1595 0.1595 0.1595 0.156 0.156 0.157 0.157 0.146 0.146 0.146 0.139 0.139 0.153 0.153 0.159 0.159 0.159 0.1525 0.1525 0.1495 0.1495 0.146 0.146 0.149 0.149 0.149 0.147 0.147 0.151 0.151 0.1535 0.1535 0.1535 0.1565 0.1565 0.1535 0.1535 0.1485 0.1485 0.1485 0.149 0.149 0.148 0.148 0.14 0.14 0.14 0.1435
0.1375 0.1375 0.146 0.146 0.1415 0.1415 0.1435 0.1435 0.1435 0.1455 0.1455 0.1425 0.1425 0.143 0.143 0.143 0.143 0.143 0.139 0.139 0.1395 0.1395 0.14 0.14 0.14 0.1425 0.1425 0.152 0.152 0.1595 0.1595 0.1595 0.156 0.156 0.157 0.157 0.146 0.146 0.146 0.139 0.139 0.153 0.153 0.159 0.159 0.159 0.1525 0.1525 0.1495 0.1495 0.146 0.146 0.149 0.149 0.149 0.147 0.147 0.151 0.151 0.1535 0.1535 0.1535 0.1565 0.1565 0.1535 0.1535 0.1485 0.1485 0.1485 0.149 0.149 0.148 0.148 0.14 0.14 0.14 0.1435
0.1375 0.1375 0.14 0.14 0.143 0.143 0.155 0.155 0.155 0.1625 0.1625 0.162 0.162 0.1425 0.1425 0.1435 0.1435 0.1435 0.161 0.161 0.1595 0.1595 0.1505 0.1505 0.1505 0.147 0.147 0.1535 0.1535 0.1445 0.1445 0.1445 0.1405 0.1405 0.143 0.143 0.1505 0.1505 0.1505 0.1435 0.1435 0.156 0.156 0.1585 0.1585 0.1585 0.149 0.149 0.162 0.162 0.1505 0.1505 0.1475 0.1475 0.1475 0.1515 0.1515 0.1525 0.1525 0.155 0.155 0.155 0.1545 0.1545 0.148 0.148 0.15 0.15 0.15 0.1475 0.1475 0.1435 0.1435 0.146 0.146 0.146 0.142
0.1375 0.1375 0.14 0.14 0.143 0.143 0.155 0.155 0.155 0.1625 0.1625 0.162 0.162 0.1425 0.1425 0.1435 0.1435 0.1435 0.161 0.161 0.1595 0.1595 0.1505 0.1505 0.1505 0.147 0.147 0.1535 0.1535 0.1445 0.1445 0.1445 0.1405 0.1405 0.143 0.143 0.1505 0.1505 0.1505 0.1435 0.1435 0.156 0.156 0.1585 0.1585 0.1585 0.149 0.149 0.162 0.162 0.1505 0.1505 0.1475 0.1475 0.1475 0.1515 0.1515 0.1525 0.1525 0.155 0.155 0.155 0.1545 0.1545 0.148 0.148 0.15 0.15 0.15 0.1475 0.1475 0.1435 0.1435 0.146 0.146 0.146 0.142
0.1455 0.1455 0.1485 0.1485 0.151 0.151 0.1555 0.1555 0.1555 0.158 0.158 0.1595 0.1595 0.148 0.148 0.147 0.147 0.147 0.1535 0.1535 0.1585 0.1585 0.155 0.155 0.155 0.1585 0.1585 0.1545 0.1545 0.141 0.141 0.141 0.1525 0.1525 0.152 0.152 0.1485 0.1485 0.1485 0.1455 0.1455 0.155 0.155 0.1505 0.1505 0.1505 0.1505 0.1505 0.1515 0.1515 0.1615 0.1615 0.157 0.157 0.157 0.1465 0.1465 0.139 0.139 0.155 0.155 0.155 0.156 0.156 0.163 0.163 0.1545 0.1545 0.1545 0.149 0.149 0.153 0.153 0.1425 0.1425 0.1425 0.1525
0.1455 0.1455 0.1485 0.1485 0.151 0.151 0.1555 0.1555 0.1555 0.158 0.158 0.1595 0.1595 0.148 0.148 0.147 0.147 0.147 0.1535 0.1535 0.1585 0.1585 0.155 0.155 0.155 0.1585 0.1585 0.1545 0.1545 0.141 0.141 0.141 0.1525 0.1525 0.152 0.152 0.1485 0.1485 0.1485 0.1455 0.1455 0.155 0.155 0.1505 0.1505 0.1505 0.1505 0.1505 0.1515 0.1515 0.1615 0.1615 0.157 0.157 0.157 0.1465 0.1465 0.139 0.139 0.155 0.155 0.155 0.156 0.156 0.163 0.163 0.1545 0.1545 0.1545 0.149 0.149 0.153 0.153 0.1425 0.1425 0.1425 0.1525
0.1455 0.1455 0.1485 0.1485 0.151 0.151 0.1555 0.1555 0.1555 0.158 0.158 0.1595 0.1595 0.148 0.148 0.147 0.147 0.147 0.1535 0.1535 0.1585 0.1585 0.155 0.155 0.155 0.1585 0.1585 0.1545 0.1545 0.141 0.141 0.141 0.1525 0.1525 0.152 0.152 0.1485 0.1485 0.1485 0.1455 0.1455 0.155 0.155 0.1505 0.1505 0.1505 0.1505 0.1505 0.1515 0.1515 0.1615 0.1615 0.157 0.157 0.157 0.1465 0.1465 0.139 0.139 0.155 0.155 0.155 0.156 0.156 0.163 0.163 0.1545 0.1545 0.1545 0.149 0.149 0.153 0.153 0.1425 0.1425 0.1425 0.1525
0.1525 0.1525 0.1615 0.1615 0.1485 0.1485 0.161 0.161 0.161 0.1615 0.1615 0.1625 0.1625 0.157 0.157 0.1725 0.1725 0.1725 0.157 0.157 0.167 0.167 0.162 0.162 0.162 0.1575 0.1575 0.1605 0.1605 0.1575 0.1575 0.1575 0.1455 0.1455 0.159 0.159 0.1625 0.1625 0.1625 0.1515 0.1515 0.166 0.166 0.1545 0.1545 0.1545 0.154 0.154 0.1555 0.1555 0.1625 0.1625 0.155 0.155 0.155 0.163 0.163 0.146 0.146 0.16 0.16 0.16 0.157 0.157 0.1625 0.1625 0.1545 0.1545 0.1545 0.147 0.147 0.147 0.147 0.151 0.151 0.151 0.149
0.1525 0.1525 0.1615 0.1615 0.1485 0.1485 0.161 0.161 0.161 0.1615 0.1615 0.1625 0.1625 0.157 0.157 0.1725 0.1725 0.1725 0.157 0.157 0.167 0.167 0.162 0.162 0.162 0.1575 0.1575 0.1605 0.1605 0.1575 0.1575 0.1575 0.1455 0.1455 0.159 0.159 0.1625 0.1625 0.1625 0.1515 0.1515 0.166 0.166 0.1545 0.1545 0.1545 0.154 0.154 0.1555 0.1555 0.1625 0.1625 0.155 0.155 0.155 0.163 0.163 0.146 0.146 0.16 0.16 0.16 0.157 0.157 0.1625 0.1625 0.1545 0.1545 0.1545 0.147 0.147 0.147 0.147 0.151 0.151 0.151 0.149
0.156 0.156 0.166 0.166 0.1505 0.1505 0.1505 0.1505 0.1505 0.161 0.161 0.167 0.167 0.1705 0.1705 0.186 0.186 0.186 0.1725 0.1725 0.157 0.157 0.1475 0.1475 0.1475 0.149 0.149 0.1725 0.1725 0.17 0.17 0.17 0.1685 0.1685 0.1595 0.1595 0.157 0.157 0.157 0.1635 0.1635 0.1505 0.1505 0.1595 0.1595 0.1595 0.1575 0.1575 0.162 0.162 0.166 0.166 0.1645 0.1645 0.1645 0.1665 0.1665 0.164 0.164 0.1705 0.1705 0.1705 0.164 0.164 0.1715 0.1715 0.153 0.153 0.153 0.1545 0.1545 0.1465 0.1465 0.149 0.149 0.149 0.156
0.156 0.156 0.166 0.166 0.1505 0.1505 0.1505 0.1505 0.1505 0.161 0.161 0.167 0.167 0.1705 0.1705 0.186 0.186 0.186 0.1725 0.1725 0.157 0.157 0.1475 0.1475 0.1475 0.149 0.149 0.1725 0.1725 0.17 0.17 0.17 0.1685 0.1685 0.1595 0.1595 0.157 0.157 0.157 0.1635 0.1635 0.1505 0.1505 0.1595 0.1595 0.1595 0.1575 0.1575 0.162 0.162 0.166 0.166 0.1645 0.1645 0.1645 0.1665 0.1665 0.164 0.164 0.1705 0.1705 0.1705 0.164 0.164 0.1715 0.1715 0.153 0.153 0.153 0.1545 0.1545 0.1465 0.1465 0.149 0.149 0.149 0.156
0.165 0.165 0.164 0.164 0.1625 0.1625 0.1545 0.1545 0.1545 0.1465 0.1465 0.158 0.158 0.176 0.176 0.1765 0.1765 0.1765 0.169 0.169 0.1715 0.1715 0.175 0.175 0.175 0.1725 0.1725 0.1655 0.1655 0.161 0.161 0.161 0.1635 0.1635 0.164 0.164 0.1565 0.1565 0.1565 0.16 0.16 0.162 0.162 0.185 0.185 0.185 0.184 0.184 0.1775 0.1775 0.1735 0.1735 0.1695 0.1695 0.1695 0.1675 0.1675 0.1645 0.1645 0.1635 0.1635 0.1635 0.1715 0.1715 0.172 0.172 0.166 0.166 0.166 0.1635 0.1635 0.1625 0.1625 0.151 0.151 0.151 0.1535
0.165 0.165 0.164 0.164 0.1625 0.1625 0.1545 0.1545 0.1545 0.1465 0.1465 0.158 0.158 0.176 0.176 0.1765 0.1765 0.1765 0.169 0.169 0.1715 0.1715 0.175 0.175 0.175 0.1725 0.1725 0.1655 0.1655 0.161 0.161 0.161 0.1635 0.1635 0.164 0.164 0.1565 0.1565 0.1565 0.16 0.16 0.162 0.162 0.185 0.185 0.185 0.184 0.184 0.1775 0.1775 0.1735 0.1735 0.1695 0.1695 0.1695 0.1675 0.1675 0.1645 0.1645 0.1635 0.1635 0.1635 0.1715 0.1715 0.172 0.172 0.166 0.166 0.166 0.1635 0.1635 0.1625 0.1625 0.151 0.151 0.151 0.1535
