ndvi/NOAA-319.asc
ncols         252
nrows         154
xllcorner     -18.017974
yllcorner     13.481982
cellsize      0.035948
NODATA_value  -9999
[rows 0 to 33 of 154, columns 77 to 153 of 252]
0.07449999 0.07449999 0.07449999 0.07449999 0.0735 0.0735 0.07 0.07 0.07 0.07099999 0.07099999 0.0665 0.0665 0.0665 0.0665 0.0755 0.0755 0.0755 0.065 0.065 0.0665 0.0665 0.064 0.064 0.064 0.0665 0.0665 0.0655 0.0655 0.067 0.067 0.067 0.067 0.067 0.0635 0.0635 0.0555 0.0555 0.0555 0.0575 0.0575 0.0525 0.0525 0.0585 0.0585 0.0585 0.0596 0.0596 0.0441 0.0441 0.0645 0.0645 0.069 0.069 0.069 0.0675 0.0675 0.0695 0.0695 0.072 0.072 0.072 0.0805 0.0805 0.0785 0.0785 0.077 0.077 0.077 0.0695 0.0695 0.066 0.066 0.069 0.069 0.069 0.0641
0.07449999 0.07449999 0.07449999 0.07449999 0.0735 0.0735 0.07 0.07 0.07 0.07099999 0.07099999 0.0665 0.0665 0.0665 0.0665 0.0755 0.0755 0.0755 0.065 0.065 0.0665 0.0665 0.064 0.064 0.064 0.0665 0.0665 0.0655 0.0655 0.067 0.067 0.067 0.067 0.067 0.0635 0.0635 0.0555 0.0555 0.0555 0.0575 0.0575 0.0525 0.0525 0.0585 0.0585 0.0585 0.0596 0.0596 0.0441 0.0441 0.0645 0.0645 0.069 0.069 0.069 0.0675 0.0675 0.0695 0.0695 0.072 0.072 0.072 0.0805 0.0805 0.0785 0.0785 0.077 0.077 0.077 0.0695 0.0695 0.066 0.066 0.069 0.069 0.069 0.0641
0.0745 0.0745 0.0775 0.0775 0.0755 0.0755 0.075 0.075 0.075 0.0675 0.0675 0.0685 0.0685 0.075 0.075 0.073 0.073 0.073 0.072 0.072 0.0715 0.0715 0.061 0.061 0.061 0.07099999 0.07099999 0.07 0.07 0.0655 0.0655 0.0655 0.059 0.059 0.0585 0.0585 0.059 0.059 0.059 0.048 0.048 0.049 0.049 0.064 0.064 0.064 0.067 0.067 0.075 0.075 0.0765 0.0765 0.0845 0.0845 0.0845 0.0845 0.0845 0.0845 0.0845 0.0825 0.0825 0.0825 0.084 0.084 0.0715 0.0715 0.074 0.074 0.074 0.065 0.065 0.0591 0.0591 0.063 0.063 0.063 0.0576
0.0745 0.0745 0.0775 0.0775 0.0755 0.0755 0.075 0.075 0.075 0.0675 0.0675 0.0685 0.0685 0.075 0.075 0.073 0.073 0.073 0.072 0.072 0.0715 0.0715 0.061 0.061 0.061 0.07099999 0.07099999 0.07 0.07 0.0655 0.0655 0.0655 0.059 0.059 0.0585 0.0585 0.059 0.059 0.059 0.048 0.048 0.049 0.049 0.064 0.064 0.064 0.067 0.067 0.075 0.075 0.0765 0.0765 0.0845 0.0845 0.0845 0.0845 0.0845 0.0845 0.0845 0.0825 0.0825 0.0825 0.084 0.084 0.0715 0.0715 0.074 0.074 0.074 0.065 0.065 0.0591 0.0591 0.063 0.063 0.063 0.0576
0.0745 0.0745 0.0775 0.0775 0.0755 0.0755 0.075 0.075 0.075 0.0675 0.0675 0.0685 0.0685 0.075 0.075 0.073 0.073 0.073 0.072 0.072 0.0715 0.0715 0.061 0.061 0.061 0.07099999 0.07099999 0.07 0.07 0.0655 0.0655 0.0655 0.059 0.059 0.0585 0.0585 0.059 0.059 0.059 0.048 0.048 0.049 0.049 0.064 0.064 0.064 0.067 0.067 0.075 0.075 0.0765 0.0765 0.0845 0.0845 0.0845 0.0845 0.0845 0.0845 0.0845 0.0825 0.0825 0.0825 0.084 0.084 0.0715 0.0715 0.074 0.074 0.074 0.065 0.065 0.0591 0.0591 0.063 0.063 0.063 0.0576
0.076 0.076 0.077 0.077 0.077 0.077 0.0705 0.0705 0.0705 0.07449999 0.07449999 0.075 0.075 0.077 0.077 0.0735 0.0735 0.0735 0.07 0.07 0.0685 0.0685 0.0705 0.0705 0.0705 0.0655 0.0655 0.0635 0.0635 0.05 0.05 0.05 0.05 0.05 0.0515 0.0515 0.0535 0.0535 0.0535 0.057 0.057 0.051 0.051 0.07 0.07 0.07 0.072 0.072 0.08 0.08 0.085 0.085 0.087 0.087 0.087 0.0855 0.0855 0.0845 0.0845 0.084 0.084 0.084 0.079 0.079 0.076 0.076 0.07600001 0.07600001 0.07600001 0.078 0.078 0.074 0.074 0.06900001 0.06900001 0.06900001 0.07099999
0.076 0.076 0.077 0.077 0.077 0.077 0.0705 0.0705 0.0705 0.07449999 0.07449999 0.075 0.075 0.077 0.077 0.0735 0.0735 0.0735 0.07 0.07 0.0685 0.0685 0.0705 0.0705 0.0705 0.0655 0.0655 0.0635 0.0635 0.05 0.05 0.05 0.05 0.05 0.0515 0.0515 0.0535 0.0535 0.0535 0.057 0.057 0.051 0.051 0.07 0.07 0.07 0.072 0.072 0.08 0.08 0.085 0.085 0.087 0.087 0.087 0.0855 0.0855 0.0845 0.0845 0.084 0.084 0.084 0.079 0.079 0.076 0.076 0.07600001 0.07600001 0.07600001 0.078 0.078 0.074 0.074 0.06900001 0.06900001 0.06900001 0.07099999
0.075 0.075 0.076 0.076 0.0705 0.0705 0.073 0.073 0.073 0.0755 0.0755 0.0735 0.0735 0.075 0.075 0.074 0.074 0.074 0.0715 0.0715 0.07099999 0.07099999 0.0695 0.0695 0.0695 0.0526 0.0526 0.0471 0.0471 0.0571 0.0571 0.0571 0.066 0.066 0.0705 0.0705 0.067 0.067 0.067 0.0635 0.0635 0.062 0.062 0.075 0.075 0.075 0.082 0.082 0.088 0.088 0.0815 0.0815 0.081 0.081 0.081 0.09 0.09 0.089 0.089 0.0885 0.0885 0.0885 0.0825 0.0825 0.082 0.082 0.08 0.08 0.08 0.0795 0.0795 0.081 0.081 0.0715 0.0715 0.0715 0.0665
0.075 0.075 0.076 0.076 0.0705 0.0705 0.073 0.073 0.073 0.0755 0.0755 0.0735 0.0735 0.075 0.075 0.074 0.074 0.074 0.0715 0.0715 0.07099999 0.07099999 0.0695 0.0695 0.0695 0.0526 0.0526 0.0471 0.0471 0.0571 0.0571 0.0571 0.066 0.066 0.0705 0.0705 0.067 0.067 0.067 0.0635 0.0635 0.062 0.062 0.075 0.075 0.075 0.082 0.082 0.088 0.088 0.0815 0.0815 0.081 0.081 0.081 0.09 0.09 0.089 0.089 0.0885 0.0885 0.0885 0.0825 0.0825 0.082 0.082 0.08 0.08 0.08 0.0795 0.0795 0.081 0.081 0.0715 0.0715 0.0715 0.0665
0.07 0.07 0.083 0.083 0.073 0.073 0.07600001 0.07600001 0.07600001 0.074 0.074 0.073 0.073 0.0755 0.0755 0.0775 0.0775 0.0775 0.059 0.059 0.068 0.068 0.073 0.073 0.073 0.0755 0.0755 0.0765 0.0765 0.08050001 0.08050001 0.08050001 0.0805 0.0805 0.08149999 0.08149999 0.077 0.077 0.077 0.0675 0.0675 0.0695 0.0695 0.0795 0.0795 0.0795 0.079 0.079 0.079 0.079 0.088 0.088 0.09 0.09 0.09 0.09 0.09 0.08400001 0.08400001 0.083 0.083 0.083 0.0795 0.0795 0.0825 0.0825 0.074 0.074 0.074 0.0785 0.0785 0.0845 0.0845 0.075 0.075 0.075 0.07600001
0.07 0.07 0.083 0.083 0.073 0.073 0.07600001 0.07600001 0.07600001 0.074 0.074 0.073 0.073 0.0755 0.0755 0.0775 0.0775 0.0775 0.059 0.059 0.068 0.068 0.073 0.073 0.073 0.0755 0.0755 0.0765 0.0765 0.08050001 0.08050001 0.08050001 0.0805 0.0805 0.08149999 0.08149999 0.077 0.077 0.077 0.0675 0.0675 0.0695 0.0695 0.0795 0.0795 0.0795 0.079 0.079 0.079 0.079 0.088 0.088 0.09 0.09 0.09 0.09 0.09 0.08400001 0.08400001 0.083 0.083 0.083 0.0795 0.0795 0.0825 0.0825 0.074 0.074 0.074 0.0785 0.0785 0.0845 0.0845 0.075 0.075 0.075 0.07600001
0.0795 0.0795 0.0795 0.0795 0.075 0.075 0.07799999 0.07799999 0.07799999 0.079 0.079 0.0755 0.0755 0.074 0.074 0.0755 0.0755 0.0755 0.0815 0.0815 0.0795 0.0795 0.08 0.08 0.08 0.0795 0.0795 0.0795 0.0795 0.0805 0.0805 0.0805 0.082 0.082 0.0845 0.0845 0.0835 0.0835 0.0835 0.08 0.08 0.0795 0.0795 0.0805 0.0805 0.0805 0.0855 0.0855 0.0865 0.0865 0.0875 0.0875 0.08849999 0.08849999 0.08849999 0.082 0.082 0.0835 0.0835 0.083 0.083 0.083 0.08750001 0.08750001 0.0835 0.0835 0.0795 0.0795 0.0795 0.0835 0.0835 0.079 0.079 0.07449999 0.07449999 0.07449999 0.082
0.0795 0.0795 0.0795 0.0795 0.075 0.075 0.07799999 0.07799999 0.07799999 0.079 0.079 0.0755 0.0755 0.074 0.074 0.0755 0.0755 0.0755 0.0815 0.0815 0.0795 0.0795 0.08 0.08 0.08 0.0795 0.0795 0.0795 0.0795 0.0805 0.0805 0.0805 0.082 0.082 0.0845 0.0845 0.0835 0.0835 0.0835 0.08 0.08 0.0795 0.0795 0.0805 0.0805 0.0805 0.0855 0.0855 0.0865 0.0865 0.0875 0.0875 0.08849999 0.08849999 0.08849999 0.082 0.082 0.0835 0.0835 0.083 0.083 0.083 0.08750001 0.08750001 0.0835 0.0835 0.0795 0.0795 0.0795 0.0835 0.0835 0.079 0.079 0.07449999 0.07449999 0.07449999 0.082
0.0795 0.0795 0.0795 0.0795 0.075 0.075 0.07799999 0.07799999 0.07799999 0.079 0.079 0.0755 0.0755 0.074 0.074 0.0755 0.0755 0.0755 0.0815 0.0815 0.0795 0.0795 0.08 0.08 0.08 0.0795 0.0795 0.0795 0.0795 0.0805 0.0805 0.0805 0.082 0.082 0.0845 0.0845 0.0835 0.0835 0.0835 0.08 0.08 0.0795 0.0795 0.0805 0.0805 0.0805 0.0855 0.0855 0.0865 0.0865 0.0875 0.0875 0.08849999 0.08849999 0.08849999 0.082 0.082 0.0835 0.0835 0.083 0.083 0.083 0.08750001 0.08750001 0.0835 0.0835 0.0795 0.0795 0.0795 0.0835 0.0835 0.079 0.079 0.07449999 0.07449999 0.07449999 0.082
0.0815 0.0815 0.078 0.078 0.0755 0.0755 0.07449999 0.07449999 0.07449999 0.077 0.077 0.079 0.079 0.0785 0.0785 0.08 0.08 0.08 0.087 0.087 0.08 0.08 0.082 0.082 0.082 0.0795 0.0795 0.079 0.079 0.0785 0.0785 0.0785 0.08050001 0.08050001 0.08 0.08 0.0775 0.0775 0.0775 0.0875 0.0875 0.08 0.08 0.081 0.081 0.081 0.0865 0.0865 0.0935 0.0935 0.08400001 0.08400001 0.082 0.082 0.082 0.0805 0.0805 0.085 0.085 0.084 0.084 0.084 0.0825 0.0825 0.0785 0.0785 0.0775 0.0775 0.0775 0.0805 0.0805 0.0775 0.0775 0.083 0.083 0.083 0.0805
0.0815 0.0815 0.078 0.078 0.0755 0.0755 0.07449999 0.07449999 0.07449999 0.077 0.077 0.079 0.079 0.0785 0.0785 0.08 0.08 0.08 0.087 0.087 0.08 0.08 0.082 0.082 0.082 0.0795 0.0795 0.079 0.079 0.0785 0.0785 0.0785 0.08050001 0.08050001 0.08 0.08 0.0775 0.0775 0.0775 0.0875 0.0875 0.08 0.08 0.081 0.081 0.081 0.0865 0.0865 0.0935 0.0935 0.08400001 0.08400001 0.082 0.082 0.082 0.0805 0.0805 0.085 0.085 0.084 0.084 0.084 0.0825 0.0825 0.0785 0.0785 0.0775 0.0775 0.0775 0.0805 0.0805 0.0775 0.0775 0.083 0.083 0.083 0.0805
0.081 0.081 0.077 0.077 0.084 0.084 0.081 0.081 0.081 0.079 0.079 0.0805 0.0805 0.0885 0.0885 0.0825 0.0825 0.0825 0.081 0.081 0.0765 0.0765 0.082 0.082 0.082 0.08050001 0.08050001 0.07600001 0.07600001 0.077 0.077 0.077 0.0795 0.0795 0.079 0.079 0.078 0.078 0.078 0.0845 0.0845 0.08149999 0.08149999 0.0825 0.0825 0.0825 0.091 0.091 0.0865 0.0865 0.083 0.083 0.08 0.08 0.08 0.102 0.102 0.1055 0.1055 0.1125 0.1125 0.1125 0.087 0.087 0.0775 0.0775 0.0745 0.0745 0.0745 0.0705 0.0705 0.081 0.081 0.0775 0.0775 0.0775 0.0795
0.081 0.081 0.077 0.077 0.084 0.084 0.081 0.081 0.081 0.079 0.079 0.0805 0.0805 0.0885 0.0885 0.0825 0.0825 0.0825 0.081 0.081 0.0765 0.0765 0.082 0.082 0.082 0.08050001 0.08050001 0.07600001 0.07600001 0.077 0.077 0.077 0.0795 0.0795 0.079 0.079 0.078 0.078 0.078 0.0845 0.0845 0.08149999 0.08149999 0.0825 0.0825 0.0825 0.091 0.091 0.0865 0.0865 0.083 0.083 0.08 0.08 0.08 0.102 0.102 0.1055 0.1055 0.1125 0.1125 0.1125 0.087 0.087 0.0775 0.0775 0.0745 0.0745 0.0745 0.0705 0.0705 0.081 0.081 0.0775 0.0775 0.0775 0.0795
0.0865 0.0865 0.0795 0.0795 0.0835 0.0835 0.079 0.079 0.079 0.08 0.08 0.0825 0.0825 0.0865 0.0865 0.0815 0.0815 0.0815 0.0785 0.0785 0.0825 0.0825 0.0795 0.0795 0.0795 0.077 0.077 0.0835 0.0835 0.087 0.087 0.087 0.0855 0.0855 0.079 0.079 0.0755 0.0755 0.0755 0.082 0.082 0.08750001 0.08750001 0.0845 0.0845 0.0845 0.092 0.092 0.09100001 0.09100001 0.0845 0.0845 0.083 0.083 0.083 0.08149999 0.08149999 0.116 0.116 0.1215 0.1215 0.1215 0.095 0.095 0.086 0.086 0.0845 0.0845 0.0845 0.0785 0.0785 0.087 0.087 0.081 0.081 0.081 0.1045
0.0865 0.0865 0.0795 0.0795 0.0835 0.0835 0.079 0.079 0.079 0.08 0.08 0.0825 0.0825 0.0865 0.0865 0.0815 0.0815 0.0815 0.0785 0.0785 0.0825 0.0825 0.0795 0.0795 0.0795 0.077 0.077 0.0835 0.0835 0.087 0.087 0.087 0.0855 0.0855 0.079 0.079 0.0755 0.0755 0.0755 0.082 0.082 0.08750001 0.08750001 0.0845 0.0845 0.0845 0.092 0.092 0.09100001 0.09100001 0.0845 0.0845 0.083 0.083 0.083 0.08149999 0.08149999 0.116 0.116 0.1215 0.1215 0.1215 0.095 0.095 0.086 0.086 0.0845 0.0845 0.0845 0.0785 0.0785 0.087 0.087 0.081 0.081 0.081 0.1045
0.0865 0.0865 0.0795 0.0795 0.0835 0.0835 0.079 0.079 0.079 0.08 0.08 0.0825 0.0825 0.0865 0.0865 0.0815 0.0815 0.0815 0.0785 0.0785 0.0825 0.0825 0.0795 0.0795 0.0795 0.077 0.077 0.0835 0.0835 0.087 0.087 0.087 0.0855 0.0855 0.079 0.079 0.0755 0.0755 0.0755 0.082 0.082 0.08750001 0.08750001 0.0845 0.0845 0.0845 0.092 0.092 0.09100001 0.09100001 0.0845 0.0845 0.083 0.083 0.083 0.08149999 0.08149999 0.116 0.116 0.1215 0.1215 0.1215 0.095 0.095 0.086 0.086 0.0845 0.0845 0.0845 0.0785 0.0785 0.087 0.087 0.081 0.081 0.081 0.1045
0.085 0.085 0.0795 0.0795 0.081 0.081 0.081 0.081 0.081 0.082 0.082 0.0845 0.0845 0.0825 0.0825 0.0815 0.0815 0.0815 0.08750001 0.08750001 0.083 0.083 0.0835 0.0835 0.0835 0.0845 0.0845 0.09 0.09 0.0975 0.0975 0.0975 0.0925 0.0925 0.09550001 0.09550001 0.089 0.089 0.089 0.0865 0.0865 0.0925 0.0925 0.094 0.094 0.094 0.088 0.088 0.089 0.089 0.0865 0.0865 0.0925 0.0925 0.0925 0.0915 0.0915 0.1145 0.1145 0.124 0.124 0.124 0.128 0.128 0.0855 0.0855 0.0845 0.0845 0.0845 0.08050001 0.08050001 0.0815 0.0815 0.0785 0.0785 0.0785 0.0835
0.085 0.085 0.0795 0.0795 0.081 0.081 0.081 0.081 0.081 0.082 0.082 0.0845 0.0845 0.0825 0.0825 0.0815 0.0815 0.0815 0.08750001 0.08750001 0.083 0.083 0.0835 0.0835 0.0835 0.0845 0.0845 0.09 0.09 0.0975 0.0975 0.0975 0.0925 0.0925 0.09550001 0.09550001 0.089 0.089 0.089 0.0865 0.0865 0.0925 0.0925 0.094 0.094 0.094 0.088 0.088 0.089 0.089 0.0865 0.0865 0.0925 0.0925 0.0925 0.0915 0.0915 0.1145 0.1145 0.124 0.124 0.124 0.128 0.128 0.0855 0.0855 0.0845 0.0845 0.0845 0.08050001 0.08050001 0.0815 0.0815 0.0785 0.0785 0.0785 0.0835
0.08050001 0.08050001 0.0795 0.0795 0.0845 0.0845 0.089 0.089 0.089 0.0925 0.0925 0.1015 0.1015 0.115 0.115 0.1215 0.1215 0.1215 0.099 0.099 0.0955 0.0955 0.091 0.091 0.091 0.0895 0.0895 0.092 0.092 0.1215 0.1215 0.1215 0.115 0.115 0.1125 0.1125 0.091 0.091 0.091 0.08849999 0.08849999 0.0905 0.0905 0.09450001 0.09450001 0.09450001 0.112 0.112 0.09 0.09 0.07700001 0.07700001 0.0785 0.0785 0.0785 0.092 0.092 0.1015 0.1015 0.1265 0.1265 0.1265 0.128 0.128 0.1155 0.1155 0.0935 0.0935 0.0935 0.0855 0.0855 0.0825 0.0825 0.0805 0.0805 0.0805 0.0775
0.08050001 0.08050001 0.0795 0.0795 0.0845 0.0845 0.089 0.089 0.089 0.0925 0.0925 0.1015 0.1015 0.115 0.115 0.1215 0.1215 0.1215 0.099 0.099 0.0955 0.0955 0.091 0.091 0.091 0.0895 0.0895 0.092 0.092 0.1215 0.1215 0.1215 0.115 0.115 0.1125 0.1125 0.091 0.091 0.091 0.08849999 0.08849999 0.0905 0.0905 0.09450001 0.09450001 0.09450001 0.112 0.112 0.09 0.09 0.07700001 0.07700001 0.0785 0.0785 0.0785 0.092 0.092 0.1015 0.1015 0.1265 0.1265 0.1265 0.128 0.128 0.1155 0.1155 0.0935 0.0935 0.0935 0.0855 0.0855 0.0825 0.0825 0.0805 0.0805 0.0805 0.0775
0.083 0.083 0.0835 0.0835 0.0885 0.0885 0.1105 0.1105 0.1105 0.13 0.13 0.1305 0.1305 0.1265 0.1265 0.1285 0.1285 0.1285 0.0965 0.0965 0.0955 0.0955 0.096 0.096 0.096 0.0945 0.0945 0.0885 0.0885 0.118 0.118 0.118 0.085 0.085 0.0915 0.0915 0.089 0.089 0.089 0.091 0.091 0.089 0.089 0.119 0.119 0.119 0.1205 0.1205 0.121 0.121 0.093 0.093 0.089 0.089 0.089 0.0895 0.0895 0.119 0.119 0.13 0.13 0.13 0.1355 0.1355 0.134 0.134 0.117 0.117 0.117 0.0835 0.0835 0.0915 0.0915 0.085 0.085 0.085 0.088
0.083 0.083 0.0835 0.0835 0.0885 0.0885 0.1105 0.1105 0.1105 0.13 0.13 0.1305 0.1305 0.1265 0.1265 0.1285 0.1285 0.1285 0.0965 0.0965 0.0955 0.0955 0.096 0.096 0.096 0.0945 0.0945 0.0885 0.0885 0.118 0.118 0.118 0.085 0.085 0.0915 0.0915 0.089 0.089 0.089 0.091 0.091 0.089 0.089 0.119 0.119 0.119 0.1205 0.1205 0.121 0.121 0.093 0.093 0.089 0.089 0.089 0.0895 0.0895 0.119 0.119 0.13 0.13 0.13 0.1355 0.1355 0.134 0.134 0.117 0.117 0.117 0.0835 0.0835 0.0915 0.0915 0.085 0.085 0.085 0.088
0.083 0.083 0.0835 0.0835 0.0885 0.0885 0.1105 0.1105 0.1105 0.13 0.13 0.1305 0.1305 0.1265 0.1265 0.1285 0.1285 0.1285 0.0965 0.0965 0.0955 0.0955 0.096 0.096 0.096 0.0945 0.0945 0.0885 0.0885 0.118 0.118 0.118 0.085 0.085 0.0915 0.0915 0.089 0.089 0.089 0.091 0.091 0.089 0.089 0.119 0.119 0.119 0.1205 0.1205 0.121 0.121 0.093 0.093 0.089 0.089 0.089 0.0895 0.0895 0.119 0.119 0.13 0.13 0.13 0.1355 0.1355 0.134 0.134 0.117 0.117 0.117 0.0835 0.0835 0.0915 0.0915 0.085 0.085 0.085 0.088
0.08750001 0.08750001 0.097 0.097 0.118 0.118 0.133 0.133 0.133 0.138 0.138 0.134 0.134 0.132 0.132 0.154 0.154 0.154 0.123 0.123 0.096 0.096 0.1005 0.1005 0.1005 0.1005 0.1005 0.0985 0.0985 0.0935 0.0935 0.0935 0.106 0.106 0.101 0.101 0.0995 0.0995 0.0995 0.089 0.089 0.082 0.082 0.1165 0.1165 0.1165 0.1225 0.1225 0.1155 0.1155 0.1 0.1 0.084 0.084 0.084 0.0975 0.0975 0.122 0.122 0.1325 0.1325 0.1325 0.135 0.135 0.121 0.121 0.121 0.121 0.121 0.111 0.111 0.0845 0.0845 0.088 0.088 0.088 0.074
0.08750001 0.08750001 0.097 0.097 0.118 0.118 0.133 0.133 0.133 0.138 0.138 0.134 0.134 0.132 0.132 0.154 0.154 0.154 0.123 0.123 0.096 0.096 0.1005 0.1005 0.1005 0.1005 0.1005 0.0985 0.0985 0.0935 0.0935 0.0935 0.106 0.106 0.101 0.101 0.0995 0.0995 0.0995 0.089 0.089 0.082 0.082 0.1165 0.1165 0.1165 0.1225 0.1225 0.1155 0.1155 0.1 0.1 0.084 0.084 0.084 0.0975 0.0975 0.122 0.122 0.1325 0.1325 0.1325 0.135 0.135 0.121 0.121 0.121 0.121 0.121 0.111 0.111 0.0845 0.0845 0.088 0.088 0.088 0.074
0.1165 0.1165 0.1005 0.1005 0.1215 0.1215 0.1235 0.1235 0.1235 0.1325 0.1325 0.1435 0.1435 0.149 0.149 0.1595 0.1595 0.1595 0.147 0.147 0.1325 0.1325 0.121 0.121 0.121 0.121 0.121 0.1 0.1 0.103 0.103 0.103 0.106 0.106 0.1105 0.1105 0.111 0.111 0.111 0.098 0.098 0.116 0.116 0.1215 0.1215 0.1215 0.1275 0.1275 0.126 0.126 0.1305 0.1305 0.131 0.131 0.131 0.1345 0.1345 0.134 0.134 0.1395 0.1395 0.1395 0.1335 0.1335 0.1375 0.1375 0.103 0.103 0.103 0.0855 0.0855 0.089 0.089 0.0895 0.0895 0.0895 0.0885
0.1165 0.1165 0.1005 0.1005 0.1215 0.1215 0.1235 0.1235 0.1235 0.1325 0.1325 0.1435 0.1435 0.149 0.149 0.1595 0.1595 0.1595 0.147 0.147 0.1325 0.1325 0.121 0.121 0.121 0.121 0.121 0.1 0.1 0.103 0.103 0.103 0.106 0.106 0.1105 0.1105 0.111 0.111 0.111 0.098 0.098 0.116 0.116 0.1215 0.1215 0.1215 0.1275 0.1275 0.126 0.126 0.1305 0.1305 0.131 0.131 0.131 0.1345 0.1345 0.134 0.134 0.1395 0.1395 0.1395 0.1335 0.1335 0.1375 0.1375 0.103 0.103 0.103 0.0855 0.0855 0.089 0.089 0.0895 0.0895 0.0895 0.0885
0.123 0.123 0.122 0.122 0.1045 0.1045 0.096 0.096 0.096 0.1065 0.1065 0.1295 0.1295 0.152 0.152 0.1505 0.1505 0.1505 0.1455 0.1455 0.1455 0.1455 0.148 0.148 0.148 0.143 0.143 0.129 0.129 0.128 0.128 0.128 0.1235 0.1235 0.1245 0.1245 0.1185 0.1185 0.1185 0.1225 0.1225 0.118 0.118 0.1465 0.1465 0.1465 0.145 0.145 0.147 0.147 0.142 0.142 0.137 0.137 0.137 0.1365 0.1365 0.13 0.13 0.126 0.126 0.126 0.1335 0.1335 0.121 0.121 0.129 0.129 0.129 0.1195 0.1195 0.1145 0.1145 0.117 0.117 0.117 0.116
0.123 0.123 0.122 0.122 0.1045 0.1045 0.096 0.096 0.096 0.1065 0.1065 0.1295 0.1295 0.152 0.152 0.1505 0.1505 0.1505 0.1455 0.1455 0.1455 0.1455 0.148 0.148 0.148 0.143 0.143 0.129 0.129 0.128 0.128 0.128 0.1235 0.1235 0.1245 0.1245 0.1185 0.1185 0.1185 0.1225 0.1225 0.118 0.118 0.1465 0.1465 0.1465 0.145 0.145 0.147 0.147 0.142 0.142 0.137 0.137 0.137 0.1365 0.1365 0.13 0.13 0.126 0.126 0.126 0.1335 0.1335 0.121 0.121 0.129 0.129 0.129 0.1195 0.1195 0.1145 0.1145 0.117 0.117 0.117 0.116
