ndvi/NOAA-84.asc
ncols         252
nrows         154
xllcorner     -18.017974
yllcorner     13.481982
cellsize      0.035948
NODATA_value  -9999
[rows 68 to 101 of 154, columns 77 to 153 of 252]
0.2265 0.2265 0.252 0.252 0.2115 0.2115 0.2035 0.2035 0.2035 0.256 0.256 0.247 0.247 0.2675 0.2675 0.243 0.243 0.243 0.245 0.245 0.2475 0.2475 0.2625 0.2625 0.2625 0.2355 0.2355 0.2275 0.2275 0.224 0.224 0.224 0.209 0.209 0.209 0.209 0.2125 0.2125 0.2125 0.206 0.206 0.195 0.195 0.179 0.179 0.179 0.1395 0.1395 0.1875 0.1875 0.181 0.181 0.1975 0.1975 0.1975 0.2065 0.2065 0.175 0.175 0.2315 0.2315 0.2315 0.233 0.233 0.2255 0.2255 0.237 0.237 0.237 0.2235 0.2235 0.2045 0.2045 0.201 0.201 0.201 0.154
0.2405 0.2405 0.2365 0.2365 0.2205 0.2205 0.207 0.207 0.207 0.2195 0.2195 0.243 0.243 0.2405 0.2405 0.244 0.244 0.244 0.255 0.255 0.2455 0.2455 0.2425 0.2425 0.2425 0.31 0.31 0.2535 0.2535 0.229 0.229 0.229 0.213 0.213 0.206 0.206 0.2125 0.2125 0.2125 0.216 0.216 0.229 0.229 0.203 0.203 0.203 0.1825 0.1825 0.1885 0.1885 0.182 0.182 0.1835 0.1835 0.1835 0.205 0.205 0.2025 0.2025 0.2065 0.2065 0.2065 0.2335 0.2335 0.2285 0.2285 0.2275 0.2275 0.2275 0.224 0.224 0.2295 0.2295 0.1925 0.1925 0.1925 0.1425
0.2405 0.2405 0.2365 0.2365 0.2205 0.2205 0.207 0.207 0.207 0.2195 0.2195 0.243 0.243 0.2405 0.2405 0.244 0.244 0.244 0.255 0.255 0.2455 0.2455 0.2425 0.2425 0.2425 0.31 0.31 0.2535 0.2535 0.229 0.229 0.229 0.213 0.213 0.206 0.206 0.2125 0.2125 0.2125 0.216 0.216 0.229 0.229 0.203 0.203 0.203 0.1825 0.1825 0.1885 0.1885 0.182 0.182 0.1835 0.1835 0.1835 0.205 0.205 0.2025 0.2025 0.2065 0.2065 0.2065 0.2335 0.2335 0.2285 0.2285 0.2275 0.2275 0.2275 0.224 0.224 0.2295 0.2295 0.1925 0.1925 0.1925 0.1425
0.2465 0.2465 0.2465 0.2465 0.232 0.232 0.2385 0.2385 0.2385 0.23 0.23 0.22 0.22 0.2225 0.2225 0.2385 0.2385 0.2385 0.252 0.252 0.231 0.231 0.222 0.222 0.222 0.2705 0.2705 0.265 0.265 0.2545 0.2545 0.2545 0.232 0.232 0.2335 0.2335 0.228 0.228 0.228 0.23 0.23 0.221 0.221 0.197 0.197 0.197 0.162 0.162 0.174 0.174 0.181 0.181 0.1965 0.1965 0.1965 0.217 0.217 0.2345 0.2345 0.2235 0.2235 0.2235 0.214 0.214 0.231 0.231 0.2105 0.2105 0.2105 0.215 0.215 0.2145 0.2145 0.221 0.221 0.221 0.1705
0.2465 0.2465 0.2465 0.2465 0.232 0.232 0.2385 0.2385 0.2385 0.23 0.23 0.22 0.22 0.2225 0.2225 0.2385 0.2385 0.2385 0.252 0.252 0.231 0.231 0.222 0.222 0.222 0.2705 0.2705 0.265 0.265 0.2545 0.2545 0.2545 0.232 0.232 0.2335 0.2335 0.228 0.228 0.228 0.23 0.23 0.221 0.221 0.197 0.197 0.197 0.162 0.162 0.174 0.174 0.181 0.181 0.1965 0.1965 0.1965 0.217 0.217 0.2345 0.2345 0.2235 0.2235 0.2235 0.214 0.214 0.231 0.231 0.2105 0.2105 0.2105 0.215 0.215 0.2145 0.2145 0.221 0.221 0.221 0.1705
0.2465 0.2465 0.2465 0.2465 0.232 0.232 0.2385 0.2385 0.2385 0.23 0.23 0.22 0.22 0.2225 0.2225 0.2385 0.2385 0.2385 0.252 0.252 0.231 0.231 0.222 0.222 0.222 0.2705 0.2705 0.265 0.265 0.2545 0.2545 0.2545 0.232 0.232 0.2335 0.2335 0.228 0.228 0.228 0.23 0.23 0.221 0.221 0.197 0.197 0.197 0.162 0.162 0.174 0.174 0.181 0.181 0.1965 0.1965 0.1965 0.217 0.217 0.2345 0.2345 0.2235 0.2235 0.2235 0.214 0.214 0.231 0.231 0.2105 0.2105 0.2105 0.215 0.215 0.2145 0.2145 0.221 0.221 0.221 0.1705
0.234 0.234 0.2265 0.2265 0.229 0.229 0.238 0.238 0.238 0.2335 0.2335 0.241 0.241 0.2265 0.2265 0.225 0.225 0.225 0.2305 0.2305 0.2315 0.2315 0.232 0.232 0.232 0.235 0.235 0.2575 0.2575 0.267 0.267 0.267 0.27 0.27 0.253 0.253 0.242 0.242 0.242 0.224 0.224 0.22 0.22 0.194 0.194 0.194 0.2035 0.2035 0.247 0.247 0.2265 0.2265 0.223 0.223 0.223 0.2195 0.2195 0.23 0.23 0.2135 0.2135 0.2135 0.2045 0.2045 0.227 0.227 0.2105 0.2105 0.2105 0.2145 0.2145 0.1925 0.1925 0.1525 0.1525 0.1525 0.1725
0.234 0.234 0.2265 0.2265 0.229 0.229 0.238 0.238 0.238 0.2335 0.2335 0.241 0.241 0.2265 0.2265 0.225 0.225 0.225 0.2305 0.2305 0.2315 0.2315 0.232 0.232 0.232 0.235 0.235 0.2575 0.2575 0.267 0.267 0.267 0.27 0.27 0.253 0.253 0.242 0.242 0.242 0.224 0.224 0.22 0.22 0.194 0.194 0.194 0.2035 0.2035 0.247 0.247 0.2265 0.2265 0.223 0.223 0.223 0.2195 0.2195 0.23 0.23 0.2135 0.2135 0.2135 0.2045 0.2045 0.227 0.227 0.2105 0.2105 0.2105 0.2145 0.2145 0.1925 0.1925 0.1525 0.1525 0.1525 0.1725
0.198 0.198 0.201 0.201 0.2005 0.2005 0.228 0.228 0.228 0.248 0.248 0.2305 0.2305 0.234 0.234 0.227 0.227 0.227 0.2195 0.2195 0.2185 0.2185 0.2295 0.2295 0.2295 0.2385 0.2385 0.2385 0.2385 0.2435 0.2435 0.2435 0.254 0.254 0.236 0.236 0.2465 0.2465 0.2465 0.278 0.278 0.2265 0.2265 0.218 0.218 0.218 0.237 0.237 0.267 0.267 0.2385 0.2385 0.2265 0.2265 0.2265 0.2115 0.2115 0.212 0.212 0.1985 0.1985 0.1985 0.2035 0.2035 0.228 0.228 0.223 0.223 0.223 0.19 0.19 0.174 0.174 0.1125 0.1125 0.1125 0.1375
0.198 0.198 0.201 0.201 0.2005 0.2005 0.228 0.228 0.228 0.248 0.248 0.2305 0.2305 0.234 0.234 0.227 0.227 0.227 0.2195 0.2195 0.2185 0.2185 0.2295 0.2295 0.2295 0.2385 0.2385 0.2385 0.2385 0.2435 0.2435 0.2435 0.254 0.254 0.236 0.236 0.2465 0.2465 0.2465 0.278 0.278 0.2265 0.2265 0.218 0.218 0.218 0.237 0.237 0.267 0.267 0.2385 0.2385 0.2265 0.2265 0.2265 0.2115 0.2115 0.212 0.212 0.1985 0.1985 0.1985 0.2035 0.2035 0.228 0.228 0.223 0.223 0.223 0.19 0.19 0.174 0.174 0.1125 0.1125 0.1125 0.1375
0.207 0.207 0.213 0.213 0.2065 0.2065 0.2025 0.2025 0.2025 0.206 0.206 0.2185 0.2185 0.211 0.211 0.213 0.213 0.213 0.2115 0.2115 0.222 0.222 0.223 0.223 0.223 0.237 0.237 0.222 0.222 0.2155 0.2155 0.2155 0.237 0.237 0.263 0.263 0.2535 0.2535 0.2535 0.2785 0.2785 0.3055 0.3055 0.26 0.26 0.26 0.273 0.273 0.244 0.244 0.218 0.218 0.2305 0.2305 0.2305 0.2085 0.2085 0.1985 0.1985 0.212 0.212 0.212 0.1935 0.1935 0.1935 0.1935 0.184 0.184 0.184 0.191 0.191 0.216 0.216 0.15 0.15 0.15 0.1345
0.207 0.207 0.213 0.213 0.2065 0.2065 0.2025 0.2025 0.2025 0.206 0.206 0.2185 0.2185 0.211 0.211 0.213 0.213 0.213 0.2115 0.2115 0.222 0.222 0.223 0.223 0.223 0.237 0.237 0.222 0.222 0.2155 0.2155 0.2155 0.237 0.237 0.263 0.263 0.2535 0.2535 0.2535 0.2785 0.2785 0.3055 0.3055 0.26 0.26 0.26 0.273 0.273 0.244 0.244 0.218 0.218 0.2305 0.2305 0.2305 0.2085 0.2085 0.1985 0.1985 0.212 0.212 0.212 0.1935 0.1935 0.1935 0.1935 0.184 0.184 0.184 0.191 0.191 0.216 0.216 0.15 0.15 0.15 0.1345
0.208 0.208 0.2345 0.2345 0.2275 0.2275 0.217 0.217 0.217 0.23 0.23 0.211 0.211 0.2315 0.2315 0.205 0.205 0.205 0.214 0.214 0.1985 0.1985 0.225 0.225 0.225 0.2295 0.2295 0.2295 0.2295 0.229 0.229 0.229 0.231 0.231 0.2325 0.2325 0.254 0.254 0.254 0.2495 0.2495 0.2365 0.2365 0.257 0.257 0.257 0.264 0.264 0.272 0.272 0.248 0.248 0.2285 0.2285 0.2285 0.2125 0.2125 0.2115 0.2115 0.218 0.218 0.218 0.2145 0.2145 0.166 0.166 0.1605 0.1605 0.1605 0.164 0.164 0.1745 0.1745 0.1785 0.1785 0.1785 0.131
0.208 0.208 0.2345 0.2345 0.2275 0.2275 0.217 0.217 0.217 0.23 0.23 0.211 0.211 0.2315 0.2315 0.205 0.205 0.205 0.214 0.214 0.1985 0.1985 0.225 0.225 0.225 0.2295 0.2295 0.2295 0.2295 0.229 0.229 0.229 0.231 0.231 0.2325 0.2325 0.254 0.254 0.254 0.2495 0.2495 0.2365 0.2365 0.257 0.257 0.257 0.264 0.264 0.272 0.272 0.248 0.248 0.2285 0.2285 0.2285 0.2125 0.2125 0.2115 0.2115 0.218 0.218 0.218 0.2145 0.2145 0.166 0.166 0.1605 0.1605 0.1605 0.164 0.164 0.1745 0.1745 0.1785 0.1785 0.1785 0.131
0.208 0.208 0.2345 0.2345 0.2275 0.2275 0.217 0.217 0.217 0.23 0.23 0.211 0.211 0.2315 0.2315 0.205 0.205 0.205 0.214 0.214 0.1985 0.1985 0.225 0.225 0.225 0.2295 0.2295 0.2295 0.2295 0.229 0.229 0.229 0.231 0.231 0.2325 0.2325 0.254 0.254 0.254 0.2495 0.2495 0.2365 0.2365 0.257 0.257 0.257 0.264 0.264 0.272 0.272 0.248 0.248 0.2285 0.2285 0.2285 0.2125 0.2125 0.2115 0.2115 0.218 0.218 0.218 0.2145 0.2145 0.166 0.166 0.1605 0.1605 0.1605 0.164 0.164 0.1745 0.1745 0.1785 0.1785 0.1785 0.131
0.2405 0.2405 0.2505 0.2505 0.2305 0.2305 0.2435 0.2435 0.2435 0.254 0.254 0.2555 0.2555 0.238 0.238 0.223 0.223 0.223 0.211 0.211 0.2265 0.2265 0.24 0.24 0.24 0.237 0.237 0.2225 0.2225 0.2195 0.2195 0.2195 0.2285 0.2285 0.214 0.214 0.253 0.253 0.253 0.249 0.249 0.2335 0.2335 0.229 0.229 0.229 0.2575 0.2575 0.259 0.259 0.244 0.244 0.256 0.256 0.256 0.2475 0.2475 0.225 0.225 0.216 0.216 0.216 0.2195 0.2195 0.246 0.246 0.1685 0.1685 0.1685 0.178 0.178 0.1665 0.1665 0.1505 0.1505 0.1505 0.1395
0.2405 0.2405 0.2505 0.2505 0.2305 0.2305 0.2435 0.2435 0.2435 0.254 0.254 0.2555 0.2555 0.238 0.238 0.223 0.223 0.223 0.211 0.211 0.2265 0.2265 0.24 0.24 0.24 0.237 0.237 0.2225 0.2225 0.2195 0.2195 0.2195 0.2285 0.2285 0.214 0.214 0.253 0.253 0.253 0.249 0.249 0.2335 0.2335 0.229 0.229 0.229 0.2575 0.2575 0.259 0.259 0.244 0.244 0.256 0.256 0.256 0.2475 0.2475 0.225 0.225 0.216 0.216 0.216 0.2195 0.2195 0.246 0.246 0.1685 0.1685 0.1685 0.178 0.178 0.1665 0.1665 0.1505 0.1505 0.1505 0.1395
0.2745 0.2745 0.2645 0.2645 0.2625 0.2625 0.2565 0.2565 0.2565 0.2675 0.2675 0.274 0.274 0.2475 0.2475 0.2455 0.2455 0.2455 0.264 0.264 0.2415 0.2415 0.2495 0.2495 0.2495 0.23 0.23 0.242 0.242 0.2375 0.2375 0.2375 0.237 0.237 0.2815 0.2815 0.248 0.248 0.248 0.2575 0.2575 0.251 0.251 0.2605 0.2605 0.2605 0.2385 0.2385 0.2525 0.2525 0.254 0.254 0.253 0.253 0.253 0.257 0.257 0.2375 0.2375 0.241 0.241 0.241 0.26 0.26 0.263 0.263 0.194 0.194 0.194 0.189 0.189 0.1885 0.1885 0.161 0.161 0.161 0.157
0.2745 0.2745 0.2645 0.2645 0.2625 0.2625 0.2565 0.2565 0.2565 0.2675 0.2675 0.274 0.274 0.2475 0.2475 0.2455 0.2455 0.2455 0.264 0.264 0.2415 0.2415 0.2495 0.2495 0.2495 0.23 0.23 0.242 0.242 0.2375 0.2375 0.2375 0.237 0.237 0.2815 0.2815 0.248 0.248 0.248 0.2575 0.2575 0.251 0.251 0.2605 0.2605 0.2605 0.2385 0.2385 0.2525 0.2525 0.254 0.254 0.253 0.253 0.253 0.257 0.257 0.2375 0.2375 0.241 0.241 0.241 0.26 0.26 0.263 0.263 0.194 0.194 0.194 0.189 0.189 0.1885 0.1885 0.161 0.161 0.161 0.157
0.272 0.272 0.269 0.269 0.273 0.273 0.254 0.254 0.254 0.255 0.255 0.2535 0.2535 0.252 0.252 0.2455 0.2455 0.2455 0.25 0.25 0.249 0.249 0.2755 0.2755 0.2755 0.2565 0.2565 0.2725 0.2725 0.2535 0.2535 0.2535 0.274 0.274 0.2755 0.2755 0.2645 0.2645 0.2645 0.2685 0.2685 0.2695 0.2695 0.281 0.281 0.281 0.2665 0.2665 0.2535 0.2535 0.2645 0.2645 0.245 0.245 0.245 0.253 0.253 0.265 0.265 0.264 0.264 0.264 0.264 0.264 0.2515 0.2515 0.2315 0.2315 0.2315 0.194 0.194 0.196 0.196 0.1905 0.1905 0.1905 0.193
0.272 0.272 0.269 0.269 0.273 0.273 0.254 0.254 0.254 0.255 0.255 0.2535 0.2535 0.252 0.252 0.2455 0.2455 0.2455 0.25 0.25 0.249 0.249 0.2755 0.2755 0.2755 0.2565 0.2565 0.2725 0.2725 0.2535 0.2535 0.2535 0.274 0.274 0.2755 0.2755 0.2645 0.2645 0.2645 0.2685 0.2685 0.2695 0.2695 0.281 0.281 0.281 0.2665 0.2665 0.2535 0.2535 0.2645 0.2645 0.245 0.245 0.245 0.253 0.253 0.265 0.265 0.264 0.264 0.264 0.264 0.264 0.2515 0.2515 0.2315 0.2315 0.2315 0.194 0.194 0.196 0.196 0.1905 0.1905 0.1905 0.193
0.272 0.272 0.269 0.269 0.273 0.273 0.254 0.254 0.254 0.255 0.255 0.2535 0.2535 0.252 0.252 0.2455 0.2455 0.2455 0.25 0.25 0.249 0.249 0.2755 0.2755 0.2755 0.2565 0.2565 0.2725 0.2725 0.2535 0.2535 0.2535 0.274 0.274 0.2755 0.2755 0.2645 0.2645 0.2645 0.2685 0.2685 0.2695 0.2695 0.281 0.281 0.281 0.2665 0.2665 0.2535 0.2535 0.2645 0.2645 0.245 0.245 0.245 0.253 0.253 0.265 0.265 0.264 0.264 0.264 0.264 0.264 0.2515 0.2515 0.2315 0.2315 0.2315 0.194 0.194 0.196 0.196 0.1905 0.1905 0.1905 0.193
0.2715 0.2715 0.2615 0.2615 0.2555 0.2555 0.2475 0.2475 0.2475 0.25 0.25 0.2555 0.2555 0.242 0.242 0.242 0.242 0.242 0.255 0.255 0.244 0.244 0.2395 0.2395 0.2395 0.2425 0.2425 0.2565 0.2565 0.249 0.249 0.249 0.235 0.235 0.2615 0.2615 0.2565 0.2565 0.2565 0.2605 0.2605 0.2645 0.2645 0.286 0.286 0.286 0.303 0.303 0.262 0.262 0.2465 0.2465 0.241 0.241 0.241 0.25 0.25 0.263 0.263 0.264 0.264 0.264 0.2565 0.2565 0.258 0.258 0.246 0.246 0.246 0.2045 0.2045 0.2105 0.2105 0.1835 0.1835 0.1835 0.202
0.2715 0.2715 0.2615 0.2615 0.2555 0.2555 0.2475 0.2475 0.2475 0.25 0.25 0.2555 0.2555 0.242 0.242 0.242 0.242 0.242 0.255 0.255 0.244 0.244 0.2395 0.2395 0.2395 0.2425 0.2425 0.2565 0.2565 0.249 0.249 0.249 0.235 0.235 0.2615 0.2615 0.2565 0.2565 0.2565 0.2605 0.2605 0.2645 0.2645 0.286 0.286 0.286 0.303 0.303 0.262 0.262 0.2465 0.2465 0.241 0.241 0.241 0.25 0.25 0.263 0.263 0.264 0.264 0.264 0.2565 0.2565 0.258 0.258 0.246 0.246 0.246 0.2045 0.2045 0.2105 0.2105 0.1835 0.1835 0.1835 0.202
0.267 0.267 0.254 0.254 0.2595 0.2595 0.261 0.261 0.261 0.25 0.25 0.2485 0.2485 0.251 0.251 0.246 0.246 0.246 0.247 0.247 0.2555 0.2555 0.2525 0.2525 0.2525 0.249 0.249 0.2505 0.2505 0.239 0.239 0.239 0.2445 0.2445 0.2545 0.2545 0.279 0.279 0.279 0.263 0.263 0.261 0.261 0.232 0.232 0.232 0.256 0.256 0.241 0.241 0.2575 0.2575 0.257 0.257 0.257 0.2395 0.2395 0.2505 0.2505 0.253 0.253 0.253 0.241 0.241 0.261 0.261 0.2505 0.2505 0.2505 0.2385 0.2385 0.252 0.252 0.232 0.232 0.232 0.2205
0.267 0.267 0.254 0.254 0.2595 0.2595 0.261 0.261 0.261 0.25 0.25 0.2485 0.2485 0.251 0.251 0.246 0.246 0.246 0.247 0.247 0.2555 0.2555 0.2525 0.2525 0.2525 0.249 0.249 0.2505 0.2505 0.239 0.239 0.239 0.2445 0.2445 0.2545 0.2545 0.279 0.279 0.279 0.263 0.263 0.261 0.261 0.232 0.232 0.232 0.256 0.256 0.241 0.241 0.2575 0.2575 0.257 0.257 0.257 0.2395 0.2395 0.2505 0.2505 0.253 0.253 0.253 0.241 0.241 0.261 0.261 0.2505 0.2505 0.2505 0.2385 0.2385 0.252 0.252 0.232 0.232 0.232 0.2205
0.2765 0.2765 0.28 0.28 0.269 0.269 0.265 0.265 0.265 0.259 0.259 0.257 0.257 0.2555 0.2555 0.229 0.229 0.229 0.2345 0.2345 0.2475 0.2475 0.2435 0.2435 0.2435 0.2455 0.2455 0.2575 0.2575 0.261 0.261 0.261 0.2655 0.2655 0.2865 0.2865 0.269 0.269 0.269 0.277 0.277 0.2795 0.2795 0.2635 0.2635 0.2635 0.248 0.248 0.251 0.251 0.255 0.255 0.229 0.229 0.229 0.269 0.269 0.2355 0.2355 0.2265 0.2265 0.2265 0.2625 0.2625 0.2985 0.2985 0.2705 0.2705 0.2705 0.276 0.276 0.2395 0.2395 0.2585 0.2585 0.2585 0.2325
0.2765 0.2765 0.28 0.28 0.269 0.269 0.265 0.265 0.265 0.259 0.259 0.257 0.257 0.2555 0.2555 0.229 0.229 0.229 0.2345 0.2345 0.2475 0.2475 0.2435 0.2435 0.2435 0.2455 0.2455 0.2575 0.2575 0.261 0.261 0.261 0.2655 0.2655 0.2865 0.2865 0.269 0.269 0.269 0.277 0.277 0.2795 0.2795 0.2635 0.2635 0.2635 0.248 0.248 0.251 0.251 0.255 0.255 0.229 0.229 0.229 0.269 0.269 0.2355 0.2355 0.2265 0.2265 0.2265 0.2625 0.2625 0.2985 0.2985 0.2705 0.2705 0.2705 0.276 0.276 0.2395 0.2395 0.2585 0.2585 0.2585 0.2325
0.2765 0.2765 0.28 0.28 0.269 0.269 0.265 0.265 0.265 0.259 0.259 0.257 0.257 0.2555 0.2555 0.229 0.229 0.229 0.2345 0.2345 0.2475 0.2475 0.2435 0.2435 0.2435 0.2455 0.2455 0.2575 0.2575 0.261 0.261 0.261 0.2655 0.2655 0.2865 0.2865 0.269 0.269 0.269 0.277 0.277 0.2795 0.2795 0.2635 0.2635 0.2635 0.248 0.248 0.251 0.251 0.255 0.255 0.229 0.229 0.229 0.269 0.269 0.2355 0.2355 0.2265 0.2265 0.2265 0.2625 0.2625 0.2985 0.2985 0.2705 0.2705 0.2705 0.276 0.276 0.2395 0.2395 0.2585 0.2585 0.2585 0.2325
0.275 0.275 0.268 0.268 0.263 0.263 0.246 0.246 0.246 0.263 0.263 0.238 0.238 0.2615 0.2615 0.2355 0.2355 0.2355 0.2245 0.2245 0.201 0.201 0.257 0.257 0.257 0.2605 0.2605 0.2645 0.2645 0.263 0.263 0.263 0.2385 0.2385 0.2505 0.2505 0.2655 0.2655 0.2655 0.278 0.278 0.2695 0.2695 0.283 0.283 0.283 0.294 0.294 0.292 0.292 0.304 0.304 0.288 0.288 0.288 0.265 0.265 0.269 0.269 0.2875 0.2875 0.2875 0.2645 0.2645 0.249 0.249 0.2635 0.2635 0.2635 0.291 0.291 0.221 0.221 0.1895 0.1895 0.1895 0.239
0.275 0.275 0.268 0.268 0.263 0.263 0.246 0.246 0.246 0.263 0.263 0.238 0.238 0.2615 0.2615 0.2355 0.2355 0.2355 0.2245 0.2245 0.201 0.201 0.257 0.257 0.257 0.2605 0.2605 0.2645 0.2645 0.263 0.263 0.263 0.2385 0.2385 0.2505 0.2505 0.2655 0.2655 0.2655 0.278 0.278 0.2695 0.2695 0.283 0.283 0.283 0.294 0.294 0.292 0.292 0.304 0.304 0.288 0.288 0.288 0.265 0.265 0.269 0.269 0.2875 0.2875 0.2875 0.2645 0.2645 0.249 0.249 0.2635 0.2635 0.2635 0.291 0.291 0.221 0.221 0.1895 0.1895 0.1895 0.239
0.265 0.265 0.2575 0.2575 0.256 0.256 0.2415 0.2415 0.2415 0.2685 0.2685 0.288 0.288 0.2725 0.2725 0.28 0.28 0.28 0.2525 0.2525 0.2445 0.2445 0.258 0.258 0.258 0.2535 0.2535 0.219 0.219 0.263 0.263 0.263 0.257 0.257 0.265 0.265 0.296 0.296 0.296 0.3355 0.3355 0.2885 0.2885 0.339 0.339 0.339 0.317 0.317 0.298 0.298 0.3005 0.3005 0.288 0.288 0.288 0.28 0.28 0.251 0.251 0.2625 0.2625 0.2625 0.298 0.298 0.252 0.252 0.2785 0.2785 0.2785 0.3105 0.3105 0.292 0.292 0.2885 0.2885 0.2885 0.253
0.265 0.265 0.2575 0.2575 0.256 0.256 0.2415 0.2415 0.2415 0.2685 0.2685 0.288 0.288 0.2725 0.2725 0.28 0.28 0.28 0.2525 0.2525 0.2445 0.2445 0.258 0.258 0.258 0.2535 0.2535 0.219 0.219 0.263 0.263 0.263 0.257 0.257 0.265 0.265 0.296 0.296 0.296 0.3355 0.3355 0.2885 0.2885 0.339 0.339 0.339 0.317 0.317 0.298 0.298 0.3005 0.3005 0.288 0.288 0.288 0.28 0.28 0.251 0.251 0.2625 0.2625 0.2625 0.298 0.298 0.252 0.252 0.2785 0.2785 0.2785 0.3105 0.3105 0.292 0.292 0.2885 0.2885 0.2885 0.253
0.246 0.246 0.2405 0.2405 0.2565 0.2565 0.2685 0.2685 0.2685 0.277 0.277 0.27 0.27 0.266 0.266 0.271 0.271 0.271 0.286 0.286 0.2955 0.2955 0.2965 0.2965 0.2965 0.2815 0.2815 0.272 0.272 0.2935 0.2935 0.2935 0.2865 0.2865 0.3055 0.3055 0.305 0.305 0.305 0.3115 0.3115 0.3145 0.3145 0.315 0.315 0.315 0.3215 0.3215 0.2975 0.2975 0.2855 0.2855 0.2785 0.2785 0.2785 0.2865 0.2865 0.274 0.274 0.26 0.26 0.26 0.272 0.272 0.3275 0.3275 0.275 0.275 0.275 0.2885 0.2885 0.2585 0.2585 0.2595 0.2595 0.2595 0.236
