ndvi/NOAA-52.asc
ncols         252
nrows         154
xllcorner     -18.017974
yllcorner     13.481982
cellsize      0.035948
NODATA_value  -9999
[rows 34 to 67 of 154, columns 154 to 230 of 252]
0.1345 0.1215 0.1215 0.117 0.117 0.117 0.117 0.117 0.1125 0.1125 0.107 0.107 0.096 0.096 0.096 0.102 0.102 0.105 0.105 0.1075 0.1075 0.1075 0.106 0.106 0.128 0.128 0.135 0.135 0.135 0.136 0.136 0.1345 0.1345 0.1265 0.1265 0.1265 0.126 0.126 0.127 0.127 0.1215 0.1215 0.1215 0.1225 0.1225 0.125 0.125 0.1305 0.1305 0.131 0.131 0.131 0.123 0.123 0.131 0.131 0.126 0.126 0.126 0.125 0.125 0.1205 0.1205 0.119 0.119 0.119 0.1175 0.1175 0.1175 0.1175 0.118 0.118 0.118 0.115 0.115 0.11 0.11
0.1345 0.1215 0.1215 0.117 0.117 0.117 0.117 0.117 0.1125 0.1125 0.107 0.107 0.096 0.096 0.096 0.102 0.102 0.105 0.105 0.1075 0.1075 0.1075 0.106 0.106 0.128 0.128 0.135 0.135 0.135 0.136 0.136 0.1345 0.1345 0.1265 0.1265 0.1265 0.126 0.126 0.127 0.127 0.1215 0.1215 0.1215 0.1225 0.1225 0.125 0.125 0.1305 0.1305 0.131 0.131 0.131 0.123 0.123 0.131 0.131 0.126 0.126 0.126 0.125 0.125 0.1205 0.1205 0.119 0.119 0.119 0.1175 0.1175 0.1175 0.1175 0.118 0.118 0.118 0.115 0.115 0.11 0.11
0.1345 0.1215 0.1215 0.117 0.117 0.117 0.117 0.117 0.1125 0.1125 0.107 0.107 0.096 0.096 0.096 0.102 0.102 0.105 0.105 0.1075 0.1075 0.1075 0.106 0.106 0.128 0.128 0.135 0.135 0.135 0.136 0.136 0.1345 0.1345 0.1265 0.1265 0.1265 0.126 0.126 0.127 0.127 0.1215 0.1215 0.1215 0.1225 0.1225 0.125 0.125 0.1305 0.1305 0.131 0.131 0.131 0.123 0.123 0.131 0.131 0.126 0.126 0.126 0.125 0.125 0.1205 0.1205 0.119 0.119 0.119 0.1175 0.1175 0.1175 0.1175 0.118 0.118 0.118 0.115 0.115 0.11 0.11
0.123 0.1195 0.1195 0.1125 0.1125 0.1125 0.103 0.103 0.1005 0.1005 0.1015 0.1015 0.1055 0.1055 0.1055 0.104 0.104 0.105 0.105 0.09450001 0.09450001 0.09450001 0.09550001 0.09550001 0.1355 0.1355 0.1345 0.1345 0.1345 0.1455 0.1455 0.1355 0.1355 0.136 0.136 0.136 0.1285 0.1285 0.1255 0.1255 0.122 0.122 0.122 0.124 0.124 0.1255 0.1255 0.1335 0.1335 0.124 0.124 0.124 0.121 0.121 0.125 0.125 0.1255 0.1255 0.1255 0.1275 0.1275 0.125 0.125 0.1195 0.1195 0.1195 0.1165 0.1165 0.119 0.119 0.1175 0.1175 0.1175 0.124 0.124 0.1205 0.1205
0.123 0.1195 0.1195 0.1125 0.1125 0.1125 0.103 0.103 0.1005 0.1005 0.1015 0.1015 0.1055 0.1055 0.1055 0.104 0.104 0.105 0.105 0.09450001 0.09450001 0.09450001 0.09550001 0.09550001 0.1355 0.1355 0.1345 0.1345 0.1345 0.1455 0.1455 0.1355 0.1355 0.136 0.136 0.136 0.1285 0.1285 0.1255 0.1255 0.122 0.122 0.122 0.124 0.124 0.1255 0.1255 0.1335 0.1335 0.124 0.124 0.124 0.121 0.121 0.125 0.125 0.1255 0.1255 0.1255 0.1275 0.1275 0.125 0.125 0.1195 0.1195 0.1195 0.1165 0.1165 0.119 0.119 0.1175 0.1175 0.1175 0.124 0.124 0.1205 0.1205
0.1315 0.1155 0.1155 0.09999999 0.09999999 0.09999999 0.099 0.099 0.099 0.099 0.0995 0.0995 0.1065 0.1065 0.1065 0.105 0.105 0.102 0.102 0.095 0.095 0.095 0.1005 0.1005 0.1375 0.1375 0.1575 0.1575 0.1575 0.1525 0.1525 0.1515 0.1515 0.1425 0.1425 0.1425 0.136 0.136 0.128 0.128 0.1245 0.1245 0.1245 0.1225 0.1225 0.1245 0.1245 0.127 0.127 0.129 0.129 0.129 0.127 0.127 0.122 0.122 0.128 0.128 0.128 0.131 0.131 0.131 0.131 0.122 0.122 0.122 0.122 0.122 0.1215 0.1215 0.128 0.128 0.128 0.1255 0.1255 0.1215 0.1215
0.1315 0.1155 0.1155 0.09999999 0.09999999 0.09999999 0.099 0.099 0.099 0.099 0.0995 0.0995 0.1065 0.1065 0.1065 0.105 0.105 0.102 0.102 0.095 0.095 0.095 0.1005 0.1005 0.1375 0.1375 0.1575 0.1575 0.1575 0.1525 0.1525 0.1515 0.1515 0.1425 0.1425 0.1425 0.136 0.136 0.128 0.128 0.1245 0.1245 0.1245 0.1225 0.1225 0.1245 0.1245 0.127 0.127 0.129 0.129 0.129 0.127 0.127 0.122 0.122 0.128 0.128 0.128 0.131 0.131 0.131 0.131 0.122 0.122 0.122 0.122 0.122 0.1215 0.1215 0.128 0.128 0.128 0.1255 0.1255 0.1215 0.1215
0.125 0.113 0.113 0.0985 0.0985 0.0985 0.097 0.097 0.099 0.099 0.0995 0.0995 0.1005 0.1005 0.1005 0.1025 0.1025 0.104 0.104 0.1055 0.1055 0.1055 0.1055 0.1055 0.135 0.135 0.145 0.145 0.145 0.1545 0.1545 0.15 0.15 0.146 0.146 0.146 0.1465 0.1465 0.1305 0.1305 0.1285 0.1285 0.1285 0.131 0.131 0.131 0.131 0.128 0.128 0.1255 0.1255 0.1255 0.122 0.122 0.1315 0.1315 0.135 0.135 0.135 0.1325 0.1325 0.134 0.134 0.1395 0.1395 0.1395 0.139 0.139 0.136 0.136 0.129 0.129 0.129 0.13 0.13 0.1325 0.1325
0.125 0.113 0.113 0.0985 0.0985 0.0985 0.097 0.097 0.099 0.099 0.0995 0.0995 0.1005 0.1005 0.1005 0.1025 0.1025 0.104 0.104 0.1055 0.1055 0.1055 0.1055 0.1055 0.135 0.135 0.145 0.145 0.145 0.1545 0.1545 0.15 0.15 0.146 0.146 0.146 0.1465 0.1465 0.1305 0.1305 0.1285 0.1285 0.1285 0.131 0.131 0.131 0.131 0.128 0.128 0.1255 0.1255 0.1255 0.122 0.122 0.1315 0.1315 0.135 0.135 0.135 0.1325 0.1325 0.134 0.134 0.1395 0.1395 0.1395 0.139 0.139 0.136 0.136 0.129 0.129 0.129 0.13 0.13 0.1325 0.1325
0.125 0.113 0.113 0.0985 0.0985 0.0985 0.097 0.097 0.099 0.099 0.0995 0.0995 0.1005 0.1005 0.1005 0.1025 0.1025 0.104 0.104 0.1055 0.1055 0.1055 0.1055 0.1055 0.135 0.135 0.145 0.145 0.145 0.1545 0.1545 0.15 0.15 0.146 0.146 0.146 0.1465 0.1465 0.1305 0.1305 0.1285 0.1285 0.1285 0.131 0.131 0.131 0.131 0.128 0.128 0.1255 0.1255 0.1255 0.122 0.122 0.1315 0.1315 0.135 0.135 0.135 0.1325 0.1325 0.134 0.134 0.1395 0.1395 0.1395 0.139 0.139 0.136 0.136 0.129 0.129 0.129 0.13 0.13 0.1325 0.1325
0.1055 0.1285 0.1285 0.1245 0.1245 0.1245 0.1125 0.1125 0.1135 0.1135 0.1125 0.1125 0.1115 0.1115 0.1115 0.108 0.108 0.145 0.145 0.1415 0.1415 0.1415 0.1295 0.1295 0.137 0.137 0.14 0.14 0.14 0.142 0.142 0.1485 0.1485 0.1455 0.1455 0.1455 0.1375 0.1375 0.131 0.131 0.1355 0.1355 0.1355 0.135 0.135 0.1365 0.1365 0.1335 0.1335 0.147 0.147 0.147 0.129 0.129 0.133 0.133 0.137 0.137 0.137 0.1415 0.1415 0.1435 0.1435 0.1405 0.1405 0.1405 0.146 0.146 0.142 0.142 0.1345 0.1345 0.1345 0.129 0.129 0.126 0.126
0.1055 0.1285 0.1285 0.1245 0.1245 0.1245 0.1125 0.1125 0.1135 0.1135 0.1125 0.1125 0.1115 0.1115 0.1115 0.108 0.108 0.145 0.145 0.1415 0.1415 0.1415 0.1295 0.1295 0.137 0.137 0.14 0.14 0.14 0.142 0.142 0.1485 0.1485 0.1455 0.1455 0.1455 0.1375 0.1375 0.131 0.131 0.1355 0.1355 0.1355 0.135 0.135 0.1365 0.1365 0.1335 0.1335 0.147 0.147 0.147 0.129 0.129 0.133 0.133 0.137 0.137 0.137 0.1415 0.1415 0.1435 0.1435 0.1405 0.1405 0.1405 0.146 0.146 0.142 0.142 0.1345 0.1345 0.1345 0.129 0.129 0.126 0.126
0.1165 0.1105 0.1105 0.1425 0.1425 0.1425 0.1515 0.1515 0.1505 0.1505 0.1515 0.1515 0.155 0.155 0.155 0.1625 0.1625 0.16 0.16 0.146 0.146 0.146 0.1535 0.1535 0.147 0.147 0.1515 0.1515 0.1515 0.147 0.147 0.146 0.146 0.146 0.146 0.146 0.147 0.147 0.139 0.139 0.1415 0.1415 0.1415 0.143 0.143 0.1435 0.1435 0.133 0.133 0.1455 0.1455 0.1455 0.135 0.135 0.132 0.132 0.1445 0.1445 0.1445 0.1505 0.1505 0.1475 0.1475 0.1415 0.1415 0.1415 0.1435 0.1435 0.143 0.143 0.1435 0.1435 0.1435 0.14 0.14 0.14 0.14
0.1165 0.1105 0.1105 0.1425 0.1425 0.1425 0.1515 0.1515 0.1505 0.1505 0.1515 0.1515 0.155 0.155 0.155 0.1625 0.1625 0.16 0.16 0.146 0.146 0.146 0.1535 0.1535 0.147 0.147 0.1515 0.1515 0.1515 0.147 0.147 0.146 0.146 0.146 0.146 0.146 0.147 0.147 0.139 0.139 0.1415 0.1415 0.1415 0.143 0.143 0.1435 0.1435 0.133 0.133 0.1455 0.1455 0.1455 0.135 0.135 0.132 0.132 0.1445 0.1445 0.1445 0.1505 0.1505 0.1475 0.1475 0.1415 0.1415 0.1415 0.1435 0.1435 0.143 0.143 0.1435 0.1435 0.1435 0.14 0.14 0.14 0.14
0.122 0.128 0.128 0.147 0.147 0.147 0.159 0.159 0.1695 0.1695 0.152 0.152 0.155 0.155 0.155 0.152 0.152 0.1515 0.1515 0.1455 0.1455 0.1455 0.147 0.147 0.1585 0.1585 0.153 0.153 0.153 0.147 0.147 0.1465 0.1465 0.155 0.155 0.155 0.148 0.148 0.153 0.153 0.155 0.155 0.155 0.1555 0.1555 0.148 0.148 0.1375 0.1375 0.133 0.133 0.133 0.1325 0.1325 0.134 0.134 0.148 0.148 0.148 0.1515 0.1515 0.1475 0.1475 0.135 0.135 0.135 0.1325 0.1325 0.1375 0.1375 0.1415 0.1415 0.1415 0.1385 0.1385 0.1385 0.1385
0.122 0.128 0.128 0.147 0.147 0.147 0.159 0.159 0.1695 0.1695 0.152 0.152 0.155 0.155 0.155 0.152 0.152 0.1515 0.1515 0.1455 0.1455 0.1455 0.147 0.147 0.1585 0.1585 0.153 0.153 0.153 0.147 0.147 0.1465 0.1465 0.155 0.155 0.155 0.148 0.148 0.153 0.153 0.155 0.155 0.155 0.1555 0.1555 0.148 0.148 0.1375 0.1375 0.133 0.133 0.133 0.1325 0.1325 0.134 0.134 0.148 0.148 0.148 0.1515 0.1515 0.1475 0.1475 0.135 0.135 0.135 0.1325 0.1325 0.1375 0.1375 0.1415 0.1415 0.1415 0.1385 0.1385 0.1385 0.1385
0.122 0.128 0.128 0.147 0.147 0.147 0.159 0.159 0.1695 0.1695 0.152 0.152 0.155 0.155 0.155 0.152 0.152 0.1515 0.1515 0.1455 0.1455 0.1455 0.147 0.147 0.1585 0.1585 0.153 0.153 0.153 0.147 0.147 0.1465 0.1465 0.155 0.155 0.155 0.148 0.148 0.153 0.153 0.155 0.155 0.155 0.1555 0.1555 0.148 0.148 0.1375 0.1375 0.133 0.133 0.133 0.1325 0.1325 0.134 0.134 0.148 0.148 0.148 0.1515 0.1515 0.1475 0.1475 0.135 0.135 0.135 0.1325 0.1325 0.1375 0.1375 0.1415 0.1415 0.1415 0.1385 0.1385 0.1385 0.1385
0.113 0.1185 0.1185 0.1555 0.1555 0.1555 0.173 0.173 0.178 0.178 0.176 0.176 0.1585 0.1585 0.1585 0.1465 0.1465 0.148 0.148 0.1495 0.1495 0.1495 0.1535 0.1535 0.156 0.156 0.158 0.158 0.158 0.1645 0.1645 0.148 0.148 0.1615 0.1615 0.1615 0.1615 0.1615 0.1615 0.1615 0.158 0.158 0.158 0.152 0.152 0.147 0.147 0.1425 0.1425 0.1265 0.1265 0.1265 0.127 0.127 0.1435 0.1435 0.146 0.146 0.146 0.1505 0.1505 0.1475 0.1475 0.1445 0.1445 0.1445 0.1395 0.1395 0.1355 0.1355 0.1445 0.1445 0.1445 0.1445 0.1445 0.1385 0.1385
0.113 0.1185 0.1185 0.1555 0.1555 0.1555 0.173 0.173 0.178 0.178 0.176 0.176 0.1585 0.1585 0.1585 0.1465 0.1465 0.148 0.148 0.1495 0.1495 0.1495 0.1535 0.1535 0.156 0.156 0.158 0.158 0.158 0.1645 0.1645 0.148 0.148 0.1615 0.1615 0.1615 0.1615 0.1615 0.1615 0.1615 0.158 0.158 0.158 0.152 0.152 0.147 0.147 0.1425 0.1425 0.1265 0.1265 0.1265 0.127 0.127 0.1435 0.1435 0.146 0.146 0.146 0.1505 0.1505 0.1475 0.1475 0.1445 0.1445 0.1445 0.1395 0.1395 0.1355 0.1355 0.1445 0.1445 0.1445 0.1445 0.1445 0.1385 0.1385
0.119 0.1145 0.1145 0.151 0.151 0.151 0.185 0.185 0.184 0.184 0.183 0.183 0.1735 0.1735 0.1735 0.155 0.155 0.1585 0.1585 0.153 0.153 0.153 0.158 0.158 0.183 0.183 0.1785 0.1785 0.1785 0.177 0.177 0.178 0.178 0.178 0.178 0.178 0.174 0.174 0.169 0.169 0.157 0.157 0.157 0.1425 0.1425 0.138 0.138 0.1455 0.1455 0.1345 0.1345 0.1345 0.1385 0.1385 0.1475 0.1475 0.155 0.155 0.155 0.1505 0.1505 0.1515 0.1515 0.158 0.158 0.158 0.1465 0.1465 0.157 0.157 0.155 0.155 0.155 0.1565 0.1565 0.163 0.163
0.119 0.1145 0.1145 0.151 0.151 0.151 0.185 0.185 0.184 0.184 0.183 0.183 0.1735 0.1735 0.1735 0.155 0.155 0.1585 0.1585 0.153 0.153 0.153 0.158 0.158 0.183 0.183 0.1785 0.1785 0.1785 0.177 0.177 0.178 0.178 0.178 0.178 0.178 0.174 0.174 0.169 0.169 0.157 0.157 0.157 0.1425 0.1425 0.138 0.138 0.1455 0.1455 0.1345 0.1345 0.1345 0.1385 0.1385 0.1475 0.1475 0.155 0.155 0.155 0.1505 0.1505 0.1515 0.1515 0.158 0.158 0.158 0.1465 0.1465 0.157 0.157 0.155 0.155 0.155 0.1565 0.1565 0.163 0.163
0.1125 0.1095 0.1095 0.161 0.161 0.161 0.1605 0.1605 0.1745 0.1745 0.173 0.173 0.1775 0.1775 0.1775 0.1805 0.1805 0.17 0.17 0.19 0.19 0.19 0.196 0.196 0.187 0.187 0.186 0.186 0.186 0.1885 0.1885 0.1775 0.1775 0.1705 0.1705 0.1705 0.1775 0.1775 0.168 0.168 0.1525 0.1525 0.1525 0.141 0.141 0.1395 0.1395 0.146 0.146 0.1405 0.1405 0.1405 0.136 0.136 0.142 0.142 0.1505 0.1505 0.1505 0.1385 0.1385 0.16 0.16 0.1615 0.1615 0.1615 0.158 0.158 0.156 0.156 0.16 0.16 0.16 0.1555 0.1555 0.156 0.156
0.1125 0.1095 0.1095 0.161 0.161 0.161 0.1605 0.1605 0.1745 0.1745 0.173 0.173 0.1775 0.1775 0.1775 0.1805 0.1805 0.17 0.17 0.19 0.19 0.19 0.196 0.196 0.187 0.187 0.186 0.186 0.186 0.1885 0.1885 0.1775 0.1775 0.1705 0.1705 0.1705 0.1775 0.1775 0.168 0.168 0.1525 0.1525 0.1525 0.141 0.141 0.1395 0.1395 0.146 0.146 0.1405 0.1405 0.1405 0.136 0.136 0.142 0.142 0.1505 0.1505 0.1505 0.1385 0.1385 0.16 0.16 0.1615 0.1615 0.1615 0.158 0.158 0.156 0.156 0.16 0.16 0.16 0.1555 0.1555 0.156 0.156
0.1105 0.118 0.118 0.126 0.126 0.126 0.148 0.148 0.159 0.159 0.153 0.153 0.1635 0.1635 0.1635 0.174 0.174 0.183 0.183 0.1995 0.1995 0.1995 0.2005 0.2005 0.2 0.2 0.176 0.176 0.176 0.1765 0.1765 0.177 0.177 0.1665 0.1665 0.1665 0.174 0.174 0.1705 0.1705 0.154 0.154 0.154 0.153 0.153 0.1475 0.1475 0.1415 0.1415 0.139 0.139 0.139 0.129 0.129 0.121 0.121 0.1285 0.1285 0.1285 0.136 0.136 0.1615 0.1615 0.1575 0.1575 0.1575 0.1675 0.1675 0.1555 0.1555 0.1525 0.1525 0.1525 0.152 0.152 0.152 0.152
0.1105 0.118 0.118 0.126 0.126 0.126 0.148 0.148 0.159 0.159 0.153 0.153 0.1635 0.1635 0.1635 0.174 0.174 0.183 0.183 0.1995 0.1995 0.1995 0.2005 0.2005 0.2 0.2 0.176 0.176 0.176 0.1765 0.1765 0.177 0.177 0.1665 0.1665 0.1665 0.174 0.174 0.1705 0.1705 0.154 0.154 0.154 0.153 0.153 0.1475 0.1475 0.1415 0.1415 0.139 0.139 0.139 0.129 0.129 0.121 0.121 0.1285 0.1285 0.1285 0.136 0.136 0.1615 0.1615 0.1575 0.1575 0.1575 0.1675 0.1675 0.1555 0.1555 0.1525 0.1525 0.1525 0.152 0.152 0.152 0.152
0.1105 0.118 0.118 0.126 0.126 0.126 0.148 0.148 0.159 0.159 0.153 0.153 0.1635 0.1635 0.1635 0.174 0.174 0.183 0.183 0.1995 0.1995 0.1995 0.2005 0.2005 0.2 0.2 0.176 0.176 0.176 0.1765 0.1765 0.177 0.177 0.1665 0.1665 0.1665 0.174 0.174 0.1705 0.1705 0.154 0.154 0.154 0.153 0.153 0.1475 0.1475 0.1415 0.1415 0.139 0.139 0.139 0.129 0.129 0.121 0.121 0.1285 0.1285 0.1285 0.136 0.136 0.1615 0.1615 0.1575 0.1575 0.1575 0.1675 0.1675 0.1555 0.1555 0.1525 0.1525 0.1525 0.152 0.152 0.152 0.152
0.129 0.1245 0.1245 0.1175 0.1175 0.1175 0.1125 0.1125 0.152 0.152 0.154 0.154 0.1575 0.1575 0.1575 0.169 0.169 0.208 0.208 0.2035 0.2035 0.2035 0.201 0.201 0.2015 0.2015 0.186 0.186 0.186 0.1695 0.1695 0.1675 0.1675 0.175 0.175 0.175 0.1805 0.1805 0.1665 0.1665 0.163 0.163 0.163 0.1505 0.1505 0.1315 0.1315 0.1325 0.1325 0.1245 0.1245 0.1245 0.1285 0.1285 0.116 0.116 0.129 0.129 0.129 0.1345 0.1345 0.149 0.149 0.1455 0.1455 0.1455 0.156 0.156 0.145 0.145 0.146 0.146 0.146 0.1315 0.1315 0.143 0.143
0.129 0.1245 0.1245 0.1175 0.1175 0.1175 0.1125 0.1125 0.152 0.152 0.154 0.154 0.1575 0.1575 0.1575 0.169 0.169 0.208 0.208 0.2035 0.2035 0.2035 0.201 0.201 0.2015 0.2015 0.186 0.186 0.186 0.1695 0.1695 0.1675 0.1675 0.175 0.175 0.175 0.1805 0.1805 0.1665 0.1665 0.163 0.163 0.163 0.1505 0.1505 0.1315 0.1315 0.1325 0.1325 0.1245 0.1245 0.1245 0.1285 0.1285 0.116 0.116 0.129 0.129 0.129 0.1345 0.1345 0.149 0.149 0.1455 0.1455 0.1455 0.156 0.156 0.145 0.145 0.146 0.146 0.146 0.1315 0.1315 0.143 0.143
0.123 0.121 0.121 0.1135 0.1135 0.1135 0.1165 0.1165 0.127 0.127 0.1525 0.1525 0.1685 0.1685 0.1685 0.2 0.2 0.2095 0.2095 0.208 0.208 0.208 0.2035 0.2035 0.207 0.207 0.1865 0.1865 0.1865 0.1785 0.1785 0.18 0.18 0.183 0.183 0.183 0.1775 0.1775 0.1795 0.1795 0.18 0.18 0.18 0.167 0.167 0.1565 0.1565 0.135 0.135 0.1335 0.1335 0.1335 0.146 0.146 0.1465 0.1465 0.145 0.145 0.145 0.135 0.135 0.1365 0.1365 0.158 0.158 0.158 0.1605 0.1605 0.14 0.14 0.149 0.149 0.149 0.135 0.135 0.1495 0.1495
0.123 0.121 0.121 0.1135 0.1135 0.1135 0.1165 0.1165 0.127 0.127 0.1525 0.1525 0.1685 0.1685 0.1685 0.2 0.2 0.2095 0.2095 0.208 0.208 0.208 0.2035 0.2035 0.207 0.207 0.1865 0.1865 0.1865 0.1785 0.1785 0.18 0.18 0.183 0.183 0.183 0.1775 0.1775 0.1795 0.1795 0.18 0.18 0.18 0.167 0.167 0.1565 0.1565 0.135 0.135 0.1335 0.1335 0.1335 0.146 0.146 0.1465 0.1465 0.145 0.145 0.145 0.135 0.135 0.1365 0.1365 0.158 0.158 0.158 0.1605 0.1605 0.14 0.14 0.149 0.149 0.149 0.135 0.135 0.1495 0.1495
0.135 0.1425 0.1425 0.1265 0.1265 0.1265 0.124 0.124 0.1305 0.1305 0.162 0.162 0.1815 0.1815 0.1815 0.1955 0.1955 0.2185 0.2185 0.209 0.209 0.209 0.2085 0.2085 0.199 0.199 0.179 0.179 0.179 0.176 0.176 0.1875 0.1875 0.196 0.196 0.196 0.1905 0.1905 0.195 0.195 0.1975 0.1975 0.1975 0.1845 0.1845 0.185 0.185 0.18 0.18 0.179 0.179 0.179 0.189 0.189 0.194 0.194 0.178 0.178 0.178 0.1705 0.1705 0.1645 0.1645 0.1725 0.1725 0.1725 0.175 0.175 0.1565 0.1565 0.1585 0.1585 0.1585 0.1565 0.1565 0.1675 0.1675
0.135 0.1425 0.1425 0.1265 0.1265 0.1265 0.124 0.124 0.1305 0.1305 0.162 0.162 0.1815 0.1815 0.1815 0.1955 0.1955 0.2185 0.2185 0.209 0.209 0.209 0.2085 0.2085 0.199 0.199 0.179 0.179 0.179 0.176 0.176 0.1875 0.1875 0.196 0.196 0.196 0.1905 0.1905 0.195 0.195 0.1975 0.1975 0.1975 0.1845 0.1845 0.185 0.185 0.18 0.18 0.179 0.179 0.179 0.189 0.189 0.194 0.194 0.178 0.178 0.178 0.1705 0.1705 0.1645 0.1645 0.1725 0.1725 0.1725 0.175 0.175 0.1565 0.1565 0.1585 0.1585 0.1585 0.1565 0.1565 0.1675 0.1675
0.135 0.1425 0.1425 0.1265 0.1265 0.1265 0.124 0.124 0.1305 0.1305 0.162 0.162 0.1815 0.1815 0.1815 0.1955 0.1955 0.2185 0.2185 0.209 0.209 0.209 0.2085 0.2085 0.199 0.199 0.179 0.179 0.179 0.176 0.176 0.1875 0.1875 0.196 0.196 0.196 0.1905 0.1905 0.195 0.195 0.1975 0.1975 0.1975 0.1845 0.1845 0.185 0.185 0.18 0.18 0.179 0.179 0.179 0.189 0.189 0.194 0.194 0.178 0.178 0.178 0.1705 0.1705 0.1645 0.1645 0.1725 0.1725 0.1725 0.175 0.175 0.1565 0.1565 0.1585 0.1585 0.1585 0.1565 0.1565 0.1675 0.1675
0.127 0.137 0.137 0.13 0.13 0.13 0.1285 0.1285 0.141 0.141 0.171 0.171 0.1865 0.1865 0.1865 0.2055 0.2055 0.2155 0.2155 0.219 0.219 0.219 0.2145 0.2145 0.204 0.204 0.1955 0.1955 0.1955 0.2065 0.2065 0.202 0.202 0.198 0.198 0.198 0.2035 0.2035 0.198 0.198 0.201 0.201 0.201 0.2035 0.2035 0.1955 0.1955 0.192 0.192 0.209 0.209 0.209 0.203 0.203 0.203 0.203 0.2045 0.2045 0.2045 0.214 0.214 0.2045 0.2045 0.2 0.2 0.2 0.171 0.171 0.178 0.178 0.2015 0.2015 0.2015 0.1885 0.1885 0.179 0.179
