ndvi/NOAA-301.asc
ncols         252
nrows         154
xllcorner     -18.017974
yllcorner     13.481982
cellsize      0.035948
NODATA_value  -9999
[rows 68 to 101 of 154, columns 77 to 153 of 252]
0.2055 0.2055 0.2365 0.2365 0.2005 0.2005 0.2345 0.2345 0.2345 0.2445 0.2445 0.197 0.197 0.212 0.212 0.2195 0.2195 0.2195 0.2025 0.2025 0.2085 0.2085 0.225 0.225 0.225 0.2295 0.2295 0.2355 0.2355 0.223 0.223 0.223 0.217 0.217 0.201 0.201 0.206 0.206 0.206 0.2095 0.2095 0.2185 0.2185 0.2135 0.2135 0.2135 0.145 0.145 0.155 0.155 0.181 0.181 0.202 0.202 0.202 0.192 0.192 0.2045 0.2045 0.2095 0.2095 0.2095 0.216 0.216 0.2075 0.2075 0.2035 0.2035 0.2035 0.219 0.219 0.1915 0.1915 0.1815 0.1815 0.1815 0.163
0.2295 0.2295 0.2255 0.2255 0.221 0.221 0.226 0.226 0.226 0.2235 0.2235 0.228 0.228 0.2375 0.2375 0.22 0.22 0.22 0.2275 0.2275 0.245 0.245 0.2305 0.2305 0.2305 0.2045 0.2045 0.2395 0.2395 0.215 0.215 0.215 0.214 0.214 0.25 0.25 0.2195 0.2195 0.2195 0.2095 0.2095 0.1965 0.1965 0.173 0.173 0.173 0.167 0.167 0.1785 0.1785 0.1945 0.1945 0.199 0.199 0.199 0.2035 0.2035 0.201 0.201 0.203 0.203 0.203 0.2265 0.2265 0.22 0.22 0.2235 0.2235 0.2235 0.199 0.199 0.2195 0.2195 0.192 0.192 0.192 0.182
0.2295 0.2295 0.2255 0.2255 0.221 0.221 0.226 0.226 0.226 0.2235 0.2235 0.228 0.228 0.2375 0.2375 0.22 0.22 0.22 0.2275 0.2275 0.245 0.245 0.2305 0.2305 0.2305 0.2045 0.2045 0.2395 0.2395 0.215 0.215 0.215 0.214 0.214 0.25 0.25 0.2195 0.2195 0.2195 0.2095 0.2095 0.1965 0.1965 0.173 0.173 0.173 0.167 0.167 0.1785 0.1785 0.1945 0.1945 0.199 0.199 0.199 0.2035 0.2035 0.201 0.201 0.203 0.203 0.203 0.2265 0.2265 0.22 0.22 0.2235 0.2235 0.2235 0.199 0.199 0.2195 0.2195 0.192 0.192 0.192 0.182
0.2365 0.2365 0.2255 0.2255 0.218 0.218 0.2355 0.2355 0.2355 0.2275 0.2275 0.2245 0.2245 0.2255 0.2255 0.2295 0.2295 0.2295 0.2305 0.2305 0.225 0.225 0.235 0.235 0.235 0.2255 0.2255 0.218 0.218 0.2235 0.2235 0.2235 0.2035 0.2035 0.2295 0.2295 0.2125 0.2125 0.2125 0.222 0.222 0.217 0.217 0.1915 0.1915 0.1915 0.1975 0.1975 0.1805 0.1805 0.1845 0.1845 0.2245 0.2245 0.2245 0.2045 0.2045 0.21 0.21 0.1955 0.1955 0.1955 0.2275 0.2275 0.2295 0.2295 0.2305 0.2305 0.2305 0.201 0.201 0.202 0.202 0.204 0.204 0.204 0.172
0.2365 0.2365 0.2255 0.2255 0.218 0.218 0.2355 0.2355 0.2355 0.2275 0.2275 0.2245 0.2245 0.2255 0.2255 0.2295 0.2295 0.2295 0.2305 0.2305 0.225 0.225 0.235 0.235 0.235 0.2255 0.2255 0.218 0.218 0.2235 0.2235 0.2235 0.2035 0.2035 0.2295 0.2295 0.2125 0.2125 0.2125 0.222 0.222 0.217 0.217 0.1915 0.1915 0.1915 0.1975 0.1975 0.1805 0.1805 0.1845 0.1845 0.2245 0.2245 0.2245 0.2045 0.2045 0.21 0.21 0.1955 0.1955 0.1955 0.2275 0.2275 0.2295 0.2295 0.2305 0.2305 0.2305 0.201 0.201 0.202 0.202 0.204 0.204 0.204 0.172
0.2365 0.2365 0.2255 0.2255 0.218 0.218 0.2355 0.2355 0.2355 0.2275 0.2275 0.2245 0.2245 0.2255 0.2255 0.2295 0.2295 0.2295 0.2305 0.2305 0.225 0.225 0.235 0.235 0.235 0.2255 0.2255 0.218 0.218 0.2235 0.2235 0.2235 0.2035 0.2035 0.2295 0.2295 0.2125 0.2125 0.2125 0.222 0.222 0.217 0.217 0.1915 0.1915 0.1915 0.1975 0.1975 0.1805 0.1805 0.1845 0.1845 0.2245 0.2245 0.2245 0.2045 0.2045 0.21 0.21 0.1955 0.1955 0.1955 0.2275 0.2275 0.2295 0.2295 0.2305 0.2305 0.2305 0.201 0.201 0.202 0.202 0.204 0.204 0.204 0.172
0.2365 0.2365 0.2295 0.2295 0.214 0.214 0.197 0.197 0.197 0.2235 0.2235 0.2185 0.2185 0.224 0.224 0.243 0.243 0.243 0.2305 0.2305 0.2195 0.2195 0.225 0.225 0.225 0.2205 0.2205 0.2305 0.2305 0.2295 0.2295 0.2295 0.234 0.234 0.241 0.241 0.2145 0.2145 0.2145 0.227 0.227 0.199 0.199 0.2045 0.2045 0.2045 0.2025 0.2025 0.228 0.228 0.2095 0.2095 0.207 0.207 0.207 0.205 0.205 0.223 0.223 0.2295 0.2295 0.2295 0.215 0.215 0.2395 0.2395 0.2355 0.2355 0.2355 0.219 0.219 0.217 0.217 0.177 0.177 0.177 0.179
0.2365 0.2365 0.2295 0.2295 0.214 0.214 0.197 0.197 0.197 0.2235 0.2235 0.2185 0.2185 0.224 0.224 0.243 0.243 0.243 0.2305 0.2305 0.2195 0.2195 0.225 0.225 0.225 0.2205 0.2205 0.2305 0.2305 0.2295 0.2295 0.2295 0.234 0.234 0.241 0.241 0.2145 0.2145 0.2145 0.227 0.227 0.199 0.199 0.2045 0.2045 0.2045 0.2025 0.2025 0.228 0.228 0.2095 0.2095 0.207 0.207 0.207 0.205 0.205 0.223 0.223 0.2295 0.2295 0.2295 0.215 0.215 0.2395 0.2395 0.2355 0.2355 0.2355 0.219 0.219 0.217 0.217 0.177 0.177 0.177 0.179
0.227 0.227 0.2175 0.2175 0.2025 0.2025 0.2015 0.2015 0.2015 0.208 0.208 0.2175 0.2175 0.224 0.224 0.217 0.217 0.217 0.2125 0.2125 0.231 0.231 0.2425 0.2425 0.2425 0.2225 0.2225 0.2295 0.2295 0.228 0.228 0.228 0.2295 0.2295 0.2675 0.2675 0.238 0.238 0.238 0.2085 0.2085 0.213 0.213 0.197 0.197 0.197 0.196 0.196 0.208 0.208 0.2215 0.2215 0.212 0.212 0.212 0.225 0.225 0.1905 0.1905 0.245 0.245 0.245 0.2115 0.2115 0.2005 0.2005 0.192 0.192 0.192 0.1745 0.1745 0.1437 0.1437 0.13 0.13 0.13 0.238
0.227 0.227 0.2175 0.2175 0.2025 0.2025 0.2015 0.2015 0.2015 0.208 0.208 0.2175 0.2175 0.224 0.224 0.217 0.217 0.217 0.2125 0.2125 0.231 0.231 0.2425 0.2425 0.2425 0.2225 0.2225 0.2295 0.2295 0.228 0.228 0.228 0.2295 0.2295 0.2675 0.2675 0.238 0.238 0.238 0.2085 0.2085 0.213 0.213 0.197 0.197 0.197 0.196 0.196 0.208 0.208 0.2215 0.2215 0.212 0.212 0.212 0.225 0.225 0.1905 0.1905 0.245 0.245 0.245 0.2115 0.2115 0.2005 0.2005 0.192 0.192 0.192 0.1745 0.1745 0.1437 0.1437 0.13 0.13 0.13 0.238
0.2195 0.2195 0.2005 0.2005 0.2005 0.2005 0.202 0.202 0.202 0.2055 0.2055 0.208 0.208 0.236 0.236 0.223 0.223 0.223 0.2065 0.2065 0.206 0.206 0.213 0.213 0.213 0.2085 0.2085 0.222 0.222 0.2245 0.2245 0.2245 0.231 0.231 0.2395 0.2395 0.2285 0.2285 0.2285 0.2325 0.2325 0.205 0.205 0.233 0.233 0.233 0.2235 0.2235 0.244 0.244 0.225 0.225 0.2235 0.2235 0.2235 0.2155 0.2155 0.2085 0.2085 0.207 0.207 0.207 0.2275 0.2275 0.2185 0.2185 0.2825 0.2825 0.2825 0.271 0.271 0.2169 0.2169 0.1485 0.1485 0.1485 0.1395
0.2195 0.2195 0.2005 0.2005 0.2005 0.2005 0.202 0.202 0.202 0.2055 0.2055 0.208 0.208 0.236 0.236 0.223 0.223 0.223 0.2065 0.2065 0.206 0.206 0.213 0.213 0.213 0.2085 0.2085 0.222 0.222 0.2245 0.2245 0.2245 0.231 0.231 0.2395 0.2395 0.2285 0.2285 0.2285 0.2325 0.2325 0.205 0.205 0.233 0.233 0.233 0.2235 0.2235 0.244 0.244 0.225 0.225 0.2235 0.2235 0.2235 0.2155 0.2155 0.2085 0.2085 0.207 0.207 0.207 0.2275 0.2275 0.2185 0.2185 0.2825 0.2825 0.2825 0.271 0.271 0.2169 0.2169 0.1485 0.1485 0.1485 0.1395
0.2175 0.2175 0.199 0.199 0.195 0.195 0.195 0.195 0.195 0.2085 0.2085 0.2155 0.2155 0.209 0.209 0.2035 0.2035 0.2035 0.2085 0.2085 0.209 0.209 0.1995 0.1995 0.1995 0.198 0.198 0.21 0.21 0.2065 0.2065 0.2065 0.2315 0.2315 0.2405 0.2405 0.2335 0.2335 0.2335 0.2245 0.2245 0.2045 0.2045 0.223 0.223 0.223 0.2335 0.2335 0.2185 0.2185 0.2315 0.2315 0.2035 0.2035 0.2035 0.222 0.222 0.2045 0.2045 0.1935 0.1935 0.1935 0.201 0.201 0.18 0.18 0.1865 0.1865 0.1865 0.1705 0.1705 0.1895 0.1895 0.157 0.157 0.157 0.156
0.2175 0.2175 0.199 0.199 0.195 0.195 0.195 0.195 0.195 0.2085 0.2085 0.2155 0.2155 0.209 0.209 0.2035 0.2035 0.2035 0.2085 0.2085 0.209 0.209 0.1995 0.1995 0.1995 0.198 0.198 0.21 0.21 0.2065 0.2065 0.2065 0.2315 0.2315 0.2405 0.2405 0.2335 0.2335 0.2335 0.2245 0.2245 0.2045 0.2045 0.223 0.223 0.223 0.2335 0.2335 0.2185 0.2185 0.2315 0.2315 0.2035 0.2035 0.2035 0.222 0.222 0.2045 0.2045 0.1935 0.1935 0.1935 0.201 0.201 0.18 0.18 0.1865 0.1865 0.1865 0.1705 0.1705 0.1895 0.1895 0.157 0.157 0.157 0.156
0.2175 0.2175 0.199 0.199 0.195 0.195 0.195 0.195 0.195 0.2085 0.2085 0.2155 0.2155 0.209 0.209 0.2035 0.2035 0.2035 0.2085 0.2085 0.209 0.209 0.1995 0.1995 0.1995 0.198 0.198 0.21 0.21 0.2065 0.2065 0.2065 0.2315 0.2315 0.2405 0.2405 0.2335 0.2335 0.2335 0.2245 0.2245 0.2045 0.2045 0.223 0.223 0.223 0.2335 0.2335 0.2185 0.2185 0.2315 0.2315 0.2035 0.2035 0.2035 0.222 0.222 0.2045 0.2045 0.1935 0.1935 0.1935 0.201 0.201 0.18 0.18 0.1865 0.1865 0.1865 0.1705 0.1705 0.1895 0.1895 0.157 0.157 0.157 0.156
0.215 0.215 0.2185 0.2185 0.194 0.194 0.218 0.218 0.218 0.225 0.225 0.233 0.233 0.2125 0.2125 0.22 0.22 0.22 0.1985 0.1985 0.201 0.201 0.2205 0.2205 0.2205 0.2085 0.2085 0.215 0.215 0.2315 0.2315 0.2315 0.233 0.233 0.232 0.232 0.236 0.236 0.236 0.2185 0.2185 0.2035 0.2035 0.24 0.24 0.24 0.223 0.223 0.2065 0.2065 0.2155 0.2155 0.2075 0.2075 0.2075 0.2155 0.2155 0.211 0.211 0.2075 0.2075 0.2075 0.194 0.194 0.1665 0.1665 0.1885 0.1885 0.1885 0.1845 0.1845 0.183 0.183 0.167 0.167 0.167 0.156
0.215 0.215 0.2185 0.2185 0.194 0.194 0.218 0.218 0.218 0.225 0.225 0.233 0.233 0.2125 0.2125 0.22 0.22 0.22 0.1985 0.1985 0.201 0.201 0.2205 0.2205 0.2205 0.2085 0.2085 0.215 0.215 0.2315 0.2315 0.2315 0.233 0.233 0.232 0.232 0.236 0.236 0.236 0.2185 0.2185 0.2035 0.2035 0.24 0.24 0.24 0.223 0.223 0.2065 0.2065 0.2155 0.2155 0.2075 0.2075 0.2075 0.2155 0.2155 0.211 0.211 0.2075 0.2075 0.2075 0.194 0.194 0.1665 0.1665 0.1885 0.1885 0.1885 0.1845 0.1845 0.183 0.183 0.167 0.167 0.167 0.156
0.2385 0.2385 0.2135 0.2135 0.2245 0.2245 0.247 0.247 0.247 0.241 0.241 0.23 0.23 0.226 0.226 0.2 0.2 0.2 0.2 0.2 0.206 0.206 0.2235 0.2235 0.2235 0.2235 0.2235 0.229 0.229 0.2215 0.2215 0.2215 0.2155 0.2155 0.2535 0.2535 0.2325 0.2325 0.2325 0.2275 0.2275 0.2345 0.2345 0.213 0.213 0.213 0.214 0.214 0.228 0.228 0.239 0.239 0.2135 0.2135 0.2135 0.2265 0.2265 0.247 0.247 0.2265 0.2265 0.2265 0.2245 0.2245 0.1945 0.1945 0.1855 0.1855 0.1855 0.185 0.185 0.1835 0.1835 0.1625 0.1625 0.1625 0.1585
0.2385 0.2385 0.2135 0.2135 0.2245 0.2245 0.247 0.247 0.247 0.241 0.241 0.23 0.23 0.226 0.226 0.2 0.2 0.2 0.2 0.2 0.206 0.206 0.2235 0.2235 0.2235 0.2235 0.2235 0.229 0.229 0.2215 0.2215 0.2215 0.2155 0.2155 0.2535 0.2535 0.2325 0.2325 0.2325 0.2275 0.2275 0.2345 0.2345 0.213 0.213 0.213 0.214 0.214 0.228 0.228 0.239 0.239 0.2135 0.2135 0.2135 0.2265 0.2265 0.247 0.247 0.2265 0.2265 0.2265 0.2245 0.2245 0.1945 0.1945 0.1855 0.1855 0.1855 0.185 0.185 0.1835 0.1835 0.1625 0.1625 0.1625 0.1585
0.2495 0.2495 0.217 0.217 0.2245 0.2245 0.2265 0.2265 0.2265 0.23 0.23 0.2215 0.2215 0.2065 0.2065 0.2015 0.2015 0.2015 0.2025 0.2025 0.2025 0.2025 0.1945 0.1945 0.1945 0.2245 0.2245 0.2155 0.2155 0.218 0.218 0.218 0.211 0.211 0.2255 0.2255 0.215 0.215 0.215 0.2345 0.2345 0.2355 0.2355 0.2485 0.2485 0.2485 0.226 0.226 0.2255 0.2255 0.2375 0.2375 0.24 0.24 0.24 0.2375 0.2375 0.223 0.223 0.211 0.211 0.211 0.231 0.231 0.2155 0.2155 0.1865 0.1865 0.1865 0.183 0.183 0.191 0.191 0.1825 0.1825 0.1825 0.1835
0.2495 0.2495 0.217 0.217 0.2245 0.2245 0.2265 0.2265 0.2265 0.23 0.23 0.2215 0.2215 0.2065 0.2065 0.2015 0.2015 0.2015 0.2025 0.2025 0.2025 0.2025 0.1945 0.1945 0.1945 0.2245 0.2245 0.2155 0.2155 0.218 0.218 0.218 0.211 0.211 0.2255 0.2255 0.215 0.215 0.215 0.2345 0.2345 0.2355 0.2355 0.2485 0.2485 0.2485 0.226 0.226 0.2255 0.2255 0.2375 0.2375 0.24 0.24 0.24 0.2375 0.2375 0.223 0.223 0.211 0.211 0.211 0.231 0.231 0.2155 0.2155 0.1865 0.1865 0.1865 0.183 0.183 0.191 0.191 0.1825 0.1825 0.1825 0.1835
0.2495 0.2495 0.217 0.217 0.2245 0.2245 0.2265 0.2265 0.2265 0.23 0.23 0.2215 0.2215 0.2065 0.2065 0.2015 0.2015 0.2015 0.2025 0.2025 0.2025 0.2025 0.1945 0.1945 0.1945 0.2245 0.2245 0.2155 0.2155 0.218 0.218 0.218 0.211 0.211 0.2255 0.2255 0.215 0.215 0.215 0.2345 0.2345 0.2355 0.2355 0.2485 0.2485 0.2485 0.226 0.226 0.2255 0.2255 0.2375 0.2375 0.24 0.24 0.24 0.2375 0.2375 0.223 0.223 0.211 0.211 0.211 0.231 0.231 0.2155 0.2155 0.1865 0.1865 0.1865 0.183 0.183 0.191 0.191 0.1825 0.1825 0.1825 0.1835
0.1965 0.1965 0.2405 0.2405 0.224 0.224 0.222 0.222 0.222 0.2265 0.2265 0.2175 0.2175 0.2045 0.2045 0.1975 0.1975 0.1975 0.2075 0.2075 0.203 0.203 0.206 0.206 0.206 0.2035 0.2035 0.201 0.201 0.226 0.226 0.226 0.233 0.233 0.233 0.233 0.224 0.224 0.224 0.231 0.231 0.231 0.231 0.2285 0.2285 0.2285 0.248 0.248 0.2295 0.2295 0.219 0.219 0.2445 0.2445 0.2445 0.243 0.243 0.2395 0.2395 0.242 0.242 0.242 0.244 0.244 0.228 0.228 0.223 0.223 0.223 0.1875 0.1875 0.1815 0.1815 0.1775 0.1775 0.1775 0.169
0.1965 0.1965 0.2405 0.2405 0.224 0.224 0.222 0.222 0.222 0.2265 0.2265 0.2175 0.2175 0.2045 0.2045 0.1975 0.1975 0.1975 0.2075 0.2075 0.203 0.203 0.206 0.206 0.206 0.2035 0.2035 0.201 0.201 0.226 0.226 0.226 0.233 0.233 0.233 0.233 0.224 0.224 0.224 0.231 0.231 0.231 0.231 0.2285 0.2285 0.2285 0.248 0.248 0.2295 0.2295 0.219 0.219 0.2445 0.2445 0.2445 0.243 0.243 0.2395 0.2395 0.242 0.242 0.242 0.244 0.244 0.228 0.228 0.223 0.223 0.223 0.1875 0.1875 0.1815 0.1815 0.1775 0.1775 0.1775 0.169
0.226 0.226 0.2185 0.2185 0.2175 0.2175 0.1985 0.1985 0.1985 0.2035 0.2035 0.2075 0.2075 0.209 0.209 0.2 0.2 0.2 0.2005 0.2005 0.196 0.196 0.2215 0.2215 0.2215 0.22 0.22 0.2125 0.2125 0.2195 0.2195 0.2195 0.2425 0.2425 0.239 0.239 0.246 0.246 0.246 0.2465 0.2465 0.2545 0.2545 0.228 0.228 0.228 0.2435 0.2435 0.242 0.242 0.2325 0.2325 0.2085 0.2085 0.2085 0.22 0.22 0.2225 0.2225 0.2355 0.2355 0.2355 0.235 0.235 0.2445 0.2445 0.2165 0.2165 0.2165 0.2505 0.2505 0.25 0.25 0.2205 0.2205 0.2205 0.205
0.226 0.226 0.2185 0.2185 0.2175 0.2175 0.1985 0.1985 0.1985 0.2035 0.2035 0.2075 0.2075 0.209 0.209 0.2 0.2 0.2 0.2005 0.2005 0.196 0.196 0.2215 0.2215 0.2215 0.22 0.22 0.2125 0.2125 0.2195 0.2195 0.2195 0.2425 0.2425 0.239 0.239 0.246 0.246 0.246 0.2465 0.2465 0.2545 0.2545 0.228 0.228 0.228 0.2435 0.2435 0.242 0.242 0.2325 0.2325 0.2085 0.2085 0.2085 0.22 0.22 0.2225 0.2225 0.2355 0.2355 0.2355 0.235 0.235 0.2445 0.2445 0.2165 0.2165 0.2165 0.2505 0.2505 0.25 0.25 0.2205 0.2205 0.2205 0.205
0.22 0.22 0.217 0.217 0.2045 0.2045 0.2095 0.2095 0.2095 0.2115 0.2115 0.226 0.226 0.212 0.212 0.2185 0.2185 0.2185 0.2155 0.2155 0.215 0.215 0.2095 0.2095 0.2095 0.212 0.212 0.217 0.217 0.2215 0.2215 0.2215 0.2365 0.2365 0.262 0.262 0.2595 0.2595 0.2595 0.2365 0.2365 0.232 0.232 0.2505 0.2505 0.2505 0.2595 0.2595 0.246 0.246 0.231 0.231 0.217 0.217 0.217 0.202 0.202 0.2275 0.2275 0.215 0.215 0.215 0.204 0.204 0.234 0.234 0.225 0.225 0.225 0.242 0.242 0.225 0.225 0.2055 0.2055 0.2055 0.204
0.22 0.22 0.217 0.217 0.2045 0.2045 0.2095 0.2095 0.2095 0.2115 0.2115 0.226 0.226 0.212 0.212 0.2185 0.2185 0.2185 0.2155 0.2155 0.215 0.215 0.2095 0.2095 0.2095 0.212 0.212 0.217 0.217 0.2215 0.2215 0.2215 0.2365 0.2365 0.262 0.262 0.2595 0.2595 0.2595 0.2365 0.2365 0.232 0.232 0.2505 0.2505 0.2505 0.2595 0.2595 0.246 0.246 0.231 0.231 0.217 0.217 0.217 0.202 0.202 0.2275 0.2275 0.215 0.215 0.215 0.204 0.204 0.234 0.234 0.225 0.225 0.225 0.242 0.242 0.225 0.225 0.2055 0.2055 0.2055 0.204
0.22 0.22 0.217 0.217 0.2045 0.2045 0.2095 0.2095 0.2095 0.2115 0.2115 0.226 0.226 0.212 0.212 0.2185 0.2185 0.2185 0.2155 0.2155 0.215 0.215 0.2095 0.2095 0.2095 0.212 0.212 0.217 0.217 0.2215 0.2215 0.2215 0.2365 0.2365 0.262 0.262 0.2595 0.2595 0.2595 0.2365 0.2365 0.232 0.232 0.2505 0.2505 0.2505 0.2595 0.2595 0.246 0.246 0.231 0.231 0.217 0.217 0.217 0.202 0.202 0.2275 0.2275 0.215 0.215 0.215 0.204 0.204 0.234 0.234 0.225 0.225 0.225 0.242 0.242 0.225 0.225 0.2055 0.2055 0.2055 0.204
0.218 0.218 0.2145 0.2145 0.2075 0.2075 0.2005 0.2005 0.2005 0.214 0.214 0.226 0.226 0.2305 0.2305 0.223 0.223 0.223 0.233 0.233 0.2195 0.2195 0.2105 0.2105 0.2105 0.2125 0.2125 0.2325 0.2325 0.228 0.228 0.228 0.238 0.238 0.2385 0.2385 0.2505 0.2505 0.2505 0.238 0.238 0.238 0.238 0.257 0.257 0.257 0.254 0.254 0.258 0.258 0.239 0.239 0.2305 0.2305 0.2305 0.2165 0.2165 0.209 0.209 0.2055 0.2055 0.2055 0.2555 0.2555 0.2285 0.2285 0.2435 0.2435 0.2435 0.254 0.254 0.2285 0.2285 0.22 0.22 0.22 0.2225
0.218 0.218 0.2145 0.2145 0.2075 0.2075 0.2005 0.2005 0.2005 0.214 0.214 0.226 0.226 0.2305 0.2305 0.223 0.223 0.223 0.233 0.233 0.2195 0.2195 0.2105 0.2105 0.2105 0.2125 0.2125 0.2325 0.2325 0.228 0.228 0.228 0.238 0.238 0.2385 0.2385 0.2505 0.2505 0.2505 0.238 0.238 0.238 0.238 0.257 0.257 0.257 0.254 0.254 0.258 0.258 0.239 0.239 0.2305 0.2305 0.2305 0.2165 0.2165 0.209 0.209 0.2055 0.2055 0.2055 0.2555 0.2555 0.2285 0.2285 0.2435 0.2435 0.2435 0.254 0.254 0.2285 0.2285 0.22 0.22 0.22 0.2225
0.2045 0.2045 0.2005 0.2005 0.206 0.206 0.215 0.215 0.215 0.2045 0.2045 0.2185 0.2185 0.216 0.216 0.219 0.219 0.219 0.2035 0.2035 0.2135 0.2135 0.2145 0.2145 0.2145 0.2345 0.2345 0.218 0.218 0.227 0.227 0.227 0.224 0.224 0.208 0.208 0.219 0.219 0.219 0.215 0.215 0.244 0.244 0.258 0.258 0.258 0.2745 0.2745 0.2425 0.2425 0.243 0.243 0.2465 0.2465 0.2465 0.24 0.24 0.2285 0.2285 0.204 0.204 0.204 0.254 0.254 0.2425 0.2425 0.2535 0.2535 0.2535 0.2615 0.2615 0.221 0.221 0.23 0.23 0.23 0.2345
0.2045 0.2045 0.2005 0.2005 0.206 0.206 0.215 0.215 0.215 0.2045 0.2045 0.2185 0.2185 0.216 0.216 0.219 0.219 0.219 0.2035 0.2035 0.2135 0.2135 0.2145 0.2145 0.2145 0.2345 0.2345 0.218 0.218 0.227 0.227 0.227 0.224 0.224 0.208 0.208 0.219 0.219 0.219 0.215 0.215 0.244 0.244 0.258 0.258 0.258 0.2745 0.2745 0.2425 0.2425 0.243 0.243 0.2465 0.2465 0.2465 0.24 0.24 0.2285 0.2285 0.204 0.204 0.204 0.254 0.254 0.2425 0.2425 0.2535 0.2535 0.2535 0.2615 0.2615 0.221 0.221 0.23 0.23 0.23 0.2345
0.2045 0.2045 0.223 0.223 0.2105 0.2105 0.224 0.224 0.224 0.2105 0.2105 0.204 0.204 0.21 0.21 0.227 0.227 0.227 0.2205 0.2205 0.21 0.21 0.232 0.232 0.232 0.226 0.226 0.244 0.244 0.211 0.211 0.211 0.2135 0.2135 0.206 0.206 0.2345 0.2345 0.2345 0.2465 0.2465 0.2635 0.2635 0.2615 0.2615 0.2615 0.266 0.266 0.26 0.26 0.2695 0.2695 0.255 0.255 0.255 0.24 0.24 0.238 0.238 0.2225 0.2225 0.2225 0.2325 0.2325 0.281 0.281 0.2575 0.2575 0.2575 0.2795 0.2795 0.2585 0.2585 0.234 0.234 0.234 0.237
