ndvi/NOAA-361.asc
ncols         252
nrows         154
xllcorner     -18.017974
yllcorner     13.481982
cellsize      0.035948
NODATA_value  -9999
[rows 35 to 69 of 154, columns 77 to 153 of 252]
0.1455 0.1455 0.1415 0.1415 0.143 0.143 0.1475 0.1475 0.1475 0.142 0.142 0.146 0.146 0.144 0.144 0.1335 0.1335 0.1335 0.133 0.133 0.136 0.136 0.1465 0.1465 0.1465 0.154 0.154 0.154 0.154 0.16 0.16 0.16 0.1495 0.1495 0.1475 0.1475 0.1385 0.1385 0.1385 0.135 0.135 0.131 0.131 0.155 0.155 0.155 0.141 0.141 0.125 0.125 0.1385 0.1385 0.141 0.141 0.141 0.144 0.144 0.14 0.14 0.1575 0.1575 0.1575 0.152 0.152 0.1605 0.1605 0.15 0.15 0.15 0.152 0.152 0.132 0.132 0.126 0.126 0.126 0.1375
0.1455 0.1455 0.1415 0.1415 0.143 0.143 0.1475 0.1475 0.1475 0.142 0.142 0.146 0.146 0.144 0.144 0.1335 0.1335 0.1335 0.133 0.133 0.136 0.136 0.1465 0.1465 0.1465 0.154 0.154 0.154 0.154 0.16 0.16 0.16 0.1495 0.1495 0.1475 0.1475 0.1385 0.1385 0.1385 0.135 0.135 0.131 0.131 0.155 0.155 0.155 0.141 0.141 0.125 0.125 0.1385 0.1385 0.141 0.141 0.141 0.144 0.144 0.14 0.14 0.1575 0.1575 0.1575 0.152 0.152 0.1605 0.1605 0.15 0.15 0.15 0.152 0.152 0.132 0.132 0.126 0.126 0.126 0.1375
0.155 0.155 0.1515 0.1515 0.1465 0.1465 0.1445 0.1445 0.1445 0.135 0.135 0.1385 0.1385 0.1515 0.1515 0.135 0.135 0.135 0.137 0.137 0.1425 0.1425 0.1505 0.1505 0.1505 0.161 0.161 0.1615 0.1615 0.163 0.163 0.163 0.149 0.149 0.1495 0.1495 0.1425 0.1425 0.1425 0.1395 0.1395 0.145 0.145 0.1585 0.1585 0.1585 0.1515 0.1515 0.146 0.146 0.149 0.149 0.1515 0.1515 0.1515 0.1675 0.1675 0.179 0.179 0.175 0.175 0.175 0.16 0.16 0.153 0.153 0.156 0.156 0.156 0.1555 0.1555 0.1195 0.1195 0.1385 0.1385 0.1385 0.1315
0.155 0.155 0.1515 0.1515 0.1465 0.1465 0.1445 0.1445 0.1445 0.135 0.135 0.1385 0.1385 0.1515 0.1515 0.135 0.135 0.135 0.137 0.137 0.1425 0.1425 0.1505 0.1505 0.1505 0.161 0.161 0.1615 0.1615 0.163 0.163 0.163 0.149 0.149 0.1495 0.1495 0.1425 0.1425 0.1425 0.1395 0.1395 0.145 0.145 0.1585 0.1585 0.1585 0.1515 0.1515 0.146 0.146 0.149 0.149 0.1515 0.1515 0.1515 0.1675 0.1675 0.179 0.179 0.175 0.175 0.175 0.16 0.16 0.153 0.153 0.156 0.156 0.156 0.1555 0.1555 0.1195 0.1195 0.1385 0.1385 0.1385 0.1315
0.1525 0.1525 0.1475 0.1475 0.142 0.142 0.1445 0.1445 0.1445 0.1485 0.1485 0.142 0.142 0.1465 0.1465 0.143 0.143 0.143 0.1415 0.1415 0.146 0.146 0.1585 0.1585 0.1585 0.152 0.152 0.1525 0.1525 0.1605 0.1605 0.1605 0.165 0.165 0.157 0.157 0.1535 0.1535 0.1535 0.1525 0.1525 0.1455 0.1455 0.166 0.166 0.166 0.175 0.175 0.1645 0.1645 0.1685 0.1685 0.189 0.189 0.189 0.1725 0.1725 0.1695 0.1695 0.181 0.181 0.181 0.149 0.149 0.1535 0.1535 0.1515 0.1515 0.1515 0.162 0.162 0.114 0.114 0.1445 0.1445 0.1445 0.1385
0.1525 0.1525 0.1475 0.1475 0.142 0.142 0.1445 0.1445 0.1445 0.1485 0.1485 0.142 0.142 0.1465 0.1465 0.143 0.143 0.143 0.1415 0.1415 0.146 0.146 0.1585 0.1585 0.1585 0.152 0.152 0.1525 0.1525 0.1605 0.1605 0.1605 0.165 0.165 0.157 0.157 0.1535 0.1535 0.1535 0.1525 0.1525 0.1455 0.1455 0.166 0.166 0.166 0.175 0.175 0.1645 0.1645 0.1685 0.1685 0.189 0.189 0.189 0.1725 0.1725 0.1695 0.1695 0.181 0.181 0.181 0.149 0.149 0.1535 0.1535 0.1515 0.1515 0.1515 0.162 0.162 0.114 0.114 0.1445 0.1445 0.1445 0.1385
0.1575 0.1575 0.154 0.154 0.1505 0.1505 0.147 0.147 0.147 0.147 0.147 0.1505 0.1505 0.1515 0.1515 0.1445 0.1445 0.1445 0.1565 0.1565 0.1455 0.1455 0.1555 0.1555 0.1555 0.1545 0.1545 0.1545 0.1545 0.165 0.165 0.165 0.1595 0.1595 0.1575 0.1575 0.16 0.16 0.16 0.1565 0.1565 0.1705 0.1705 0.1815 0.1815 0.1815 0.1845 0.1845 0.1695 0.1695 0.1645 0.1645 0.1895 0.1895 0.1895 0.1725 0.1725 0.1835 0.1835 0.178 0.178 0.178 0.1535 0.1535 0.1465 0.1465 0.127 0.127 0.127 0.145 0.145 0.134 0.134 0.145 0.145 0.145 0.1365
0.1575 0.1575 0.154 0.154 0.1505 0.1505 0.147 0.147 0.147 0.147 0.147 0.1505 0.1505 0.1515 0.1515 0.1445 0.1445 0.1445 0.1565 0.1565 0.1455 0.1455 0.1555 0.1555 0.1555 0.1545 0.1545 0.1545 0.1545 0.165 0.165 0.165 0.1595 0.1595 0.1575 0.1575 0.16 0.16 0.16 0.1565 0.1565 0.1705 0.1705 0.1815 0.1815 0.1815 0.1845 0.1845 0.1695 0.1695 0.1645 0.1645 0.1895 0.1895 0.1895 0.1725 0.1725 0.1835 0.1835 0.178 0.178 0.178 0.1535 0.1535 0.1465 0.1465 0.127 0.127 0.127 0.145 0.145 0.134 0.134 0.145 0.145 0.145 0.1365
0.1575 0.1575 0.154 0.154 0.1505 0.1505 0.147 0.147 0.147 0.147 0.147 0.1505 0.1505 0.1515 0.1515 0.1445 0.1445 0.1445 0.1565 0.1565 0.1455 0.1455 0.1555 0.1555 0.1555 0.1545 0.1545 0.1545 0.1545 0.165 0.165 0.165 0.1595 0.1595 0.1575 0.1575 0.16 0.16 0.16 0.1565 0.1565 0.1705 0.1705 0.1815 0.1815 0.1815 0.1845 0.1845 0.1695 0.1695 0.1645 0.1645 0.1895 0.1895 0.1895 0.1725 0.1725 0.1835 0.1835 0.178 0.178 0.178 0.1535 0.1535 0.1465 0.1465 0.127 0.127 0.127 0.145 0.145 0.134 0.134 0.145 0.145 0.145 0.1365
0.167 0.167 0.154 0.154 0.149 0.149 0.1485 0.1485 0.1485 0.151 0.151 0.15 0.15 0.152 0.152 0.1495 0.1495 0.1495 0.144 0.144 0.15 0.15 0.151 0.151 0.151 0.153 0.153 0.162 0.162 0.153 0.153 0.153 0.16 0.16 0.168 0.168 0.1775 0.1775 0.1775 0.181 0.181 0.171 0.171 0.1695 0.1695 0.1695 0.1735 0.1735 0.174 0.174 0.172 0.172 0.18 0.18 0.18 0.168 0.168 0.167 0.167 0.1605 0.1605 0.1605 0.1555 0.1555 0.146 0.146 0.136 0.136 0.136 0.141 0.141 0.129 0.129 0.139 0.139 0.139 0.1305
0.167 0.167 0.154 0.154 0.149 0.149 0.1485 0.1485 0.1485 0.151 0.151 0.15 0.15 0.152 0.152 0.1495 0.1495 0.1495 0.144 0.144 0.15 0.15 0.151 0.151 0.151 0.153 0.153 0.162 0.162 0.153 0.153 0.153 0.16 0.16 0.168 0.168 0.1775 0.1775 0.1775 0.181 0.181 0.171 0.171 0.1695 0.1695 0.1695 0.1735 0.1735 0.174 0.174 0.172 0.172 0.18 0.18 0.18 0.168 0.168 0.167 0.167 0.1605 0.1605 0.1605 0.1555 0.1555 0.146 0.146 0.136 0.136 0.136 0.141 0.141 0.129 0.129 0.139 0.139 0.139 0.1305
0.1615 0.1615 0.156 0.156 0.1495 0.1495 0.147 0.147 0.147 0.1485 0.1485 0.145 0.145 0.1395 0.1395 0.149 0.149 0.149 0.141 0.141 0.1525 0.1525 0.1515 0.1515 0.1515 0.165 0.165 0.1575 0.1575 0.162 0.162 0.162 0.174 0.174 0.1995 0.1995 0.163 0.163 0.163 0.13 0.13 0.1435 0.1435 0.1445 0.1445 0.1445 0.159 0.159 0.1805 0.1805 0.1775 0.1775 0.169 0.169 0.169 0.174 0.174 0.1725 0.1725 0.1595 0.1595 0.1595 0.1625 0.1625 0.143 0.143 0.127 0.127 0.127 0.1535 0.1535 0.135 0.135 0.1385 0.1385 0.1385 0.115
0.1615 0.1615 0.156 0.156 0.1495 0.1495 0.147 0.147 0.147 0.1485 0.1485 0.145 0.145 0.1395 0.1395 0.149 0.149 0.149 0.141 0.141 0.1525 0.1525 0.1515 0.1515 0.1515 0.165 0.165 0.1575 0.1575 0.162 0.162 0.162 0.174 0.174 0.1995 0.1995 0.163 0.163 0.163 0.13 0.13 0.1435 0.1435 0.1445 0.1445 0.1445 0.159 0.159 0.1805 0.1805 0.1775 0.1775 0.169 0.169 0.169 0.174 0.174 0.1725 0.1725 0.1595 0.1595 0.1595 0.1625 0.1625 0.143 0.143 0.127 0.127 0.127 0.1535 0.1535 0.135 0.135 0.1385 0.1385 0.1385 0.115
0.176 0.176 0.16 0.16 0.1555 0.1555 0.149 0.149 0.149 0.1405 0.1405 0.134 0.134 0.15 0.15 0.1695 0.1695 0.1695 0.17 0.17 0.1735 0.1735 0.1665 0.1665 0.1665 0.165 0.165 0.178 0.178 0.169 0.169 0.169 0.1905 0.1905 0.2035 0.2035 0.156 0.156 0.156 0.139 0.139 0.1365 0.1365 0.1535 0.1535 0.1535 0.165 0.165 0.1995 0.1995 0.182 0.182 0.1885 0.1885 0.1885 0.175 0.175 0.1735 0.1735 0.1695 0.1695 0.1695 0.1745 0.1745 0.166 0.166 0.1525 0.1525 0.1525 0.157 0.157 0.142 0.142 0.1285 0.1285 0.1285 0.1145
0.176 0.176 0.16 0.16 0.1555 0.1555 0.149 0.149 0.149 0.1405 0.1405 0.134 0.134 0.15 0.15 0.1695 0.1695 0.1695 0.17 0.17 0.1735 0.1735 0.1665 0.1665 0.1665 0.165 0.165 0.178 0.178 0.169 0.169 0.169 0.1905 0.1905 0.2035 0.2035 0.156 0.156 0.156 0.139 0.139 0.1365 0.1365 0.1535 0.1535 0.1535 0.165 0.165 0.1995 0.1995 0.182 0.182 0.1885 0.1885 0.1885 0.175 0.175 0.1735 0.1735 0.1695 0.1695 0.1695 0.1745 0.1745 0.166 0.166 0.1525 0.1525 0.1525 0.157 0.157 0.142 0.142 0.1285 0.1285 0.1285 0.1145
0.176 0.176 0.16 0.16 0.1555 0.1555 0.149 0.149 0.149 0.1405 0.1405 0.134 0.134 0.15 0.15 0.1695 0.1695 0.1695 0.17 0.17 0.1735 0.1735 0.1665 0.1665 0.1665 0.165 0.165 0.178 0.178 0.169 0.169 0.169 0.1905 0.1905 0.2035 0.2035 0.156 0.156 0.156 0.139 0.139 0.1365 0.1365 0.1535 0.1535 0.1535 0.165 0.165 0.1995 0.1995 0.182 0.182 0.1885 0.1885 0.1885 0.175 0.175 0.1735 0.1735 0.1695 0.1695 0.1695 0.1745 0.1745 0.166 0.166 0.1525 0.1525 0.1525 0.157 0.157 0.142 0.142 0.1285 0.1285 0.1285 0.1145
0.1675 0.1675 0.1705 0.1705 0.162 0.162 0.169 0.169 0.169 0.1665 0.1665 0.17 0.17 0.177 0.177 0.1805 0.1805 0.1805 0.1855 0.1855 0.1955 0.1955 0.19 0.19 0.19 0.18 0.18 0.186 0.186 0.1725 0.1725 0.1725 0.1605 0.1605 0.188 0.188 0.1585 0.1585 0.1585 0.1215 0.1215 0.1425 0.1425 0.1405 0.1405 0.1405 0.168 0.168 0.147 0.147 0.1885 0.1885 0.1835 0.1835 0.1835 0.1825 0.1825 0.178 0.178 0.166 0.166 0.166 0.1875 0.1875 0.1775 0.1775 0.1785 0.1785 0.1785 0.1915 0.1915 0.2 0.2 0.1735 0.1735 0.1735 0.126
0.1675 0.1675 0.1705 0.1705 0.162 0.162 0.169 0.169 0.169 0.1665 0.1665 0.17 0.17 0.177 0.177 0.1805 0.1805 0.1805 0.1855 0.1855 0.1955 0.1955 0.19 0.19 0.19 0.18 0.18 0.186 0.186 0.1725 0.1725 0.1725 0.1605 0.1605 0.188 0.188 0.1585 0.1585 0.1585 0.1215 0.1215 0.1425 0.1425 0.1405 0.1405 0.1405 0.168 0.168 0.147 0.147 0.1885 0.1885 0.1835 0.1835 0.1835 0.1825 0.1825 0.178 0.178 0.166 0.166 0.166 0.1875 0.1875 0.1775 0.1775 0.1785 0.1785 0.1785 0.1915 0.1915 0.2 0.2 0.1735 0.1735 0.1735 0.126
0.1775 0.1775 0.1865 0.1865 0.175 0.175 0.1645 0.1645 0.1645 0.1765 0.1765 0.1815 0.1815 0.1785 0.1785 0.1805 0.1805 0.1805 0.1895 0.1895 0.1895 0.1895 0.1965 0.1965 0.1965 0.195 0.195 0.179 0.179 0.174 0.174 0.174 0.1695 0.1695 0.194 0.194 0.1845 0.1845 0.1845 0.174 0.174 0.14 0.14 0.138 0.138 0.138 0.129 0.129 0.174 0.174 0.181 0.181 0.1865 0.1865 0.1865 0.1945 0.1945 0.2035 0.2035 0.209 0.209 0.209 0.206 0.206 0.2075 0.2075 0.184 0.184 0.184 0.186 0.186 0.184 0.184 0.185 0.185 0.185 0.1165
0.1775 0.1775 0.1865 0.1865 0.175 0.175 0.1645 0.1645 0.1645 0.1765 0.1765 0.1815 0.1815 0.1785 0.1785 0.1805 0.1805 0.1805 0.1895 0.1895 0.1895 0.1895 0.1965 0.1965 0.1965 0.195 0.195 0.179 0.179 0.174 0.174 0.174 0.1695 0.1695 0.194 0.194 0.1845 0.1845 0.1845 0.174 0.174 0.14 0.14 0.138 0.138 0.138 0.129 0.129 0.174 0.174 0.181 0.181 0.1865 0.1865 0.1865 0.1945 0.1945 0.2035 0.2035 0.209 0.209 0.209 0.206 0.206 0.2075 0.2075 0.184 0.184 0.184 0.186 0.186 0.184 0.184 0.185 0.185 0.185 0.1165
0.226 0.226 0.2095 0.2095 0.1895 0.1895 0.1865 0.1865 0.1865 0.185 0.185 0.184 0.184 0.1865 0.1865 0.185 0.185 0.185 0.193 0.193 0.1915 0.1915 0.1895 0.1895 0.1895 0.181 0.181 0.18 0.18 0.196 0.196 0.196 0.181 0.181 0.1685 0.1685 0.184 0.184 0.184 0.171 0.171 0.12 0.12 0.135 0.135 0.135 0.1225 0.1225 0.1505 0.1505 0.1865 0.1865 0.202 0.202 0.202 0.2095 0.2095 0.208 0.208 0.2165 0.2165 0.2165 0.2055 0.2055 0.217 0.217 0.209 0.209 0.209 0.1665 0.1665 0.1645 0.1645 0.157 0.157 0.157 0.1145
0.226 0.226 0.2095 0.2095 0.1895 0.1895 0.1865 0.1865 0.1865 0.185 0.185 0.184 0.184 0.1865 0.1865 0.185 0.185 0.185 0.193 0.193 0.1915 0.1915 0.1895 0.1895 0.1895 0.181 0.181 0.18 0.18 0.196 0.196 0.196 0.181 0.181 0.1685 0.1685 0.184 0.184 0.184 0.171 0.171 0.12 0.12 0.135 0.135 0.135 0.1225 0.1225 0.1505 0.1505 0.1865 0.1865 0.202 0.202 0.202 0.2095 0.2095 0.208 0.208 0.2165 0.2165 0.2165 0.2055 0.2055 0.217 0.217 0.209 0.209 0.209 0.1665 0.1665 0.1645 0.1645 0.157 0.157 0.157 0.1145
0.2095 0.2095 0.198 0.198 0.1915 0.1915 0.1945 0.1945 0.1945 0.1915 0.1915 0.176 0.176 0.18 0.18 0.182 0.182 0.182 0.188 0.188 0.194 0.194 0.1865 0.1865 0.1865 0.182 0.182 0.2065 0.2065 0.196 0.196 0.196 0.184 0.184 0.177 0.177 0.168 0.168 0.168 0.164 0.164 0.154 0.154 0.155 0.155 0.155 0.144 0.144 0.1475 0.1475 0.172 0.172 0.177 0.177 0.177 0.2005 0.2005 0.1965 0.1965 0.219 0.219 0.219 0.2115 0.2115 0.2015 0.2015 0.217 0.217 0.217 0.1925 0.1925 0.157 0.157 0.145 0.145 0.145 0.1125
0.2095 0.2095 0.198 0.198 0.1915 0.1915 0.1945 0.1945 0.1945 0.1915 0.1915 0.176 0.176 0.18 0.18 0.182 0.182 0.182 0.188 0.188 0.194 0.194 0.1865 0.1865 0.1865 0.182 0.182 0.2065 0.2065 0.196 0.196 0.196 0.184 0.184 0.177 0.177 0.168 0.168 0.168 0.164 0.164 0.154 0.154 0.155 0.155 0.155 0.144 0.144 0.1475 0.1475 0.172 0.172 0.177 0.177 0.177 0.2005 0.2005 0.1965 0.1965 0.219 0.219 0.219 0.2115 0.2115 0.2015 0.2015 0.217 0.217 0.217 0.1925 0.1925 0.157 0.157 0.145 0.145 0.145 0.1125
0.2095 0.2095 0.198 0.198 0.1915 0.1915 0.1945 0.1945 0.1945 0.1915 0.1915 0.176 0.176 0.18 0.18 0.182 0.182 0.182 0.188 0.188 0.194 0.194 0.1865 0.1865 0.1865 0.182 0.182 0.2065 0.2065 0.196 0.196 0.196 0.184 0.184 0.177 0.177 0.168 0.168 0.168 0.164 0.164 0.154 0.154 0.155 0.155 0.155 0.144 0.144 0.1475 0.1475 0.172 0.172 0.177 0.177 0.177 0.2005 0.2005 0.1965 0.1965 0.219 0.219 0.219 0.2115 0.2115 0.2015 0.2015 0.217 0.217 0.217 0.1925 0.1925 0.157 0.157 0.145 0.145 0.145 0.1125
0.2065 0.2065 0.1975 0.1975 0.2055 0.2055 0.2175 0.2175 0.2175 0.202 0.202 0.1845 0.1845 0.2035 0.2035 0.191 0.191 0.191 0.1715 0.1715 0.194 0.194 0.2035 0.2035 0.2035 0.2 0.2 0.211 0.211 0.203 0.203 0.203 0.1895 0.1895 0.192 0.192 0.1775 0.1775 0.1775 0.1645 0.1645 0.144 0.144 0.1745 0.1745 0.1745 0.1765 0.1765 0.128 0.128 0.1185 0.1185 0.136 0.136 0.136 0.147 0.147 0.195 0.195 0.2235 0.2235 0.2235 0.2245 0.2245 0.2185 0.2185 0.2255 0.2255 0.2255 0.2065 0.2065 0.202 0.202 0.158 0.158 0.158 0.1
0.2065 0.2065 0.1975 0.1975 0.2055 0.2055 0.2175 0.2175 0.2175 0.202 0.202 0.1845 0.1845 0.2035 0.2035 0.191 0.191 0.191 0.1715 0.1715 0.194 0.194 0.2035 0.2035 0.2035 0.2 0.2 0.211 0.211 0.203 0.203 0.203 0.1895 0.1895 0.192 0.192 0.1775 0.1775 0.1775 0.1645 0.1645 0.144 0.144 0.1745 0.1745 0.1745 0.1765 0.1765 0.128 0.128 0.1185 0.1185 0.136 0.136 0.136 0.147 0.147 0.195 0.195 0.2235 0.2235 0.2235 0.2245 0.2245 0.2185 0.2185 0.2255 0.2255 0.2255 0.2065 0.2065 0.202 0.202 0.158 0.158 0.158 0.1
0.234 0.234 0.2595 0.2595 0.2225 0.2225 0.2275 0.2275 0.2275 0.283 0.283 0.252 0.252 0.2035 0.2035 0.1845 0.1845 0.1845 0.1765 0.1765 0.212 0.212 0.2155 0.2155 0.2155 0.2085 0.2085 0.2145 0.2145 0.193 0.193 0.193 0.189 0.189 0.208 0.208 0.1905 0.1905 0.1905 0.182 0.182 0.147 0.147 0.15 0.15 0.15 0.1435 0.1435 0.1205 0.1205 0.144 0.144 0.147 0.147 0.147 0.157 0.157 0.1905 0.1905 0.22 0.22 0.22 0.2305 0.2305 0.219 0.219 0.205 0.205 0.205 0.175 0.175 0.1945 0.1945 0.153 0.153 0.153 0.132
0.234 0.234 0.2595 0.2595 0.2225 0.2225 0.2275 0.2275 0.2275 0.283 0.283 0.252 0.252 0.2035 0.2035 0.1845 0.1845 0.1845 0.1765 0.1765 0.212 0.212 0.2155 0.2155 0.2155 0.2085 0.2085 0.2145 0.2145 0.193 0.193 0.193 0.189 0.189 0.208 0.208 0.1905 0.1905 0.1905 0.182 0.182 0.147 0.147 0.15 0.15 0.15 0.1435 0.1435 0.1205 0.1205 0.144 0.144 0.147 0.147 0.147 0.157 0.157 0.1905 0.1905 0.22 0.22 0.22 0.2305 0.2305 0.219 0.219 0.205 0.205 0.205 0.175 0.175 0.1945 0.1945 0.153 0.153 0.153 0.132
0.216 0.216 0.2485 0.2485 0.22 0.22 0.2525 0.2525 0.2525 0.2145 0.2145 0.2095 0.2095 0.235 0.235 0.2235 0.2235 0.2235 0.2495 0.2495 0.2295 0.2295 0.243 0.243 0.243 0.2105 0.2105 0.196 0.196 0.1875 0.1875 0.1875 0.1795 0.1795 0.173 0.173 0.1745 0.1745 0.1745 0.164 0.164 0.1805 0.1805 0.152 0.152 0.152 0.1595 0.1595 0.1225 0.1225 0.113 0.113 0.165 0.165 0.165 0.191 0.191 0.1835 0.1835 0.2175 0.2175 0.2175 0.212 0.212 0.207 0.207 0.2 0.2 0.2 0.2355 0.2355 0.22 0.22 0.1845 0.1845 0.1845 0.141
0.216 0.216 0.2485 0.2485 0.22 0.22 0.2525 0.2525 0.2525 0.2145 0.2145 0.2095 0.2095 0.235 0.235 0.2235 0.2235 0.2235 0.2495 0.2495 0.2295 0.2295 0.243 0.243 0.243 0.2105 0.2105 0.196 0.196 0.1875 0.1875 0.1875 0.1795 0.1795 0.173 0.173 0.1745 0.1745 0.1745 0.164 0.164 0.1805 0.1805 0.152 0.152 0.152 0.1595 0.1595 0.1225 0.1225 0.113 0.113 0.165 0.165 0.165 0.191 0.191 0.1835 0.1835 0.2175 0.2175 0.2175 0.212 0.212 0.207 0.207 0.2 0.2 0.2 0.2355 0.2355 0.22 0.22 0.1845 0.1845 0.1845 0.141
0.216 0.216 0.2485 0.2485 0.22 0.22 0.2525 0.2525 0.2525 0.2145 0.2145 0.2095 0.2095 0.235 0.235 0.2235 0.2235 0.2235 0.2495 0.2495 0.2295 0.2295 0.243 0.243 0.243 0.2105 0.2105 0.196 0.196 0.1875 0.1875 0.1875 0.1795 0.1795 0.173 0.173 0.1745 0.1745 0.1745 0.164 0.164 0.1805 0.1805 0.152 0.152 0.152 0.1595 0.1595 0.1225 0.1225 0.113 0.113 0.165 0.165 0.165 0.191 0.191 0.1835 0.1835 0.2175 0.2175 0.2175 0.212 0.212 0.207 0.207 0.2 0.2 0.2 0.2355 0.2355 0.22 0.22 0.1845 0.1845 0.1845 0.141
0.241 0.241 0.2585 0.2585 0.2345 0.2345 0.232 0.232 0.232 0.2295 0.2295 0.228 0.228 0.215 0.215 0.245 0.245 0.245 0.2565 0.2565 0.2405 0.2405 0.2505 0.2505 0.2505 0.245 0.245 0.2055 0.2055 0.1925 0.1925 0.1925 0.1795 0.1795 0.1775 0.1775 0.188 0.188 0.188 0.1825 0.1825 0.189 0.189 0.1605 0.1605 0.1605 0.112 0.112 0.149 0.149 0.1605 0.1605 0.1685 0.1685 0.1685 0.183 0.183 0.176 0.176 0.203 0.203 0.203 0.2035 0.2035 0.2065 0.2065 0.2175 0.2175 0.2175 0.227 0.227 0.189 0.189 0.1665 0.1665 0.1665 0.147
0.241 0.241 0.2585 0.2585 0.2345 0.2345 0.232 0.232 0.232 0.2295 0.2295 0.228 0.228 0.215 0.215 0.245 0.245 0.245 0.2565 0.2565 0.2405 0.2405 0.2505 0.2505 0.2505 0.245 0.245 0.2055 0.2055 0.1925 0.1925 0.1925 0.1795 0.1795 0.1775 0.1775 0.188 0.188 0.188 0.1825 0.1825 0.189 0.189 0.1605 0.1605 0.1605 0.112 0.112 0.149 0.149 0.1605 0.1605 0.1685 0.1685 0.1685 0.183 0.183 0.176 0.176 0.203 0.203 0.203 0.2035 0.2035 0.2065 0.2065 0.2175 0.2175 0.2175 0.227 0.227 0.189 0.189 0.1665 0.1665 0.1665 0.147
0.206 0.206 0.2005 0.2005 0.186 0.186 0.197 0.197 0.197 0.202 0.202 0.2235 0.2235 0.2185 0.2185 0.21 0.21 0.21 0.2215 0.2215 0.2195 0.2195 0.251 0.251 0.251 0.2985 0.2985 0.248 0.248 0.2285 0.2285 0.2285 0.1715 0.1715 0.1875 0.1875 0.186 0.186 0.186 0.2125 0.2125 0.201 0.201 0.186 0.186 0.186 0.1625 0.1625 0.152 0.152 0.172 0.172 0.1845 0.1845 0.1845 0.184 0.184 0.2055 0.2055 0.191 0.191 0.191 0.2055 0.2055 0.2165 0.2165 0.2145 0.2145 0.2145 0.21 0.21 0.204 0.204 0.1955 0.1955 0.1955 0.162
