ndvi/NOAA-204.asc
ncols         252
nrows         154
xllcorner     -18.017974
yllcorner     13.481982
cellsize      0.035948
NODATA_value  -9999
[rows 68 to 101 of 154, columns 77 to 153 of 252]
0.2085 0.2085 0.2265 0.2265 0.2175 0.2175 0.2255 0.2255 0.2255 0.2165 0.2165 0.2235 0.2235 0.2365 0.2365 0.277 0.277 0.277 0.2555 0.2555 0.2535 0.2535 0.2555 0.2555 0.2555 0.252 0.252 0.2275 0.2275 0.2175 0.2175 0.2175 0.2085 0.2085 0.2025 0.2025 0.194 0.194 0.194 0.196 0.196 0.1825 0.1825 0.175 0.175 0.175 0.14 0.14 0.166 0.166 0.152 0.152 0.1795 0.1795 0.1795 0.174 0.174 0.1695 0.1695 0.199 0.199 0.199 0.1975 0.1975 0.208 0.208 0.2035 0.2035 0.2035 0.196 0.196 0.178 0.178 0.158 0.158 0.158 0.131
0.215 0.215 0.2185 0.2185 0.2055 0.2055 0.2085 0.2085 0.2085 0.2125 0.2125 0.2235 0.2235 0.225 0.225 0.227 0.227 0.227 0.242 0.242 0.246 0.246 0.2555 0.2555 0.2555 0.3025 0.3025 0.244 0.244 0.2255 0.2255 0.2255 0.2035 0.2035 0.2035 0.2035 0.212 0.212 0.212 0.212 0.212 0.197 0.197 0.1765 0.1765 0.1765 0.167 0.167 0.151 0.151 0.1645 0.1645 0.172 0.172 0.172 0.18 0.18 0.184 0.184 0.193 0.193 0.193 0.219 0.219 0.2195 0.2195 0.2195 0.2195 0.2195 0.2095 0.2095 0.1815 0.1815 0.1695 0.1695 0.1695 0.1255
0.215 0.215 0.2185 0.2185 0.2055 0.2055 0.2085 0.2085 0.2085 0.2125 0.2125 0.2235 0.2235 0.225 0.225 0.227 0.227 0.227 0.242 0.242 0.246 0.246 0.2555 0.2555 0.2555 0.3025 0.3025 0.244 0.244 0.2255 0.2255 0.2255 0.2035 0.2035 0.2035 0.2035 0.212 0.212 0.212 0.212 0.212 0.197 0.197 0.1765 0.1765 0.1765 0.167 0.167 0.151 0.151 0.1645 0.1645 0.172 0.172 0.172 0.18 0.18 0.184 0.184 0.193 0.193 0.193 0.219 0.219 0.2195 0.2195 0.2195 0.2195 0.2195 0.2095 0.2095 0.1815 0.1815 0.1695 0.1695 0.1695 0.1255
0.2275 0.2275 0.2175 0.2175 0.2145 0.2145 0.2155 0.2155 0.2155 0.216 0.216 0.213 0.213 0.2145 0.2145 0.2375 0.2375 0.2375 0.233 0.233 0.2315 0.2315 0.2165 0.2165 0.2165 0.2905 0.2905 0.27 0.27 0.254 0.254 0.254 0.225 0.225 0.219 0.219 0.2095 0.2095 0.2095 0.206 0.206 0.199 0.199 0.161 0.161 0.161 0.161 0.161 0.153 0.153 0.1685 0.1685 0.1945 0.1945 0.1945 0.1965 0.1965 0.207 0.207 0.196 0.196 0.196 0.1925 0.1925 0.2095 0.2095 0.198 0.198 0.198 0.181 0.181 0.192 0.192 0.188 0.188 0.188 0.153
0.2275 0.2275 0.2175 0.2175 0.2145 0.2145 0.2155 0.2155 0.2155 0.216 0.216 0.213 0.213 0.2145 0.2145 0.2375 0.2375 0.2375 0.233 0.233 0.2315 0.2315 0.2165 0.2165 0.2165 0.2905 0.2905 0.27 0.27 0.254 0.254 0.254 0.225 0.225 0.219 0.219 0.2095 0.2095 0.2095 0.206 0.206 0.199 0.199 0.161 0.161 0.161 0.161 0.161 0.153 0.153 0.1685 0.1685 0.1945 0.1945 0.1945 0.1965 0.1965 0.207 0.207 0.196 0.196 0.196 0.1925 0.1925 0.2095 0.2095 0.198 0.198 0.198 0.181 0.181 0.192 0.192 0.188 0.188 0.188 0.153
0.2275 0.2275 0.2175 0.2175 0.2145 0.2145 0.2155 0.2155 0.2155 0.216 0.216 0.213 0.213 0.2145 0.2145 0.2375 0.2375 0.2375 0.233 0.233 0.2315 0.2315 0.2165 0.2165 0.2165 0.2905 0.2905 0.27 0.27 0.254 0.254 0.254 0.225 0.225 0.219 0.219 0.2095 0.2095 0.2095 0.206 0.206 0.199 0.199 0.161 0.161 0.161 0.161 0.161 0.153 0.153 0.1685 0.1685 0.1945 0.1945 0.1945 0.1965 0.1965 0.207 0.207 0.196 0.196 0.196 0.1925 0.1925 0.2095 0.2095 0.198 0.198 0.198 0.181 0.181 0.192 0.192 0.188 0.188 0.188 0.153
0.234 0.234 0.221 0.221 0.224 0.224 0.221 0.221 0.221 0.223 0.223 0.234 0.234 0.2285 0.2285 0.2245 0.2245 0.2245 0.232 0.232 0.227 0.227 0.227 0.227 0.227 0.221 0.221 0.2225 0.2225 0.24 0.24 0.24 0.2485 0.2485 0.239 0.239 0.227 0.227 0.227 0.2575 0.2575 0.236 0.236 0.2155 0.2155 0.2155 0.1875 0.1875 0.222 0.222 0.2045 0.2045 0.2075 0.2075 0.2075 0.201 0.201 0.193 0.193 0.19 0.19 0.19 0.184 0.184 0.1925 0.1925 0.2125 0.2125 0.2125 0.199 0.199 0.189 0.189 0.138 0.138 0.138 0.1505
0.234 0.234 0.221 0.221 0.224 0.224 0.221 0.221 0.221 0.223 0.223 0.234 0.234 0.2285 0.2285 0.2245 0.2245 0.2245 0.232 0.232 0.227 0.227 0.227 0.227 0.227 0.221 0.221 0.2225 0.2225 0.24 0.24 0.24 0.2485 0.2485 0.239 0.239 0.227 0.227 0.227 0.2575 0.2575 0.236 0.236 0.2155 0.2155 0.2155 0.1875 0.1875 0.222 0.222 0.2045 0.2045 0.2075 0.2075 0.2075 0.201 0.201 0.193 0.193 0.19 0.19 0.19 0.184 0.184 0.1925 0.1925 0.2125 0.2125 0.2125 0.199 0.199 0.189 0.189 0.138 0.138 0.138 0.1505
0.226 0.226 0.2275 0.2275 0.2195 0.2195 0.2205 0.2205 0.2205 0.2295 0.2295 0.22 0.22 0.2245 0.2245 0.2255 0.2255 0.2255 0.218 0.218 0.222 0.222 0.216 0.216 0.216 0.22 0.22 0.2135 0.2135 0.229 0.229 0.229 0.23 0.23 0.233 0.233 0.233 0.233 0.233 0.2885 0.2885 0.252 0.252 0.238 0.238 0.238 0.2905 0.2905 0.2305 0.2305 0.218 0.218 0.205 0.205 0.205 0.1945 0.1945 0.188 0.188 0.1905 0.1905 0.1905 0.1895 0.1895 0.2065 0.2065 0.228 0.228 0.228 0.1835 0.1835 0.1645 0.1645 0.104 0.104 0.104 0.1395
0.226 0.226 0.2275 0.2275 0.2195 0.2195 0.2205 0.2205 0.2205 0.2295 0.2295 0.22 0.22 0.2245 0.2245 0.2255 0.2255 0.2255 0.218 0.218 0.222 0.222 0.216 0.216 0.216 0.22 0.22 0.2135 0.2135 0.229 0.229 0.229 0.23 0.23 0.233 0.233 0.233 0.233 0.233 0.2885 0.2885 0.252 0.252 0.238 0.238 0.238 0.2905 0.2905 0.2305 0.2305 0.218 0.218 0.205 0.205 0.205 0.1945 0.1945 0.188 0.188 0.1905 0.1905 0.1905 0.1895 0.1895 0.2065 0.2065 0.228 0.228 0.228 0.1835 0.1835 0.1645 0.1645 0.104 0.104 0.104 0.1395
0.2165 0.2165 0.2065 0.2065 0.2055 0.2055 0.219 0.219 0.219 0.22 0.22 0.2255 0.2255 0.2255 0.2255 0.221 0.221 0.221 0.2105 0.2105 0.2195 0.2195 0.208 0.208 0.208 0.2155 0.2155 0.193 0.193 0.2055 0.2055 0.2055 0.2215 0.2215 0.2395 0.2395 0.219 0.219 0.219 0.263 0.263 0.261 0.261 0.269 0.269 0.269 0.29 0.29 0.2355 0.2355 0.193 0.193 0.1955 0.1955 0.1955 0.183 0.183 0.1765 0.1765 0.1755 0.1755 0.1755 0.1765 0.1765 0.198 0.198 0.195 0.195 0.195 0.187 0.187 0.207 0.207 0.1385 0.1385 0.1385 0.136
0.2165 0.2165 0.2065 0.2065 0.2055 0.2055 0.219 0.219 0.219 0.22 0.22 0.2255 0.2255 0.2255 0.2255 0.221 0.221 0.221 0.2105 0.2105 0.2195 0.2195 0.208 0.208 0.208 0.2155 0.2155 0.193 0.193 0.2055 0.2055 0.2055 0.2215 0.2215 0.2395 0.2395 0.219 0.219 0.219 0.263 0.263 0.261 0.261 0.269 0.269 0.269 0.29 0.29 0.2355 0.2355 0.193 0.193 0.1955 0.1955 0.1955 0.183 0.183 0.1765 0.1765 0.1755 0.1755 0.1755 0.1765 0.1765 0.198 0.198 0.195 0.195 0.195 0.187 0.187 0.207 0.207 0.1385 0.1385 0.1385 0.136
0.211 0.211 0.2035 0.2035 0.213 0.213 0.2105 0.2105 0.2105 0.218 0.218 0.223 0.223 0.2225 0.2225 0.2125 0.2125 0.2125 0.219 0.219 0.19 0.19 0.211 0.211 0.211 0.205 0.205 0.2075 0.2075 0.1935 0.1935 0.1935 0.208 0.208 0.2135 0.2135 0.221 0.221 0.221 0.2225 0.2225 0.258 0.258 0.2595 0.2595 0.2595 0.2615 0.2615 0.2775 0.2775 0.22 0.22 0.198 0.198 0.198 0.1695 0.1695 0.174 0.174 0.1835 0.1835 0.1835 0.1885 0.1885 0.149 0.149 0.1465 0.1465 0.1465 0.151 0.151 0.1805 0.1805 0.1565 0.1565 0.1565 0.13
0.211 0.211 0.2035 0.2035 0.213 0.213 0.2105 0.2105 0.2105 0.218 0.218 0.223 0.223 0.2225 0.2225 0.2125 0.2125 0.2125 0.219 0.219 0.19 0.19 0.211 0.211 0.211 0.205 0.205 0.2075 0.2075 0.1935 0.1935 0.1935 0.208 0.208 0.2135 0.2135 0.221 0.221 0.221 0.2225 0.2225 0.258 0.258 0.2595 0.2595 0.2595 0.2615 0.2615 0.2775 0.2775 0.22 0.22 0.198 0.198 0.198 0.1695 0.1695 0.174 0.174 0.1835 0.1835 0.1835 0.1885 0.1885 0.149 0.149 0.1465 0.1465 0.1465 0.151 0.151 0.1805 0.1805 0.1565 0.1565 0.1565 0.13
0.211 0.211 0.2035 0.2035 0.213 0.213 0.2105 0.2105 0.2105 0.218 0.218 0.223 0.223 0.2225 0.2225 0.2125 0.2125 0.2125 0.219 0.219 0.19 0.19 0.211 0.211 0.211 0.205 0.205 0.2075 0.2075 0.1935 0.1935 0.1935 0.208 0.208 0.2135 0.2135 0.221 0.221 0.221 0.2225 0.2225 0.258 0.258 0.2595 0.2595 0.2595 0.2615 0.2615 0.2775 0.2775 0.22 0.22 0.198 0.198 0.198 0.1695 0.1695 0.174 0.174 0.1835 0.1835 0.1835 0.1885 0.1885 0.149 0.149 0.1465 0.1465 0.1465 0.151 0.151 0.1805 0.1805 0.1565 0.1565 0.1565 0.13
0.221 0.221 0.21 0.21 0.2105 0.2105 0.217 0.217 0.217 0.229 0.229 0.232 0.232 0.2345 0.2345 0.223 0.223 0.223 0.2055 0.2055 0.2145 0.2145 0.2335 0.2335 0.2335 0.221 0.221 0.215 0.215 0.1985 0.1985 0.1985 0.2015 0.2015 0.204 0.204 0.223 0.223 0.223 0.222 0.222 0.2175 0.2175 0.228 0.228 0.228 0.2425 0.2425 0.2655 0.2655 0.231 0.231 0.214 0.214 0.214 0.2025 0.2025 0.1845 0.1845 0.1915 0.1915 0.1915 0.193 0.193 0.177 0.177 0.169 0.169 0.169 0.163 0.163 0.1495 0.1495 0.1435 0.1435 0.1435 0.1455
0.221 0.221 0.21 0.21 0.2105 0.2105 0.217 0.217 0.217 0.229 0.229 0.232 0.232 0.2345 0.2345 0.223 0.223 0.223 0.2055 0.2055 0.2145 0.2145 0.2335 0.2335 0.2335 0.221 0.221 0.215 0.215 0.1985 0.1985 0.1985 0.2015 0.2015 0.204 0.204 0.223 0.223 0.223 0.222 0.222 0.2175 0.2175 0.228 0.228 0.228 0.2425 0.2425 0.2655 0.2655 0.231 0.231 0.214 0.214 0.214 0.2025 0.2025 0.1845 0.1845 0.1915 0.1915 0.1915 0.193 0.193 0.177 0.177 0.169 0.169 0.169 0.163 0.163 0.1495 0.1495 0.1435 0.1435 0.1435 0.1455
0.252 0.252 0.224 0.224 0.2385 0.2385 0.2405 0.2405 0.2405 0.246 0.246 0.245 0.245 0.2385 0.2385 0.235 0.235 0.235 0.241 0.241 0.233 0.233 0.2405 0.2405 0.2405 0.2215 0.2215 0.2215 0.2215 0.2165 0.2165 0.2165 0.2185 0.2185 0.242 0.242 0.24 0.24 0.24 0.23 0.23 0.243 0.243 0.2115 0.2115 0.2115 0.202 0.202 0.235 0.235 0.25 0.25 0.226 0.226 0.226 0.2105 0.2105 0.219 0.219 0.2175 0.2175 0.2175 0.2365 0.2365 0.2185 0.2185 0.1865 0.1865 0.1865 0.174 0.174 0.1605 0.1605 0.156 0.156 0.156 0.1475
0.252 0.252 0.224 0.224 0.2385 0.2385 0.2405 0.2405 0.2405 0.246 0.246 0.245 0.245 0.2385 0.2385 0.235 0.235 0.235 0.241 0.241 0.233 0.233 0.2405 0.2405 0.2405 0.2215 0.2215 0.2215 0.2215 0.2165 0.2165 0.2165 0.2185 0.2185 0.242 0.242 0.24 0.24 0.24 0.23 0.23 0.243 0.243 0.2115 0.2115 0.2115 0.202 0.202 0.235 0.235 0.25 0.25 0.226 0.226 0.226 0.2105 0.2105 0.219 0.219 0.2175 0.2175 0.2175 0.2365 0.2365 0.2185 0.2185 0.1865 0.1865 0.1865 0.174 0.174 0.1605 0.1605 0.156 0.156 0.156 0.1475
0.2445 0.2445 0.252 0.252 0.2575 0.2575 0.247 0.247 0.247 0.249 0.249 0.2405 0.2405 0.2405 0.2405 0.223 0.223 0.223 0.2225 0.2225 0.22 0.22 0.2165 0.2165 0.2165 0.223 0.223 0.215 0.215 0.2115 0.2115 0.2115 0.2375 0.2375 0.2475 0.2475 0.2405 0.2405 0.2405 0.249 0.249 0.2555 0.2555 0.252 0.252 0.252 0.241 0.241 0.2385 0.2385 0.2615 0.2615 0.2375 0.2375 0.2375 0.241 0.241 0.227 0.227 0.234 0.234 0.234 0.2295 0.2295 0.235 0.235 0.201 0.201 0.201 0.185 0.185 0.174 0.174 0.173 0.173 0.173 0.1565
0.2445 0.2445 0.252 0.252 0.2575 0.2575 0.247 0.247 0.247 0.249 0.249 0.2405 0.2405 0.2405 0.2405 0.223 0.223 0.223 0.2225 0.2225 0.22 0.22 0.2165 0.2165 0.2165 0.223 0.223 0.215 0.215 0.2115 0.2115 0.2115 0.2375 0.2375 0.2475 0.2475 0.2405 0.2405 0.2405 0.249 0.249 0.2555 0.2555 0.252 0.252 0.252 0.241 0.241 0.2385 0.2385 0.2615 0.2615 0.2375 0.2375 0.2375 0.241 0.241 0.227 0.227 0.234 0.234 0.234 0.2295 0.2295 0.235 0.235 0.201 0.201 0.201 0.185 0.185 0.174 0.174 0.173 0.173 0.173 0.1565
0.2445 0.2445 0.252 0.252 0.2575 0.2575 0.247 0.247 0.247 0.249 0.249 0.2405 0.2405 0.2405 0.2405 0.223 0.223 0.223 0.2225 0.2225 0.22 0.22 0.2165 0.2165 0.2165 0.223 0.223 0.215 0.215 0.2115 0.2115 0.2115 0.2375 0.2375 0.2475 0.2475 0.2405 0.2405 0.2405 0.249 0.249 0.2555 0.2555 0.252 0.252 0.252 0.241 0.241 0.2385 0.2385 0.2615 0.2615 0.2375 0.2375 0.2375 0.241 0.241 0.227 0.227 0.234 0.234 0.234 0.2295 0.2295 0.235 0.235 0.201 0.201 0.201 0.185 0.185 0.174 0.174 0.173 0.173 0.173 0.1565
0.2545 0.2545 0.252 0.252 0.242 0.242 0.2355 0.2355 0.2355 0.237 0.237 0.242 0.242 0.224 0.224 0.2075 0.2075 0.2075 0.216 0.216 0.2045 0.2045 0.2095 0.2095 0.2095 0.198 0.198 0.2115 0.2115 0.2055 0.2055 0.2055 0.2165 0.2165 0.231 0.231 0.2465 0.2465 0.2465 0.245 0.245 0.2555 0.2555 0.2625 0.2625 0.2625 0.258 0.258 0.251 0.251 0.226 0.226 0.2215 0.2215 0.2215 0.228 0.228 0.2375 0.2375 0.26 0.26 0.26 0.267 0.267 0.2345 0.2345 0.2385 0.2385 0.2385 0.1925 0.1925 0.178 0.178 0.1755 0.1755 0.1755 0.176
0.2545 0.2545 0.252 0.252 0.242 0.242 0.2355 0.2355 0.2355 0.237 0.237 0.242 0.242 0.224 0.224 0.2075 0.2075 0.2075 0.216 0.216 0.2045 0.2045 0.2095 0.2095 0.2095 0.198 0.198 0.2115 0.2115 0.2055 0.2055 0.2055 0.2165 0.2165 0.231 0.231 0.2465 0.2465 0.2465 0.245 0.245 0.2555 0.2555 0.2625 0.2625 0.2625 0.258 0.258 0.251 0.251 0.226 0.226 0.2215 0.2215 0.2215 0.228 0.228 0.2375 0.2375 0.26 0.26 0.26 0.267 0.267 0.2345 0.2345 0.2385 0.2385 0.2385 0.1925 0.1925 0.178 0.178 0.1755 0.1755 0.1755 0.176
0.2575 0.2575 0.23 0.23 0.2225 0.2225 0.223 0.223 0.223 0.237 0.237 0.233 0.233 0.203 0.203 0.214 0.214 0.214 0.2185 0.2185 0.2175 0.2175 0.235 0.235 0.235 0.215 0.215 0.2215 0.2215 0.2215 0.2215 0.2215 0.2255 0.2255 0.2385 0.2385 0.244 0.244 0.244 0.2535 0.2535 0.254 0.254 0.2445 0.2445 0.2445 0.2605 0.2605 0.247 0.247 0.255 0.255 0.237 0.237 0.237 0.235 0.235 0.2375 0.2375 0.2545 0.2545 0.2545 0.2595 0.2595 0.2365 0.2365 0.239 0.239 0.239 0.22 0.22 0.226 0.226 0.228 0.228 0.228 0.2005
0.2575 0.2575 0.23 0.23 0.2225 0.2225 0.223 0.223 0.223 0.237 0.237 0.233 0.233 0.203 0.203 0.214 0.214 0.214 0.2185 0.2185 0.2175 0.2175 0.235 0.235 0.235 0.215 0.215 0.2215 0.2215 0.2215 0.2215 0.2215 0.2255 0.2255 0.2385 0.2385 0.244 0.244 0.244 0.2535 0.2535 0.254 0.254 0.2445 0.2445 0.2445 0.2605 0.2605 0.247 0.247 0.255 0.255 0.237 0.237 0.237 0.235 0.235 0.2375 0.2375 0.2545 0.2545 0.2545 0.2595 0.2595 0.2365 0.2365 0.239 0.239 0.239 0.22 0.22 0.226 0.226 0.228 0.228 0.228 0.2005
0.2375 0.2375 0.251 0.251 0.249 0.249 0.245 0.245 0.245 0.252 0.252 0.2485 0.2485 0.2195 0.2195 0.214 0.214 0.214 0.231 0.231 0.231 0.231 0.2455 0.2455 0.2455 0.2345 0.2345 0.227 0.227 0.228 0.228 0.228 0.2495 0.2495 0.249 0.249 0.2395 0.2395 0.2395 0.2485 0.2485 0.249 0.249 0.249 0.249 0.249 0.2555 0.2555 0.261 0.261 0.254 0.254 0.2295 0.2295 0.2295 0.265 0.265 0.253 0.253 0.236 0.236 0.236 0.26 0.26 0.255 0.255 0.2555 0.2555 0.2555 0.227 0.227 0.227 0.227 0.225 0.225 0.225 0.197
0.2375 0.2375 0.251 0.251 0.249 0.249 0.245 0.245 0.245 0.252 0.252 0.2485 0.2485 0.2195 0.2195 0.214 0.214 0.214 0.231 0.231 0.231 0.231 0.2455 0.2455 0.2455 0.2345 0.2345 0.227 0.227 0.228 0.228 0.228 0.2495 0.2495 0.249 0.249 0.2395 0.2395 0.2395 0.2485 0.2485 0.249 0.249 0.249 0.249 0.249 0.2555 0.2555 0.261 0.261 0.254 0.254 0.2295 0.2295 0.2295 0.265 0.265 0.253 0.253 0.236 0.236 0.236 0.26 0.26 0.255 0.255 0.2555 0.2555 0.2555 0.227 0.227 0.227 0.227 0.225 0.225 0.225 0.197
0.2375 0.2375 0.251 0.251 0.249 0.249 0.245 0.245 0.245 0.252 0.252 0.2485 0.2485 0.2195 0.2195 0.214 0.214 0.214 0.231 0.231 0.231 0.231 0.2455 0.2455 0.2455 0.2345 0.2345 0.227 0.227 0.228 0.228 0.228 0.2495 0.2495 0.249 0.249 0.2395 0.2395 0.2395 0.2485 0.2485 0.249 0.249 0.249 0.249 0.249 0.2555 0.2555 0.261 0.261 0.254 0.254 0.2295 0.2295 0.2295 0.265 0.265 0.253 0.253 0.236 0.236 0.236 0.26 0.26 0.255 0.255 0.2555 0.2555 0.2555 0.227 0.227 0.227 0.227 0.225 0.225 0.225 0.197
0.2635 0.2635 0.2605 0.2605 0.2405 0.2405 0.2245 0.2245 0.2245 0.243 0.243 0.238 0.238 0.2365 0.2365 0.223 0.223 0.223 0.2245 0.2245 0.224 0.224 0.244 0.244 0.244 0.2305 0.2305 0.246 0.246 0.277 0.277 0.277 0.2635 0.2635 0.276 0.276 0.2525 0.2525 0.2525 0.288 0.288 0.268 0.268 0.2685 0.2685 0.2685 0.2705 0.2705 0.2775 0.2775 0.273 0.273 0.287 0.287 0.287 0.2445 0.2445 0.2555 0.2555 0.262 0.262 0.262 0.279 0.279 0.251 0.251 0.251 0.251 0.251 0.283 0.283 0.2425 0.2425 0.2035 0.2035 0.2035 0.2185
0.2635 0.2635 0.2605 0.2605 0.2405 0.2405 0.2245 0.2245 0.2245 0.243 0.243 0.238 0.238 0.2365 0.2365 0.223 0.223 0.223 0.2245 0.2245 0.224 0.224 0.244 0.244 0.244 0.2305 0.2305 0.246 0.246 0.277 0.277 0.277 0.2635 0.2635 0.276 0.276 0.2525 0.2525 0.2525 0.288 0.288 0.268 0.268 0.2685 0.2685 0.2685 0.2705 0.2705 0.2775 0.2775 0.273 0.273 0.287 0.287 0.287 0.2445 0.2445 0.2555 0.2555 0.262 0.262 0.262 0.279 0.279 0.251 0.251 0.251 0.251 0.251 0.283 0.283 0.2425 0.2425 0.2035 0.2035 0.2035 0.2185
0.2525 0.2525 0.236 0.236 0.226 0.226 0.2215 0.2215 0.2215 0.2285 0.2285 0.24 0.24 0.2335 0.2335 0.236 0.236 0.236 0.241 0.241 0.2255 0.2255 0.2365 0.2365 0.2365 0.2505 0.2505 0.2495 0.2495 0.274 0.274 0.274 0.2655 0.2655 0.26 0.26 0.27 0.27 0.27 0.2935 0.2935 0.2865 0.2865 0.2905 0.2905 0.2905 0.288 0.288 0.2745 0.2745 0.2845 0.2845 0.297 0.297 0.297 0.2605 0.2605 0.2435 0.2435 0.252 0.252 0.252 0.2675 0.2675 0.2535 0.2535 0.263 0.263 0.263 0.2795 0.2795 0.262 0.262 0.245 0.245 0.245 0.238
0.2525 0.2525 0.236 0.236 0.226 0.226 0.2215 0.2215 0.2215 0.2285 0.2285 0.24 0.24 0.2335 0.2335 0.236 0.236 0.236 0.241 0.241 0.2255 0.2255 0.2365 0.2365 0.2365 0.2505 0.2505 0.2495 0.2495 0.274 0.274 0.274 0.2655 0.2655 0.26 0.26 0.27 0.27 0.27 0.2935 0.2935 0.2865 0.2865 0.2905 0.2905 0.2905 0.288 0.288 0.2745 0.2745 0.2845 0.2845 0.297 0.297 0.297 0.2605 0.2605 0.2435 0.2435 0.252 0.252 0.252 0.2675 0.2675 0.2535 0.2535 0.263 0.263 0.263 0.2795 0.2795 0.262 0.262 0.245 0.245 0.245 0.238
0.236 0.236 0.2435 0.2435 0.244 0.244 0.242 0.242 0.242 0.256 0.256 0.239 0.239 0.233 0.233 0.249 0.249 0.249 0.267 0.267 0.2575 0.2575 0.259 0.259 0.259 0.251 0.251 0.2565 0.2565 0.2595 0.2595 0.2595 0.275 0.275 0.2885 0.2885 0.2905 0.2905 0.2905 0.294 0.294 0.289 0.289 0.299 0.299 0.299 0.314 0.314 0.3005 0.3005 0.2985 0.2985 0.314 0.314 0.314 0.293 0.293 0.248 0.248 0.2355 0.2355 0.2355 0.2455 0.2455 0.255 0.255 0.2575 0.2575 0.2575 0.2815 0.2815 0.2625 0.2625 0.238 0.238 0.238 0.2315
