ndvi/NOAA-258.asc
ncols         252
nrows         154
xllcorner     -18.017974
yllcorner     13.481982
cellsize      0.035948
NODATA_value  -9999
[rows 68 to 101 of 154, columns 77 to 153 of 252]
0.1935 0.1935 0.201 0.201 0.2375 0.2375 0.259 0.259 0.259 0.283 0.283 0.2815 0.2815 0.2585 0.2585 0.229 0.229 0.229 0.2335 0.2335 0.264 0.264 0.2235 0.2235 0.2235 0.2045 0.2045 0.2255 0.2255 0.225 0.225 0.225 0.2555 0.2555 0.26 0.26 0.2535 0.2535 0.2535 0.2475 0.2475 0.247 0.247 0.2125 0.2125 0.2125 0.1635 0.1635 0.181 0.181 0.1925 0.1925 0.215 0.215 0.215 0.2095 0.2095 0.2155 0.2155 0.2125 0.2125 0.2125 0.228 0.228 0.228 0.228 0.212 0.212 0.212 0.219 0.219 0.209 0.209 0.199 0.199 0.199 0.1395
0.15 0.15 0.186 0.186 0.218 0.218 0.211 0.211 0.211 0.2125 0.2125 0.2165 0.2165 0.209 0.209 0.2085 0.2085 0.2085 0.175 0.175 0.201 0.201 0.222 0.222 0.222 0.1985 0.1985 0.205 0.205 0.217 0.217 0.217 0.2175 0.2175 0.2535 0.2535 0.2581 0.2581 0.2581 0.259 0.259 0.252 0.252 0.214 0.214 0.214 0.185 0.185 0.193 0.193 0.2055 0.2055 0.2055 0.2055 0.2055 0.216 0.216 0.218 0.218 0.2205 0.2205 0.2205 0.234 0.234 0.2335 0.2335 0.206 0.206 0.206 0.2115 0.2115 0.224 0.224 0.2265 0.2265 0.2265 0.1725
0.15 0.15 0.186 0.186 0.218 0.218 0.211 0.211 0.211 0.2125 0.2125 0.2165 0.2165 0.209 0.209 0.2085 0.2085 0.2085 0.175 0.175 0.201 0.201 0.222 0.222 0.222 0.1985 0.1985 0.205 0.205 0.217 0.217 0.217 0.2175 0.2175 0.2535 0.2535 0.2581 0.2581 0.2581 0.259 0.259 0.252 0.252 0.214 0.214 0.214 0.185 0.185 0.193 0.193 0.2055 0.2055 0.2055 0.2055 0.2055 0.216 0.216 0.218 0.218 0.2205 0.2205 0.2205 0.234 0.234 0.2335 0.2335 0.206 0.206 0.206 0.2115 0.2115 0.224 0.224 0.2265 0.2265 0.2265 0.1725
0.164 0.164 0.175 0.175 0.1785 0.1785 0.2135 0.2135 0.2135 0.205 0.205 0.205 0.205 0.1925 0.1925 0.1955 0.1955 0.1955 0.179 0.179 0.181 0.181 0.22 0.22 0.22 0.252 0.252 0.2525 0.2525 0.201 0.201 0.201 0.203 0.203 0.2245 0.2245 0.2415 0.2415 0.2415 0.249 0.249 0.2495 0.2495 0.24 0.24 0.24 0.1965 0.1965 0.1635 0.1635 0.19 0.19 0.222 0.222 0.222 0.225 0.225 0.2225 0.2225 0.2155 0.2155 0.2155 0.24 0.24 0.2215 0.2215 0.205 0.205 0.205 0.1975 0.1975 0.2055 0.2055 0.2225 0.2225 0.2225 0.171
0.164 0.164 0.175 0.175 0.1785 0.1785 0.2135 0.2135 0.2135 0.205 0.205 0.205 0.205 0.1925 0.1925 0.1955 0.1955 0.1955 0.179 0.179 0.181 0.181 0.22 0.22 0.22 0.252 0.252 0.2525 0.2525 0.201 0.201 0.201 0.203 0.203 0.2245 0.2245 0.2415 0.2415 0.2415 0.249 0.249 0.2495 0.2495 0.24 0.24 0.24 0.1965 0.1965 0.1635 0.1635 0.19 0.19 0.222 0.222 0.222 0.225 0.225 0.2225 0.2225 0.2155 0.2155 0.2155 0.24 0.24 0.2215 0.2215 0.205 0.205 0.205 0.1975 0.1975 0.2055 0.2055 0.2225 0.2225 0.2225 0.171
0.164 0.164 0.175 0.175 0.1785 0.1785 0.2135 0.2135 0.2135 0.205 0.205 0.205 0.205 0.1925 0.1925 0.1955 0.1955 0.1955 0.179 0.179 0.181 0.181 0.22 0.22 0.22 0.252 0.252 0.2525 0.2525 0.201 0.201 0.201 0.203 0.203 0.2245 0.2245 0.2415 0.2415 0.2415 0.249 0.249 0.2495 0.2495 0.24 0.24 0.24 0.1965 0.1965 0.1635 0.1635 0.19 0.19 0.222 0.222 0.222 0.225 0.225 0.2225 0.2225 0.2155 0.2155 0.2155 0.24 0.24 0.2215 0.2215 0.205 0.205 0.205 0.1975 0.1975 0.2055 0.2055 0.2225 0.2225 0.2225 0.171
0.173 0.173 0.1935 0.1935 0.165 0.165 0.1955 0.1955 0.1955 0.225 0.225 0.214 0.214 0.206 0.206 0.2 0.2 0.2 0.198 0.198 0.1945 0.1945 0.214 0.214 0.214 0.2155 0.2155 0.217 0.217 0.2355 0.2355 0.2355 0.2535 0.2535 0.1955 0.1955 0.1865 0.1865 0.1865 0.19 0.19 0.2085 0.2085 0.1535 0.1535 0.1535 0.1745 0.1745 0.236 0.236 0.2305 0.2305 0.2115 0.2115 0.2115 0.2025 0.2025 0.207 0.207 0.198 0.198 0.198 0.2005 0.2005 0.214 0.214 0.216 0.216 0.216 0.2155 0.2155 0.195 0.195 0.1635 0.1635 0.1635 0.1565
0.173 0.173 0.1935 0.1935 0.165 0.165 0.1955 0.1955 0.1955 0.225 0.225 0.214 0.214 0.206 0.206 0.2 0.2 0.2 0.198 0.198 0.1945 0.1945 0.214 0.214 0.214 0.2155 0.2155 0.217 0.217 0.2355 0.2355 0.2355 0.2535 0.2535 0.1955 0.1955 0.1865 0.1865 0.1865 0.19 0.19 0.2085 0.2085 0.1535 0.1535 0.1535 0.1745 0.1745 0.236 0.236 0.2305 0.2305 0.2115 0.2115 0.2115 0.2025 0.2025 0.207 0.207 0.198 0.198 0.198 0.2005 0.2005 0.214 0.214 0.216 0.216 0.216 0.2155 0.2155 0.195 0.195 0.1635 0.1635 0.1635 0.1565
0.145 0.145 0.1915 0.1915 0.186 0.186 0.201 0.201 0.201 0.215 0.215 0.2125 0.2125 0.2015 0.2015 0.1895 0.1895 0.1895 0.183 0.183 0.1745 0.1745 0.1805 0.1805 0.1805 0.1895 0.1895 0.188 0.188 0.2055 0.2055 0.2055 0.232 0.232 0.2675 0.2675 0.237 0.237 0.237 0.204 0.204 0.186 0.186 0.1435 0.1435 0.1435 0.167 0.167 0.212 0.212 0.219 0.219 0.2 0.2 0.2 0.19 0.19 0.191 0.191 0.178 0.178 0.178 0.1855 0.1855 0.1925 0.1925 0.1875 0.1875 0.1875 0.194 0.194 0.186 0.186 0.095 0.095 0.095 0.1225
0.145 0.145 0.1915 0.1915 0.186 0.186 0.201 0.201 0.201 0.215 0.215 0.2125 0.2125 0.2015 0.2015 0.1895 0.1895 0.1895 0.183 0.183 0.1745 0.1745 0.1805 0.1805 0.1805 0.1895 0.1895 0.188 0.188 0.2055 0.2055 0.2055 0.232 0.232 0.2675 0.2675 0.237 0.237 0.237 0.204 0.204 0.186 0.186 0.1435 0.1435 0.1435 0.167 0.167 0.212 0.212 0.219 0.219 0.2 0.2 0.2 0.19 0.19 0.191 0.191 0.178 0.178 0.178 0.1855 0.1855 0.1925 0.1925 0.1875 0.1875 0.1875 0.194 0.194 0.186 0.186 0.095 0.095 0.095 0.1225
0.1735 0.1735 0.1855 0.1855 0.1545 0.1545 0.185 0.185 0.185 0.191 0.191 0.172 0.172 0.153 0.153 0.151 0.151 0.151 0.1445 0.1445 0.1425 0.1425 0.176 0.176 0.176 0.187 0.187 0.193 0.193 0.1855 0.1855 0.1855 0.197 0.197 0.2425 0.2425 0.2595 0.2595 0.2595 0.2085 0.2085 0.206 0.206 0.1785 0.1785 0.1785 0.1795 0.1795 0.175 0.175 0.18 0.18 0.186 0.186 0.186 0.1785 0.1785 0.17 0.17 0.179 0.179 0.179 0.192 0.192 0.195 0.195 0.205 0.205 0.205 0.1795 0.1795 0.155 0.155 0.14 0.14 0.14 0.112
0.1735 0.1735 0.1855 0.1855 0.1545 0.1545 0.185 0.185 0.185 0.191 0.191 0.172 0.172 0.153 0.153 0.151 0.151 0.151 0.1445 0.1445 0.1425 0.1425 0.176 0.176 0.176 0.187 0.187 0.193 0.193 0.1855 0.1855 0.1855 0.197 0.197 0.2425 0.2425 0.2595 0.2595 0.2595 0.2085 0.2085 0.206 0.206 0.1785 0.1785 0.1785 0.1795 0.1795 0.175 0.175 0.18 0.18 0.186 0.186 0.186 0.1785 0.1785 0.17 0.17 0.179 0.179 0.179 0.192 0.192 0.195 0.195 0.205 0.205 0.205 0.1795 0.1795 0.155 0.155 0.14 0.14 0.14 0.112
0.1865 0.1865 0.168 0.168 0.153 0.153 0.1595 0.1595 0.1595 0.14 0.14 0.1295 0.1295 0.1265 0.1265 0.1485 0.1485 0.1485 0.1235 0.1235 0.081 0.081 0.137 0.137 0.137 0.1465 0.1465 0.146 0.146 0.165 0.165 0.165 0.2015 0.2015 0.2505 0.2505 0.222 0.222 0.222 0.214 0.214 0.1655 0.1655 0.1785 0.1785 0.1785 0.194 0.194 0.1745 0.1745 0.1755 0.1755 0.1925 0.1925 0.1925 0.173 0.173 0.1765 0.1765 0.1895 0.1895 0.1895 0.1965 0.1965 0.1705 0.1705 0.172 0.172 0.172 0.149 0.149 0.1475 0.1475 0.1535 0.1535 0.1535 0.0995
0.1865 0.1865 0.168 0.168 0.153 0.153 0.1595 0.1595 0.1595 0.14 0.14 0.1295 0.1295 0.1265 0.1265 0.1485 0.1485 0.1485 0.1235 0.1235 0.081 0.081 0.137 0.137 0.137 0.1465 0.1465 0.146 0.146 0.165 0.165 0.165 0.2015 0.2015 0.2505 0.2505 0.222 0.222 0.222 0.214 0.214 0.1655 0.1655 0.1785 0.1785 0.1785 0.194 0.194 0.1745 0.1745 0.1755 0.1755 0.1925 0.1925 0.1925 0.173 0.173 0.1765 0.1765 0.1895 0.1895 0.1895 0.1965 0.1965 0.1705 0.1705 0.172 0.172 0.172 0.149 0.149 0.1475 0.1475 0.1535 0.1535 0.1535 0.0995
0.1865 0.1865 0.168 0.168 0.153 0.153 0.1595 0.1595 0.1595 0.14 0.14 0.1295 0.1295 0.1265 0.1265 0.1485 0.1485 0.1485 0.1235 0.1235 0.081 0.081 0.137 0.137 0.137 0.1465 0.1465 0.146 0.146 0.165 0.165 0.165 0.2015 0.2015 0.2505 0.2505 0.222 0.222 0.222 0.214 0.214 0.1655 0.1655 0.1785 0.1785 0.1785 0.194 0.194 0.1745 0.1745 0.1755 0.1755 0.1925 0.1925 0.1925 0.173 0.173 0.1765 0.1765 0.1895 0.1895 0.1895 0.1965 0.1965 0.1705 0.1705 0.172 0.172 0.172 0.149 0.149 0.1475 0.1475 0.1535 0.1535 0.1535 0.0995
0.1895 0.1895 0.1725 0.1725 0.1535 0.1535 0.158 0.158 0.158 0.139 0.139 0.1335 0.1335 0.1555 0.1555 0.1485 0.1485 0.1485 0.1125 0.1125 0.1175 0.1175 0.1355 0.1355 0.1355 0.1465 0.1465 0.1535 0.1535 0.1275 0.1275 0.1275 0.193 0.193 0.19 0.19 0.1875 0.1875 0.1875 0.189 0.189 0.183 0.183 0.178 0.178 0.178 0.174 0.174 0.206 0.206 0.175 0.175 0.1785 0.1785 0.1785 0.1805 0.1805 0.169 0.169 0.174 0.174 0.174 0.172 0.172 0.1555 0.1555 0.163 0.163 0.163 0.1645 0.1645 0.1645 0.1645 0.1505 0.1505 0.1505 0.121
0.1895 0.1895 0.1725 0.1725 0.1535 0.1535 0.158 0.158 0.158 0.139 0.139 0.1335 0.1335 0.1555 0.1555 0.1485 0.1485 0.1485 0.1125 0.1125 0.1175 0.1175 0.1355 0.1355 0.1355 0.1465 0.1465 0.1535 0.1535 0.1275 0.1275 0.1275 0.193 0.193 0.19 0.19 0.1875 0.1875 0.1875 0.189 0.189 0.183 0.183 0.178 0.178 0.178 0.174 0.174 0.206 0.206 0.175 0.175 0.1785 0.1785 0.1785 0.1805 0.1805 0.169 0.169 0.174 0.174 0.174 0.172 0.172 0.1555 0.1555 0.163 0.163 0.163 0.1645 0.1645 0.1645 0.1645 0.1505 0.1505 0.1505 0.121
0.18 0.18 0.1685 0.1685 0.1765 0.1765 0.1775 0.1775 0.1775 0.182 0.182 0.1805 0.1805 0.136 0.136 0.1465 0.1465 0.1465 0.1545 0.1545 0.137 0.137 0.1535 0.1535 0.1535 0.1425 0.1425 0.15 0.15 0.131 0.131 0.131 0.1645 0.1645 0.119 0.119 0.1625 0.1625 0.1625 0.15 0.15 0.165 0.165 0.1415 0.1415 0.1415 0.149 0.149 0.175 0.175 0.149 0.149 0.1685 0.1685 0.1685 0.172 0.172 0.172 0.172 0.1955 0.1955 0.1955 0.196 0.196 0.213 0.213 0.1665 0.1665 0.1665 0.1605 0.1605 0.16 0.16 0.147 0.147 0.147 0.128
0.18 0.18 0.1685 0.1685 0.1765 0.1765 0.1775 0.1775 0.1775 0.182 0.182 0.1805 0.1805 0.136 0.136 0.1465 0.1465 0.1465 0.1545 0.1545 0.137 0.137 0.1535 0.1535 0.1535 0.1425 0.1425 0.15 0.15 0.131 0.131 0.131 0.1645 0.1645 0.119 0.119 0.1625 0.1625 0.1625 0.15 0.15 0.165 0.165 0.1415 0.1415 0.1415 0.149 0.149 0.175 0.175 0.149 0.149 0.1685 0.1685 0.1685 0.172 0.172 0.172 0.172 0.1955 0.1955 0.1955 0.196 0.196 0.213 0.213 0.1665 0.1665 0.1665 0.1605 0.1605 0.16 0.16 0.147 0.147 0.147 0.128
0.215 0.215 0.2435 0.2435 0.2175 0.2175 0.2235 0.2235 0.2235 0.209 0.209 0.1805 0.1805 0.184 0.184 0.163 0.163 0.163 0.1685 0.1685 0.1725 0.1725 0.1495 0.1495 0.1495 0.156 0.156 0.1435 0.1435 0.154 0.154 0.154 0.1565 0.1565 0.149 0.149 0.1515 0.1515 0.1515 0.161 0.161 0.1595 0.1595 0.1355 0.1355 0.1355 0.1385 0.1385 0.1755 0.1755 0.1485 0.1485 0.156 0.156 0.156 0.1685 0.1685 0.17 0.17 0.1895 0.1895 0.1895 0.2025 0.2025 0.2175 0.2175 0.145 0.145 0.145 0.177 0.177 0.1795 0.1795 0.166 0.166 0.166 0.1595
0.215 0.215 0.2435 0.2435 0.2175 0.2175 0.2235 0.2235 0.2235 0.209 0.209 0.1805 0.1805 0.184 0.184 0.163 0.163 0.163 0.1685 0.1685 0.1725 0.1725 0.1495 0.1495 0.1495 0.156 0.156 0.1435 0.1435 0.154 0.154 0.154 0.1565 0.1565 0.149 0.149 0.1515 0.1515 0.1515 0.161 0.161 0.1595 0.1595 0.1355 0.1355 0.1355 0.1385 0.1385 0.1755 0.1755 0.1485 0.1485 0.156 0.156 0.156 0.1685 0.1685 0.17 0.17 0.1895 0.1895 0.1895 0.2025 0.2025 0.2175 0.2175 0.145 0.145 0.145 0.177 0.177 0.1795 0.1795 0.166 0.166 0.166 0.1595
0.215 0.215 0.2435 0.2435 0.2175 0.2175 0.2235 0.2235 0.2235 0.209 0.209 0.1805 0.1805 0.184 0.184 0.163 0.163 0.163 0.1685 0.1685 0.1725 0.1725 0.1495 0.1495 0.1495 0.156 0.156 0.1435 0.1435 0.154 0.154 0.154 0.1565 0.1565 0.149 0.149 0.1515 0.1515 0.1515 0.161 0.161 0.1595 0.1595 0.1355 0.1355 0.1355 0.1385 0.1385 0.1755 0.1755 0.1485 0.1485 0.156 0.156 0.156 0.1685 0.1685 0.17 0.17 0.1895 0.1895 0.1895 0.2025 0.2025 0.2175 0.2175 0.145 0.145 0.145 0.177 0.177 0.1795 0.1795 0.166 0.166 0.166 0.1595
0.2395 0.2395 0.2395 0.2395 0.2075 0.2075 0.187 0.187 0.187 0.148 0.148 0.176 0.176 0.147 0.147 0.159 0.159 0.159 0.179 0.179 0.142 0.142 0.1375 0.1375 0.1375 0.1785 0.1785 0.141 0.141 0.13 0.13 0.13 0.124 0.124 0.175 0.175 0.169 0.169 0.169 0.162 0.162 0.157 0.157 0.152 0.152 0.152 0.138 0.138 0.182 0.182 0.186 0.186 0.1475 0.1475 0.1475 0.1835 0.1835 0.197 0.197 0.193 0.193 0.193 0.193 0.193 0.179 0.179 0.177 0.177 0.177 0.1645 0.1645 0.184 0.184 0.1685 0.1685 0.1685 0.1655
0.2395 0.2395 0.2395 0.2395 0.2075 0.2075 0.187 0.187 0.187 0.148 0.148 0.176 0.176 0.147 0.147 0.159 0.159 0.159 0.179 0.179 0.142 0.142 0.1375 0.1375 0.1375 0.1785 0.1785 0.141 0.141 0.13 0.13 0.13 0.124 0.124 0.175 0.175 0.169 0.169 0.169 0.162 0.162 0.157 0.157 0.152 0.152 0.152 0.138 0.138 0.182 0.182 0.186 0.186 0.1475 0.1475 0.1475 0.1835 0.1835 0.197 0.197 0.193 0.193 0.193 0.193 0.193 0.179 0.179 0.177 0.177 0.177 0.1645 0.1645 0.184 0.184 0.1685 0.1685 0.1685 0.1655
0.2375 0.2375 0.229 0.229 0.183 0.183 0.1535 0.1535 0.1535 0.192 0.192 0.188 0.188 0.16 0.16 0.158 0.158 0.158 0.1725 0.1725 0.1435 0.1435 0.174 0.174 0.174 0.155 0.155 0.173 0.173 0.162 0.162 0.162 0.171 0.171 0.1915 0.1915 0.1665 0.1665 0.1665 0.1605 0.1605 0.1515 0.1515 0.183 0.183 0.183 0.2015 0.2015 0.189 0.189 0.21 0.21 0.17 0.17 0.17 0.158 0.158 0.1555 0.1555 0.178 0.178 0.178 0.1755 0.1755 0.1865 0.1865 0.211 0.211 0.211 0.22 0.22 0.225 0.225 0.2275 0.2275 0.2275 0.1765
0.2375 0.2375 0.229 0.229 0.183 0.183 0.1535 0.1535 0.1535 0.192 0.192 0.188 0.188 0.16 0.16 0.158 0.158 0.158 0.1725 0.1725 0.1435 0.1435 0.174 0.174 0.174 0.155 0.155 0.173 0.173 0.162 0.162 0.162 0.171 0.171 0.1915 0.1915 0.1665 0.1665 0.1665 0.1605 0.1605 0.1515 0.1515 0.183 0.183 0.183 0.2015 0.2015 0.189 0.189 0.21 0.21 0.17 0.17 0.17 0.158 0.158 0.1555 0.1555 0.178 0.178 0.178 0.1755 0.1755 0.1865 0.1865 0.211 0.211 0.211 0.22 0.22 0.225 0.225 0.2275 0.2275 0.2275 0.1765
0.2385 0.2385 0.163 0.163 0.1605 0.1605 0.181 0.181 0.181 0.193 0.193 0.214 0.214 0.1585 0.1585 0.171 0.171 0.171 0.18 0.18 0.1905 0.1905 0.2005 0.2005 0.2005 0.1895 0.1895 0.165 0.165 0.164 0.164 0.164 0.171 0.171 0.206 0.206 0.1775 0.1775 0.1775 0.167 0.167 0.152 0.152 0.182 0.182 0.182 0.205 0.205 0.206 0.206 0.2045 0.2045 0.2205 0.2205 0.2205 0.21 0.21 0.1625 0.1625 0.156 0.156 0.156 0.134 0.134 0.1765 0.1765 0.2095 0.2095 0.2095 0.2035 0.2035 0.208 0.208 0.214 0.214 0.214 0.1835
0.2385 0.2385 0.163 0.163 0.1605 0.1605 0.181 0.181 0.181 0.193 0.193 0.214 0.214 0.1585 0.1585 0.171 0.171 0.171 0.18 0.18 0.1905 0.1905 0.2005 0.2005 0.2005 0.1895 0.1895 0.165 0.165 0.164 0.164 0.164 0.171 0.171 0.206 0.206 0.1775 0.1775 0.1775 0.167 0.167 0.152 0.152 0.182 0.182 0.182 0.205 0.205 0.206 0.206 0.2045 0.2045 0.2205 0.2205 0.2205 0.21 0.21 0.1625 0.1625 0.156 0.156 0.156 0.134 0.134 0.1765 0.1765 0.2095 0.2095 0.2095 0.2035 0.2035 0.208 0.208 0.214 0.214 0.214 0.1835
0.2385 0.2385 0.163 0.163 0.1605 0.1605 0.181 0.181 0.181 0.193 0.193 0.214 0.214 0.1585 0.1585 0.171 0.171 0.171 0.18 0.18 0.1905 0.1905 0.2005 0.2005 0.2005 0.1895 0.1895 0.165 0.165 0.164 0.164 0.164 0.171 0.171 0.206 0.206 0.1775 0.1775 0.1775 0.167 0.167 0.152 0.152 0.182 0.182 0.182 0.205 0.205 0.206 0.206 0.2045 0.2045 0.2205 0.2205 0.2205 0.21 0.21 0.1625 0.1625 0.156 0.156 0.156 0.134 0.134 0.1765 0.1765 0.2095 0.2095 0.2095 0.2035 0.2035 0.208 0.208 0.214 0.214 0.214 0.1835
0.2015 0.2015 0.2035 0.2035 0.1685 0.1685 0.1795 0.1795 0.1795 0.201 0.201 0.2025 0.2025 0.1885 0.1885 0.1845 0.1845 0.1845 0.197 0.197 0.2095 0.2095 0.189 0.189 0.189 0.162 0.162 0.1965 0.1965 0.2035 0.2035 0.2035 0.2055 0.2055 0.223 0.223 0.203 0.203 0.203 0.22 0.22 0.206 0.206 0.1965 0.1965 0.1965 0.178 0.178 0.1965 0.1965 0.2005 0.2005 0.212 0.212 0.212 0.2305 0.2305 0.251 0.251 0.1945 0.1945 0.1945 0.179 0.179 0.1725 0.1725 0.2155 0.2155 0.2155 0.241 0.241 0.1655 0.1655 0.172 0.172 0.172 0.1815
0.2015 0.2015 0.2035 0.2035 0.1685 0.1685 0.1795 0.1795 0.1795 0.201 0.201 0.2025 0.2025 0.1885 0.1885 0.1845 0.1845 0.1845 0.197 0.197 0.2095 0.2095 0.189 0.189 0.189 0.162 0.162 0.1965 0.1965 0.2035 0.2035 0.2035 0.2055 0.2055 0.223 0.223 0.203 0.203 0.203 0.22 0.22 0.206 0.206 0.1965 0.1965 0.1965 0.178 0.178 0.1965 0.1965 0.2005 0.2005 0.212 0.212 0.212 0.2305 0.2305 0.251 0.251 0.1945 0.1945 0.1945 0.179 0.179 0.1725 0.1725 0.2155 0.2155 0.2155 0.241 0.241 0.1655 0.1655 0.172 0.172 0.172 0.1815
0.2015 0.2015 0.2065 0.2065 0.206 0.206 0.2025 0.2025 0.2025 0.2035 0.2035 0.157 0.157 0.168 0.168 0.1695 0.1695 0.1695 0.192 0.192 0.1925 0.1925 0.177 0.177 0.177 0.1855 0.1855 0.2065 0.2065 0.205 0.205 0.205 0.207 0.207 0.1995 0.1995 0.2035 0.2035 0.2035 0.2035 0.2035 0.2215 0.2215 0.223 0.223 0.223 0.173 0.173 0.1825 0.1825 0.2275 0.2275 0.2285 0.2285 0.2285 0.21 0.21 0.2315 0.2315 0.2525 0.2525 0.2525 0.247 0.247 0.222 0.222 0.205 0.205 0.205 0.206 0.206 0.204 0.204 0.2065 0.2065 0.2065 0.216
0.2015 0.2015 0.2065 0.2065 0.206 0.206 0.2025 0.2025 0.2025 0.2035 0.2035 0.157 0.157 0.168 0.168 0.1695 0.1695 0.1695 0.192 0.192 0.1925 0.1925 0.177 0.177 0.177 0.1855 0.1855 0.2065 0.2065 0.205 0.205 0.205 0.207 0.207 0.1995 0.1995 0.2035 0.2035 0.2035 0.2035 0.2035 0.2215 0.2215 0.223 0.223 0.223 0.173 0.173 0.1825 0.1825 0.2275 0.2275 0.2285 0.2285 0.2285 0.21 0.21 0.2315 0.2315 0.2525 0.2525 0.2525 0.247 0.247 0.222 0.222 0.205 0.205 0.205 0.206 0.206 0.204 0.204 0.2065 0.2065 0.2065 0.216
0.2065 0.2065 0.1805 0.1805 0.213 0.213 0.201 0.201 0.201 0.2035 0.2035 0.191 0.191 0.1865 0.1865 0.1905 0.1905 0.1905 0.1985 0.1985 0.187 0.187 0.1835 0.1835 0.1835 0.1955 0.1955 0.204 0.204 0.2035 0.2035 0.2035 0.2245 0.2245 0.223 0.223 0.218 0.218 0.218 0.205 0.205 0.2195 0.2195 0.222 0.222 0.222 0.2065 0.2065 0.2135 0.2135 0.234 0.234 0.231 0.231 0.231 0.246 0.246 0.2365 0.2365 0.2325 0.2325 0.2325 0.239 0.239 0.23 0.23 0.227 0.227 0.227 0.2325 0.2325 0.2395 0.2395 0.2285 0.2285 0.2285 0.202
