ndvi/NOAA-17.asc
ncols         252
nrows         154
xllcorner     -18.017974
yllcorner     13.481982
cellsize      0.035948
NODATA_value  -9999
[rows 0 to 33 of 154, columns 154 to 230 of 252]
0.096 0.088 0.088 0.096 0.096 0.096 0.0985 0.0985 0.102 0.102 0.1 0.1 0.0955 0.0955 0.0955 0.0995 0.0995 0.0985 0.0985 0.094 0.094 0.094 0.0955 0.0955 0.098 0.098 0.0975 0.0975 0.0975 0.0935 0.0935 0.096 0.096 0.097 0.097 0.097 0.09450001 0.09450001 0.086 0.086 0.087 0.087 0.087 0.09299999 0.09299999 0.096 0.096 0.094 0.094 0.0955 0.0955 0.0955 0.092 0.092 0.09450001 0.09450001 0.094 0.094 0.094 0.093 0.093 0.0995 0.0995 0.0925 0.0925 0.0925 0.0905 0.0905 0.09 0.09 0.088 0.088 0.088 0.09100001 0.09100001 0.085 0.085
0.096 0.088 0.088 0.096 0.096 0.096 0.0985 0.0985 0.102 0.102 0.1 0.1 0.0955 0.0955 0.0955 0.0995 0.0995 0.0985 0.0985 0.094 0.094 0.094 0.0955 0.0955 0.098 0.098 0.0975 0.0975 0.0975 0.0935 0.0935 0.096 0.096 0.097 0.097 0.097 0.09450001 0.09450001 0.086 0.086 0.087 0.087 0.087 0.09299999 0.09299999 0.096 0.096 0.094 0.094 0.0955 0.0955 0.0955 0.092 0.092 0.09450001 0.09450001 0.094 0.094 0.094 0.093 0.093 0.0995 0.0995 0.0925 0.0925 0.0925 0.0905 0.0905 0.09 0.09 0.088 0.088 0.088 0.09100001 0.09100001 0.085 0.085
0.094 0.09 0.09 0.0985 0.0985 0.0985 0.1015 0.1015 0.0995 0.0995 0.101 0.101 0.0985 0.0985 0.0985 0.0985 0.0985 0.097 0.097 0.09100001 0.09100001 0.09100001 0.092 0.092 0.0985 0.0985 0.09550001 0.09550001 0.09550001 0.0935 0.0935 0.09450001 0.09450001 0.098 0.098 0.098 0.1045 0.1045 0.1055 0.1055 0.104 0.104 0.104 0.1045 0.1045 0.1065 0.1065 0.098 0.098 0.102 0.102 0.102 0.105 0.105 0.102 0.102 0.1055 0.1055 0.1055 0.101 0.101 0.0965 0.0965 0.0925 0.0925 0.0925 0.09450001 0.09450001 0.0935 0.0935 0.092 0.092 0.092 0.089 0.089 0.0845 0.0845
0.094 0.09 0.09 0.0985 0.0985 0.0985 0.1015 0.1015 0.0995 0.0995 0.101 0.101 0.0985 0.0985 0.0985 0.0985 0.0985 0.097 0.097 0.09100001 0.09100001 0.09100001 0.092 0.092 0.0985 0.0985 0.09550001 0.09550001 0.09550001 0.0935 0.0935 0.09450001 0.09450001 0.098 0.098 0.098 0.1045 0.1045 0.1055 0.1055 0.104 0.104 0.104 0.1045 0.1045 0.1065 0.1065 0.098 0.098 0.102 0.102 0.102 0.105 0.105 0.102 0.102 0.1055 0.1055 0.1055 0.101 0.101 0.0965 0.0965 0.0925 0.0925 0.0925 0.09450001 0.09450001 0.0935 0.0935 0.092 0.092 0.092 0.089 0.089 0.0845 0.0845
0.094 0.09 0.09 0.0985 0.0985 0.0985 0.1015 0.1015 0.0995 0.0995 0.101 0.101 0.0985 0.0985 0.0985 0.0985 0.0985 0.097 0.097 0.09100001 0.09100001 0.09100001 0.092 0.092 0.0985 0.0985 0.09550001 0.09550001 0.09550001 0.0935 0.0935 0.09450001 0.09450001 0.098 0.098 0.098 0.1045 0.1045 0.1055 0.1055 0.104 0.104 0.104 0.1045 0.1045 0.1065 0.1065 0.098 0.098 0.102 0.102 0.102 0.105 0.105 0.102 0.102 0.1055 0.1055 0.1055 0.101 0.101 0.0965 0.0965 0.0925 0.0925 0.0925 0.09450001 0.09450001 0.0935 0.0935 0.092 0.092 0.092 0.089 0.089 0.0845 0.0845
0.09450001 0.0985 0.0985 0.09999999 0.09999999 0.09999999 0.104 0.104 0.111 0.111 0.0985 0.0985 0.1075 0.1075 0.1075 0.1075 0.1075 0.1045 0.1045 0.107 0.107 0.107 0.105 0.105 0.105 0.105 0.105 0.105 0.105 0.103 0.103 0.107 0.107 0.109 0.109 0.109 0.1085 0.1085 0.105 0.105 0.1035 0.1035 0.1035 0.1075 0.1075 0.1025 0.1025 0.095 0.095 0.099 0.099 0.099 0.0975 0.0975 0.1005 0.1005 0.099 0.099 0.099 0.0985 0.0985 0.0985 0.0985 0.0975 0.0975 0.0975 0.095 0.095 0.09299999 0.09299999 0.092 0.092 0.092 0.09100001 0.09100001 0.088 0.088
0.09450001 0.0985 0.0985 0.09999999 0.09999999 0.09999999 0.104 0.104 0.111 0.111 0.0985 0.0985 0.1075 0.1075 0.1075 0.1075 0.1075 0.1045 0.1045 0.107 0.107 0.107 0.105 0.105 0.105 0.105 0.105 0.105 0.105 0.103 0.103 0.107 0.107 0.109 0.109 0.109 0.1085 0.1085 0.105 0.105 0.1035 0.1035 0.1035 0.1075 0.1075 0.1025 0.1025 0.095 0.095 0.099 0.099 0.099 0.0975 0.0975 0.1005 0.1005 0.099 0.099 0.099 0.0985 0.0985 0.0985 0.0985 0.0975 0.0975 0.0975 0.095 0.095 0.09299999 0.09299999 0.092 0.092 0.092 0.09100001 0.09100001 0.088 0.088
0.1015 0.101 0.101 0.1005 0.1005 0.1005 0.1025 0.1025 0.1095 0.1095 0.1045 0.1045 0.105 0.105 0.105 0.105 0.105 0.1085 0.1085 0.1045 0.1045 0.1045 0.102 0.102 0.103 0.103 0.107 0.107 0.107 0.1025 0.1025 0.1075 0.1075 0.102 0.102 0.102 0.1025 0.1025 0.1025 0.1025 0.1085 0.1085 0.1085 0.102 0.102 0.1035 0.1035 0.108 0.108 0.1085 0.1085 0.1085 0.1 0.1 0.0985 0.0985 0.1015 0.1015 0.1015 0.0995 0.0995 0.0995 0.0995 0.098 0.098 0.098 0.0955 0.0955 0.09100001 0.09100001 0.092 0.092 0.092 0.0925 0.0925 0.0915 0.0915
0.1015 0.101 0.101 0.1005 0.1005 0.1005 0.1025 0.1025 0.1095 0.1095 0.1045 0.1045 0.105 0.105 0.105 0.105 0.105 0.1085 0.1085 0.1045 0.1045 0.1045 0.102 0.102 0.103 0.103 0.107 0.107 0.107 0.1025 0.1025 0.1075 0.1075 0.102 0.102 0.102 0.1025 0.1025 0.1025 0.1025 0.1085 0.1085 0.1085 0.102 0.102 0.1035 0.1035 0.108 0.108 0.1085 0.1085 0.1085 0.1 0.1 0.0985 0.0985 0.1015 0.1015 0.1015 0.0995 0.0995 0.0995 0.0995 0.098 0.098 0.098 0.0955 0.0955 0.09100001 0.09100001 0.092 0.092 0.092 0.0925 0.0925 0.0915 0.0915
0.11 0.103 0.103 0.115 0.115 0.115 0.104 0.104 0.1065 0.1065 0.106 0.106 0.1035 0.1035 0.1035 0.1045 0.1045 0.106 0.106 0.1135 0.1135 0.1135 0.1025 0.1025 0.109 0.109 0.1 0.1 0.1 0.1025 0.1025 0.1015 0.1015 0.105 0.105 0.105 0.0915 0.0915 0.0935 0.0935 0.092 0.092 0.092 0.0955 0.0955 0.09900001 0.09900001 0.109 0.109 0.1005 0.1005 0.1005 0.0965 0.0965 0.097 0.097 0.095 0.095 0.095 0.0915 0.0915 0.0925 0.0925 0.092 0.092 0.092 0.09450001 0.09450001 0.0925 0.0925 0.0905 0.0905 0.0905 0.089 0.089 0.09 0.09
0.11 0.103 0.103 0.115 0.115 0.115 0.104 0.104 0.1065 0.1065 0.106 0.106 0.1035 0.1035 0.1035 0.1045 0.1045 0.106 0.106 0.1135 0.1135 0.1135 0.1025 0.1025 0.109 0.109 0.1 0.1 0.1 0.1025 0.1025 0.1015 0.1015 0.105 0.105 0.105 0.0915 0.0915 0.0935 0.0935 0.092 0.092 0.092 0.0955 0.0955 0.09900001 0.09900001 0.109 0.109 0.1005 0.1005 0.1005 0.0965 0.0965 0.097 0.097 0.095 0.095 0.095 0.0915 0.0915 0.0925 0.0925 0.092 0.092 0.092 0.09450001 0.09450001 0.0925 0.0925 0.0905 0.0905 0.0905 0.089 0.089 0.09 0.09
0.113 0.104 0.104 0.1085 0.1085 0.1085 0.1065 0.1065 0.112 0.112 0.108 0.108 0.109 0.109 0.109 0.1085 0.1085 0.1095 0.1095 0.105 0.105 0.105 0.1035 0.1035 0.111 0.111 0.1095 0.1095 0.1095 0.1035 0.1035 0.1045 0.1045 0.0985 0.0985 0.0985 0.095 0.095 0.09900001 0.09900001 0.097 0.097 0.097 0.1005 0.1005 0.09900001 0.09900001 0.113 0.113 0.099 0.099 0.099 0.0955 0.0955 0.1005 0.1005 0.0995 0.0995 0.0995 0.094 0.094 0.09 0.09 0.085 0.085 0.085 0.082 0.082 0.08149999 0.08149999 0.082 0.082 0.082 0.0875 0.0875 0.09450001 0.09450001
0.113 0.104 0.104 0.1085 0.1085 0.1085 0.1065 0.1065 0.112 0.112 0.108 0.108 0.109 0.109 0.109 0.1085 0.1085 0.1095 0.1095 0.105 0.105 0.105 0.1035 0.1035 0.111 0.111 0.1095 0.1095 0.1095 0.1035 0.1035 0.1045 0.1045 0.0985 0.0985 0.0985 0.095 0.095 0.09900001 0.09900001 0.097 0.097 0.097 0.1005 0.1005 0.09900001 0.09900001 0.113 0.113 0.099 0.099 0.099 0.0955 0.0955 0.1005 0.1005 0.0995 0.0995 0.0995 0.094 0.094 0.09 0.09 0.085 0.085 0.085 0.082 0.082 0.08149999 0.08149999 0.082 0.082 0.082 0.0875 0.0875 0.09450001 0.09450001
0.113 0.104 0.104 0.1085 0.1085 0.1085 0.1065 0.1065 0.112 0.112 0.108 0.108 0.109 0.109 0.109 0.1085 0.1085 0.1095 0.1095 0.105 0.105 0.105 0.1035 0.1035 0.111 0.111 0.1095 0.1095 0.1095 0.1035 0.1035 0.1045 0.1045 0.0985 0.0985 0.0985 0.095 0.095 0.09900001 0.09900001 0.097 0.097 0.097 0.1005 0.1005 0.09900001 0.09900001 0.113 0.113 0.099 0.099 0.099 0.0955 0.0955 0.1005 0.1005 0.0995 0.0995 0.0995 0.094 0.094 0.09 0.09 0.085 0.085 0.085 0.082 0.082 0.08149999 0.08149999 0.082 0.082 0.082 0.0875 0.0875 0.09450001 0.09450001
0.11 0.1115 0.1115 0.112 0.112 0.112 0.111 0.111 0.111 0.111 0.1165 0.1165 0.1125 0.1125 0.1125 0.1085 0.1085 0.1115 0.1115 0.107 0.107 0.107 0.1025 0.1025 0.1 0.1 0.111 0.111 0.111 0.0995 0.0995 0.102 0.102 0.0995 0.0995 0.0995 0.095 0.095 0.095 0.095 0.092 0.092 0.092 0.1015 0.1015 0.101 0.101 0.096 0.096 0.0885 0.0885 0.0885 0.088 0.088 0.092 0.092 0.0985 0.0985 0.0985 0.0975 0.0975 0.087 0.087 0.088 0.088 0.088 0.09 0.09 0.0865 0.0865 0.0915 0.0915 0.0915 0.0915 0.0915 0.098 0.098
0.11 0.1115 0.1115 0.112 0.112 0.112 0.111 0.111 0.111 0.111 0.1165 0.1165 0.1125 0.1125 0.1125 0.1085 0.1085 0.1115 0.1115 0.107 0.107 0.107 0.1025 0.1025 0.1 0.1 0.111 0.111 0.111 0.0995 0.0995 0.102 0.102 0.0995 0.0995 0.0995 0.095 0.095 0.095 0.095 0.092 0.092 0.092 0.1015 0.1015 0.101 0.101 0.096 0.096 0.0885 0.0885 0.0885 0.088 0.088 0.092 0.092 0.0985 0.0985 0.0985 0.0975 0.0975 0.087 0.087 0.088 0.088 0.088 0.09 0.09 0.0865 0.0865 0.0915 0.0915 0.0915 0.0915 0.0915 0.098 0.098
0.1175 0.1125 0.1125 0.1115 0.1115 0.1115 0.1085 0.1085 0.117 0.117 0.116 0.116 0.1155 0.1155 0.1155 0.113 0.113 0.1175 0.1175 0.1105 0.1105 0.1105 0.1045 0.1045 0.106 0.106 0.0985 0.0985 0.0985 0.096 0.096 0.0895 0.0895 0.088 0.088 0.088 0.087 0.087 0.0915 0.0915 0.087 0.087 0.087 0.0825 0.0825 0.0845 0.0845 0.072 0.072 0.0735 0.0735 0.0735 0.08 0.08 0.089 0.089 0.085 0.085 0.085 0.09 0.09 0.0925 0.0925 0.093 0.093 0.093 0.09450001 0.09450001 0.092 0.092 0.095 0.095 0.095 0.0955 0.0955 0.098 0.098
0.1175 0.1125 0.1125 0.1115 0.1115 0.1115 0.1085 0.1085 0.117 0.117 0.116 0.116 0.1155 0.1155 0.1155 0.113 0.113 0.1175 0.1175 0.1105 0.1105 0.1105 0.1045 0.1045 0.106 0.106 0.0985 0.0985 0.0985 0.096 0.096 0.0895 0.0895 0.088 0.088 0.088 0.087 0.087 0.0915 0.0915 0.087 0.087 0.087 0.0825 0.0825 0.0845 0.0845 0.072 0.072 0.0735 0.0735 0.0735 0.08 0.08 0.089 0.089 0.085 0.085 0.085 0.09 0.09 0.0925 0.0925 0.093 0.093 0.093 0.09450001 0.09450001 0.092 0.092 0.095 0.095 0.095 0.0955 0.0955 0.098 0.098
0.097 0.096 0.096 0.111 0.111 0.111 0.102 0.102 0.09 0.09 0.101 0.101 0.0975 0.0975 0.0975 0.0955 0.0955 0.098 0.098 0.1015 0.1015 0.1015 0.09999999 0.09999999 0.0925 0.0925 0.0925 0.0925 0.0925 0.0815 0.0815 0.086 0.086 0.083 0.083 0.083 0.087 0.087 0.0955 0.0955 0.108 0.108 0.108 0.1055 0.1055 0.1035 0.1035 0.104 0.104 0.1025 0.1025 0.1025 0.09649999 0.09649999 0.095 0.095 0.092 0.092 0.092 0.0935 0.0935 0.0975 0.0975 0.0965 0.0965 0.0965 0.096 0.096 0.097 0.097 0.09450001 0.09450001 0.09450001 0.09649999 0.09649999 0.0945 0.0945
0.097 0.096 0.096 0.111 0.111 0.111 0.102 0.102 0.09 0.09 0.101 0.101 0.0975 0.0975 0.0975 0.0955 0.0955 0.098 0.098 0.1015 0.1015 0.1015 0.09999999 0.09999999 0.0925 0.0925 0.0925 0.0925 0.0925 0.0815 0.0815 0.086 0.086 0.083 0.083 0.083 0.087 0.087 0.0955 0.0955 0.108 0.108 0.108 0.1055 0.1055 0.1035 0.1035 0.104 0.104 0.1025 0.1025 0.1025 0.09649999 0.09649999 0.095 0.095 0.092 0.092 0.092 0.0935 0.0935 0.0975 0.0975 0.0965 0.0965 0.0965 0.096 0.096 0.097 0.097 0.09450001 0.09450001 0.09450001 0.09649999 0.09649999 0.0945 0.0945
0.097 0.096 0.096 0.111 0.111 0.111 0.102 0.102 0.09 0.09 0.101 0.101 0.0975 0.0975 0.0975 0.0955 0.0955 0.098 0.098 0.1015 0.1015 0.1015 0.09999999 0.09999999 0.0925 0.0925 0.0925 0.0925 0.0925 0.0815 0.0815 0.086 0.086 0.083 0.083 0.083 0.087 0.087 0.0955 0.0955 0.108 0.108 0.108 0.1055 0.1055 0.1035 0.1035 0.104 0.104 0.1025 0.1025 0.1025 0.09649999 0.09649999 0.095 0.095 0.092 0.092 0.092 0.0935 0.0935 0.0975 0.0975 0.0965 0.0965 0.0965 0.096 0.096 0.097 0.097 0.09450001 0.09450001 0.09450001 0.09649999 0.09649999 0.0945 0.0945
0.1055 0.113 0.113 0.1085 0.1085 0.1085 0.0995 0.0995 0.09100001 0.09100001 0.107 0.107 0.1055 0.1055 0.1055 0.1045 0.1045 0.1065 0.1065 0.1105 0.1105 0.1105 0.102 0.102 0.1045 0.1045 0.094 0.094 0.094 0.095 0.095 0.094 0.094 0.0965 0.0965 0.0965 0.1175 0.1175 0.11 0.11 0.1025 0.1025 0.1025 0.101 0.101 0.103 0.103 0.0975 0.0975 0.09100001 0.09100001 0.09100001 0.0935 0.0935 0.094 0.094 0.095 0.095 0.095 0.09649999 0.09649999 0.103 0.103 0.101 0.101 0.101 0.1025 0.1025 0.0995 0.0995 0.1 0.1 0.1 0.098 0.098 0.0865 0.0865
0.1055 0.113 0.113 0.1085 0.1085 0.1085 0.0995 0.0995 0.09100001 0.09100001 0.107 0.107 0.1055 0.1055 0.1055 0.1045 0.1045 0.1065 0.1065 0.1105 0.1105 0.1105 0.102 0.102 0.1045 0.1045 0.094 0.094 0.094 0.095 0.095 0.094 0.094 0.0965 0.0965 0.0965 0.1175 0.1175 0.11 0.11 0.1025 0.1025 0.1025 0.101 0.101 0.103 0.103 0.0975 0.0975 0.09100001 0.09100001 0.09100001 0.0935 0.0935 0.094 0.094 0.095 0.095 0.095 0.09649999 0.09649999 0.103 0.103 0.101 0.101 0.101 0.1025 0.1025 0.0995 0.0995 0.1 0.1 0.1 0.098 0.098 0.0865 0.0865
0.111 0.1125 0.1125 0.1135 0.1135 0.1135 0.1145 0.1145 0.1135 0.1135 0.113 0.113 0.115 0.115 0.115 0.102 0.102 0.104 0.104 0.116 0.116 0.116 0.121 0.121 0.1165 0.1165 0.1245 0.1245 0.1245 0.1155 0.1155 0.1235 0.1235 0.124 0.124 0.124 0.1175 0.1175 0.1085 0.1085 0.1035 0.1035 0.1035 0.102 0.102 0.098 0.098 0.1005 0.1005 0.093 0.093 0.093 0.0955 0.0955 0.09550001 0.09550001 0.0985 0.0985 0.0985 0.098 0.098 0.1045 0.1045 0.105 0.105 0.105 0.1015 0.1015 0.101 0.101 0.103 0.103 0.103 0.0965 0.0965 0.0885 0.0885
0.111 0.1125 0.1125 0.1135 0.1135 0.1135 0.1145 0.1145 0.1135 0.1135 0.113 0.113 0.115 0.115 0.115 0.102 0.102 0.104 0.104 0.116 0.116 0.116 0.121 0.121 0.1165 0.1165 0.1245 0.1245 0.1245 0.1155 0.1155 0.1235 0.1235 0.124 0.124 0.124 0.1175 0.1175 0.1085 0.1085 0.1035 0.1035 0.1035 0.102 0.102 0.098 0.098 0.1005 0.1005 0.093 0.093 0.093 0.0955 0.0955 0.09550001 0.09550001 0.0985 0.0985 0.0985 0.098 0.098 0.1045 0.1045 0.105 0.105 0.105 0.1015 0.1015 0.101 0.101 0.103 0.103 0.103 0.0965 0.0965 0.0885 0.0885
0.123 0.12 0.12 0.1355 0.1355 0.1355 0.143 0.143 0.129 0.129 0.142 0.142 0.1405 0.1405 0.1405 0.1415 0.1415 0.1375 0.1375 0.134 0.134 0.134 0.143 0.143 0.1215 0.1215 0.1305 0.1305 0.1305 0.1305 0.1305 0.129 0.129 0.127 0.127 0.127 0.116 0.116 0.103 0.103 0.1035 0.1035 0.1035 0.103 0.103 0.102 0.102 0.103 0.103 0.104 0.104 0.104 0.103 0.103 0.0985 0.0985 0.1 0.1 0.1 0.1005 0.1005 0.102 0.102 0.104 0.104 0.104 0.107 0.107 0.0995 0.0995 0.096 0.096 0.096 0.09299999 0.09299999 0.0925 0.0925
0.123 0.12 0.12 0.1355 0.1355 0.1355 0.143 0.143 0.129 0.129 0.142 0.142 0.1405 0.1405 0.1405 0.1415 0.1415 0.1375 0.1375 0.134 0.134 0.134 0.143 0.143 0.1215 0.1215 0.1305 0.1305 0.1305 0.1305 0.1305 0.129 0.129 0.127 0.127 0.127 0.116 0.116 0.103 0.103 0.1035 0.1035 0.1035 0.103 0.103 0.102 0.102 0.103 0.103 0.104 0.104 0.104 0.103 0.103 0.0985 0.0985 0.1 0.1 0.1 0.1005 0.1005 0.102 0.102 0.104 0.104 0.104 0.107 0.107 0.0995 0.0995 0.096 0.096 0.096 0.09299999 0.09299999 0.0925 0.0925
0.123 0.12 0.12 0.1355 0.1355 0.1355 0.143 0.143 0.129 0.129 0.142 0.142 0.1405 0.1405 0.1405 0.1415 0.1415 0.1375 0.1375 0.134 0.134 0.134 0.143 0.143 0.1215 0.1215 0.1305 0.1305 0.1305 0.1305 0.1305 0.129 0.129 0.127 0.127 0.127 0.116 0.116 0.103 0.103 0.1035 0.1035 0.1035 0.103 0.103 0.102 0.102 0.103 0.103 0.104 0.104 0.104 0.103 0.103 0.0985 0.0985 0.1 0.1 0.1 0.1005 0.1005 0.102 0.102 0.104 0.104 0.104 0.107 0.107 0.0995 0.0995 0.096 0.096 0.096 0.09299999 0.09299999 0.0925 0.0925
0.1225 0.127 0.127 0.145 0.145 0.145 0.147 0.147 0.1435 0.1435 0.1405 0.1405 0.1395 0.1395 0.1395 0.142 0.142 0.1345 0.1345 0.127 0.127 0.127 0.1235 0.1235 0.1275 0.1275 0.1185 0.1185 0.1185 0.1225 0.1225 0.119 0.119 0.117 0.117 0.117 0.115 0.115 0.1125 0.1125 0.1075 0.1075 0.1075 0.105 0.105 0.107 0.107 0.1085 0.1085 0.1065 0.1065 0.1065 0.104 0.104 0.1 0.1 0.1 0.1 0.1 0.098 0.098 0.106 0.106 0.1065 0.1065 0.1065 0.1085 0.1085 0.1055 0.1055 0.1065 0.1065 0.1065 0.1045 0.1045 0.0985 0.0985
0.1225 0.127 0.127 0.145 0.145 0.145 0.147 0.147 0.1435 0.1435 0.1405 0.1405 0.1395 0.1395 0.1395 0.142 0.142 0.1345 0.1345 0.127 0.127 0.127 0.1235 0.1235 0.1275 0.1275 0.1185 0.1185 0.1185 0.1225 0.1225 0.119 0.119 0.117 0.117 0.117 0.115 0.115 0.1125 0.1125 0.1075 0.1075 0.1075 0.105 0.105 0.107 0.107 0.1085 0.1085 0.1065 0.1065 0.1065 0.104 0.104 0.1 0.1 0.1 0.1 0.1 0.098 0.098 0.106 0.106 0.1065 0.1065 0.1065 0.1085 0.1085 0.1055 0.1055 0.1065 0.1065 0.1065 0.1045 0.1045 0.0985 0.0985
0.1355 0.1225 0.1225 0.1375 0.1375 0.1375 0.1255 0.1255 0.123 0.123 0.128 0.128 0.127 0.127 0.127 0.137 0.137 0.1325 0.1325 0.1265 0.1265 0.1265 0.129 0.129 0.1285 0.1285 0.1245 0.1245 0.1245 0.1285 0.1285 0.122 0.122 0.1125 0.1125 0.1125 0.118 0.118 0.1165 0.1165 0.1155 0.1155 0.1155 0.111 0.111 0.1105 0.1105 0.113 0.113 0.1105 0.1105 0.1105 0.112 0.112 0.107 0.107 0.103 0.103 0.103 0.1055 0.1055 0.108 0.108 0.1075 0.1075 0.1075 0.115 0.115 0.1135 0.1135 0.105 0.105 0.105 0.1035 0.1035 0.1005 0.1005
0.1355 0.1225 0.1225 0.1375 0.1375 0.1375 0.1255 0.1255 0.123 0.123 0.128 0.128 0.127 0.127 0.127 0.137 0.137 0.1325 0.1325 0.1265 0.1265 0.1265 0.129 0.129 0.1285 0.1285 0.1245 0.1245 0.1245 0.1285 0.1285 0.122 0.122 0.1125 0.1125 0.1125 0.118 0.118 0.1165 0.1165 0.1155 0.1155 0.1155 0.111 0.111 0.1105 0.1105 0.113 0.113 0.1105 0.1105 0.1105 0.112 0.112 0.107 0.107 0.103 0.103 0.103 0.1055 0.1055 0.108 0.108 0.1075 0.1075 0.1075 0.115 0.115 0.1135 0.1135 0.105 0.105 0.105 0.1035 0.1035 0.1005 0.1005
0.1375 0.131 0.131 0.1365 0.1365 0.1365 0.1535 0.1535 0.137 0.137 0.1205 0.1205 0.1075 0.1075 0.1075 0.117 0.117 0.1195 0.1195 0.123 0.123 0.123 0.1255 0.1255 0.115 0.115 0.1135 0.1135 0.1135 0.128 0.128 0.1285 0.1285 0.129 0.129 0.129 0.1285 0.1285 0.1355 0.1355 0.133 0.133 0.133 0.125 0.125 0.1255 0.1255 0.1325 0.1325 0.132 0.132 0.132 0.125 0.125 0.1135 0.1135 0.11 0.11 0.11 0.109 0.109 0.1125 0.1125 0.1125 0.1125 0.1125 0.113 0.113 0.11 0.11 0.11 0.11 0.11 0.111 0.111 0.1025 0.1025
0.1375 0.131 0.131 0.1365 0.1365 0.1365 0.1535 0.1535 0.137 0.137 0.1205 0.1205 0.1075 0.1075 0.1075 0.117 0.117 0.1195 0.1195 0.123 0.123 0.123 0.1255 0.1255 0.115 0.115 0.1135 0.1135 0.1135 0.128 0.128 0.1285 0.1285 0.129 0.129 0.129 0.1285 0.1285 0.1355 0.1355 0.133 0.133 0.133 0.125 0.125 0.1255 0.1255 0.1325 0.1325 0.132 0.132 0.132 0.125 0.125 0.1135 0.1135 0.11 0.11 0.11 0.109 0.109 0.1125 0.1125 0.1125 0.1125 0.1125 0.113 0.113 0.11 0.11 0.11 0.11 0.11 0.111 0.111 0.1025 0.1025
