ndvi/NOAA-60.asc
ncols         252
nrows         154
xllcorner     -18.017974
yllcorner     13.481982
cellsize      0.035948
NODATA_value  -9999
[rows 0 to 33 of 154, columns 154 to 230 of 252]
0.0955 0.1005 0.1005 0.1055 0.1055 0.1055 0.107 0.107 0.107 0.107 0.1065 0.1065 0.101 0.101 0.101 0.0975 0.0975 0.101 0.101 0.092 0.092 0.092 0.09450001 0.09450001 0.0945 0.0945 0.101 0.101 0.101 0.0975 0.0975 0.097 0.097 0.0925 0.0925 0.0925 0.091 0.091 0.0935 0.0935 0.0885 0.0885 0.0885 0.107 0.107 0.1005 0.1005 0.1075 0.1075 0.111 0.111 0.111 0.109 0.109 0.1105 0.1105 0.1115 0.1115 0.1115 0.11 0.11 0.1125 0.1125 0.11 0.11 0.11 0.1025 0.1025 0.103 0.103 0.105 0.105 0.105 0.09999999 0.09999999 0.099 0.099
0.0955 0.1005 0.1005 0.1055 0.1055 0.1055 0.107 0.107 0.107 0.107 0.1065 0.1065 0.101 0.101 0.101 0.0975 0.0975 0.101 0.101 0.092 0.092 0.092 0.09450001 0.09450001 0.0945 0.0945 0.101 0.101 0.101 0.0975 0.0975 0.097 0.097 0.0925 0.0925 0.0925 0.091 0.091 0.0935 0.0935 0.0885 0.0885 0.0885 0.107 0.107 0.1005 0.1005 0.1075 0.1075 0.111 0.111 0.111 0.109 0.109 0.1105 0.1105 0.1115 0.1115 0.1115 0.11 0.11 0.1125 0.1125 0.11 0.11 0.11 0.1025 0.1025 0.103 0.103 0.105 0.105 0.105 0.09999999 0.09999999 0.099 0.099
0.0975 0.104 0.104 0.102 0.102 0.102 0.108 0.108 0.107 0.107 0.097 0.097 0.105 0.105 0.105 0.1005 0.1005 0.1005 0.1005 0.1025 0.1025 0.1025 0.105 0.105 0.1035 0.1035 0.102 0.102 0.102 0.103 0.103 0.095 0.095 0.106 0.106 0.106 0.108 0.108 0.107 0.107 0.111 0.111 0.111 0.12 0.12 0.115 0.115 0.1125 0.1125 0.1165 0.1165 0.1165 0.1055 0.1055 0.1085 0.1085 0.1085 0.1085 0.1085 0.1165 0.1165 0.1095 0.1095 0.1015 0.1015 0.1015 0.1045 0.1045 0.101 0.101 0.102 0.102 0.102 0.0985 0.0985 0.09450001 0.09450001
0.0975 0.104 0.104 0.102 0.102 0.102 0.108 0.108 0.107 0.107 0.097 0.097 0.105 0.105 0.105 0.1005 0.1005 0.1005 0.1005 0.1025 0.1025 0.1025 0.105 0.105 0.1035 0.1035 0.102 0.102 0.102 0.103 0.103 0.095 0.095 0.106 0.106 0.106 0.108 0.108 0.107 0.107 0.111 0.111 0.111 0.12 0.12 0.115 0.115 0.1125 0.1125 0.1165 0.1165 0.1165 0.1055 0.1055 0.1085 0.1085 0.1085 0.1085 0.1085 0.1165 0.1165 0.1095 0.1095 0.1015 0.1015 0.1015 0.1045 0.1045 0.101 0.101 0.102 0.102 0.102 0.0985 0.0985 0.09450001 0.09450001
0.0975 0.104 0.104 0.102 0.102 0.102 0.108 0.108 0.107 0.107 0.097 0.097 0.105 0.105 0.105 0.1005 0.1005 0.1005 0.1005 0.1025 0.1025 0.1025 0.105 0.105 0.1035 0.1035 0.102 0.102 0.102 0.103 0.103 0.095 0.095 0.106 0.106 0.106 0.108 0.108 0.107 0.107 0.111 0.111 0.111 0.12 0.12 0.115 0.115 0.1125 0.1125 0.1165 0.1165 0.1165 0.1055 0.1055 0.1085 0.1085 0.1085 0.1085 0.1085 0.1165 0.1165 0.1095 0.1095 0.1015 0.1015 0.1015 0.1045 0.1045 0.101 0.101 0.102 0.102 0.102 0.0985 0.0985 0.09450001 0.09450001
0.102 0.1015 0.1015 0.1055 0.1055 0.1055 0.1075 0.1075 0.1055 0.1055 0.099 0.099 0.104 0.104 0.104 0.0985 0.0985 0.107 0.107 0.104 0.104 0.104 0.109 0.109 0.1165 0.1165 0.112 0.112 0.112 0.1095 0.1095 0.116 0.116 0.114 0.114 0.114 0.116 0.116 0.1125 0.1125 0.1185 0.1185 0.1185 0.1125 0.1125 0.112 0.112 0.1175 0.1175 0.1175 0.1175 0.1175 0.1065 0.1065 0.109 0.109 0.1095 0.1095 0.1095 0.109 0.109 0.105 0.105 0.1055 0.1055 0.1055 0.099 0.099 0.0995 0.0995 0.0975 0.0975 0.0975 0.102 0.102 0.0975 0.0975
0.102 0.1015 0.1015 0.1055 0.1055 0.1055 0.1075 0.1075 0.1055 0.1055 0.099 0.099 0.104 0.104 0.104 0.0985 0.0985 0.107 0.107 0.104 0.104 0.104 0.109 0.109 0.1165 0.1165 0.112 0.112 0.112 0.1095 0.1095 0.116 0.116 0.114 0.114 0.114 0.116 0.116 0.1125 0.1125 0.1185 0.1185 0.1185 0.1125 0.1125 0.112 0.112 0.1175 0.1175 0.1175 0.1175 0.1175 0.1065 0.1065 0.109 0.109 0.1095 0.1095 0.1095 0.109 0.109 0.105 0.105 0.1055 0.1055 0.1055 0.099 0.099 0.0995 0.0995 0.0975 0.0975 0.0975 0.102 0.102 0.0975 0.0975
0.1035 0.1015 0.1015 0.1045 0.1045 0.1045 0.1015 0.1015 0.108 0.108 0.1065 0.1065 0.11 0.11 0.11 0.108 0.108 0.114 0.114 0.11 0.11 0.11 0.109 0.109 0.105 0.105 0.113 0.113 0.113 0.111 0.111 0.1075 0.1075 0.1075 0.1075 0.1075 0.1095 0.1095 0.108 0.108 0.108 0.108 0.108 0.1095 0.1095 0.1075 0.1075 0.113 0.113 0.116 0.116 0.116 0.1075 0.1075 0.1125 0.1125 0.1115 0.1115 0.1115 0.111 0.111 0.1105 0.1105 0.1065 0.1065 0.1065 0.1065 0.1065 0.1015 0.1015 0.099 0.099 0.099 0.099 0.099 0.0995 0.0995
0.1035 0.1015 0.1015 0.1045 0.1045 0.1045 0.1015 0.1015 0.108 0.108 0.1065 0.1065 0.11 0.11 0.11 0.108 0.108 0.114 0.114 0.11 0.11 0.11 0.109 0.109 0.105 0.105 0.113 0.113 0.113 0.111 0.111 0.1075 0.1075 0.1075 0.1075 0.1075 0.1095 0.1095 0.108 0.108 0.108 0.108 0.108 0.1095 0.1095 0.1075 0.1075 0.113 0.113 0.116 0.116 0.116 0.1075 0.1075 0.1125 0.1125 0.1115 0.1115 0.1115 0.111 0.111 0.1105 0.1105 0.1065 0.1065 0.1065 0.1065 0.1065 0.1015 0.1015 0.099 0.099 0.099 0.099 0.099 0.0995 0.0995
0.109 0.106 0.106 0.101 0.101 0.101 0.0995 0.0995 0.107 0.107 0.107 0.107 0.11 0.11 0.11 0.1105 0.1105 0.109 0.109 0.112 0.112 0.112 0.1125 0.1125 0.114 0.114 0.106 0.106 0.106 0.11 0.11 0.1095 0.1095 0.1075 0.1075 0.1075 0.1035 0.1035 0.0985 0.0985 0.103 0.103 0.103 0.1055 0.1055 0.109 0.109 0.11 0.11 0.12 0.12 0.12 0.115 0.115 0.115 0.115 0.116 0.116 0.116 0.118 0.118 0.1125 0.1125 0.1045 0.1045 0.1045 0.107 0.107 0.1035 0.1035 0.101 0.101 0.101 0.0985 0.0985 0.102 0.102
0.109 0.106 0.106 0.101 0.101 0.101 0.0995 0.0995 0.107 0.107 0.107 0.107 0.11 0.11 0.11 0.1105 0.1105 0.109 0.109 0.112 0.112 0.112 0.1125 0.1125 0.114 0.114 0.106 0.106 0.106 0.11 0.11 0.1095 0.1095 0.1075 0.1075 0.1075 0.1035 0.1035 0.0985 0.0985 0.103 0.103 0.103 0.1055 0.1055 0.109 0.109 0.11 0.11 0.12 0.12 0.12 0.115 0.115 0.115 0.115 0.116 0.116 0.116 0.118 0.118 0.1125 0.1125 0.1045 0.1045 0.1045 0.107 0.107 0.1035 0.1035 0.101 0.101 0.101 0.0985 0.0985 0.102 0.102
0.1055 0.1065 0.1065 0.105 0.105 0.105 0.105 0.105 0.11 0.11 0.112 0.112 0.11 0.11 0.11 0.1115 0.1115 0.115 0.115 0.1075 0.1075 0.1075 0.106 0.106 0.11 0.11 0.109 0.109 0.109 0.1035 0.1035 0.1065 0.1065 0.108 0.108 0.108 0.0995 0.0995 0.0995 0.0995 0.1005 0.1005 0.1005 0.1 0.1 0.1115 0.1115 0.1155 0.1155 0.1105 0.1105 0.1105 0.111 0.111 0.115 0.115 0.12 0.12 0.12 0.1055 0.1055 0.1035 0.1035 0.097 0.097 0.097 0.09 0.09 0.0955 0.0955 0.0935 0.0935 0.0935 0.0935 0.0935 0.103 0.103
0.1055 0.1065 0.1065 0.105 0.105 0.105 0.105 0.105 0.11 0.11 0.112 0.112 0.11 0.11 0.11 0.1115 0.1115 0.115 0.115 0.1075 0.1075 0.1075 0.106 0.106 0.11 0.11 0.109 0.109 0.109 0.1035 0.1035 0.1065 0.1065 0.108 0.108 0.108 0.0995 0.0995 0.0995 0.0995 0.1005 0.1005 0.1005 0.1 0.1 0.1115 0.1115 0.1155 0.1155 0.1105 0.1105 0.1105 0.111 0.111 0.115 0.115 0.12 0.12 0.12 0.1055 0.1055 0.1035 0.1035 0.097 0.097 0.097 0.09 0.09 0.0955 0.0955 0.0935 0.0935 0.0935 0.0935 0.0935 0.103 0.103
0.1055 0.1065 0.1065 0.105 0.105 0.105 0.105 0.105 0.11 0.11 0.112 0.112 0.11 0.11 0.11 0.1115 0.1115 0.115 0.115 0.1075 0.1075 0.1075 0.106 0.106 0.11 0.11 0.109 0.109 0.109 0.1035 0.1035 0.1065 0.1065 0.108 0.108 0.108 0.0995 0.0995 0.0995 0.0995 0.1005 0.1005 0.1005 0.1 0.1 0.1115 0.1115 0.1155 0.1155 0.1105 0.1105 0.1105 0.111 0.111 0.115 0.115 0.12 0.12 0.12 0.1055 0.1055 0.1035 0.1035 0.097 0.097 0.097 0.09 0.09 0.0955 0.0955 0.0935 0.0935 0.0935 0.0935 0.0935 0.103 0.103
0.109 0.1065 0.1065 0.1085 0.1085 0.1085 0.1115 0.1115 0.1145 0.1145 0.103 0.103 0.114 0.114 0.114 0.1175 0.1175 0.1125 0.1125 0.1155 0.1155 0.1155 0.1045 0.1045 0.108 0.108 0.104 0.104 0.104 0.105 0.105 0.112 0.112 0.105 0.105 0.105 0.1015 0.1015 0.1005 0.1005 0.1 0.1 0.1 0.1135 0.1135 0.1135 0.1135 0.1105 0.1105 0.096 0.096 0.096 0.0995 0.0995 0.113 0.113 0.112 0.112 0.112 0.105 0.105 0.099 0.099 0.09 0.09 0.09 0.0925 0.0925 0.0925 0.0925 0.0975 0.0975 0.0975 0.09649999 0.09649999 0.1 0.1
0.109 0.1065 0.1065 0.1085 0.1085 0.1085 0.1115 0.1115 0.1145 0.1145 0.103 0.103 0.114 0.114 0.114 0.1175 0.1175 0.1125 0.1125 0.1155 0.1155 0.1155 0.1045 0.1045 0.108 0.108 0.104 0.104 0.104 0.105 0.105 0.112 0.112 0.105 0.105 0.105 0.1015 0.1015 0.1005 0.1005 0.1 0.1 0.1 0.1135 0.1135 0.1135 0.1135 0.1105 0.1105 0.096 0.096 0.096 0.0995 0.0995 0.113 0.113 0.112 0.112 0.112 0.105 0.105 0.099 0.099 0.09 0.09 0.09 0.0925 0.0925 0.0925 0.0925 0.0975 0.0975 0.0975 0.09649999 0.09649999 0.1 0.1
0.11 0.108 0.108 0.107 0.107 0.107 0.1115 0.1115 0.1085 0.1085 0.1085 0.1085 0.112 0.112 0.112 0.1165 0.1165 0.1125 0.1125 0.1195 0.1195 0.1195 0.1135 0.1135 0.107 0.107 0.1075 0.1075 0.1075 0.103 0.103 0.1015 0.1015 0.1025 0.1025 0.1025 0.102 0.102 0.0955 0.0955 0.099 0.099 0.099 0.0915 0.0915 0.0835 0.0835 0.0765 0.0765 0.0845 0.0845 0.0845 0.0925 0.0925 0.099 0.099 0.099 0.099 0.099 0.0965 0.0965 0.0975 0.0975 0.0935 0.0935 0.0935 0.096 0.096 0.097 0.097 0.09999999 0.09999999 0.09999999 0.1 0.1 0.102 0.102
0.11 0.108 0.108 0.107 0.107 0.107 0.1115 0.1115 0.1085 0.1085 0.1085 0.1085 0.112 0.112 0.112 0.1165 0.1165 0.1125 0.1125 0.1195 0.1195 0.1195 0.1135 0.1135 0.107 0.107 0.1075 0.1075 0.1075 0.103 0.103 0.1015 0.1015 0.1025 0.1025 0.1025 0.102 0.102 0.0955 0.0955 0.099 0.099 0.099 0.0915 0.0915 0.0835 0.0835 0.0765 0.0765 0.0845 0.0845 0.0845 0.0925 0.0925 0.099 0.099 0.099 0.099 0.099 0.0965 0.0965 0.0975 0.0975 0.0935 0.0935 0.0935 0.096 0.096 0.097 0.097 0.09999999 0.09999999 0.09999999 0.1 0.1 0.102 0.102
0.121 0.141 0.141 0.1355 0.1355 0.1355 0.1035 0.1035 0.094 0.094 0.096 0.096 0.0985 0.0985 0.0985 0.09900001 0.09900001 0.103 0.103 0.1155 0.1155 0.1155 0.0985 0.0985 0.1015 0.1015 0.0865 0.0865 0.0865 0.078 0.078 0.086 0.086 0.0845 0.0845 0.0845 0.09100001 0.09100001 0.0985 0.0985 0.1 0.1 0.1 0.098 0.098 0.1005 0.1005 0.1065 0.1065 0.101 0.101 0.101 0.103 0.103 0.0995 0.0995 0.1025 0.1025 0.1025 0.105 0.105 0.1085 0.1085 0.0965 0.0965 0.0965 0.0995 0.0995 0.1045 0.1045 0.103 0.103 0.103 0.1045 0.1045 0.105 0.105
0.121 0.141 0.141 0.1355 0.1355 0.1355 0.1035 0.1035 0.094 0.094 0.096 0.096 0.0985 0.0985 0.0985 0.09900001 0.09900001 0.103 0.103 0.1155 0.1155 0.1155 0.0985 0.0985 0.1015 0.1015 0.0865 0.0865 0.0865 0.078 0.078 0.086 0.086 0.0845 0.0845 0.0845 0.09100001 0.09100001 0.0985 0.0985 0.1 0.1 0.1 0.098 0.098 0.1005 0.1005 0.1065 0.1065 0.101 0.101 0.101 0.103 0.103 0.0995 0.0995 0.1025 0.1025 0.1025 0.105 0.105 0.1085 0.1085 0.0965 0.0965 0.0965 0.0995 0.0995 0.1045 0.1045 0.103 0.103 0.103 0.1045 0.1045 0.105 0.105
0.121 0.141 0.141 0.1355 0.1355 0.1355 0.1035 0.1035 0.094 0.094 0.096 0.096 0.0985 0.0985 0.0985 0.09900001 0.09900001 0.103 0.103 0.1155 0.1155 0.1155 0.0985 0.0985 0.1015 0.1015 0.0865 0.0865 0.0865 0.078 0.078 0.086 0.086 0.0845 0.0845 0.0845 0.09100001 0.09100001 0.0985 0.0985 0.1 0.1 0.1 0.098 0.098 0.1005 0.1005 0.1065 0.1065 0.101 0.101 0.101 0.103 0.103 0.0995 0.0995 0.1025 0.1025 0.1025 0.105 0.105 0.1085 0.1085 0.0965 0.0965 0.0965 0.0995 0.0995 0.1045 0.1045 0.103 0.103 0.103 0.1045 0.1045 0.105 0.105
0.1165 0.1355 0.1355 0.132 0.132 0.132 0.108 0.108 0.0975 0.0975 0.099 0.099 0.097 0.097 0.097 0.106 0.106 0.101 0.101 0.105 0.105 0.105 0.107 0.107 0.09299999 0.09299999 0.093 0.093 0.093 0.0935 0.0935 0.08 0.08 0.0955 0.0955 0.0955 0.1045 0.1045 0.109 0.109 0.107 0.107 0.107 0.106 0.106 0.111 0.111 0.108 0.108 0.1065 0.1065 0.1065 0.101 0.101 0.1045 0.1045 0.107 0.107 0.107 0.1045 0.1045 0.104 0.104 0.1095 0.1095 0.1095 0.109 0.109 0.106 0.106 0.106 0.106 0.106 0.1065 0.1065 0.099 0.099
0.1165 0.1355 0.1355 0.132 0.132 0.132 0.108 0.108 0.0975 0.0975 0.099 0.099 0.097 0.097 0.097 0.106 0.106 0.101 0.101 0.105 0.105 0.105 0.107 0.107 0.09299999 0.09299999 0.093 0.093 0.093 0.0935 0.0935 0.08 0.08 0.0955 0.0955 0.0955 0.1045 0.1045 0.109 0.109 0.107 0.107 0.107 0.106 0.106 0.111 0.111 0.108 0.108 0.1065 0.1065 0.1065 0.101 0.101 0.1045 0.1045 0.107 0.107 0.107 0.1045 0.1045 0.104 0.104 0.1095 0.1095 0.1095 0.109 0.109 0.106 0.106 0.106 0.106 0.106 0.1065 0.1065 0.099 0.099
0.1165 0.125 0.125 0.135 0.135 0.135 0.1235 0.1235 0.1015 0.1015 0.0995 0.0995 0.116 0.116 0.116 0.103 0.103 0.108 0.108 0.121 0.121 0.121 0.121 0.121 0.119 0.119 0.119 0.119 0.119 0.1175 0.1175 0.117 0.117 0.1245 0.1245 0.1245 0.1155 0.1155 0.1095 0.1095 0.111 0.111 0.111 0.1115 0.1115 0.113 0.113 0.1135 0.1135 0.109 0.109 0.109 0.102 0.102 0.1045 0.1045 0.1025 0.1025 0.1025 0.1045 0.1045 0.1075 0.1075 0.1135 0.1135 0.1135 0.1135 0.1135 0.109 0.109 0.1075 0.1075 0.1075 0.109 0.109 0.09649999 0.09649999
0.1165 0.125 0.125 0.135 0.135 0.135 0.1235 0.1235 0.1015 0.1015 0.0995 0.0995 0.116 0.116 0.116 0.103 0.103 0.108 0.108 0.121 0.121 0.121 0.121 0.121 0.119 0.119 0.119 0.119 0.119 0.1175 0.1175 0.117 0.117 0.1245 0.1245 0.1245 0.1155 0.1155 0.1095 0.1095 0.111 0.111 0.111 0.1115 0.1115 0.113 0.113 0.1135 0.1135 0.109 0.109 0.109 0.102 0.102 0.1045 0.1045 0.1025 0.1025 0.1025 0.1045 0.1045 0.1075 0.1075 0.1135 0.1135 0.1135 0.1135 0.1135 0.109 0.109 0.1075 0.1075 0.1075 0.109 0.109 0.09649999 0.09649999
0.124 0.1185 0.1185 0.127 0.127 0.127 0.165 0.165 0.137 0.137 0.127 0.127 0.1185 0.1185 0.1185 0.1235 0.1235 0.127 0.127 0.1345 0.1345 0.1345 0.124 0.124 0.127 0.127 0.115 0.115 0.115 0.1105 0.1105 0.121 0.121 0.119 0.119 0.119 0.114 0.114 0.112 0.112 0.111 0.111 0.111 0.1095 0.1095 0.1105 0.1105 0.112 0.112 0.11 0.11 0.11 0.1065 0.1065 0.1065 0.1065 0.1105 0.1105 0.1105 0.1045 0.1045 0.109 0.109 0.1125 0.1125 0.1125 0.113 0.113 0.1065 0.1065 0.107 0.107 0.107 0.109 0.109 0.1135 0.1135
0.124 0.1185 0.1185 0.127 0.127 0.127 0.165 0.165 0.137 0.137 0.127 0.127 0.1185 0.1185 0.1185 0.1235 0.1235 0.127 0.127 0.1345 0.1345 0.1345 0.124 0.124 0.127 0.127 0.115 0.115 0.115 0.1105 0.1105 0.121 0.121 0.119 0.119 0.119 0.114 0.114 0.112 0.112 0.111 0.111 0.111 0.1095 0.1095 0.1105 0.1105 0.112 0.112 0.11 0.11 0.11 0.1065 0.1065 0.1065 0.1065 0.1105 0.1105 0.1105 0.1045 0.1045 0.109 0.109 0.1125 0.1125 0.1125 0.113 0.113 0.1065 0.1065 0.107 0.107 0.107 0.109 0.109 0.1135 0.1135
0.124 0.1185 0.1185 0.127 0.127 0.127 0.165 0.165 0.137 0.137 0.127 0.127 0.1185 0.1185 0.1185 0.1235 0.1235 0.127 0.127 0.1345 0.1345 0.1345 0.124 0.124 0.127 0.127 0.115 0.115 0.115 0.1105 0.1105 0.121 0.121 0.119 0.119 0.119 0.114 0.114 0.112 0.112 0.111 0.111 0.111 0.1095 0.1095 0.1105 0.1105 0.112 0.112 0.11 0.11 0.11 0.1065 0.1065 0.1065 0.1065 0.1105 0.1105 0.1105 0.1045 0.1045 0.109 0.109 0.1125 0.1125 0.1125 0.113 0.113 0.1065 0.1065 0.107 0.107 0.107 0.109 0.109 0.1135 0.1135
0.107 0.118 0.118 0.144 0.144 0.144 0.1735 0.1735 0.162 0.162 0.133 0.133 0.125 0.125 0.125 0.1315 0.1315 0.1205 0.1205 0.1325 0.1325 0.1325 0.128 0.128 0.128 0.128 0.1195 0.1195 0.1195 0.1225 0.1225 0.1155 0.1155 0.1135 0.1135 0.1135 0.112 0.112 0.1105 0.1105 0.1095 0.1095 0.1095 0.1125 0.1125 0.116 0.116 0.1175 0.1175 0.119 0.119 0.119 0.1155 0.1155 0.111 0.111 0.107 0.107 0.107 0.106 0.106 0.113 0.113 0.112 0.112 0.112 0.113 0.113 0.1205 0.1205 0.118 0.118 0.118 0.115 0.115 0.113 0.113
0.107 0.118 0.118 0.144 0.144 0.144 0.1735 0.1735 0.162 0.162 0.133 0.133 0.125 0.125 0.125 0.1315 0.1315 0.1205 0.1205 0.1325 0.1325 0.1325 0.128 0.128 0.128 0.128 0.1195 0.1195 0.1195 0.1225 0.1225 0.1155 0.1155 0.1135 0.1135 0.1135 0.112 0.112 0.1105 0.1105 0.1095 0.1095 0.1095 0.1125 0.1125 0.116 0.116 0.1175 0.1175 0.119 0.119 0.119 0.1155 0.1155 0.111 0.111 0.107 0.107 0.107 0.106 0.106 0.113 0.113 0.112 0.112 0.112 0.113 0.113 0.1205 0.1205 0.118 0.118 0.118 0.115 0.115 0.113 0.113
0.119 0.11 0.11 0.118 0.118 0.118 0.139 0.139 0.1415 0.1415 0.119 0.119 0.112 0.112 0.112 0.1165 0.1165 0.113 0.113 0.128 0.128 0.128 0.12 0.12 0.12 0.12 0.124 0.124 0.124 0.1255 0.1255 0.117 0.117 0.1185 0.1185 0.1185 0.1155 0.1155 0.112 0.112 0.115 0.115 0.115 0.121 0.121 0.1145 0.1145 0.122 0.122 0.1225 0.1225 0.1225 0.1215 0.1215 0.116 0.116 0.1165 0.1165 0.1165 0.116 0.116 0.1255 0.1255 0.1175 0.1175 0.1175 0.1255 0.1255 0.126 0.126 0.1235 0.1235 0.1235 0.114 0.114 0.111 0.111
0.119 0.11 0.11 0.118 0.118 0.118 0.139 0.139 0.1415 0.1415 0.119 0.119 0.112 0.112 0.112 0.1165 0.1165 0.113 0.113 0.128 0.128 0.128 0.12 0.12 0.12 0.12 0.124 0.124 0.124 0.1255 0.1255 0.117 0.117 0.1185 0.1185 0.1185 0.1155 0.1155 0.112 0.112 0.115 0.115 0.115 0.121 0.121 0.1145 0.1145 0.122 0.122 0.1225 0.1225 0.1225 0.1215 0.1215 0.116 0.116 0.1165 0.1165 0.1165 0.116 0.116 0.1255 0.1255 0.1175 0.1175 0.1175 0.1255 0.1255 0.126 0.126 0.1235 0.1235 0.1235 0.114 0.114 0.111 0.111
0.131 0.127 0.127 0.124 0.124 0.124 0.122 0.122 0.125 0.125 0.104 0.104 0.1055 0.1055 0.1055 0.1075 0.1075 0.101 0.101 0.103 0.103 0.103 0.1055 0.1055 0.1235 0.1235 0.1195 0.1195 0.1195 0.1265 0.1265 0.1275 0.1275 0.117 0.117 0.117 0.1205 0.1205 0.1215 0.1215 0.126 0.126 0.126 0.1305 0.1305 0.1275 0.1275 0.134 0.134 0.137 0.137 0.137 0.133 0.133 0.1235 0.1235 0.128 0.128 0.128 0.127 0.127 0.1235 0.1235 0.128 0.128 0.128 0.131 0.131 0.124 0.124 0.118 0.118 0.118 0.1175 0.1175 0.113 0.113
0.131 0.127 0.127 0.124 0.124 0.124 0.122 0.122 0.125 0.125 0.104 0.104 0.1055 0.1055 0.1055 0.1075 0.1075 0.101 0.101 0.103 0.103 0.103 0.1055 0.1055 0.1235 0.1235 0.1195 0.1195 0.1195 0.1265 0.1265 0.1275 0.1275 0.117 0.117 0.117 0.1205 0.1205 0.1215 0.1215 0.126 0.126 0.126 0.1305 0.1305 0.1275 0.1275 0.134 0.134 0.137 0.137 0.137 0.133 0.133 0.1235 0.1235 0.128 0.128 0.128 0.127 0.127 0.1235 0.1235 0.128 0.128 0.128 0.131 0.131 0.124 0.124 0.118 0.118 0.118 0.1175 0.1175 0.113 0.113
