ndvi/NOAA-298.asc
ncols         252
nrows         154
xllcorner     -18.017974
yllcorner     13.481982
cellsize      0.035948
NODATA_value  -9999
[rows 102 to 135 of 154, columns 0 to 76 of 252]
-1 -1 -1 -1 -1 -1 -1 -1 -1 -1 -1 -1 -1 -1 -1 -1 -1 -1 -1 -1 -1 -1 -1 -1 -1 0.0097 0.0097 0.0097 0.199 0.199 0.3995 0.3995 0.429 0.429 0.429 0.4115 0.4115 0.42 0.42 0.389 0.389 0.389 0.403 0.403 0.3915 0.3915 0.3905 0.3905 0.3905 0.411 0.411 0.4305 0.4305 0.468 0.468 0.4235 0.4235 0.4235 0.464 0.464 0.4185 0.4185 0.4185 0.4185 0.4185 0.4 0.4 0.374 0.374 0.399 0.399 0.399 0.2915 0.2915 0.33 0.33 0.259
-1 -1 -1 -1 -1 -1 -1 -1 -1 -1 -1 -1 -1 -1 -1 -1 -1 -1 -1 -1 -1 -1 -1 0.0307 0.0307 0.2365 0.2365 0.2365 0.408 0.408 0.4665 0.4665 0.4365 0.4365 0.4365 0.4555 0.4555 0.445 0.445 0.486 0.486 0.486 0.4555 0.4555 0.4685 0.4685 0.462 0.462 0.462 0.4455 0.4455 0.3955 0.3955 0.4615 0.4615 0.4635 0.4635 0.4635 0.4665 0.4665 0.4615 0.4615 0.4615 0.4615 0.4615 0.409 0.409 0.3866 0.3866 0.3505 0.3505 0.3505 0.3465 0.3465 0.3875 0.3875 0.4135
-1 -1 -1 -1 -1 -1 -1 -1 -1 -1 -1 -1 -1 -1 -1 -1 -1 -1 -1 -1 -1 -1 -1 0.0307 0.0307 0.2365 0.2365 0.2365 0.408 0.408 0.4665 0.4665 0.4365 0.4365 0.4365 0.4555 0.4555 0.445 0.445 0.486 0.486 0.486 0.4555 0.4555 0.4685 0.4685 0.462 0.462 0.462 0.4455 0.4455 0.3955 0.3955 0.4615 0.4615 0.4635 0.4635 0.4635 0.4665 0.4665 0.4615 0.4615 0.4615 0.4615 0.4615 0.409 0.409 0.3866 0.3866 0.3505 0.3505 0.3505 0.3465 0.3465 0.3875 0.3875 0.4135
-1 -1 -1 -1 -1 -1 -1 -1 -1 -1 -1 -1 -1 -1 -1 -1 -1 -1 -1 -1 -1 -1 -1 0.0307 0.0307 0.2365 0.2365 0.2365 0.408 0.408 0.4665 0.4665 0.4365 0.4365 0.4365 0.4555 0.4555 0.445 0.445 0.486 0.486 0.486 0.4555 0.4555 0.4685 0.4685 0.462 0.462 0.462 0.4455 0.4455 0.3955 0.3955 0.4615 0.4615 0.4635 0.4635 0.4635 0.4665 0.4665 0.4615 0.4615 0.4615 0.4615 0.4615 0.409 0.409 0.3866 0.3866 0.3505 0.3505 0.3505 0.3465 0.3465 0.3875 0.3875 0.4135
-1 -1 -1 -1 -1 -1 -1 -1 -1 -1 -1 -1 -1 -1 -1 -1 -1 -1 -1 -1 -1 0.0282 0.0282 0.2385 0.2385 0.4195 0.4195 0.4195 0.408 0.408 0.436 0.436 0.3985 0.3985 0.3985 0.4765 0.4765 0.477 0.477 0.491 0.491 0.491 0.545 0.545 0.434 0.434 0.4505 0.4505 0.4505 0.401 0.401 0.386 0.386 0.4615 0.4615 0.49 0.49 0.49 0.4225 0.4225 0.418 0.418 0.418 0.418 0.418 0.424 0.424 0.3915 0.3915 0.3705 0.3705 0.3705 0.357 0.357 0.38 0.38 0.4025
-1 -1 -1 -1 -1 -1 -1 -1 -1 -1 -1 -1 -1 -1 -1 -1 -1 -1 -1 -1 -1 0.0282 0.0282 0.2385 0.2385 0.4195 0.4195 0.4195 0.408 0.408 0.436 0.436 0.3985 0.3985 0.3985 0.4765 0.4765 0.477 0.477 0.491 0.491 0.491 0.545 0.545 0.434 0.434 0.4505 0.4505 0.4505 0.401 0.401 0.386 0.386 0.4615 0.4615 0.49 0.49 0.49 0.4225 0.4225 0.418 0.418 0.418 0.418 0.418 0.424 0.424 0.3915 0.3915 0.3705 0.3705 0.3705 0.357 0.357 0.38 0.38 0.4025
-1 -1 -1 -1 -1 -1 -1 -1 -1 -1 -1 -1 -1 -1 -1 -1 -1 -1 -1 -1 -1 0.212 0.212 0.4435 0.4435 0.4335 0.4335 0.4335 0.3615 0.3615 0.3565 0.3565 0.4215 0.4215 0.4215 0.5145 0.5145 0.5045 0.5045 0.512 0.512 0.512 0.5305 0.5305 0.536 0.536 0.465 0.465 0.465 0.434 0.434 0.45 0.45 0.4735 0.4735 0.4735 0.4735 0.4735 0.4155 0.4155 0.372 0.372 0.372 0.372 0.372 0.467 0.467 0.4275 0.4275 0.4125 0.4125 0.4125 0.4495 0.4495 0.4185 0.4185 0.387
-1 -1 -1 -1 -1 -1 -1 -1 -1 -1 -1 -1 -1 -1 -1 -1 -1 -1 -1 -1 -1 0.212 0.212 0.4435 0.4435 0.4335 0.4335 0.4335 0.3615 0.3615 0.3565 0.3565 0.4215 0.4215 0.4215 0.5145 0.5145 0.5045 0.5045 0.512 0.512 0.512 0.5305 0.5305 0.536 0.536 0.465 0.465 0.465 0.434 0.434 0.45 0.45 0.4735 0.4735 0.4735 0.4735 0.4735 0.4155 0.4155 0.372 0.372 0.372 0.372 0.372 0.467 0.467 0.4275 0.4275 0.4125 0.4125 0.4125 0.4495 0.4495 0.4185 0.4185 0.387
-1 -1 -1 -1 -1 -1 -1 -1 -1 -1 -1 -1 -1 -1 -1 -1 -1 -1 0.1497 0.1497 0.1497 0.454 0.454 0.5225 0.5225 0.4875 0.4875 0.4875 0.4395 0.4395 0.4285 0.4285 0.451 0.451 0.451 0.506 0.506 0.5405 0.5405 0.5585001 0.5585001 0.5585001 0.5615 0.5615 0.5385 0.5385 0.4775 0.4775 0.4775 0.5155 0.5155 0.458 0.458 0.4605 0.4605 0.4685 0.4685 0.4685 0.412 0.412 0.4525 0.4525 0.4525 0.4525 0.4525 0.462 0.462 0.4965 0.4965 0.498 0.498 0.498 0.4665 0.4665 0.444 0.444 0.432
-1 -1 -1 -1 -1 -1 -1 -1 -1 -1 -1 -1 -1 -1 -1 -1 -1 -1 0.1497 0.1497 0.1497 0.454 0.454 0.5225 0.5225 0.4875 0.4875 0.4875 0.4395 0.4395 0.4285 0.4285 0.451 0.451 0.451 0.506 0.506 0.5405 0.5405 0.5585001 0.5585001 0.5585001 0.5615 0.5615 0.5385 0.5385 0.4775 0.4775 0.4775 0.5155 0.5155 0.458 0.458 0.4605 0.4605 0.4685 0.4685 0.4685 0.412 0.412 0.4525 0.4525 0.4525 0.4525 0.4525 0.462 0.462 0.4965 0.4965 0.498 0.498 0.498 0.4665 0.4665 0.444 0.444 0.432
-1 -1 -1 -1 -1 -1 -1 -1 -1 -1 -1 -1 -1 -1 -1 -1 -1 -1 0.1497 0.1497 0.1497 0.454 0.454 0.5225 0.5225 0.4875 0.4875 0.4875 0.4395 0.4395 0.4285 0.4285 0.451 0.451 0.451 0.506 0.506 0.5405 0.5405 0.5585001 0.5585001 0.5585001 0.5615 0.5615 0.5385 0.5385 0.4775 0.4775 0.4775 0.5155 0.5155 0.458 0.458 0.4605 0.4605 0.4685 0.4685 0.4685 0.412 0.412 0.4525 0.4525 0.4525 0.4525 0.4525 0.462 0.462 0.4965 0.4965 0.498 0.498 0.498 0.4665 0.4665 0.444 0.444 0.432
-1 -1 -1 -1 -1 -1 -1 -1 -1 -1 -1 -1 -1 -1 -1 -1 0.2442 0.2442 0.5585 0.5585 0.5585 0.563 0.563 0.5175 0.5175 0.507 0.507 0.507 0.4465 0.4465 0.455 0.455 0.4415 0.4415 0.4415 0.46 0.46 0.546 0.546 0.5375 0.5375 0.5375 0.5375 0.5375 0.531 0.531 0.494 0.494 0.494 0.498 0.498 0.4695 0.4695 0.506 0.506 0.4655 0.4655 0.4655 0.467 0.467 0.472 0.472 0.472 0.472 0.472 0.478 0.478 0.4685 0.4685 0.449 0.449 0.449 0.437 0.437 0.457 0.457 0.482
-1 -1 -1 -1 -1 -1 -1 -1 -1 -1 -1 -1 -1 -1 -1 -1 0.2442 0.2442 0.5585 0.5585 0.5585 0.563 0.563 0.5175 0.5175 0.507 0.507 0.507 0.4465 0.4465 0.455 0.455 0.4415 0.4415 0.4415 0.46 0.46 0.546 0.546 0.5375 0.5375 0.5375 0.5375 0.5375 0.531 0.531 0.494 0.494 0.494 0.498 0.498 0.4695 0.4695 0.506 0.506 0.4655 0.4655 0.4655 0.467 0.467 0.472 0.472 0.472 0.472 0.472 0.478 0.478 0.4685 0.4685 0.449 0.449 0.449 0.437 0.437 0.457 0.457 0.482
-1 -1 -1 -1 -1 -1 -1 -1 -1 -1 -1 -1 0.1812 0.1812 0.1805 0.1805 0.2565 0.2565 0.5455 0.5455 0.5455 0.5495 0.5495 0.59 0.59 0.519 0.519 0.519 0.5415 0.5415 0.5065 0.5065 0.4965 0.4965 0.4965 0.4925 0.4925 0.507 0.507 0.483 0.483 0.483 0.4945 0.4945 0.488 0.488 0.487 0.487 0.487 0.492 0.492 0.476 0.476 0.484 0.484 0.4835 0.4835 0.4835 0.4865 0.4865 0.4815 0.4815 0.4815 0.4815 0.4815 0.499 0.499 0.505 0.505 0.453 0.453 0.453 0.4515 0.4515 0.47 0.47 0.4925
-1 -1 -1 -1 -1 -1 -1 -1 -1 -1 -1 -1 0.1812 0.1812 0.1805 0.1805 0.2565 0.2565 0.5455 0.5455 0.5455 0.5495 0.5495 0.59 0.59 0.519 0.519 0.519 0.5415 0.5415 0.5065 0.5065 0.4965 0.4965 0.4965 0.4925 0.4925 0.507 0.507 0.483 0.483 0.483 0.4945 0.4945 0.488 0.488 0.487 0.487 0.487 0.492 0.492 0.476 0.476 0.484 0.484 0.4835 0.4835 0.4835 0.4865 0.4865 0.4815 0.4815 0.4815 0.4815 0.4815 0.499 0.499 0.505 0.505 0.453 0.453 0.453 0.4515 0.4515 0.47 0.47 0.4925
-1 -1 -1 -1 -1 -1 -1 -1 -1 0.1372 0.1372 0.1372 0.1555 0.1555 0.1092 0.1092 0.0592 0.0592 0.2195 0.2195 0.2195 0.553 0.553 0.5685 0.5685 0.584 0.584 0.584 0.5555 0.5555 0.5305 0.5305 0.507 0.507 0.507 0.5115 0.5115 0.4955 0.4955 0.494 0.494 0.494 0.502 0.502 0.492 0.492 0.461 0.461 0.461 0.486 0.486 0.473 0.473 0.4895 0.4895 0.4825 0.4825 0.4825 0.484 0.484 0.5155 0.5155 0.5155 0.5155 0.5155 0.5275 0.5275 0.4665 0.4665 0.4765 0.4765 0.4765 0.462 0.462 0.4405 0.4405 0.5175
-1 -1 -1 -1 -1 -1 -1 -1 -1 0.1372 0.1372 0.1372 0.1555 0.1555 0.1092 0.1092 0.0592 0.0592 0.2195 0.2195 0.2195 0.553 0.553 0.5685 0.5685 0.584 0.584 0.584 0.5555 0.5555 0.5305 0.5305 0.507 0.507 0.507 0.5115 0.5115 0.4955 0.4955 0.494 0.494 0.494 0.502 0.502 0.492 0.492 0.461 0.461 0.461 0.486 0.486 0.473 0.473 0.4895 0.4895 0.4825 0.4825 0.4825 0.484 0.484 0.5155 0.5155 0.5155 0.5155 0.5155 0.5275 0.5275 0.4665 0.4665 0.4765 0.4765 0.4765 0.462 0.462 0.4405 0.4405 0.5175
-1 -1 -1 -1 -1 -1 -1 -1 -1 0.1372 0.1372 0.1372 0.1555 0.1555 0.1092 0.1092 0.0592 0.0592 0.2195 0.2195 0.2195 0.553 0.553 0.5685 0.5685 0.584 0.584 0.584 0.5555 0.5555 0.5305 0.5305 0.507 0.507 0.507 0.5115 0.5115 0.4955 0.4955 0.494 0.494 0.494 0.502 0.502 0.492 0.492 0.461 0.461 0.461 0.486 0.486 0.473 0.473 0.4895 0.4895 0.4825 0.4825 0.4825 0.484 0.484 0.5155 0.5155 0.5155 0.5155 0.5155 0.5275 0.5275 0.4665 0.4665 0.4765 0.4765 0.4765 0.462 0.462 0.4405 0.4405 0.5175
-1 -1 -1 -1 -1 -1 -1 -1 -1 -1 -1 -1 0.1067 0.1067 0.0532 0.0532 0.0427 0.0427 0.1262 0.1262 0.1262 0.5185 0.5185 0.5645 0.5645 0.5675 0.5675 0.5675 0.5465 0.5465 0.5385 0.5385 0.5205 0.5205 0.5205 0.501 0.501 0.477 0.477 0.474 0.474 0.474 0.497 0.497 0.4795 0.4795 0.464 0.464 0.464 0.4925 0.4925 0.492 0.492 0.44 0.44 0.449 0.449 0.449 0.471 0.471 0.5205 0.5205 0.5205 0.5205 0.5205 0.539 0.539 0.491 0.491 0.433 0.433 0.433 0.4535 0.4535 0.4765 0.4765 0.5085
-1 -1 -1 -1 -1 -1 -1 -1 -1 -1 -1 -1 0.1067 0.1067 0.0532 0.0532 0.0427 0.0427 0.1262 0.1262 0.1262 0.5185 0.5185 0.5645 0.5645 0.5675 0.5675 0.5675 0.5465 0.5465 0.5385 0.5385 0.5205 0.5205 0.5205 0.501 0.501 0.477 0.477 0.474 0.474 0.474 0.497 0.497 0.4795 0.4795 0.464 0.464 0.464 0.4925 0.4925 0.492 0.492 0.44 0.44 0.449 0.449 0.449 0.471 0.471 0.5205 0.5205 0.5205 0.5205 0.5205 0.539 0.539 0.491 0.491 0.433 0.433 0.433 0.4535 0.4535 0.4765 0.4765 0.5085
-1 -1 -1 -1 -1 -1 -1 -1 -1 -1 -1 -1 -1 -1 -1 -1 -1 -1 0.0407 0.0407 0.0407 0.382 0.382 0.5485 0.5485 0.5885 0.5885 0.5885 0.552 0.552 0.55 0.55 0.511 0.511 0.511 0.4835 0.4835 0.4875 0.4875 0.4965 0.4965 0.4965 0.4955 0.4955 0.4705 0.4705 0.453 0.453 0.453 0.456 0.456 0.44 0.44 0.462 0.462 0.449 0.449 0.449 0.4555 0.4555 0.4655 0.4655 0.4655 0.4655 0.4655 0.49 0.49 0.461 0.461 0.4625 0.4625 0.4625 0.511 0.511 0.4845 0.4845 0.4745
-1 -1 -1 -1 -1 -1 -1 -1 -1 -1 -1 -1 -1 -1 -1 -1 -1 -1 0.0407 0.0407 0.0407 0.382 0.382 0.5485 0.5485 0.5885 0.5885 0.5885 0.552 0.552 0.55 0.55 0.511 0.511 0.511 0.4835 0.4835 0.4875 0.4875 0.4965 0.4965 0.4965 0.4955 0.4955 0.4705 0.4705 0.453 0.453 0.453 0.456 0.456 0.44 0.44 0.462 0.462 0.449 0.449 0.449 0.4555 0.4555 0.4655 0.4655 0.4655 0.4655 0.4655 0.49 0.49 0.461 0.461 0.4625 0.4625 0.4625 0.511 0.511 0.4845 0.4845 0.4745
-1 -1 -1 -1 -1 -1 -1 -1 -1 -1 -1 -1 -1 -1 -1 -1 -1 -1 -1 -1 -1 0.0597 0.0597 0.406 0.406 0.592 0.592 0.592 0.5735 0.5735 0.5555 0.5555 0.5375 0.5375 0.5375 0.516 0.516 0.4975 0.4975 0.501 0.501 0.501 0.5005 0.5005 0.5065 0.5065 0.4805 0.4805 0.4805 0.4245 0.4245 0.457 0.457 0.4835 0.4835 0.5165 0.5165 0.5165 0.4985 0.4985 0.4735 0.4735 0.4735 0.4735 0.4735 0.432 0.432 0.478 0.478 0.503 0.503 0.503 0.5205 0.5205 0.496 0.496 0.5305
-1 -1 -1 -1 -1 -1 -1 -1 -1 -1 -1 -1 -1 -1 -1 -1 -1 -1 -1 -1 -1 0.0597 0.0597 0.406 0.406 0.592 0.592 0.592 0.5735 0.5735 0.5555 0.5555 0.5375 0.5375 0.5375 0.516 0.516 0.4975 0.4975 0.501 0.501 0.501 0.5005 0.5005 0.5065 0.5065 0.4805 0.4805 0.4805 0.4245 0.4245 0.457 0.457 0.4835 0.4835 0.5165 0.5165 0.5165 0.4985 0.4985 0.4735 0.4735 0.4735 0.4735 0.4735 0.432 0.432 0.478 0.478 0.503 0.503 0.503 0.5205 0.5205 0.496 0.496 0.5305
-1 -1 -1 -1 -1 -1 -1 -1 -1 -1 -1 -1 -1 -1 -1 -1 -1 -1 -1 -1 -1 0.0972 0.0972 0.2847 0.2847 0.506 0.506 0.506 0.583 0.583 0.61 0.61 0.5785 0.5785 0.5785 0.545 0.545 0.485 0.485 0.4405 0.4405 0.4405 0.462 0.462 0.519 0.519 0.5245 0.5245 0.5245 0.4935 0.4935 0.5045 0.5045 0.5205 0.5205 0.508 0.508 0.508 0.4715 0.4715 0.47 0.47 0.47 0.47 0.47 0.4895 0.4895 0.503 0.503 0.502 0.502 0.502 0.52 0.52 0.521 0.521 0.541
-1 -1 -1 -1 -1 -1 -1 -1 -1 -1 -1 -1 -1 -1 -1 -1 -1 -1 -1 -1 -1 0.0972 0.0972 0.2847 0.2847 0.506 0.506 0.506 0.583 0.583 0.61 0.61 0.5785 0.5785 0.5785 0.545 0.545 0.485 0.485 0.4405 0.4405 0.4405 0.462 0.462 0.519 0.519 0.5245 0.5245 0.5245 0.4935 0.4935 0.5045 0.5045 0.5205 0.5205 0.508 0.508 0.508 0.4715 0.4715 0.47 0.47 0.47 0.47 0.47 0.4895 0.4895 0.503 0.503 0.502 0.502 0.502 0.52 0.52 0.521 0.521 0.541
-1 -1 -1 -1 -1 -1 -1 -1 -1 -1 -1 -1 -1 -1 -1 -1 -1 -1 -1 -1 -1 0.0972 0.0972 0.2847 0.2847 0.506 0.506 0.506 0.583 0.583 0.61 0.61 0.5785 0.5785 0.5785 0.545 0.545 0.485 0.485 0.4405 0.4405 0.4405 0.462 0.462 0.519 0.519 0.5245 0.5245 0.5245 0.4935 0.4935 0.5045 0.5045 0.5205 0.5205 0.508 0.508 0.508 0.4715 0.4715 0.47 0.47 0.47 0.47 0.47 0.4895 0.4895 0.503 0.503 0.502 0.502 0.502 0.52 0.52 0.521 0.521 0.541
-1 -1 -1 -1 -1 -1 -1 -1 -1 -1 -1 -1 -1 -1 -1 -1 -1 -1 -1 -1 -1 -1 -1 0.0567 0.0567 0.267 0.267 0.267 0.601 0.601 0.6205 0.6205 0.585 0.585 0.585 0.5745 0.5745 0.229 0.229 0.267 0.267 0.267 0.3985 0.3985 0.4705 0.4705 0.525 0.525 0.525 0.5335 0.5335 0.483 0.483 0.5285 0.5285 0.5085 0.5085 0.5085 0.497 0.497 0.5215 0.5215 0.5215 0.5215 0.5215 0.5345 0.5345 0.5385 0.5385 0.5455 0.5455 0.5455 0.5285 0.5285 0.5205 0.5205 0.566
-1 -1 -1 -1 -1 -1 -1 -1 -1 -1 -1 -1 -1 -1 -1 -1 -1 -1 -1 -1 -1 -1 -1 0.0567 0.0567 0.267 0.267 0.267 0.601 0.601 0.6205 0.6205 0.585 0.585 0.585 0.5745 0.5745 0.229 0.229 0.267 0.267 0.267 0.3985 0.3985 0.4705 0.4705 0.525 0.525 0.525 0.5335 0.5335 0.483 0.483 0.5285 0.5285 0.5085 0.5085 0.5085 0.497 0.497 0.5215 0.5215 0.5215 0.5215 0.5215 0.5345 0.5345 0.5385 0.5385 0.5455 0.5455 0.5455 0.5285 0.5285 0.5205 0.5205 0.566
-1 -1 -1 -1 -1 -1 -1 -1 -1 -1 -1 -1 -1 -1 -1 -1 -1 -1 -1 -1 -1 -1 -1 -1 -1 0.2102 0.2102 0.2102 0.4475 0.4475 0.5765 0.5765 0.5255 0.5255 0.5255 0.3135 0.3135 0.1875 0.1875 0.135 0.135 0.135 0.3125 0.3125 0.466 0.466 0.5225 0.5225 0.5225 0.475 0.475 0.4965 0.4965 0.4575 0.4575 0.496 0.496 0.496 0.528 0.528 0.5105 0.5105 0.5105 0.5105 0.5105 0.5735 0.5735 0.554 0.554 0.5325 0.5325 0.5325 0.547 0.547 0.5319999 0.5319999 0.566
-1 -1 -1 -1 -1 -1 -1 -1 -1 -1 -1 -1 -1 -1 -1 -1 -1 -1 -1 -1 -1 -1 -1 -1 -1 0.2102 0.2102 0.2102 0.4475 0.4475 0.5765 0.5765 0.5255 0.5255 0.5255 0.3135 0.3135 0.1875 0.1875 0.135 0.135 0.135 0.3125 0.3125 0.466 0.466 0.5225 0.5225 0.5225 0.475 0.475 0.4965 0.4965 0.4575 0.4575 0.496 0.496 0.496 0.528 0.528 0.5105 0.5105 0.5105 0.5105 0.5105 0.5735 0.5735 0.554 0.554 0.5325 0.5325 0.5325 0.547 0.547 0.5319999 0.5319999 0.566
-1 -1 -1 -1 -1 -1 -1 -1 -1 -1 -1 -1 -1 -1 -1 -1 -1 -1 -1 -1 -1 -1 -1 -1 -1 0.0792 0.0792 0.0792 0.1745 0.1745 0.427 0.427 0.441 0.441 0.441 0.2235 0.2235 0.163 0.163 0.434 0.434 0.434 0.4375 0.4375 0.5585 0.5585 0.512 0.512 0.512 0.3085 0.3085 0.45 0.45 0.3985 0.3985 0.4826 0.4826 0.4826 0.5185 0.5185 0.5165 0.5165 0.5165 0.5165 0.5165 0.4995 0.4995 0.482 0.482 0.488 0.488 0.488 0.5215 0.5215 0.518 0.518 0.512
-1 -1 -1 -1 -1 -1 -1 -1 -1 -1 -1 -1 -1 -1 -1 -1 -1 -1 -1 -1 -1 -1 -1 -1 -1 0.0792 0.0792 0.0792 0.1745 0.1745 0.427 0.427 0.441 0.441 0.441 0.2235 0.2235 0.163 0.163 0.434 0.434 0.434 0.4375 0.4375 0.5585 0.5585 0.512 0.512 0.512 0.3085 0.3085 0.45 0.45 0.3985 0.3985 0.4826 0.4826 0.4826 0.5185 0.5185 0.5165 0.5165 0.5165 0.5165 0.5165 0.4995 0.4995 0.482 0.482 0.488 0.488 0.488 0.5215 0.5215 0.518 0.518 0.512
-1 -1 -1 -1 -1 -1 -1 -1 -1 -1 -1 -1 -1 -1 -1 -1 -1 -1 -1 -1 -1 -1 -1 -1 -1 0.0792 0.0792 0.0792 0.1745 0.1745 0.427 0.427 0.441 0.441 0.441 0.2235 0.2235 0.163 0.163 0.434 0.434 0.434 0.4375 0.4375 0.5585 0.5585 0.512 0.512 0.512 0.3085 0.3085 0.45 0.45 0.3985 0.3985 0.4826 0.4826 0.4826 0.5185 0.5185 0.5165 0.5165 0.5165 0.5165 0.5165 0.4995 0.4995 0.482 0.482 0.488 0.488 0.488 0.5215 0.5215 0.518 0.518 0.512
