ndvi/NOAA-257.asc
ncols         252
nrows         154
xllcorner     -18.017974
yllcorner     13.481982
cellsize      0.035948
NODATA_value  -9999
[rows 68 to 101 of 154, columns 0 to 77 of 252]
-1 -1 -1 -1 -1 -1 -1 -1 -1 -1 -1 -1 -1 -1 -1 -1 -1 -1 -1 -1 -1 -1 -1 -1 -1 -1 -1 -1 -1 -1 -1 -1 -1 -1 -1 -1 -1 -1 -1 0.172 0.172 0.172 0.2165 0.2165 0.306 0.306 0.309 0.309 0.309 0.318 0.318 0.289 0.289 0.341 0.341 0.3045 0.3045 0.3045 0.3045 0.3045 0.3585 0.3585 0.3585 0.3585 0.3585 0.2995 0.2995 0.292 0.292 0.2145 0.2145 0.2145 0.2115 0.2115 0.2215 0.2215 0.2065 0.2065
-1 -1 -1 -1 -1 -1 -1 -1 -1 -1 -1 -1 -1 -1 -1 -1 -1 -1 -1 -1 -1 -1 -1 -1 -1 -1 -1 -1 -1 -1 -1 -1 -1 -1 -1 -1 -1 -1 -1 0.241 0.241 0.241 0.2945 0.2945 0.325 0.325 0.2355 0.2355 0.2355 0.232 0.232 0.262 0.262 0.287 0.287 0.2335 0.2335 0.2335 0.3005 0.3005 0.3505 0.3505 0.3505 0.3505 0.3505 0.288 0.288 0.244 0.244 0.19 0.19 0.19 0.2015 0.2015 0.183 0.183 0.16 0.16
-1 -1 -1 -1 -1 -1 -1 -1 -1 -1 -1 -1 -1 -1 -1 -1 -1 -1 -1 -1 -1 -1 -1 -1 -1 -1 -1 -1 -1 -1 -1 -1 -1 -1 -1 -1 -1 -1 -1 0.241 0.241 0.241 0.2945 0.2945 0.325 0.325 0.2355 0.2355 0.2355 0.232 0.232 0.262 0.262 0.287 0.287 0.2335 0.2335 0.2335 0.3005 0.3005 0.3505 0.3505 0.3505 0.3505 0.3505 0.288 0.288 0.244 0.244 0.19 0.19 0.19 0.2015 0.2015 0.183 0.183 0.16 0.16
-1 -1 -1 -1 -1 -1 -1 -1 -1 -1 -1 -1 -1 -1 -1 -1 -1 -1 -1 -1 -1 -1 -1 -1 -1 -1 -1 -1 -1 -1 -1 -1 -1 -1 -1 -1 -1 0.044 0.044 0.167 0.167 0.167 0.3775 0.3775 0.3265 0.3265 0.233 0.233 0.233 0.247 0.247 0.2115 0.2115 0.231 0.231 0.26 0.26 0.26 0.2125 0.2125 0.2435 0.2435 0.2435 0.2435 0.2435 0.2025 0.2025 0.2195 0.2195 0.2165 0.2165 0.2165 0.1965 0.1965 0.1925 0.1925 0.175 0.175
-1 -1 -1 -1 -1 -1 -1 -1 -1 -1 -1 -1 -1 -1 -1 -1 -1 -1 -1 -1 -1 -1 -1 -1 -1 -1 -1 -1 -1 -1 -1 -1 -1 -1 -1 -1 -1 0.044 0.044 0.167 0.167 0.167 0.3775 0.3775 0.3265 0.3265 0.233 0.233 0.233 0.247 0.247 0.2115 0.2115 0.231 0.231 0.26 0.26 0.26 0.2125 0.2125 0.2435 0.2435 0.2435 0.2435 0.2435 0.2025 0.2025 0.2195 0.2195 0.2165 0.2165 0.2165 0.1965 0.1965 0.1925 0.1925 0.175 0.175
-1 -1 -1 -1 -1 -1 -1 -1 -1 -1 -1 -1 -1 -1 -1 -1 -1 -1 -1 -1 -1 -1 -1 -1 -1 -1 -1 -1 -1 -1 -1 -1 -1 -1 -1 -1 -1 0.044 0.044 0.167 0.167 0.167 0.3775 0.3775 0.3265 0.3265 0.233 0.233 0.233 0.247 0.247 0.2115 0.2115 0.231 0.231 0.26 0.26 0.26 0.2125 0.2125 0.2435 0.2435 0.2435 0.2435 0.2435 0.2025 0.2025 0.2195 0.2195 0.2165 0.2165 0.2165 0.1965 0.1965 0.1925 0.1925 0.175 0.175
-1 -1 -1 -1 -1 -1 -1 -1 -1 -1 -1 -1 -1 -1 -1 -1 -1 -1 -1 -1 -1 -1 -1 -1 -1 -1 -1 -1 -1 -1 -1 -1 -1 -1 -1 -1 -1 0.0405 0.0405 0.1655 0.1655 0.1655 0.2935 0.2935 0.3065 0.3065 0.2565 0.2565 0.2565 0.1895 0.1895 0.1615 0.1615 0.191 0.191 0.219 0.219 0.219 0.239 0.239 0.235 0.235 0.235 0.235 0.235 0.2085 0.2085 0.217 0.217 0.205 0.205 0.205 0.199 0.199 0.1925 0.1925 0.181 0.181
-1 -1 -1 -1 -1 -1 -1 -1 -1 -1 -1 -1 -1 -1 -1 -1 -1 -1 -1 -1 -1 -1 -1 -1 -1 -1 -1 -1 -1 -1 -1 -1 -1 -1 -1 -1 -1 0.0405 0.0405 0.1655 0.1655 0.1655 0.2935 0.2935 0.3065 0.3065 0.2565 0.2565 0.2565 0.1895 0.1895 0.1615 0.1615 0.191 0.191 0.219 0.219 0.219 0.239 0.239 0.235 0.235 0.235 0.235 0.235 0.2085 0.2085 0.217 0.217 0.205 0.205 0.205 0.199 0.199 0.1925 0.1925 0.181 0.181
-1 -1 -1 -1 -1 -1 -1 -1 -1 -1 -1 -1 -1 -1 -1 -1 -1 -1 -1 -1 -1 -1 -1 -1 -1 -1 -1 -1 -1 -1 -1 -1 -1 -1 -1 -1 -1 0.0066 0.0066 0.2145 0.2145 0.2145 0.2345 0.2345 0.209 0.209 0.2155 0.2155 0.2155 0.195 0.195 0.242 0.242 0.2225 0.2225 0.2245 0.2245 0.2245 0.2375 0.2375 0.22 0.22 0.22 0.22 0.22 0.217 0.217 0.2085 0.2085 0.2 0.2 0.2 0.212 0.212 0.2005 0.2005 0.1655 0.1655
-1 -1 -1 -1 -1 -1 -1 -1 -1 -1 -1 -1 -1 -1 -1 -1 -1 -1 -1 -1 -1 -1 -1 -1 -1 -1 -1 -1 -1 -1 -1 -1 -1 -1 -1 -1 -1 0.0066 0.0066 0.2145 0.2145 0.2145 0.2345 0.2345 0.209 0.209 0.2155 0.2155 0.2155 0.195 0.195 0.242 0.242 0.2225 0.2225 0.2245 0.2245 0.2245 0.2375 0.2375 0.22 0.22 0.22 0.22 0.22 0.217 0.217 0.2085 0.2085 0.2 0.2 0.2 0.212 0.212 0.2005 0.2005 0.1655 0.1655
-1 -1 -1 -1 -1 -1 -1 -1 -1 -1 -1 -1 -1 -1 -1 -1 -1 -1 -1 -1 -1 -1 -1 -1 -1 -1 -1 -1 -1 -1 -1 -1 -1 -1 -1 -1 -1 0.117 0.117 0.14 0.14 0.14 0.166 0.166 0.2335 0.2335 0.2135 0.2135 0.2135 0.2275 0.2275 0.24 0.24 0.2345 0.2345 0.2585 0.2585 0.2585 0.243 0.243 0.214 0.214 0.214 0.214 0.214 0.2045 0.2045 0.203 0.203 0.201 0.201 0.201 0.195 0.195 0.2065 0.2065 0.187 0.187
-1 -1 -1 -1 -1 -1 -1 -1 -1 -1 -1 -1 -1 -1 -1 -1 -1 -1 -1 -1 -1 -1 -1 -1 -1 -1 -1 -1 -1 -1 -1 -1 -1 -1 -1 -1 -1 0.117 0.117 0.14 0.14 0.14 0.166 0.166 0.2335 0.2335 0.2135 0.2135 0.2135 0.2275 0.2275 0.24 0.24 0.2345 0.2345 0.2585 0.2585 0.2585 0.243 0.243 0.214 0.214 0.214 0.214 0.214 0.2045 0.2045 0.203 0.203 0.201 0.201 0.201 0.195 0.195 0.2065 0.2065 0.187 0.187
-1 -1 -1 -1 -1 -1 -1 -1 -1 -1 -1 -1 -1 -1 -1 -1 -1 -1 -1 -1 -1 -1 -1 -1 -1 -1 -1 -1 -1 -1 -1 -1 -1 -1 -1 -1 -1 0.0185 0.0185 0.166 0.166 0.166 0.199 0.199 0.2325 0.2325 0.221 0.221 0.221 0.202 0.202 0.2495 0.2495 0.2625 0.2625 0.265 0.265 0.265 0.2245 0.2245 0.213 0.213 0.213 0.213 0.213 0.2115 0.2115 0.206 0.206 0.2035 0.2035 0.2035 0.195 0.195 0.1885 0.1885 0.1935 0.1935
-1 -1 -1 -1 -1 -1 -1 -1 -1 -1 -1 -1 -1 -1 -1 -1 -1 -1 -1 -1 -1 -1 -1 -1 -1 -1 -1 -1 -1 -1 -1 -1 -1 -1 -1 -1 -1 0.0185 0.0185 0.166 0.166 0.166 0.199 0.199 0.2325 0.2325 0.221 0.221 0.221 0.202 0.202 0.2495 0.2495 0.2625 0.2625 0.265 0.265 0.265 0.2245 0.2245 0.213 0.213 0.213 0.213 0.213 0.2115 0.2115 0.206 0.206 0.2035 0.2035 0.2035 0.195 0.195 0.1885 0.1885 0.1935 0.1935
-1 -1 -1 -1 -1 -1 -1 -1 -1 -1 -1 -1 -1 -1 -1 -1 -1 -1 -1 -1 -1 -1 -1 -1 -1 -1 -1 -1 -1 -1 -1 -1 -1 -1 -1 -1 -1 0.0185 0.0185 0.166 0.166 0.166 0.199 0.199 0.2325 0.2325 0.221 0.221 0.221 0.202 0.202 0.2495 0.2495 0.2625 0.2625 0.265 0.265 0.265 0.2245 0.2245 0.213 0.213 0.213 0.213 0.213 0.2115 0.2115 0.206 0.206 0.2035 0.2035 0.2035 0.195 0.195 0.1885 0.1885 0.1935 0.1935
-1 -1 -1 -1 -1 -1 -1 -1 -1 -1 -1 -1 -1 -1 -1 -1 -1 -1 -1 -1 -1 -1 -1 -1 -1 -1 -1 -1 -1 -1 -1 -1 -1 -1 -1 -1 -1 0.0365 0.0365 0.205 0.205 0.205 0.215 0.215 0.195 0.195 0.2115 0.2115 0.2115 0.2415 0.2415 0.25 0.25 0.2485 0.2485 0.2325 0.2325 0.2325 0.224 0.224 0.2125 0.2125 0.2125 0.2125 0.2125 0.2265 0.2265 0.215 0.215 0.216 0.216 0.216 0.2085 0.2085 0.1955 0.1955 0.1965 0.1965
-1 -1 -1 -1 -1 -1 -1 -1 -1 -1 -1 -1 -1 -1 -1 -1 -1 -1 -1 -1 -1 -1 -1 -1 -1 -1 -1 -1 -1 -1 -1 -1 -1 -1 -1 -1 -1 0.0365 0.0365 0.205 0.205 0.205 0.215 0.215 0.195 0.195 0.2115 0.2115 0.2115 0.2415 0.2415 0.25 0.25 0.2485 0.2485 0.2325 0.2325 0.2325 0.224 0.224 0.2125 0.2125 0.2125 0.2125 0.2125 0.2265 0.2265 0.215 0.215 0.216 0.216 0.216 0.2085 0.2085 0.1955 0.1955 0.1965 0.1965
-1 -1 -1 -1 -1 -1 -1 -1 -1 -1 -1 -1 -1 -1 -1 -1 -1 -1 -1 -1 -1 -1 -1 -1 -1 -1 -1 -1 -1 -1 -1 -1 -1 -1 -1 -1 -1 0.0905 0.0905 0.2375 0.2375 0.2375 0.22 0.22 0.202 0.202 0.2015 0.2015 0.2015 0.2335 0.2335 0.232 0.232 0.2165 0.2165 0.2315 0.2315 0.2315 0.235 0.235 0.2365 0.2365 0.2365 0.2365 0.2365 0.224 0.224 0.225 0.225 0.208 0.208 0.208 0.2135 0.2135 0.2095 0.2095 0.186 0.186
-1 -1 -1 -1 -1 -1 -1 -1 -1 -1 -1 -1 -1 -1 -1 -1 -1 -1 -1 -1 -1 -1 -1 -1 -1 -1 -1 -1 -1 -1 -1 -1 -1 -1 -1 -1 -1 0.0905 0.0905 0.2375 0.2375 0.2375 0.22 0.22 0.202 0.202 0.2015 0.2015 0.2015 0.2335 0.2335 0.232 0.232 0.2165 0.2165 0.2315 0.2315 0.2315 0.235 0.235 0.2365 0.2365 0.2365 0.2365 0.2365 0.224 0.224 0.225 0.225 0.208 0.208 0.208 0.2135 0.2135 0.2095 0.2095 0.186 0.186
-1 -1 -1 -1 -1 -1 -1 -1 -1 -1 -1 -1 -1 -1 -1 -1 -1 -1 -1 -1 -1 -1 -1 -1 -1 -1 -1 -1 -1 -1 -1 -1 -1 -1 -1 0.032 0.032 0.179 0.179 0.2355 0.2355 0.2355 0.2295 0.2295 0.2175 0.2175 0.2055 0.2055 0.2055 0.22 0.22 0.233 0.233 0.216 0.216 0.217 0.217 0.217 0.231 0.231 0.222 0.222 0.222 0.222 0.222 0.237 0.237 0.2405 0.2405 0.209 0.209 0.209 0.219 0.219 0.231 0.231 0.231 0.231
-1 -1 -1 -1 -1 -1 -1 -1 -1 -1 -1 -1 -1 -1 -1 -1 -1 -1 -1 -1 -1 -1 -1 -1 -1 -1 -1 -1 -1 -1 -1 -1 -1 -1 -1 0.032 0.032 0.179 0.179 0.2355 0.2355 0.2355 0.2295 0.2295 0.2175 0.2175 0.2055 0.2055 0.2055 0.22 0.22 0.233 0.233 0.216 0.216 0.217 0.217 0.217 0.231 0.231 0.222 0.222 0.222 0.222 0.222 0.237 0.237 0.2405 0.2405 0.209 0.209 0.209 0.219 0.219 0.231 0.231 0.231 0.231
-1 -1 -1 -1 -1 -1 -1 -1 -1 -1 -1 -1 -1 -1 -1 -1 -1 -1 -1 -1 -1 -1 -1 -1 -1 -1 -1 -1 -1 -1 -1 -1 -1 -1 -1 0.032 0.032 0.179 0.179 0.2355 0.2355 0.2355 0.2295 0.2295 0.2175 0.2175 0.2055 0.2055 0.2055 0.22 0.22 0.233 0.233 0.216 0.216 0.217 0.217 0.217 0.231 0.231 0.222 0.222 0.222 0.222 0.222 0.237 0.237 0.2405 0.2405 0.209 0.209 0.209 0.219 0.219 0.231 0.231 0.231 0.231
-1 -1 -1 -1 -1 -1 -1 -1 -1 -1 -1 -1 -1 -1 -1 -1 -1 -1 -1 -1 -1 -1 -1 -1 -1 -1 -1 -1 -1 -1 -1 -1 -1 -1 -1 0.051 0.051 0.215 0.215 0.219 0.219 0.219 0.2045 0.2045 0.208 0.208 0.2245 0.2245 0.2245 0.2345 0.2345 0.227 0.227 0.203 0.203 0.2285 0.2285 0.2285 0.2315 0.2315 0.2395 0.2395 0.2395 0.2395 0.2395 0.2485 0.2485 0.2445 0.2445 0.211 0.211 0.211 0.238 0.238 0.238 0.238 0.2475 0.2475
-1 -1 -1 -1 -1 -1 -1 -1 -1 -1 -1 -1 -1 -1 -1 -1 -1 -1 -1 -1 -1 -1 -1 -1 -1 -1 -1 -1 -1 -1 -1 -1 -1 -1 -1 0.051 0.051 0.215 0.215 0.219 0.219 0.219 0.2045 0.2045 0.208 0.208 0.2245 0.2245 0.2245 0.2345 0.2345 0.227 0.227 0.203 0.203 0.2285 0.2285 0.2285 0.2315 0.2315 0.2395 0.2395 0.2395 0.2395 0.2395 0.2485 0.2485 0.2445 0.2445 0.211 0.211 0.211 0.238 0.238 0.238 0.238 0.2475 0.2475
-1 -1 -1 -1 -1 -1 -1 -1 -1 -1 -1 -1 -1 -1 -1 -1 -1 -1 -1 -1 -1 -1 -1 -1 -1 -1 -1 -1 -1 -1 -1 -1 0.028 0.028 0.028 0.24 0.24 0.219 0.219 0.201 0.201 0.201 0.215 0.215 0.2085 0.2085 0.224 0.224 0.224 0.2145 0.2145 0.208 0.208 0.2265 0.2265 0.212 0.212 0.212 0.2195 0.2195 0.2635 0.2635 0.2635 0.2635 0.2635 0.2635 0.2635 0.2765 0.2765 0.2855 0.2855 0.2855 0.2655 0.2655 0.24 0.24 0.2535 0.2535
-1 -1 -1 -1 -1 -1 -1 -1 -1 -1 -1 -1 -1 -1 -1 -1 -1 -1 -1 -1 -1 -1 -1 -1 -1 -1 -1 -1 -1 -1 -1 -1 0.028 0.028 0.028 0.24 0.24 0.219 0.219 0.201 0.201 0.201 0.215 0.215 0.2085 0.2085 0.224 0.224 0.224 0.2145 0.2145 0.208 0.208 0.2265 0.2265 0.212 0.212 0.212 0.2195 0.2195 0.2635 0.2635 0.2635 0.2635 0.2635 0.2635 0.2635 0.2765 0.2765 0.2855 0.2855 0.2855 0.2655 0.2655 0.24 0.24 0.2535 0.2535
-1 -1 -1 -1 -1 -1 -1 -1 -1 -1 -1 -1 -1 -1 -1 -1 -1 -1 -1 -1 -1 -1 -1 -1 -1 -1 -1 -1 -1 -1 0.014 0.014 0.249 0.249 0.249 0.2285 0.2285 0.2075 0.2075 0.201 0.201 0.201 0.2005 0.2005 0.202 0.202 0.214 0.214 0.214 0.2265 0.2265 0.2065 0.2065 0.236 0.236 0.2125 0.2125 0.2125 0.2435 0.2435 0.269 0.269 0.269 0.269 0.269 0.276 0.276 0.283 0.283 0.2935 0.2935 0.2935 0.2665 0.2665 0.252 0.252 0.247 0.247
-1 -1 -1 -1 -1 -1 -1 -1 -1 -1 -1 -1 -1 -1 -1 -1 -1 -1 -1 -1 -1 -1 -1 -1 -1 -1 -1 -1 -1 -1 0.014 0.014 0.249 0.249 0.249 0.2285 0.2285 0.2075 0.2075 0.201 0.201 0.201 0.2005 0.2005 0.202 0.202 0.214 0.214 0.214 0.2265 0.2265 0.2065 0.2065 0.236 0.236 0.2125 0.2125 0.2125 0.2435 0.2435 0.269 0.269 0.269 0.269 0.269 0.276 0.276 0.283 0.283 0.2935 0.2935 0.2935 0.2665 0.2665 0.252 0.252 0.247 0.247
-1 -1 -1 -1 -1 -1 -1 -1 -1 -1 -1 -1 -1 -1 -1 -1 -1 -1 -1 -1 -1 -1 -1 -1 -1 -1 -1 -1 -1 -1 0.014 0.014 0.249 0.249 0.249 0.2285 0.2285 0.2075 0.2075 0.201 0.201 0.201 0.2005 0.2005 0.202 0.202 0.214 0.214 0.214 0.2265 0.2265 0.2065 0.2065 0.236 0.236 0.2125 0.2125 0.2125 0.2435 0.2435 0.269 0.269 0.269 0.269 0.269 0.276 0.276 0.283 0.283 0.2935 0.2935 0.2935 0.2665 0.2665 0.252 0.252 0.247 0.247
-1 -1 -1 -1 -1 -1 -1 -1 -1 -1 -1 -1 -1 -1 -1 -1 -1 -1 -1 -1 -1 -1 -1 -1 -1 -1 -1 -1 -1 -1 0.07170001 0.07170001 0.203 0.203 0.203 0.242 0.242 0.201 0.201 0.2055 0.2055 0.2055 0.2075 0.2075 0.2155 0.2155 0.189 0.189 0.189 0.215 0.215 0.2025 0.2025 0.2175 0.2175 0.2295 0.2295 0.2295 0.244 0.244 0.278 0.278 0.278 0.278 0.278 0.281 0.281 0.2645 0.2645 0.2605 0.2605 0.2605 0.249 0.249 0.2575 0.2575 0.2175 0.2175
-1 -1 -1 -1 -1 -1 -1 -1 -1 -1 -1 -1 -1 -1 -1 -1 -1 -1 -1 -1 -1 -1 -1 -1 -1 -1 -1 -1 -1 -1 0.07170001 0.07170001 0.203 0.203 0.203 0.242 0.242 0.201 0.201 0.2055 0.2055 0.2055 0.2075 0.2075 0.2155 0.2155 0.189 0.189 0.189 0.215 0.215 0.2025 0.2025 0.2175 0.2175 0.2295 0.2295 0.2295 0.244 0.244 0.278 0.278 0.278 0.278 0.278 0.281 0.281 0.2645 0.2645 0.2605 0.2605 0.2605 0.249 0.249 0.2575 0.2575 0.2175 0.2175
-1 -1 -1 -1 -1 -1 -1 -1 -1 -1 -1 -1 -1 -1 -1 -1 -1 -1 -1 -1 -1 -1 -1 -1 -1 -1 -1 -1 0.023 0.023 0.168 0.168 0.2445 0.2445 0.2445 0.248 0.248 0.222 0.222 0.21 0.21 0.21 0.217 0.217 0.2305 0.2305 0.2105 0.2105 0.2105 0.2275 0.2275 0.2315 0.2315 0.245 0.245 0.249 0.249 0.249 0.2475 0.2475 0.248 0.248 0.248 0.248 0.248 0.285 0.285 0.243 0.243 0.209 0.209 0.209 0.2015 0.2015 0.1925 0.1925 0.219 0.219
-1 -1 -1 -1 -1 -1 -1 -1 -1 -1 -1 -1 -1 -1 -1 -1 -1 -1 -1 -1 -1 -1 -1 -1 -1 -1 -1 -1 0.023 0.023 0.168 0.168 0.2445 0.2445 0.2445 0.248 0.248 0.222 0.222 0.21 0.21 0.21 0.217 0.217 0.2305 0.2305 0.2105 0.2105 0.2105 0.2275 0.2275 0.2315 0.2315 0.245 0.245 0.249 0.249 0.249 0.2475 0.2475 0.248 0.248 0.248 0.248 0.248 0.285 0.285 0.243 0.243 0.209 0.209 0.209 0.2015 0.2015 0.1925 0.1925 0.219 0.219
-1 -1 -1 -1 -1 -1 -1 -1 -1 -1 -1 -1 -1 -1 -1 -1 -1 -1 -1 -1 -1 -1 -1 -1 -1 0.0525 0.0525 0.0525 0.079 0.079 0.2365 0.2365 0.232 0.232 0.232 0.2215 0.2215 0.2205 0.2205 0.221 0.221 0.221 0.22 0.22 0.2375 0.2375 0.2075 0.2075 0.2075 0.233 0.233 0.213 0.213 0.244 0.244 0.2535 0.2535 0.2535 0.244 0.244 0.253 0.253 0.253 0.253 0.253 0.244 0.244 0.226 0.226 0.224 0.224 0.224 0.228 0.228 0.224 0.224 0.2215 0.2215
