ndvi/NOAA-262.asc
ncols         252
nrows         154
xllcorner     -18.017974
yllcorner     13.481982
cellsize      0.035948
NODATA_value  -9999
[rows 68 to 101 of 154, columns 78 to 155 of 252]
0.28 0.2665 0.2665 0.3195 0.3195 0.3445 0.3445 0.3445 0.395 0.395 0.307 0.307 0.2785 0.2785 0.194 0.194 0.194 0.2455 0.2455 0.204 0.204 0.19 0.19 0.19 0.198 0.198 0.326 0.326 0.324 0.324 0.324 0.3015 0.3015 0.2955 0.2955 0.2815 0.2815 0.2815 0.265 0.265 0.22 0.22 0.173 0.173 0.173 0.1835 0.1835 0.2115 0.2115 0.1955 0.1955 0.2085 0.2085 0.2085 0.238 0.238 0.288 0.288 0.363 0.363 0.363 0.397 0.397 0.362 0.362 0.319 0.319 0.319 0.27 0.27 0.248 0.248 0.2085 0.2085 0.2085 0.1565 0.1565 0.141
0.268 0.302 0.302 0.3295 0.3295 0.364 0.364 0.364 0.371 0.371 0.3875 0.3875 0.4085 0.4085 0.2795 0.2795 0.2795 0.289 0.289 0.308 0.308 0.2815 0.2815 0.2815 0.1921 0.1921 0.215 0.215 0.307 0.307 0.307 0.308 0.308 0.272 0.272 0.268 0.268 0.268 0.294 0.294 0.245 0.245 0.2265 0.2265 0.2265 0.1955 0.1955 0.202 0.202 0.2 0.2 0.257 0.257 0.257 0.249 0.249 0.2805 0.2805 0.343 0.343 0.343 0.3605 0.3605 0.322 0.322 0.27 0.27 0.27 0.286 0.286 0.2575 0.2575 0.204 0.204 0.204 0.159 0.159 0.173
0.268 0.302 0.302 0.3295 0.3295 0.364 0.364 0.364 0.371 0.371 0.3875 0.3875 0.4085 0.4085 0.2795 0.2795 0.2795 0.289 0.289 0.308 0.308 0.2815 0.2815 0.2815 0.1921 0.1921 0.215 0.215 0.307 0.307 0.307 0.308 0.308 0.272 0.272 0.268 0.268 0.268 0.294 0.294 0.245 0.245 0.2265 0.2265 0.2265 0.1955 0.1955 0.202 0.202 0.2 0.2 0.257 0.257 0.257 0.249 0.249 0.2805 0.2805 0.343 0.343 0.343 0.3605 0.3605 0.322 0.322 0.27 0.27 0.27 0.286 0.286 0.2575 0.2575 0.204 0.204 0.204 0.159 0.159 0.173
0.31 0.302 0.302 0.3465 0.3465 0.321 0.321 0.321 0.361 0.361 0.373 0.373 0.365 0.365 0.351 0.351 0.351 0.344 0.344 0.3 0.3 0.286 0.286 0.286 0.2985 0.2985 0.198 0.198 0.1795 0.1795 0.1795 0.259 0.259 0.2805 0.2805 0.2735 0.2735 0.2735 0.264 0.264 0.2545 0.2545 0.207 0.207 0.207 0.1755 0.1755 0.172 0.172 0.1935 0.1935 0.2705 0.2705 0.2705 0.277 0.277 0.296 0.296 0.304 0.304 0.304 0.321 0.321 0.3235 0.3235 0.256 0.256 0.256 0.2505 0.2505 0.2465 0.2465 0.216 0.216 0.216 0.182 0.182 0.205
0.31 0.302 0.302 0.3465 0.3465 0.321 0.321 0.321 0.361 0.361 0.373 0.373 0.365 0.365 0.351 0.351 0.351 0.344 0.344 0.3 0.3 0.286 0.286 0.286 0.2985 0.2985 0.198 0.198 0.1795 0.1795 0.1795 0.259 0.259 0.2805 0.2805 0.2735 0.2735 0.2735 0.264 0.264 0.2545 0.2545 0.207 0.207 0.207 0.1755 0.1755 0.172 0.172 0.1935 0.1935 0.2705 0.2705 0.2705 0.277 0.277 0.296 0.296 0.304 0.304 0.304 0.321 0.321 0.3235 0.3235 0.256 0.256 0.256 0.2505 0.2505 0.2465 0.2465 0.216 0.216 0.216 0.182 0.182 0.205
0.31 0.302 0.302 0.3465 0.3465 0.321 0.321 0.321 0.361 0.361 0.373 0.373 0.365 0.365 0.351 0.351 0.351 0.344 0.344 0.3 0.3 0.286 0.286 0.286 0.2985 0.2985 0.198 0.198 0.1795 0.1795 0.1795 0.259 0.259 0.2805 0.2805 0.2735 0.2735 0.2735 0.264 0.264 0.2545 0.2545 0.207 0.207 0.207 0.1755 0.1755 0.172 0.172 0.1935 0.1935 0.2705 0.2705 0.2705 0.277 0.277 0.296 0.296 0.304 0.304 0.304 0.321 0.321 0.3235 0.3235 0.256 0.256 0.256 0.2505 0.2505 0.2465 0.2465 0.216 0.216 0.216 0.182 0.182 0.205
0.3115 0.301 0.301 0.297 0.297 0.289 0.289 0.289 0.2895 0.2895 0.2975 0.2975 0.291 0.291 0.309 0.309 0.309 0.341 0.341 0.3165 0.3165 0.325 0.325 0.325 0.3065 0.3065 0.3535 0.3535 0.3045 0.3045 0.3045 0.221 0.221 0.187 0.187 0.2755 0.2755 0.2755 0.239 0.239 0.243 0.243 0.192 0.192 0.192 0.2145 0.2145 0.3145 0.3145 0.296 0.296 0.269 0.269 0.269 0.294 0.294 0.285 0.285 0.294 0.294 0.294 0.291 0.291 0.2845 0.2845 0.246 0.246 0.246 0.2295 0.2295 0.2375 0.2375 0.132 0.132 0.132 0.1925 0.1925 0.216
0.3115 0.301 0.301 0.297 0.297 0.289 0.289 0.289 0.2895 0.2895 0.2975 0.2975 0.291 0.291 0.309 0.309 0.309 0.341 0.341 0.3165 0.3165 0.325 0.325 0.325 0.3065 0.3065 0.3535 0.3535 0.3045 0.3045 0.3045 0.221 0.221 0.187 0.187 0.2755 0.2755 0.2755 0.239 0.239 0.243 0.243 0.192 0.192 0.192 0.2145 0.2145 0.3145 0.3145 0.296 0.296 0.269 0.269 0.269 0.294 0.294 0.285 0.285 0.294 0.294 0.294 0.291 0.291 0.2845 0.2845 0.246 0.246 0.246 0.2295 0.2295 0.2375 0.2375 0.132 0.132 0.132 0.1925 0.1925 0.216
0.336 0.3025 0.3025 0.263 0.263 0.2705 0.2705 0.2705 0.257 0.257 0.248 0.248 0.2515 0.2515 0.2895 0.2895 0.2895 0.291 0.291 0.3245 0.3245 0.302 0.302 0.302 0.282 0.282 0.283 0.283 0.273 0.273 0.273 0.268 0.268 0.176 0.176 0.168 0.168 0.168 0.181 0.181 0.152 0.152 0.232 0.232 0.232 0.236 0.236 0.3215 0.3215 0.2755 0.2755 0.2265 0.2265 0.2265 0.2475 0.2475 0.2675 0.2675 0.2745 0.2745 0.2745 0.279 0.279 0.2645 0.2645 0.2615 0.2615 0.2615 0.223 0.223 0.14 0.14 0.106 0.106 0.106 0.169 0.169 0.2275
0.336 0.3025 0.3025 0.263 0.263 0.2705 0.2705 0.2705 0.257 0.257 0.248 0.248 0.2515 0.2515 0.2895 0.2895 0.2895 0.291 0.291 0.3245 0.3245 0.302 0.302 0.302 0.282 0.282 0.283 0.283 0.273 0.273 0.273 0.268 0.268 0.176 0.176 0.168 0.168 0.168 0.181 0.181 0.152 0.152 0.232 0.232 0.232 0.236 0.236 0.3215 0.3215 0.2755 0.2755 0.2265 0.2265 0.2265 0.2475 0.2475 0.2675 0.2675 0.2745 0.2745 0.2745 0.279 0.279 0.2645 0.2645 0.2615 0.2615 0.2615 0.223 0.223 0.14 0.14 0.106 0.106 0.106 0.169 0.169 0.2275
0.274 0.2625 0.2625 0.2575 0.2575 0.2795 0.2795 0.2795 0.274 0.274 0.246 0.246 0.2515 0.2515 0.274 0.274 0.274 0.293 0.293 0.2935 0.2935 0.2885 0.2885 0.2885 0.287 0.287 0.284 0.284 0.2805 0.2805 0.2805 0.27 0.27 0.304 0.304 0.2765 0.2765 0.2765 0.181 0.181 0.147 0.147 0.1435 0.1435 0.1435 0.19 0.19 0.279 0.279 0.2365 0.2365 0.237 0.237 0.237 0.262 0.262 0.223 0.223 0.222 0.222 0.222 0.247 0.247 0.229 0.229 0.239 0.239 0.239 0.231 0.231 0.1715 0.1715 0.1275 0.1275 0.1275 0.156 0.156 0.18
0.274 0.2625 0.2625 0.2575 0.2575 0.2795 0.2795 0.2795 0.274 0.274 0.246 0.246 0.2515 0.2515 0.274 0.274 0.274 0.293 0.293 0.2935 0.2935 0.2885 0.2885 0.2885 0.287 0.287 0.284 0.284 0.2805 0.2805 0.2805 0.27 0.27 0.304 0.304 0.2765 0.2765 0.2765 0.181 0.181 0.147 0.147 0.1435 0.1435 0.1435 0.19 0.19 0.279 0.279 0.2365 0.2365 0.237 0.237 0.237 0.262 0.262 0.223 0.223 0.222 0.222 0.222 0.247 0.247 0.229 0.229 0.239 0.239 0.239 0.231 0.231 0.1715 0.1715 0.1275 0.1275 0.1275 0.156 0.156 0.18
0.263 0.2455 0.2455 0.232 0.232 0.2175 0.2175 0.2175 0.2355 0.2355 0.2465 0.2465 0.269 0.269 0.286 0.286 0.286 0.2745 0.2745 0.323 0.323 0.3395 0.3395 0.3395 0.3495 0.3495 0.3365 0.3365 0.3085 0.3085 0.3085 0.276 0.276 0.312 0.312 0.287 0.287 0.287 0.291 0.291 0.307 0.307 0.197 0.197 0.197 0.187 0.187 0.2485 0.2485 0.267 0.267 0.243 0.243 0.243 0.2295 0.2295 0.255 0.255 0.263 0.263 0.263 0.2275 0.2275 0.203 0.203 0.206 0.206 0.206 0.1765 0.1765 0.2105 0.2105 0.165 0.165 0.165 0.125 0.125 0.1475
0.263 0.2455 0.2455 0.232 0.232 0.2175 0.2175 0.2175 0.2355 0.2355 0.2465 0.2465 0.269 0.269 0.286 0.286 0.286 0.2745 0.2745 0.323 0.323 0.3395 0.3395 0.3395 0.3495 0.3495 0.3365 0.3365 0.3085 0.3085 0.3085 0.276 0.276 0.312 0.312 0.287 0.287 0.287 0.291 0.291 0.307 0.307 0.197 0.197 0.197 0.187 0.187 0.2485 0.2485 0.267 0.267 0.243 0.243 0.243 0.2295 0.2295 0.255 0.255 0.263 0.263 0.263 0.2275 0.2275 0.203 0.203 0.206 0.206 0.206 0.1765 0.1765 0.2105 0.2105 0.165 0.165 0.165 0.125 0.125 0.1475
0.263 0.2455 0.2455 0.232 0.232 0.2175 0.2175 0.2175 0.2355 0.2355 0.2465 0.2465 0.269 0.269 0.286 0.286 0.286 0.2745 0.2745 0.323 0.323 0.3395 0.3395 0.3395 0.3495 0.3495 0.3365 0.3365 0.3085 0.3085 0.3085 0.276 0.276 0.312 0.312 0.287 0.287 0.287 0.291 0.291 0.307 0.307 0.197 0.197 0.197 0.187 0.187 0.2485 0.2485 0.267 0.267 0.243 0.243 0.243 0.2295 0.2295 0.255 0.255 0.263 0.263 0.263 0.2275 0.2275 0.203 0.203 0.206 0.206 0.206 0.1765 0.1765 0.2105 0.2105 0.165 0.165 0.165 0.125 0.125 0.1475
0.2435 0.279 0.279 0.2355 0.2355 0.238 0.238 0.238 0.2935 0.2935 0.2985 0.2985 0.3 0.3 0.294 0.294 0.294 0.2865 0.2865 0.311 0.311 0.27 0.27 0.27 0.279 0.279 0.2605 0.2605 0.311 0.311 0.311 0.3035 0.3035 0.267 0.267 0.2895 0.2895 0.2895 0.2935 0.2935 0.272 0.272 0.3085 0.3085 0.3085 0.2905 0.2905 0.194 0.194 0.279 0.279 0.265 0.265 0.265 0.272 0.272 0.266 0.266 0.282 0.282 0.282 0.256 0.256 0.203 0.203 0.2065 0.2065 0.2065 0.1855 0.1855 0.167 0.167 0.142 0.142 0.142 0.1275 0.1275 0.1695
0.2435 0.279 0.279 0.2355 0.2355 0.238 0.238 0.238 0.2935 0.2935 0.2985 0.2985 0.3 0.3 0.294 0.294 0.294 0.2865 0.2865 0.311 0.311 0.27 0.27 0.27 0.279 0.279 0.2605 0.2605 0.311 0.311 0.311 0.3035 0.3035 0.267 0.267 0.2895 0.2895 0.2895 0.2935 0.2935 0.272 0.272 0.3085 0.3085 0.3085 0.2905 0.2905 0.194 0.194 0.279 0.279 0.265 0.265 0.265 0.272 0.272 0.266 0.266 0.282 0.282 0.282 0.256 0.256 0.203 0.203 0.2065 0.2065 0.2065 0.1855 0.1855 0.167 0.167 0.142 0.142 0.142 0.1275 0.1275 0.1695
0.245 0.304 0.304 0.262 0.262 0.253 0.253 0.253 0.3025 0.3025 0.3295 0.3295 0.323 0.323 0.3285 0.3285 0.3285 0.3331 0.3331 0.2935 0.2935 0.295 0.295 0.295 0.273 0.273 0.2785 0.2785 0.2735 0.2735 0.2735 0.277 0.277 0.3355 0.3355 0.2945 0.2945 0.2945 0.301 0.301 0.316 0.316 0.3175 0.3175 0.3175 0.319 0.319 0.288 0.288 0.3465 0.3465 0.3365 0.3365 0.3365 0.33 0.33 0.2975 0.2975 0.308 0.308 0.308 0.315 0.315 0.2895 0.2895 0.2535 0.2535 0.2535 0.2405 0.2405 0.205 0.205 0.1615 0.1615 0.1615 0.139 0.139 0.1885
0.245 0.304 0.304 0.262 0.262 0.253 0.253 0.253 0.3025 0.3025 0.3295 0.3295 0.323 0.323 0.3285 0.3285 0.3285 0.3331 0.3331 0.2935 0.2935 0.295 0.295 0.295 0.273 0.273 0.2785 0.2785 0.2735 0.2735 0.2735 0.277 0.277 0.3355 0.3355 0.2945 0.2945 0.2945 0.301 0.301 0.316 0.316 0.3175 0.3175 0.3175 0.319 0.319 0.288 0.288 0.3465 0.3465 0.3365 0.3365 0.3365 0.33 0.33 0.2975 0.2975 0.308 0.308 0.308 0.315 0.315 0.2895 0.2895 0.2535 0.2535 0.2535 0.2405 0.2405 0.205 0.205 0.1615 0.1615 0.1615 0.139 0.139 0.1885
0.2615 0.28 0.28 0.2975 0.2975 0.2995 0.2995 0.2995 0.2965 0.2965 0.352 0.352 0.3575 0.3575 0.323 0.323 0.323 0.346 0.346 0.341 0.341 0.339 0.339 0.339 0.3045 0.3045 0.3355 0.3355 0.303 0.303 0.303 0.327 0.327 0.405 0.405 0.375 0.375 0.375 0.324 0.324 0.3395 0.3395 0.332 0.332 0.332 0.3235 0.3235 0.3235 0.3235 0.2495 0.2495 0.3155 0.3155 0.3155 0.3705 0.3705 0.3365 0.3365 0.3335 0.3335 0.3335 0.3405 0.3405 0.308 0.308 0.229 0.229 0.229 0.2365 0.2365 0.215 0.215 0.192 0.192 0.192 0.207 0.207 0.234
0.2615 0.28 0.28 0.2975 0.2975 0.2995 0.2995 0.2995 0.2965 0.2965 0.352 0.352 0.3575 0.3575 0.323 0.323 0.323 0.346 0.346 0.341 0.341 0.339 0.339 0.339 0.3045 0.3045 0.3355 0.3355 0.303 0.303 0.303 0.327 0.327 0.405 0.405 0.375 0.375 0.375 0.324 0.324 0.3395 0.3395 0.332 0.332 0.332 0.3235 0.3235 0.3235 0.3235 0.2495 0.2495 0.3155 0.3155 0.3155 0.3705 0.3705 0.3365 0.3365 0.3335 0.3335 0.3335 0.3405 0.3405 0.308 0.308 0.229 0.229 0.229 0.2365 0.2365 0.215 0.215 0.192 0.192 0.192 0.207 0.207 0.234
0.2615 0.28 0.28 0.2975 0.2975 0.2995 0.2995 0.2995 0.2965 0.2965 0.352 0.352 0.3575 0.3575 0.323 0.323 0.323 0.346 0.346 0.341 0.341 0.339 0.339 0.339 0.3045 0.3045 0.3355 0.3355 0.303 0.303 0.303 0.327 0.327 0.405 0.405 0.375 0.375 0.375 0.324 0.324 0.3395 0.3395 0.332 0.332 0.332 0.3235 0.3235 0.3235 0.3235 0.2495 0.2495 0.3155 0.3155 0.3155 0.3705 0.3705 0.3365 0.3365 0.3335 0.3335 0.3335 0.3405 0.3405 0.308 0.308 0.229 0.229 0.229 0.2365 0.2365 0.215 0.215 0.192 0.192 0.192 0.207 0.207 0.234
0.3371 0.2865 0.2865 0.2985 0.2985 0.263 0.263 0.263 0.291 0.291 0.334 0.334 0.3465 0.3465 0.3135 0.3135 0.3135 0.3215 0.3215 0.358 0.358 0.316 0.316 0.316 0.338 0.338 0.284 0.284 0.2935 0.2935 0.2935 0.299 0.299 0.3145 0.3145 0.301 0.301 0.301 0.312 0.312 0.323 0.323 0.3415 0.3415 0.3415 0.3615 0.3615 0.338 0.338 0.3355 0.3355 0.312 0.312 0.312 0.346 0.346 0.322 0.322 0.3425 0.3425 0.3425 0.3385 0.3385 0.3235 0.3235 0.2995 0.2995 0.2995 0.2815 0.2815 0.218 0.218 0.207 0.207 0.207 0.2035 0.2035 0.239
0.3371 0.2865 0.2865 0.2985 0.2985 0.263 0.263 0.263 0.291 0.291 0.334 0.334 0.3465 0.3465 0.3135 0.3135 0.3135 0.3215 0.3215 0.358 0.358 0.316 0.316 0.316 0.338 0.338 0.284 0.284 0.2935 0.2935 0.2935 0.299 0.299 0.3145 0.3145 0.301 0.301 0.301 0.312 0.312 0.323 0.323 0.3415 0.3415 0.3415 0.3615 0.3615 0.338 0.338 0.3355 0.3355 0.312 0.312 0.312 0.346 0.346 0.322 0.322 0.3425 0.3425 0.3425 0.3385 0.3385 0.3235 0.3235 0.2995 0.2995 0.2995 0.2815 0.2815 0.218 0.218 0.207 0.207 0.207 0.2035 0.2035 0.239
0.36 0.3651 0.3651 0.3475 0.3475 0.276 0.276 0.276 0.294 0.294 0.2995 0.2995 0.33 0.33 0.3075 0.3075 0.3075 0.3075 0.3075 0.3405 0.3405 0.335 0.335 0.335 0.2855 0.2855 0.2815 0.2815 0.3075 0.3075 0.3075 0.304 0.304 0.319 0.319 0.3245 0.3245 0.3245 0.319 0.319 0.324 0.324 0.3505 0.3505 0.3505 0.3725 0.3725 0.357 0.357 0.405 0.405 0.224 0.224 0.224 0.3325 0.3325 0.334 0.334 0.321 0.321 0.321 0.3275 0.3275 0.343 0.343 0.3085 0.3085 0.3085 0.3055 0.3055 0.2765 0.2765 0.292 0.292 0.292 0.2865 0.2865 0.2465
0.36 0.3651 0.3651 0.3475 0.3475 0.276 0.276 0.276 0.294 0.294 0.2995 0.2995 0.33 0.33 0.3075 0.3075 0.3075 0.3075 0.3075 0.3405 0.3405 0.335 0.335 0.335 0.2855 0.2855 0.2815 0.2815 0.3075 0.3075 0.3075 0.304 0.304 0.319 0.319 0.3245 0.3245 0.3245 0.319 0.319 0.324 0.324 0.3505 0.3505 0.3505 0.3725 0.3725 0.357 0.357 0.405 0.405 0.224 0.224 0.224 0.3325 0.3325 0.334 0.334 0.321 0.321 0.321 0.3275 0.3275 0.343 0.343 0.3085 0.3085 0.3085 0.3055 0.3055 0.2765 0.2765 0.292 0.292 0.292 0.2865 0.2865 0.2465
0.3816 0.4265 0.4265 0.3795 0.3795 0.355 0.355 0.355 0.3605 0.3605 0.3305 0.3305 0.3285 0.3285 0.304 0.304 0.304 0.3265 0.3265 0.3215 0.3215 0.3155 0.3155 0.3155 0.3215 0.3215 0.3315 0.3315 0.3205 0.3205 0.3205 0.326 0.326 0.3475 0.3475 0.3295 0.3295 0.3295 0.339 0.339 0.333 0.333 0.372 0.372 0.372 0.36 0.36 0.384 0.384 0.3805 0.3805 0.3455 0.3455 0.3455 0.246 0.246 0.297 0.297 0.275 0.275 0.275 0.349 0.349 0.3475 0.3475 0.3205 0.3205 0.3205 0.3185 0.3185 0.297 0.297 0.298 0.298 0.298 0.282 0.282 0.2435
0.3816 0.4265 0.4265 0.3795 0.3795 0.355 0.355 0.355 0.3605 0.3605 0.3305 0.3305 0.3285 0.3285 0.304 0.304 0.304 0.3265 0.3265 0.3215 0.3215 0.3155 0.3155 0.3155 0.3215 0.3215 0.3315 0.3315 0.3205 0.3205 0.3205 0.326 0.326 0.3475 0.3475 0.3295 0.3295 0.3295 0.339 0.339 0.333 0.333 0.372 0.372 0.372 0.36 0.36 0.384 0.384 0.3805 0.3805 0.3455 0.3455 0.3455 0.246 0.246 0.297 0.297 0.275 0.275 0.275 0.349 0.349 0.3475 0.3475 0.3205 0.3205 0.3205 0.3185 0.3185 0.297 0.297 0.298 0.298 0.298 0.282 0.282 0.2435
0.3816 0.4265 0.4265 0.3795 0.3795 0.355 0.355 0.355 0.3605 0.3605 0.3305 0.3305 0.3285 0.3285 0.304 0.304 0.304 0.3265 0.3265 0.3215 0.3215 0.3155 0.3155 0.3155 0.3215 0.3215 0.3315 0.3315 0.3205 0.3205 0.3205 0.326 0.326 0.3475 0.3475 0.3295 0.3295 0.3295 0.339 0.339 0.333 0.333 0.372 0.372 0.372 0.36 0.36 0.384 0.384 0.3805 0.3805 0.3455 0.3455 0.3455 0.246 0.246 0.297 0.297 0.275 0.275 0.275 0.349 0.349 0.3475 0.3475 0.3205 0.3205 0.3205 0.3185 0.3185 0.297 0.297 0.298 0.298 0.298 0.282 0.282 0.2435
0.4582 0.4142 0.4142 0.3886 0.3886 0.385 0.385 0.385 0.3475 0.3475 0.3505 0.3505 0.3275 0.3275 0.312 0.312 0.312 0.344 0.344 0.3415 0.3415 0.337 0.337 0.337 0.356 0.356 0.3665 0.3665 0.37 0.37 0.37 0.3705 0.3705 0.3675 0.3675 0.347 0.347 0.347 0.3705 0.3705 0.3405 0.3405 0.346 0.346 0.346 0.3475 0.3475 0.361 0.361 0.352 0.352 0.3545 0.3545 0.3545 0.345 0.345 0.3285 0.3285 0.245 0.245 0.245 0.22 0.22 0.354 0.354 0.354 0.354 0.354 0.3361 0.3361 0.2995 0.2995 0.253 0.253 0.253 0.2465 0.2465 0.2735
0.4582 0.4142 0.4142 0.3886 0.3886 0.385 0.385 0.385 0.3475 0.3475 0.3505 0.3505 0.3275 0.3275 0.312 0.312 0.312 0.344 0.344 0.3415 0.3415 0.337 0.337 0.337 0.356 0.356 0.3665 0.3665 0.37 0.37 0.37 0.3705 0.3705 0.3675 0.3675 0.347 0.347 0.347 0.3705 0.3705 0.3405 0.3405 0.346 0.346 0.346 0.3475 0.3475 0.361 0.361 0.352 0.352 0.3545 0.3545 0.3545 0.345 0.345 0.3285 0.3285 0.245 0.245 0.245 0.22 0.22 0.354 0.354 0.354 0.354 0.354 0.3361 0.3361 0.2995 0.2995 0.253 0.253 0.253 0.2465 0.2465 0.2735
0.42 0.3885 0.3885 0.4016 0.4016 0.3726 0.3726 0.3726 0.3591 0.3591 0.3746 0.3746 0.3655 0.3655 0.392 0.392 0.392 0.3605 0.3605 0.3275 0.3275 0.3515 0.3515 0.3515 0.3725 0.3725 0.391 0.391 0.416 0.416 0.416 0.4035 0.4035 0.403 0.403 0.378 0.378 0.378 0.419 0.419 0.3855 0.3855 0.3755 0.3755 0.3755 0.373 0.373 0.3905 0.3905 0.3815 0.3815 0.3835 0.3835 0.3835 0.382 0.382 0.365 0.365 0.342 0.342 0.342 0.289 0.289 0.358 0.358 0.3935 0.3935 0.3935 0.3995 0.3995 0.396 0.396 0.3835 0.3835 0.3835 0.342 0.342 0.3535
0.42 0.3885 0.3885 0.4016 0.4016 0.3726 0.3726 0.3726 0.3591 0.3591 0.3746 0.3746 0.3655 0.3655 0.392 0.392 0.392 0.3605 0.3605 0.3275 0.3275 0.3515 0.3515 0.3515 0.3725 0.3725 0.391 0.391 0.416 0.416 0.416 0.4035 0.4035 0.403 0.403 0.378 0.378 0.378 0.419 0.419 0.3855 0.3855 0.3755 0.3755 0.3755 0.373 0.373 0.3905 0.3905 0.3815 0.3815 0.3835 0.3835 0.3835 0.382 0.382 0.365 0.365 0.342 0.342 0.342 0.289 0.289 0.358 0.358 0.3935 0.3935 0.3935 0.3995 0.3995 0.396 0.396 0.3835 0.3835 0.3835 0.342 0.342 0.3535
0.4195 0.427 0.427 0.3975 0.3975 0.4065 0.4065 0.4065 0.408 0.408 0.3931 0.3931 0.379 0.379 0.383 0.383 0.383 0.401 0.401 0.399 0.399 0.4025 0.4025 0.4025 0.419 0.419 0.4045 0.4045 0.423 0.423 0.423 0.411 0.411 0.4045 0.4045 0.409 0.409 0.409 0.403 0.403 0.3905 0.3905 0.4075 0.4075 0.4075 0.424 0.424 0.4055 0.4055 0.433 0.433 0.437 0.437 0.437 0.37 0.37 0.3755 0.3755 0.3545 0.3545 0.3545 0.3535 0.3535 0.323 0.323 0.3665 0.3665 0.3665 0.3985 0.3985 0.4085 0.4085 0.3805 0.3805 0.3805 0.3535 0.3535 0.3425
