ndvi/NOAA-300.asc
ncols         252
nrows         154
xllcorner     -18.017974
yllcorner     13.481982
cellsize      0.035948
NODATA_value  -9999
[rows 68 to 101 of 154, columns 0 to 76 of 252]
-1 -1 -1 -1 -1 -1 -1 -1 -1 -1 -1 -1 -1 -1 -1 -1 -1 -1 -1 -1 -1 -1 -1 -1 -1 -1 -1 -1 -1 -1 -1 -1 -1 -1 -1 -1 -1 -1 -1 0.2015 0.2015 0.2015 0.25 0.25 0.4135 0.4135 0.468 0.468 0.468 0.4375 0.4375 0.3215 0.3215 0.314 0.314 0.2875 0.2875 0.2875 0.409 0.409 0.364 0.364 0.364 0.364 0.364 0.4425 0.4425 0.369 0.369 0.2705 0.2705 0.2705 0.237 0.237 0.2185 0.2185 0.221
-1 -1 -1 -1 -1 -1 -1 -1 -1 -1 -1 -1 -1 -1 -1 -1 -1 -1 -1 -1 -1 -1 -1 -1 -1 -1 -1 -1 -1 -1 -1 -1 -1 -1 -1 -1 -1 -1 -1 0.241 0.241 0.241 0.255 0.255 0.4345 0.4345 0.4435 0.4435 0.4435 0.3655 0.3655 0.37 0.37 0.319 0.319 0.3075 0.3075 0.3075 0.4235 0.4235 0.4165 0.4165 0.4165 0.4165 0.4165 0.378 0.378 0.261 0.261 0.25 0.25 0.25 0.2395 0.2395 0.2395 0.2395 0.241
-1 -1 -1 -1 -1 -1 -1 -1 -1 -1 -1 -1 -1 -1 -1 -1 -1 -1 -1 -1 -1 -1 -1 -1 -1 -1 -1 -1 -1 -1 -1 -1 -1 -1 -1 -1 -1 -1 -1 0.241 0.241 0.241 0.255 0.255 0.4345 0.4345 0.4435 0.4435 0.4435 0.3655 0.3655 0.37 0.37 0.319 0.319 0.3075 0.3075 0.3075 0.4235 0.4235 0.4165 0.4165 0.4165 0.4165 0.4165 0.378 0.378 0.261 0.261 0.25 0.25 0.25 0.2395 0.2395 0.2395 0.2395 0.241
-1 -1 -1 -1 -1 -1 -1 -1 -1 -1 -1 -1 -1 -1 -1 -1 -1 -1 -1 -1 -1 -1 -1 -1 -1 -1 -1 -1 -1 -1 -1 -1 -1 -1 -1 -1 -1 0.1032 0.1032 0.214 0.214 0.214 0.306 0.306 0.336 0.336 0.3125 0.3125 0.3125 0.339 0.339 0.2855 0.2855 0.258 0.258 0.228 0.228 0.228 0.3345 0.3345 0.339 0.339 0.339 0.339 0.339 0.257 0.257 0.261 0.261 0.2455 0.2455 0.2455 0.248 0.248 0.2425 0.2425 0.252
-1 -1 -1 -1 -1 -1 -1 -1 -1 -1 -1 -1 -1 -1 -1 -1 -1 -1 -1 -1 -1 -1 -1 -1 -1 -1 -1 -1 -1 -1 -1 -1 -1 -1 -1 -1 -1 0.1032 0.1032 0.214 0.214 0.214 0.306 0.306 0.336 0.336 0.3125 0.3125 0.3125 0.339 0.339 0.2855 0.2855 0.258 0.258 0.228 0.228 0.228 0.3345 0.3345 0.339 0.339 0.339 0.339 0.339 0.257 0.257 0.261 0.261 0.2455 0.2455 0.2455 0.248 0.248 0.2425 0.2425 0.252
-1 -1 -1 -1 -1 -1 -1 -1 -1 -1 -1 -1 -1 -1 -1 -1 -1 -1 -1 -1 -1 -1 -1 -1 -1 -1 -1 -1 -1 -1 -1 -1 -1 -1 -1 -1 -1 0.1032 0.1032 0.214 0.214 0.214 0.306 0.306 0.336 0.336 0.3125 0.3125 0.3125 0.339 0.339 0.2855 0.2855 0.258 0.258 0.228 0.228 0.228 0.3345 0.3345 0.339 0.339 0.339 0.339 0.339 0.257 0.257 0.261 0.261 0.2455 0.2455 0.2455 0.248 0.248 0.2425 0.2425 0.252
-1 -1 -1 -1 -1 -1 -1 -1 -1 -1 -1 -1 -1 -1 -1 -1 -1 -1 -1 -1 -1 -1 -1 -1 -1 -1 -1 -1 -1 -1 -1 -1 -1 -1 -1 -1 -1 0.021 0.021 0.245 0.245 0.245 0.313 0.313 0.2785 0.2785 0.2765 0.2765 0.2765 0.286 0.286 0.2655 0.2655 0.191 0.191 0.2155 0.2155 0.2155 0.2565 0.2565 0.267 0.267 0.267 0.267 0.267 0.258 0.258 0.2665 0.2665 0.255 0.255 0.255 0.243 0.243 0.2355 0.2355 0.2535
-1 -1 -1 -1 -1 -1 -1 -1 -1 -1 -1 -1 -1 -1 -1 -1 -1 -1 -1 -1 -1 -1 -1 -1 -1 -1 -1 -1 -1 -1 -1 -1 -1 -1 -1 -1 -1 0.021 0.021 0.245 0.245 0.245 0.313 0.313 0.2785 0.2785 0.2765 0.2765 0.2765 0.286 0.286 0.2655 0.2655 0.191 0.191 0.2155 0.2155 0.2155 0.2565 0.2565 0.267 0.267 0.267 0.267 0.267 0.258 0.258 0.2665 0.2665 0.255 0.255 0.255 0.243 0.243 0.2355 0.2355 0.2535
-1 -1 -1 -1 -1 -1 -1 -1 -1 -1 -1 -1 -1 -1 -1 -1 -1 -1 -1 -1 -1 -1 -1 -1 -1 -1 -1 -1 -1 -1 -1 -1 -1 -1 -1 -1 -1 -0.0009 -0.0009 0.207 0.207 0.207 0.3715 0.3715 0.378 0.378 0.2835 0.2835 0.2835 0.2765 0.2765 0.239 0.239 0.226 0.226 0.2615 0.2615 0.2615 0.264 0.264 0.268 0.268 0.268 0.268 0.268 0.2575 0.2575 0.256 0.256 0.2365 0.2365 0.2365 0.242 0.242 0.2445 0.2445 0.235
-1 -1 -1 -1 -1 -1 -1 -1 -1 -1 -1 -1 -1 -1 -1 -1 -1 -1 -1 -1 -1 -1 -1 -1 -1 -1 -1 -1 -1 -1 -1 -1 -1 -1 -1 -1 -1 -0.0009 -0.0009 0.207 0.207 0.207 0.3715 0.3715 0.378 0.378 0.2835 0.2835 0.2835 0.2765 0.2765 0.239 0.239 0.226 0.226 0.2615 0.2615 0.2615 0.264 0.264 0.268 0.268 0.268 0.268 0.268 0.2575 0.2575 0.256 0.256 0.2365 0.2365 0.2365 0.242 0.242 0.2445 0.2445 0.235
-1 -1 -1 -1 -1 -1 -1 -1 -1 -1 -1 -1 -1 -1 -1 -1 -1 -1 -1 -1 -1 -1 -1 -1 -1 -1 -1 -1 -1 -1 -1 -1 -1 -1 -1 -1 -1 0.0687 0.0687 0.2675 0.2675 0.2675 0.2725 0.2725 0.308 0.308 0.269 0.269 0.269 0.261 0.261 0.259 0.259 0.2835 0.2835 0.258 0.258 0.258 0.255 0.255 0.2615 0.2615 0.2615 0.2615 0.2615 0.258 0.258 0.2475 0.2475 0.23 0.23 0.23 0.241 0.241 0.2385 0.2385 0.2325
-1 -1 -1 -1 -1 -1 -1 -1 -1 -1 -1 -1 -1 -1 -1 -1 -1 -1 -1 -1 -1 -1 -1 -1 -1 -1 -1 -1 -1 -1 -1 -1 -1 -1 -1 -1 -1 0.0687 0.0687 0.2675 0.2675 0.2675 0.2725 0.2725 0.308 0.308 0.269 0.269 0.269 0.261 0.261 0.259 0.259 0.2835 0.2835 0.258 0.258 0.258 0.255 0.255 0.2615 0.2615 0.2615 0.2615 0.2615 0.258 0.258 0.2475 0.2475 0.23 0.23 0.23 0.241 0.241 0.2385 0.2385 0.2325
-1 -1 -1 -1 -1 -1 -1 -1 -1 -1 -1 -1 -1 -1 -1 -1 -1 -1 -1 -1 -1 -1 -1 -1 -1 -1 -1 -1 -1 -1 -1 -1 -1 -1 -1 -1 -1 0.0872 0.0872 0.265 0.265 0.265 0.273 0.273 0.272 0.272 0.2725 0.2725 0.2725 0.263 0.263 0.276 0.276 0.2425 0.2425 0.262 0.262 0.262 0.2495 0.2495 0.248 0.248 0.248 0.248 0.248 0.2455 0.2455 0.2405 0.2405 0.236 0.236 0.236 0.241 0.241 0.232 0.232 0.2155
-1 -1 -1 -1 -1 -1 -1 -1 -1 -1 -1 -1 -1 -1 -1 -1 -1 -1 -1 -1 -1 -1 -1 -1 -1 -1 -1 -1 -1 -1 -1 -1 -1 -1 -1 -1 -1 0.0872 0.0872 0.265 0.265 0.265 0.273 0.273 0.272 0.272 0.2725 0.2725 0.2725 0.263 0.263 0.276 0.276 0.2425 0.2425 0.262 0.262 0.262 0.2495 0.2495 0.248 0.248 0.248 0.248 0.248 0.2455 0.2455 0.2405 0.2405 0.236 0.236 0.236 0.241 0.241 0.232 0.232 0.2155
-1 -1 -1 -1 -1 -1 -1 -1 -1 -1 -1 -1 -1 -1 -1 -1 -1 -1 -1 -1 -1 -1 -1 -1 -1 -1 -1 -1 -1 -1 -1 -1 -1 -1 -1 -1 -1 0.0872 0.0872 0.265 0.265 0.265 0.273 0.273 0.272 0.272 0.2725 0.2725 0.2725 0.263 0.263 0.276 0.276 0.2425 0.2425 0.262 0.262 0.262 0.2495 0.2495 0.248 0.248 0.248 0.248 0.248 0.2455 0.2455 0.2405 0.2405 0.236 0.236 0.236 0.241 0.241 0.232 0.232 0.2155
-1 -1 -1 -1 -1 -1 -1 -1 -1 -1 -1 -1 -1 -1 -1 -1 -1 -1 -1 -1 -1 -1 -1 -1 -1 -1 -1 -1 -1 -1 -1 -1 -1 -1 -1 -1 -1 0.1127 0.1127 0.254 0.254 0.254 0.2795 0.2795 0.271 0.271 0.2585 0.2585 0.2585 0.2485 0.2485 0.257 0.257 0.267 0.267 0.2315 0.2315 0.2315 0.243 0.243 0.2485 0.2485 0.2485 0.2485 0.2485 0.257 0.257 0.251 0.251 0.241 0.241 0.241 0.2445 0.2445 0.2365 0.2365 0.221
-1 -1 -1 -1 -1 -1 -1 -1 -1 -1 -1 -1 -1 -1 -1 -1 -1 -1 -1 -1 -1 -1 -1 -1 -1 -1 -1 -1 -1 -1 -1 -1 -1 -1 -1 -1 -1 0.1127 0.1127 0.254 0.254 0.254 0.2795 0.2795 0.271 0.271 0.2585 0.2585 0.2585 0.2485 0.2485 0.257 0.257 0.267 0.267 0.2315 0.2315 0.2315 0.243 0.243 0.2485 0.2485 0.2485 0.2485 0.2485 0.257 0.257 0.251 0.251 0.241 0.241 0.241 0.2445 0.2445 0.2365 0.2365 0.221
-1 -1 -1 -1 -1 -1 -1 -1 -1 -1 -1 -1 -1 -1 -1 -1 -1 -1 -1 -1 -1 -1 -1 -1 -1 -1 -1 -1 -1 -1 -1 -1 -1 -1 -1 -1 -1 0.1075 0.1075 0.312 0.312 0.312 0.287 0.287 0.275 0.275 0.2525 0.2525 0.2525 0.249 0.249 0.2555 0.2555 0.2695 0.2695 0.2915 0.2915 0.2915 0.248 0.248 0.2545 0.2545 0.2545 0.2545 0.2545 0.2545 0.2545 0.249 0.249 0.2365 0.2365 0.2365 0.246 0.246 0.252 0.252 0.259
-1 -1 -1 -1 -1 -1 -1 -1 -1 -1 -1 -1 -1 -1 -1 -1 -1 -1 -1 -1 -1 -1 -1 -1 -1 -1 -1 -1 -1 -1 -1 -1 -1 -1 -1 -1 -1 0.1075 0.1075 0.312 0.312 0.312 0.287 0.287 0.275 0.275 0.2525 0.2525 0.2525 0.249 0.249 0.2555 0.2555 0.2695 0.2695 0.2915 0.2915 0.2915 0.248 0.248 0.2545 0.2545 0.2545 0.2545 0.2545 0.2545 0.2545 0.249 0.249 0.2365 0.2365 0.2365 0.246 0.246 0.252 0.252 0.259
-1 -1 -1 -1 -1 -1 -1 -1 -1 -1 -1 -1 -1 -1 -1 -1 -1 -1 -1 -1 -1 -1 -1 -1 -1 -1 -1 -1 -1 -1 -1 -1 -1 -1 -1 0.0312 0.0312 0.336 0.336 0.312 0.312 0.312 0.2915 0.2915 0.2705 0.2705 0.2565 0.2565 0.2565 0.2595 0.2595 0.2695 0.2695 0.2625 0.2625 0.273 0.273 0.273 0.276 0.276 0.278 0.278 0.278 0.278 0.278 0.264 0.264 0.264 0.264 0.265 0.265 0.265 0.2605 0.2605 0.2665 0.2665 0.28
-1 -1 -1 -1 -1 -1 -1 -1 -1 -1 -1 -1 -1 -1 -1 -1 -1 -1 -1 -1 -1 -1 -1 -1 -1 -1 -1 -1 -1 -1 -1 -1 -1 -1 -1 0.0312 0.0312 0.336 0.336 0.312 0.312 0.312 0.2915 0.2915 0.2705 0.2705 0.2565 0.2565 0.2565 0.2595 0.2595 0.2695 0.2695 0.2625 0.2625 0.273 0.273 0.273 0.276 0.276 0.278 0.278 0.278 0.278 0.278 0.264 0.264 0.264 0.264 0.265 0.265 0.265 0.2605 0.2605 0.2665 0.2665 0.28
-1 -1 -1 -1 -1 -1 -1 -1 -1 -1 -1 -1 -1 -1 -1 -1 -1 -1 -1 -1 -1 -1 -1 -1 -1 -1 -1 -1 -1 -1 -1 -1 -1 -1 -1 0.0312 0.0312 0.336 0.336 0.312 0.312 0.312 0.2915 0.2915 0.2705 0.2705 0.2565 0.2565 0.2565 0.2595 0.2595 0.2695 0.2695 0.2625 0.2625 0.273 0.273 0.273 0.276 0.276 0.278 0.278 0.278 0.278 0.278 0.264 0.264 0.264 0.264 0.265 0.265 0.265 0.2605 0.2605 0.2665 0.2665 0.28
-1 -1 -1 -1 -1 -1 -1 -1 -1 -1 -1 -1 -1 -1 -1 -1 -1 -1 -1 -1 -1 -1 -1 -1 -1 -1 -1 -1 -1 -1 -1 -1 -1 -1 -1 0.192 0.192 0.3005 0.3005 0.28 0.28 0.28 0.261 0.261 0.2635 0.2635 0.275 0.275 0.275 0.279 0.279 0.2845 0.2845 0.2785 0.2785 0.275 0.275 0.275 0.27 0.27 0.2745 0.2745 0.2745 0.2745 0.2745 0.271 0.271 0.28 0.28 0.2675 0.2675 0.2675 0.2495 0.2495 0.24 0.24 0.2005
-1 -1 -1 -1 -1 -1 -1 -1 -1 -1 -1 -1 -1 -1 -1 -1 -1 -1 -1 -1 -1 -1 -1 -1 -1 -1 -1 -1 -1 -1 -1 -1 -1 -1 -1 0.192 0.192 0.3005 0.3005 0.28 0.28 0.28 0.261 0.261 0.2635 0.2635 0.275 0.275 0.275 0.279 0.279 0.2845 0.2845 0.2785 0.2785 0.275 0.275 0.275 0.27 0.27 0.2745 0.2745 0.2745 0.2745 0.2745 0.271 0.271 0.28 0.28 0.2675 0.2675 0.2675 0.2495 0.2495 0.24 0.24 0.2005
-1 -1 -1 -1 -1 -1 -1 -1 -1 -1 -1 -1 -1 -1 -1 -1 -1 -1 -1 -1 -1 -1 -1 -1 -1 -1 -1 -1 -1 -1 -1 -1 0.0892 0.0892 0.0892 0.31 0.31 0.297 0.297 0.2695 0.2695 0.2695 0.2765 0.2765 0.269 0.269 0.2775 0.2775 0.2775 0.2845 0.2845 0.2945 0.2945 0.284 0.284 0.279 0.279 0.279 0.271 0.271 0.2845 0.2845 0.2845 0.2845 0.2845 0.2895 0.2895 0.267 0.267 0.269 0.269 0.269 0.249 0.249 0.255 0.255 0.257
-1 -1 -1 -1 -1 -1 -1 -1 -1 -1 -1 -1 -1 -1 -1 -1 -1 -1 -1 -1 -1 -1 -1 -1 -1 -1 -1 -1 -1 -1 -1 -1 0.0892 0.0892 0.0892 0.31 0.31 0.297 0.297 0.2695 0.2695 0.2695 0.2765 0.2765 0.269 0.269 0.2775 0.2775 0.2775 0.2845 0.2845 0.2945 0.2945 0.284 0.284 0.279 0.279 0.279 0.271 0.271 0.2845 0.2845 0.2845 0.2845 0.2845 0.2895 0.2895 0.267 0.267 0.269 0.269 0.269 0.249 0.249 0.255 0.255 0.257
-1 -1 -1 -1 -1 -1 -1 -1 -1 -1 -1 -1 -1 -1 -1 -1 -1 -1 -1 -1 -1 -1 -1 -1 -1 -1 -1 -1 -1 -1 0.0277 0.0277 0.2865 0.2865 0.2865 0.2875 0.2875 0.282 0.282 0.2635 0.2635 0.2635 0.2665 0.2665 0.2715 0.2715 0.2895 0.2895 0.2895 0.2935 0.2935 0.288 0.288 0.283 0.283 0.2765 0.2765 0.2765 0.2795 0.2795 0.293 0.293 0.293 0.293 0.293 0.2875 0.2875 0.282 0.282 0.263 0.263 0.263 0.253 0.253 0.255 0.255 0.2505
-1 -1 -1 -1 -1 -1 -1 -1 -1 -1 -1 -1 -1 -1 -1 -1 -1 -1 -1 -1 -1 -1 -1 -1 -1 -1 -1 -1 -1 -1 0.0277 0.0277 0.2865 0.2865 0.2865 0.2875 0.2875 0.282 0.282 0.2635 0.2635 0.2635 0.2665 0.2665 0.2715 0.2715 0.2895 0.2895 0.2895 0.2935 0.2935 0.288 0.288 0.283 0.283 0.2765 0.2765 0.2765 0.2795 0.2795 0.293 0.293 0.293 0.293 0.293 0.2875 0.2875 0.282 0.282 0.263 0.263 0.263 0.253 0.253 0.255 0.255 0.2505
-1 -1 -1 -1 -1 -1 -1 -1 -1 -1 -1 -1 -1 -1 -1 -1 -1 -1 -1 -1 -1 -1 -1 -1 -1 -1 -1 -1 -1 -1 0.0277 0.0277 0.2865 0.2865 0.2865 0.2875 0.2875 0.282 0.282 0.2635 0.2635 0.2635 0.2665 0.2665 0.2715 0.2715 0.2895 0.2895 0.2895 0.2935 0.2935 0.288 0.288 0.283 0.283 0.2765 0.2765 0.2765 0.2795 0.2795 0.293 0.293 0.293 0.293 0.293 0.2875 0.2875 0.282 0.282 0.263 0.263 0.263 0.253 0.253 0.255 0.255 0.2505
-1 -1 -1 -1 -1 -1 -1 -1 -1 -1 -1 -1 -1 -1 -1 -1 -1 -1 -1 -1 -1 -1 -1 -1 -1 -1 -1 -1 -1 -1 0.1605 0.1605 0.324 0.324 0.324 0.31 0.31 0.291 0.291 0.271 0.271 0.271 0.2725 0.2725 0.286 0.286 0.291 0.291 0.291 0.29 0.29 0.273 0.273 0.2745 0.2745 0.279 0.279 0.279 0.288 0.288 0.2945 0.2945 0.2945 0.2945 0.2945 0.2855 0.2855 0.279 0.279 0.259 0.259 0.259 0.2475 0.2475 0.237 0.237 0.235
-1 -1 -1 -1 -1 -1 -1 -1 -1 -1 -1 -1 -1 -1 -1 -1 -1 -1 -1 -1 -1 -1 -1 -1 -1 -1 -1 -1 -1 -1 0.1605 0.1605 0.324 0.324 0.324 0.31 0.31 0.291 0.291 0.271 0.271 0.271 0.2725 0.2725 0.286 0.286 0.291 0.291 0.291 0.29 0.29 0.273 0.273 0.2745 0.2745 0.279 0.279 0.279 0.288 0.288 0.2945 0.2945 0.2945 0.2945 0.2945 0.2855 0.2855 0.279 0.279 0.259 0.259 0.259 0.2475 0.2475 0.237 0.237 0.235
-1 -1 -1 -1 -1 -1 -1 -1 -1 -1 -1 -1 -1 -1 -1 -1 -1 -1 -1 -1 -1 -1 -1 -1 -1 -1 -1 -1 0.0762 0.0762 0.305 0.305 0.33 0.33 0.33 0.3165 0.3165 0.302 0.302 0.28 0.28 0.28 0.276 0.276 0.287 0.287 0.279 0.279 0.279 0.273 0.273 0.2725 0.2725 0.267 0.267 0.295 0.295 0.295 0.283 0.283 0.288 0.288 0.288 0.288 0.288 0.2845 0.2845 0.275 0.275 0.272 0.272 0.272 0.25 0.25 0.241 0.241 0.2365
-1 -1 -1 -1 -1 -1 -1 -1 -1 -1 -1 -1 -1 -1 -1 -1 -1 -1 -1 -1 -1 -1 -1 -1 -1 -1 -1 -1 0.0762 0.0762 0.305 0.305 0.33 0.33 0.33 0.3165 0.3165 0.302 0.302 0.28 0.28 0.28 0.276 0.276 0.287 0.287 0.279 0.279 0.279 0.273 0.273 0.2725 0.2725 0.267 0.267 0.295 0.295 0.295 0.283 0.283 0.288 0.288 0.288 0.288 0.288 0.2845 0.2845 0.275 0.275 0.272 0.272 0.272 0.25 0.25 0.241 0.241 0.2365
-1 -1 -1 -1 -1 -1 -1 -1 -1 -1 -1 -1 -1 -1 -1 -1 -1 -1 -1 -1 -1 -1 -1 -1 -1 0.0107 0.0107 0.0107 0.2135 0.2135 0.339 0.339 0.3475 0.3475 0.3475 0.337 0.337 0.3045 0.3045 0.295 0.295 0.295 0.2785 0.2785 0.282 0.282 0.2815 0.2815 0.2815 0.2785 0.2785 0.279 0.279 0.299 0.299 0.286 0.286 0.286 0.296 0.296 0.287 0.287 0.287 0.287 0.287 0.277 0.277 0.2785 0.2785 0.261 0.261 0.261 0.2405 0.2405 0.2345 0.2345 0.2265
