ndvi/NOAA-191.asc
ncols         252
nrows         154
xllcorner     -18.017974
yllcorner     13.481982
cellsize      0.035948
NODATA_value  -9999
[rows 102 to 135 of 154, columns 154 to 230 of 252]
0.2595 0.257 0.257 0.273 0.273 0.273 0.23 0.23 0.233 0.233 0.2445 0.2445 0.2365 0.2365 0.2365 0.254 0.254 0.265 0.265 0.2655 0.2655 0.2655 0.261 0.261 0.2535 0.2535 0.2655 0.2655 0.2655 0.257 0.257 0.2565 0.2565 0.2525 0.2525 0.2525 0.257 0.257 0.2545 0.2545 0.257 0.257 0.257 0.2695 0.2695 0.263 0.263 0.2685 0.2685 0.285 0.285 0.285 0.256 0.256 0.2335 0.2335 0.2405 0.2405 0.2405 0.247 0.247 0.245 0.245 0.248 0.248 0.248 0.229 0.229 0.2405 0.2405 0.244 0.244 0.244 0.25 0.25 0.279 0.279
0.2765 0.255 0.255 0.3125 0.3125 0.3125 0.223 0.223 0.2495 0.2495 0.262 0.262 0.265 0.265 0.265 0.255 0.255 0.2605 0.2605 0.2735 0.2735 0.2735 0.265 0.265 0.254 0.254 0.252 0.252 0.252 0.2805 0.2805 0.275 0.275 0.2605 0.2605 0.2605 0.247 0.247 0.253 0.253 0.272 0.272 0.272 0.292 0.292 0.2845 0.2845 0.3065 0.3065 0.301 0.301 0.301 0.276 0.276 0.2445 0.2445 0.25 0.25 0.25 0.2305 0.2305 0.2355 0.2355 0.2575 0.2575 0.2575 0.2525 0.2525 0.248 0.248 0.2455 0.2455 0.2455 0.257 0.257 0.2515 0.2515
0.2765 0.255 0.255 0.3125 0.3125 0.3125 0.223 0.223 0.2495 0.2495 0.262 0.262 0.265 0.265 0.265 0.255 0.255 0.2605 0.2605 0.2735 0.2735 0.2735 0.265 0.265 0.254 0.254 0.252 0.252 0.252 0.2805 0.2805 0.275 0.275 0.2605 0.2605 0.2605 0.247 0.247 0.253 0.253 0.272 0.272 0.272 0.292 0.292 0.2845 0.2845 0.3065 0.3065 0.301 0.301 0.301 0.276 0.276 0.2445 0.2445 0.25 0.25 0.25 0.2305 0.2305 0.2355 0.2355 0.2575 0.2575 0.2575 0.2525 0.2525 0.248 0.248 0.2455 0.2455 0.2455 0.257 0.257 0.2515 0.2515
0.2765 0.255 0.255 0.3125 0.3125 0.3125 0.223 0.223 0.2495 0.2495 0.262 0.262 0.265 0.265 0.265 0.255 0.255 0.2605 0.2605 0.2735 0.2735 0.2735 0.265 0.265 0.254 0.254 0.252 0.252 0.252 0.2805 0.2805 0.275 0.275 0.2605 0.2605 0.2605 0.247 0.247 0.253 0.253 0.272 0.272 0.272 0.292 0.292 0.2845 0.2845 0.3065 0.3065 0.301 0.301 0.301 0.276 0.276 0.2445 0.2445 0.25 0.25 0.25 0.2305 0.2305 0.2355 0.2355 0.2575 0.2575 0.2575 0.2525 0.2525 0.248 0.248 0.2455 0.2455 0.2455 0.257 0.257 0.2515 0.2515
0.272 0.28 0.28 0.2695 0.2695 0.2695 0.2715 0.2715 0.256 0.256 0.27 0.27 0.269 0.269 0.269 0.269 0.269 0.2725 0.2725 0.248 0.248 0.248 0.2365 0.2365 0.2515 0.2515 0.2565 0.2565 0.2565 0.292 0.292 0.3095 0.3095 0.2745 0.2745 0.2745 0.2825 0.2825 0.2785 0.2785 0.302 0.302 0.302 0.299 0.299 0.3285 0.3285 0.3195 0.3195 0.3535 0.3535 0.3535 0.304 0.304 0.3165 0.3165 0.3035 0.3035 0.3035 0.2395 0.2395 0.2555 0.2555 0.252 0.252 0.252 0.256 0.256 0.249 0.249 0.239 0.239 0.239 0.281 0.281 0.302 0.302
0.272 0.28 0.28 0.2695 0.2695 0.2695 0.2715 0.2715 0.256 0.256 0.27 0.27 0.269 0.269 0.269 0.269 0.269 0.2725 0.2725 0.248 0.248 0.248 0.2365 0.2365 0.2515 0.2515 0.2565 0.2565 0.2565 0.292 0.292 0.3095 0.3095 0.2745 0.2745 0.2745 0.2825 0.2825 0.2785 0.2785 0.302 0.302 0.302 0.299 0.299 0.3285 0.3285 0.3195 0.3195 0.3535 0.3535 0.3535 0.304 0.304 0.3165 0.3165 0.3035 0.3035 0.3035 0.2395 0.2395 0.2555 0.2555 0.252 0.252 0.252 0.256 0.256 0.249 0.249 0.239 0.239 0.239 0.281 0.281 0.302 0.302
0.279 0.288 0.288 0.2765 0.2765 0.2765 0.2705 0.2705 0.2715 0.2715 0.273 0.273 0.2685 0.2685 0.2685 0.263 0.263 0.2705 0.2705 0.317 0.317 0.317 0.269 0.269 0.2575 0.2575 0.2725 0.2725 0.2725 0.2875 0.2875 0.297 0.297 0.2975 0.2975 0.2975 0.2815 0.2815 0.303 0.303 0.3085 0.3085 0.3085 0.366 0.366 0.2955 0.2955 0.2775 0.2775 0.29 0.29 0.29 0.3745 0.3745 0.339 0.339 0.301 0.301 0.301 0.2745 0.2745 0.29 0.29 0.2685 0.2685 0.2685 0.2885 0.2885 0.2695 0.2695 0.2745 0.2745 0.2745 0.292 0.292 0.2905 0.2905
0.279 0.288 0.288 0.2765 0.2765 0.2765 0.2705 0.2705 0.2715 0.2715 0.273 0.273 0.2685 0.2685 0.2685 0.263 0.263 0.2705 0.2705 0.317 0.317 0.317 0.269 0.269 0.2575 0.2575 0.2725 0.2725 0.2725 0.2875 0.2875 0.297 0.297 0.2975 0.2975 0.2975 0.2815 0.2815 0.303 0.303 0.3085 0.3085 0.3085 0.366 0.366 0.2955 0.2955 0.2775 0.2775 0.29 0.29 0.29 0.3745 0.3745 0.339 0.339 0.301 0.301 0.301 0.2745 0.2745 0.29 0.29 0.2685 0.2685 0.2685 0.2885 0.2885 0.2695 0.2695 0.2745 0.2745 0.2745 0.292 0.292 0.2905 0.2905
0.2925 0.289 0.289 0.301 0.301 0.301 0.2925 0.2925 0.2785 0.2785 0.281 0.281 0.271 0.271 0.271 0.263 0.263 0.255 0.255 0.257 0.257 0.257 0.264 0.264 0.3 0.3 0.2725 0.2725 0.2725 0.276 0.276 0.291 0.291 0.2925 0.2925 0.2925 0.3285 0.3285 0.327 0.327 0.3005 0.3005 0.3005 0.339 0.339 0.2725 0.2725 0.27 0.27 0.265 0.265 0.265 0.2895 0.2895 0.409 0.409 0.367 0.367 0.367 0.2995 0.2995 0.3025 0.3025 0.2985 0.2985 0.2985 0.281 0.281 0.284 0.284 0.282 0.282 0.282 0.286 0.286 0.2965 0.2965
0.2925 0.289 0.289 0.301 0.301 0.301 0.2925 0.2925 0.2785 0.2785 0.281 0.281 0.271 0.271 0.271 0.263 0.263 0.255 0.255 0.257 0.257 0.257 0.264 0.264 0.3 0.3 0.2725 0.2725 0.2725 0.276 0.276 0.291 0.291 0.2925 0.2925 0.2925 0.3285 0.3285 0.327 0.327 0.3005 0.3005 0.3005 0.339 0.339 0.2725 0.2725 0.27 0.27 0.265 0.265 0.265 0.2895 0.2895 0.409 0.409 0.367 0.367 0.367 0.2995 0.2995 0.3025 0.3025 0.2985 0.2985 0.2985 0.281 0.281 0.284 0.284 0.282 0.282 0.282 0.286 0.286 0.2965 0.2965
0.2925 0.289 0.289 0.301 0.301 0.301 0.2925 0.2925 0.2785 0.2785 0.281 0.281 0.271 0.271 0.271 0.263 0.263 0.255 0.255 0.257 0.257 0.257 0.264 0.264 0.3 0.3 0.2725 0.2725 0.2725 0.276 0.276 0.291 0.291 0.2925 0.2925 0.2925 0.3285 0.3285 0.327 0.327 0.3005 0.3005 0.3005 0.339 0.339 0.2725 0.2725 0.27 0.27 0.265 0.265 0.265 0.2895 0.2895 0.409 0.409 0.367 0.367 0.367 0.2995 0.2995 0.3025 0.3025 0.2985 0.2985 0.2985 0.281 0.281 0.284 0.284 0.282 0.282 0.282 0.286 0.286 0.2965 0.2965
0.295 0.2835 0.2835 0.2965 0.2965 0.2965 0.2945 0.2945 0.28 0.28 0.2745 0.2745 0.2815 0.2815 0.2815 0.277 0.277 0.294 0.294 0.281 0.281 0.281 0.2975 0.2975 0.2795 0.2795 0.2875 0.2875 0.2875 0.285 0.285 0.2825 0.2825 0.3105 0.3105 0.3105 0.3115 0.3115 0.2905 0.2905 0.279 0.279 0.279 0.286 0.286 0.2955 0.2955 0.3045 0.3045 0.28 0.28 0.28 0.2925 0.2925 0.328 0.328 0.339 0.339 0.339 0.3135 0.3135 0.314 0.314 0.3045 0.3045 0.3045 0.2955 0.2955 0.3005 0.3005 0.3015 0.3015 0.3015 0.2995 0.2995 0.318 0.318
0.295 0.2835 0.2835 0.2965 0.2965 0.2965 0.2945 0.2945 0.28 0.28 0.2745 0.2745 0.2815 0.2815 0.2815 0.277 0.277 0.294 0.294 0.281 0.281 0.281 0.2975 0.2975 0.2795 0.2795 0.2875 0.2875 0.2875 0.285 0.285 0.2825 0.2825 0.3105 0.3105 0.3105 0.3115 0.3115 0.2905 0.2905 0.279 0.279 0.279 0.286 0.286 0.2955 0.2955 0.3045 0.3045 0.28 0.28 0.28 0.2925 0.2925 0.328 0.328 0.339 0.339 0.339 0.3135 0.3135 0.314 0.314 0.3045 0.3045 0.3045 0.2955 0.2955 0.3005 0.3005 0.3015 0.3015 0.3015 0.2995 0.2995 0.318 0.318
0.278 0.289 0.289 0.2945 0.2945 0.2945 0.297 0.297 0.2845 0.2845 0.2655 0.2655 0.271 0.271 0.271 0.287 0.287 0.2805 0.2805 0.284 0.284 0.284 0.295 0.295 0.289 0.289 0.2765 0.2765 0.2765 0.27 0.27 0.2885 0.2885 0.321 0.321 0.321 0.3505 0.3505 0.2805 0.2805 0.289 0.289 0.289 0.3005 0.3005 0.304 0.304 0.3055 0.3055 0.3285 0.3285 0.3285 0.335 0.335 0.3175 0.3175 0.378 0.378 0.378 0.3315 0.3315 0.321 0.321 0.3155 0.3155 0.3155 0.3165 0.3165 0.3105 0.3105 0.319 0.319 0.319 0.3285 0.3285 0.327 0.327
0.278 0.289 0.289 0.2945 0.2945 0.2945 0.297 0.297 0.2845 0.2845 0.2655 0.2655 0.271 0.271 0.271 0.287 0.287 0.2805 0.2805 0.284 0.284 0.284 0.295 0.295 0.289 0.289 0.2765 0.2765 0.2765 0.27 0.27 0.2885 0.2885 0.321 0.321 0.321 0.3505 0.3505 0.2805 0.2805 0.289 0.289 0.289 0.3005 0.3005 0.304 0.304 0.3055 0.3055 0.3285 0.3285 0.3285 0.335 0.335 0.3175 0.3175 0.378 0.378 0.378 0.3315 0.3315 0.321 0.321 0.3155 0.3155 0.3155 0.3165 0.3165 0.3105 0.3105 0.319 0.319 0.319 0.3285 0.3285 0.327 0.327
0.3075 0.312 0.312 0.2995 0.2995 0.2995 0.302 0.302 0.28 0.28 0.278 0.278 0.303 0.303 0.303 0.287 0.287 0.288 0.288 0.2825 0.2825 0.2825 0.2765 0.2765 0.265 0.265 0.2735 0.2735 0.2735 0.287 0.287 0.311 0.311 0.2975 0.2975 0.2975 0.295 0.295 0.2785 0.2785 0.31 0.31 0.31 0.31 0.31 0.295 0.295 0.2795 0.2795 0.3165 0.3165 0.3165 0.349 0.349 0.375 0.375 0.3525 0.3525 0.3525 0.3685 0.3685 0.368 0.368 0.345 0.345 0.345 0.31 0.31 0.3275 0.3275 0.351 0.351 0.351 0.3465 0.3465 0.357 0.357
0.3075 0.312 0.312 0.2995 0.2995 0.2995 0.302 0.302 0.28 0.28 0.278 0.278 0.303 0.303 0.303 0.287 0.287 0.288 0.288 0.2825 0.2825 0.2825 0.2765 0.2765 0.265 0.265 0.2735 0.2735 0.2735 0.287 0.287 0.311 0.311 0.2975 0.2975 0.2975 0.295 0.295 0.2785 0.2785 0.31 0.31 0.31 0.31 0.31 0.295 0.295 0.2795 0.2795 0.3165 0.3165 0.3165 0.349 0.349 0.375 0.375 0.3525 0.3525 0.3525 0.3685 0.3685 0.368 0.368 0.345 0.345 0.345 0.31 0.31 0.3275 0.3275 0.351 0.351 0.351 0.3465 0.3465 0.357 0.357
0.3075 0.312 0.312 0.2995 0.2995 0.2995 0.302 0.302 0.28 0.28 0.278 0.278 0.303 0.303 0.303 0.287 0.287 0.288 0.288 0.2825 0.2825 0.2825 0.2765 0.2765 0.265 0.265 0.2735 0.2735 0.2735 0.287 0.287 0.311 0.311 0.2975 0.2975 0.2975 0.295 0.295 0.2785 0.2785 0.31 0.31 0.31 0.31 0.31 0.295 0.295 0.2795 0.2795 0.3165 0.3165 0.3165 0.349 0.349 0.375 0.375 0.3525 0.3525 0.3525 0.3685 0.3685 0.368 0.368 0.345 0.345 0.345 0.31 0.31 0.3275 0.3275 0.351 0.351 0.351 0.3465 0.3465 0.357 0.357
0.3 0.3055 0.3055 0.304 0.304 0.304 0.2805 0.2805 0.2935 0.2935 0.294 0.294 0.308 0.308 0.308 0.2965 0.2965 0.295 0.295 0.306 0.306 0.306 0.3035 0.3035 0.301 0.301 0.266 0.266 0.266 0.2785 0.2785 0.2685 0.2685 0.276 0.276 0.276 0.28 0.28 0.3155 0.3155 0.2925 0.2925 0.2925 0.3535 0.3535 0.3525 0.3525 0.412 0.412 0.344 0.344 0.344 0.3495 0.3495 0.343 0.343 0.3275 0.3275 0.3275 0.379 0.379 0.365 0.365 0.3825 0.3825 0.3825 0.3485 0.3485 0.3815 0.3815 0.347 0.347 0.347 0.329 0.329 0.349 0.349
0.3 0.3055 0.3055 0.304 0.304 0.304 0.2805 0.2805 0.2935 0.2935 0.294 0.294 0.308 0.308 0.308 0.2965 0.2965 0.295 0.295 0.306 0.306 0.306 0.3035 0.3035 0.301 0.301 0.266 0.266 0.266 0.2785 0.2785 0.2685 0.2685 0.276 0.276 0.276 0.28 0.28 0.3155 0.3155 0.2925 0.2925 0.2925 0.3535 0.3535 0.3525 0.3525 0.412 0.412 0.344 0.344 0.344 0.3495 0.3495 0.343 0.343 0.3275 0.3275 0.3275 0.379 0.379 0.365 0.365 0.3825 0.3825 0.3825 0.3485 0.3485 0.3815 0.3815 0.347 0.347 0.347 0.329 0.329 0.349 0.349
0.3025 0.3175 0.3175 0.2985 0.2985 0.2985 0.3005 0.3005 0.3395 0.3395 0.305 0.305 0.331 0.331 0.331 0.3265 0.3265 0.3495 0.3495 0.3085 0.3085 0.3085 0.3175 0.3175 0.3025 0.3025 0.2735 0.2735 0.2735 0.269 0.269 0.2835 0.2835 0.271 0.271 0.271 0.329 0.329 0.3355 0.3355 0.351 0.351 0.351 0.3735 0.3735 0.378 0.378 0.3931 0.3931 0.343 0.343 0.343 0.395 0.395 0.3935 0.3935 0.411 0.411 0.411 0.4075 0.4075 0.3875 0.3875 0.3875 0.3875 0.3875 0.374 0.374 0.3755 0.3755 0.3665 0.3665 0.3665 0.381 0.381 0.3645 0.3645
0.3025 0.3175 0.3175 0.2985 0.2985 0.2985 0.3005 0.3005 0.3395 0.3395 0.305 0.305 0.331 0.331 0.331 0.3265 0.3265 0.3495 0.3495 0.3085 0.3085 0.3085 0.3175 0.3175 0.3025 0.3025 0.2735 0.2735 0.2735 0.269 0.269 0.2835 0.2835 0.271 0.271 0.271 0.329 0.329 0.3355 0.3355 0.351 0.351 0.351 0.3735 0.3735 0.378 0.378 0.3931 0.3931 0.343 0.343 0.343 0.395 0.395 0.3935 0.3935 0.411 0.411 0.411 0.4075 0.4075 0.3875 0.3875 0.3875 0.3875 0.3875 0.374 0.374 0.3755 0.3755 0.3665 0.3665 0.3665 0.381 0.381 0.3645 0.3645
0.315 0.33 0.33 0.3165 0.3165 0.3165 0.2985 0.2985 0.3105 0.3105 0.3365 0.3365 0.3345 0.3345 0.3345 0.3345 0.3345 0.319 0.319 0.3255 0.3255 0.3255 0.324 0.324 0.332 0.332 0.3115 0.3115 0.3115 0.2665 0.2665 0.2955 0.2955 0.309 0.309 0.309 0.334 0.334 0.3275 0.3275 0.3755 0.3755 0.3755 0.345 0.345 0.366 0.366 0.382 0.382 0.3895 0.3895 0.3895 0.418 0.418 0.4055 0.4055 0.405 0.405 0.405 0.363 0.363 0.3795 0.3795 0.379 0.379 0.379 0.379 0.379 0.425 0.425 0.3935 0.3935 0.3935 0.417 0.417 0.3985 0.3985
0.315 0.33 0.33 0.3165 0.3165 0.3165 0.2985 0.2985 0.3105 0.3105 0.3365 0.3365 0.3345 0.3345 0.3345 0.3345 0.3345 0.319 0.319 0.3255 0.3255 0.3255 0.324 0.324 0.332 0.332 0.3115 0.3115 0.3115 0.2665 0.2665 0.2955 0.2955 0.309 0.309 0.309 0.334 0.334 0.3275 0.3275 0.3755 0.3755 0.3755 0.345 0.345 0.366 0.366 0.382 0.382 0.3895 0.3895 0.3895 0.418 0.418 0.4055 0.4055 0.405 0.405 0.405 0.363 0.363 0.3795 0.3795 0.379 0.379 0.379 0.379 0.379 0.425 0.425 0.3935 0.3935 0.3935 0.417 0.417 0.3985 0.3985
0.292 0.295 0.295 0.3125 0.3125 0.3125 0.299 0.299 0.318 0.318 0.332 0.332 0.354 0.354 0.354 0.284 0.284 0.3155 0.3155 0.3385 0.3385 0.3385 0.3425 0.3425 0.323 0.323 0.3115 0.3115 0.3115 0.3095 0.3095 0.316 0.316 0.3045 0.3045 0.3045 0.346 0.346 0.3105 0.3105 0.3315 0.3315 0.3315 0.3845 0.3845 0.357 0.357 0.353 0.353 0.392 0.392 0.392 0.404 0.404 0.4105 0.4105 0.4195 0.4195 0.4195 0.4085 0.4085 0.404 0.404 0.3795 0.3795 0.3795 0.394 0.394 0.4425 0.4425 0.378 0.378 0.378 0.372 0.372 0.3785 0.3785
0.292 0.295 0.295 0.3125 0.3125 0.3125 0.299 0.299 0.318 0.318 0.332 0.332 0.354 0.354 0.354 0.284 0.284 0.3155 0.3155 0.3385 0.3385 0.3385 0.3425 0.3425 0.323 0.323 0.3115 0.3115 0.3115 0.3095 0.3095 0.316 0.316 0.3045 0.3045 0.3045 0.346 0.346 0.3105 0.3105 0.3315 0.3315 0.3315 0.3845 0.3845 0.357 0.357 0.353 0.353 0.392 0.392 0.392 0.404 0.404 0.4105 0.4105 0.4195 0.4195 0.4195 0.4085 0.4085 0.404 0.404 0.3795 0.3795 0.3795 0.394 0.394 0.4425 0.4425 0.378 0.378 0.378 0.372 0.372 0.3785 0.3785
0.292 0.295 0.295 0.3125 0.3125 0.3125 0.299 0.299 0.318 0.318 0.332 0.332 0.354 0.354 0.354 0.284 0.284 0.3155 0.3155 0.3385 0.3385 0.3385 0.3425 0.3425 0.323 0.323 0.3115 0.3115 0.3115 0.3095 0.3095 0.316 0.316 0.3045 0.3045 0.3045 0.346 0.346 0.3105 0.3105 0.3315 0.3315 0.3315 0.3845 0.3845 0.357 0.357 0.353 0.353 0.392 0.392 0.392 0.404 0.404 0.4105 0.4105 0.4195 0.4195 0.4195 0.4085 0.4085 0.404 0.404 0.3795 0.3795 0.3795 0.394 0.394 0.4425 0.4425 0.378 0.378 0.378 0.372 0.372 0.3785 0.3785
0.296 0.306 0.306 0.3355 0.3355 0.3355 0.306 0.306 0.3385 0.3385 0.305 0.305 0.34 0.34 0.34 0.347 0.347 0.3235 0.3235 0.343 0.343 0.343 0.337 0.337 0.3195 0.3195 0.316 0.316 0.316 0.3315 0.3315 0.3335 0.3335 0.315 0.315 0.315 0.3045 0.3045 0.3415 0.3415 0.3805 0.3805 0.3805 0.381 0.381 0.384 0.384 0.419 0.419 0.3405 0.3405 0.3405 0.397 0.397 0.42 0.42 0.416 0.416 0.416 0.405 0.405 0.4111 0.4111 0.414 0.414 0.414 0.43 0.43 0.4485 0.4485 0.419 0.419 0.419 0.3625 0.3625 0.3925 0.3925
0.296 0.306 0.306 0.3355 0.3355 0.3355 0.306 0.306 0.3385 0.3385 0.305 0.305 0.34 0.34 0.34 0.347 0.347 0.3235 0.3235 0.343 0.343 0.343 0.337 0.337 0.3195 0.3195 0.316 0.316 0.316 0.3315 0.3315 0.3335 0.3335 0.315 0.315 0.315 0.3045 0.3045 0.3415 0.3415 0.3805 0.3805 0.3805 0.381 0.381 0.384 0.384 0.419 0.419 0.3405 0.3405 0.3405 0.397 0.397 0.42 0.42 0.416 0.416 0.416 0.405 0.405 0.4111 0.4111 0.414 0.414 0.414 0.43 0.43 0.4485 0.4485 0.419 0.419 0.419 0.3625 0.3625 0.3925 0.3925
0.371 0.369 0.369 0.336 0.336 0.336 0.3525 0.3525 0.355 0.355 0.3555 0.3555 0.332 0.332 0.332 0.364 0.364 0.355 0.355 0.3565 0.3565 0.3565 0.371 0.371 0.3725 0.3725 0.3741 0.3741 0.3741 0.3675 0.3675 0.383 0.383 0.33 0.33 0.33 0.361 0.361 0.329 0.329 0.3925 0.3925 0.3925 0.4165 0.4165 0.4405 0.4405 0.423 0.423 0.429 0.429 0.429 0.4165 0.4165 0.4385 0.4385 0.458 0.458 0.458 0.4375 0.4375 0.4655 0.4655 0.4285 0.4285 0.4285 0.4425 0.4425 0.393 0.393 0.425 0.425 0.425 0.3645 0.3645 0.3775 0.3775
0.371 0.369 0.369 0.336 0.336 0.336 0.3525 0.3525 0.355 0.355 0.3555 0.3555 0.332 0.332 0.332 0.364 0.364 0.355 0.355 0.3565 0.3565 0.3565 0.371 0.371 0.3725 0.3725 0.3741 0.3741 0.3741 0.3675 0.3675 0.383 0.383 0.33 0.33 0.33 0.361 0.361 0.329 0.329 0.3925 0.3925 0.3925 0.4165 0.4165 0.4405 0.4405 0.423 0.423 0.429 0.429 0.429 0.4165 0.4165 0.4385 0.4385 0.458 0.458 0.458 0.4375 0.4375 0.4655 0.4655 0.4285 0.4285 0.4285 0.4425 0.4425 0.393 0.393 0.425 0.425 0.425 0.3645 0.3645 0.3775 0.3775
0.38 0.391 0.391 0.366 0.366 0.366 0.3665 0.3665 0.3745 0.3745 0.365 0.365 0.3806 0.3806 0.3806 0.352 0.352 0.357 0.357 0.3595 0.3595 0.3595 0.3811 0.3811 0.4006 0.4006 0.394 0.394 0.394 0.3775 0.3775 0.3335 0.3335 0.3545 0.3545 0.3545 0.3785 0.3785 0.3745 0.3745 0.4015 0.4015 0.4015 0.4235 0.4235 0.4055 0.4055 0.39 0.39 0.4356 0.4356 0.4356 0.428 0.428 0.409 0.409 0.4546 0.4546 0.4546 0.4965 0.4965 0.52 0.52 0.4825 0.4825 0.4825 0.4505 0.4505 0.4545 0.4545 0.3845 0.3845 0.3845 0.3885 0.3885 0.4155 0.4155
0.38 0.391 0.391 0.366 0.366 0.366 0.3665 0.3665 0.3745 0.3745 0.365 0.365 0.3806 0.3806 0.3806 0.352 0.352 0.357 0.357 0.3595 0.3595 0.3595 0.3811 0.3811 0.4006 0.4006 0.394 0.394 0.394 0.3775 0.3775 0.3335 0.3335 0.3545 0.3545 0.3545 0.3785 0.3785 0.3745 0.3745 0.4015 0.4015 0.4015 0.4235 0.4235 0.4055 0.4055 0.39 0.39 0.4356 0.4356 0.4356 0.428 0.428 0.409 0.409 0.4546 0.4546 0.4546 0.4965 0.4965 0.52 0.52 0.4825 0.4825 0.4825 0.4505 0.4505 0.4545 0.4545 0.3845 0.3845 0.3845 0.3885 0.3885 0.4155 0.4155
0.38 0.391 0.391 0.366 0.366 0.366 0.3665 0.3665 0.3745 0.3745 0.365 0.365 0.3806 0.3806 0.3806 0.352 0.352 0.357 0.357 0.3595 0.3595 0.3595 0.3811 0.3811 0.4006 0.4006 0.394 0.394 0.394 0.3775 0.3775 0.3335 0.3335 0.3545 0.3545 0.3545 0.3785 0.3785 0.3745 0.3745 0.4015 0.4015 0.4015 0.4235 0.4235 0.4055 0.4055 0.39 0.39 0.4356 0.4356 0.4356 0.428 0.428 0.409 0.409 0.4546 0.4546 0.4546 0.4965 0.4965 0.52 0.52 0.4825 0.4825 0.4825 0.4505 0.4505 0.4545 0.4545 0.3845 0.3845 0.3845 0.3885 0.3885 0.4155 0.4155
