ndvi/NOAA-383.asc
ncols         252
nrows         154
xllcorner     -18.017974
yllcorner     13.481982
cellsize      0.035948
NODATA_value  -9999
[rows 0 to 34 of 154, columns 77 to 153 of 252]
0.1155 0.1155 0.1125 0.1125 0.1095 0.1095 0.1125 0.1125 0.1125 0.113 0.113 0.1095 0.1095 0.1045 0.1045 0.109 0.109 0.109 0.109 0.109 0.105 0.105 0.111 0.111 0.111 0.1115 0.1115 0.1175 0.1175 0.106 0.106 0.106 0.103 0.103 0.097 0.097 0.102 0.102 0.102 0.104 0.104 0.095 0.095 0.0975 0.0975 0.0975 0.0895 0.0895 0.094 0.094 0.099 0.099 0.111 0.111 0.111 0.105 0.105 0.114 0.114 0.1095 0.1095 0.1095 0.1105 0.1105 0.113 0.113 0.1115 0.1115 0.1115 0.101 0.101 0.1015 0.1015 0.1015 0.1015 0.1015 0.095
0.1155 0.1155 0.1125 0.1125 0.1095 0.1095 0.1125 0.1125 0.1125 0.113 0.113 0.1095 0.1095 0.1045 0.1045 0.109 0.109 0.109 0.109 0.109 0.105 0.105 0.111 0.111 0.111 0.1115 0.1115 0.1175 0.1175 0.106 0.106 0.106 0.103 0.103 0.097 0.097 0.102 0.102 0.102 0.104 0.104 0.095 0.095 0.0975 0.0975 0.0975 0.0895 0.0895 0.094 0.094 0.099 0.099 0.111 0.111 0.111 0.105 0.105 0.114 0.114 0.1095 0.1095 0.1095 0.1105 0.1105 0.113 0.113 0.1115 0.1115 0.1115 0.101 0.101 0.1015 0.1015 0.1015 0.1015 0.1015 0.095
0.116 0.116 0.1115 0.1115 0.1145 0.1145 0.1115 0.1115 0.1115 0.1075 0.1075 0.1095 0.1095 0.111 0.111 0.115 0.115 0.115 0.1105 0.1105 0.112 0.112 0.104 0.104 0.104 0.104 0.104 0.1035 0.1035 0.106 0.106 0.106 0.107 0.107 0.0975 0.0975 0.1085 0.1085 0.1085 0.104 0.104 0.0935 0.0935 0.089 0.089 0.089 0.0975 0.0975 0.1035 0.1035 0.109 0.109 0.1145 0.1145 0.1145 0.1175 0.1175 0.1195 0.1195 0.1185 0.1185 0.1185 0.114 0.114 0.1095 0.1095 0.108 0.108 0.108 0.104 0.104 0.1025 0.1025 0.0985 0.0985 0.0985 0.0985
0.116 0.116 0.1115 0.1115 0.1145 0.1145 0.1115 0.1115 0.1115 0.1075 0.1075 0.1095 0.1095 0.111 0.111 0.115 0.115 0.115 0.1105 0.1105 0.112 0.112 0.104 0.104 0.104 0.104 0.104 0.1035 0.1035 0.106 0.106 0.106 0.107 0.107 0.0975 0.0975 0.1085 0.1085 0.1085 0.104 0.104 0.0935 0.0935 0.089 0.089 0.089 0.0975 0.0975 0.1035 0.1035 0.109 0.109 0.1145 0.1145 0.1145 0.1175 0.1175 0.1195 0.1195 0.1185 0.1185 0.1185 0.114 0.114 0.1095 0.1095 0.108 0.108 0.108 0.104 0.104 0.1025 0.1025 0.0985 0.0985 0.0985 0.0985
0.116 0.116 0.1115 0.1115 0.1145 0.1145 0.1115 0.1115 0.1115 0.1075 0.1075 0.1095 0.1095 0.111 0.111 0.115 0.115 0.115 0.1105 0.1105 0.112 0.112 0.104 0.104 0.104 0.104 0.104 0.1035 0.1035 0.106 0.106 0.106 0.107 0.107 0.0975 0.0975 0.1085 0.1085 0.1085 0.104 0.104 0.0935 0.0935 0.089 0.089 0.089 0.0975 0.0975 0.1035 0.1035 0.109 0.109 0.1145 0.1145 0.1145 0.1175 0.1175 0.1195 0.1195 0.1185 0.1185 0.1185 0.114 0.114 0.1095 0.1095 0.108 0.108 0.108 0.104 0.104 0.1025 0.1025 0.0985 0.0985 0.0985 0.0985
0.1145 0.1145 0.1205 0.1205 0.115 0.115 0.113 0.113 0.113 0.114 0.114 0.112 0.112 0.113 0.113 0.119 0.119 0.119 0.1095 0.1095 0.102 0.102 0.108 0.108 0.108 0.109 0.109 0.103 0.103 0.106 0.106 0.106 0.113 0.113 0.1065 0.1065 0.104 0.104 0.104 0.109 0.109 0.0955 0.0955 0.0985 0.0985 0.0985 0.09999999 0.09999999 0.108 0.108 0.116 0.116 0.116 0.116 0.116 0.115 0.115 0.1205 0.1205 0.1105 0.1105 0.1105 0.109 0.109 0.116 0.116 0.121 0.121 0.121 0.1155 0.1155 0.1075 0.1075 0.109 0.109 0.109 0.1075
0.1145 0.1145 0.1205 0.1205 0.115 0.115 0.113 0.113 0.113 0.114 0.114 0.112 0.112 0.113 0.113 0.119 0.119 0.119 0.1095 0.1095 0.102 0.102 0.108 0.108 0.108 0.109 0.109 0.103 0.103 0.106 0.106 0.106 0.113 0.113 0.1065 0.1065 0.104 0.104 0.104 0.109 0.109 0.0955 0.0955 0.0985 0.0985 0.0985 0.09999999 0.09999999 0.108 0.108 0.116 0.116 0.116 0.116 0.116 0.115 0.115 0.1205 0.1205 0.1105 0.1105 0.1105 0.109 0.109 0.116 0.116 0.121 0.121 0.121 0.1155 0.1155 0.1075 0.1075 0.109 0.109 0.109 0.1075
0.1135 0.1135 0.109 0.109 0.109 0.109 0.115 0.115 0.115 0.1185 0.1185 0.12 0.12 0.107 0.107 0.1055 0.1055 0.1055 0.11 0.11 0.109 0.109 0.112 0.112 0.112 0.111 0.111 0.1085 0.1085 0.103 0.103 0.103 0.1095 0.1095 0.104 0.104 0.1055 0.1055 0.1055 0.105 0.105 0.11 0.11 0.116 0.116 0.116 0.127 0.127 0.1325 0.1325 0.1275 0.1275 0.1255 0.1255 0.1255 0.1235 0.1235 0.1145 0.1145 0.1155 0.1155 0.1155 0.1145 0.1145 0.118 0.118 0.12 0.12 0.12 0.1235 0.1235 0.1155 0.1155 0.1135 0.1135 0.1135 0.117
0.1135 0.1135 0.109 0.109 0.109 0.109 0.115 0.115 0.115 0.1185 0.1185 0.12 0.12 0.107 0.107 0.1055 0.1055 0.1055 0.11 0.11 0.109 0.109 0.112 0.112 0.112 0.111 0.111 0.1085 0.1085 0.103 0.103 0.103 0.1095 0.1095 0.104 0.104 0.1055 0.1055 0.1055 0.105 0.105 0.11 0.11 0.116 0.116 0.116 0.127 0.127 0.1325 0.1325 0.1275 0.1275 0.1255 0.1255 0.1255 0.1235 0.1235 0.1145 0.1145 0.1155 0.1155 0.1155 0.1145 0.1145 0.118 0.118 0.12 0.12 0.12 0.1235 0.1235 0.1155 0.1155 0.1135 0.1135 0.1135 0.117
0.113 0.113 0.115 0.115 0.1205 0.1205 0.1185 0.1185 0.1185 0.113 0.113 0.109 0.109 0.1105 0.1105 0.111 0.111 0.111 0.1055 0.1055 0.1065 0.1065 0.111 0.111 0.111 0.1165 0.1165 0.1105 0.1105 0.119 0.119 0.119 0.1205 0.1205 0.1215 0.1215 0.114 0.114 0.114 0.1055 0.1055 0.12 0.12 0.126 0.126 0.126 0.134 0.134 0.136 0.136 0.136 0.136 0.1265 0.1265 0.1265 0.126 0.126 0.1245 0.1245 0.116 0.116 0.116 0.124 0.124 0.119 0.119 0.123 0.123 0.123 0.1275 0.1275 0.12 0.12 0.1205 0.1205 0.1205 0.1255
0.113 0.113 0.115 0.115 0.1205 0.1205 0.1185 0.1185 0.1185 0.113 0.113 0.109 0.109 0.1105 0.1105 0.111 0.111 0.111 0.1055 0.1055 0.1065 0.1065 0.111 0.111 0.111 0.1165 0.1165 0.1105 0.1105 0.119 0.119 0.119 0.1205 0.1205 0.1215 0.1215 0.114 0.114 0.114 0.1055 0.1055 0.12 0.12 0.126 0.126 0.126 0.134 0.134 0.136 0.136 0.136 0.136 0.1265 0.1265 0.1265 0.126 0.126 0.1245 0.1245 0.116 0.116 0.116 0.124 0.124 0.119 0.119 0.123 0.123 0.123 0.1275 0.1275 0.12 0.12 0.1205 0.1205 0.1205 0.1255
0.125 0.125 0.12 0.12 0.1165 0.1165 0.1165 0.1165 0.1165 0.1225 0.1225 0.118 0.118 0.1125 0.1125 0.1095 0.1095 0.1095 0.1105 0.1105 0.118 0.118 0.1215 0.1215 0.1215 0.119 0.119 0.117 0.117 0.1175 0.1175 0.1175 0.122 0.122 0.117 0.117 0.113 0.113 0.113 0.115 0.115 0.129 0.129 0.132 0.132 0.132 0.1315 0.1315 0.1335 0.1335 0.134 0.134 0.138 0.138 0.138 0.1315 0.1315 0.1325 0.1325 0.128 0.128 0.128 0.1275 0.1275 0.1325 0.1325 0.127 0.127 0.127 0.1295 0.1295 0.119 0.119 0.124 0.124 0.124 0.1345
0.125 0.125 0.12 0.12 0.1165 0.1165 0.1165 0.1165 0.1165 0.1225 0.1225 0.118 0.118 0.1125 0.1125 0.1095 0.1095 0.1095 0.1105 0.1105 0.118 0.118 0.1215 0.1215 0.1215 0.119 0.119 0.117 0.117 0.1175 0.1175 0.1175 0.122 0.122 0.117 0.117 0.113 0.113 0.113 0.115 0.115 0.129 0.129 0.132 0.132 0.132 0.1315 0.1315 0.1335 0.1335 0.134 0.134 0.138 0.138 0.138 0.1315 0.1315 0.1325 0.1325 0.128 0.128 0.128 0.1275 0.1275 0.1325 0.1325 0.127 0.127 0.127 0.1295 0.1295 0.119 0.119 0.124 0.124 0.124 0.1345
0.125 0.125 0.12 0.12 0.1165 0.1165 0.1165 0.1165 0.1165 0.1225 0.1225 0.118 0.118 0.1125 0.1125 0.1095 0.1095 0.1095 0.1105 0.1105 0.118 0.118 0.1215 0.1215 0.1215 0.119 0.119 0.117 0.117 0.1175 0.1175 0.1175 0.122 0.122 0.117 0.117 0.113 0.113 0.113 0.115 0.115 0.129 0.129 0.132 0.132 0.132 0.1315 0.1315 0.1335 0.1335 0.134 0.134 0.138 0.138 0.138 0.1315 0.1315 0.1325 0.1325 0.128 0.128 0.128 0.1275 0.1275 0.1325 0.1325 0.127 0.127 0.127 0.1295 0.1295 0.119 0.119 0.124 0.124 0.124 0.1345
0.128 0.128 0.1225 0.1225 0.1225 0.1225 0.123 0.123 0.123 0.128 0.128 0.1175 0.1175 0.116 0.116 0.1175 0.1175 0.1175 0.115 0.115 0.122 0.122 0.1235 0.1235 0.1235 0.1225 0.1225 0.121 0.121 0.1165 0.1165 0.1165 0.1185 0.1185 0.11 0.11 0.1055 0.1055 0.1055 0.107 0.107 0.1215 0.1215 0.132 0.132 0.132 0.1345 0.1345 0.1375 0.1375 0.1405 0.1405 0.141 0.141 0.141 0.1375 0.1375 0.1405 0.1405 0.1365 0.1365 0.1365 0.1305 0.1305 0.135 0.135 0.129 0.129 0.129 0.123 0.123 0.1255 0.1255 0.1355 0.1355 0.1355 0.131
0.128 0.128 0.1225 0.1225 0.1225 0.1225 0.123 0.123 0.123 0.128 0.128 0.1175 0.1175 0.116 0.116 0.1175 0.1175 0.1175 0.115 0.115 0.122 0.122 0.1235 0.1235 0.1235 0.1225 0.1225 0.121 0.121 0.1165 0.1165 0.1165 0.1185 0.1185 0.11 0.11 0.1055 0.1055 0.1055 0.107 0.107 0.1215 0.1215 0.132 0.132 0.132 0.1345 0.1345 0.1375 0.1375 0.1405 0.1405 0.141 0.141 0.141 0.1375 0.1375 0.1405 0.1405 0.1365 0.1365 0.1365 0.1305 0.1305 0.135 0.135 0.129 0.129 0.129 0.123 0.123 0.1255 0.1255 0.1355 0.1355 0.1355 0.131
0.122 0.122 0.123 0.123 0.1175 0.1175 0.1235 0.1235 0.1235 0.119 0.119 0.119 0.119 0.122 0.122 0.1175 0.1175 0.1175 0.116 0.116 0.117 0.117 0.1205 0.1205 0.1205 0.1215 0.1215 0.119 0.119 0.122 0.122 0.122 0.117 0.117 0.112 0.112 0.1095 0.1095 0.1095 0.1065 0.1065 0.124 0.124 0.1285 0.1285 0.1285 0.1385 0.1385 0.143 0.143 0.1375 0.1375 0.136 0.136 0.136 0.124 0.124 0.1345 0.1345 0.14 0.14 0.14 0.1415 0.1415 0.1455 0.1455 0.134 0.134 0.134 0.1195 0.1195 0.119 0.119 0.1245 0.1245 0.1245 0.1325
0.122 0.122 0.123 0.123 0.1175 0.1175 0.1235 0.1235 0.1235 0.119 0.119 0.119 0.119 0.122 0.122 0.1175 0.1175 0.1175 0.116 0.116 0.117 0.117 0.1205 0.1205 0.1205 0.1215 0.1215 0.119 0.119 0.122 0.122 0.122 0.117 0.117 0.112 0.112 0.1095 0.1095 0.1095 0.1065 0.1065 0.124 0.124 0.1285 0.1285 0.1285 0.1385 0.1385 0.143 0.143 0.1375 0.1375 0.136 0.136 0.136 0.124 0.124 0.1345 0.1345 0.14 0.14 0.14 0.1415 0.1415 0.1455 0.1455 0.134 0.134 0.134 0.1195 0.1195 0.119 0.119 0.1245 0.1245 0.1245 0.1325
0.1245 0.1245 0.1215 0.1215 0.1245 0.1245 0.1195 0.1195 0.1195 0.1245 0.1245 0.123 0.123 0.1205 0.1205 0.1225 0.1225 0.1225 0.1205 0.1205 0.12 0.12 0.1195 0.1195 0.1195 0.1175 0.1175 0.1185 0.1185 0.121 0.121 0.121 0.1205 0.1205 0.114 0.114 0.1095 0.1095 0.1095 0.109 0.109 0.121 0.121 0.132 0.132 0.132 0.1395 0.1395 0.137 0.137 0.1345 0.1345 0.1355 0.1355 0.1355 0.1285 0.1285 0.1305 0.1305 0.1365 0.1365 0.1365 0.1465 0.1465 0.1425 0.1425 0.1315 0.1315 0.1315 0.1325 0.1325 0.127 0.127 0.1215 0.1215 0.1215 0.1285
0.1245 0.1245 0.1215 0.1215 0.1245 0.1245 0.1195 0.1195 0.1195 0.1245 0.1245 0.123 0.123 0.1205 0.1205 0.1225 0.1225 0.1225 0.1205 0.1205 0.12 0.12 0.1195 0.1195 0.1195 0.1175 0.1175 0.1185 0.1185 0.121 0.121 0.121 0.1205 0.1205 0.114 0.114 0.1095 0.1095 0.1095 0.109 0.109 0.121 0.121 0.132 0.132 0.132 0.1395 0.1395 0.137 0.137 0.1345 0.1345 0.1355 0.1355 0.1355 0.1285 0.1285 0.1305 0.1305 0.1365 0.1365 0.1365 0.1465 0.1465 0.1425 0.1425 0.1315 0.1315 0.1315 0.1325 0.1325 0.127 0.127 0.1215 0.1215 0.1215 0.1285
0.1245 0.1245 0.1215 0.1215 0.1245 0.1245 0.1195 0.1195 0.1195 0.1245 0.1245 0.123 0.123 0.1205 0.1205 0.1225 0.1225 0.1225 0.1205 0.1205 0.12 0.12 0.1195 0.1195 0.1195 0.1175 0.1175 0.1185 0.1185 0.121 0.121 0.121 0.1205 0.1205 0.114 0.114 0.1095 0.1095 0.1095 0.109 0.109 0.121 0.121 0.132 0.132 0.132 0.1395 0.1395 0.137 0.137 0.1345 0.1345 0.1355 0.1355 0.1355 0.1285 0.1285 0.1305 0.1305 0.1365 0.1365 0.1365 0.1465 0.1465 0.1425 0.1425 0.1315 0.1315 0.1315 0.1325 0.1325 0.127 0.127 0.1215 0.1215 0.1215 0.1285
0.12 0.12 0.1255 0.1255 0.1285 0.1285 0.127 0.127 0.127 0.1295 0.1295 0.123 0.123 0.1185 0.1185 0.1205 0.1205 0.1205 0.1195 0.1195 0.119 0.119 0.115 0.115 0.115 0.1165 0.1165 0.126 0.126 0.1315 0.1315 0.1315 0.1295 0.1295 0.1285 0.1285 0.1155 0.1155 0.1155 0.118 0.118 0.143 0.143 0.151 0.151 0.151 0.1525 0.1525 0.1495 0.1495 0.134 0.134 0.1285 0.1285 0.1285 0.1255 0.1255 0.1265 0.1265 0.134 0.134 0.134 0.1375 0.1375 0.1355 0.1355 0.1365 0.1365 0.1365 0.1365 0.1365 0.139 0.139 0.134 0.134 0.134 0.1755
0.12 0.12 0.1255 0.1255 0.1285 0.1285 0.127 0.127 0.127 0.1295 0.1295 0.123 0.123 0.1185 0.1185 0.1205 0.1205 0.1205 0.1195 0.1195 0.119 0.119 0.115 0.115 0.115 0.1165 0.1165 0.126 0.126 0.1315 0.1315 0.1315 0.1295 0.1295 0.1285 0.1285 0.1155 0.1155 0.1155 0.118 0.118 0.143 0.143 0.151 0.151 0.151 0.1525 0.1525 0.1495 0.1495 0.134 0.134 0.1285 0.1285 0.1285 0.1255 0.1255 0.1265 0.1265 0.134 0.134 0.134 0.1375 0.1375 0.1355 0.1355 0.1365 0.1365 0.1365 0.1365 0.1365 0.139 0.139 0.134 0.134 0.134 0.1755
0.128 0.128 0.122 0.122 0.128 0.128 0.134 0.134 0.134 0.1355 0.1355 0.139 0.139 0.129 0.129 0.129 0.129 0.129 0.1365 0.1365 0.131 0.131 0.13 0.13 0.13 0.128 0.128 0.137 0.137 0.132 0.132 0.132 0.1295 0.1295 0.122 0.122 0.1205 0.1205 0.1205 0.118 0.118 0.143 0.143 0.151 0.151 0.151 0.1455 0.1455 0.149 0.149 0.158 0.158 0.1375 0.1375 0.1375 0.127 0.127 0.126 0.126 0.132 0.132 0.132 0.131 0.131 0.1315 0.1315 0.1415 0.1415 0.1415 0.1405 0.1405 0.1435 0.1435 0.14 0.14 0.14 0.1355
0.128 0.128 0.122 0.122 0.128 0.128 0.134 0.134 0.134 0.1355 0.1355 0.139 0.139 0.129 0.129 0.129 0.129 0.129 0.1365 0.1365 0.131 0.131 0.13 0.13 0.13 0.128 0.128 0.137 0.137 0.132 0.132 0.132 0.1295 0.1295 0.122 0.122 0.1205 0.1205 0.1205 0.118 0.118 0.143 0.143 0.151 0.151 0.151 0.1455 0.1455 0.149 0.149 0.158 0.158 0.1375 0.1375 0.1375 0.127 0.127 0.126 0.126 0.132 0.132 0.132 0.131 0.131 0.1315 0.1315 0.1415 0.1415 0.1415 0.1405 0.1405 0.1435 0.1435 0.14 0.14 0.14 0.1355
0.133 0.133 0.1325 0.1325 0.135 0.135 0.143 0.143 0.143 0.147 0.147 0.1445 0.1445 0.1355 0.1355 0.1295 0.1295 0.1295 0.136 0.136 0.1315 0.1315 0.13 0.13 0.13 0.1355 0.1355 0.143 0.143 0.1375 0.1375 0.1375 0.14 0.14 0.1305 0.1305 0.1265 0.1265 0.1265 0.123 0.123 0.143 0.143 0.145 0.145 0.145 0.145 0.145 0.146 0.146 0.1575 0.1575 0.143 0.143 0.143 0.138 0.138 0.1295 0.1295 0.1255 0.1255 0.1255 0.131 0.131 0.1245 0.1245 0.1305 0.1305 0.1305 0.14 0.14 0.138 0.138 0.136 0.136 0.136 0.134
0.133 0.133 0.1325 0.1325 0.135 0.135 0.143 0.143 0.143 0.147 0.147 0.1445 0.1445 0.1355 0.1355 0.1295 0.1295 0.1295 0.136 0.136 0.1315 0.1315 0.13 0.13 0.13 0.1355 0.1355 0.143 0.143 0.1375 0.1375 0.1375 0.14 0.14 0.1305 0.1305 0.1265 0.1265 0.1265 0.123 0.123 0.143 0.143 0.145 0.145 0.145 0.145 0.145 0.146 0.146 0.1575 0.1575 0.143 0.143 0.143 0.138 0.138 0.1295 0.1295 0.1255 0.1255 0.1255 0.131 0.131 0.1245 0.1245 0.1305 0.1305 0.1305 0.14 0.14 0.138 0.138 0.136 0.136 0.136 0.134
0.133 0.133 0.1325 0.1325 0.135 0.135 0.143 0.143 0.143 0.147 0.147 0.1445 0.1445 0.1355 0.1355 0.1295 0.1295 0.1295 0.136 0.136 0.1315 0.1315 0.13 0.13 0.13 0.1355 0.1355 0.143 0.143 0.1375 0.1375 0.1375 0.14 0.14 0.1305 0.1305 0.1265 0.1265 0.1265 0.123 0.123 0.143 0.143 0.145 0.145 0.145 0.145 0.145 0.146 0.146 0.1575 0.1575 0.143 0.143 0.143 0.138 0.138 0.1295 0.1295 0.1255 0.1255 0.1255 0.131 0.131 0.1245 0.1245 0.1305 0.1305 0.1305 0.14 0.14 0.138 0.138 0.136 0.136 0.136 0.134
0.1345 0.1345 0.15 0.15 0.1495 0.1495 0.1495 0.1495 0.1495 0.147 0.147 0.158 0.158 0.1445 0.1445 0.1475 0.1475 0.1475 0.1365 0.1365 0.1375 0.1375 0.134 0.134 0.134 0.132 0.132 0.1385 0.1385 0.1405 0.1405 0.1405 0.1365 0.1365 0.1385 0.1385 0.14 0.14 0.14 0.133 0.133 0.1435 0.1435 0.1385 0.1385 0.1385 0.145 0.145 0.145 0.145 0.1515 0.1515 0.151 0.151 0.151 0.1495 0.1495 0.1365 0.1365 0.132 0.132 0.132 0.1375 0.1375 0.137 0.137 0.1375 0.1375 0.1375 0.133 0.133 0.1305 0.1305 0.128 0.128 0.128 0.131
0.1345 0.1345 0.15 0.15 0.1495 0.1495 0.1495 0.1495 0.1495 0.147 0.147 0.158 0.158 0.1445 0.1445 0.1475 0.1475 0.1475 0.1365 0.1365 0.1375 0.1375 0.134 0.134 0.134 0.132 0.132 0.1385 0.1385 0.1405 0.1405 0.1405 0.1365 0.1365 0.1385 0.1385 0.14 0.14 0.14 0.133 0.133 0.1435 0.1435 0.1385 0.1385 0.1385 0.145 0.145 0.145 0.145 0.1515 0.1515 0.151 0.151 0.151 0.1495 0.1495 0.1365 0.1365 0.132 0.132 0.132 0.1375 0.1375 0.137 0.137 0.1375 0.1375 0.1375 0.133 0.133 0.1305 0.1305 0.128 0.128 0.128 0.131
0.134 0.134 0.1575 0.1575 0.1505 0.1505 0.142 0.142 0.142 0.1445 0.1445 0.163 0.163 0.1685 0.1685 0.1575 0.1575 0.1575 0.1495 0.1495 0.1465 0.1465 0.135 0.135 0.135 0.138 0.138 0.1455 0.1455 0.1475 0.1475 0.1475 0.1415 0.1415 0.1395 0.1395 0.137 0.137 0.137 0.138 0.138 0.1415 0.1415 0.139 0.139 0.139 0.1385 0.1385 0.1305 0.1305 0.114 0.114 0.139 0.139 0.139 0.1475 0.1475 0.1575 0.1575 0.1455 0.1455 0.1455 0.1495 0.1495 0.1545 0.1545 0.149 0.149 0.149 0.139 0.139 0.1275 0.1275 0.1245 0.1245 0.1245 0.129
0.134 0.134 0.1575 0.1575 0.1505 0.1505 0.142 0.142 0.142 0.1445 0.1445 0.163 0.163 0.1685 0.1685 0.1575 0.1575 0.1575 0.1495 0.1495 0.1465 0.1465 0.135 0.135 0.135 0.138 0.138 0.1455 0.1455 0.1475 0.1475 0.1475 0.1415 0.1415 0.1395 0.1395 0.137 0.137 0.137 0.138 0.138 0.1415 0.1415 0.139 0.139 0.139 0.1385 0.1385 0.1305 0.1305 0.114 0.114 0.139 0.139 0.139 0.1475 0.1475 0.1575 0.1575 0.1455 0.1455 0.1455 0.1495 0.1495 0.1545 0.1545 0.149 0.149 0.149 0.139 0.139 0.1275 0.1275 0.1245 0.1245 0.1245 0.129
0.1625 0.1625 0.1465 0.1465 0.1465 0.1465 0.1415 0.1415 0.1415 0.134 0.134 0.153 0.153 0.1675 0.1675 0.175 0.175 0.175 0.162 0.162 0.1625 0.1625 0.1515 0.1515 0.1515 0.162 0.162 0.16 0.16 0.155 0.155 0.155 0.148 0.148 0.1285 0.1285 0.1415 0.1415 0.1415 0.143 0.143 0.123 0.123 0.1425 0.1425 0.1425 0.144 0.144 0.1365 0.1365 0.1465 0.1465 0.139 0.139 0.139 0.152 0.152 0.143 0.143 0.1565 0.1565 0.1565 0.161 0.161 0.16 0.16 0.15 0.15 0.15 0.144 0.144 0.1685 0.1685 0.1235 0.1235 0.1235 0.1305
0.1625 0.1625 0.1465 0.1465 0.1465 0.1465 0.1415 0.1415 0.1415 0.134 0.134 0.153 0.153 0.1675 0.1675 0.175 0.175 0.175 0.162 0.162 0.1625 0.1625 0.1515 0.1515 0.1515 0.162 0.162 0.16 0.16 0.155 0.155 0.155 0.148 0.148 0.1285 0.1285 0.1415 0.1415 0.1415 0.143 0.143 0.123 0.123 0.1425 0.1425 0.1425 0.144 0.144 0.1365 0.1365 0.1465 0.1465 0.139 0.139 0.139 0.152 0.152 0.143 0.143 0.1565 0.1565 0.1565 0.161 0.161 0.16 0.16 0.15 0.15 0.15 0.144 0.144 0.1685 0.1685 0.1235 0.1235 0.1235 0.1305
0.18 0.18 0.1605 0.1605 0.1345 0.1345 0.145 0.145 0.145 0.1415 0.1415 0.1485 0.1485 0.1475 0.1475 0.158 0.158 0.158 0.175 0.175 0.157 0.157 0.153 0.153 0.153 0.1435 0.1435 0.153 0.153 0.1445 0.1445 0.1445 0.1465 0.1465 0.1515 0.1515 0.1425 0.1425 0.1425 0.137 0.137 0.14 0.14 0.162 0.162 0.162 0.1395 0.1395 0.122 0.122 0.1355 0.1355 0.1405 0.1405 0.1405 0.14 0.14 0.139 0.139 0.1515 0.1515 0.1515 0.1605 0.1605 0.1545 0.1545 0.159 0.159 0.159 0.1335 0.1335 0.1465 0.1465 0.1225 0.1225 0.1225 0.136
