ndvi/NOAA-26.asc
ncols         252
nrows         154
xllcorner     -18.017974
yllcorner     13.481982
cellsize      0.035948
NODATA_value  -9999
[rows 102 to 135 of 154, columns 78 to 155 of 252]
0.2515 0.2385 0.2385 0.239 0.239 0.2455 0.2455 0.2455 0.2555 0.2555 0.235 0.235 0.256 0.256 0.263 0.263 0.263 0.2605 0.2605 0.25 0.25 0.2635 0.2635 0.2635 0.257 0.257 0.242 0.242 0.2475 0.2475 0.2475 0.259 0.259 0.2815 0.2815 0.2735 0.2735 0.2735 0.266 0.266 0.2695 0.2695 0.291 0.291 0.291 0.3055 0.3055 0.2995 0.2995 0.2975 0.2975 0.3105 0.3105 0.3105 0.289 0.289 0.2885 0.2885 0.2485 0.2485 0.2485 0.2875 0.2875 0.31 0.31 0.2875 0.2875 0.2875 0.302 0.302 0.252 0.252 0.256 0.256 0.256 0.232 0.232 0.223
0.252 0.2505 0.2505 0.2495 0.2495 0.2515 0.2515 0.2515 0.245 0.245 0.2795 0.2795 0.2755 0.2755 0.2725 0.2725 0.2725 0.2605 0.2605 0.2565 0.2565 0.2635 0.2635 0.2635 0.266 0.266 0.2415 0.2415 0.2455 0.2455 0.2455 0.252 0.252 0.252 0.252 0.284 0.284 0.284 0.2685 0.2685 0.278 0.278 0.2835 0.2835 0.2835 0.2795 0.2795 0.2705 0.2705 0.279 0.279 0.294 0.294 0.294 0.328 0.328 0.3265 0.3265 0.31 0.31 0.31 0.2735 0.2735 0.2755 0.2755 0.283 0.283 0.283 0.2615 0.2615 0.2325 0.2325 0.2405 0.2405 0.2405 0.2415 0.2415 0.2465
0.252 0.2505 0.2505 0.2495 0.2495 0.2515 0.2515 0.2515 0.245 0.245 0.2795 0.2795 0.2755 0.2755 0.2725 0.2725 0.2725 0.2605 0.2605 0.2565 0.2565 0.2635 0.2635 0.2635 0.266 0.266 0.2415 0.2415 0.2455 0.2455 0.2455 0.252 0.252 0.252 0.252 0.284 0.284 0.284 0.2685 0.2685 0.278 0.278 0.2835 0.2835 0.2835 0.2795 0.2795 0.2705 0.2705 0.279 0.279 0.294 0.294 0.294 0.328 0.328 0.3265 0.3265 0.31 0.31 0.31 0.2735 0.2735 0.2755 0.2755 0.283 0.283 0.283 0.2615 0.2615 0.2325 0.2325 0.2405 0.2405 0.2405 0.2415 0.2415 0.2465
0.252 0.2505 0.2505 0.2495 0.2495 0.2515 0.2515 0.2515 0.245 0.245 0.2795 0.2795 0.2755 0.2755 0.2725 0.2725 0.2725 0.2605 0.2605 0.2565 0.2565 0.2635 0.2635 0.2635 0.266 0.266 0.2415 0.2415 0.2455 0.2455 0.2455 0.252 0.252 0.252 0.252 0.284 0.284 0.284 0.2685 0.2685 0.278 0.278 0.2835 0.2835 0.2835 0.2795 0.2795 0.2705 0.2705 0.279 0.279 0.294 0.294 0.294 0.328 0.328 0.3265 0.3265 0.31 0.31 0.31 0.2735 0.2735 0.2755 0.2755 0.283 0.283 0.283 0.2615 0.2615 0.2325 0.2325 0.2405 0.2405 0.2405 0.2415 0.2415 0.2465
0.253 0.262 0.262 0.263 0.263 0.278 0.278 0.278 0.2825 0.2825 0.278 0.278 0.267 0.267 0.2775 0.2775 0.2775 0.2745 0.2745 0.2745 0.2745 0.2755 0.2755 0.2755 0.285 0.285 0.2965 0.2965 0.2845 0.2845 0.2845 0.29 0.29 0.273 0.273 0.2805 0.2805 0.2805 0.2575 0.2575 0.263 0.263 0.278 0.278 0.278 0.2935 0.2935 0.2855 0.2855 0.2875 0.2875 0.292 0.292 0.292 0.3225 0.3225 0.316 0.316 0.336 0.336 0.336 0.275 0.275 0.295 0.295 0.284 0.284 0.284 0.2585 0.2585 0.258 0.258 0.2425 0.2425 0.2425 0.246 0.246 0.2735
0.253 0.262 0.262 0.263 0.263 0.278 0.278 0.278 0.2825 0.2825 0.278 0.278 0.267 0.267 0.2775 0.2775 0.2775 0.2745 0.2745 0.2745 0.2745 0.2755 0.2755 0.2755 0.285 0.285 0.2965 0.2965 0.2845 0.2845 0.2845 0.29 0.29 0.273 0.273 0.2805 0.2805 0.2805 0.2575 0.2575 0.263 0.263 0.278 0.278 0.278 0.2935 0.2935 0.2855 0.2855 0.2875 0.2875 0.292 0.292 0.292 0.3225 0.3225 0.316 0.316 0.336 0.336 0.336 0.275 0.275 0.295 0.295 0.284 0.284 0.284 0.2585 0.2585 0.258 0.258 0.2425 0.2425 0.2425 0.246 0.246 0.2735
0.2705 0.2655 0.2655 0.276 0.276 0.2835 0.2835 0.2835 0.287 0.287 0.295 0.295 0.262 0.262 0.27 0.27 0.27 0.303 0.303 0.2805 0.2805 0.275 0.275 0.275 0.3055 0.3055 0.3135 0.3135 0.282 0.282 0.282 0.3035 0.3035 0.297 0.297 0.313 0.313 0.313 0.2835 0.2835 0.2845 0.2845 0.304 0.304 0.304 0.2775 0.2775 0.301 0.301 0.2915 0.2915 0.3105 0.3105 0.3105 0.3075 0.3075 0.294 0.294 0.3065 0.3065 0.3065 0.313 0.313 0.309 0.309 0.334 0.334 0.334 0.2625 0.2625 0.262 0.262 0.246 0.246 0.246 0.261 0.261 0.2805
0.2705 0.2655 0.2655 0.276 0.276 0.2835 0.2835 0.2835 0.287 0.287 0.295 0.295 0.262 0.262 0.27 0.27 0.27 0.303 0.303 0.2805 0.2805 0.275 0.275 0.275 0.3055 0.3055 0.3135 0.3135 0.282 0.282 0.282 0.3035 0.3035 0.297 0.297 0.313 0.313 0.313 0.2835 0.2835 0.2845 0.2845 0.304 0.304 0.304 0.2775 0.2775 0.301 0.301 0.2915 0.2915 0.3105 0.3105 0.3105 0.3075 0.3075 0.294 0.294 0.3065 0.3065 0.3065 0.313 0.313 0.309 0.309 0.334 0.334 0.334 0.2625 0.2625 0.262 0.262 0.246 0.246 0.246 0.261 0.261 0.2805
0.2915 0.263 0.263 0.253 0.253 0.276 0.276 0.276 0.278 0.278 0.287 0.287 0.2885 0.2885 0.292 0.292 0.292 0.275 0.275 0.2855 0.2855 0.2855 0.2855 0.2855 0.285 0.285 0.306 0.306 0.2935 0.2935 0.2935 0.286 0.286 0.314 0.314 0.31 0.31 0.31 0.2875 0.2875 0.2655 0.2655 0.288 0.288 0.288 0.2825 0.2825 0.278 0.278 0.305 0.305 0.314 0.314 0.314 0.304 0.304 0.312 0.312 0.3105 0.3105 0.3105 0.313 0.313 0.3225 0.3225 0.3185 0.3185 0.3185 0.3515 0.3515 0.324 0.324 0.2755 0.2755 0.2755 0.2495 0.2495 0.272
0.2915 0.263 0.263 0.253 0.253 0.276 0.276 0.276 0.278 0.278 0.287 0.287 0.2885 0.2885 0.292 0.292 0.292 0.275 0.275 0.2855 0.2855 0.2855 0.2855 0.2855 0.285 0.285 0.306 0.306 0.2935 0.2935 0.2935 0.286 0.286 0.314 0.314 0.31 0.31 0.31 0.2875 0.2875 0.2655 0.2655 0.288 0.288 0.288 0.2825 0.2825 0.278 0.278 0.305 0.305 0.314 0.314 0.314 0.304 0.304 0.312 0.312 0.3105 0.3105 0.3105 0.313 0.313 0.3225 0.3225 0.3185 0.3185 0.3185 0.3515 0.3515 0.324 0.324 0.2755 0.2755 0.2755 0.2495 0.2495 0.272
0.2915 0.263 0.263 0.253 0.253 0.276 0.276 0.276 0.278 0.278 0.287 0.287 0.2885 0.2885 0.292 0.292 0.292 0.275 0.275 0.2855 0.2855 0.2855 0.2855 0.2855 0.285 0.285 0.306 0.306 0.2935 0.2935 0.2935 0.286 0.286 0.314 0.314 0.31 0.31 0.31 0.2875 0.2875 0.2655 0.2655 0.288 0.288 0.288 0.2825 0.2825 0.278 0.278 0.305 0.305 0.314 0.314 0.314 0.304 0.304 0.312 0.312 0.3105 0.3105 0.3105 0.313 0.313 0.3225 0.3225 0.3185 0.3185 0.3185 0.3515 0.3515 0.324 0.324 0.2755 0.2755 0.2755 0.2495 0.2495 0.272
0.2785 0.3095 0.3095 0.319 0.319 0.3215 0.3215 0.3215 0.3015 0.3015 0.3025 0.3025 0.2745 0.2745 0.2865 0.2865 0.2865 0.287 0.287 0.291 0.291 0.2905 0.2905 0.2905 0.337 0.337 0.309 0.309 0.303 0.303 0.303 0.305 0.305 0.3025 0.3025 0.328 0.328 0.328 0.3175 0.3175 0.312 0.312 0.311 0.311 0.311 0.333 0.333 0.298 0.298 0.3165 0.3165 0.313 0.313 0.313 0.3205 0.3205 0.323 0.323 0.3235 0.3235 0.3235 0.314 0.314 0.314 0.314 0.3125 0.3125 0.3125 0.3095 0.3095 0.3175 0.3175 0.278 0.278 0.278 0.278 0.278 0.2545
0.2785 0.3095 0.3095 0.319 0.319 0.3215 0.3215 0.3215 0.3015 0.3015 0.3025 0.3025 0.2745 0.2745 0.2865 0.2865 0.2865 0.287 0.287 0.291 0.291 0.2905 0.2905 0.2905 0.337 0.337 0.309 0.309 0.303 0.303 0.303 0.305 0.305 0.3025 0.3025 0.328 0.328 0.328 0.3175 0.3175 0.312 0.312 0.311 0.311 0.311 0.333 0.333 0.298 0.298 0.3165 0.3165 0.313 0.313 0.313 0.3205 0.3205 0.323 0.323 0.3235 0.3235 0.3235 0.314 0.314 0.314 0.314 0.3125 0.3125 0.3125 0.3095 0.3095 0.3175 0.3175 0.278 0.278 0.278 0.278 0.278 0.2545
0.2885 0.2675 0.2675 0.264 0.264 0.3155 0.3155 0.3155 0.2745 0.2745 0.297 0.297 0.3085 0.3085 0.297 0.297 0.297 0.3095 0.3095 0.2955 0.2955 0.3 0.3 0.3 0.284 0.284 0.3 0.3 0.3075 0.3075 0.3075 0.29 0.29 0.2895 0.2895 0.323 0.323 0.323 0.3125 0.3125 0.3165 0.3165 0.3165 0.3165 0.3165 0.3125 0.3125 0.298 0.298 0.319 0.319 0.3365 0.3365 0.3365 0.3095 0.3095 0.314 0.314 0.3275 0.3275 0.3275 0.3235 0.3235 0.2925 0.2925 0.303 0.303 0.303 0.3025 0.3025 0.305 0.305 0.286 0.286 0.286 0.2705 0.2705 0.2675
0.2885 0.2675 0.2675 0.264 0.264 0.3155 0.3155 0.3155 0.2745 0.2745 0.297 0.297 0.3085 0.3085 0.297 0.297 0.297 0.3095 0.3095 0.2955 0.2955 0.3 0.3 0.3 0.284 0.284 0.3 0.3 0.3075 0.3075 0.3075 0.29 0.29 0.2895 0.2895 0.323 0.323 0.323 0.3125 0.3125 0.3165 0.3165 0.3165 0.3165 0.3165 0.3125 0.3125 0.298 0.298 0.319 0.319 0.3365 0.3365 0.3365 0.3095 0.3095 0.314 0.314 0.3275 0.3275 0.3275 0.3235 0.3235 0.2925 0.2925 0.303 0.303 0.303 0.3025 0.3025 0.305 0.305 0.286 0.286 0.286 0.2705 0.2705 0.2675
0.279 0.265 0.265 0.2835 0.2835 0.2995 0.2995 0.2995 0.2845 0.2845 0.289 0.289 0.2985 0.2985 0.2835 0.2835 0.2835 0.3185 0.3185 0.304 0.304 0.2995 0.2995 0.2995 0.311 0.311 0.2905 0.2905 0.305 0.305 0.305 0.2925 0.2925 0.2905 0.2905 0.299 0.299 0.299 0.31 0.31 0.3085 0.3085 0.3105 0.3105 0.3105 0.286 0.286 0.2935 0.2935 0.304 0.304 0.3175 0.3175 0.3175 0.309 0.309 0.3145 0.3145 0.3115 0.3115 0.3115 0.33 0.33 0.2865 0.2865 0.295 0.295 0.295 0.297 0.297 0.2735 0.2735 0.3295 0.3295 0.3295 0.2995 0.2995 0.267
0.279 0.265 0.265 0.2835 0.2835 0.2995 0.2995 0.2995 0.2845 0.2845 0.289 0.289 0.2985 0.2985 0.2835 0.2835 0.2835 0.3185 0.3185 0.304 0.304 0.2995 0.2995 0.2995 0.311 0.311 0.2905 0.2905 0.305 0.305 0.305 0.2925 0.2925 0.2905 0.2905 0.299 0.299 0.299 0.31 0.31 0.3085 0.3085 0.3105 0.3105 0.3105 0.286 0.286 0.2935 0.2935 0.304 0.304 0.3175 0.3175 0.3175 0.309 0.309 0.3145 0.3145 0.3115 0.3115 0.3115 0.33 0.33 0.2865 0.2865 0.295 0.295 0.295 0.297 0.297 0.2735 0.2735 0.3295 0.3295 0.3295 0.2995 0.2995 0.267
0.279 0.265 0.265 0.2835 0.2835 0.2995 0.2995 0.2995 0.2845 0.2845 0.289 0.289 0.2985 0.2985 0.2835 0.2835 0.2835 0.3185 0.3185 0.304 0.304 0.2995 0.2995 0.2995 0.311 0.311 0.2905 0.2905 0.305 0.305 0.305 0.2925 0.2925 0.2905 0.2905 0.299 0.299 0.299 0.31 0.31 0.3085 0.3085 0.3105 0.3105 0.3105 0.286 0.286 0.2935 0.2935 0.304 0.304 0.3175 0.3175 0.3175 0.309 0.309 0.3145 0.3145 0.3115 0.3115 0.3115 0.33 0.33 0.2865 0.2865 0.295 0.295 0.295 0.297 0.297 0.2735 0.2735 0.3295 0.3295 0.3295 0.2995 0.2995 0.267
0.289 0.254 0.254 0.261 0.261 0.2645 0.2645 0.2645 0.28 0.28 0.2905 0.2905 0.295 0.295 0.2905 0.2905 0.2905 0.311 0.311 0.333 0.333 0.318 0.318 0.318 0.317 0.317 0.3045 0.3045 0.3045 0.3045 0.3045 0.3025 0.3025 0.3105 0.3105 0.3045 0.3045 0.3045 0.318 0.318 0.3325 0.3325 0.337 0.337 0.337 0.2945 0.2945 0.292 0.292 0.3075 0.3075 0.3125 0.3125 0.3125 0.3135 0.3135 0.3115 0.3115 0.31 0.31 0.31 0.3115 0.3115 0.295 0.295 0.279 0.279 0.279 0.261 0.261 0.294 0.294 0.316 0.316 0.316 0.2935 0.2935 0.294
0.289 0.254 0.254 0.261 0.261 0.2645 0.2645 0.2645 0.28 0.28 0.2905 0.2905 0.295 0.295 0.2905 0.2905 0.2905 0.311 0.311 0.333 0.333 0.318 0.318 0.318 0.317 0.317 0.3045 0.3045 0.3045 0.3045 0.3045 0.3025 0.3025 0.3105 0.3105 0.3045 0.3045 0.3045 0.318 0.318 0.3325 0.3325 0.337 0.337 0.337 0.2945 0.2945 0.292 0.292 0.3075 0.3075 0.3125 0.3125 0.3125 0.3135 0.3135 0.3115 0.3115 0.31 0.31 0.31 0.3115 0.3115 0.295 0.295 0.279 0.279 0.279 0.261 0.261 0.294 0.294 0.316 0.316 0.316 0.2935 0.2935 0.294
0.281 0.2425 0.2425 0.269 0.269 0.268 0.268 0.268 0.274 0.274 0.2605 0.2605 0.2665 0.2665 0.3015 0.3015 0.3015 0.3325 0.3325 0.3105 0.3105 0.3095 0.3095 0.3095 0.3315 0.3315 0.3 0.3 0.3055 0.3055 0.3055 0.304 0.304 0.3095 0.3095 0.31 0.31 0.31 0.3205 0.3205 0.305 0.305 0.31 0.31 0.31 0.3295 0.3295 0.3265 0.3265 0.315 0.315 0.3135 0.3135 0.3135 0.3205 0.3205 0.3125 0.3125 0.3195 0.3195 0.3195 0.328 0.328 0.3135 0.3135 0.301 0.301 0.301 0.3005 0.3005 0.3015 0.3015 0.321 0.321 0.321 0.3125 0.3125 0.292
0.281 0.2425 0.2425 0.269 0.269 0.268 0.268 0.268 0.274 0.274 0.2605 0.2605 0.2665 0.2665 0.3015 0.3015 0.3015 0.3325 0.3325 0.3105 0.3105 0.3095 0.3095 0.3095 0.3315 0.3315 0.3 0.3 0.3055 0.3055 0.3055 0.304 0.304 0.3095 0.3095 0.31 0.31 0.31 0.3205 0.3205 0.305 0.305 0.31 0.31 0.31 0.3295 0.3295 0.3265 0.3265 0.315 0.315 0.3135 0.3135 0.3135 0.3205 0.3205 0.3125 0.3125 0.3195 0.3195 0.3195 0.328 0.328 0.3135 0.3135 0.301 0.301 0.301 0.3005 0.3005 0.3015 0.3015 0.321 0.321 0.321 0.3125 0.3125 0.292
0.2785 0.2735 0.2735 0.2845 0.2845 0.2735 0.2735 0.2735 0.2635 0.2635 0.2765 0.2765 0.276 0.276 0.2855 0.2855 0.2855 0.315 0.315 0.303 0.303 0.304 0.304 0.304 0.334 0.334 0.319 0.319 0.307 0.307 0.307 0.317 0.317 0.301 0.301 0.311 0.311 0.311 0.3135 0.3135 0.324 0.324 0.3175 0.3175 0.3175 0.3035 0.3035 0.3165 0.3165 0.331 0.331 0.345 0.345 0.345 0.34 0.34 0.3175 0.3175 0.3195 0.3195 0.3195 0.3185 0.3185 0.314 0.314 0.286 0.286 0.286 0.307 0.307 0.28 0.28 0.287 0.287 0.287 0.2985 0.2985 0.3105
0.2785 0.2735 0.2735 0.2845 0.2845 0.2735 0.2735 0.2735 0.2635 0.2635 0.2765 0.2765 0.276 0.276 0.2855 0.2855 0.2855 0.315 0.315 0.303 0.303 0.304 0.304 0.304 0.334 0.334 0.319 0.319 0.307 0.307 0.307 0.317 0.317 0.301 0.301 0.311 0.311 0.311 0.3135 0.3135 0.324 0.324 0.3175 0.3175 0.3175 0.3035 0.3035 0.3165 0.3165 0.331 0.331 0.345 0.345 0.345 0.34 0.34 0.3175 0.3175 0.3195 0.3195 0.3195 0.3185 0.3185 0.314 0.314 0.286 0.286 0.286 0.307 0.307 0.28 0.28 0.287 0.287 0.287 0.2985 0.2985 0.3105
0.279 0.3035 0.3035 0.283 0.283 0.271 0.271 0.271 0.281 0.281 0.297 0.297 0.282 0.282 0.288 0.288 0.288 0.307 0.307 0.325 0.325 0.338 0.338 0.338 0.326 0.326 0.331 0.331 0.3075 0.3075 0.3075 0.327 0.327 0.339 0.339 0.316 0.316 0.316 0.3285 0.3285 0.3155 0.3155 0.311 0.311 0.311 0.317 0.317 0.3045 0.3045 0.32 0.32 0.3275 0.3275 0.3275 0.3405 0.3405 0.3275 0.3275 0.3115 0.3115 0.3115 0.313 0.313 0.2955 0.2955 0.308 0.308 0.308 0.2925 0.2925 0.2765 0.2765 0.278 0.278 0.278 0.2785 0.2785 0.297
0.279 0.3035 0.3035 0.283 0.283 0.271 0.271 0.271 0.281 0.281 0.297 0.297 0.282 0.282 0.288 0.288 0.288 0.307 0.307 0.325 0.325 0.338 0.338 0.338 0.326 0.326 0.331 0.331 0.3075 0.3075 0.3075 0.327 0.327 0.339 0.339 0.316 0.316 0.316 0.3285 0.3285 0.3155 0.3155 0.311 0.311 0.311 0.317 0.317 0.3045 0.3045 0.32 0.32 0.3275 0.3275 0.3275 0.3405 0.3405 0.3275 0.3275 0.3115 0.3115 0.3115 0.313 0.313 0.2955 0.2955 0.308 0.308 0.308 0.2925 0.2925 0.2765 0.2765 0.278 0.278 0.278 0.2785 0.2785 0.297
0.279 0.3035 0.3035 0.283 0.283 0.271 0.271 0.271 0.281 0.281 0.297 0.297 0.282 0.282 0.288 0.288 0.288 0.307 0.307 0.325 0.325 0.338 0.338 0.338 0.326 0.326 0.331 0.331 0.3075 0.3075 0.3075 0.327 0.327 0.339 0.339 0.316 0.316 0.316 0.3285 0.3285 0.3155 0.3155 0.311 0.311 0.311 0.317 0.317 0.3045 0.3045 0.32 0.32 0.3275 0.3275 0.3275 0.3405 0.3405 0.3275 0.3275 0.3115 0.3115 0.3115 0.313 0.313 0.2955 0.2955 0.308 0.308 0.308 0.2925 0.2925 0.2765 0.2765 0.278 0.278 0.278 0.2785 0.2785 0.297
0.2955 0.294 0.294 0.2975 0.2975 0.292 0.292 0.292 0.298 0.298 0.28 0.28 0.278 0.278 0.277 0.277 0.277 0.2715 0.2715 0.303 0.303 0.3065 0.3065 0.3065 0.313 0.313 0.314 0.314 0.334 0.334 0.334 0.3395 0.3395 0.302 0.302 0.324 0.324 0.324 0.3055 0.3055 0.3135 0.3135 0.3355 0.3355 0.3355 0.329 0.329 0.3315 0.3315 0.342 0.342 0.3355 0.3355 0.3355 0.358 0.358 0.354 0.354 0.335 0.335 0.335 0.3315 0.3315 0.303 0.303 0.3085 0.3085 0.3085 0.3045 0.3045 0.2985 0.2985 0.305 0.305 0.305 0.2945 0.2945 0.289
0.2955 0.294 0.294 0.2975 0.2975 0.292 0.292 0.292 0.298 0.298 0.28 0.28 0.278 0.278 0.277 0.277 0.277 0.2715 0.2715 0.303 0.303 0.3065 0.3065 0.3065 0.313 0.313 0.314 0.314 0.334 0.334 0.334 0.3395 0.3395 0.302 0.302 0.324 0.324 0.324 0.3055 0.3055 0.3135 0.3135 0.3355 0.3355 0.3355 0.329 0.329 0.3315 0.3315 0.342 0.342 0.3355 0.3355 0.3355 0.358 0.358 0.354 0.354 0.335 0.335 0.335 0.3315 0.3315 0.303 0.303 0.3085 0.3085 0.3085 0.3045 0.3045 0.2985 0.2985 0.305 0.305 0.305 0.2945 0.2945 0.289
0.3005 0.3195 0.3195 0.311 0.311 0.3045 0.3045 0.3045 0.312 0.312 0.303 0.303 0.2985 0.2985 0.303 0.303 0.303 0.303 0.303 0.2985 0.2985 0.297 0.297 0.297 0.3065 0.3065 0.343 0.343 0.335 0.335 0.335 0.3015 0.3015 0.308 0.308 0.2795 0.2795 0.2795 0.3215 0.3215 0.3235 0.3235 0.305 0.305 0.305 0.329 0.329 0.3225 0.3225 0.3385 0.3385 0.3265 0.3265 0.3265 0.342 0.342 0.3295 0.3295 0.3145 0.3145 0.3145 0.292 0.292 0.288 0.288 0.2825 0.2825 0.2825 0.318 0.318 0.308 0.308 0.294 0.294 0.294 0.2845 0.2845 0.296
0.3005 0.3195 0.3195 0.311 0.311 0.3045 0.3045 0.3045 0.312 0.312 0.303 0.303 0.2985 0.2985 0.303 0.303 0.303 0.303 0.303 0.2985 0.2985 0.297 0.297 0.297 0.3065 0.3065 0.343 0.343 0.335 0.335 0.335 0.3015 0.3015 0.308 0.308 0.2795 0.2795 0.2795 0.3215 0.3215 0.3235 0.3235 0.305 0.305 0.305 0.329 0.329 0.3225 0.3225 0.3385 0.3385 0.3265 0.3265 0.3265 0.342 0.342 0.3295 0.3295 0.3145 0.3145 0.3145 0.292 0.292 0.288 0.288 0.2825 0.2825 0.2825 0.318 0.318 0.308 0.308 0.294 0.294 0.294 0.2845 0.2845 0.296
0.2855 0.3045 0.3045 0.29 0.29 0.2705 0.2705 0.2705 0.263 0.263 0.2835 0.2835 0.297 0.297 0.301 0.301 0.301 0.298 0.298 0.296 0.296 0.3275 0.3275 0.3275 0.3135 0.3135 0.3255 0.3255 0.2665 0.2665 0.2665 0.296 0.296 0.316 0.316 0.2825 0.2825 0.2825 0.296 0.296 0.313 0.313 0.3215 0.3215 0.3215 0.3435 0.3435 0.3425 0.3425 0.3395 0.3395 0.3675 0.3675 0.3675 0.332 0.332 0.33 0.33 0.3125 0.3125 0.3125 0.3395 0.3395 0.2765 0.2765 0.309 0.309 0.309 0.298 0.298 0.311 0.311 0.284 0.284 0.284 0.291 0.291 0.2945
0.2855 0.3045 0.3045 0.29 0.29 0.2705 0.2705 0.2705 0.263 0.263 0.2835 0.2835 0.297 0.297 0.301 0.301 0.301 0.298 0.298 0.296 0.296 0.3275 0.3275 0.3275 0.3135 0.3135 0.3255 0.3255 0.2665 0.2665 0.2665 0.296 0.296 0.316 0.316 0.2825 0.2825 0.2825 0.296 0.296 0.313 0.313 0.3215 0.3215 0.3215 0.3435 0.3435 0.3425 0.3425 0.3395 0.3395 0.3675 0.3675 0.3675 0.332 0.332 0.33 0.33 0.3125 0.3125 0.3125 0.3395 0.3395 0.2765 0.2765 0.309 0.309 0.309 0.298 0.298 0.311 0.311 0.284 0.284 0.284 0.291 0.291 0.2945
0.2855 0.3045 0.3045 0.29 0.29 0.2705 0.2705 0.2705 0.263 0.263 0.2835 0.2835 0.297 0.297 0.301 0.301 0.301 0.298 0.298 0.296 0.296 0.3275 0.3275 0.3275 0.3135 0.3135 0.3255 0.3255 0.2665 0.2665 0.2665 0.296 0.296 0.316 0.316 0.2825 0.2825 0.2825 0.296 0.296 0.313 0.313 0.3215 0.3215 0.3215 0.3435 0.3435 0.3425 0.3425 0.3395 0.3395 0.3675 0.3675 0.3675 0.332 0.332 0.33 0.33 0.3125 0.3125 0.3125 0.3395 0.3395 0.2765 0.2765 0.309 0.309 0.309 0.298 0.298 0.311 0.311 0.284 0.284 0.284 0.291 0.291 0.2945
