ndvi/NOAA-2.asc
ncols         252
nrows         154
xllcorner     -18.017974
yllcorner     13.481982
cellsize      0.035948
NODATA_value  -9999
[rows 35 to 69 of 154, columns 154 to 230 of 252]
0.1365 0.1505 0.1505 0.125 0.125 0.125 0.131 0.131 0.123 0.123 0.1285 0.1285 0.1165 0.1165 0.1165 0.1175 0.1175 0.118 0.118 0.119 0.119 0.119 0.1225 0.1225 0.1555 0.1555 0.1535 0.1535 0.1535 0.1485 0.1485 0.1525 0.1525 0.1495 0.1495 0.1495 0.143 0.143 0.14 0.14 0.139 0.139 0.139 0.137 0.137 0.142 0.142 0.1465 0.1465 0.1375 0.1375 0.1375 0.142 0.142 0.142 0.142 0.1375 0.1375 0.1375 0.1415 0.1415 0.1295 0.1295 0.1285 0.1285 0.1285 0.1255 0.1255 0.129 0.129 0.1315 0.1315 0.1315 0.131 0.131 0.126 0.126
0.1365 0.1505 0.1505 0.125 0.125 0.125 0.131 0.131 0.123 0.123 0.1285 0.1285 0.1165 0.1165 0.1165 0.1175 0.1175 0.118 0.118 0.119 0.119 0.119 0.1225 0.1225 0.1555 0.1555 0.1535 0.1535 0.1535 0.1485 0.1485 0.1525 0.1525 0.1495 0.1495 0.1495 0.143 0.143 0.14 0.14 0.139 0.139 0.139 0.137 0.137 0.142 0.142 0.1465 0.1465 0.1375 0.1375 0.1375 0.142 0.142 0.142 0.142 0.1375 0.1375 0.1375 0.1415 0.1415 0.1295 0.1295 0.1285 0.1285 0.1285 0.1255 0.1255 0.129 0.129 0.1315 0.1315 0.1315 0.131 0.131 0.126 0.126
0.1425 0.1315 0.1315 0.1295 0.1295 0.1295 0.113 0.113 0.1185 0.1185 0.1185 0.1185 0.1205 0.1205 0.1205 0.1185 0.1185 0.1165 0.1165 0.1105 0.1105 0.1105 0.117 0.117 0.1555 0.1555 0.14 0.14 0.14 0.159 0.159 0.1545 0.1545 0.1525 0.1525 0.1525 0.1445 0.1445 0.1375 0.1375 0.128 0.128 0.128 0.136 0.136 0.135 0.135 0.1385 0.1385 0.1385 0.1385 0.1385 0.1235 0.1235 0.1335 0.1335 0.136 0.136 0.136 0.144 0.144 0.1495 0.1495 0.1325 0.1325 0.1325 0.1305 0.1305 0.133 0.133 0.1305 0.1305 0.1305 0.14 0.14 0.1355 0.1355
0.1425 0.1315 0.1315 0.1295 0.1295 0.1295 0.113 0.113 0.1185 0.1185 0.1185 0.1185 0.1205 0.1205 0.1205 0.1185 0.1185 0.1165 0.1165 0.1105 0.1105 0.1105 0.117 0.117 0.1555 0.1555 0.14 0.14 0.14 0.159 0.159 0.1545 0.1545 0.1525 0.1525 0.1525 0.1445 0.1445 0.1375 0.1375 0.128 0.128 0.128 0.136 0.136 0.135 0.135 0.1385 0.1385 0.1385 0.1385 0.1385 0.1235 0.1235 0.1335 0.1335 0.136 0.136 0.136 0.144 0.144 0.1495 0.1495 0.1325 0.1325 0.1325 0.1305 0.1305 0.133 0.133 0.1305 0.1305 0.1305 0.14 0.14 0.1355 0.1355
0.1525 0.1215 0.1215 0.1025 0.1025 0.1025 0.1085 0.1085 0.1245 0.1245 0.116 0.116 0.117 0.117 0.117 0.116 0.116 0.1115 0.1115 0.1055 0.1055 0.1055 0.122 0.122 0.169 0.169 0.1735 0.1735 0.1735 0.167 0.167 0.1705 0.1705 0.152 0.152 0.152 0.1475 0.1475 0.1355 0.1355 0.1385 0.1385 0.1385 0.1345 0.1345 0.135 0.135 0.1375 0.1375 0.1315 0.1315 0.1315 0.1325 0.1325 0.1235 0.1235 0.134 0.134 0.134 0.1485 0.1485 0.144 0.144 0.1415 0.1415 0.1415 0.1365 0.1365 0.1315 0.1315 0.1385 0.1385 0.1385 0.1375 0.1375 0.1375 0.1375
0.1525 0.1215 0.1215 0.1025 0.1025 0.1025 0.1085 0.1085 0.1245 0.1245 0.116 0.116 0.117 0.117 0.117 0.116 0.116 0.1115 0.1115 0.1055 0.1055 0.1055 0.122 0.122 0.169 0.169 0.1735 0.1735 0.1735 0.167 0.167 0.1705 0.1705 0.152 0.152 0.152 0.1475 0.1475 0.1355 0.1355 0.1385 0.1385 0.1385 0.1345 0.1345 0.135 0.135 0.1375 0.1375 0.1315 0.1315 0.1315 0.1325 0.1325 0.1235 0.1235 0.134 0.134 0.134 0.1485 0.1485 0.144 0.144 0.1415 0.1415 0.1415 0.1365 0.1365 0.1315 0.1315 0.1385 0.1385 0.1385 0.1375 0.1375 0.1375 0.1375
0.141 0.134 0.134 0.12 0.12 0.12 0.113 0.113 0.1155 0.1155 0.1115 0.1115 0.1125 0.1125 0.1125 0.124 0.124 0.1225 0.1225 0.1345 0.1345 0.1345 0.117 0.117 0.1635 0.1635 0.1535 0.1535 0.1535 0.1685 0.1685 0.1545 0.1545 0.169 0.169 0.169 0.163 0.163 0.151 0.151 0.15 0.15 0.15 0.152 0.152 0.1495 0.1495 0.144 0.144 0.1495 0.1495 0.1495 0.142 0.142 0.1455 0.1455 0.1595 0.1595 0.1595 0.1535 0.1535 0.1525 0.1525 0.155 0.155 0.155 0.1615 0.1615 0.1575 0.1575 0.1475 0.1475 0.1475 0.144 0.144 0.1415 0.1415
0.141 0.134 0.134 0.12 0.12 0.12 0.113 0.113 0.1155 0.1155 0.1115 0.1115 0.1125 0.1125 0.1125 0.124 0.124 0.1225 0.1225 0.1345 0.1345 0.1345 0.117 0.117 0.1635 0.1635 0.1535 0.1535 0.1535 0.1685 0.1685 0.1545 0.1545 0.169 0.169 0.169 0.163 0.163 0.151 0.151 0.15 0.15 0.15 0.152 0.152 0.1495 0.1495 0.144 0.144 0.1495 0.1495 0.1495 0.142 0.142 0.1455 0.1455 0.1595 0.1595 0.1595 0.1535 0.1535 0.1525 0.1525 0.155 0.155 0.155 0.1615 0.1615 0.1575 0.1575 0.1475 0.1475 0.1475 0.144 0.144 0.1415 0.1415
0.141 0.134 0.134 0.12 0.12 0.12 0.113 0.113 0.1155 0.1155 0.1115 0.1115 0.1125 0.1125 0.1125 0.124 0.124 0.1225 0.1225 0.1345 0.1345 0.1345 0.117 0.117 0.1635 0.1635 0.1535 0.1535 0.1535 0.1685 0.1685 0.1545 0.1545 0.169 0.169 0.169 0.163 0.163 0.151 0.151 0.15 0.15 0.15 0.152 0.152 0.1495 0.1495 0.144 0.144 0.1495 0.1495 0.1495 0.142 0.142 0.1455 0.1455 0.1595 0.1595 0.1595 0.1535 0.1535 0.1525 0.1525 0.155 0.155 0.155 0.1615 0.1615 0.1575 0.1575 0.1475 0.1475 0.1475 0.144 0.144 0.1415 0.1415
0.1045 0.15 0.15 0.136 0.136 0.136 0.128 0.128 0.1265 0.1265 0.1355 0.1355 0.1385 0.1385 0.1385 0.133 0.133 0.186 0.186 0.1775 0.1775 0.1775 0.1755 0.1755 0.156 0.156 0.155 0.155 0.155 0.156 0.156 0.1625 0.1625 0.163 0.163 0.163 0.16 0.16 0.145 0.145 0.158 0.158 0.158 0.147 0.147 0.143 0.143 0.141 0.141 0.1515 0.1515 0.1515 0.137 0.137 0.1515 0.1515 0.1545 0.1545 0.1545 0.1615 0.1615 0.162 0.162 0.1665 0.1665 0.1665 0.1595 0.1595 0.1515 0.1515 0.151 0.151 0.151 0.1475 0.1475 0.136 0.136
0.1045 0.15 0.15 0.136 0.136 0.136 0.128 0.128 0.1265 0.1265 0.1355 0.1355 0.1385 0.1385 0.1385 0.133 0.133 0.186 0.186 0.1775 0.1775 0.1775 0.1755 0.1755 0.156 0.156 0.155 0.155 0.155 0.156 0.156 0.1625 0.1625 0.163 0.163 0.163 0.16 0.16 0.145 0.145 0.158 0.158 0.158 0.147 0.147 0.143 0.143 0.141 0.141 0.1515 0.1515 0.1515 0.137 0.137 0.1515 0.1515 0.1545 0.1545 0.1545 0.1615 0.1615 0.162 0.162 0.1665 0.1665 0.1665 0.1595 0.1595 0.1515 0.1515 0.151 0.151 0.151 0.1475 0.1475 0.136 0.136
0.145 0.108 0.108 0.1595 0.1595 0.1595 0.195 0.195 0.1705 0.1705 0.1565 0.1565 0.175 0.175 0.175 0.189 0.189 0.177 0.177 0.1575 0.1575 0.1575 0.1735 0.1735 0.1705 0.1705 0.1715 0.1715 0.1715 0.1775 0.1775 0.179 0.179 0.1745 0.1745 0.1745 0.171 0.171 0.1575 0.1575 0.156 0.156 0.156 0.152 0.152 0.152 0.152 0.1445 0.1445 0.162 0.162 0.162 0.142 0.142 0.1445 0.1445 0.166 0.166 0.166 0.162 0.162 0.1615 0.1615 0.1515 0.1515 0.1515 0.1495 0.1495 0.15 0.15 0.146 0.146 0.146 0.148 0.148 0.1465 0.1465
0.145 0.108 0.108 0.1595 0.1595 0.1595 0.195 0.195 0.1705 0.1705 0.1565 0.1565 0.175 0.175 0.175 0.189 0.189 0.177 0.177 0.1575 0.1575 0.1575 0.1735 0.1735 0.1705 0.1705 0.1715 0.1715 0.1715 0.1775 0.1775 0.179 0.179 0.1745 0.1745 0.1745 0.171 0.171 0.1575 0.1575 0.156 0.156 0.156 0.152 0.152 0.152 0.152 0.1445 0.1445 0.162 0.162 0.162 0.142 0.142 0.1445 0.1445 0.166 0.166 0.166 0.162 0.162 0.1615 0.1615 0.1515 0.1515 0.1515 0.1495 0.1495 0.15 0.15 0.146 0.146 0.146 0.148 0.148 0.1465 0.1465
0.1335 0.1485 0.1485 0.1615 0.1615 0.1615 0.167 0.167 0.2035 0.2035 0.1895 0.1895 0.1705 0.1705 0.1705 0.1725 0.1725 0.1815 0.1815 0.1675 0.1675 0.1675 0.1795 0.1795 0.183 0.183 0.1765 0.1765 0.1765 0.1785 0.1785 0.18 0.18 0.1775 0.1775 0.1775 0.1765 0.1765 0.179 0.179 0.1765 0.1765 0.1765 0.165 0.165 0.152 0.152 0.14 0.14 0.136 0.136 0.136 0.141 0.141 0.14 0.14 0.1595 0.1595 0.1595 0.1605 0.1605 0.155 0.155 0.149 0.149 0.149 0.147 0.147 0.1415 0.1415 0.1435 0.1435 0.1435 0.1465 0.1465 0.1465 0.1465
0.1335 0.1485 0.1485 0.1615 0.1615 0.1615 0.167 0.167 0.2035 0.2035 0.1895 0.1895 0.1705 0.1705 0.1705 0.1725 0.1725 0.1815 0.1815 0.1675 0.1675 0.1675 0.1795 0.1795 0.183 0.183 0.1765 0.1765 0.1765 0.1785 0.1785 0.18 0.18 0.1775 0.1775 0.1775 0.1765 0.1765 0.179 0.179 0.1765 0.1765 0.1765 0.165 0.165 0.152 0.152 0.14 0.14 0.136 0.136 0.136 0.141 0.141 0.14 0.14 0.1595 0.1595 0.1595 0.1605 0.1605 0.155 0.155 0.149 0.149 0.149 0.147 0.147 0.1415 0.1415 0.1435 0.1435 0.1435 0.1465 0.1465 0.1465 0.1465
0.1335 0.1485 0.1485 0.1615 0.1615 0.1615 0.167 0.167 0.2035 0.2035 0.1895 0.1895 0.1705 0.1705 0.1705 0.1725 0.1725 0.1815 0.1815 0.1675 0.1675 0.1675 0.1795 0.1795 0.183 0.183 0.1765 0.1765 0.1765 0.1785 0.1785 0.18 0.18 0.1775 0.1775 0.1775 0.1765 0.1765 0.179 0.179 0.1765 0.1765 0.1765 0.165 0.165 0.152 0.152 0.14 0.14 0.136 0.136 0.136 0.141 0.141 0.14 0.14 0.1595 0.1595 0.1595 0.1605 0.1605 0.155 0.155 0.149 0.149 0.149 0.147 0.147 0.1415 0.1415 0.1435 0.1435 0.1435 0.1465 0.1465 0.1465 0.1465
0.119 0.1415 0.1415 0.172 0.172 0.172 0.192 0.192 0.213 0.213 0.203 0.203 0.1825 0.1825 0.1825 0.1715 0.1715 0.1645 0.1645 0.179 0.179 0.179 0.203 0.203 0.2085 0.2085 0.1865 0.1865 0.1865 0.182 0.182 0.1755 0.1755 0.1815 0.1815 0.1815 0.1985 0.1985 0.1835 0.1835 0.184 0.184 0.184 0.176 0.176 0.1625 0.1625 0.1405 0.1405 0.1375 0.1375 0.1375 0.128 0.128 0.142 0.142 0.172 0.172 0.172 0.1605 0.1605 0.1465 0.1465 0.1635 0.1635 0.1635 0.1505 0.1505 0.1555 0.1555 0.1565 0.1565 0.1565 0.153 0.153 0.15 0.15
0.119 0.1415 0.1415 0.172 0.172 0.172 0.192 0.192 0.213 0.213 0.203 0.203 0.1825 0.1825 0.1825 0.1715 0.1715 0.1645 0.1645 0.179 0.179 0.179 0.203 0.203 0.2085 0.2085 0.1865 0.1865 0.1865 0.182 0.182 0.1755 0.1755 0.1815 0.1815 0.1815 0.1985 0.1985 0.1835 0.1835 0.184 0.184 0.184 0.176 0.176 0.1625 0.1625 0.1405 0.1405 0.1375 0.1375 0.1375 0.128 0.128 0.142 0.142 0.172 0.172 0.172 0.1605 0.1605 0.1465 0.1465 0.1635 0.1635 0.1635 0.1505 0.1505 0.1555 0.1555 0.1565 0.1565 0.1565 0.153 0.153 0.15 0.15
0.111 0.143 0.143 0.1885 0.1885 0.1885 0.1875 0.1875 0.202 0.202 0.1965 0.1965 0.1935 0.1935 0.1935 0.174 0.174 0.172 0.172 0.1845 0.1845 0.1845 0.192 0.192 0.225 0.225 0.1995 0.1995 0.1995 0.1955 0.1955 0.2035 0.2035 0.2095 0.2095 0.2095 0.221 0.221 0.1995 0.1995 0.1715 0.1715 0.1715 0.1505 0.1505 0.1435 0.1435 0.161 0.161 0.141 0.141 0.141 0.1375 0.1375 0.1535 0.1535 0.1605 0.1605 0.1605 0.1635 0.1635 0.165 0.165 0.1635 0.1635 0.1635 0.1555 0.1555 0.158 0.158 0.156 0.156 0.156 0.163 0.163 0.1705 0.1705
0.111 0.143 0.143 0.1885 0.1885 0.1885 0.1875 0.1875 0.202 0.202 0.1965 0.1965 0.1935 0.1935 0.1935 0.174 0.174 0.172 0.172 0.1845 0.1845 0.1845 0.192 0.192 0.225 0.225 0.1995 0.1995 0.1995 0.1955 0.1955 0.2035 0.2035 0.2095 0.2095 0.2095 0.221 0.221 0.1995 0.1995 0.1715 0.1715 0.1715 0.1505 0.1505 0.1435 0.1435 0.161 0.161 0.141 0.141 0.141 0.1375 0.1375 0.1535 0.1535 0.1605 0.1605 0.1605 0.1635 0.1635 0.165 0.165 0.1635 0.1635 0.1635 0.1555 0.1555 0.158 0.158 0.156 0.156 0.156 0.163 0.163 0.1705 0.1705
0.123 0.13 0.13 0.19 0.19 0.19 0.1895 0.1895 0.18 0.18 0.192 0.192 0.194 0.194 0.194 0.2105 0.2105 0.205 0.205 0.2115 0.2115 0.2115 0.2265 0.2265 0.2175 0.2175 0.217 0.217 0.217 0.211 0.211 0.212 0.212 0.199 0.199 0.199 0.2015 0.2015 0.195 0.195 0.1875 0.1875 0.1875 0.1915 0.1915 0.19 0.19 0.1695 0.1695 0.1525 0.1525 0.1525 0.145 0.145 0.157 0.157 0.143 0.143 0.143 0.1555 0.1555 0.1735 0.1735 0.1765 0.1765 0.1765 0.1705 0.1705 0.1645 0.1645 0.1685 0.1685 0.1685 0.161 0.161 0.163 0.163
0.123 0.13 0.13 0.19 0.19 0.19 0.1895 0.1895 0.18 0.18 0.192 0.192 0.194 0.194 0.194 0.2105 0.2105 0.205 0.205 0.2115 0.2115 0.2115 0.2265 0.2265 0.2175 0.2175 0.217 0.217 0.217 0.211 0.211 0.212 0.212 0.199 0.199 0.199 0.2015 0.2015 0.195 0.195 0.1875 0.1875 0.1875 0.1915 0.1915 0.19 0.19 0.1695 0.1695 0.1525 0.1525 0.1525 0.145 0.145 0.157 0.157 0.143 0.143 0.143 0.1555 0.1555 0.1735 0.1735 0.1765 0.1765 0.1765 0.1705 0.1705 0.1645 0.1645 0.1685 0.1685 0.1685 0.161 0.161 0.163 0.163
0.131 0.14 0.14 0.1305 0.1305 0.1305 0.196 0.196 0.194 0.194 0.1725 0.1725 0.181 0.181 0.181 0.184 0.184 0.2115 0.2115 0.2235 0.2235 0.2235 0.226 0.226 0.231 0.231 0.203 0.203 0.203 0.2105 0.2105 0.2185 0.2185 0.199 0.199 0.199 0.1965 0.1965 0.1905 0.1905 0.1675 0.1675 0.1675 0.1685 0.1685 0.149 0.149 0.143 0.143 0.1595 0.1595 0.1595 0.138 0.138 0.137 0.137 0.128 0.128 0.128 0.138 0.138 0.1635 0.1635 0.157 0.157 0.157 0.164 0.164 0.1635 0.1635 0.1625 0.1625 0.1625 0.157 0.157 0.1675 0.1675
0.131 0.14 0.14 0.1305 0.1305 0.1305 0.196 0.196 0.194 0.194 0.1725 0.1725 0.181 0.181 0.181 0.184 0.184 0.2115 0.2115 0.2235 0.2235 0.2235 0.226 0.226 0.231 0.231 0.203 0.203 0.203 0.2105 0.2105 0.2185 0.2185 0.199 0.199 0.199 0.1965 0.1965 0.1905 0.1905 0.1675 0.1675 0.1675 0.1685 0.1685 0.149 0.149 0.143 0.143 0.1595 0.1595 0.1595 0.138 0.138 0.137 0.137 0.128 0.128 0.128 0.138 0.138 0.1635 0.1635 0.157 0.157 0.157 0.164 0.164 0.1635 0.1635 0.1625 0.1625 0.1625 0.157 0.157 0.1675 0.1675
0.131 0.14 0.14 0.1305 0.1305 0.1305 0.196 0.196 0.194 0.194 0.1725 0.1725 0.181 0.181 0.181 0.184 0.184 0.2115 0.2115 0.2235 0.2235 0.2235 0.226 0.226 0.231 0.231 0.203 0.203 0.203 0.2105 0.2105 0.2185 0.2185 0.199 0.199 0.199 0.1965 0.1965 0.1905 0.1905 0.1675 0.1675 0.1675 0.1685 0.1685 0.149 0.149 0.143 0.143 0.1595 0.1595 0.1595 0.138 0.138 0.137 0.137 0.128 0.128 0.128 0.138 0.138 0.1635 0.1635 0.157 0.157 0.157 0.164 0.164 0.1635 0.1635 0.1625 0.1625 0.1625 0.157 0.157 0.1675 0.1675
0.1865 0.1625 0.1625 0.1395 0.1395 0.1395 0.1375 0.1375 0.187 0.187 0.172 0.172 0.1795 0.1795 0.1795 0.1875 0.1875 0.231 0.231 0.2295 0.2295 0.2295 0.2345 0.2345 0.2245 0.2245 0.2535 0.2535 0.2535 0.2545 0.2545 0.2335 0.2335 0.206 0.206 0.206 0.1855 0.1855 0.182 0.182 0.2085 0.2085 0.2085 0.165 0.165 0.1565 0.1565 0.1415 0.1415 0.141 0.141 0.141 0.1455 0.1455 0.1425 0.1425 0.1425 0.1425 0.1425 0.1345 0.1345 0.1535 0.1535 0.148 0.148 0.148 0.161 0.161 0.148 0.148 0.145 0.145 0.145 0.1165 0.1165 0.144 0.144
0.1865 0.1625 0.1625 0.1395 0.1395 0.1395 0.1375 0.1375 0.187 0.187 0.172 0.172 0.1795 0.1795 0.1795 0.1875 0.1875 0.231 0.231 0.2295 0.2295 0.2295 0.2345 0.2345 0.2245 0.2245 0.2535 0.2535 0.2535 0.2545 0.2545 0.2335 0.2335 0.206 0.206 0.206 0.1855 0.1855 0.182 0.182 0.2085 0.2085 0.2085 0.165 0.165 0.1565 0.1565 0.1415 0.1415 0.141 0.141 0.141 0.1455 0.1455 0.1425 0.1425 0.1425 0.1425 0.1425 0.1345 0.1345 0.1535 0.1535 0.148 0.148 0.148 0.161 0.161 0.148 0.148 0.145 0.145 0.145 0.1165 0.1165 0.144 0.144
0.129 0.134 0.134 0.129 0.129 0.129 0.103 0.103 0.1365 0.1365 0.1885 0.1885 0.2065 0.2065 0.2065 0.2145 0.2145 0.237 0.237 0.243 0.243 0.243 0.2365 0.2365 0.2235 0.2235 0.206 0.206 0.206 0.202 0.202 0.2175 0.2175 0.203 0.203 0.203 0.217 0.217 0.2095 0.2095 0.199 0.199 0.199 0.1965 0.1965 0.175 0.175 0.167 0.167 0.16 0.16 0.16 0.1855 0.1855 0.1805 0.1805 0.1665 0.1665 0.1665 0.15 0.15 0.1545 0.1545 0.176 0.176 0.176 0.1735 0.1735 0.1465 0.1465 0.153 0.153 0.153 0.1315 0.1315 0.15 0.15
0.129 0.134 0.134 0.129 0.129 0.129 0.103 0.103 0.1365 0.1365 0.1885 0.1885 0.2065 0.2065 0.2065 0.2145 0.2145 0.237 0.237 0.243 0.243 0.243 0.2365 0.2365 0.2235 0.2235 0.206 0.206 0.206 0.202 0.202 0.2175 0.2175 0.203 0.203 0.203 0.217 0.217 0.2095 0.2095 0.199 0.199 0.199 0.1965 0.1965 0.175 0.175 0.167 0.167 0.16 0.16 0.16 0.1855 0.1855 0.1805 0.1805 0.1665 0.1665 0.1665 0.15 0.15 0.1545 0.1545 0.176 0.176 0.176 0.1735 0.1735 0.1465 0.1465 0.153 0.153 0.153 0.1315 0.1315 0.15 0.15
0.142 0.147 0.147 0.158 0.158 0.158 0.1935 0.1935 0.178 0.178 0.206 0.206 0.2145 0.2145 0.2145 0.234 0.234 0.2375 0.2375 0.225 0.225 0.225 0.2315 0.2315 0.2265 0.2265 0.204 0.204 0.204 0.21 0.21 0.223 0.223 0.2305 0.2305 0.2305 0.217 0.217 0.229 0.229 0.233 0.233 0.233 0.2285 0.2285 0.213 0.213 0.189 0.189 0.204 0.204 0.204 0.204 0.204 0.2365 0.2365 0.212 0.212 0.212 0.179 0.179 0.1825 0.1825 0.1775 0.1775 0.1775 0.188 0.188 0.171 0.171 0.174 0.174 0.174 0.1785 0.1785 0.1745 0.1745
0.142 0.147 0.147 0.158 0.158 0.158 0.1935 0.1935 0.178 0.178 0.206 0.206 0.2145 0.2145 0.2145 0.234 0.234 0.2375 0.2375 0.225 0.225 0.225 0.2315 0.2315 0.2265 0.2265 0.204 0.204 0.204 0.21 0.21 0.223 0.223 0.2305 0.2305 0.2305 0.217 0.217 0.229 0.229 0.233 0.233 0.233 0.2285 0.2285 0.213 0.213 0.189 0.189 0.204 0.204 0.204 0.204 0.204 0.2365 0.2365 0.212 0.212 0.212 0.179 0.179 0.1825 0.1825 0.1775 0.1775 0.1775 0.188 0.188 0.171 0.171 0.174 0.174 0.174 0.1785 0.1785 0.1745 0.1745
0.142 0.147 0.147 0.158 0.158 0.158 0.1935 0.1935 0.178 0.178 0.206 0.206 0.2145 0.2145 0.2145 0.234 0.234 0.2375 0.2375 0.225 0.225 0.225 0.2315 0.2315 0.2265 0.2265 0.204 0.204 0.204 0.21 0.21 0.223 0.223 0.2305 0.2305 0.2305 0.217 0.217 0.229 0.229 0.233 0.233 0.233 0.2285 0.2285 0.213 0.213 0.189 0.189 0.204 0.204 0.204 0.204 0.204 0.2365 0.2365 0.212 0.212 0.212 0.179 0.179 0.1825 0.1825 0.1775 0.1775 0.1775 0.188 0.188 0.171 0.171 0.174 0.174 0.174 0.1785 0.1785 0.1745 0.1745
0.146 0.173 0.173 0.16 0.16 0.16 0.1575 0.1575 0.1495 0.1495 0.1935 0.1935 0.2095 0.2095 0.2095 0.233 0.233 0.225 0.225 0.2365 0.2365 0.2365 0.226 0.226 0.214 0.214 0.219 0.219 0.219 0.2345 0.2345 0.2295 0.2295 0.2395 0.2395 0.2395 0.21 0.21 0.2045 0.2045 0.215 0.215 0.215 0.2145 0.2145 0.1945 0.1945 0.19 0.19 0.199 0.199 0.199 0.201 0.201 0.217 0.217 0.2105 0.2105 0.2105 0.2255 0.2255 0.2195 0.2195 0.201 0.201 0.201 0.183 0.183 0.184 0.184 0.205 0.205 0.205 0.1935 0.1935 0.183 0.183
0.146 0.173 0.173 0.16 0.16 0.16 0.1575 0.1575 0.1495 0.1495 0.1935 0.1935 0.2095 0.2095 0.2095 0.233 0.233 0.225 0.225 0.2365 0.2365 0.2365 0.226 0.226 0.214 0.214 0.219 0.219 0.219 0.2345 0.2345 0.2295 0.2295 0.2395 0.2395 0.2395 0.21 0.21 0.2045 0.2045 0.215 0.215 0.215 0.2145 0.2145 0.1945 0.1945 0.19 0.19 0.199 0.199 0.199 0.201 0.201 0.217 0.217 0.2105 0.2105 0.2105 0.2255 0.2255 0.2195 0.2195 0.201 0.201 0.201 0.183 0.183 0.184 0.184 0.205 0.205 0.205 0.1935 0.1935 0.183 0.183
0.15 0.165 0.165 0.1465 0.1465 0.1465 0.1515 0.1515 0.1725 0.1725 0.1755 0.1755 0.2165 0.2165 0.2165 0.2245 0.2245 0.211 0.211 0.2505 0.2505 0.2505 0.243 0.243 0.242 0.242 0.243 0.243 0.243 0.226 0.226 0.2315 0.2315 0.23 0.23 0.23 0.2175 0.2175 0.221 0.221 0.2265 0.2265 0.2265 0.2215 0.2215 0.2105 0.2105 0.1955 0.1955 0.1985 0.1985 0.1985 0.2065 0.2065 0.215 0.215 0.2105 0.2105 0.2105 0.218 0.218 0.228 0.228 0.203 0.203 0.203 0.185 0.185 0.1935 0.1935 0.198 0.198 0.198 0.1865 0.1865 0.205 0.205
