ndvi/NOAA-137.asc
ncols         252
nrows         154
xllcorner     -18.017974
yllcorner     13.481982
cellsize      0.035948
NODATA_value  -9999
[rows 105 to 139 of 154, columns 154 to 230 of 252]
0.2345 0.228 0.228 0.2425 0.2425 0.2425 0.2285 0.2285 0.2275 0.2275 0.245 0.245 0.2435 0.2435 0.2435 0.2315 0.2315 0.2425 0.2425 0.245 0.245 0.245 0.2395 0.2395 0.235 0.235 0.2575 0.2575 0.2575 0.247 0.247 0.2435 0.2435 0.2355 0.2355 0.2355 0.246 0.246 0.241 0.241 0.2445 0.2445 0.2445 0.245 0.245 0.2465 0.2465 0.242 0.242 0.2515 0.2515 0.2515 0.2515 0.2515 0.2805 0.2805 0.265 0.265 0.265 0.22 0.22 0.2485 0.2485 0.2505 0.2505 0.2505 0.258 0.258 0.254 0.254 0.2265 0.2265 0.2265 0.2305 0.2305 0.1895 0.1895
0.239 0.2395 0.2395 0.24 0.24 0.24 0.226 0.226 0.239 0.239 0.2705 0.2705 0.242 0.242 0.242 0.2335 0.2335 0.2335 0.2335 0.233 0.233 0.233 0.227 0.227 0.238 0.238 0.238 0.238 0.238 0.2715 0.2715 0.267 0.267 0.253 0.253 0.253 0.2555 0.2555 0.242 0.242 0.2485 0.2485 0.2485 0.236 0.236 0.2465 0.2465 0.233 0.233 0.2385 0.2385 0.2385 0.2645 0.2645 0.277 0.277 0.2795 0.2795 0.2795 0.2505 0.2505 0.2415 0.2415 0.2295 0.2295 0.2295 0.236 0.236 0.2355 0.2355 0.233 0.233 0.233 0.248 0.248 0.251 0.251
0.239 0.2395 0.2395 0.24 0.24 0.24 0.226 0.226 0.239 0.239 0.2705 0.2705 0.242 0.242 0.242 0.2335 0.2335 0.2335 0.2335 0.233 0.233 0.233 0.227 0.227 0.238 0.238 0.238 0.238 0.238 0.2715 0.2715 0.267 0.267 0.253 0.253 0.253 0.2555 0.2555 0.242 0.242 0.2485 0.2485 0.2485 0.236 0.236 0.2465 0.2465 0.233 0.233 0.2385 0.2385 0.2385 0.2645 0.2645 0.277 0.277 0.2795 0.2795 0.2795 0.2505 0.2505 0.2415 0.2415 0.2295 0.2295 0.2295 0.236 0.236 0.2355 0.2355 0.233 0.233 0.233 0.248 0.248 0.251 0.251
0.232 0.2425 0.2425 0.2455 0.2455 0.2455 0.2775 0.2775 0.2675 0.2675 0.2595 0.2595 0.2515 0.2515 0.2515 0.24 0.24 0.2305 0.2305 0.2285 0.2285 0.2285 0.232 0.232 0.2395 0.2395 0.267 0.267 0.267 0.274 0.274 0.272 0.272 0.2835 0.2835 0.2835 0.2765 0.2765 0.267 0.267 0.2625 0.2625 0.2625 0.267 0.267 0.261 0.261 0.2485 0.2485 0.2575 0.2575 0.2575 0.2735 0.2735 0.2945 0.2945 0.275 0.275 0.275 0.2685 0.2685 0.255 0.255 0.248 0.248 0.248 0.253 0.253 0.235 0.235 0.2755 0.2755 0.2755 0.28 0.28 0.288 0.288
0.232 0.2425 0.2425 0.2455 0.2455 0.2455 0.2775 0.2775 0.2675 0.2675 0.2595 0.2595 0.2515 0.2515 0.2515 0.24 0.24 0.2305 0.2305 0.2285 0.2285 0.2285 0.232 0.232 0.2395 0.2395 0.267 0.267 0.267 0.274 0.274 0.272 0.272 0.2835 0.2835 0.2835 0.2765 0.2765 0.267 0.267 0.2625 0.2625 0.2625 0.267 0.267 0.261 0.261 0.2485 0.2485 0.2575 0.2575 0.2575 0.2735 0.2735 0.2945 0.2945 0.275 0.275 0.275 0.2685 0.2685 0.255 0.255 0.248 0.248 0.248 0.253 0.253 0.235 0.235 0.2755 0.2755 0.2755 0.28 0.28 0.288 0.288
0.217 0.246 0.246 0.2515 0.2515 0.2515 0.283 0.283 0.2615 0.2615 0.2525 0.2525 0.2465 0.2465 0.2465 0.236 0.236 0.241 0.241 0.2485 0.2485 0.2485 0.2545 0.2545 0.2715 0.2715 0.2705 0.2705 0.2705 0.2765 0.2765 0.2765 0.2765 0.29 0.29 0.29 0.2805 0.2805 0.285 0.285 0.2655 0.2655 0.2655 0.2725 0.2725 0.258 0.258 0.264 0.264 0.2635 0.2635 0.2635 0.282 0.282 0.286 0.286 0.293 0.293 0.293 0.283 0.283 0.258 0.258 0.2455 0.2455 0.2455 0.2725 0.2725 0.273 0.273 0.2685 0.2685 0.2685 0.2725 0.2725 0.2765 0.2765
0.217 0.246 0.246 0.2515 0.2515 0.2515 0.283 0.283 0.2615 0.2615 0.2525 0.2525 0.2465 0.2465 0.2465 0.236 0.236 0.241 0.241 0.2485 0.2485 0.2485 0.2545 0.2545 0.2715 0.2715 0.2705 0.2705 0.2705 0.2765 0.2765 0.2765 0.2765 0.29 0.29 0.29 0.2805 0.2805 0.285 0.285 0.2655 0.2655 0.2655 0.2725 0.2725 0.258 0.258 0.264 0.264 0.2635 0.2635 0.2635 0.282 0.282 0.286 0.286 0.293 0.293 0.293 0.283 0.283 0.258 0.258 0.2455 0.2455 0.2455 0.2725 0.2725 0.273 0.273 0.2685 0.2685 0.2685 0.2725 0.2725 0.2765 0.2765
0.217 0.246 0.246 0.2515 0.2515 0.2515 0.283 0.283 0.2615 0.2615 0.2525 0.2525 0.2465 0.2465 0.2465 0.236 0.236 0.241 0.241 0.2485 0.2485 0.2485 0.2545 0.2545 0.2715 0.2715 0.2705 0.2705 0.2705 0.2765 0.2765 0.2765 0.2765 0.29 0.29 0.29 0.2805 0.2805 0.285 0.285 0.2655 0.2655 0.2655 0.2725 0.2725 0.258 0.258 0.264 0.264 0.2635 0.2635 0.2635 0.282 0.282 0.286 0.286 0.293 0.293 0.293 0.283 0.283 0.258 0.258 0.2455 0.2455 0.2455 0.2725 0.2725 0.273 0.273 0.2685 0.2685 0.2685 0.2725 0.2725 0.2765 0.2765
0.2135 0.229 0.229 0.244 0.244 0.244 0.2625 0.2625 0.243 0.243 0.251 0.251 0.252 0.252 0.252 0.28 0.28 0.287 0.287 0.2855 0.2855 0.2855 0.2705 0.2705 0.2755 0.2755 0.2855 0.2855 0.2855 0.275 0.275 0.276 0.276 0.2795 0.2795 0.2795 0.279 0.279 0.272 0.272 0.259 0.259 0.259 0.278 0.278 0.2725 0.2725 0.292 0.292 0.303 0.303 0.303 0.2765 0.2765 0.2855 0.2855 0.3055 0.3055 0.3055 0.277 0.277 0.271 0.271 0.2555 0.2555 0.2555 0.258 0.258 0.2575 0.2575 0.287 0.287 0.287 0.278 0.278 0.294 0.294
0.2135 0.229 0.229 0.244 0.244 0.244 0.2625 0.2625 0.243 0.243 0.251 0.251 0.252 0.252 0.252 0.28 0.28 0.287 0.287 0.2855 0.2855 0.2855 0.2705 0.2705 0.2755 0.2755 0.2855 0.2855 0.2855 0.275 0.275 0.276 0.276 0.2795 0.2795 0.2795 0.279 0.279 0.272 0.272 0.259 0.259 0.259 0.278 0.278 0.2725 0.2725 0.292 0.292 0.303 0.303 0.303 0.2765 0.2765 0.2855 0.2855 0.3055 0.3055 0.3055 0.277 0.277 0.271 0.271 0.2555 0.2555 0.2555 0.258 0.258 0.2575 0.2575 0.287 0.287 0.287 0.278 0.278 0.294 0.294
0.2075 0.217 0.217 0.2335 0.2335 0.2335 0.255 0.255 0.251 0.251 0.2605 0.2605 0.264 0.264 0.264 0.2915 0.2915 0.2905 0.2905 0.2865 0.2865 0.2865 0.2615 0.2615 0.2765 0.2765 0.292 0.292 0.292 0.293 0.293 0.2765 0.2765 0.2915 0.2915 0.2915 0.243 0.243 0.2615 0.2615 0.2605 0.2605 0.2605 0.2865 0.2865 0.283 0.283 0.283 0.283 0.2885 0.2885 0.2885 0.2905 0.2905 0.284 0.284 0.295 0.295 0.295 0.2935 0.2935 0.271 0.271 0.2445 0.2445 0.2445 0.2745 0.2745 0.2625 0.2625 0.2745 0.2745 0.2745 0.277 0.277 0.279 0.279
0.2075 0.217 0.217 0.2335 0.2335 0.2335 0.255 0.255 0.251 0.251 0.2605 0.2605 0.264 0.264 0.264 0.2915 0.2915 0.2905 0.2905 0.2865 0.2865 0.2865 0.2615 0.2615 0.2765 0.2765 0.292 0.292 0.292 0.293 0.293 0.2765 0.2765 0.2915 0.2915 0.2915 0.243 0.243 0.2615 0.2615 0.2605 0.2605 0.2605 0.2865 0.2865 0.283 0.283 0.283 0.283 0.2885 0.2885 0.2885 0.2905 0.2905 0.284 0.284 0.295 0.295 0.295 0.2935 0.2935 0.271 0.271 0.2445 0.2445 0.2445 0.2745 0.2745 0.2625 0.2625 0.2745 0.2745 0.2745 0.277 0.277 0.279 0.279
0.236 0.2495 0.2495 0.2735 0.2735 0.2735 0.2665 0.2665 0.2765 0.2765 0.2675 0.2675 0.2815 0.2815 0.2815 0.2805 0.2805 0.27 0.27 0.2795 0.2795 0.2795 0.2685 0.2685 0.274 0.274 0.2845 0.2845 0.2845 0.2875 0.2875 0.2695 0.2695 0.284 0.284 0.284 0.263 0.263 0.273 0.273 0.291 0.291 0.291 0.283 0.283 0.2785 0.2785 0.2795 0.2795 0.2845 0.2845 0.2845 0.308 0.308 0.295 0.295 0.3225 0.3225 0.3225 0.304 0.304 0.311 0.311 0.285 0.285 0.285 0.285 0.285 0.28 0.28 0.283 0.283 0.283 0.2815 0.2815 0.276 0.276
0.236 0.2495 0.2495 0.2735 0.2735 0.2735 0.2665 0.2665 0.2765 0.2765 0.2675 0.2675 0.2815 0.2815 0.2815 0.2805 0.2805 0.27 0.27 0.2795 0.2795 0.2795 0.2685 0.2685 0.274 0.274 0.2845 0.2845 0.2845 0.2875 0.2875 0.2695 0.2695 0.284 0.284 0.284 0.263 0.263 0.273 0.273 0.291 0.291 0.291 0.283 0.283 0.2785 0.2785 0.2795 0.2795 0.2845 0.2845 0.2845 0.308 0.308 0.295 0.295 0.3225 0.3225 0.3225 0.304 0.304 0.311 0.311 0.285 0.285 0.285 0.285 0.285 0.28 0.28 0.283 0.283 0.283 0.2815 0.2815 0.276 0.276
0.236 0.2495 0.2495 0.2735 0.2735 0.2735 0.2665 0.2665 0.2765 0.2765 0.2675 0.2675 0.2815 0.2815 0.2815 0.2805 0.2805 0.27 0.27 0.2795 0.2795 0.2795 0.2685 0.2685 0.274 0.274 0.2845 0.2845 0.2845 0.2875 0.2875 0.2695 0.2695 0.284 0.284 0.284 0.263 0.263 0.273 0.273 0.291 0.291 0.291 0.283 0.283 0.2785 0.2785 0.2795 0.2795 0.2845 0.2845 0.2845 0.308 0.308 0.295 0.295 0.3225 0.3225 0.3225 0.304 0.304 0.311 0.311 0.285 0.285 0.285 0.285 0.285 0.28 0.28 0.283 0.283 0.283 0.2815 0.2815 0.276 0.276
0.266 0.2865 0.2865 0.278 0.278 0.278 0.273 0.273 0.3025 0.3025 0.3115 0.3115 0.296 0.296 0.296 0.317 0.317 0.316 0.316 0.292 0.292 0.292 0.299 0.299 0.2815 0.2815 0.29 0.29 0.29 0.2765 0.2765 0.2935 0.2935 0.274 0.274 0.274 0.2705 0.2705 0.301 0.301 0.2755 0.2755 0.2755 0.293 0.293 0.3095 0.3095 0.2925 0.2925 0.2865 0.2865 0.2865 0.312 0.312 0.301 0.301 0.3095 0.3095 0.3095 0.2955 0.2955 0.3005 0.3005 0.2945 0.2945 0.2945 0.268 0.268 0.2615 0.2615 0.277 0.277 0.277 0.287 0.287 0.291 0.291
0.266 0.2865 0.2865 0.278 0.278 0.278 0.273 0.273 0.3025 0.3025 0.3115 0.3115 0.296 0.296 0.296 0.317 0.317 0.316 0.316 0.292 0.292 0.292 0.299 0.299 0.2815 0.2815 0.29 0.29 0.29 0.2765 0.2765 0.2935 0.2935 0.274 0.274 0.274 0.2705 0.2705 0.301 0.301 0.2755 0.2755 0.2755 0.293 0.293 0.3095 0.3095 0.2925 0.2925 0.2865 0.2865 0.2865 0.312 0.312 0.301 0.301 0.3095 0.3095 0.3095 0.2955 0.2955 0.3005 0.3005 0.2945 0.2945 0.2945 0.268 0.268 0.2615 0.2615 0.277 0.277 0.277 0.287 0.287 0.291 0.291
0.275 0.2895 0.2895 0.276 0.276 0.276 0.27 0.27 0.298 0.298 0.3075 0.3075 0.293 0.293 0.293 0.3035 0.3035 0.2975 0.2975 0.3125 0.3125 0.3125 0.283 0.283 0.2905 0.2905 0.283 0.283 0.283 0.281 0.281 0.256 0.256 0.2765 0.2765 0.2765 0.2965 0.2965 0.274 0.274 0.2655 0.2655 0.2655 0.3145 0.3145 0.3075 0.3075 0.312 0.312 0.2845 0.2845 0.2845 0.3245 0.3245 0.327 0.327 0.316 0.316 0.316 0.3065 0.3065 0.2865 0.2865 0.284 0.284 0.284 0.2775 0.2775 0.275 0.275 0.3075 0.3075 0.3075 0.3095 0.3095 0.2995 0.2995
0.275 0.2895 0.2895 0.276 0.276 0.276 0.27 0.27 0.298 0.298 0.3075 0.3075 0.293 0.293 0.293 0.3035 0.3035 0.2975 0.2975 0.3125 0.3125 0.3125 0.283 0.283 0.2905 0.2905 0.283 0.283 0.283 0.281 0.281 0.256 0.256 0.2765 0.2765 0.2765 0.2965 0.2965 0.274 0.274 0.2655 0.2655 0.2655 0.3145 0.3145 0.3075 0.3075 0.312 0.312 0.2845 0.2845 0.2845 0.3245 0.3245 0.327 0.327 0.316 0.316 0.316 0.3065 0.3065 0.2865 0.2865 0.284 0.284 0.284 0.2775 0.2775 0.275 0.275 0.3075 0.3075 0.3075 0.3095 0.3095 0.2995 0.2995
0.287 0.2955 0.2955 0.294 0.294 0.294 0.277 0.277 0.289 0.289 0.2965 0.2965 0.2955 0.2955 0.2955 0.3 0.3 0.2985 0.2985 0.3105 0.3105 0.3105 0.323 0.323 0.295 0.295 0.2935 0.2935 0.2935 0.2795 0.2795 0.2855 0.2855 0.2925 0.2925 0.2925 0.263 0.263 0.269 0.269 0.279 0.279 0.279 0.2935 0.2935 0.295 0.295 0.2985 0.2985 0.327 0.327 0.327 0.321 0.321 0.315 0.315 0.3165 0.3165 0.3165 0.2995 0.2995 0.302 0.302 0.2945 0.2945 0.2945 0.2875 0.2875 0.2905 0.2905 0.3165 0.3165 0.3165 0.313 0.313 0.291 0.291
0.287 0.2955 0.2955 0.294 0.294 0.294 0.277 0.277 0.289 0.289 0.2965 0.2965 0.2955 0.2955 0.2955 0.3 0.3 0.2985 0.2985 0.3105 0.3105 0.3105 0.323 0.323 0.295 0.295 0.2935 0.2935 0.2935 0.2795 0.2795 0.2855 0.2855 0.2925 0.2925 0.2925 0.263 0.263 0.269 0.269 0.279 0.279 0.279 0.2935 0.2935 0.295 0.295 0.2985 0.2985 0.327 0.327 0.327 0.321 0.321 0.315 0.315 0.3165 0.3165 0.3165 0.2995 0.2995 0.302 0.302 0.2945 0.2945 0.2945 0.2875 0.2875 0.2905 0.2905 0.3165 0.3165 0.3165 0.313 0.313 0.291 0.291
0.3045 0.3155 0.3155 0.2905 0.2905 0.2905 0.2825 0.2825 0.289 0.289 0.2955 0.2955 0.301 0.301 0.301 0.3105 0.3105 0.2945 0.2945 0.302 0.302 0.302 0.29 0.29 0.2945 0.2945 0.301 0.301 0.301 0.285 0.285 0.2945 0.2945 0.295 0.295 0.295 0.2845 0.2845 0.2895 0.2895 0.306 0.306 0.306 0.2885 0.2885 0.314 0.314 0.3095 0.3095 0.3105 0.3105 0.3105 0.3195 0.3195 0.31 0.31 0.3095 0.3095 0.3095 0.2975 0.2975 0.287 0.287 0.3035 0.3035 0.3035 0.301 0.301 0.3225 0.3225 0.3145 0.3145 0.3145 0.3025 0.3025 0.3115 0.3115
0.3045 0.3155 0.3155 0.2905 0.2905 0.2905 0.2825 0.2825 0.289 0.289 0.2955 0.2955 0.301 0.301 0.301 0.3105 0.3105 0.2945 0.2945 0.302 0.302 0.302 0.29 0.29 0.2945 0.2945 0.301 0.301 0.301 0.285 0.285 0.2945 0.2945 0.295 0.295 0.295 0.2845 0.2845 0.2895 0.2895 0.306 0.306 0.306 0.2885 0.2885 0.314 0.314 0.3095 0.3095 0.3105 0.3105 0.3105 0.3195 0.3195 0.31 0.31 0.3095 0.3095 0.3095 0.2975 0.2975 0.287 0.287 0.3035 0.3035 0.3035 0.301 0.301 0.3225 0.3225 0.3145 0.3145 0.3145 0.3025 0.3025 0.3115 0.3115
0.3045 0.3155 0.3155 0.2905 0.2905 0.2905 0.2825 0.2825 0.289 0.289 0.2955 0.2955 0.301 0.301 0.301 0.3105 0.3105 0.2945 0.2945 0.302 0.302 0.302 0.29 0.29 0.2945 0.2945 0.301 0.301 0.301 0.285 0.285 0.2945 0.2945 0.295 0.295 0.295 0.2845 0.2845 0.2895 0.2895 0.306 0.306 0.306 0.2885 0.2885 0.314 0.314 0.3095 0.3095 0.3105 0.3105 0.3105 0.3195 0.3195 0.31 0.31 0.3095 0.3095 0.3095 0.2975 0.2975 0.287 0.287 0.3035 0.3035 0.3035 0.301 0.301 0.3225 0.3225 0.3145 0.3145 0.3145 0.3025 0.3025 0.3115 0.3115
0.306 0.3025 0.3025 0.291 0.291 0.291 0.2805 0.2805 0.298 0.298 0.3285 0.3285 0.295 0.295 0.295 0.293 0.293 0.2925 0.2925 0.2705 0.2705 0.2705 0.291 0.291 0.297 0.297 0.287 0.287 0.287 0.29 0.29 0.297 0.297 0.284 0.284 0.284 0.299 0.299 0.301 0.301 0.2815 0.2815 0.2815 0.298 0.298 0.3135 0.3135 0.318 0.318 0.3115 0.3115 0.3115 0.3205 0.3205 0.3125 0.3125 0.297 0.297 0.297 0.318 0.318 0.3295 0.3295 0.3215 0.3215 0.3215 0.3115 0.3115 0.312 0.312 0.307 0.307 0.307 0.2975 0.2975 0.2895 0.2895
0.306 0.3025 0.3025 0.291 0.291 0.291 0.2805 0.2805 0.298 0.298 0.3285 0.3285 0.295 0.295 0.295 0.293 0.293 0.2925 0.2925 0.2705 0.2705 0.2705 0.291 0.291 0.297 0.297 0.287 0.287 0.287 0.29 0.29 0.297 0.297 0.284 0.284 0.284 0.299 0.299 0.301 0.301 0.2815 0.2815 0.2815 0.298 0.298 0.3135 0.3135 0.318 0.318 0.3115 0.3115 0.3115 0.3205 0.3205 0.3125 0.3125 0.297 0.297 0.297 0.318 0.318 0.3295 0.3295 0.3215 0.3215 0.3215 0.3115 0.3115 0.312 0.312 0.307 0.307 0.307 0.2975 0.2975 0.2895 0.2895
0.3205 0.3175 0.3175 0.288 0.288 0.288 0.296 0.296 0.314 0.314 0.293 0.293 0.292 0.292 0.292 0.3065 0.3065 0.297 0.297 0.283 0.283 0.283 0.27 0.27 0.276 0.276 0.331 0.331 0.331 0.3405 0.3405 0.312 0.312 0.2625 0.2625 0.2625 0.2965 0.2965 0.2965 0.2965 0.287 0.287 0.287 0.3355 0.3355 0.3235 0.3235 0.314 0.314 0.361 0.361 0.361 0.319 0.319 0.341 0.341 0.3165 0.3165 0.3165 0.336 0.336 0.329 0.329 0.313 0.313 0.313 0.324 0.324 0.312 0.312 0.312 0.312 0.312 0.314 0.314 0.2975 0.2975
0.3205 0.3175 0.3175 0.288 0.288 0.288 0.296 0.296 0.314 0.314 0.293 0.293 0.292 0.292 0.292 0.3065 0.3065 0.297 0.297 0.283 0.283 0.283 0.27 0.27 0.276 0.276 0.331 0.331 0.331 0.3405 0.3405 0.312 0.312 0.2625 0.2625 0.2625 0.2965 0.2965 0.2965 0.2965 0.287 0.287 0.287 0.3355 0.3355 0.3235 0.3235 0.314 0.314 0.361 0.361 0.361 0.319 0.319 0.341 0.341 0.3165 0.3165 0.3165 0.336 0.336 0.329 0.329 0.313 0.313 0.313 0.324 0.324 0.312 0.312 0.312 0.312 0.312 0.314 0.314 0.2975 0.2975
0.318 0.334 0.334 0.2935 0.2935 0.2935 0.3055 0.3055 0.2885 0.2885 0.2895 0.2895 0.302 0.302 0.302 0.3095 0.3095 0.2845 0.2845 0.28 0.28 0.28 0.2825 0.2825 0.309 0.309 0.341 0.341 0.341 0.309 0.309 0.307 0.307 0.2945 0.2945 0.2945 0.306 0.306 0.2915 0.2915 0.2775 0.2775 0.2775 0.282 0.282 0.3305 0.3305 0.3035 0.3035 0.3095 0.3095 0.3095 0.3145 0.3145 0.3185 0.3185 0.3355 0.3355 0.3355 0.345 0.345 0.322 0.322 0.313 0.313 0.313 0.3195 0.3195 0.298 0.298 0.302 0.302 0.302 0.3135 0.3135 0.304 0.304
0.318 0.334 0.334 0.2935 0.2935 0.2935 0.3055 0.3055 0.2885 0.2885 0.2895 0.2895 0.302 0.302 0.302 0.3095 0.3095 0.2845 0.2845 0.28 0.28 0.28 0.2825 0.2825 0.309 0.309 0.341 0.341 0.341 0.309 0.309 0.307 0.307 0.2945 0.2945 0.2945 0.306 0.306 0.2915 0.2915 0.2775 0.2775 0.2775 0.282 0.282 0.3305 0.3305 0.3035 0.3035 0.3095 0.3095 0.3095 0.3145 0.3145 0.3185 0.3185 0.3355 0.3355 0.3355 0.345 0.345 0.322 0.322 0.313 0.313 0.313 0.3195 0.3195 0.298 0.298 0.302 0.302 0.302 0.3135 0.3135 0.304 0.304
0.318 0.334 0.334 0.2935 0.2935 0.2935 0.3055 0.3055 0.2885 0.2885 0.2895 0.2895 0.302 0.302 0.302 0.3095 0.3095 0.2845 0.2845 0.28 0.28 0.28 0.2825 0.2825 0.309 0.309 0.341 0.341 0.341 0.309 0.309 0.307 0.307 0.2945 0.2945 0.2945 0.306 0.306 0.2915 0.2915 0.2775 0.2775 0.2775 0.282 0.282 0.3305 0.3305 0.3035 0.3035 0.3095 0.3095 0.3095 0.3145 0.3145 0.3185 0.3185 0.3355 0.3355 0.3355 0.345 0.345 0.322 0.322 0.313 0.313 0.313 0.3195 0.3195 0.298 0.298 0.302 0.302 0.302 0.3135 0.3135 0.304 0.304
0.323 0.3 0.3 0.3065 0.3065 0.3065 0.2995 0.2995 0.2835 0.2835 0.296 0.296 0.286 0.286 0.286 0.289 0.289 0.295 0.295 0.2805 0.2805 0.2805 0.2885 0.2885 0.298 0.298 0.3165 0.3165 0.3165 0.312 0.312 0.296 0.296 0.288 0.288 0.288 0.2825 0.2825 0.267 0.267 0.2955 0.2955 0.2955 0.2905 0.2905 0.343 0.343 0.3275 0.3275 0.3335 0.3335 0.3335 0.2925 0.2925 0.342 0.342 0.3751 0.3751 0.3751 0.3455 0.3455 0.3185 0.3185 0.3235 0.3235 0.3235 0.303 0.303 0.3155 0.3155 0.312 0.312 0.312 0.298 0.298 0.298 0.298
0.323 0.3 0.3 0.3065 0.3065 0.3065 0.2995 0.2995 0.2835 0.2835 0.296 0.296 0.286 0.286 0.286 0.289 0.289 0.295 0.295 0.2805 0.2805 0.2805 0.2885 0.2885 0.298 0.298 0.3165 0.3165 0.3165 0.312 0.312 0.296 0.296 0.288 0.288 0.288 0.2825 0.2825 0.267 0.267 0.2955 0.2955 0.2955 0.2905 0.2905 0.343 0.343 0.3275 0.3275 0.3335 0.3335 0.3335 0.2925 0.2925 0.342 0.342 0.3751 0.3751 0.3751 0.3455 0.3455 0.3185 0.3185 0.3235 0.3235 0.3235 0.303 0.303 0.3155 0.3155 0.312 0.312 0.312 0.298 0.298 0.298 0.298
0.2895 0.335 0.335 0.2725 0.2725 0.2725 0.2725 0.2725 0.289 0.289 0.266 0.266 0.274 0.274 0.274 0.2795 0.2795 0.2955 0.2955 0.2955 0.2955 0.2955 0.292 0.292 0.291 0.291 0.298 0.298 0.298 0.2965 0.2965 0.3025 0.3025 0.3025 0.3025 0.3025 0.286 0.286 0.29 0.29 0.2905 0.2905 0.2905 0.298 0.298 0.3 0.3 0.319 0.319 0.302 0.302 0.302 0.3035 0.3035 0.335 0.335 0.3575 0.3575 0.3575 0.341 0.341 0.31 0.31 0.308 0.308 0.308 0.311 0.311 0.2985 0.2985 0.3075 0.3075 0.3075 0.3035 0.3035 0.3075 0.3075
0.2895 0.335 0.335 0.2725 0.2725 0.2725 0.2725 0.2725 0.289 0.289 0.266 0.266 0.274 0.274 0.274 0.2795 0.2795 0.2955 0.2955 0.2955 0.2955 0.2955 0.292 0.292 0.291 0.291 0.298 0.298 0.298 0.2965 0.2965 0.3025 0.3025 0.3025 0.3025 0.3025 0.286 0.286 0.29 0.29 0.2905 0.2905 0.2905 0.298 0.298 0.3 0.3 0.319 0.319 0.302 0.302 0.302 0.3035 0.3035 0.335 0.335 0.3575 0.3575 0.3575 0.341 0.341 0.31 0.31 0.308 0.308 0.308 0.311 0.311 0.2985 0.2985 0.3075 0.3075 0.3075 0.3035 0.3035 0.3075 0.3075
