ndvi/NOAA-157.asc
ncols         252
nrows         154
xllcorner     -18.017974
yllcorner     13.481982
cellsize      0.035948
NODATA_value  -9999
[rows 0 to 33 of 154, columns 77 to 153 of 252]
0.1125 0.1125 0.111 0.111 0.111 0.111 0.113 0.113 0.113 0.114 0.114 0.119 0.119 0.115 0.115 0.117 0.117 0.117 0.1145 0.1145 0.1135 0.1135 0.116 0.116 0.116 0.109 0.109 0.1135 0.1135 0.1165 0.1165 0.1165 0.106 0.106 0.104 0.104 0.103 0.103 0.103 0.1065 0.1065 0.102 0.102 0.1085 0.1085 0.1085 0.119 0.119 0.113 0.113 0.11 0.11 0.113 0.113 0.113 0.116 0.116 0.115 0.115 0.1145 0.1145 0.1145 0.118 0.118 0.119 0.119 0.1165 0.1165 0.1165 0.1105 0.1105 0.108 0.108 0.114 0.114 0.114 0.1225
0.1125 0.1125 0.111 0.111 0.111 0.111 0.113 0.113 0.113 0.114 0.114 0.119 0.119 0.115 0.115 0.117 0.117 0.117 0.1145 0.1145 0.1135 0.1135 0.116 0.116 0.116 0.109 0.109 0.1135 0.1135 0.1165 0.1165 0.1165 0.106 0.106 0.104 0.104 0.103 0.103 0.103 0.1065 0.1065 0.102 0.102 0.1085 0.1085 0.1085 0.119 0.119 0.113 0.113 0.11 0.11 0.113 0.113 0.113 0.116 0.116 0.115 0.115 0.1145 0.1145 0.1145 0.118 0.118 0.119 0.119 0.1165 0.1165 0.1165 0.1105 0.1105 0.108 0.108 0.114 0.114 0.114 0.1225
0.1145 0.1145 0.116 0.116 0.1155 0.1155 0.116 0.116 0.116 0.1145 0.1145 0.118 0.118 0.1185 0.1185 0.1165 0.1165 0.1165 0.117 0.117 0.115 0.115 0.1155 0.1155 0.1155 0.1105 0.1105 0.1115 0.1115 0.107 0.107 0.107 0.102 0.102 0.0985 0.0985 0.117 0.117 0.117 0.1055 0.1055 0.102 0.102 0.1025 0.1025 0.1025 0.114 0.114 0.12 0.12 0.1135 0.1135 0.125 0.125 0.125 0.12 0.12 0.1265 0.1265 0.127 0.127 0.127 0.1205 0.1205 0.121 0.121 0.1185 0.1185 0.1185 0.1165 0.1165 0.1145 0.1145 0.1075 0.1075 0.1075 0.115
0.1145 0.1145 0.116 0.116 0.1155 0.1155 0.116 0.116 0.116 0.1145 0.1145 0.118 0.118 0.1185 0.1185 0.1165 0.1165 0.1165 0.117 0.117 0.115 0.115 0.1155 0.1155 0.1155 0.1105 0.1105 0.1115 0.1115 0.107 0.107 0.107 0.102 0.102 0.0985 0.0985 0.117 0.117 0.117 0.1055 0.1055 0.102 0.102 0.1025 0.1025 0.1025 0.114 0.114 0.12 0.12 0.1135 0.1135 0.125 0.125 0.125 0.12 0.12 0.1265 0.1265 0.127 0.127 0.127 0.1205 0.1205 0.121 0.121 0.1185 0.1185 0.1185 0.1165 0.1165 0.1145 0.1145 0.1075 0.1075 0.1075 0.115
0.1145 0.1145 0.116 0.116 0.1155 0.1155 0.116 0.116 0.116 0.1145 0.1145 0.118 0.118 0.1185 0.1185 0.1165 0.1165 0.1165 0.117 0.117 0.115 0.115 0.1155 0.1155 0.1155 0.1105 0.1105 0.1115 0.1115 0.107 0.107 0.107 0.102 0.102 0.0985 0.0985 0.117 0.117 0.117 0.1055 0.1055 0.102 0.102 0.1025 0.1025 0.1025 0.114 0.114 0.12 0.12 0.1135 0.1135 0.125 0.125 0.125 0.12 0.12 0.1265 0.1265 0.127 0.127 0.127 0.1205 0.1205 0.121 0.121 0.1185 0.1185 0.1185 0.1165 0.1165 0.1145 0.1145 0.1075 0.1075 0.1075 0.115
0.114 0.114 0.1145 0.1145 0.117 0.117 0.1185 0.1185 0.1185 0.117 0.117 0.1185 0.1185 0.116 0.116 0.117 0.117 0.117 0.1165 0.1165 0.1185 0.1185 0.1125 0.1125 0.1125 0.108 0.108 0.1075 0.1075 0.1045 0.1045 0.1045 0.104 0.104 0.1115 0.1115 0.1255 0.1255 0.1255 0.1135 0.1135 0.1 0.1 0.1035 0.1035 0.1035 0.11 0.11 0.1155 0.1155 0.115 0.115 0.1265 0.1265 0.1265 0.1215 0.1215 0.1235 0.1235 0.1235 0.1235 0.1235 0.122 0.122 0.1205 0.1205 0.128 0.128 0.128 0.121 0.121 0.12 0.12 0.118 0.118 0.118 0.117
0.114 0.114 0.1145 0.1145 0.117 0.117 0.1185 0.1185 0.1185 0.117 0.117 0.1185 0.1185 0.116 0.116 0.117 0.117 0.117 0.1165 0.1165 0.1185 0.1185 0.1125 0.1125 0.1125 0.108 0.108 0.1075 0.1075 0.1045 0.1045 0.1045 0.104 0.104 0.1115 0.1115 0.1255 0.1255 0.1255 0.1135 0.1135 0.1 0.1 0.1035 0.1035 0.1035 0.11 0.11 0.1155 0.1155 0.115 0.115 0.1265 0.1265 0.1265 0.1215 0.1215 0.1235 0.1235 0.1235 0.1235 0.1235 0.122 0.122 0.1205 0.1205 0.128 0.128 0.128 0.121 0.121 0.12 0.12 0.118 0.118 0.118 0.117
0.1145 0.1145 0.115 0.115 0.117 0.117 0.118 0.118 0.118 0.119 0.119 0.119 0.119 0.1165 0.1165 0.1135 0.1135 0.1135 0.115 0.115 0.115 0.115 0.114 0.114 0.114 0.116 0.116 0.107 0.107 0.1105 0.1105 0.1105 0.1195 0.1195 0.113 0.113 0.11 0.11 0.11 0.113 0.113 0.111 0.111 0.1125 0.1125 0.1125 0.124 0.124 0.1255 0.1255 0.125 0.125 0.1225 0.1225 0.1225 0.129 0.129 0.1305 0.1305 0.131 0.131 0.131 0.1255 0.1255 0.122 0.122 0.126 0.126 0.126 0.1255 0.1255 0.1285 0.1285 0.128 0.128 0.128 0.119
0.1145 0.1145 0.115 0.115 0.117 0.117 0.118 0.118 0.118 0.119 0.119 0.119 0.119 0.1165 0.1165 0.1135 0.1135 0.1135 0.115 0.115 0.115 0.115 0.114 0.114 0.114 0.116 0.116 0.107 0.107 0.1105 0.1105 0.1105 0.1195 0.1195 0.113 0.113 0.11 0.11 0.11 0.113 0.113 0.111 0.111 0.1125 0.1125 0.1125 0.124 0.124 0.1255 0.1255 0.125 0.125 0.1225 0.1225 0.1225 0.129 0.129 0.1305 0.1305 0.131 0.131 0.131 0.1255 0.1255 0.122 0.122 0.126 0.126 0.126 0.1255 0.1255 0.1285 0.1285 0.128 0.128 0.128 0.119
0.1105 0.1105 0.118 0.118 0.118 0.118 0.1215 0.1215 0.1215 0.1175 0.1175 0.1165 0.1165 0.119 0.119 0.118 0.118 0.118 0.1175 0.1175 0.1245 0.1245 0.1175 0.1175 0.1175 0.122 0.122 0.1275 0.1275 0.125 0.125 0.125 0.126 0.126 0.1325 0.1325 0.128 0.128 0.128 0.119 0.119 0.1225 0.1225 0.1225 0.1225 0.1225 0.13 0.13 0.1345 0.1345 0.1245 0.1245 0.128 0.128 0.128 0.131 0.131 0.1315 0.1315 0.127 0.127 0.127 0.1295 0.1295 0.1235 0.1235 0.126 0.126 0.126 0.1185 0.1185 0.1235 0.1235 0.129 0.129 0.129 0.131
0.1105 0.1105 0.118 0.118 0.118 0.118 0.1215 0.1215 0.1215 0.1175 0.1175 0.1165 0.1165 0.119 0.119 0.118 0.118 0.118 0.1175 0.1175 0.1245 0.1245 0.1175 0.1175 0.1175 0.122 0.122 0.1275 0.1275 0.125 0.125 0.125 0.126 0.126 0.1325 0.1325 0.128 0.128 0.128 0.119 0.119 0.1225 0.1225 0.1225 0.1225 0.1225 0.13 0.13 0.1345 0.1345 0.1245 0.1245 0.128 0.128 0.128 0.131 0.131 0.1315 0.1315 0.127 0.127 0.127 0.1295 0.1295 0.1235 0.1235 0.126 0.126 0.126 0.1185 0.1185 0.1235 0.1235 0.129 0.129 0.129 0.131
0.1215 0.1215 0.123 0.123 0.1225 0.1225 0.121 0.121 0.121 0.122 0.122 0.117 0.117 0.1275 0.1275 0.1235 0.1235 0.1235 0.1265 0.1265 0.121 0.121 0.1235 0.1235 0.1235 0.125 0.125 0.124 0.124 0.121 0.121 0.121 0.122 0.122 0.122 0.122 0.125 0.125 0.125 0.132 0.132 0.1365 0.1365 0.1355 0.1355 0.1355 0.133 0.133 0.1315 0.1315 0.1335 0.1335 0.141 0.141 0.141 0.139 0.139 0.1365 0.1365 0.136 0.136 0.136 0.136 0.136 0.1355 0.1355 0.1305 0.1305 0.1305 0.1275 0.1275 0.125 0.125 0.128 0.128 0.128 0.135
0.1215 0.1215 0.123 0.123 0.1225 0.1225 0.121 0.121 0.121 0.122 0.122 0.117 0.117 0.1275 0.1275 0.1235 0.1235 0.1235 0.1265 0.1265 0.121 0.121 0.1235 0.1235 0.1235 0.125 0.125 0.124 0.124 0.121 0.121 0.121 0.122 0.122 0.122 0.122 0.125 0.125 0.125 0.132 0.132 0.1365 0.1365 0.1355 0.1355 0.1355 0.133 0.133 0.1315 0.1315 0.1335 0.1335 0.141 0.141 0.141 0.139 0.139 0.1365 0.1365 0.136 0.136 0.136 0.136 0.136 0.1355 0.1355 0.1305 0.1305 0.1305 0.1275 0.1275 0.125 0.125 0.128 0.128 0.128 0.135
0.1215 0.1215 0.123 0.123 0.1225 0.1225 0.121 0.121 0.121 0.122 0.122 0.117 0.117 0.1275 0.1275 0.1235 0.1235 0.1235 0.1265 0.1265 0.121 0.121 0.1235 0.1235 0.1235 0.125 0.125 0.124 0.124 0.121 0.121 0.121 0.122 0.122 0.122 0.122 0.125 0.125 0.125 0.132 0.132 0.1365 0.1365 0.1355 0.1355 0.1355 0.133 0.133 0.1315 0.1315 0.1335 0.1335 0.141 0.141 0.141 0.139 0.139 0.1365 0.1365 0.136 0.136 0.136 0.136 0.136 0.1355 0.1355 0.1305 0.1305 0.1305 0.1275 0.1275 0.125 0.125 0.128 0.128 0.128 0.135
0.126 0.126 0.125 0.125 0.123 0.123 0.127 0.127 0.127 0.127 0.127 0.122 0.122 0.1275 0.1275 0.1275 0.1275 0.1275 0.1305 0.1305 0.1315 0.1315 0.1295 0.1295 0.1295 0.1295 0.1295 0.129 0.129 0.122 0.122 0.122 0.126 0.126 0.124 0.124 0.121 0.121 0.121 0.1245 0.1245 0.137 0.137 0.143 0.143 0.143 0.1405 0.1405 0.144 0.144 0.1405 0.1405 0.1445 0.1445 0.1445 0.143 0.143 0.1375 0.1375 0.139 0.139 0.139 0.139 0.139 0.142 0.142 0.135 0.135 0.135 0.131 0.131 0.128 0.128 0.134 0.134 0.134 0.1385
0.126 0.126 0.125 0.125 0.123 0.123 0.127 0.127 0.127 0.127 0.127 0.122 0.122 0.1275 0.1275 0.1275 0.1275 0.1275 0.1305 0.1305 0.1315 0.1315 0.1295 0.1295 0.1295 0.1295 0.1295 0.129 0.129 0.122 0.122 0.122 0.126 0.126 0.124 0.124 0.121 0.121 0.121 0.1245 0.1245 0.137 0.137 0.143 0.143 0.143 0.1405 0.1405 0.144 0.144 0.1405 0.1405 0.1445 0.1445 0.1445 0.143 0.143 0.1375 0.1375 0.139 0.139 0.139 0.139 0.139 0.142 0.142 0.135 0.135 0.135 0.131 0.131 0.128 0.128 0.134 0.134 0.134 0.1385
0.123 0.123 0.1275 0.1275 0.125 0.125 0.126 0.126 0.126 0.1315 0.1315 0.1305 0.1305 0.131 0.131 0.1285 0.1285 0.1285 0.1305 0.1305 0.1295 0.1295 0.129 0.129 0.129 0.129 0.129 0.128 0.128 0.13 0.13 0.13 0.126 0.126 0.125 0.125 0.123 0.123 0.123 0.124 0.124 0.135 0.135 0.134 0.134 0.134 0.1495 0.1495 0.1475 0.1475 0.135 0.135 0.1415 0.1415 0.1415 0.135 0.135 0.141 0.141 0.144 0.144 0.144 0.1485 0.1485 0.1445 0.1445 0.137 0.137 0.137 0.1295 0.1295 0.126 0.126 0.1275 0.1275 0.1275 0.1365
0.123 0.123 0.1275 0.1275 0.125 0.125 0.126 0.126 0.126 0.1315 0.1315 0.1305 0.1305 0.131 0.131 0.1285 0.1285 0.1285 0.1305 0.1305 0.1295 0.1295 0.129 0.129 0.129 0.129 0.129 0.128 0.128 0.13 0.13 0.13 0.126 0.126 0.125 0.125 0.123 0.123 0.123 0.124 0.124 0.135 0.135 0.134 0.134 0.134 0.1495 0.1495 0.1475 0.1475 0.135 0.135 0.1415 0.1415 0.1415 0.135 0.135 0.141 0.141 0.144 0.144 0.144 0.1485 0.1485 0.1445 0.1445 0.137 0.137 0.137 0.1295 0.1295 0.126 0.126 0.1275 0.1275 0.1275 0.1365
0.1255 0.1255 0.1275 0.1275 0.128 0.128 0.1275 0.1275 0.1275 0.1325 0.1325 0.1295 0.1295 0.131 0.131 0.128 0.128 0.128 0.1275 0.1275 0.1275 0.1275 0.131 0.131 0.131 0.1265 0.1265 0.1315 0.1315 0.137 0.137 0.137 0.138 0.138 0.1345 0.1345 0.128 0.128 0.128 0.128 0.128 0.1315 0.1315 0.139 0.139 0.139 0.1485 0.1485 0.143 0.143 0.136 0.136 0.1285 0.1285 0.1285 0.1455 0.1455 0.1485 0.1485 0.146 0.146 0.146 0.1515 0.1515 0.1465 0.1465 0.1415 0.1415 0.1415 0.1435 0.1435 0.146 0.146 0.1355 0.1355 0.1355 0.1255
0.1255 0.1255 0.1275 0.1275 0.128 0.128 0.1275 0.1275 0.1275 0.1325 0.1325 0.1295 0.1295 0.131 0.131 0.128 0.128 0.128 0.1275 0.1275 0.1275 0.1275 0.131 0.131 0.131 0.1265 0.1265 0.1315 0.1315 0.137 0.137 0.137 0.138 0.138 0.1345 0.1345 0.128 0.128 0.128 0.128 0.128 0.1315 0.1315 0.139 0.139 0.139 0.1485 0.1485 0.143 0.143 0.136 0.136 0.1285 0.1285 0.1285 0.1455 0.1455 0.1485 0.1485 0.146 0.146 0.146 0.1515 0.1515 0.1465 0.1465 0.1415 0.1415 0.1415 0.1435 0.1435 0.146 0.146 0.1355 0.1355 0.1355 0.1255
0.1255 0.1255 0.1275 0.1275 0.128 0.128 0.1275 0.1275 0.1275 0.1325 0.1325 0.1295 0.1295 0.131 0.131 0.128 0.128 0.128 0.1275 0.1275 0.1275 0.1275 0.131 0.131 0.131 0.1265 0.1265 0.1315 0.1315 0.137 0.137 0.137 0.138 0.138 0.1345 0.1345 0.128 0.128 0.128 0.128 0.128 0.1315 0.1315 0.139 0.139 0.139 0.1485 0.1485 0.143 0.143 0.136 0.136 0.1285 0.1285 0.1285 0.1455 0.1455 0.1485 0.1485 0.146 0.146 0.146 0.1515 0.1515 0.1465 0.1465 0.1415 0.1415 0.1415 0.1435 0.1435 0.146 0.146 0.1355 0.1355 0.1355 0.1255
0.1255 0.1255 0.13 0.13 0.132 0.132 0.132 0.132 0.132 0.1325 0.1325 0.1295 0.1295 0.132 0.132 0.135 0.135 0.135 0.133 0.133 0.133 0.133 0.131 0.131 0.131 0.135 0.135 0.14 0.14 0.141 0.141 0.141 0.1395 0.1395 0.142 0.142 0.136 0.136 0.136 0.136 0.136 0.1615 0.1615 0.169 0.169 0.169 0.174 0.174 0.1765 0.1765 0.16 0.16 0.138 0.138 0.138 0.15 0.15 0.1485 0.1485 0.1575 0.1575 0.1575 0.164 0.164 0.15 0.15 0.145 0.145 0.145 0.144 0.144 0.149 0.149 0.1555 0.1555 0.1555 0.1305
0.1255 0.1255 0.13 0.13 0.132 0.132 0.132 0.132 0.132 0.1325 0.1325 0.1295 0.1295 0.132 0.132 0.135 0.135 0.135 0.133 0.133 0.133 0.133 0.131 0.131 0.131 0.135 0.135 0.14 0.14 0.141 0.141 0.141 0.1395 0.1395 0.142 0.142 0.136 0.136 0.136 0.136 0.136 0.1615 0.1615 0.169 0.169 0.169 0.174 0.174 0.1765 0.1765 0.16 0.16 0.138 0.138 0.138 0.15 0.15 0.1485 0.1485 0.1575 0.1575 0.1575 0.164 0.164 0.15 0.15 0.145 0.145 0.145 0.144 0.144 0.149 0.149 0.1555 0.1555 0.1555 0.1305
0.1345 0.1345 0.131 0.131 0.1345 0.1345 0.139 0.139 0.139 0.14 0.14 0.144 0.144 0.137 0.137 0.139 0.139 0.139 0.1405 0.1405 0.137 0.137 0.139 0.139 0.139 0.1385 0.1385 0.1475 0.1475 0.1525 0.1525 0.1525 0.148 0.148 0.1375 0.1375 0.1405 0.1405 0.1405 0.137 0.137 0.1625 0.1625 0.1645 0.1645 0.1645 0.1685 0.1685 0.1905 0.1905 0.195 0.195 0.153 0.153 0.153 0.1455 0.1455 0.1445 0.1445 0.1435 0.1435 0.1435 0.164 0.164 0.1515 0.1515 0.149 0.149 0.149 0.1465 0.1465 0.15 0.15 0.1515 0.1515 0.1515 0.142
0.1345 0.1345 0.131 0.131 0.1345 0.1345 0.139 0.139 0.139 0.14 0.14 0.144 0.144 0.137 0.137 0.139 0.139 0.139 0.1405 0.1405 0.137 0.137 0.139 0.139 0.139 0.1385 0.1385 0.1475 0.1475 0.1525 0.1525 0.1525 0.148 0.148 0.1375 0.1375 0.1405 0.1405 0.1405 0.137 0.137 0.1625 0.1625 0.1645 0.1645 0.1645 0.1685 0.1685 0.1905 0.1905 0.195 0.195 0.153 0.153 0.153 0.1455 0.1455 0.1445 0.1445 0.1435 0.1435 0.1435 0.164 0.164 0.1515 0.1515 0.149 0.149 0.149 0.1465 0.1465 0.15 0.15 0.1515 0.1515 0.1515 0.142
0.142 0.142 0.1435 0.1435 0.1425 0.1425 0.139 0.139 0.139 0.144 0.144 0.145 0.145 0.139 0.139 0.14 0.14 0.14 0.1445 0.1445 0.1425 0.1425 0.144 0.144 0.144 0.148 0.148 0.147 0.147 0.1465 0.1465 0.1465 0.153 0.153 0.1505 0.1505 0.1405 0.1405 0.1405 0.134 0.134 0.1505 0.1505 0.1605 0.1605 0.1605 0.165 0.165 0.1825 0.1825 0.1965 0.1965 0.1755 0.1755 0.1755 0.151 0.151 0.139 0.139 0.1335 0.1335 0.1335 0.1505 0.1505 0.157 0.157 0.1415 0.1415 0.1415 0.1455 0.1455 0.127 0.127 0.1435 0.1435 0.1435 0.1475
0.142 0.142 0.1435 0.1435 0.1425 0.1425 0.139 0.139 0.139 0.144 0.144 0.145 0.145 0.139 0.139 0.14 0.14 0.14 0.1445 0.1445 0.1425 0.1425 0.144 0.144 0.144 0.148 0.148 0.147 0.147 0.1465 0.1465 0.1465 0.153 0.153 0.1505 0.1505 0.1405 0.1405 0.1405 0.134 0.134 0.1505 0.1505 0.1605 0.1605 0.1605 0.165 0.165 0.1825 0.1825 0.1965 0.1965 0.1755 0.1755 0.1755 0.151 0.151 0.139 0.139 0.1335 0.1335 0.1335 0.1505 0.1505 0.157 0.157 0.1415 0.1415 0.1415 0.1455 0.1455 0.127 0.127 0.1435 0.1435 0.1435 0.1475
0.142 0.142 0.1435 0.1435 0.1425 0.1425 0.139 0.139 0.139 0.144 0.144 0.145 0.145 0.139 0.139 0.14 0.14 0.14 0.1445 0.1445 0.1425 0.1425 0.144 0.144 0.144 0.148 0.148 0.147 0.147 0.1465 0.1465 0.1465 0.153 0.153 0.1505 0.1505 0.1405 0.1405 0.1405 0.134 0.134 0.1505 0.1505 0.1605 0.1605 0.1605 0.165 0.165 0.1825 0.1825 0.1965 0.1965 0.1755 0.1755 0.1755 0.151 0.151 0.139 0.139 0.1335 0.1335 0.1335 0.1505 0.1505 0.157 0.157 0.1415 0.1415 0.1415 0.1455 0.1455 0.127 0.127 0.1435 0.1435 0.1435 0.1475
0.1435 0.1435 0.1565 0.1565 0.15 0.15 0.1485 0.1485 0.1485 0.1505 0.1505 0.151 0.151 0.15 0.15 0.1525 0.1525 0.1525 0.1475 0.1475 0.1435 0.1435 0.1435 0.1435 0.1435 0.1455 0.1455 0.152 0.152 0.146 0.146 0.146 0.1505 0.1505 0.149 0.149 0.1565 0.1565 0.1565 0.1445 0.1445 0.152 0.152 0.157 0.157 0.157 0.1495 0.1495 0.1665 0.1665 0.179 0.179 0.162 0.162 0.162 0.157 0.157 0.1465 0.1465 0.1375 0.1375 0.1375 0.146 0.146 0.1495 0.1495 0.145 0.145 0.145 0.151 0.151 0.133 0.133 0.1355 0.1355 0.1355 0.139
0.1435 0.1435 0.1565 0.1565 0.15 0.15 0.1485 0.1485 0.1485 0.1505 0.1505 0.151 0.151 0.15 0.15 0.1525 0.1525 0.1525 0.1475 0.1475 0.1435 0.1435 0.1435 0.1435 0.1435 0.1455 0.1455 0.152 0.152 0.146 0.146 0.146 0.1505 0.1505 0.149 0.149 0.1565 0.1565 0.1565 0.1445 0.1445 0.152 0.152 0.157 0.157 0.157 0.1495 0.1495 0.1665 0.1665 0.179 0.179 0.162 0.162 0.162 0.157 0.157 0.1465 0.1465 0.1375 0.1375 0.1375 0.146 0.146 0.1495 0.1495 0.145 0.145 0.145 0.151 0.151 0.133 0.133 0.1355 0.1355 0.1355 0.139
0.159 0.159 0.16 0.16 0.1565 0.1565 0.152 0.152 0.152 0.147 0.147 0.1545 0.1545 0.1675 0.1675 0.164 0.164 0.164 0.153 0.153 0.1455 0.1455 0.136 0.136 0.136 0.143 0.143 0.1495 0.1495 0.155 0.155 0.155 0.1575 0.1575 0.1525 0.1525 0.1515 0.1515 0.1515 0.16 0.16 0.157 0.157 0.168 0.168 0.168 0.1495 0.1495 0.149 0.149 0.1625 0.1625 0.1725 0.1725 0.1725 0.1575 0.1575 0.167 0.167 0.1775 0.1775 0.1775 0.1625 0.1625 0.158 0.158 0.159 0.159 0.159 0.144 0.144 0.144 0.144 0.134 0.134 0.134 0.1505
0.159 0.159 0.16 0.16 0.1565 0.1565 0.152 0.152 0.152 0.147 0.147 0.1545 0.1545 0.1675 0.1675 0.164 0.164 0.164 0.153 0.153 0.1455 0.1455 0.136 0.136 0.136 0.143 0.143 0.1495 0.1495 0.155 0.155 0.155 0.1575 0.1575 0.1525 0.1525 0.1515 0.1515 0.1515 0.16 0.16 0.157 0.157 0.168 0.168 0.168 0.1495 0.1495 0.149 0.149 0.1625 0.1625 0.1725 0.1725 0.1725 0.1575 0.1575 0.167 0.167 0.1775 0.1775 0.1775 0.1625 0.1625 0.158 0.158 0.159 0.159 0.159 0.144 0.144 0.144 0.144 0.134 0.134 0.134 0.1505
0.176 0.176 0.1625 0.1625 0.155 0.155 0.1545 0.1545 0.1545 0.146 0.146 0.1595 0.1595 0.1705 0.1705 0.1695 0.1695 0.1695 0.152 0.152 0.1555 0.1555 0.1655 0.1655 0.1655 0.16 0.16 0.151 0.151 0.1545 0.1545 0.1545 0.158 0.158 0.159 0.159 0.1545 0.1545 0.1545 0.159 0.159 0.161 0.161 0.173 0.173 0.173 0.1705 0.1705 0.1565 0.1565 0.159 0.159 0.1565 0.1565 0.1565 0.156 0.156 0.155 0.155 0.166 0.166 0.166 0.1675 0.1675 0.1845 0.1845 0.173 0.173 0.173 0.167 0.167 0.1555 0.1555 0.1425 0.1425 0.1425 0.1405
0.176 0.176 0.1625 0.1625 0.155 0.155 0.1545 0.1545 0.1545 0.146 0.146 0.1595 0.1595 0.1705 0.1705 0.1695 0.1695 0.1695 0.152 0.152 0.1555 0.1555 0.1655 0.1655 0.1655 0.16 0.16 0.151 0.151 0.1545 0.1545 0.1545 0.158 0.158 0.159 0.159 0.1545 0.1545 0.1545 0.159 0.159 0.161 0.161 0.173 0.173 0.173 0.1705 0.1705 0.1565 0.1565 0.159 0.159 0.1565 0.1565 0.1565 0.156 0.156 0.155 0.155 0.166 0.166 0.166 0.1675 0.1675 0.1845 0.1845 0.173 0.173 0.173 0.167 0.167 0.1555 0.1555 0.1425 0.1425 0.1425 0.1405
