ndvi/NOAA-327.asc
ncols         252
nrows         154
xllcorner     -18.017974
yllcorner     13.481982
cellsize      0.035948
NODATA_value  -9999
[rows 0 to 33 of 154, columns 77 to 153 of 252]
0.104 0.104 0.1035 0.1035 0.105 0.105 0.103 0.103 0.103 0.108 0.108 0.106 0.106 0.0995 0.0995 0.1025 0.1025 0.1025 0.104 0.104 0.101 0.101 0.09999999 0.09999999 0.09999999 0.09999999 0.09999999 0.1035 0.1035 0.0975 0.0975 0.0975 0.0935 0.0935 0.09299999 0.09299999 0.0965 0.0965 0.0965 0.09100001 0.09100001 0.0905 0.0905 0.087 0.087 0.087 0.088 0.088 0.0815 0.0815 0.087 0.087 0.091 0.091 0.091 0.09450001 0.09450001 0.09450001 0.09450001 0.096 0.096 0.096 0.101 0.101 0.0985 0.0985 0.0995 0.0995 0.0995 0.09450001 0.09450001 0.093 0.093 0.0975 0.0975 0.0975 0.092
0.104 0.104 0.1035 0.1035 0.105 0.105 0.103 0.103 0.103 0.108 0.108 0.106 0.106 0.0995 0.0995 0.1025 0.1025 0.1025 0.104 0.104 0.101 0.101 0.09999999 0.09999999 0.09999999 0.09999999 0.09999999 0.1035 0.1035 0.0975 0.0975 0.0975 0.0935 0.0935 0.09299999 0.09299999 0.0965 0.0965 0.0965 0.09100001 0.09100001 0.0905 0.0905 0.087 0.087 0.087 0.088 0.088 0.0815 0.0815 0.087 0.087 0.091 0.091 0.091 0.09450001 0.09450001 0.09450001 0.09450001 0.096 0.096 0.096 0.101 0.101 0.0985 0.0985 0.0995 0.0995 0.0995 0.09450001 0.09450001 0.093 0.093 0.0975 0.0975 0.0975 0.092
0.1045 0.1045 0.1015 0.1015 0.107 0.107 0.1015 0.1015 0.1015 0.103 0.103 0.1035 0.1035 0.105 0.105 0.1055 0.1055 0.1055 0.0995 0.0995 0.1015 0.1015 0.1 0.1 0.1 0.0985 0.0985 0.097 0.097 0.094 0.094 0.094 0.093 0.093 0.0865 0.0865 0.096 0.096 0.096 0.0915 0.0915 0.0855 0.0855 0.0895 0.0895 0.0895 0.0905 0.0905 0.097 0.097 0.096 0.096 0.105 0.105 0.105 0.106 0.106 0.1055 0.1055 0.104 0.104 0.104 0.103 0.103 0.1025 0.1025 0.1015 0.1015 0.1015 0.0985 0.0985 0.0975 0.0975 0.0955 0.0955 0.0955 0.095
0.1045 0.1045 0.1015 0.1015 0.107 0.107 0.1015 0.1015 0.1015 0.103 0.103 0.1035 0.1035 0.105 0.105 0.1055 0.1055 0.1055 0.0995 0.0995 0.1015 0.1015 0.1 0.1 0.1 0.0985 0.0985 0.097 0.097 0.094 0.094 0.094 0.093 0.093 0.0865 0.0865 0.096 0.096 0.096 0.0915 0.0915 0.0855 0.0855 0.0895 0.0895 0.0895 0.0905 0.0905 0.097 0.097 0.096 0.096 0.105 0.105 0.105 0.106 0.106 0.1055 0.1055 0.104 0.104 0.104 0.103 0.103 0.1025 0.1025 0.1015 0.1015 0.1015 0.0985 0.0985 0.0975 0.0975 0.0955 0.0955 0.0955 0.095
0.1045 0.1045 0.1015 0.1015 0.107 0.107 0.1015 0.1015 0.1015 0.103 0.103 0.1035 0.1035 0.105 0.105 0.1055 0.1055 0.1055 0.0995 0.0995 0.1015 0.1015 0.1 0.1 0.1 0.0985 0.0985 0.097 0.097 0.094 0.094 0.094 0.093 0.093 0.0865 0.0865 0.096 0.096 0.096 0.0915 0.0915 0.0855 0.0855 0.0895 0.0895 0.0895 0.0905 0.0905 0.097 0.097 0.096 0.096 0.105 0.105 0.105 0.106 0.106 0.1055 0.1055 0.104 0.104 0.104 0.103 0.103 0.1025 0.1025 0.1015 0.1015 0.1015 0.0985 0.0985 0.0975 0.0975 0.0955 0.0955 0.0955 0.095
0.1015 0.1015 0.1015 0.1015 0.1055 0.1055 0.1045 0.1045 0.1045 0.1075 0.1075 0.105 0.105 0.103 0.103 0.106 0.106 0.106 0.104 0.104 0.098 0.098 0.1015 0.1015 0.1015 0.0935 0.0935 0.092 0.092 0.094 0.094 0.094 0.0935 0.0935 0.086 0.086 0.0975 0.0975 0.0975 0.096 0.096 0.0865 0.0865 0.0925 0.0925 0.0925 0.099 0.099 0.1015 0.1015 0.105 0.105 0.1065 0.1065 0.1065 0.107 0.107 0.1065 0.1065 0.1015 0.1015 0.1015 0.103 0.103 0.1035 0.1035 0.109 0.109 0.109 0.1055 0.1055 0.0985 0.0985 0.101 0.101 0.101 0.101
0.1015 0.1015 0.1015 0.1015 0.1055 0.1055 0.1045 0.1045 0.1045 0.1075 0.1075 0.105 0.105 0.103 0.103 0.106 0.106 0.106 0.104 0.104 0.098 0.098 0.1015 0.1015 0.1015 0.0935 0.0935 0.092 0.092 0.094 0.094 0.094 0.0935 0.0935 0.086 0.086 0.0975 0.0975 0.0975 0.096 0.096 0.0865 0.0865 0.0925 0.0925 0.0925 0.099 0.099 0.1015 0.1015 0.105 0.105 0.1065 0.1065 0.1065 0.107 0.107 0.1065 0.1065 0.1015 0.1015 0.1015 0.103 0.103 0.1035 0.1035 0.109 0.109 0.109 0.1055 0.1055 0.0985 0.0985 0.101 0.101 0.101 0.101
0.0995 0.0995 0.1025 0.1025 0.106 0.106 0.1075 0.1075 0.1075 0.1085 0.1085 0.1065 0.1065 0.102 0.102 0.1005 0.1005 0.1005 0.1025 0.1025 0.103 0.103 0.0955 0.0955 0.0955 0.095 0.095 0.0925 0.0925 0.09 0.09 0.09 0.1025 0.1025 0.095 0.095 0.093 0.093 0.093 0.0955 0.0955 0.096 0.096 0.1065 0.1065 0.1065 0.112 0.112 0.1145 0.1145 0.1095 0.1095 0.1065 0.1065 0.1065 0.111 0.111 0.1075 0.1075 0.1065 0.1065 0.1065 0.1065 0.1065 0.1065 0.1065 0.1095 0.1095 0.1095 0.111 0.111 0.109 0.109 0.102 0.102 0.102 0.1
0.0995 0.0995 0.1025 0.1025 0.106 0.106 0.1075 0.1075 0.1075 0.1085 0.1085 0.1065 0.1065 0.102 0.102 0.1005 0.1005 0.1005 0.1025 0.1025 0.103 0.103 0.0955 0.0955 0.0955 0.095 0.095 0.0925 0.0925 0.09 0.09 0.09 0.1025 0.1025 0.095 0.095 0.093 0.093 0.093 0.0955 0.0955 0.096 0.096 0.1065 0.1065 0.1065 0.112 0.112 0.1145 0.1145 0.1095 0.1095 0.1065 0.1065 0.1065 0.111 0.111 0.1075 0.1075 0.1065 0.1065 0.1065 0.1065 0.1065 0.1065 0.1065 0.1095 0.1095 0.1095 0.111 0.111 0.109 0.109 0.102 0.102 0.102 0.1
0.1005 0.1005 0.107 0.107 0.105 0.105 0.105 0.105 0.105 0.1045 0.1045 0.1015 0.1015 0.0995 0.0995 0.105 0.105 0.105 0.104 0.104 0.1015 0.1015 0.101 0.101 0.101 0.1045 0.1045 0.108 0.108 0.107 0.107 0.107 0.1065 0.1065 0.1075 0.1075 0.1 0.1 0.1 0.097 0.097 0.1045 0.1045 0.109 0.109 0.109 0.113 0.113 0.11 0.11 0.108 0.108 0.1075 0.1075 0.1075 0.1075 0.1075 0.108 0.108 0.108 0.108 0.108 0.1075 0.1075 0.103 0.103 0.106 0.106 0.106 0.1085 0.1085 0.108 0.108 0.103 0.103 0.103 0.105
0.1005 0.1005 0.107 0.107 0.105 0.105 0.105 0.105 0.105 0.1045 0.1045 0.1015 0.1015 0.0995 0.0995 0.105 0.105 0.105 0.104 0.104 0.1015 0.1015 0.101 0.101 0.101 0.1045 0.1045 0.108 0.108 0.107 0.107 0.107 0.1065 0.1065 0.1075 0.1075 0.1 0.1 0.1 0.097 0.097 0.1045 0.1045 0.109 0.109 0.109 0.113 0.113 0.11 0.11 0.108 0.108 0.1075 0.1075 0.1075 0.1075 0.1075 0.108 0.108 0.108 0.108 0.108 0.1075 0.1075 0.103 0.103 0.106 0.106 0.106 0.1085 0.1085 0.108 0.108 0.103 0.103 0.103 0.105
0.1075 0.1075 0.1075 0.1075 0.108 0.108 0.105 0.105 0.105 0.1045 0.1045 0.1025 0.1025 0.1055 0.1055 0.1045 0.1045 0.1045 0.103 0.103 0.103 0.103 0.1065 0.1065 0.1065 0.1095 0.1095 0.1085 0.1085 0.107 0.107 0.107 0.1075 0.1075 0.1075 0.1075 0.1055 0.1055 0.1055 0.1055 0.1055 0.11 0.11 0.1115 0.1115 0.1115 0.112 0.112 0.112 0.112 0.1135 0.1135 0.1165 0.1165 0.1165 0.113 0.113 0.1145 0.1145 0.1095 0.1095 0.1095 0.1105 0.1105 0.111 0.111 0.109 0.109 0.109 0.108 0.108 0.104 0.104 0.106 0.106 0.106 0.114
0.1075 0.1075 0.1075 0.1075 0.108 0.108 0.105 0.105 0.105 0.1045 0.1045 0.1025 0.1025 0.1055 0.1055 0.1045 0.1045 0.1045 0.103 0.103 0.103 0.103 0.1065 0.1065 0.1065 0.1095 0.1095 0.1085 0.1085 0.107 0.107 0.107 0.1075 0.1075 0.1075 0.1075 0.1055 0.1055 0.1055 0.1055 0.1055 0.11 0.11 0.1115 0.1115 0.1115 0.112 0.112 0.112 0.112 0.1135 0.1135 0.1165 0.1165 0.1165 0.113 0.113 0.1145 0.1145 0.1095 0.1095 0.1095 0.1105 0.1105 0.111 0.111 0.109 0.109 0.109 0.108 0.108 0.104 0.104 0.106 0.106 0.106 0.114
0.1075 0.1075 0.1075 0.1075 0.108 0.108 0.105 0.105 0.105 0.1045 0.1045 0.1025 0.1025 0.1055 0.1055 0.1045 0.1045 0.1045 0.103 0.103 0.103 0.103 0.1065 0.1065 0.1065 0.1095 0.1095 0.1085 0.1085 0.107 0.107 0.107 0.1075 0.1075 0.1075 0.1075 0.1055 0.1055 0.1055 0.1055 0.1055 0.11 0.11 0.1115 0.1115 0.1115 0.112 0.112 0.112 0.112 0.1135 0.1135 0.1165 0.1165 0.1165 0.113 0.113 0.1145 0.1145 0.1095 0.1095 0.1095 0.1105 0.1105 0.111 0.111 0.109 0.109 0.109 0.108 0.108 0.104 0.104 0.106 0.106 0.106 0.114
0.1105 0.1105 0.1085 0.1085 0.1105 0.1105 0.1105 0.1105 0.1105 0.1075 0.1075 0.105 0.105 0.1095 0.1095 0.109 0.109 0.109 0.107 0.107 0.111 0.111 0.1105 0.1105 0.1105 0.112 0.112 0.1095 0.1095 0.105 0.105 0.105 0.1105 0.1105 0.105 0.105 0.102 0.102 0.102 0.11 0.11 0.111 0.111 0.1125 0.1125 0.1125 0.1145 0.1145 0.116 0.116 0.1145 0.1145 0.1155 0.1155 0.1155 0.1155 0.1155 0.1155 0.1155 0.115 0.115 0.115 0.117 0.117 0.118 0.118 0.117 0.117 0.117 0.1055 0.1055 0.107 0.107 0.119 0.119 0.119 0.118
0.1105 0.1105 0.1085 0.1085 0.1105 0.1105 0.1105 0.1105 0.1105 0.1075 0.1075 0.105 0.105 0.1095 0.1095 0.109 0.109 0.109 0.107 0.107 0.111 0.111 0.1105 0.1105 0.1105 0.112 0.112 0.1095 0.1095 0.105 0.105 0.105 0.1105 0.1105 0.105 0.105 0.102 0.102 0.102 0.11 0.11 0.111 0.111 0.1125 0.1125 0.1125 0.1145 0.1145 0.116 0.116 0.1145 0.1145 0.1155 0.1155 0.1155 0.1155 0.1155 0.1155 0.1155 0.115 0.115 0.115 0.117 0.117 0.118 0.118 0.117 0.117 0.117 0.1055 0.1055 0.107 0.107 0.119 0.119 0.119 0.118
0.1075 0.1075 0.1105 0.1105 0.11 0.11 0.11 0.11 0.11 0.109 0.109 0.108 0.108 0.1105 0.1105 0.105 0.105 0.105 0.1095 0.1095 0.108 0.108 0.1115 0.1115 0.1115 0.1095 0.1095 0.105 0.105 0.108 0.108 0.108 0.1065 0.1065 0.103 0.103 0.105 0.105 0.105 0.108 0.108 0.114 0.114 0.1105 0.1105 0.1105 0.1175 0.1175 0.119 0.119 0.1165 0.1165 0.12 0.12 0.12 0.0995 0.0995 0.0995 0.0995 0.1025 0.1025 0.1025 0.121 0.121 0.1215 0.1215 0.114 0.114 0.114 0.105 0.105 0.1025 0.1025 0.108 0.108 0.108 0.112
0.1075 0.1075 0.1105 0.1105 0.11 0.11 0.11 0.11 0.11 0.109 0.109 0.108 0.108 0.1105 0.1105 0.105 0.105 0.105 0.1095 0.1095 0.108 0.108 0.1115 0.1115 0.1115 0.1095 0.1095 0.105 0.105 0.108 0.108 0.108 0.1065 0.1065 0.103 0.103 0.105 0.105 0.105 0.108 0.108 0.114 0.114 0.1105 0.1105 0.1105 0.1175 0.1175 0.119 0.119 0.1165 0.1165 0.12 0.12 0.12 0.0995 0.0995 0.0995 0.0995 0.1025 0.1025 0.1025 0.121 0.121 0.1215 0.1215 0.114 0.114 0.114 0.105 0.105 0.1025 0.1025 0.108 0.108 0.108 0.112
0.109 0.109 0.1085 0.1085 0.112 0.112 0.1125 0.1125 0.1125 0.1145 0.1145 0.1105 0.1105 0.11 0.11 0.111 0.111 0.111 0.111 0.111 0.109 0.109 0.11 0.11 0.11 0.1085 0.1085 0.1105 0.1105 0.1145 0.1145 0.1145 0.1145 0.1145 0.103 0.103 0.1055 0.1055 0.1055 0.108 0.108 0.113 0.113 0.12 0.12 0.12 0.117 0.117 0.1175 0.1175 0.117 0.117 0.114 0.114 0.114 0.1145 0.1145 0.1095 0.1095 0.1065 0.1065 0.1065 0.1225 0.1225 0.1185 0.1185 0.1135 0.1135 0.1135 0.1115 0.1115 0.109 0.109 0.1035 0.1035 0.1035 0.1135
0.109 0.109 0.1085 0.1085 0.112 0.112 0.1125 0.1125 0.1125 0.1145 0.1145 0.1105 0.1105 0.11 0.11 0.111 0.111 0.111 0.111 0.111 0.109 0.109 0.11 0.11 0.11 0.1085 0.1085 0.1105 0.1105 0.1145 0.1145 0.1145 0.1145 0.1145 0.103 0.103 0.1055 0.1055 0.1055 0.108 0.108 0.113 0.113 0.12 0.12 0.12 0.117 0.117 0.1175 0.1175 0.117 0.117 0.114 0.114 0.114 0.1145 0.1145 0.1095 0.1095 0.1065 0.1065 0.1065 0.1225 0.1225 0.1185 0.1185 0.1135 0.1135 0.1135 0.1115 0.1115 0.109 0.109 0.1035 0.1035 0.1035 0.1135
0.109 0.109 0.1085 0.1085 0.112 0.112 0.1125 0.1125 0.1125 0.1145 0.1145 0.1105 0.1105 0.11 0.11 0.111 0.111 0.111 0.111 0.111 0.109 0.109 0.11 0.11 0.11 0.1085 0.1085 0.1105 0.1105 0.1145 0.1145 0.1145 0.1145 0.1145 0.103 0.103 0.1055 0.1055 0.1055 0.108 0.108 0.113 0.113 0.12 0.12 0.12 0.117 0.117 0.1175 0.1175 0.117 0.117 0.114 0.114 0.114 0.1145 0.1145 0.1095 0.1095 0.1065 0.1065 0.1065 0.1225 0.1225 0.1185 0.1185 0.1135 0.1135 0.1135 0.1115 0.1115 0.109 0.109 0.1035 0.1035 0.1035 0.1135
0.112 0.112 0.1135 0.1135 0.1145 0.1145 0.1135 0.1135 0.1135 0.116 0.116 0.1145 0.1145 0.1075 0.1075 0.1115 0.1115 0.1115 0.112 0.112 0.1095 0.1095 0.109 0.109 0.109 0.111 0.111 0.117 0.117 0.1165 0.1165 0.1165 0.114 0.114 0.1185 0.1185 0.117 0.117 0.117 0.114 0.114 0.135 0.135 0.1365 0.1365 0.1365 0.1335 0.1335 0.1335 0.1335 0.119 0.119 0.1185 0.1185 0.1185 0.113 0.113 0.1175 0.1175 0.11 0.11 0.11 0.116 0.116 0.1175 0.1175 0.118 0.118 0.118 0.1135 0.1135 0.1185 0.1185 0.112 0.112 0.112 0.1025
0.112 0.112 0.1135 0.1135 0.1145 0.1145 0.1135 0.1135 0.1135 0.116 0.116 0.1145 0.1145 0.1075 0.1075 0.1115 0.1115 0.1115 0.112 0.112 0.1095 0.1095 0.109 0.109 0.109 0.111 0.111 0.117 0.117 0.1165 0.1165 0.1165 0.114 0.114 0.1185 0.1185 0.117 0.117 0.117 0.114 0.114 0.135 0.135 0.1365 0.1365 0.1365 0.1335 0.1335 0.1335 0.1335 0.119 0.119 0.1185 0.1185 0.1185 0.113 0.113 0.1175 0.1175 0.11 0.11 0.11 0.116 0.116 0.1175 0.1175 0.118 0.118 0.118 0.1135 0.1135 0.1185 0.1185 0.112 0.112 0.112 0.1025
0.113 0.113 0.1145 0.1145 0.113 0.113 0.1155 0.1155 0.1155 0.1165 0.1165 0.1195 0.1195 0.11 0.11 0.1075 0.1075 0.1075 0.1155 0.1155 0.118 0.118 0.1155 0.1155 0.1155 0.116 0.116 0.1175 0.1175 0.109 0.109 0.109 0.108 0.108 0.103 0.103 0.1215 0.1215 0.1215 0.113 0.113 0.128 0.128 0.1345 0.1345 0.1345 0.119 0.119 0.134 0.134 0.136 0.136 0.1165 0.1165 0.1165 0.1135 0.1135 0.121 0.121 0.1145 0.1145 0.1145 0.1045 0.1045 0.1095 0.1095 0.121 0.121 0.121 0.12 0.12 0.123 0.123 0.117 0.117 0.117 0.112
0.113 0.113 0.1145 0.1145 0.113 0.113 0.1155 0.1155 0.1155 0.1165 0.1165 0.1195 0.1195 0.11 0.11 0.1075 0.1075 0.1075 0.1155 0.1155 0.118 0.118 0.1155 0.1155 0.1155 0.116 0.116 0.1175 0.1175 0.109 0.109 0.109 0.108 0.108 0.103 0.103 0.1215 0.1215 0.1215 0.113 0.113 0.128 0.128 0.1345 0.1345 0.1345 0.119 0.119 0.134 0.134 0.136 0.136 0.1165 0.1165 0.1165 0.1135 0.1135 0.121 0.121 0.1145 0.1145 0.1145 0.1045 0.1045 0.1095 0.1095 0.121 0.121 0.121 0.12 0.12 0.123 0.123 0.117 0.117 0.117 0.112
0.1175 0.1175 0.1195 0.1195 0.118 0.118 0.1075 0.1075 0.1075 0.1125 0.1125 0.115 0.115 0.112 0.112 0.108 0.108 0.108 0.123 0.123 0.116 0.116 0.125 0.125 0.125 0.122 0.122 0.1205 0.1205 0.1065 0.1065 0.1065 0.1255 0.1255 0.1225 0.1225 0.1165 0.1165 0.1165 0.113 0.113 0.123 0.123 0.114 0.114 0.114 0.1105 0.1105 0.125 0.125 0.1375 0.1375 0.132 0.132 0.132 0.119 0.119 0.104 0.104 0.0965 0.0965 0.0965 0.1105 0.1105 0.09900001 0.09900001 0.1055 0.1055 0.1055 0.116 0.116 0.1105 0.1105 0.1105 0.1105 0.1105 0.111
0.1175 0.1175 0.1195 0.1195 0.118 0.118 0.1075 0.1075 0.1075 0.1125 0.1125 0.115 0.115 0.112 0.112 0.108 0.108 0.108 0.123 0.123 0.116 0.116 0.125 0.125 0.125 0.122 0.122 0.1205 0.1205 0.1065 0.1065 0.1065 0.1255 0.1255 0.1225 0.1225 0.1165 0.1165 0.1165 0.113 0.113 0.123 0.123 0.114 0.114 0.114 0.1105 0.1105 0.125 0.125 0.1375 0.1375 0.132 0.132 0.132 0.119 0.119 0.104 0.104 0.0965 0.0965 0.0965 0.1105 0.1105 0.09900001 0.09900001 0.1055 0.1055 0.1055 0.116 0.116 0.1105 0.1105 0.1105 0.1105 0.1105 0.111
0.1175 0.1175 0.1195 0.1195 0.118 0.118 0.1075 0.1075 0.1075 0.1125 0.1125 0.115 0.115 0.112 0.112 0.108 0.108 0.108 0.123 0.123 0.116 0.116 0.125 0.125 0.125 0.122 0.122 0.1205 0.1205 0.1065 0.1065 0.1065 0.1255 0.1255 0.1225 0.1225 0.1165 0.1165 0.1165 0.113 0.113 0.123 0.123 0.114 0.114 0.114 0.1105 0.1105 0.125 0.125 0.1375 0.1375 0.132 0.132 0.132 0.119 0.119 0.104 0.104 0.0965 0.0965 0.0965 0.1105 0.1105 0.09900001 0.09900001 0.1055 0.1055 0.1055 0.116 0.116 0.1105 0.1105 0.1105 0.1105 0.1105 0.111
0.118 0.118 0.1255 0.1255 0.1105 0.1105 0.1175 0.1175 0.1175 0.113 0.113 0.114 0.114 0.1225 0.1225 0.125 0.125 0.125 0.102 0.102 0.12 0.12 0.1245 0.1245 0.1245 0.1215 0.1215 0.123 0.123 0.124 0.124 0.124 0.1145 0.1145 0.1235 0.1235 0.1215 0.1215 0.1215 0.119 0.119 0.129 0.129 0.108 0.108 0.108 0.1205 0.1205 0.127 0.127 0.1375 0.1375 0.1315 0.1315 0.1315 0.118 0.118 0.0985 0.0985 0.092 0.092 0.092 0.1175 0.1175 0.1055 0.1055 0.1115 0.1115 0.1115 0.0975 0.0975 0.1155 0.1155 0.107 0.107 0.107 0.109
0.118 0.118 0.1255 0.1255 0.1105 0.1105 0.1175 0.1175 0.1175 0.113 0.113 0.114 0.114 0.1225 0.1225 0.125 0.125 0.125 0.102 0.102 0.12 0.12 0.1245 0.1245 0.1245 0.1215 0.1215 0.123 0.123 0.124 0.124 0.124 0.1145 0.1145 0.1235 0.1235 0.1215 0.1215 0.1215 0.119 0.119 0.129 0.129 0.108 0.108 0.108 0.1205 0.1205 0.127 0.127 0.1375 0.1375 0.1315 0.1315 0.1315 0.118 0.118 0.0985 0.0985 0.092 0.092 0.092 0.1175 0.1175 0.1055 0.1055 0.1115 0.1115 0.1115 0.0975 0.0975 0.1155 0.1155 0.107 0.107 0.107 0.109
0.12 0.12 0.126 0.126 0.1125 0.1125 0.1135 0.1135 0.1135 0.1135 0.1135 0.122 0.122 0.1205 0.1205 0.124 0.124 0.124 0.116 0.116 0.1185 0.1185 0.109 0.109 0.109 0.116 0.116 0.122 0.122 0.124 0.124 0.124 0.121 0.121 0.112 0.112 0.1255 0.1255 0.1255 0.126 0.126 0.119 0.119 0.1195 0.1195 0.1195 0.1145 0.1145 0.1115 0.1115 0.1185 0.1185 0.128 0.128 0.128 0.123 0.123 0.114 0.114 0.113 0.113 0.113 0.113 0.113 0.118 0.118 0.1105 0.1105 0.1105 0.119 0.119 0.1155 0.1155 0.1095 0.1095 0.1095 0.1085
0.12 0.12 0.126 0.126 0.1125 0.1125 0.1135 0.1135 0.1135 0.1135 0.1135 0.122 0.122 0.1205 0.1205 0.124 0.124 0.124 0.116 0.116 0.1185 0.1185 0.109 0.109 0.109 0.116 0.116 0.122 0.122 0.124 0.124 0.124 0.121 0.121 0.112 0.112 0.1255 0.1255 0.1255 0.126 0.126 0.119 0.119 0.1195 0.1195 0.1195 0.1145 0.1145 0.1115 0.1115 0.1185 0.1185 0.128 0.128 0.128 0.123 0.123 0.114 0.114 0.113 0.113 0.113 0.113 0.113 0.118 0.118 0.1105 0.1105 0.1105 0.119 0.119 0.1155 0.1155 0.1095 0.1095 0.1095 0.1085
0.107 0.107 0.111 0.111 0.127 0.127 0.1255 0.1255 0.1255 0.115 0.115 0.12 0.12 0.123 0.123 0.1235 0.1235 0.1235 0.1235 0.1235 0.1135 0.1135 0.118 0.118 0.118 0.116 0.116 0.122 0.122 0.117 0.117 0.117 0.1175 0.1175 0.1175 0.1175 0.117 0.117 0.117 0.121 0.121 0.117 0.117 0.1105 0.1105 0.1105 0.109 0.109 0.1155 0.1155 0.1205 0.1205 0.117 0.117 0.117 0.116 0.116 0.1115 0.1115 0.1325 0.1325 0.1325 0.1335 0.1335 0.129 0.129 0.1275 0.1275 0.1275 0.12 0.12 0.092 0.092 0.1015 0.1015 0.1015 0.111
0.107 0.107 0.111 0.111 0.127 0.127 0.1255 0.1255 0.1255 0.115 0.115 0.12 0.12 0.123 0.123 0.1235 0.1235 0.1235 0.1235 0.1235 0.1135 0.1135 0.118 0.118 0.118 0.116 0.116 0.122 0.122 0.117 0.117 0.117 0.1175 0.1175 0.1175 0.1175 0.117 0.117 0.117 0.121 0.121 0.117 0.117 0.1105 0.1105 0.1105 0.109 0.109 0.1155 0.1155 0.1205 0.1205 0.117 0.117 0.117 0.116 0.116 0.1115 0.1115 0.1325 0.1325 0.1325 0.1335 0.1335 0.129 0.129 0.1275 0.1275 0.1275 0.12 0.12 0.092 0.092 0.1015 0.1015 0.1015 0.111
