ndvi/NOAA-97.asc
ncols         252
nrows         154
xllcorner     -18.017974
yllcorner     13.481982
cellsize      0.035948
NODATA_value  -9999
[rows 102 to 135 of 154, columns 0 to 76 of 252]
-1 -1 -1 -1 -1 -1 -1 -1 -1 -1 -1 -1 -1 -1 -1 -1 -1 -1 -1 -1 -1 -1 -1 -1 -1 0.0182 0.0182 0.0182 0.2367 0.2367 0.3065 0.3065 0.2785 0.2785 0.2785 0.2605 0.2605 0.2595 0.2595 0.254 0.254 0.254 0.257 0.257 0.257 0.257 0.2455 0.2455 0.2455 0.2555 0.2555 0.261 0.261 0.2755 0.2755 0.275 0.275 0.275 0.2595 0.2595 0.2605 0.2605 0.2605 0.2605 0.2605 0.263 0.263 0.265 0.265 0.2555 0.2555 0.2555 0.2265 0.2265 0.2255 0.2255 0.2175
-1 -1 -1 -1 -1 -1 -1 -1 -1 -1 -1 -1 -1 -1 -1 -1 -1 -1 -1 -1 -1 -1 -1 0.0102 0.0102 0.163 0.163 0.163 0.3105 0.3105 0.2745 0.2745 0.2535 0.2535 0.2535 0.267 0.267 0.279 0.279 0.2845 0.2845 0.2845 0.2785 0.2785 0.261 0.261 0.265 0.265 0.265 0.279 0.279 0.273 0.273 0.279 0.279 0.2695 0.2695 0.2695 0.269 0.269 0.2575 0.2575 0.2575 0.2575 0.2575 0.2545 0.2545 0.258 0.258 0.261 0.261 0.261 0.249 0.249 0.251 0.251 0.246
-1 -1 -1 -1 -1 -1 -1 -1 -1 -1 -1 -1 -1 -1 -1 -1 -1 -1 -1 -1 -1 -1 -1 0.0102 0.0102 0.163 0.163 0.163 0.3105 0.3105 0.2745 0.2745 0.2535 0.2535 0.2535 0.267 0.267 0.279 0.279 0.2845 0.2845 0.2845 0.2785 0.2785 0.261 0.261 0.265 0.265 0.265 0.279 0.279 0.273 0.273 0.279 0.279 0.2695 0.2695 0.2695 0.269 0.269 0.2575 0.2575 0.2575 0.2575 0.2575 0.2545 0.2545 0.258 0.258 0.261 0.261 0.261 0.249 0.249 0.251 0.251 0.246
-1 -1 -1 -1 -1 -1 -1 -1 -1 -1 -1 -1 -1 -1 -1 -1 -1 -1 -1 -1 -1 -1 -1 0.0102 0.0102 0.163 0.163 0.163 0.3105 0.3105 0.2745 0.2745 0.2535 0.2535 0.2535 0.267 0.267 0.279 0.279 0.2845 0.2845 0.2845 0.2785 0.2785 0.261 0.261 0.265 0.265 0.265 0.279 0.279 0.273 0.273 0.279 0.279 0.2695 0.2695 0.2695 0.269 0.269 0.2575 0.2575 0.2575 0.2575 0.2575 0.2545 0.2545 0.258 0.258 0.261 0.261 0.261 0.249 0.249 0.251 0.251 0.246
-1 -1 -1 -1 -1 -1 -1 -1 -1 -1 -1 -1 -1 -1 -1 -1 -1 -1 -1 -1 -1 0.0197 0.0197 0.2047 0.2047 0.3105 0.3105 0.3105 0.318 0.318 0.285 0.285 0.2755 0.2755 0.2755 0.279 0.279 0.2805 0.2805 0.282 0.282 0.282 0.2815 0.2815 0.2725 0.2725 0.2725 0.2725 0.2725 0.2705 0.2705 0.2765 0.2765 0.268 0.268 0.264 0.264 0.264 0.2605 0.2605 0.262 0.262 0.262 0.262 0.262 0.2615 0.2615 0.2595 0.2595 0.2545 0.2545 0.2545 0.263 0.263 0.2525 0.2525 0.247
-1 -1 -1 -1 -1 -1 -1 -1 -1 -1 -1 -1 -1 -1 -1 -1 -1 -1 -1 -1 -1 0.0197 0.0197 0.2047 0.2047 0.3105 0.3105 0.3105 0.318 0.318 0.285 0.285 0.2755 0.2755 0.2755 0.279 0.279 0.2805 0.2805 0.282 0.282 0.282 0.2815 0.2815 0.2725 0.2725 0.2725 0.2725 0.2725 0.2705 0.2705 0.2765 0.2765 0.268 0.268 0.264 0.264 0.264 0.2605 0.2605 0.262 0.262 0.262 0.262 0.262 0.2615 0.2615 0.2595 0.2595 0.2545 0.2545 0.2545 0.263 0.263 0.2525 0.2525 0.247
-1 -1 -1 -1 -1 -1 -1 -1 -1 -1 -1 -1 -1 -1 -1 -1 -1 -1 -1 -1 -1 0.1562 0.1562 0.31 0.31 0.31 0.31 0.31 0.3285 0.3285 0.2955 0.2955 0.2945 0.2945 0.2945 0.2915 0.2915 0.2915 0.2915 0.288 0.288 0.288 0.288 0.288 0.294 0.294 0.296 0.296 0.296 0.288 0.288 0.284 0.284 0.2675 0.2675 0.2585 0.2585 0.2585 0.2585 0.2585 0.277 0.277 0.277 0.277 0.277 0.264 0.264 0.264 0.264 0.244 0.244 0.244 0.262 0.262 0.2585 0.2585 0.253
-1 -1 -1 -1 -1 -1 -1 -1 -1 -1 -1 -1 -1 -1 -1 -1 -1 -1 -1 -1 -1 0.1562 0.1562 0.31 0.31 0.31 0.31 0.31 0.3285 0.3285 0.2955 0.2955 0.2945 0.2945 0.2945 0.2915 0.2915 0.2915 0.2915 0.288 0.288 0.288 0.288 0.288 0.294 0.294 0.296 0.296 0.296 0.288 0.288 0.284 0.284 0.2675 0.2675 0.2585 0.2585 0.2585 0.2585 0.2585 0.277 0.277 0.277 0.277 0.277 0.264 0.264 0.264 0.264 0.244 0.244 0.244 0.262 0.262 0.2585 0.2585 0.253
-1 -1 -1 -1 -1 -1 -1 -1 -1 -1 -1 -1 -1 -1 -1 -1 -1 -1 0.2351 0.2351 0.2351 0.302 0.302 0.331 0.331 0.3325 0.3325 0.3325 0.3245 0.3245 0.3195 0.3195 0.302 0.302 0.302 0.2885 0.2885 0.283 0.283 0.2885 0.2885 0.2885 0.289 0.289 0.291 0.291 0.2885 0.2885 0.2885 0.2935 0.2935 0.291 0.291 0.275 0.275 0.263 0.263 0.263 0.272 0.272 0.27 0.27 0.27 0.27 0.27 0.258 0.258 0.2575 0.2575 0.249 0.249 0.249 0.2425 0.2425 0.2455 0.2455 0.274
-1 -1 -1 -1 -1 -1 -1 -1 -1 -1 -1 -1 -1 -1 -1 -1 -1 -1 0.2351 0.2351 0.2351 0.302 0.302 0.331 0.331 0.3325 0.3325 0.3325 0.3245 0.3245 0.3195 0.3195 0.302 0.302 0.302 0.2885 0.2885 0.283 0.283 0.2885 0.2885 0.2885 0.289 0.289 0.291 0.291 0.2885 0.2885 0.2885 0.2935 0.2935 0.291 0.291 0.275 0.275 0.263 0.263 0.263 0.272 0.272 0.27 0.27 0.27 0.27 0.27 0.258 0.258 0.2575 0.2575 0.249 0.249 0.249 0.2425 0.2425 0.2455 0.2455 0.274
-1 -1 -1 -1 -1 -1 -1 -1 -1 -1 -1 -1 -1 -1 -1 -1 -1 -1 0.2351 0.2351 0.2351 0.302 0.302 0.331 0.331 0.3325 0.3325 0.3325 0.3245 0.3245 0.3195 0.3195 0.302 0.302 0.302 0.2885 0.2885 0.283 0.283 0.2885 0.2885 0.2885 0.289 0.289 0.291 0.291 0.2885 0.2885 0.2885 0.2935 0.2935 0.291 0.291 0.275 0.275 0.263 0.263 0.263 0.272 0.272 0.27 0.27 0.27 0.27 0.27 0.258 0.258 0.2575 0.2575 0.249 0.249 0.249 0.2425 0.2425 0.2455 0.2455 0.274
-1 -1 -1 -1 -1 -1 -1 -1 -1 -1 -1 -1 -1 -1 -1 -1 0.2637 0.2637 0.351 0.351 0.351 0.355 0.355 0.3385 0.3385 0.328 0.328 0.328 0.3355 0.3355 0.3185 0.3185 0.3095 0.3095 0.3095 0.2945 0.2945 0.2855 0.2855 0.2925 0.2925 0.2925 0.287 0.287 0.283 0.283 0.2885 0.2885 0.2885 0.2895 0.2895 0.276 0.276 0.284 0.284 0.2735 0.2735 0.2735 0.2875 0.2875 0.286 0.286 0.286 0.286 0.286 0.2785 0.2785 0.2515 0.2515 0.2545 0.2545 0.2545 0.2645 0.2645 0.2655 0.2655 0.254
-1 -1 -1 -1 -1 -1 -1 -1 -1 -1 -1 -1 -1 -1 -1 -1 0.2637 0.2637 0.351 0.351 0.351 0.355 0.355 0.3385 0.3385 0.328 0.328 0.328 0.3355 0.3355 0.3185 0.3185 0.3095 0.3095 0.3095 0.2945 0.2945 0.2855 0.2855 0.2925 0.2925 0.2925 0.287 0.287 0.283 0.283 0.2885 0.2885 0.2885 0.2895 0.2895 0.276 0.276 0.284 0.284 0.2735 0.2735 0.2735 0.2875 0.2875 0.286 0.286 0.286 0.286 0.286 0.2785 0.2785 0.2515 0.2515 0.2545 0.2545 0.2545 0.2645 0.2645 0.2655 0.2655 0.254
-1 -1 -1 -1 -1 -1 -1 -1 -1 -1 -1 -1 0.2846 0.2846 0.2112 0.2112 0.207 0.207 0.357 0.357 0.357 0.359 0.359 0.3635 0.3635 0.3075 0.3075 0.3075 0.352 0.352 0.3465 0.3465 0.308 0.308 0.308 0.3265 0.3265 0.326 0.326 0.323 0.323 0.323 0.3045 0.3045 0.299 0.299 0.2955 0.2955 0.2955 0.284 0.284 0.2755 0.2755 0.281 0.281 0.2815 0.2815 0.2815 0.2875 0.2875 0.283 0.283 0.283 0.283 0.283 0.279 0.279 0.269 0.269 0.258 0.258 0.258 0.2605 0.2605 0.2645 0.2645 0.278
-1 -1 -1 -1 -1 -1 -1 -1 -1 -1 -1 -1 0.2846 0.2846 0.2112 0.2112 0.207 0.207 0.357 0.357 0.357 0.359 0.359 0.3635 0.3635 0.3075 0.3075 0.3075 0.352 0.352 0.3465 0.3465 0.308 0.308 0.308 0.3265 0.3265 0.326 0.326 0.323 0.323 0.323 0.3045 0.3045 0.299 0.299 0.2955 0.2955 0.2955 0.284 0.284 0.2755 0.2755 0.281 0.281 0.2815 0.2815 0.2815 0.2875 0.2875 0.283 0.283 0.283 0.283 0.283 0.279 0.279 0.269 0.269 0.258 0.258 0.258 0.2605 0.2605 0.2645 0.2645 0.278
-1 -1 -1 -1 -1 -1 -1 -1 -1 0.1612 0.1612 0.1612 0.1685 0.1685 0.168 0.168 0.1595 0.1595 0.095 0.095 0.095 0.298 0.298 0.324 0.324 0.3295 0.3295 0.3295 0.3395 0.3395 0.3465 0.3465 0.305 0.305 0.305 0.3105 0.3105 0.3205 0.3205 0.3075 0.3075 0.3075 0.3085 0.3085 0.296 0.296 0.2815 0.2815 0.2815 0.283 0.283 0.277 0.277 0.2675 0.2675 0.272 0.272 0.272 0.282 0.282 0.287 0.287 0.287 0.287 0.287 0.2775 0.2775 0.28 0.28 0.2815 0.2815 0.2815 0.2625 0.2625 0.267 0.267 0.269
-1 -1 -1 -1 -1 -1 -1 -1 -1 0.1612 0.1612 0.1612 0.1685 0.1685 0.168 0.168 0.1595 0.1595 0.095 0.095 0.095 0.298 0.298 0.324 0.324 0.3295 0.3295 0.3295 0.3395 0.3395 0.3465 0.3465 0.305 0.305 0.305 0.3105 0.3105 0.3205 0.3205 0.3075 0.3075 0.3075 0.3085 0.3085 0.296 0.296 0.2815 0.2815 0.2815 0.283 0.283 0.277 0.277 0.2675 0.2675 0.272 0.272 0.272 0.282 0.282 0.287 0.287 0.287 0.287 0.287 0.2775 0.2775 0.28 0.28 0.2815 0.2815 0.2815 0.2625 0.2625 0.267 0.267 0.269
-1 -1 -1 -1 -1 -1 -1 -1 -1 0.1612 0.1612 0.1612 0.1685 0.1685 0.168 0.168 0.1595 0.1595 0.095 0.095 0.095 0.298 0.298 0.324 0.324 0.3295 0.3295 0.3295 0.3395 0.3395 0.3465 0.3465 0.305 0.305 0.305 0.3105 0.3105 0.3205 0.3205 0.3075 0.3075 0.3075 0.3085 0.3085 0.296 0.296 0.2815 0.2815 0.2815 0.283 0.283 0.277 0.277 0.2675 0.2675 0.272 0.272 0.272 0.282 0.282 0.287 0.287 0.287 0.287 0.287 0.2775 0.2775 0.28 0.28 0.2815 0.2815 0.2815 0.2625 0.2625 0.267 0.267 0.269
-1 -1 -1 -1 -1 -1 -1 -1 -1 -1 -1 -1 0.1092 0.1092 0.1762 0.1762 0.1842 0.1842 0.1312 0.1312 0.1312 0.2765 0.2765 0.2955 0.2955 0.3155 0.3155 0.3155 0.3225 0.3225 0.319 0.319 0.301 0.301 0.301 0.2965 0.2965 0.2955 0.2955 0.2985 0.2985 0.2985 0.294 0.294 0.2985 0.2985 0.3005 0.3005 0.3005 0.288 0.288 0.2725 0.2725 0.2655 0.2655 0.2705 0.2705 0.2705 0.2815 0.2815 0.28 0.28 0.28 0.28 0.28 0.281 0.281 0.2765 0.2765 0.2845 0.2845 0.2845 0.291 0.291 0.2705 0.2705 0.278
-1 -1 -1 -1 -1 -1 -1 -1 -1 -1 -1 -1 0.1092 0.1092 0.1762 0.1762 0.1842 0.1842 0.1312 0.1312 0.1312 0.2765 0.2765 0.2955 0.2955 0.3155 0.3155 0.3155 0.3225 0.3225 0.319 0.319 0.301 0.301 0.301 0.2965 0.2965 0.2955 0.2955 0.2985 0.2985 0.2985 0.294 0.294 0.2985 0.2985 0.3005 0.3005 0.3005 0.288 0.288 0.2725 0.2725 0.2655 0.2655 0.2705 0.2705 0.2705 0.2815 0.2815 0.28 0.28 0.28 0.28 0.28 0.281 0.281 0.2765 0.2765 0.2845 0.2845 0.2845 0.291 0.291 0.2705 0.2705 0.278
-1 -1 -1 -1 -1 -1 -1 -1 -1 -1 -1 -1 -1 -1 -1 -1 -1 -1 0.1697 0.1697 0.1697 0.1235 0.1235 0.295 0.295 0.312 0.312 0.312 0.328 0.328 0.3275 0.3275 0.305 0.305 0.305 0.2855 0.2855 0.2875 0.2875 0.28 0.28 0.28 0.2855 0.2855 0.2845 0.2845 0.303 0.303 0.303 0.305 0.305 0.2925 0.2925 0.2795 0.2795 0.2695 0.2695 0.2695 0.282 0.282 0.296 0.296 0.296 0.296 0.296 0.2685 0.2685 0.2965 0.2965 0.288 0.288 0.288 0.308 0.308 0.3025 0.3025 0.2735
-1 -1 -1 -1 -1 -1 -1 -1 -1 -1 -1 -1 -1 -1 -1 -1 -1 -1 0.1697 0.1697 0.1697 0.1235 0.1235 0.295 0.295 0.312 0.312 0.312 0.328 0.328 0.3275 0.3275 0.305 0.305 0.305 0.2855 0.2855 0.2875 0.2875 0.28 0.28 0.28 0.2855 0.2855 0.2845 0.2845 0.303 0.303 0.303 0.305 0.305 0.2925 0.2925 0.2795 0.2795 0.2695 0.2695 0.2695 0.282 0.282 0.296 0.296 0.296 0.296 0.296 0.2685 0.2685 0.2965 0.2965 0.288 0.288 0.288 0.308 0.308 0.3025 0.3025 0.2735
-1 -1 -1 -1 -1 -1 -1 -1 -1 -1 -1 -1 -1 -1 -1 -1 -1 -1 -1 -1 -1 0.2017 0.2017 0.163 0.163 0.2995 0.2995 0.2995 0.3205 0.3205 0.323 0.323 0.3175 0.3175 0.3175 0.2885 0.2885 0.2845 0.2845 0.275 0.275 0.275 0.285 0.285 0.2845 0.2845 0.3025 0.3025 0.3025 0.299 0.299 0.296 0.296 0.292 0.292 0.292 0.292 0.292 0.302 0.302 0.309 0.309 0.309 0.309 0.309 0.2765 0.2765 0.3115 0.3115 0.2935 0.2935 0.2935 0.2885 0.2885 0.2735 0.2735 0.2825
-1 -1 -1 -1 -1 -1 -1 -1 -1 -1 -1 -1 -1 -1 -1 -1 -1 -1 -1 -1 -1 0.2017 0.2017 0.163 0.163 0.2995 0.2995 0.2995 0.3205 0.3205 0.323 0.323 0.3175 0.3175 0.3175 0.2885 0.2885 0.2845 0.2845 0.275 0.275 0.275 0.285 0.285 0.2845 0.2845 0.3025 0.3025 0.3025 0.299 0.299 0.296 0.296 0.292 0.292 0.292 0.292 0.292 0.302 0.302 0.309 0.309 0.309 0.309 0.309 0.2765 0.2765 0.3115 0.3115 0.2935 0.2935 0.2935 0.2885 0.2885 0.2735 0.2735 0.2825
-1 -1 -1 -1 -1 -1 -1 -1 -1 -1 -1 -1 -1 -1 -1 -1 -1 -1 -1 -1 -1 0.1287 0.1287 0.1482 0.1482 0.249 0.249 0.249 0.315 0.315 0.3425 0.3425 0.3275 0.3275 0.3275 0.3155 0.3155 0.2655 0.2655 0.239 0.239 0.239 0.248 0.248 0.2695 0.2695 0.2905 0.2905 0.2905 0.2865 0.2865 0.301 0.301 0.304 0.304 0.301 0.301 0.301 0.308 0.308 0.2905 0.2905 0.2905 0.2905 0.2905 0.2915 0.2915 0.2935 0.2935 0.3085 0.3085 0.3085 0.283 0.283 0.2775 0.2775 0.3135
-1 -1 -1 -1 -1 -1 -1 -1 -1 -1 -1 -1 -1 -1 -1 -1 -1 -1 -1 -1 -1 0.1287 0.1287 0.1482 0.1482 0.249 0.249 0.249 0.315 0.315 0.3425 0.3425 0.3275 0.3275 0.3275 0.3155 0.3155 0.2655 0.2655 0.239 0.239 0.239 0.248 0.248 0.2695 0.2695 0.2905 0.2905 0.2905 0.2865 0.2865 0.301 0.301 0.304 0.304 0.301 0.301 0.301 0.308 0.308 0.2905 0.2905 0.2905 0.2905 0.2905 0.2915 0.2915 0.2935 0.2935 0.3085 0.3085 0.3085 0.283 0.283 0.2775 0.2775 0.3135
-1 -1 -1 -1 -1 -1 -1 -1 -1 -1 -1 -1 -1 -1 -1 -1 -1 -1 -1 -1 -1 0.1287 0.1287 0.1482 0.1482 0.249 0.249 0.249 0.315 0.315 0.3425 0.3425 0.3275 0.3275 0.3275 0.3155 0.3155 0.2655 0.2655 0.239 0.239 0.239 0.248 0.248 0.2695 0.2695 0.2905 0.2905 0.2905 0.2865 0.2865 0.301 0.301 0.304 0.304 0.301 0.301 0.301 0.308 0.308 0.2905 0.2905 0.2905 0.2905 0.2905 0.2915 0.2915 0.2935 0.2935 0.3085 0.3085 0.3085 0.283 0.283 0.2775 0.2775 0.3135
-1 -1 -1 -1 -1 -1 -1 -1 -1 -1 -1 -1 -1 -1 -1 -1 -1 -1 -1 -1 -1 -1 -1 0.2167 0.2167 0.0915 0.0915 0.0915 0.3275 0.3275 0.343 0.343 0.3255 0.3255 0.3255 0.3345 0.3345 0.224 0.224 0.154 0.154 0.154 0.233 0.233 0.254 0.254 0.277 0.277 0.277 0.286 0.286 0.3225 0.3225 0.3165 0.3165 0.31 0.31 0.31 0.308 0.308 0.289 0.289 0.289 0.289 0.289 0.2985 0.2985 0.31 0.31 0.3125 0.3125 0.3125 0.2845 0.2845 0.29 0.29 0.301
-1 -1 -1 -1 -1 -1 -1 -1 -1 -1 -1 -1 -1 -1 -1 -1 -1 -1 -1 -1 -1 -1 -1 0.2167 0.2167 0.0915 0.0915 0.0915 0.3275 0.3275 0.343 0.343 0.3255 0.3255 0.3255 0.3345 0.3345 0.224 0.224 0.154 0.154 0.154 0.233 0.233 0.254 0.254 0.277 0.277 0.277 0.286 0.286 0.3225 0.3225 0.3165 0.3165 0.31 0.31 0.31 0.308 0.308 0.289 0.289 0.289 0.289 0.289 0.2985 0.2985 0.31 0.31 0.3125 0.3125 0.3125 0.2845 0.2845 0.29 0.29 0.301
-1 -1 -1 -1 -1 -1 -1 -1 -1 -1 -1 -1 -1 -1 -1 -1 -1 -1 -1 -1 -1 -1 -1 -1 -1 0.1269 0.1269 0.1269 0.2085 0.2085 0.319 0.319 0.323 0.323 0.323 0.3185 0.3185 0.1655 0.1655 0.2555 0.2555 0.2555 0.228 0.228 0.2465 0.2465 0.286 0.286 0.286 0.2735 0.2735 0.3075 0.3075 0.3005 0.3005 0.296 0.296 0.296 0.301 0.301 0.302 0.302 0.302 0.302 0.302 0.2845 0.2845 0.317 0.317 0.3105 0.3105 0.3105 0.326 0.326 0.3105 0.3105 0.311
-1 -1 -1 -1 -1 -1 -1 -1 -1 -1 -1 -1 -1 -1 -1 -1 -1 -1 -1 -1 -1 -1 -1 -1 -1 0.1269 0.1269 0.1269 0.2085 0.2085 0.319 0.319 0.323 0.323 0.323 0.3185 0.3185 0.1655 0.1655 0.2555 0.2555 0.2555 0.228 0.228 0.2465 0.2465 0.286 0.286 0.286 0.2735 0.2735 0.3075 0.3075 0.3005 0.3005 0.296 0.296 0.296 0.301 0.301 0.302 0.302 0.302 0.302 0.302 0.2845 0.2845 0.317 0.317 0.3105 0.3105 0.3105 0.326 0.326 0.3105 0.3105 0.311
-1 -1 -1 -1 -1 -1 -1 -1 -1 -1 -1 -1 -1 -1 -1 -1 -1 -1 -1 -1 -1 -1 -1 -1 -1 0.1152 0.1152 0.1152 0.101 0.101 0.2395 0.2395 0.26 0.26 0.26 0.349 0.349 0.188 0.188 0.269 0.269 0.269 0.3345 0.3345 0.3215 0.3215 0.313 0.313 0.313 0.267 0.267 0.3085 0.3085 0.296 0.296 0.2965 0.2965 0.2965 0.319 0.319 0.3055 0.3055 0.3055 0.3055 0.3055 0.2935 0.2935 0.288 0.288 0.28 0.28 0.28 0.3025 0.3025 0.298 0.298 0.278
-1 -1 -1 -1 -1 -1 -1 -1 -1 -1 -1 -1 -1 -1 -1 -1 -1 -1 -1 -1 -1 -1 -1 -1 -1 0.1152 0.1152 0.1152 0.101 0.101 0.2395 0.2395 0.26 0.26 0.26 0.349 0.349 0.188 0.188 0.269 0.269 0.269 0.3345 0.3345 0.3215 0.3215 0.313 0.313 0.313 0.267 0.267 0.3085 0.3085 0.296 0.296 0.2965 0.2965 0.2965 0.319 0.319 0.3055 0.3055 0.3055 0.3055 0.3055 0.2935 0.2935 0.288 0.288 0.28 0.28 0.28 0.3025 0.3025 0.298 0.298 0.278
-1 -1 -1 -1 -1 -1 -1 -1 -1 -1 -1 -1 -1 -1 -1 -1 -1 -1 -1 -1 -1 -1 -1 -1 -1 0.1152 0.1152 0.1152 0.101 0.101 0.2395 0.2395 0.26 0.26 0.26 0.349 0.349 0.188 0.188 0.269 0.269 0.269 0.3345 0.3345 0.3215 0.3215 0.313 0.313 0.313 0.267 0.267 0.3085 0.3085 0.296 0.296 0.2965 0.2965 0.2965 0.319 0.319 0.3055 0.3055 0.3055 0.3055 0.3055 0.2935 0.2935 0.288 0.288 0.28 0.28 0.28 0.3025 0.3025 0.298 0.298 0.278
