ndvi/NOAA-56.asc
ncols         252
nrows         154
xllcorner     -18.017974
yllcorner     13.481982
cellsize      0.035948
NODATA_value  -9999
[rows 0 to 33 of 154, columns 154 to 230 of 252]
0.0765 0.07600001 0.07600001 0.0795 0.0795 0.0795 0.0815 0.0815 0.0825 0.0825 0.082 0.082 0.0795 0.0795 0.0795 0.0815 0.0815 0.0865 0.0865 0.08149999 0.08149999 0.08149999 0.0825 0.0825 0.0845 0.0845 0.084 0.084 0.084 0.078 0.078 0.08 0.08 0.081 0.081 0.081 0.087 0.087 0.0765 0.0765 0.0775 0.0775 0.0775 0.0805 0.0805 0.085 0.085 0.09450001 0.09450001 0.0855 0.0855 0.0855 0.0855 0.0855 0.09 0.09 0.0875 0.0875 0.0875 0.0865 0.0865 0.0835 0.0835 0.0805 0.0805 0.0805 0.0795 0.0795 0.0785 0.0785 0.076 0.076 0.076 0.075 0.075 0.072 0.072
0.0765 0.07600001 0.07600001 0.0795 0.0795 0.0795 0.0815 0.0815 0.0825 0.0825 0.082 0.082 0.0795 0.0795 0.0795 0.0815 0.0815 0.0865 0.0865 0.08149999 0.08149999 0.08149999 0.0825 0.0825 0.0845 0.0845 0.084 0.084 0.084 0.078 0.078 0.08 0.08 0.081 0.081 0.081 0.087 0.087 0.0765 0.0765 0.0775 0.0775 0.0775 0.0805 0.0805 0.085 0.085 0.09450001 0.09450001 0.0855 0.0855 0.0855 0.0855 0.0855 0.09 0.09 0.0875 0.0875 0.0875 0.0865 0.0865 0.0835 0.0835 0.0805 0.0805 0.0805 0.0795 0.0795 0.0785 0.0785 0.076 0.076 0.076 0.075 0.075 0.072 0.072
0.085 0.079 0.079 0.0785 0.0785 0.0785 0.08 0.08 0.0795 0.0795 0.08149999 0.08149999 0.0825 0.0825 0.0825 0.082 0.082 0.083 0.083 0.0805 0.0805 0.0805 0.082 0.082 0.0825 0.0825 0.0855 0.0855 0.0855 0.085 0.085 0.0795 0.0795 0.0835 0.0835 0.0835 0.0965 0.0965 0.088 0.088 0.088 0.088 0.088 0.097 0.097 0.0915 0.0915 0.0905 0.0905 0.0915 0.0915 0.0915 0.09100001 0.09100001 0.0885 0.0885 0.0885 0.0885 0.0885 0.0915 0.0915 0.0875 0.0875 0.0825 0.0825 0.0825 0.0825 0.0825 0.0805 0.0805 0.077 0.077 0.077 0.07600001 0.07600001 0.0735 0.0735
0.085 0.079 0.079 0.0785 0.0785 0.0785 0.08 0.08 0.0795 0.0795 0.08149999 0.08149999 0.0825 0.0825 0.0825 0.082 0.082 0.083 0.083 0.0805 0.0805 0.0805 0.082 0.082 0.0825 0.0825 0.0855 0.0855 0.0855 0.085 0.085 0.0795 0.0795 0.0835 0.0835 0.0835 0.0965 0.0965 0.088 0.088 0.088 0.088 0.088 0.097 0.097 0.0915 0.0915 0.0905 0.0905 0.0915 0.0915 0.0915 0.09100001 0.09100001 0.0885 0.0885 0.0885 0.0885 0.0885 0.0915 0.0915 0.0875 0.0875 0.0825 0.0825 0.0825 0.0825 0.0825 0.0805 0.0805 0.077 0.077 0.077 0.07600001 0.07600001 0.0735 0.0735
0.085 0.079 0.079 0.0785 0.0785 0.0785 0.08 0.08 0.0795 0.0795 0.08149999 0.08149999 0.0825 0.0825 0.0825 0.082 0.082 0.083 0.083 0.0805 0.0805 0.0805 0.082 0.082 0.0825 0.0825 0.0855 0.0855 0.0855 0.085 0.085 0.0795 0.0795 0.0835 0.0835 0.0835 0.0965 0.0965 0.088 0.088 0.088 0.088 0.088 0.097 0.097 0.0915 0.0915 0.0905 0.0905 0.0915 0.0915 0.0915 0.09100001 0.09100001 0.0885 0.0885 0.0885 0.0885 0.0885 0.0915 0.0915 0.0875 0.0875 0.0825 0.0825 0.0825 0.0825 0.0825 0.0805 0.0805 0.077 0.077 0.077 0.07600001 0.07600001 0.0735 0.0735
0.08499999 0.083 0.083 0.088 0.088 0.088 0.086 0.086 0.0855 0.0855 0.082 0.082 0.077 0.077 0.077 0.086 0.086 0.086 0.086 0.0845 0.0845 0.0845 0.08750001 0.08750001 0.09 0.09 0.089 0.089 0.089 0.0865 0.0865 0.0885 0.0885 0.087 0.087 0.087 0.086 0.086 0.09 0.09 0.0905 0.0905 0.0905 0.0885 0.0885 0.09100001 0.09100001 0.0845 0.0845 0.092 0.092 0.092 0.0885 0.0885 0.0885 0.0885 0.0925 0.0925 0.0925 0.09450001 0.09450001 0.0835 0.0835 0.083 0.083 0.083 0.08 0.08 0.0785 0.0785 0.0755 0.0755 0.0755 0.075 0.075 0.074 0.074
0.08499999 0.083 0.083 0.088 0.088 0.088 0.086 0.086 0.0855 0.0855 0.082 0.082 0.077 0.077 0.077 0.086 0.086 0.086 0.086 0.0845 0.0845 0.0845 0.08750001 0.08750001 0.09 0.09 0.089 0.089 0.089 0.0865 0.0865 0.0885 0.0885 0.087 0.087 0.087 0.086 0.086 0.09 0.09 0.0905 0.0905 0.0905 0.0885 0.0885 0.09100001 0.09100001 0.0845 0.0845 0.092 0.092 0.092 0.0885 0.0885 0.0885 0.0885 0.0925 0.0925 0.0925 0.09450001 0.09450001 0.0835 0.0835 0.083 0.083 0.083 0.08 0.08 0.0785 0.0785 0.0755 0.0755 0.0755 0.075 0.075 0.074 0.074
0.0865 0.0835 0.0835 0.085 0.085 0.085 0.0865 0.0865 0.09 0.09 0.08750001 0.08750001 0.0795 0.0795 0.0795 0.087 0.087 0.0855 0.0855 0.0855 0.0855 0.0855 0.08400001 0.08400001 0.08750001 0.08750001 0.083 0.083 0.083 0.0855 0.0855 0.088 0.088 0.0845 0.0845 0.0845 0.085 0.085 0.09100001 0.09100001 0.08499999 0.08499999 0.08499999 0.0865 0.0865 0.0905 0.0905 0.0865 0.0865 0.0885 0.0885 0.0885 0.0845 0.0845 0.0925 0.0925 0.092 0.092 0.092 0.0855 0.0855 0.083 0.083 0.08149999 0.08149999 0.08149999 0.083 0.083 0.0795 0.0795 0.078 0.078 0.078 0.07799999 0.07799999 0.077 0.077
0.0865 0.0835 0.0835 0.085 0.085 0.085 0.0865 0.0865 0.09 0.09 0.08750001 0.08750001 0.0795 0.0795 0.0795 0.087 0.087 0.0855 0.0855 0.0855 0.0855 0.0855 0.08400001 0.08400001 0.08750001 0.08750001 0.083 0.083 0.083 0.0855 0.0855 0.088 0.088 0.0845 0.0845 0.0845 0.085 0.085 0.09100001 0.09100001 0.08499999 0.08499999 0.08499999 0.0865 0.0865 0.0905 0.0905 0.0865 0.0865 0.0885 0.0885 0.0885 0.0845 0.0845 0.0925 0.0925 0.092 0.092 0.092 0.0855 0.0855 0.083 0.083 0.08149999 0.08149999 0.08149999 0.083 0.083 0.0795 0.0795 0.078 0.078 0.078 0.07799999 0.07799999 0.077 0.077
0.0895 0.086 0.086 0.0905 0.0905 0.0905 0.083 0.083 0.0855 0.0855 0.086 0.086 0.087 0.087 0.087 0.0825 0.0825 0.0895 0.0895 0.09100001 0.09100001 0.09100001 0.085 0.085 0.0855 0.0855 0.0825 0.0825 0.0825 0.0875 0.0875 0.08750001 0.08750001 0.085 0.085 0.085 0.078 0.078 0.079 0.079 0.0735 0.0735 0.0735 0.0765 0.0765 0.085 0.085 0.09299999 0.09299999 0.088 0.088 0.088 0.0845 0.0845 0.092 0.092 0.08 0.08 0.08 0.0835 0.0835 0.083 0.083 0.08 0.08 0.08 0.0805 0.0805 0.0785 0.0785 0.0755 0.0755 0.0755 0.0785 0.0785 0.0775 0.0775
0.0895 0.086 0.086 0.0905 0.0905 0.0905 0.083 0.083 0.0855 0.0855 0.086 0.086 0.087 0.087 0.087 0.0825 0.0825 0.0895 0.0895 0.09100001 0.09100001 0.09100001 0.085 0.085 0.0855 0.0855 0.0825 0.0825 0.0825 0.0875 0.0875 0.08750001 0.08750001 0.085 0.085 0.085 0.078 0.078 0.079 0.079 0.0735 0.0735 0.0735 0.0765 0.0765 0.085 0.085 0.09299999 0.09299999 0.088 0.088 0.088 0.0845 0.0845 0.092 0.092 0.08 0.08 0.08 0.0835 0.0835 0.083 0.083 0.08 0.08 0.08 0.0805 0.0805 0.0785 0.0785 0.0755 0.0755 0.0755 0.0785 0.0785 0.0775 0.0775
0.0905 0.085 0.085 0.089 0.089 0.089 0.084 0.084 0.088 0.088 0.087 0.087 0.083 0.083 0.083 0.0925 0.0925 0.0885 0.0885 0.0835 0.0835 0.0835 0.0855 0.0855 0.091 0.091 0.0905 0.0905 0.0905 0.0855 0.0855 0.081 0.081 0.0775 0.0775 0.0775 0.078 0.078 0.07799999 0.07799999 0.0775 0.0775 0.0775 0.0825 0.0825 0.0845 0.0845 0.0925 0.0925 0.0805 0.0805 0.0805 0.079 0.079 0.089 0.089 0.08050001 0.08050001 0.08050001 0.077 0.077 0.0785 0.0785 0.074 0.074 0.074 0.07250001 0.07250001 0.074 0.074 0.074 0.074 0.074 0.0765 0.0765 0.076 0.076
0.0905 0.085 0.085 0.089 0.089 0.089 0.084 0.084 0.088 0.088 0.087 0.087 0.083 0.083 0.083 0.0925 0.0925 0.0885 0.0885 0.0835 0.0835 0.0835 0.0855 0.0855 0.091 0.091 0.0905 0.0905 0.0905 0.0855 0.0855 0.081 0.081 0.0775 0.0775 0.0775 0.078 0.078 0.07799999 0.07799999 0.0775 0.0775 0.0775 0.0825 0.0825 0.0845 0.0845 0.0925 0.0925 0.0805 0.0805 0.0805 0.079 0.079 0.089 0.089 0.08050001 0.08050001 0.08050001 0.077 0.077 0.0785 0.0785 0.074 0.074 0.074 0.07250001 0.07250001 0.074 0.074 0.074 0.074 0.074 0.0765 0.0765 0.076 0.076
0.0905 0.085 0.085 0.089 0.089 0.089 0.084 0.084 0.088 0.088 0.087 0.087 0.083 0.083 0.083 0.0925 0.0925 0.0885 0.0885 0.0835 0.0835 0.0835 0.0855 0.0855 0.091 0.091 0.0905 0.0905 0.0905 0.0855 0.0855 0.081 0.081 0.0775 0.0775 0.0775 0.078 0.078 0.07799999 0.07799999 0.0775 0.0775 0.0775 0.0825 0.0825 0.0845 0.0845 0.0925 0.0925 0.0805 0.0805 0.0805 0.079 0.079 0.089 0.089 0.08050001 0.08050001 0.08050001 0.077 0.077 0.0785 0.0785 0.074 0.074 0.074 0.07250001 0.07250001 0.074 0.074 0.074 0.074 0.074 0.0765 0.0765 0.076 0.076
0.0865 0.09299999 0.09299999 0.0795 0.0795 0.0795 0.09 0.09 0.092 0.092 0.0895 0.0895 0.088 0.088 0.088 0.0935 0.0935 0.088 0.088 0.0795 0.0795 0.0795 0.0825 0.0825 0.079 0.079 0.0815 0.0815 0.0815 0.09 0.09 0.085 0.085 0.07600001 0.07600001 0.07600001 0.07700001 0.07700001 0.0715 0.0715 0.0755 0.0755 0.0755 0.07799999 0.07799999 0.0805 0.0805 0.0765 0.0765 0.07 0.07 0.07 0.068 0.068 0.079 0.079 0.0825 0.0825 0.0825 0.0765 0.0765 0.073 0.073 0.074 0.074 0.074 0.0735 0.0735 0.0795 0.0795 0.077 0.077 0.077 0.078 0.078 0.0795 0.0795
0.0865 0.09299999 0.09299999 0.0795 0.0795 0.0795 0.09 0.09 0.092 0.092 0.0895 0.0895 0.088 0.088 0.088 0.0935 0.0935 0.088 0.088 0.0795 0.0795 0.0795 0.0825 0.0825 0.079 0.079 0.0815 0.0815 0.0815 0.09 0.09 0.085 0.085 0.07600001 0.07600001 0.07600001 0.07700001 0.07700001 0.0715 0.0715 0.0755 0.0755 0.0755 0.07799999 0.07799999 0.0805 0.0805 0.0765 0.0765 0.07 0.07 0.07 0.068 0.068 0.079 0.079 0.0825 0.0825 0.0825 0.0765 0.0765 0.073 0.073 0.074 0.074 0.074 0.0735 0.0735 0.0795 0.0795 0.077 0.077 0.077 0.078 0.078 0.0795 0.0795
0.0915 0.0915 0.0915 0.0865 0.0865 0.0865 0.0915 0.0915 0.0845 0.0845 0.09 0.09 0.0855 0.0855 0.0855 0.08499999 0.08499999 0.09100001 0.09100001 0.085 0.085 0.085 0.083 0.083 0.0785 0.0785 0.0805 0.0805 0.0805 0.07250001 0.07250001 0.074 0.074 0.074 0.074 0.074 0.06900001 0.06900001 0.0705 0.0705 0.064 0.064 0.064 0.059 0.059 0.0635 0.0635 0.06 0.06 0.0695 0.0695 0.0695 0.071 0.071 0.075 0.075 0.07099999 0.07099999 0.07099999 0.0755 0.0755 0.075 0.075 0.0795 0.0795 0.0795 0.08 0.08 0.0795 0.0795 0.08 0.08 0.08 0.079 0.079 0.08149999 0.08149999
0.0915 0.0915 0.0915 0.0865 0.0865 0.0865 0.0915 0.0915 0.0845 0.0845 0.09 0.09 0.0855 0.0855 0.0855 0.08499999 0.08499999 0.09100001 0.09100001 0.085 0.085 0.085 0.083 0.083 0.0785 0.0785 0.0805 0.0805 0.0805 0.07250001 0.07250001 0.074 0.074 0.074 0.074 0.074 0.06900001 0.06900001 0.0705 0.0705 0.064 0.064 0.064 0.059 0.059 0.0635 0.0635 0.06 0.06 0.0695 0.0695 0.0695 0.071 0.071 0.075 0.075 0.07099999 0.07099999 0.07099999 0.0755 0.0755 0.075 0.075 0.0795 0.0795 0.0795 0.08 0.08 0.0795 0.0795 0.08 0.08 0.08 0.079 0.079 0.08149999 0.08149999
0.0865 0.0865 0.0865 0.079 0.079 0.079 0.078 0.078 0.0755 0.0755 0.078 0.078 0.0755 0.0755 0.0755 0.0755 0.0755 0.0845 0.0845 0.0845 0.0845 0.0845 0.07250001 0.07250001 0.0705 0.0705 0.0695 0.0695 0.0695 0.059 0.059 0.064 0.064 0.0585 0.0585 0.0585 0.074 0.074 0.0795 0.0795 0.0835 0.0835 0.0835 0.085 0.085 0.0795 0.0795 0.08750001 0.08750001 0.0855 0.0855 0.0855 0.082 0.082 0.0795 0.0795 0.077 0.077 0.077 0.077 0.077 0.079 0.079 0.0795 0.0795 0.0795 0.0825 0.0825 0.0825 0.0825 0.08 0.08 0.08 0.084 0.084 0.0805 0.0805
0.0865 0.0865 0.0865 0.079 0.079 0.079 0.078 0.078 0.0755 0.0755 0.078 0.078 0.0755 0.0755 0.0755 0.0755 0.0755 0.0845 0.0845 0.0845 0.0845 0.0845 0.07250001 0.07250001 0.0705 0.0705 0.0695 0.0695 0.0695 0.059 0.059 0.064 0.064 0.0585 0.0585 0.0585 0.074 0.074 0.0795 0.0795 0.0835 0.0835 0.0835 0.085 0.085 0.0795 0.0795 0.08750001 0.08750001 0.0855 0.0855 0.0855 0.082 0.082 0.0795 0.0795 0.077 0.077 0.077 0.077 0.077 0.079 0.079 0.0795 0.0795 0.0795 0.0825 0.0825 0.0825 0.0825 0.08 0.08 0.08 0.084 0.084 0.0805 0.0805
0.0865 0.0865 0.0865 0.079 0.079 0.079 0.078 0.078 0.0755 0.0755 0.078 0.078 0.0755 0.0755 0.0755 0.0755 0.0755 0.0845 0.0845 0.0845 0.0845 0.0845 0.07250001 0.07250001 0.0705 0.0705 0.0695 0.0695 0.0695 0.059 0.059 0.064 0.064 0.0585 0.0585 0.0585 0.074 0.074 0.0795 0.0795 0.0835 0.0835 0.0835 0.085 0.085 0.0795 0.0795 0.08750001 0.08750001 0.0855 0.0855 0.0855 0.082 0.082 0.0795 0.0795 0.077 0.077 0.077 0.077 0.077 0.079 0.079 0.0795 0.0795 0.0795 0.0825 0.0825 0.0825 0.0825 0.08 0.08 0.08 0.084 0.084 0.0805 0.0805
0.089 0.09649999 0.09649999 0.0865 0.0865 0.0865 0.07700001 0.07700001 0.07099999 0.07099999 0.077 0.077 0.0815 0.0815 0.0815 0.09 0.09 0.091 0.091 0.08499999 0.08499999 0.08499999 0.0795 0.0795 0.0755 0.0755 0.0685 0.0685 0.0685 0.0695 0.0695 0.0635 0.0635 0.075 0.075 0.075 0.091 0.091 0.094 0.094 0.0825 0.0825 0.0825 0.081 0.081 0.08 0.08 0.081 0.081 0.076 0.076 0.076 0.0785 0.0785 0.0795 0.0795 0.078 0.078 0.078 0.0775 0.0775 0.082 0.082 0.084 0.084 0.084 0.0845 0.0845 0.083 0.083 0.084 0.084 0.084 0.0835 0.0835 0.075 0.075
0.089 0.09649999 0.09649999 0.0865 0.0865 0.0865 0.07700001 0.07700001 0.07099999 0.07099999 0.077 0.077 0.0815 0.0815 0.0815 0.09 0.09 0.091 0.091 0.08499999 0.08499999 0.08499999 0.0795 0.0795 0.0755 0.0755 0.0685 0.0685 0.0685 0.0695 0.0695 0.0635 0.0635 0.075 0.075 0.075 0.091 0.091 0.094 0.094 0.0825 0.0825 0.0825 0.081 0.081 0.08 0.08 0.081 0.081 0.076 0.076 0.076 0.0785 0.0785 0.0795 0.0795 0.078 0.078 0.078 0.0775 0.0775 0.082 0.082 0.084 0.084 0.084 0.0845 0.0845 0.083 0.083 0.084 0.084 0.084 0.0835 0.0835 0.075 0.075
0.09100001 0.0845 0.0845 0.088 0.088 0.088 0.085 0.085 0.0895 0.0895 0.0875 0.0875 0.098 0.098 0.098 0.09 0.09 0.0925 0.0925 0.1 0.1 0.1 0.0985 0.0985 0.104 0.104 0.0985 0.0985 0.0985 0.098 0.098 0.097 0.097 0.1005 0.1005 0.1005 0.0885 0.0885 0.083 0.083 0.08149999 0.08149999 0.08149999 0.08 0.08 0.0785 0.0785 0.078 0.078 0.0765 0.0765 0.0765 0.075 0.075 0.079 0.079 0.0815 0.0815 0.0815 0.081 0.081 0.08499999 0.08499999 0.087 0.087 0.087 0.085 0.085 0.083 0.083 0.085 0.085 0.085 0.0835 0.0835 0.0705 0.0705
0.09100001 0.0845 0.0845 0.088 0.088 0.088 0.085 0.085 0.0895 0.0895 0.0875 0.0875 0.098 0.098 0.098 0.09 0.09 0.0925 0.0925 0.1 0.1 0.1 0.0985 0.0985 0.104 0.104 0.0985 0.0985 0.0985 0.098 0.098 0.097 0.097 0.1005 0.1005 0.1005 0.0885 0.0885 0.083 0.083 0.08149999 0.08149999 0.08149999 0.08 0.08 0.0785 0.0785 0.078 0.078 0.0765 0.0765 0.0765 0.075 0.075 0.079 0.079 0.0815 0.0815 0.0815 0.081 0.081 0.08499999 0.08499999 0.087 0.087 0.087 0.085 0.085 0.083 0.083 0.085 0.085 0.085 0.0835 0.0835 0.0705 0.0705
0.1005 0.0895 0.0895 0.103 0.103 0.103 0.106 0.106 0.101 0.101 0.1165 0.1165 0.1185 0.1185 0.1185 0.1245 0.1245 0.1035 0.1035 0.112 0.112 0.112 0.1195 0.1195 0.096 0.096 0.098 0.098 0.098 0.1015 0.1015 0.104 0.104 0.09649999 0.09649999 0.09649999 0.092 0.092 0.0835 0.0835 0.082 0.082 0.082 0.082 0.082 0.081 0.081 0.0875 0.0875 0.083 0.083 0.083 0.081 0.081 0.082 0.082 0.0825 0.0825 0.0825 0.08 0.08 0.0815 0.0815 0.0865 0.0865 0.0865 0.0865 0.0865 0.08050001 0.08050001 0.079 0.079 0.079 0.08 0.08 0.074 0.074
0.1005 0.0895 0.0895 0.103 0.103 0.103 0.106 0.106 0.101 0.101 0.1165 0.1165 0.1185 0.1185 0.1185 0.1245 0.1245 0.1035 0.1035 0.112 0.112 0.112 0.1195 0.1195 0.096 0.096 0.098 0.098 0.098 0.1015 0.1015 0.104 0.104 0.09649999 0.09649999 0.09649999 0.092 0.092 0.0835 0.0835 0.082 0.082 0.082 0.082 0.082 0.081 0.081 0.0875 0.0875 0.083 0.083 0.083 0.081 0.081 0.082 0.082 0.0825 0.0825 0.0825 0.08 0.08 0.0815 0.0815 0.0865 0.0865 0.0865 0.0865 0.0865 0.08050001 0.08050001 0.079 0.079 0.079 0.08 0.08 0.074 0.074
0.1005 0.0895 0.0895 0.103 0.103 0.103 0.106 0.106 0.101 0.101 0.1165 0.1165 0.1185 0.1185 0.1185 0.1245 0.1245 0.1035 0.1035 0.112 0.112 0.112 0.1195 0.1195 0.096 0.096 0.098 0.098 0.098 0.1015 0.1015 0.104 0.104 0.09649999 0.09649999 0.09649999 0.092 0.092 0.0835 0.0835 0.082 0.082 0.082 0.082 0.082 0.081 0.081 0.0875 0.0875 0.083 0.083 0.083 0.081 0.081 0.082 0.082 0.0825 0.0825 0.0825 0.08 0.08 0.0815 0.0815 0.0865 0.0865 0.0865 0.0865 0.0865 0.08050001 0.08050001 0.079 0.079 0.079 0.08 0.08 0.074 0.074
0.099 0.1115 0.1115 0.1265 0.1265 0.1265 0.1515 0.1515 0.1245 0.1245 0.119 0.119 0.1215 0.1215 0.1215 0.129 0.129 0.114 0.114 0.1075 0.1075 0.1075 0.107 0.107 0.1145 0.1145 0.1005 0.1005 0.1005 0.099 0.099 0.1015 0.1015 0.09900001 0.09900001 0.09900001 0.09450001 0.09450001 0.094 0.094 0.0875 0.0875 0.0875 0.0815 0.0815 0.0825 0.0825 0.087 0.087 0.09299999 0.09299999 0.09299999 0.0895 0.0895 0.082 0.082 0.08050001 0.08050001 0.08050001 0.08050001 0.08050001 0.087 0.087 0.0845 0.0845 0.0845 0.091 0.091 0.0855 0.0855 0.0855 0.0855 0.0855 0.0905 0.0905 0.0855 0.0855
0.099 0.1115 0.1115 0.1265 0.1265 0.1265 0.1515 0.1515 0.1245 0.1245 0.119 0.119 0.1215 0.1215 0.1215 0.129 0.129 0.114 0.114 0.1075 0.1075 0.1075 0.107 0.107 0.1145 0.1145 0.1005 0.1005 0.1005 0.099 0.099 0.1015 0.1015 0.09900001 0.09900001 0.09900001 0.09450001 0.09450001 0.094 0.094 0.0875 0.0875 0.0875 0.0815 0.0815 0.0825 0.0825 0.087 0.087 0.09299999 0.09299999 0.09299999 0.0895 0.0895 0.082 0.082 0.08050001 0.08050001 0.08050001 0.08050001 0.08050001 0.087 0.087 0.0845 0.0845 0.0845 0.091 0.091 0.0855 0.0855 0.0855 0.0855 0.0855 0.0905 0.0905 0.0855 0.0855
0.1085 0.1045 0.1045 0.126 0.126 0.126 0.1265 0.1265 0.1045 0.1045 0.1075 0.1075 0.1095 0.1095 0.1095 0.118 0.118 0.102 0.102 0.1125 0.1125 0.1125 0.1055 0.1055 0.096 0.096 0.0905 0.0905 0.0905 0.0985 0.0985 0.1005 0.1005 0.1015 0.1015 0.1015 0.093 0.093 0.09100001 0.09100001 0.0855 0.0855 0.0855 0.086 0.086 0.08750001 0.08750001 0.09100001 0.09100001 0.0885 0.0885 0.0885 0.09 0.09 0.0865 0.0865 0.0855 0.0855 0.0855 0.0905 0.0905 0.0895 0.0895 0.0945 0.0945 0.0945 0.0945 0.0945 0.099 0.099 0.09299999 0.09299999 0.09299999 0.097 0.097 0.0935 0.0935
0.1085 0.1045 0.1045 0.126 0.126 0.126 0.1265 0.1265 0.1045 0.1045 0.1075 0.1075 0.1095 0.1095 0.1095 0.118 0.118 0.102 0.102 0.1125 0.1125 0.1125 0.1055 0.1055 0.096 0.096 0.0905 0.0905 0.0905 0.0985 0.0985 0.1005 0.1005 0.1015 0.1015 0.1015 0.093 0.093 0.09100001 0.09100001 0.0855 0.0855 0.0855 0.086 0.086 0.08750001 0.08750001 0.09100001 0.09100001 0.0885 0.0885 0.0885 0.09 0.09 0.0865 0.0865 0.0855 0.0855 0.0855 0.0905 0.0905 0.0895 0.0895 0.0945 0.0945 0.0945 0.0945 0.0945 0.099 0.099 0.09299999 0.09299999 0.09299999 0.097 0.097 0.0935 0.0935
0.13 0.119 0.119 0.11 0.11 0.11 0.1135 0.1135 0.116 0.116 0.0945 0.0945 0.0925 0.0925 0.0925 0.1005 0.1005 0.103 0.103 0.108 0.108 0.108 0.1065 0.1065 0.1025 0.1025 0.103 0.103 0.103 0.1 0.1 0.108 0.108 0.099 0.099 0.099 0.0915 0.0915 0.11 0.11 0.1025 0.1025 0.1025 0.101 0.101 0.1015 0.1015 0.1245 0.1245 0.1205 0.1205 0.1205 0.105 0.105 0.0905 0.0905 0.089 0.089 0.089 0.0925 0.0925 0.098 0.098 0.092 0.092 0.092 0.094 0.094 0.105 0.105 0.1035 0.1035 0.1035 0.0885 0.0885 0.0965 0.0965
0.13 0.119 0.119 0.11 0.11 0.11 0.1135 0.1135 0.116 0.116 0.0945 0.0945 0.0925 0.0925 0.0925 0.1005 0.1005 0.103 0.103 0.108 0.108 0.108 0.1065 0.1065 0.1025 0.1025 0.103 0.103 0.103 0.1 0.1 0.108 0.108 0.099 0.099 0.099 0.0915 0.0915 0.11 0.11 0.1025 0.1025 0.1025 0.101 0.101 0.1015 0.1015 0.1245 0.1245 0.1205 0.1205 0.1205 0.105 0.105 0.0905 0.0905 0.089 0.089 0.089 0.0925 0.0925 0.098 0.098 0.092 0.092 0.092 0.094 0.094 0.105 0.105 0.1035 0.1035 0.1035 0.0885 0.0885 0.0965 0.0965
