ndvi/NOAA-180.asc
ncols         252
nrows         154
xllcorner     -18.017974
yllcorner     13.481982
cellsize      0.035948
NODATA_value  -9999
[rows 34 to 67 of 154, columns 77 to 153 of 252]
0.147 0.147 0.1485 0.1485 0.144 0.144 0.1425 0.1425 0.1425 0.1355 0.1355 0.1465 0.1465 0.153 0.153 0.157 0.157 0.157 0.154 0.154 0.1535 0.1535 0.158 0.158 0.158 0.16 0.16 0.156 0.156 0.1555 0.1555 0.1555 0.157 0.157 0.157 0.157 0.1495 0.1495 0.1495 0.152 0.152 0.1515 0.1515 0.166 0.166 0.166 0.1565 0.1565 0.158 0.158 0.1565 0.1565 0.15 0.15 0.15 0.1535 0.1535 0.1615 0.1615 0.167 0.167 0.167 0.168 0.168 0.1725 0.1725 0.1695 0.1695 0.1695 0.158 0.158 0.137 0.137 0.124 0.124 0.124 0.14
0.147 0.147 0.1485 0.1485 0.144 0.144 0.1425 0.1425 0.1425 0.1355 0.1355 0.1465 0.1465 0.153 0.153 0.157 0.157 0.157 0.154 0.154 0.1535 0.1535 0.158 0.158 0.158 0.16 0.16 0.156 0.156 0.1555 0.1555 0.1555 0.157 0.157 0.157 0.157 0.1495 0.1495 0.1495 0.152 0.152 0.1515 0.1515 0.166 0.166 0.166 0.1565 0.1565 0.158 0.158 0.1565 0.1565 0.15 0.15 0.15 0.1535 0.1535 0.1615 0.1615 0.167 0.167 0.167 0.168 0.168 0.1725 0.1725 0.1695 0.1695 0.1695 0.158 0.158 0.137 0.137 0.124 0.124 0.124 0.14
0.147 0.147 0.1485 0.1485 0.144 0.144 0.1425 0.1425 0.1425 0.1355 0.1355 0.1465 0.1465 0.153 0.153 0.157 0.157 0.157 0.154 0.154 0.1535 0.1535 0.158 0.158 0.158 0.16 0.16 0.156 0.156 0.1555 0.1555 0.1555 0.157 0.157 0.157 0.157 0.1495 0.1495 0.1495 0.152 0.152 0.1515 0.1515 0.166 0.166 0.166 0.1565 0.1565 0.158 0.158 0.1565 0.1565 0.15 0.15 0.15 0.1535 0.1535 0.1615 0.1615 0.167 0.167 0.167 0.168 0.168 0.1725 0.1725 0.1695 0.1695 0.1695 0.158 0.158 0.137 0.137 0.124 0.124 0.124 0.14
0.1575 0.1575 0.1565 0.1565 0.162 0.162 0.1595 0.1595 0.1595 0.153 0.153 0.1605 0.1605 0.166 0.166 0.153 0.153 0.153 0.1595 0.1595 0.157 0.157 0.1595 0.1595 0.1595 0.1675 0.1675 0.1705 0.1705 0.163 0.163 0.163 0.1635 0.1635 0.167 0.167 0.1555 0.1555 0.1555 0.1585 0.1585 0.1595 0.1595 0.167 0.167 0.167 0.172 0.172 0.1615 0.1615 0.1645 0.1645 0.1625 0.1625 0.1625 0.177 0.177 0.1985 0.1985 0.1935 0.1935 0.1935 0.1835 0.1835 0.176 0.176 0.174 0.174 0.174 0.176 0.176 0.158 0.158 0.1385 0.1385 0.1385 0.134
0.1575 0.1575 0.1565 0.1565 0.162 0.162 0.1595 0.1595 0.1595 0.153 0.153 0.1605 0.1605 0.166 0.166 0.153 0.153 0.153 0.1595 0.1595 0.157 0.157 0.1595 0.1595 0.1595 0.1675 0.1675 0.1705 0.1705 0.163 0.163 0.163 0.1635 0.1635 0.167 0.167 0.1555 0.1555 0.1555 0.1585 0.1585 0.1595 0.1595 0.167 0.167 0.167 0.172 0.172 0.1615 0.1615 0.1645 0.1645 0.1625 0.1625 0.1625 0.177 0.177 0.1985 0.1985 0.1935 0.1935 0.1935 0.1835 0.1835 0.176 0.176 0.174 0.174 0.174 0.176 0.176 0.158 0.158 0.1385 0.1385 0.1385 0.134
0.1605 0.1605 0.157 0.157 0.1585 0.1585 0.1555 0.1555 0.1555 0.162 0.162 0.1625 0.1625 0.17 0.17 0.1615 0.1615 0.1615 0.1585 0.1585 0.1605 0.1605 0.172 0.172 0.172 0.164 0.164 0.17 0.17 0.172 0.172 0.172 0.172 0.172 0.1655 0.1655 0.1695 0.1695 0.1695 0.1655 0.1655 0.1725 0.1725 0.1825 0.1825 0.1825 0.1915 0.1915 0.193 0.193 0.1845 0.1845 0.2225 0.2225 0.2225 0.184 0.184 0.1965 0.1965 0.194 0.194 0.194 0.192 0.192 0.183 0.183 0.1675 0.1675 0.1675 0.1675 0.1675 0.1225 0.1225 0.127 0.127 0.127 0.1505
0.1605 0.1605 0.157 0.157 0.1585 0.1585 0.1555 0.1555 0.1555 0.162 0.162 0.1625 0.1625 0.17 0.17 0.1615 0.1615 0.1615 0.1585 0.1585 0.1605 0.1605 0.172 0.172 0.172 0.164 0.164 0.17 0.17 0.172 0.172 0.172 0.172 0.172 0.1655 0.1655 0.1695 0.1695 0.1695 0.1655 0.1655 0.1725 0.1725 0.1825 0.1825 0.1825 0.1915 0.1915 0.193 0.193 0.1845 0.1845 0.2225 0.2225 0.2225 0.184 0.184 0.1965 0.1965 0.194 0.194 0.194 0.192 0.192 0.183 0.183 0.1675 0.1675 0.1675 0.1675 0.1675 0.1225 0.1225 0.127 0.127 0.127 0.1505
0.173 0.173 0.1595 0.1595 0.17 0.17 0.166 0.166 0.166 0.1615 0.1615 0.167 0.167 0.1785 0.1785 0.164 0.164 0.164 0.1555 0.1555 0.1555 0.1555 0.167 0.167 0.167 0.168 0.168 0.184 0.184 0.1705 0.1705 0.1705 0.168 0.168 0.172 0.172 0.1755 0.1755 0.1755 0.1755 0.1755 0.193 0.193 0.1965 0.1965 0.1965 0.1895 0.1895 0.1905 0.1905 0.19 0.19 0.2085 0.2085 0.2085 0.188 0.188 0.2025 0.2025 0.1885 0.1885 0.1885 0.179 0.179 0.1655 0.1655 0.1485 0.1485 0.1485 0.1575 0.1575 0.1405 0.1405 0.1395 0.1395 0.1395 0.1395
0.173 0.173 0.1595 0.1595 0.17 0.17 0.166 0.166 0.166 0.1615 0.1615 0.167 0.167 0.1785 0.1785 0.164 0.164 0.164 0.1555 0.1555 0.1555 0.1555 0.167 0.167 0.167 0.168 0.168 0.184 0.184 0.1705 0.1705 0.1705 0.168 0.168 0.172 0.172 0.1755 0.1755 0.1755 0.1755 0.1755 0.193 0.193 0.1965 0.1965 0.1965 0.1895 0.1895 0.1905 0.1905 0.19 0.19 0.2085 0.2085 0.2085 0.188 0.188 0.2025 0.2025 0.1885 0.1885 0.1885 0.179 0.179 0.1655 0.1655 0.1485 0.1485 0.1485 0.1575 0.1575 0.1405 0.1405 0.1395 0.1395 0.1395 0.1395
0.173 0.173 0.1595 0.1595 0.17 0.17 0.166 0.166 0.166 0.1615 0.1615 0.167 0.167 0.1785 0.1785 0.164 0.164 0.164 0.1555 0.1555 0.1555 0.1555 0.167 0.167 0.167 0.168 0.168 0.184 0.184 0.1705 0.1705 0.1705 0.168 0.168 0.172 0.172 0.1755 0.1755 0.1755 0.1755 0.1755 0.193 0.193 0.1965 0.1965 0.1965 0.1895 0.1895 0.1905 0.1905 0.19 0.19 0.2085 0.2085 0.2085 0.188 0.188 0.2025 0.2025 0.1885 0.1885 0.1885 0.179 0.179 0.1655 0.1655 0.1485 0.1485 0.1485 0.1575 0.1575 0.1405 0.1405 0.1395 0.1395 0.1395 0.1395
0.182 0.182 0.1665 0.1665 0.168 0.168 0.1615 0.1615 0.1615 0.162 0.162 0.1595 0.1595 0.1695 0.1695 0.1755 0.1755 0.1755 0.1775 0.1775 0.152 0.152 0.1595 0.1595 0.1595 0.168 0.168 0.18 0.18 0.179 0.179 0.179 0.192 0.192 0.2025 0.2025 0.194 0.194 0.194 0.1905 0.1905 0.1925 0.1925 0.1895 0.1895 0.1895 0.1765 0.1765 0.1855 0.1855 0.174 0.174 0.1955 0.1955 0.1955 0.1795 0.1795 0.1885 0.1885 0.1735 0.1735 0.1735 0.176 0.176 0.1425 0.1425 0.1435 0.1435 0.1435 0.143 0.143 0.1395 0.1395 0.127 0.127 0.127 0.1195
0.182 0.182 0.1665 0.1665 0.168 0.168 0.1615 0.1615 0.1615 0.162 0.162 0.1595 0.1595 0.1695 0.1695 0.1755 0.1755 0.1755 0.1775 0.1775 0.152 0.152 0.1595 0.1595 0.1595 0.168 0.168 0.18 0.18 0.179 0.179 0.179 0.192 0.192 0.2025 0.2025 0.194 0.194 0.194 0.1905 0.1905 0.1925 0.1925 0.1895 0.1895 0.1895 0.1765 0.1765 0.1855 0.1855 0.174 0.174 0.1955 0.1955 0.1955 0.1795 0.1795 0.1885 0.1885 0.1735 0.1735 0.1735 0.176 0.176 0.1425 0.1425 0.1435 0.1435 0.1435 0.143 0.143 0.1395 0.1395 0.127 0.127 0.127 0.1195
0.1825 0.1825 0.1765 0.1765 0.1695 0.1695 0.1695 0.1695 0.1695 0.1675 0.1675 0.1565 0.1565 0.16 0.16 0.1735 0.1735 0.1735 0.1695 0.1695 0.1625 0.1625 0.1695 0.1695 0.1695 0.1685 0.1685 0.1795 0.1795 0.1925 0.1925 0.1925 0.217 0.217 0.224 0.224 0.203 0.203 0.203 0.167 0.167 0.183 0.183 0.215 0.215 0.215 0.1805 0.1805 0.1995 0.1995 0.191 0.191 0.1835 0.1835 0.1835 0.167 0.167 0.166 0.166 0.1645 0.1645 0.1645 0.162 0.162 0.1505 0.1505 0.1525 0.1525 0.1525 0.1545 0.1545 0.146 0.146 0.1405 0.1405 0.1405 0.137
0.1825 0.1825 0.1765 0.1765 0.1695 0.1695 0.1695 0.1695 0.1695 0.1675 0.1675 0.1565 0.1565 0.16 0.16 0.1735 0.1735 0.1735 0.1695 0.1695 0.1625 0.1625 0.1695 0.1695 0.1695 0.1685 0.1685 0.1795 0.1795 0.1925 0.1925 0.1925 0.217 0.217 0.224 0.224 0.203 0.203 0.203 0.167 0.167 0.183 0.183 0.215 0.215 0.215 0.1805 0.1805 0.1995 0.1995 0.191 0.191 0.1835 0.1835 0.1835 0.167 0.167 0.166 0.166 0.1645 0.1645 0.1645 0.162 0.162 0.1505 0.1505 0.1525 0.1525 0.1525 0.1545 0.1545 0.146 0.146 0.1405 0.1405 0.1405 0.137
0.1955 0.1955 0.1775 0.1775 0.1895 0.1895 0.17 0.17 0.17 0.1545 0.1545 0.158 0.158 0.1665 0.1665 0.188 0.188 0.188 0.19 0.19 0.202 0.202 0.197 0.197 0.197 0.1925 0.1925 0.2085 0.2085 0.2105 0.2105 0.2105 0.2365 0.2365 0.252 0.252 0.1835 0.1835 0.1835 0.168 0.168 0.166 0.166 0.1645 0.1645 0.1645 0.1815 0.1815 0.181 0.181 0.1865 0.1865 0.1795 0.1795 0.1795 0.1635 0.1635 0.1695 0.1695 0.163 0.163 0.163 0.175 0.175 0.16 0.16 0.1625 0.1625 0.1625 0.174 0.174 0.174 0.174 0.14 0.14 0.14 0.134
0.1955 0.1955 0.1775 0.1775 0.1895 0.1895 0.17 0.17 0.17 0.1545 0.1545 0.158 0.158 0.1665 0.1665 0.188 0.188 0.188 0.19 0.19 0.202 0.202 0.197 0.197 0.197 0.1925 0.1925 0.2085 0.2085 0.2105 0.2105 0.2105 0.2365 0.2365 0.252 0.252 0.1835 0.1835 0.1835 0.168 0.168 0.166 0.166 0.1645 0.1645 0.1645 0.1815 0.1815 0.181 0.181 0.1865 0.1865 0.1795 0.1795 0.1795 0.1635 0.1635 0.1695 0.1695 0.163 0.163 0.163 0.175 0.175 0.16 0.16 0.1625 0.1625 0.1625 0.174 0.174 0.174 0.174 0.14 0.14 0.14 0.134
0.1955 0.1955 0.1775 0.1775 0.1895 0.1895 0.17 0.17 0.17 0.1545 0.1545 0.158 0.158 0.1665 0.1665 0.188 0.188 0.188 0.19 0.19 0.202 0.202 0.197 0.197 0.197 0.1925 0.1925 0.2085 0.2085 0.2105 0.2105 0.2105 0.2365 0.2365 0.252 0.252 0.1835 0.1835 0.1835 0.168 0.168 0.166 0.166 0.1645 0.1645 0.1645 0.1815 0.1815 0.181 0.181 0.1865 0.1865 0.1795 0.1795 0.1795 0.1635 0.1635 0.1695 0.1695 0.163 0.163 0.163 0.175 0.175 0.16 0.16 0.1625 0.1625 0.1625 0.174 0.174 0.174 0.174 0.14 0.14 0.14 0.134
0.2065 0.2065 0.195 0.195 0.191 0.191 0.181 0.181 0.181 0.1985 0.1985 0.194 0.194 0.1995 0.1995 0.199 0.199 0.199 0.2015 0.2015 0.204 0.204 0.213 0.213 0.213 0.21 0.21 0.2075 0.2075 0.2045 0.2045 0.2045 0.235 0.235 0.2235 0.2235 0.1895 0.1895 0.1895 0.1455 0.1455 0.137 0.137 0.1465 0.1465 0.1465 0.175 0.175 0.166 0.166 0.183 0.183 0.1895 0.1895 0.1895 0.1875 0.1875 0.1665 0.1665 0.184 0.184 0.184 0.184 0.184 0.1865 0.1865 0.1905 0.1905 0.1905 0.1935 0.1935 0.196 0.196 0.1725 0.1725 0.1725 0.1245
0.2065 0.2065 0.195 0.195 0.191 0.191 0.181 0.181 0.181 0.1985 0.1985 0.194 0.194 0.1995 0.1995 0.199 0.199 0.199 0.2015 0.2015 0.204 0.204 0.213 0.213 0.213 0.21 0.21 0.2075 0.2075 0.2045 0.2045 0.2045 0.235 0.235 0.2235 0.2235 0.1895 0.1895 0.1895 0.1455 0.1455 0.137 0.137 0.1465 0.1465 0.1465 0.175 0.175 0.166 0.166 0.183 0.183 0.1895 0.1895 0.1895 0.1875 0.1875 0.1665 0.1665 0.184 0.184 0.184 0.184 0.184 0.1865 0.1865 0.1905 0.1905 0.1905 0.1935 0.1935 0.196 0.196 0.1725 0.1725 0.1725 0.1245
0.204 0.204 0.203 0.203 0.1935 0.1935 0.1915 0.1915 0.1915 0.198 0.198 0.216 0.216 0.209 0.209 0.205 0.205 0.205 0.2145 0.2145 0.2055 0.2055 0.2025 0.2025 0.2025 0.2015 0.2015 0.1975 0.1975 0.197 0.197 0.197 0.21 0.21 0.2225 0.2225 0.1975 0.1975 0.1975 0.184 0.184 0.16 0.16 0.1495 0.1495 0.1495 0.133 0.133 0.1605 0.1605 0.1895 0.1895 0.1885 0.1885 0.1885 0.1965 0.1965 0.1955 0.1955 0.2115 0.2115 0.2115 0.2195 0.2195 0.2105 0.2105 0.202 0.202 0.202 0.1935 0.1935 0.1885 0.1885 0.174 0.174 0.174 0.124
0.204 0.204 0.203 0.203 0.1935 0.1935 0.1915 0.1915 0.1915 0.198 0.198 0.216 0.216 0.209 0.209 0.205 0.205 0.205 0.2145 0.2145 0.2055 0.2055 0.2025 0.2025 0.2025 0.2015 0.2015 0.1975 0.1975 0.197 0.197 0.197 0.21 0.21 0.2225 0.2225 0.1975 0.1975 0.1975 0.184 0.184 0.16 0.16 0.1495 0.1495 0.1495 0.133 0.133 0.1605 0.1605 0.1895 0.1895 0.1885 0.1885 0.1885 0.1965 0.1965 0.1955 0.1955 0.2115 0.2115 0.2115 0.2195 0.2195 0.2105 0.2105 0.202 0.202 0.202 0.1935 0.1935 0.1885 0.1885 0.174 0.174 0.174 0.124
0.2285 0.2285 0.2275 0.2275 0.2195 0.2195 0.215 0.215 0.215 0.221 0.221 0.2205 0.2205 0.213 0.213 0.2105 0.2105 0.2105 0.214 0.214 0.2 0.2 0.2105 0.2105 0.2105 0.1985 0.1985 0.193 0.193 0.1685 0.1685 0.1685 0.171 0.171 0.1845 0.1845 0.1835 0.1835 0.1835 0.184 0.184 0.1365 0.1365 0.1455 0.1455 0.1455 0.1475 0.1475 0.157 0.157 0.1905 0.1905 0.194 0.194 0.194 0.2095 0.2095 0.2145 0.2145 0.226 0.226 0.226 0.231 0.231 0.2165 0.2165 0.199 0.199 0.199 0.184 0.184 0.1775 0.1775 0.172 0.172 0.172 0.121
0.2285 0.2285 0.2275 0.2275 0.2195 0.2195 0.215 0.215 0.215 0.221 0.221 0.2205 0.2205 0.213 0.213 0.2105 0.2105 0.2105 0.214 0.214 0.2 0.2 0.2105 0.2105 0.2105 0.1985 0.1985 0.193 0.193 0.1685 0.1685 0.1685 0.171 0.171 0.1845 0.1845 0.1835 0.1835 0.1835 0.184 0.184 0.1365 0.1365 0.1455 0.1455 0.1455 0.1475 0.1475 0.157 0.157 0.1905 0.1905 0.194 0.194 0.194 0.2095 0.2095 0.2145 0.2145 0.226 0.226 0.226 0.231 0.231 0.2165 0.2165 0.199 0.199 0.199 0.184 0.184 0.1775 0.1775 0.172 0.172 0.172 0.121
0.2715 0.2715 0.224 0.224 0.2235 0.2235 0.22 0.22 0.22 0.2275 0.2275 0.2235 0.2235 0.2235 0.2235 0.2215 0.2215 0.2215 0.214 0.214 0.2105 0.2105 0.1985 0.1985 0.1985 0.204 0.204 0.1935 0.1935 0.2 0.2 0.2 0.1875 0.1875 0.186 0.186 0.187 0.187 0.187 0.179 0.179 0.1675 0.1675 0.184 0.184 0.184 0.1485 0.1485 0.156 0.156 0.158 0.158 0.183 0.183 0.183 0.2095 0.2095 0.209 0.209 0.2245 0.2245 0.2245 0.228 0.228 0.233 0.233 0.209 0.209 0.209 0.177 0.177 0.1625 0.1625 0.159 0.159 0.159 0.127
0.2715 0.2715 0.224 0.224 0.2235 0.2235 0.22 0.22 0.22 0.2275 0.2275 0.2235 0.2235 0.2235 0.2235 0.2215 0.2215 0.2215 0.214 0.214 0.2105 0.2105 0.1985 0.1985 0.1985 0.204 0.204 0.1935 0.1935 0.2 0.2 0.2 0.1875 0.1875 0.186 0.186 0.187 0.187 0.187 0.179 0.179 0.1675 0.1675 0.184 0.184 0.184 0.1485 0.1485 0.156 0.156 0.158 0.158 0.183 0.183 0.183 0.2095 0.2095 0.209 0.209 0.2245 0.2245 0.2245 0.228 0.228 0.233 0.233 0.209 0.209 0.209 0.177 0.177 0.1625 0.1625 0.159 0.159 0.159 0.127
0.2715 0.2715 0.224 0.224 0.2235 0.2235 0.22 0.22 0.22 0.2275 0.2275 0.2235 0.2235 0.2235 0.2235 0.2215 0.2215 0.2215 0.214 0.214 0.2105 0.2105 0.1985 0.1985 0.1985 0.204 0.204 0.1935 0.1935 0.2 0.2 0.2 0.1875 0.1875 0.186 0.186 0.187 0.187 0.187 0.179 0.179 0.1675 0.1675 0.184 0.184 0.184 0.1485 0.1485 0.156 0.156 0.158 0.158 0.183 0.183 0.183 0.2095 0.2095 0.209 0.209 0.2245 0.2245 0.2245 0.228 0.228 0.233 0.233 0.209 0.209 0.209 0.177 0.177 0.1625 0.1625 0.159 0.159 0.159 0.127
0.2235 0.2235 0.2125 0.2125 0.223 0.223 0.2265 0.2265 0.2265 0.2215 0.2215 0.2055 0.2055 0.2085 0.2085 0.2135 0.2135 0.2135 0.172 0.172 0.2075 0.2075 0.2165 0.2165 0.2165 0.2085 0.2085 0.224 0.224 0.23 0.23 0.23 0.221 0.221 0.201 0.201 0.201 0.201 0.201 0.1725 0.1725 0.1575 0.1575 0.1855 0.1855 0.1855 0.1765 0.1765 0.129 0.129 0.1295 0.1295 0.1195 0.1195 0.1195 0.1405 0.1405 0.1925 0.1925 0.2195 0.2195 0.2195 0.2235 0.2235 0.225 0.225 0.229 0.229 0.229 0.219 0.219 0.2045 0.2045 0.162 0.162 0.162 0.149
0.2235 0.2235 0.2125 0.2125 0.223 0.223 0.2265 0.2265 0.2265 0.2215 0.2215 0.2055 0.2055 0.2085 0.2085 0.2135 0.2135 0.2135 0.172 0.172 0.2075 0.2075 0.2165 0.2165 0.2165 0.2085 0.2085 0.224 0.224 0.23 0.23 0.23 0.221 0.221 0.201 0.201 0.201 0.201 0.201 0.1725 0.1725 0.1575 0.1575 0.1855 0.1855 0.1855 0.1765 0.1765 0.129 0.129 0.1295 0.1295 0.1195 0.1195 0.1195 0.1405 0.1405 0.1925 0.1925 0.2195 0.2195 0.2195 0.2235 0.2235 0.225 0.225 0.229 0.229 0.229 0.219 0.219 0.2045 0.2045 0.162 0.162 0.162 0.149
0.247 0.247 0.249 0.249 0.271 0.271 0.261 0.261 0.261 0.246 0.246 0.248 0.248 0.2165 0.2165 0.197 0.197 0.197 0.1805 0.1805 0.2335 0.2335 0.223 0.223 0.223 0.224 0.224 0.218 0.218 0.2085 0.2085 0.2085 0.2095 0.2095 0.211 0.211 0.2005 0.2005 0.2005 0.1985 0.1985 0.1605 0.1605 0.177 0.177 0.177 0.1595 0.1595 0.127 0.127 0.132 0.132 0.128 0.128 0.128 0.168 0.168 0.1875 0.1875 0.2165 0.2165 0.2165 0.2115 0.2115 0.212 0.212 0.231 0.231 0.231 0.2085 0.2085 0.196 0.196 0.1615 0.1615 0.1615 0.129
0.247 0.247 0.249 0.249 0.271 0.271 0.261 0.261 0.261 0.246 0.246 0.248 0.248 0.2165 0.2165 0.197 0.197 0.197 0.1805 0.1805 0.2335 0.2335 0.223 0.223 0.223 0.224 0.224 0.218 0.218 0.2085 0.2085 0.2085 0.2095 0.2095 0.211 0.211 0.2005 0.2005 0.2005 0.1985 0.1985 0.1605 0.1605 0.177 0.177 0.177 0.1595 0.1595 0.127 0.127 0.132 0.132 0.128 0.128 0.128 0.168 0.168 0.1875 0.1875 0.2165 0.2165 0.2165 0.2115 0.2115 0.212 0.212 0.231 0.231 0.231 0.2085 0.2085 0.196 0.196 0.1615 0.1615 0.1615 0.129
0.2345 0.2345 0.2445 0.2445 0.2375 0.2375 0.2335 0.2335 0.2335 0.2505 0.2505 0.257 0.257 0.2495 0.2495 0.235 0.235 0.235 0.2245 0.2245 0.267 0.267 0.2285 0.2285 0.2285 0.2395 0.2395 0.2345 0.2345 0.211 0.211 0.211 0.2155 0.2155 0.217 0.217 0.216 0.216 0.216 0.225 0.225 0.1785 0.1785 0.1445 0.1445 0.1445 0.146 0.146 0.1265 0.1265 0.1445 0.1445 0.194 0.194 0.194 0.1745 0.1745 0.1915 0.1915 0.2275 0.2275 0.2275 0.22 0.22 0.225 0.225 0.2325 0.2325 0.2325 0.225 0.225 0.2285 0.2285 0.173 0.173 0.173 0.147
0.2345 0.2345 0.2445 0.2445 0.2375 0.2375 0.2335 0.2335 0.2335 0.2505 0.2505 0.257 0.257 0.2495 0.2495 0.235 0.235 0.235 0.2245 0.2245 0.267 0.267 0.2285 0.2285 0.2285 0.2395 0.2395 0.2345 0.2345 0.211 0.211 0.211 0.2155 0.2155 0.217 0.217 0.216 0.216 0.216 0.225 0.225 0.1785 0.1785 0.1445 0.1445 0.1445 0.146 0.146 0.1265 0.1265 0.1445 0.1445 0.194 0.194 0.194 0.1745 0.1745 0.1915 0.1915 0.2275 0.2275 0.2275 0.22 0.22 0.225 0.225 0.2325 0.2325 0.2325 0.225 0.225 0.2285 0.2285 0.173 0.173 0.173 0.147
0.2345 0.2345 0.2445 0.2445 0.2375 0.2375 0.2335 0.2335 0.2335 0.2505 0.2505 0.257 0.257 0.2495 0.2495 0.235 0.235 0.235 0.2245 0.2245 0.267 0.267 0.2285 0.2285 0.2285 0.2395 0.2395 0.2345 0.2345 0.211 0.211 0.211 0.2155 0.2155 0.217 0.217 0.216 0.216 0.216 0.225 0.225 0.1785 0.1785 0.1445 0.1445 0.1445 0.146 0.146 0.1265 0.1265 0.1445 0.1445 0.194 0.194 0.194 0.1745 0.1745 0.1915 0.1915 0.2275 0.2275 0.2275 0.22 0.22 0.225 0.225 0.2325 0.2325 0.2325 0.225 0.225 0.2285 0.2285 0.173 0.173 0.173 0.147
0.2185 0.2185 0.244 0.244 0.2355 0.2355 0.258 0.258 0.258 0.279 0.279 0.2505 0.2505 0.2335 0.2335 0.2395 0.2395 0.2395 0.305 0.305 0.2455 0.2455 0.256 0.256 0.256 0.3195 0.3195 0.2275 0.2275 0.219 0.219 0.219 0.2095 0.2095 0.202 0.202 0.197 0.197 0.197 0.1965 0.1965 0.199 0.199 0.1895 0.1895 0.1895 0.152 0.152 0.1745 0.1745 0.165 0.165 0.186 0.186 0.186 0.195 0.195 0.187 0.187 0.2215 0.2215 0.2215 0.2225 0.2225 0.234 0.234 0.226 0.226 0.226 0.223 0.223 0.2075 0.2075 0.1815 0.1815 0.1815 0.141
