ndvi/NOAA-238.asc
ncols         252
nrows         154
xllcorner     -18.017974
yllcorner     13.481982
cellsize      0.035948
NODATA_value  -9999
[rows 68 to 101 of 154, columns 78 to 155 of 252]
0.246 0.283 0.283 0.258 0.258 0.2555 0.2555 0.2555 0.276 0.276 0.282 0.282 0.2635 0.2635 0.2315 0.2315 0.2315 0.267 0.267 0.2465 0.2465 0.284 0.284 0.284 0.2095 0.2095 0.238 0.238 0.2325 0.2325 0.2325 0.2225 0.2225 0.2115 0.2115 0.2005 0.2005 0.2005 0.233 0.233 0.217 0.217 0.1725 0.1725 0.1725 0.156 0.156 0.1625 0.1625 0.1635 0.1635 0.1655 0.1655 0.1655 0.1815 0.1815 0.191 0.191 0.216 0.216 0.216 0.215 0.215 0.241 0.241 0.2715 0.2715 0.2715 0.266 0.266 0.232 0.232 0.1975 0.1975 0.1975 0.1715 0.1715 0.2245
0.3005 0.2985 0.2985 0.258 0.258 0.2585 0.2585 0.2585 0.2495 0.2495 0.288 0.288 0.2865 0.2865 0.285 0.285 0.285 0.2955 0.2955 0.2355 0.2355 0.2655 0.2655 0.2655 0.215 0.215 0.2275 0.2275 0.2175 0.2175 0.2175 0.238 0.238 0.238 0.238 0.255 0.255 0.255 0.259 0.259 0.2355 0.2355 0.1865 0.1865 0.1865 0.167 0.167 0.1565 0.1565 0.1615 0.1615 0.17 0.17 0.17 0.174 0.174 0.185 0.185 0.226 0.226 0.226 0.222 0.222 0.2535 0.2535 0.2475 0.2475 0.2475 0.2205 0.2205 0.2155 0.2155 0.1775 0.1775 0.1775 0.1965 0.1965 0.1855
0.3005 0.2985 0.2985 0.258 0.258 0.2585 0.2585 0.2585 0.2495 0.2495 0.288 0.288 0.2865 0.2865 0.285 0.285 0.285 0.2955 0.2955 0.2355 0.2355 0.2655 0.2655 0.2655 0.215 0.215 0.2275 0.2275 0.2175 0.2175 0.2175 0.238 0.238 0.238 0.238 0.255 0.255 0.255 0.259 0.259 0.2355 0.2355 0.1865 0.1865 0.1865 0.167 0.167 0.1565 0.1565 0.1615 0.1615 0.17 0.17 0.17 0.174 0.174 0.185 0.185 0.226 0.226 0.226 0.222 0.222 0.2535 0.2535 0.2475 0.2475 0.2475 0.2205 0.2205 0.2155 0.2155 0.1775 0.1775 0.1775 0.1965 0.1965 0.1855
0.2855 0.27 0.27 0.282 0.282 0.2705 0.2705 0.2705 0.221 0.221 0.227 0.227 0.2475 0.2475 0.288 0.288 0.288 0.2935 0.2935 0.2925 0.2925 0.225 0.225 0.225 0.2345 0.2345 0.239 0.239 0.243 0.243 0.243 0.223 0.223 0.2455 0.2455 0.242 0.242 0.242 0.23 0.23 0.223 0.223 0.1915 0.1915 0.1915 0.161 0.161 0.1825 0.1825 0.1655 0.1655 0.192 0.192 0.192 0.226 0.226 0.25 0.25 0.2445 0.2445 0.2445 0.257 0.257 0.2425 0.2425 0.2465 0.2465 0.2465 0.2125 0.2125 0.2405 0.2405 0.203 0.203 0.203 0.2195 0.2195 0.2255
0.2855 0.27 0.27 0.282 0.282 0.2705 0.2705 0.2705 0.221 0.221 0.227 0.227 0.2475 0.2475 0.288 0.288 0.288 0.2935 0.2935 0.2925 0.2925 0.225 0.225 0.225 0.2345 0.2345 0.239 0.239 0.243 0.243 0.243 0.223 0.223 0.2455 0.2455 0.242 0.242 0.242 0.23 0.23 0.223 0.223 0.1915 0.1915 0.1915 0.161 0.161 0.1825 0.1825 0.1655 0.1655 0.192 0.192 0.192 0.226 0.226 0.25 0.25 0.2445 0.2445 0.2445 0.257 0.257 0.2425 0.2425 0.2465 0.2465 0.2465 0.2125 0.2125 0.2405 0.2405 0.203 0.203 0.203 0.2195 0.2195 0.2255
0.2855 0.27 0.27 0.282 0.282 0.2705 0.2705 0.2705 0.221 0.221 0.227 0.227 0.2475 0.2475 0.288 0.288 0.288 0.2935 0.2935 0.2925 0.2925 0.225 0.225 0.225 0.2345 0.2345 0.239 0.239 0.243 0.243 0.243 0.223 0.223 0.2455 0.2455 0.242 0.242 0.242 0.23 0.23 0.223 0.223 0.1915 0.1915 0.1915 0.161 0.161 0.1825 0.1825 0.1655 0.1655 0.192 0.192 0.192 0.226 0.226 0.25 0.25 0.2445 0.2445 0.2445 0.257 0.257 0.2425 0.2425 0.2465 0.2465 0.2465 0.2125 0.2125 0.2405 0.2405 0.203 0.203 0.203 0.2195 0.2195 0.2255
0.323 0.312 0.312 0.3635 0.3635 0.335 0.335 0.335 0.2905 0.2905 0.297 0.297 0.308 0.308 0.2945 0.2945 0.2945 0.2755 0.2755 0.23 0.23 0.218 0.218 0.218 0.22 0.22 0.2025 0.2025 0.219 0.219 0.219 0.2255 0.2255 0.219 0.219 0.2245 0.2245 0.2245 0.1995 0.1995 0.185 0.185 0.194 0.194 0.194 0.206 0.206 0.241 0.241 0.244 0.244 0.2085 0.2085 0.2085 0.23 0.23 0.23 0.23 0.2615 0.2615 0.2615 0.2345 0.2345 0.265 0.265 0.2725 0.2725 0.2725 0.2245 0.2245 0.2145 0.2145 0.1445 0.1445 0.1445 0.1925 0.1925 0.2375
0.323 0.312 0.312 0.3635 0.3635 0.335 0.335 0.335 0.2905 0.2905 0.297 0.297 0.308 0.308 0.2945 0.2945 0.2945 0.2755 0.2755 0.23 0.23 0.218 0.218 0.218 0.22 0.22 0.2025 0.2025 0.219 0.219 0.219 0.2255 0.2255 0.219 0.219 0.2245 0.2245 0.2245 0.1995 0.1995 0.185 0.185 0.194 0.194 0.194 0.206 0.206 0.241 0.241 0.244 0.244 0.2085 0.2085 0.2085 0.23 0.23 0.23 0.23 0.2615 0.2615 0.2615 0.2345 0.2345 0.265 0.265 0.2725 0.2725 0.2725 0.2245 0.2245 0.2145 0.2145 0.1445 0.1445 0.1445 0.1925 0.1925 0.2375
0.321 0.308 0.308 0.3445 0.3445 0.311 0.311 0.311 0.3455 0.3455 0.37 0.37 0.327 0.327 0.3005 0.3005 0.3005 0.2915 0.2915 0.264 0.264 0.2675 0.2675 0.2675 0.2295 0.2295 0.235 0.235 0.224 0.224 0.224 0.235 0.235 0.2385 0.2385 0.231 0.231 0.231 0.211 0.211 0.216 0.216 0.197 0.197 0.197 0.2205 0.2205 0.234 0.234 0.245 0.245 0.208 0.208 0.208 0.215 0.215 0.212 0.212 0.225 0.225 0.225 0.232 0.232 0.2525 0.2525 0.248 0.248 0.248 0.22 0.22 0.1965 0.1965 0.108 0.108 0.108 0.1865 0.1865 0.2245
0.321 0.308 0.308 0.3445 0.3445 0.311 0.311 0.311 0.3455 0.3455 0.37 0.37 0.327 0.327 0.3005 0.3005 0.3005 0.2915 0.2915 0.264 0.264 0.2675 0.2675 0.2675 0.2295 0.2295 0.235 0.235 0.224 0.224 0.224 0.235 0.235 0.2385 0.2385 0.231 0.231 0.231 0.211 0.211 0.216 0.216 0.197 0.197 0.197 0.2205 0.2205 0.234 0.234 0.245 0.245 0.208 0.208 0.208 0.215 0.215 0.212 0.212 0.225 0.225 0.225 0.232 0.232 0.2525 0.2525 0.248 0.248 0.248 0.22 0.22 0.1965 0.1965 0.108 0.108 0.108 0.1865 0.1865 0.2245
0.3175 0.2805 0.2805 0.3265 0.3265 0.3165 0.3165 0.3165 0.318 0.318 0.334 0.334 0.3055 0.3055 0.287 0.287 0.287 0.2845 0.2845 0.2655 0.2655 0.283 0.283 0.283 0.3065 0.3065 0.298 0.298 0.3055 0.3055 0.3055 0.2795 0.2795 0.266 0.266 0.239 0.239 0.239 0.239 0.239 0.2295 0.2295 0.218 0.218 0.218 0.244 0.244 0.2365 0.2365 0.2165 0.2165 0.215 0.215 0.215 0.222 0.222 0.2255 0.2255 0.2275 0.2275 0.2275 0.25 0.25 0.211 0.211 0.2205 0.2205 0.2205 0.283 0.283 0.2695 0.2695 0.1425 0.1425 0.1425 0.1675 0.1675 0.167
0.3175 0.2805 0.2805 0.3265 0.3265 0.3165 0.3165 0.3165 0.318 0.318 0.334 0.334 0.3055 0.3055 0.287 0.287 0.287 0.2845 0.2845 0.2655 0.2655 0.283 0.283 0.283 0.3065 0.3065 0.298 0.298 0.3055 0.3055 0.3055 0.2795 0.2795 0.266 0.266 0.239 0.239 0.239 0.239 0.239 0.2295 0.2295 0.218 0.218 0.218 0.244 0.244 0.2365 0.2365 0.2165 0.2165 0.215 0.215 0.215 0.222 0.222 0.2255 0.2255 0.2275 0.2275 0.2275 0.25 0.25 0.211 0.211 0.2205 0.2205 0.2205 0.283 0.283 0.2695 0.2695 0.1425 0.1425 0.1425 0.1675 0.1675 0.167
0.3125 0.302 0.302 0.3095 0.3095 0.3235 0.3235 0.3235 0.3265 0.3265 0.297 0.297 0.289 0.289 0.297 0.297 0.297 0.2815 0.2815 0.3265 0.3265 0.304 0.304 0.304 0.2685 0.2685 0.2905 0.2905 0.316 0.316 0.316 0.2985 0.2985 0.3135 0.3135 0.2595 0.2595 0.2595 0.251 0.251 0.268 0.268 0.251 0.251 0.251 0.2585 0.2585 0.2535 0.2535 0.2955 0.2955 0.233 0.233 0.233 0.2335 0.2335 0.242 0.242 0.2405 0.2405 0.2405 0.221 0.221 0.192 0.192 0.2095 0.2095 0.2095 0.2145 0.2145 0.209 0.209 0.16 0.16 0.16 0.15 0.15 0.1585
0.3125 0.302 0.302 0.3095 0.3095 0.3235 0.3235 0.3235 0.3265 0.3265 0.297 0.297 0.289 0.289 0.297 0.297 0.297 0.2815 0.2815 0.3265 0.3265 0.304 0.304 0.304 0.2685 0.2685 0.2905 0.2905 0.316 0.316 0.316 0.2985 0.2985 0.3135 0.3135 0.2595 0.2595 0.2595 0.251 0.251 0.268 0.268 0.251 0.251 0.251 0.2585 0.2585 0.2535 0.2535 0.2955 0.2955 0.233 0.233 0.233 0.2335 0.2335 0.242 0.242 0.2405 0.2405 0.2405 0.221 0.221 0.192 0.192 0.2095 0.2095 0.2095 0.2145 0.2145 0.209 0.209 0.16 0.16 0.16 0.15 0.15 0.1585
0.3125 0.302 0.302 0.3095 0.3095 0.3235 0.3235 0.3235 0.3265 0.3265 0.297 0.297 0.289 0.289 0.297 0.297 0.297 0.2815 0.2815 0.3265 0.3265 0.304 0.304 0.304 0.2685 0.2685 0.2905 0.2905 0.316 0.316 0.316 0.2985 0.2985 0.3135 0.3135 0.2595 0.2595 0.2595 0.251 0.251 0.268 0.268 0.251 0.251 0.251 0.2585 0.2585 0.2535 0.2535 0.2955 0.2955 0.233 0.233 0.233 0.2335 0.2335 0.242 0.242 0.2405 0.2405 0.2405 0.221 0.221 0.192 0.192 0.2095 0.2095 0.2095 0.2145 0.2145 0.209 0.209 0.16 0.16 0.16 0.15 0.15 0.1585
0.305 0.371 0.371 0.327 0.327 0.3265 0.3265 0.3265 0.3105 0.3105 0.304 0.304 0.3045 0.3045 0.309 0.309 0.309 0.3155 0.3155 0.303 0.303 0.277 0.277 0.277 0.2725 0.2725 0.2815 0.2815 0.2805 0.2805 0.2805 0.3 0.3 0.292 0.292 0.271 0.271 0.271 0.2695 0.2695 0.2565 0.2565 0.2555 0.2555 0.2555 0.2785 0.2785 0.242 0.242 0.287 0.287 0.2755 0.2755 0.2755 0.2615 0.2615 0.2585 0.2585 0.28 0.28 0.28 0.2555 0.2555 0.226 0.226 0.206 0.206 0.206 0.196 0.196 0.1705 0.1705 0.1495 0.1495 0.1495 0.1385 0.1385 0.1715
0.305 0.371 0.371 0.327 0.327 0.3265 0.3265 0.3265 0.3105 0.3105 0.304 0.304 0.3045 0.3045 0.309 0.309 0.309 0.3155 0.3155 0.303 0.303 0.277 0.277 0.277 0.2725 0.2725 0.2815 0.2815 0.2805 0.2805 0.2805 0.3 0.3 0.292 0.292 0.271 0.271 0.271 0.2695 0.2695 0.2565 0.2565 0.2555 0.2555 0.2555 0.2785 0.2785 0.242 0.242 0.287 0.287 0.2755 0.2755 0.2755 0.2615 0.2615 0.2585 0.2585 0.28 0.28 0.28 0.2555 0.2555 0.226 0.226 0.206 0.206 0.206 0.196 0.196 0.1705 0.1705 0.1495 0.1495 0.1495 0.1385 0.1385 0.1715
0.4315 0.381 0.381 0.342 0.342 0.362 0.362 0.362 0.3615 0.3615 0.4105 0.4105 0.407 0.407 0.3955 0.3955 0.3955 0.3325 0.3325 0.301 0.301 0.2955 0.2955 0.2955 0.2715 0.2715 0.293 0.293 0.2785 0.2785 0.2785 0.292 0.292 0.368 0.368 0.304 0.304 0.304 0.309 0.309 0.332 0.332 0.2845 0.2845 0.2845 0.3205 0.3205 0.309 0.309 0.2845 0.2845 0.29 0.29 0.29 0.3205 0.3205 0.316 0.316 0.291 0.291 0.291 0.2915 0.2915 0.2805 0.2805 0.2315 0.2315 0.2315 0.215 0.215 0.196 0.196 0.1705 0.1705 0.1705 0.1685 0.1685 0.236
0.4315 0.381 0.381 0.342 0.342 0.362 0.362 0.362 0.3615 0.3615 0.4105 0.4105 0.407 0.407 0.3955 0.3955 0.3955 0.3325 0.3325 0.301 0.301 0.2955 0.2955 0.2955 0.2715 0.2715 0.293 0.293 0.2785 0.2785 0.2785 0.292 0.292 0.368 0.368 0.304 0.304 0.304 0.309 0.309 0.332 0.332 0.2845 0.2845 0.2845 0.3205 0.3205 0.309 0.309 0.2845 0.2845 0.29 0.29 0.29 0.3205 0.3205 0.316 0.316 0.291 0.291 0.291 0.2915 0.2915 0.2805 0.2805 0.2315 0.2315 0.2315 0.215 0.215 0.196 0.196 0.1705 0.1705 0.1705 0.1685 0.1685 0.236
0.386 0.383 0.383 0.367 0.367 0.357 0.357 0.357 0.3805 0.3805 0.363 0.363 0.372 0.372 0.367 0.367 0.367 0.356 0.356 0.307 0.307 0.324 0.324 0.324 0.302 0.302 0.3285 0.3285 0.307 0.307 0.307 0.3345 0.3345 0.2975 0.2975 0.286 0.286 0.286 0.3501 0.3501 0.328 0.328 0.3205 0.3205 0.3205 0.3365 0.3365 0.338 0.338 0.244 0.244 0.2835 0.2835 0.2835 0.295 0.295 0.2925 0.2925 0.284 0.284 0.284 0.2865 0.2865 0.269 0.269 0.2235 0.2235 0.2235 0.223 0.223 0.2015 0.2015 0.2395 0.2395 0.2395 0.2095 0.2095 0.243
0.386 0.383 0.383 0.367 0.367 0.357 0.357 0.357 0.3805 0.3805 0.363 0.363 0.372 0.372 0.367 0.367 0.367 0.356 0.356 0.307 0.307 0.324 0.324 0.324 0.302 0.302 0.3285 0.3285 0.307 0.307 0.307 0.3345 0.3345 0.2975 0.2975 0.286 0.286 0.286 0.3501 0.3501 0.328 0.328 0.3205 0.3205 0.3205 0.3365 0.3365 0.338 0.338 0.244 0.244 0.2835 0.2835 0.2835 0.295 0.295 0.2925 0.2925 0.284 0.284 0.284 0.2865 0.2865 0.269 0.269 0.2235 0.2235 0.2235 0.223 0.223 0.2015 0.2015 0.2395 0.2395 0.2395 0.2095 0.2095 0.243
0.386 0.383 0.383 0.367 0.367 0.357 0.357 0.357 0.3805 0.3805 0.363 0.363 0.372 0.372 0.367 0.367 0.367 0.356 0.356 0.307 0.307 0.324 0.324 0.324 0.302 0.302 0.3285 0.3285 0.307 0.307 0.307 0.3345 0.3345 0.2975 0.2975 0.286 0.286 0.286 0.3501 0.3501 0.328 0.328 0.3205 0.3205 0.3205 0.3365 0.3365 0.338 0.338 0.244 0.244 0.2835 0.2835 0.2835 0.295 0.295 0.2925 0.2925 0.284 0.284 0.284 0.2865 0.2865 0.269 0.269 0.2235 0.2235 0.2235 0.223 0.223 0.2015 0.2015 0.2395 0.2395 0.2395 0.2095 0.2095 0.243
0.4215 0.361 0.361 0.3595 0.3595 0.4005 0.4005 0.4005 0.3995 0.3995 0.344 0.344 0.3195 0.3195 0.376 0.376 0.376 0.3175 0.3175 0.343 0.343 0.345 0.345 0.345 0.3085 0.3085 0.301 0.301 0.313 0.313 0.313 0.307 0.307 0.3425 0.3425 0.3285 0.3285 0.3285 0.3195 0.3195 0.3335 0.3335 0.3436 0.3436 0.3436 0.3436 0.3436 0.3195 0.3195 0.288 0.288 0.2925 0.2925 0.2925 0.288 0.288 0.326 0.326 0.2985 0.2985 0.2985 0.299 0.299 0.2965 0.2965 0.2805 0.2805 0.2805 0.241 0.241 0.215 0.215 0.2065 0.2065 0.2065 0.244 0.244 0.247
0.4215 0.361 0.361 0.3595 0.3595 0.4005 0.4005 0.4005 0.3995 0.3995 0.344 0.344 0.3195 0.3195 0.376 0.376 0.376 0.3175 0.3175 0.343 0.343 0.345 0.345 0.345 0.3085 0.3085 0.301 0.301 0.313 0.313 0.313 0.307 0.307 0.3425 0.3425 0.3285 0.3285 0.3285 0.3195 0.3195 0.3335 0.3335 0.3436 0.3436 0.3436 0.3436 0.3436 0.3195 0.3195 0.288 0.288 0.2925 0.2925 0.2925 0.288 0.288 0.326 0.326 0.2985 0.2985 0.2985 0.299 0.299 0.2965 0.2965 0.2805 0.2805 0.2805 0.241 0.241 0.215 0.215 0.2065 0.2065 0.2065 0.244 0.244 0.247
0.378 0.392 0.392 0.4495 0.4495 0.41 0.41 0.41 0.38 0.38 0.3735 0.3735 0.354 0.354 0.3115 0.3115 0.3115 0.3471 0.3471 0.318 0.318 0.338 0.338 0.338 0.3195 0.3195 0.3105 0.3105 0.297 0.297 0.297 0.314 0.314 0.3225 0.3225 0.324 0.324 0.324 0.3315 0.3315 0.3225 0.3225 0.344 0.344 0.344 0.3755 0.3755 0.356 0.356 0.36 0.36 0.2325 0.2325 0.2325 0.231 0.231 0.295 0.295 0.329 0.329 0.329 0.3255 0.3255 0.3235 0.3235 0.349 0.349 0.349 0.405 0.405 0.3485 0.3485 0.36 0.36 0.36 0.3445 0.3445 0.2875
0.378 0.392 0.392 0.4495 0.4495 0.41 0.41 0.41 0.38 0.38 0.3735 0.3735 0.354 0.354 0.3115 0.3115 0.3115 0.3471 0.3471 0.318 0.318 0.338 0.338 0.338 0.3195 0.3195 0.3105 0.3105 0.297 0.297 0.297 0.314 0.314 0.3225 0.3225 0.324 0.324 0.324 0.3315 0.3315 0.3225 0.3225 0.344 0.344 0.344 0.3755 0.3755 0.356 0.356 0.36 0.36 0.2325 0.2325 0.2325 0.231 0.231 0.295 0.295 0.329 0.329 0.329 0.3255 0.3255 0.3235 0.3235 0.349 0.349 0.349 0.405 0.405 0.3485 0.3485 0.36 0.36 0.36 0.3445 0.3445 0.2875
0.422 0.447 0.447 0.3785 0.3785 0.354 0.354 0.354 0.441 0.441 0.371 0.371 0.3435 0.3435 0.32 0.32 0.32 0.3335 0.3335 0.3606 0.3606 0.3575 0.3575 0.3575 0.3535 0.3535 0.3465 0.3465 0.3625 0.3625 0.3625 0.367 0.367 0.3825 0.3825 0.366 0.366 0.366 0.3665 0.3665 0.3885 0.3885 0.3735 0.3735 0.3735 0.344 0.344 0.327 0.327 0.297 0.297 0.2735 0.2735 0.2735 0.2355 0.2355 0.229 0.229 0.2195 0.2195 0.2195 0.328 0.328 0.3675 0.3675 0.3585 0.3585 0.3585 0.338 0.338 0.332 0.332 0.3185 0.3185 0.3185 0.2855 0.2855 0.343
0.422 0.447 0.447 0.3785 0.3785 0.354 0.354 0.354 0.441 0.441 0.371 0.371 0.3435 0.3435 0.32 0.32 0.32 0.3335 0.3335 0.3606 0.3606 0.3575 0.3575 0.3575 0.3535 0.3535 0.3465 0.3465 0.3625 0.3625 0.3625 0.367 0.367 0.3825 0.3825 0.366 0.366 0.366 0.3665 0.3665 0.3885 0.3885 0.3735 0.3735 0.3735 0.344 0.344 0.327 0.327 0.297 0.297 0.2735 0.2735 0.2735 0.2355 0.2355 0.229 0.229 0.2195 0.2195 0.2195 0.328 0.328 0.3675 0.3675 0.3585 0.3585 0.3585 0.338 0.338 0.332 0.332 0.3185 0.3185 0.3185 0.2855 0.2855 0.343
0.422 0.447 0.447 0.3785 0.3785 0.354 0.354 0.354 0.441 0.441 0.371 0.371 0.3435 0.3435 0.32 0.32 0.32 0.3335 0.3335 0.3606 0.3606 0.3575 0.3575 0.3575 0.3535 0.3535 0.3465 0.3465 0.3625 0.3625 0.3625 0.367 0.367 0.3825 0.3825 0.366 0.366 0.366 0.3665 0.3665 0.3885 0.3885 0.3735 0.3735 0.3735 0.344 0.344 0.327 0.327 0.297 0.297 0.2735 0.2735 0.2735 0.2355 0.2355 0.229 0.229 0.2195 0.2195 0.2195 0.328 0.328 0.3675 0.3675 0.3585 0.3585 0.3585 0.338 0.338 0.332 0.332 0.3185 0.3185 0.3185 0.2855 0.2855 0.343
0.4405 0.391 0.391 0.382 0.382 0.4565 0.4565 0.4565 0.389 0.389 0.3905 0.3905 0.3745 0.3745 0.353 0.353 0.353 0.352 0.352 0.366 0.366 0.3505 0.3505 0.3505 0.3785 0.3785 0.3985 0.3985 0.399 0.399 0.399 0.3745 0.3745 0.378 0.378 0.3745 0.3745 0.3745 0.383 0.383 0.37 0.37 0.3395 0.3395 0.3395 0.3845 0.3845 0.383 0.383 0.3495 0.3495 0.3555 0.3555 0.3555 0.351 0.351 0.3245 0.3245 0.296 0.296 0.296 0.2555 0.2555 0.3205 0.3205 0.3635 0.3635 0.3635 0.4925 0.4925 0.3505 0.3505 0.389 0.389 0.389 0.3665 0.3665 0.3485
0.4405 0.391 0.391 0.382 0.382 0.4565 0.4565 0.4565 0.389 0.389 0.3905 0.3905 0.3745 0.3745 0.353 0.353 0.353 0.352 0.352 0.366 0.366 0.3505 0.3505 0.3505 0.3785 0.3785 0.3985 0.3985 0.399 0.399 0.399 0.3745 0.3745 0.378 0.378 0.3745 0.3745 0.3745 0.383 0.383 0.37 0.37 0.3395 0.3395 0.3395 0.3845 0.3845 0.383 0.383 0.3495 0.3495 0.3555 0.3555 0.3555 0.351 0.351 0.3245 0.3245 0.296 0.296 0.296 0.2555 0.2555 0.3205 0.3205 0.3635 0.3635 0.3635 0.4925 0.4925 0.3505 0.3505 0.389 0.389 0.389 0.3665 0.3665 0.3485
0.4235 0.4226 0.4226 0.3725 0.3725 0.3845 0.3845 0.3845 0.375 0.375 0.3755 0.3755 0.3775 0.3775 0.3975 0.3975 0.3975 0.357 0.357 0.3395 0.3395 0.3275 0.3275 0.3275 0.3961 0.3961 0.3605 0.3605 0.36 0.36 0.36 0.351 0.351 0.3785 0.3785 0.3845 0.3845 0.3845 0.4345 0.4345 0.406 0.406 0.3865 0.3865 0.3865 0.3795 0.3795 0.3905 0.3905 0.3865 0.3865 0.3785 0.3785 0.3785 0.358 0.358 0.3345 0.3345 0.3445 0.3445 0.3445 0.3005 0.3005 0.3405 0.3405 0.369 0.369 0.369 0.456 0.456 0.44 0.44 0.387 0.387 0.387 0.3865 0.3865 0.3865
0.4235 0.4226 0.4226 0.3725 0.3725 0.3845 0.3845 0.3845 0.375 0.375 0.3755 0.3755 0.3775 0.3775 0.3975 0.3975 0.3975 0.357 0.357 0.3395 0.3395 0.3275 0.3275 0.3275 0.3961 0.3961 0.3605 0.3605 0.36 0.36 0.36 0.351 0.351 0.3785 0.3785 0.3845 0.3845 0.3845 0.4345 0.4345 0.406 0.406 0.3865 0.3865 0.3865 0.3795 0.3795 0.3905 0.3905 0.3865 0.3865 0.3785 0.3785 0.3785 0.358 0.358 0.3345 0.3345 0.3445 0.3445 0.3445 0.3005 0.3005 0.3405 0.3405 0.369 0.369 0.369 0.456 0.456 0.44 0.44 0.387 0.387 0.387 0.3865 0.3865 0.3865
0.413 0.3975 0.3975 0.383 0.383 0.4005 0.4005 0.4005 0.384 0.384 0.3625 0.3625 0.3775 0.3775 0.4121 0.4121 0.4121 0.384 0.384 0.403 0.403 0.4005 0.4005 0.4005 0.405 0.405 0.3955 0.3955 0.4115 0.4115 0.4115 0.4345 0.4345 0.45 0.45 0.4065 0.4065 0.4065 0.394 0.394 0.398 0.398 0.428 0.428 0.428 0.4675 0.4675 0.44 0.44 0.43 0.43 0.429 0.429 0.429 0.351 0.351 0.3705 0.3705 0.3455 0.3455 0.3455 0.331 0.331 0.349 0.349 0.366 0.366 0.366 0.411 0.411 0.3765 0.3765 0.3765 0.3765 0.3765 0.3465 0.3465 0.344
