ndvi/NOAA-9.asc
ncols         252
nrows         154
xllcorner     -18.017974
yllcorner     13.481982
cellsize      0.035948
NODATA_value  -9999
[rows 70 to 104 of 154, columns 0 to 76 of 252]
-1 -1 -1 -1 -1 -1 -1 -1 -1 -1 -1 -1 -1 -1 -1 -1 -1 -1 -1 -1 -1 -1 -1 -1 -1 -1 -1 -1 -1 -1 -1 -1 -1 -1 -1 -1 -1 -1 -1 0.254 0.254 0.254 0.335 0.335 0.351 0.351 0.307 0.307 0.307 0.2825 0.2825 0.2745 0.2745 0.2945 0.2945 0.3115 0.3115 0.3115 0.378 0.378 0.4335 0.4335 0.4335 0.4335 0.4335 0.3575 0.3575 0.333 0.333 0.289 0.289 0.289 0.2625 0.2625 0.262 0.262 0.2705
-1 -1 -1 -1 -1 -1 -1 -1 -1 -1 -1 -1 -1 -1 -1 -1 -1 -1 -1 -1 -1 -1 -1 -1 -1 -1 -1 -1 -1 -1 -1 -1 -1 -1 -1 -1 -1 0.08660001 0.08660001 0.201 0.201 0.201 0.3195 0.3195 0.3355 0.3355 0.2785 0.2785 0.2785 0.237 0.237 0.219 0.219 0.256 0.256 0.2355 0.2355 0.2355 0.2925 0.2925 0.368 0.368 0.368 0.368 0.368 0.3285 0.3285 0.337 0.337 0.3425 0.3425 0.3425 0.317 0.317 0.299 0.299 0.265
-1 -1 -1 -1 -1 -1 -1 -1 -1 -1 -1 -1 -1 -1 -1 -1 -1 -1 -1 -1 -1 -1 -1 -1 -1 -1 -1 -1 -1 -1 -1 -1 -1 -1 -1 -1 -1 0.08660001 0.08660001 0.201 0.201 0.201 0.3195 0.3195 0.3355 0.3355 0.2785 0.2785 0.2785 0.237 0.237 0.219 0.219 0.256 0.256 0.2355 0.2355 0.2355 0.2925 0.2925 0.368 0.368 0.368 0.368 0.368 0.3285 0.3285 0.337 0.337 0.3425 0.3425 0.3425 0.317 0.317 0.299 0.299 0.265
-1 -1 -1 -1 -1 -1 -1 -1 -1 -1 -1 -1 -1 -1 -1 -1 -1 -1 -1 -1 -1 -1 -1 -1 -1 -1 -1 -1 -1 -1 -1 -1 -1 -1 -1 -1 -1 0.08660001 0.08660001 0.201 0.201 0.201 0.3195 0.3195 0.3355 0.3355 0.2785 0.2785 0.2785 0.237 0.237 0.219 0.219 0.256 0.256 0.2355 0.2355 0.2355 0.2925 0.2925 0.368 0.368 0.368 0.368 0.368 0.3285 0.3285 0.337 0.337 0.3425 0.3425 0.3425 0.317 0.317 0.299 0.299 0.265
-1 -1 -1 -1 -1 -1 -1 -1 -1 -1 -1 -1 -1 -1 -1 -1 -1 -1 -1 -1 -1 -1 -1 -1 -1 -1 -1 -1 -1 -1 -1 -1 -1 -1 -1 -1 -1 0.061 0.061 0.225 0.225 0.225 0.2655 0.2655 0.298 0.298 0.2675 0.2675 0.2675 0.2585 0.2585 0.293 0.293 0.2575 0.2575 0.31 0.31 0.31 0.27 0.27 0.3145 0.3145 0.3145 0.3145 0.3145 0.3485 0.3485 0.3545 0.3545 0.3405 0.3405 0.3405 0.366 0.366 0.3855 0.3855 0.42
-1 -1 -1 -1 -1 -1 -1 -1 -1 -1 -1 -1 -1 -1 -1 -1 -1 -1 -1 -1 -1 -1 -1 -1 -1 -1 -1 -1 -1 -1 -1 -1 -1 -1 -1 -1 -1 0.061 0.061 0.225 0.225 0.225 0.2655 0.2655 0.298 0.298 0.2675 0.2675 0.2675 0.2585 0.2585 0.293 0.293 0.2575 0.2575 0.31 0.31 0.31 0.27 0.27 0.3145 0.3145 0.3145 0.3145 0.3145 0.3485 0.3485 0.3545 0.3545 0.3405 0.3405 0.3405 0.366 0.366 0.3855 0.3855 0.42
-1 -1 -1 -1 -1 -1 -1 -1 -1 -1 -1 -1 -1 -1 -1 -1 -1 -1 -1 -1 -1 -1 -1 -1 -1 -1 -1 -1 -1 -1 -1 -1 -1 -1 -1 -1 -1 0.015 0.015 0.172 0.172 0.172 0.312 0.312 0.314 0.314 0.3295 0.3295 0.3295 0.336 0.336 0.322 0.322 0.325 0.325 0.295 0.295 0.295 0.339 0.339 0.355 0.355 0.355 0.355 0.355 0.365 0.365 0.438 0.438 0.408 0.408 0.408 0.3515 0.3515 0.3505 0.3505 0.382
-1 -1 -1 -1 -1 -1 -1 -1 -1 -1 -1 -1 -1 -1 -1 -1 -1 -1 -1 -1 -1 -1 -1 -1 -1 -1 -1 -1 -1 -1 -1 -1 -1 -1 -1 -1 -1 0.015 0.015 0.172 0.172 0.172 0.312 0.312 0.314 0.314 0.3295 0.3295 0.3295 0.336 0.336 0.322 0.322 0.325 0.325 0.295 0.295 0.295 0.339 0.339 0.355 0.355 0.355 0.355 0.355 0.365 0.365 0.438 0.438 0.408 0.408 0.408 0.3515 0.3515 0.3505 0.3505 0.382
-1 -1 -1 -1 -1 -1 -1 -1 -1 -1 -1 -1 -1 -1 -1 -1 -1 -1 -1 -1 -1 -1 -1 -1 -1 -1 -1 -1 -1 -1 -1 -1 -1 -1 -1 -1 -1 0.0392 0.0392 0.146 0.146 0.146 0.2595 0.2595 0.323 0.323 0.318 0.318 0.318 0.3275 0.3275 0.317 0.317 0.3175 0.3175 0.318 0.318 0.318 0.3255 0.3255 0.3395 0.3395 0.3395 0.3395 0.3395 0.381 0.381 0.375 0.375 0.3555 0.3555 0.3555 0.327 0.327 0.3315 0.3315 0.3475
-1 -1 -1 -1 -1 -1 -1 -1 -1 -1 -1 -1 -1 -1 -1 -1 -1 -1 -1 -1 -1 -1 -1 -1 -1 -1 -1 -1 -1 -1 -1 -1 -1 -1 -1 -1 -1 0.0392 0.0392 0.146 0.146 0.146 0.2595 0.2595 0.323 0.323 0.318 0.318 0.318 0.3275 0.3275 0.317 0.317 0.3175 0.3175 0.318 0.318 0.318 0.3255 0.3255 0.3395 0.3395 0.3395 0.3395 0.3395 0.381 0.381 0.375 0.375 0.3555 0.3555 0.3555 0.327 0.327 0.3315 0.3315 0.3475
-1 -1 -1 -1 -1 -1 -1 -1 -1 -1 -1 -1 -1 -1 -1 -1 -1 -1 -1 -1 -1 -1 -1 -1 -1 -1 -1 -1 -1 -1 -1 -1 -1 -1 -1 -1 -1 0.0157 0.0157 0.2215 0.2215 0.2215 0.3125 0.3125 0.329 0.329 0.347 0.347 0.347 0.3145 0.3145 0.3275 0.3275 0.3455 0.3455 0.3165 0.3165 0.3165 0.3295 0.3295 0.355 0.355 0.355 0.355 0.355 0.3505 0.3505 0.33 0.33 0.314 0.314 0.314 0.326 0.326 0.353 0.353 0.3465
-1 -1 -1 -1 -1 -1 -1 -1 -1 -1 -1 -1 -1 -1 -1 -1 -1 -1 -1 -1 -1 -1 -1 -1 -1 -1 -1 -1 -1 -1 -1 -1 -1 -1 -1 -1 -1 0.0157 0.0157 0.2215 0.2215 0.2215 0.3125 0.3125 0.329 0.329 0.347 0.347 0.347 0.3145 0.3145 0.3275 0.3275 0.3455 0.3455 0.3165 0.3165 0.3165 0.3295 0.3295 0.355 0.355 0.355 0.355 0.355 0.3505 0.3505 0.33 0.33 0.314 0.314 0.314 0.326 0.326 0.353 0.353 0.3465
-1 -1 -1 -1 -1 -1 -1 -1 -1 -1 -1 -1 -1 -1 -1 -1 -1 -1 -1 -1 -1 -1 -1 -1 -1 -1 -1 -1 -1 -1 -1 -1 -1 -1 -1 -1 -1 0.0157 0.0157 0.2215 0.2215 0.2215 0.3125 0.3125 0.329 0.329 0.347 0.347 0.347 0.3145 0.3145 0.3275 0.3275 0.3455 0.3455 0.3165 0.3165 0.3165 0.3295 0.3295 0.355 0.355 0.355 0.355 0.355 0.3505 0.3505 0.33 0.33 0.314 0.314 0.314 0.326 0.326 0.353 0.353 0.3465
-1 -1 -1 -1 -1 -1 -1 -1 -1 -1 -1 -1 -1 -1 -1 -1 -1 -1 -1 -1 -1 -1 -1 -1 -1 -1 -1 -1 -1 -1 -1 -1 -1 -1 -1 -1 -1 0.04 0.04 0.2855 0.2855 0.2855 0.316 0.316 0.3225 0.3225 0.3775 0.3775 0.3775 0.3985 0.3985 0.352 0.352 0.341 0.341 0.323 0.323 0.323 0.3445 0.3445 0.361 0.361 0.361 0.361 0.361 0.361 0.361 0.3645 0.3645 0.3335 0.3335 0.3335 0.319 0.319 0.342 0.342 0.359
-1 -1 -1 -1 -1 -1 -1 -1 -1 -1 -1 -1 -1 -1 -1 -1 -1 -1 -1 -1 -1 -1 -1 -1 -1 -1 -1 -1 -1 -1 -1 -1 -1 -1 -1 -1 -1 0.04 0.04 0.2855 0.2855 0.2855 0.316 0.316 0.3225 0.3225 0.3775 0.3775 0.3775 0.3985 0.3985 0.352 0.352 0.341 0.341 0.323 0.323 0.323 0.3445 0.3445 0.361 0.361 0.361 0.361 0.361 0.361 0.361 0.3645 0.3645 0.3335 0.3335 0.3335 0.319 0.319 0.342 0.342 0.359
-1 -1 -1 -1 -1 -1 -1 -1 -1 -1 -1 -1 -1 -1 -1 -1 -1 -1 -1 -1 -1 -1 -1 -1 -1 -1 -1 -1 -1 -1 -1 -1 -1 -1 -1 -1 -1 0.1531 0.1531 0.342 0.342 0.342 0.368 0.368 0.3255 0.3255 0.3675 0.3675 0.3675 0.3285 0.3285 0.319 0.319 0.337 0.337 0.3345 0.3345 0.3345 0.3185 0.3185 0.345 0.345 0.345 0.345 0.345 0.352 0.352 0.3735 0.3735 0.3675 0.3675 0.3675 0.385 0.385 0.4085 0.4085 0.4215
-1 -1 -1 -1 -1 -1 -1 -1 -1 -1 -1 -1 -1 -1 -1 -1 -1 -1 -1 -1 -1 -1 -1 -1 -1 -1 -1 -1 -1 -1 -1 -1 -1 -1 -1 -1 -1 0.1531 0.1531 0.342 0.342 0.342 0.368 0.368 0.3255 0.3255 0.3675 0.3675 0.3675 0.3285 0.3285 0.319 0.319 0.337 0.337 0.3345 0.3345 0.3345 0.3185 0.3185 0.345 0.345 0.345 0.345 0.345 0.352 0.352 0.3735 0.3735 0.3675 0.3675 0.3675 0.385 0.385 0.4085 0.4085 0.4215
-1 -1 -1 -1 -1 -1 -1 -1 -1 -1 -1 -1 -1 -1 -1 -1 -1 -1 -1 -1 -1 -1 -1 -1 -1 -1 -1 -1 -1 -1 -1 -1 -1 -1 -1 0.0246 0.0246 0.243 0.243 0.346 0.346 0.346 0.3805 0.3805 0.3835 0.3835 0.328 0.328 0.328 0.3305 0.3305 0.3225 0.3225 0.3115 0.3115 0.3315 0.3315 0.3315 0.3645 0.3645 0.385 0.385 0.385 0.385 0.385 0.39 0.39 0.4705 0.4705 0.5145 0.5145 0.5145 0.4485 0.4485 0.4625 0.4625 0.5025
-1 -1 -1 -1 -1 -1 -1 -1 -1 -1 -1 -1 -1 -1 -1 -1 -1 -1 -1 -1 -1 -1 -1 -1 -1 -1 -1 -1 -1 -1 -1 -1 -1 -1 -1 0.0246 0.0246 0.243 0.243 0.346 0.346 0.346 0.3805 0.3805 0.3835 0.3835 0.328 0.328 0.328 0.3305 0.3305 0.3225 0.3225 0.3115 0.3115 0.3315 0.3315 0.3315 0.3645 0.3645 0.385 0.385 0.385 0.385 0.385 0.39 0.39 0.4705 0.4705 0.5145 0.5145 0.5145 0.4485 0.4485 0.4625 0.4625 0.5025
-1 -1 -1 -1 -1 -1 -1 -1 -1 -1 -1 -1 -1 -1 -1 -1 -1 -1 -1 -1 -1 -1 -1 -1 -1 -1 -1 -1 -1 -1 -1 -1 -1 -1 -1 0.0246 0.0246 0.243 0.243 0.346 0.346 0.346 0.3805 0.3805 0.3835 0.3835 0.328 0.328 0.328 0.3305 0.3305 0.3225 0.3225 0.3115 0.3115 0.3315 0.3315 0.3315 0.3645 0.3645 0.385 0.385 0.385 0.385 0.385 0.39 0.39 0.4705 0.4705 0.5145 0.5145 0.5145 0.4485 0.4485 0.4625 0.4625 0.5025
-1 -1 -1 -1 -1 -1 -1 -1 -1 -1 -1 -1 -1 -1 -1 -1 -1 -1 -1 -1 -1 -1 -1 -1 -1 -1 -1 -1 -1 -1 -1 -1 -1 -1 -1 0.137 0.137 0.365 0.365 0.3625 0.3625 0.3625 0.386 0.386 0.3705 0.3705 0.391 0.391 0.391 0.3835 0.3835 0.378 0.378 0.395 0.395 0.3695 0.3695 0.3695 0.4085 0.4085 0.4565 0.4565 0.4565 0.4565 0.4565 0.4975 0.4975 0.473 0.473 0.5125 0.5125 0.5125 0.4945 0.4945 0.4785 0.4785 0.4905
-1 -1 -1 -1 -1 -1 -1 -1 -1 -1 -1 -1 -1 -1 -1 -1 -1 -1 -1 -1 -1 -1 -1 -1 -1 -1 -1 -1 -1 -1 -1 -1 -1 -1 -1 0.137 0.137 0.365 0.365 0.3625 0.3625 0.3625 0.386 0.386 0.3705 0.3705 0.391 0.391 0.391 0.3835 0.3835 0.378 0.378 0.395 0.395 0.3695 0.3695 0.3695 0.4085 0.4085 0.4565 0.4565 0.4565 0.4565 0.4565 0.4975 0.4975 0.473 0.473 0.5125 0.5125 0.5125 0.4945 0.4945 0.4785 0.4785 0.4905
-1 -1 -1 -1 -1 -1 -1 -1 -1 -1 -1 -1 -1 -1 -1 -1 -1 -1 -1 -1 -1 -1 -1 -1 -1 -1 -1 -1 -1 -1 -1 -1 0.1102 0.1102 0.1102 0.41 0.41 0.3825 0.3825 0.395 0.395 0.395 0.3575 0.3575 0.355 0.355 0.4025 0.4025 0.4025 0.3855 0.3855 0.3725 0.3725 0.417 0.417 0.408 0.408 0.408 0.3895 0.3895 0.423 0.423 0.423 0.423 0.423 0.487 0.487 0.5105 0.5105 0.539 0.539 0.539 0.5925 0.5925 0.5025 0.5025 0.504
-1 -1 -1 -1 -1 -1 -1 -1 -1 -1 -1 -1 -1 -1 -1 -1 -1 -1 -1 -1 -1 -1 -1 -1 -1 -1 -1 -1 -1 -1 -1 -1 0.1102 0.1102 0.1102 0.41 0.41 0.3825 0.3825 0.395 0.395 0.395 0.3575 0.3575 0.355 0.355 0.4025 0.4025 0.4025 0.3855 0.3855 0.3725 0.3725 0.417 0.417 0.408 0.408 0.408 0.3895 0.3895 0.423 0.423 0.423 0.423 0.423 0.487 0.487 0.5105 0.5105 0.539 0.539 0.539 0.5925 0.5925 0.5025 0.5025 0.504
-1 -1 -1 -1 -1 -1 -1 -1 -1 -1 -1 -1 -1 -1 -1 -1 -1 -1 -1 -1 -1 -1 -1 -1 -1 -1 -1 -1 -1 -1 0.0267 0.0267 0.388 0.388 0.388 0.375 0.375 0.37 0.37 0.359 0.359 0.359 0.352 0.352 0.3465 0.3465 0.3785 0.3785 0.3785 0.355 0.355 0.387 0.387 0.413 0.413 0.409 0.409 0.409 0.4295 0.4295 0.494 0.494 0.494 0.494 0.494 0.507 0.507 0.4905 0.4905 0.513 0.513 0.513 0.4975 0.4975 0.493 0.493 0.5025
-1 -1 -1 -1 -1 -1 -1 -1 -1 -1 -1 -1 -1 -1 -1 -1 -1 -1 -1 -1 -1 -1 -1 -1 -1 -1 -1 -1 -1 -1 0.0267 0.0267 0.388 0.388 0.388 0.375 0.375 0.37 0.37 0.359 0.359 0.359 0.352 0.352 0.3465 0.3465 0.3785 0.3785 0.3785 0.355 0.355 0.387 0.387 0.413 0.413 0.409 0.409 0.409 0.4295 0.4295 0.494 0.494 0.494 0.494 0.494 0.507 0.507 0.4905 0.4905 0.513 0.513 0.513 0.4975 0.4975 0.493 0.493 0.5025
-1 -1 -1 -1 -1 -1 -1 -1 -1 -1 -1 -1 -1 -1 -1 -1 -1 -1 -1 -1 -1 -1 -1 -1 -1 -1 -1 -1 -1 -1 0.0267 0.0267 0.388 0.388 0.388 0.375 0.375 0.37 0.37 0.359 0.359 0.359 0.352 0.352 0.3465 0.3465 0.3785 0.3785 0.3785 0.355 0.355 0.387 0.387 0.413 0.413 0.409 0.409 0.409 0.4295 0.4295 0.494 0.494 0.494 0.494 0.494 0.507 0.507 0.4905 0.4905 0.513 0.513 0.513 0.4975 0.4975 0.493 0.493 0.5025
-1 -1 -1 -1 -1 -1 -1 -1 -1 -1 -1 -1 -1 -1 -1 -1 -1 -1 -1 -1 -1 -1 -1 -1 -1 -1 -1 -1 -1 -1 0.2281 0.2281 0.3425 0.3425 0.3425 0.3625 0.3625 0.4145 0.4145 0.3845 0.3845 0.3845 0.394 0.394 0.4015 0.4015 0.3685 0.3685 0.3685 0.404 0.404 0.43 0.43 0.4545 0.4545 0.465 0.465 0.465 0.515 0.515 0.52 0.52 0.52 0.52 0.52 0.544 0.544 0.5285 0.5285 0.4925 0.4925 0.4925 0.511 0.511 0.5215 0.5215 0.4345
-1 -1 -1 -1 -1 -1 -1 -1 -1 -1 -1 -1 -1 -1 -1 -1 -1 -1 -1 -1 -1 -1 -1 -1 -1 -1 -1 -1 -1 -1 0.2281 0.2281 0.3425 0.3425 0.3425 0.3625 0.3625 0.4145 0.4145 0.3845 0.3845 0.3845 0.394 0.394 0.4015 0.4015 0.3685 0.3685 0.3685 0.404 0.404 0.43 0.43 0.4545 0.4545 0.465 0.465 0.465 0.515 0.515 0.52 0.52 0.52 0.52 0.52 0.544 0.544 0.5285 0.5285 0.4925 0.4925 0.4925 0.511 0.511 0.5215 0.5215 0.4345
-1 -1 -1 -1 -1 -1 -1 -1 -1 -1 -1 -1 -1 -1 -1 -1 -1 -1 -1 -1 -1 -1 -1 -1 -1 -1 -1 -1 0.07269999 0.07269999 0.3 0.3 0.36 0.36 0.36 0.385 0.385 0.369 0.369 0.3805 0.3805 0.3805 0.3865 0.3865 0.3835 0.3835 0.393 0.393 0.393 0.4085 0.4085 0.436 0.436 0.4815 0.4815 0.516 0.516 0.516 0.5525 0.5525 0.5325 0.5325 0.5325 0.5325 0.5325 0.556 0.556 0.533 0.533 0.4785 0.4785 0.4785 0.485 0.485 0.4945 0.4945 0.455
-1 -1 -1 -1 -1 -1 -1 -1 -1 -1 -1 -1 -1 -1 -1 -1 -1 -1 -1 -1 -1 -1 -1 -1 -1 -1 -1 -1 0.07269999 0.07269999 0.3 0.3 0.36 0.36 0.36 0.385 0.385 0.369 0.369 0.3805 0.3805 0.3805 0.3865 0.3865 0.3835 0.3835 0.393 0.393 0.393 0.4085 0.4085 0.436 0.436 0.4815 0.4815 0.516 0.516 0.516 0.5525 0.5525 0.5325 0.5325 0.5325 0.5325 0.5325 0.556 0.556 0.533 0.533 0.4785 0.4785 0.4785 0.485 0.485 0.4945 0.4945 0.455
-1 -1 -1 -1 -1 -1 -1 -1 -1 -1 -1 -1 -1 -1 -1 -1 -1 -1 -1 -1 -1 -1 -1 -1 -1 0.0115 0.0115 0.0115 0.16 0.16 0.3685 0.3685 0.398 0.398 0.398 0.3665 0.3665 0.409 0.409 0.4035 0.4035 0.4035 0.437 0.437 0.4 0.4 0.399 0.399 0.399 0.414 0.414 0.4735 0.4735 0.513 0.513 0.5185 0.5185 0.5185 0.52 0.52 0.592 0.592 0.592 0.592 0.592 0.577 0.577 0.577 0.577 0.548 0.548 0.548 0.549 0.549 0.557 0.557 0.5005
-1 -1 -1 -1 -1 -1 -1 -1 -1 -1 -1 -1 -1 -1 -1 -1 -1 -1 -1 -1 -1 -1 -1 -1 -1 0.0115 0.0115 0.0115 0.16 0.16 0.3685 0.3685 0.398 0.398 0.398 0.3665 0.3665 0.409 0.409 0.4035 0.4035 0.4035 0.437 0.437 0.4 0.4 0.399 0.399 0.399 0.414 0.414 0.4735 0.4735 0.513 0.513 0.5185 0.5185 0.5185 0.52 0.52 0.592 0.592 0.592 0.592 0.592 0.577 0.577 0.577 0.577 0.548 0.548 0.548 0.549 0.549 0.557 0.557 0.5005
-1 -1 -1 -1 -1 -1 -1 -1 -1 -1 -1 -1 -1 -1 -1 -1 -1 -1 -1 -1 -1 -1 -1 0.0576 0.0576 0.2895 0.2895 0.2895 0.3965 0.3965 0.373 0.373 0.3755 0.3755 0.3755 0.4315 0.4315 0.408 0.408 0.4415 0.4415 0.4415 0.4515 0.4515 0.4375 0.4375 0.4575 0.4575 0.4575 0.453 0.453 0.4405 0.4405 0.481 0.481 0.5335 0.5335 0.5335 0.5815 0.5815 0.552 0.552 0.552 0.552 0.552 0.5685 0.5685 0.5775 0.5775 0.5865 0.5865 0.5865 0.5605 0.5605 0.5305 0.5305 0.501
-1 -1 -1 -1 -1 -1 -1 -1 -1 -1 -1 -1 -1 -1 -1 -1 -1 -1 -1 -1 -1 -1 -1 0.0576 0.0576 0.2895 0.2895 0.2895 0.3965 0.3965 0.373 0.373 0.3755 0.3755 0.3755 0.4315 0.4315 0.408 0.408 0.4415 0.4415 0.4415 0.4515 0.4515 0.4375 0.4375 0.4575 0.4575 0.4575 0.453 0.453 0.4405 0.4405 0.481 0.481 0.5335 0.5335 0.5335 0.5815 0.5815 0.552 0.552 0.552 0.552 0.552 0.5685 0.5685 0.5775 0.5775 0.5865 0.5865 0.5865 0.5605 0.5605 0.5305 0.5305 0.501
