ndvi/NOAA-100.asc
ncols         252
nrows         154
xllcorner     -18.017974
yllcorner     13.481982
cellsize      0.035948
NODATA_value  -9999
[rows 68 to 101 of 154, columns 0 to 76 of 252]
-1 -1 -1 -1 -1 -1 -1 -1 -1 -1 -1 -1 -1 -1 -1 -1 -1 -1 -1 -1 -1 -1 -1 -1 -1 -1 -1 -1 -1 -1 -1 -1 -1 -1 -1 -1 -1 -1 -1 0.1985 0.1985 0.1985 0.1795 0.1795 0.3235 0.3235 0.313 0.313 0.313 0.2565 0.2565 0.274 0.274 0.261 0.261 0.2515 0.2515 0.2515 0.314 0.314 0.314 0.314 0.314 0.314 0.314 0.288 0.288 0.281 0.281 0.1995 0.1995 0.1995 0.1975 0.1975 0.1935 0.1935 0.192
-1 -1 -1 -1 -1 -1 -1 -1 -1 -1 -1 -1 -1 -1 -1 -1 -1 -1 -1 -1 -1 -1 -1 -1 -1 -1 -1 -1 -1 -1 -1 -1 -1 -1 -1 -1 -1 -1 -1 0.219 0.219 0.219 0.265 0.265 0.37 0.37 0.279 0.279 0.279 0.3045 0.3045 0.2905 0.2905 0.242 0.242 0.182 0.182 0.182 0.348 0.348 0.3805 0.3805 0.3805 0.3805 0.3805 0.2675 0.2675 0.225 0.225 0.193 0.193 0.193 0.1875 0.1875 0.195 0.195 0.2015
-1 -1 -1 -1 -1 -1 -1 -1 -1 -1 -1 -1 -1 -1 -1 -1 -1 -1 -1 -1 -1 -1 -1 -1 -1 -1 -1 -1 -1 -1 -1 -1 -1 -1 -1 -1 -1 -1 -1 0.219 0.219 0.219 0.265 0.265 0.37 0.37 0.279 0.279 0.279 0.3045 0.3045 0.2905 0.2905 0.242 0.242 0.182 0.182 0.182 0.348 0.348 0.3805 0.3805 0.3805 0.3805 0.3805 0.2675 0.2675 0.225 0.225 0.193 0.193 0.193 0.1875 0.1875 0.195 0.195 0.2015
-1 -1 -1 -1 -1 -1 -1 -1 -1 -1 -1 -1 -1 -1 -1 -1 -1 -1 -1 -1 -1 -1 -1 -1 -1 -1 -1 -1 -1 -1 -1 -1 -1 -1 -1 -1 -1 0.0711 0.0711 0.16 0.16 0.16 0.29 0.29 0.2995 0.2995 0.287 0.287 0.287 0.2475 0.2475 0.2255 0.2255 0.212 0.212 0.184 0.184 0.184 0.2275 0.2275 0.2695 0.2695 0.2695 0.2695 0.2695 0.2225 0.2225 0.2225 0.2225 0.2035 0.2035 0.2035 0.202 0.202 0.2105 0.2105 0.2085
-1 -1 -1 -1 -1 -1 -1 -1 -1 -1 -1 -1 -1 -1 -1 -1 -1 -1 -1 -1 -1 -1 -1 -1 -1 -1 -1 -1 -1 -1 -1 -1 -1 -1 -1 -1 -1 0.0711 0.0711 0.16 0.16 0.16 0.29 0.29 0.2995 0.2995 0.287 0.287 0.287 0.2475 0.2475 0.2255 0.2255 0.212 0.212 0.184 0.184 0.184 0.2275 0.2275 0.2695 0.2695 0.2695 0.2695 0.2695 0.2225 0.2225 0.2225 0.2225 0.2035 0.2035 0.2035 0.202 0.202 0.2105 0.2105 0.2085
-1 -1 -1 -1 -1 -1 -1 -1 -1 -1 -1 -1 -1 -1 -1 -1 -1 -1 -1 -1 -1 -1 -1 -1 -1 -1 -1 -1 -1 -1 -1 -1 -1 -1 -1 -1 -1 0.0711 0.0711 0.16 0.16 0.16 0.29 0.29 0.2995 0.2995 0.287 0.287 0.287 0.2475 0.2475 0.2255 0.2255 0.212 0.212 0.184 0.184 0.184 0.2275 0.2275 0.2695 0.2695 0.2695 0.2695 0.2695 0.2225 0.2225 0.2225 0.2225 0.2035 0.2035 0.2035 0.202 0.202 0.2105 0.2105 0.2085
-1 -1 -1 -1 -1 -1 -1 -1 -1 -1 -1 -1 -1 -1 -1 -1 -1 -1 -1 -1 -1 -1 -1 -1 -1 -1 -1 -1 -1 -1 -1 -1 -1 -1 -1 -1 -1 0.0141 0.0141 0.157 0.157 0.157 0.27 0.27 0.277 0.277 0.2375 0.2375 0.2375 0.2205 0.2205 0.214 0.214 0.1825 0.1825 0.1955 0.1955 0.1955 0.189 0.189 0.2225 0.2225 0.2225 0.2225 0.2225 0.2215 0.2215 0.215 0.215 0.221 0.221 0.221 0.208 0.208 0.218 0.218 0.2085
-1 -1 -1 -1 -1 -1 -1 -1 -1 -1 -1 -1 -1 -1 -1 -1 -1 -1 -1 -1 -1 -1 -1 -1 -1 -1 -1 -1 -1 -1 -1 -1 -1 -1 -1 -1 -1 0.0141 0.0141 0.157 0.157 0.157 0.27 0.27 0.277 0.277 0.2375 0.2375 0.2375 0.2205 0.2205 0.214 0.214 0.1825 0.1825 0.1955 0.1955 0.1955 0.189 0.189 0.2225 0.2225 0.2225 0.2225 0.2225 0.2215 0.2215 0.215 0.215 0.221 0.221 0.221 0.208 0.208 0.218 0.218 0.2085
-1 -1 -1 -1 -1 -1 -1 -1 -1 -1 -1 -1 -1 -1 -1 -1 -1 -1 -1 -1 -1 -1 -1 -1 -1 -1 -1 -1 -1 -1 -1 -1 -1 -1 -1 -1 -1 -0.0043 -0.0043 0.1575 0.1575 0.1575 0.249 0.249 0.26 0.26 0.209 0.209 0.209 0.21 0.21 0.202 0.202 0.2045 0.2045 0.2125 0.2125 0.2125 0.2115 0.2115 0.2235 0.2235 0.2235 0.2235 0.2235 0.227 0.227 0.2225 0.2225 0.2125 0.2125 0.2125 0.2 0.2 0.205 0.205 0.195
-1 -1 -1 -1 -1 -1 -1 -1 -1 -1 -1 -1 -1 -1 -1 -1 -1 -1 -1 -1 -1 -1 -1 -1 -1 -1 -1 -1 -1 -1 -1 -1 -1 -1 -1 -1 -1 -0.0043 -0.0043 0.1575 0.1575 0.1575 0.249 0.249 0.26 0.26 0.209 0.209 0.209 0.21 0.21 0.202 0.202 0.2045 0.2045 0.2125 0.2125 0.2125 0.2115 0.2115 0.2235 0.2235 0.2235 0.2235 0.2235 0.227 0.227 0.2225 0.2225 0.2125 0.2125 0.2125 0.2 0.2 0.205 0.205 0.195
-1 -1 -1 -1 -1 -1 -1 -1 -1 -1 -1 -1 -1 -1 -1 -1 -1 -1 -1 -1 -1 -1 -1 -1 -1 -1 -1 -1 -1 -1 -1 -1 -1 -1 -1 -1 -1 0.0162 0.0162 0.1875 0.1875 0.1875 0.212 0.212 0.236 0.236 0.213 0.213 0.213 0.2205 0.2205 0.203 0.203 0.2255 0.2255 0.225 0.225 0.225 0.201 0.201 0.202 0.202 0.202 0.202 0.202 0.208 0.208 0.2115 0.2115 0.2055 0.2055 0.2055 0.1985 0.1985 0.186 0.186 0.1965
-1 -1 -1 -1 -1 -1 -1 -1 -1 -1 -1 -1 -1 -1 -1 -1 -1 -1 -1 -1 -1 -1 -1 -1 -1 -1 -1 -1 -1 -1 -1 -1 -1 -1 -1 -1 -1 0.0162 0.0162 0.1875 0.1875 0.1875 0.212 0.212 0.236 0.236 0.213 0.213 0.213 0.2205 0.2205 0.203 0.203 0.2255 0.2255 0.225 0.225 0.225 0.201 0.201 0.202 0.202 0.202 0.202 0.202 0.208 0.208 0.2115 0.2115 0.2055 0.2055 0.2055 0.1985 0.1985 0.186 0.186 0.1965
-1 -1 -1 -1 -1 -1 -1 -1 -1 -1 -1 -1 -1 -1 -1 -1 -1 -1 -1 -1 -1 -1 -1 -1 -1 -1 -1 -1 -1 -1 -1 -1 -1 -1 -1 -1 -1 0.0527 0.0527 0.1985 0.1985 0.1985 0.2305 0.2305 0.218 0.218 0.2135 0.2135 0.2135 0.205 0.205 0.216 0.216 0.225 0.225 0.233 0.233 0.233 0.195 0.195 0.2025 0.2025 0.2025 0.2025 0.2025 0.192 0.192 0.215 0.215 0.214 0.214 0.214 0.2175 0.2175 0.2175 0.2175 0.1925
-1 -1 -1 -1 -1 -1 -1 -1 -1 -1 -1 -1 -1 -1 -1 -1 -1 -1 -1 -1 -1 -1 -1 -1 -1 -1 -1 -1 -1 -1 -1 -1 -1 -1 -1 -1 -1 0.0527 0.0527 0.1985 0.1985 0.1985 0.2305 0.2305 0.218 0.218 0.2135 0.2135 0.2135 0.205 0.205 0.216 0.216 0.225 0.225 0.233 0.233 0.233 0.195 0.195 0.2025 0.2025 0.2025 0.2025 0.2025 0.192 0.192 0.215 0.215 0.214 0.214 0.214 0.2175 0.2175 0.2175 0.2175 0.1925
-1 -1 -1 -1 -1 -1 -1 -1 -1 -1 -1 -1 -1 -1 -1 -1 -1 -1 -1 -1 -1 -1 -1 -1 -1 -1 -1 -1 -1 -1 -1 -1 -1 -1 -1 -1 -1 0.0527 0.0527 0.1985 0.1985 0.1985 0.2305 0.2305 0.218 0.218 0.2135 0.2135 0.2135 0.205 0.205 0.216 0.216 0.225 0.225 0.233 0.233 0.233 0.195 0.195 0.2025 0.2025 0.2025 0.2025 0.2025 0.192 0.192 0.215 0.215 0.214 0.214 0.214 0.2175 0.2175 0.2175 0.2175 0.1925
-1 -1 -1 -1 -1 -1 -1 -1 -1 -1 -1 -1 -1 -1 -1 -1 -1 -1 -1 -1 -1 -1 -1 -1 -1 -1 -1 -1 -1 -1 -1 -1 -1 -1 -1 -1 -1 0.0651 0.0651 0.2135 0.2135 0.2135 0.233 0.233 0.2065 0.2065 0.1935 0.1935 0.1935 0.205 0.205 0.2135 0.2135 0.207 0.207 0.218 0.218 0.218 0.209 0.209 0.211 0.211 0.211 0.211 0.211 0.213 0.213 0.2165 0.2165 0.2175 0.2175 0.2175 0.2275 0.2275 0.2195 0.2195 0.2165
-1 -1 -1 -1 -1 -1 -1 -1 -1 -1 -1 -1 -1 -1 -1 -1 -1 -1 -1 -1 -1 -1 -1 -1 -1 -1 -1 -1 -1 -1 -1 -1 -1 -1 -1 -1 -1 0.0651 0.0651 0.2135 0.2135 0.2135 0.233 0.233 0.2065 0.2065 0.1935 0.1935 0.1935 0.205 0.205 0.2135 0.2135 0.207 0.207 0.218 0.218 0.218 0.209 0.209 0.211 0.211 0.211 0.211 0.211 0.213 0.213 0.2165 0.2165 0.2175 0.2175 0.2175 0.2275 0.2275 0.2195 0.2195 0.2165
-1 -1 -1 -1 -1 -1 -1 -1 -1 -1 -1 -1 -1 -1 -1 -1 -1 -1 -1 -1 -1 -1 -1 -1 -1 -1 -1 -1 -1 -1 -1 -1 -1 -1 -1 -1 -1 0.0705 0.0705 0.257 0.257 0.257 0.2415 0.2415 0.194 0.194 0.2 0.2 0.2 0.221 0.221 0.2145 0.2145 0.2125 0.2125 0.221 0.221 0.221 0.2115 0.2115 0.2205 0.2205 0.2205 0.2205 0.2205 0.2055 0.2055 0.2315 0.2315 0.208 0.208 0.208 0.2215 0.2215 0.2305 0.2305 0.2195
-1 -1 -1 -1 -1 -1 -1 -1 -1 -1 -1 -1 -1 -1 -1 -1 -1 -1 -1 -1 -1 -1 -1 -1 -1 -1 -1 -1 -1 -1 -1 -1 -1 -1 -1 -1 -1 0.0705 0.0705 0.257 0.257 0.257 0.2415 0.2415 0.194 0.194 0.2 0.2 0.2 0.221 0.221 0.2145 0.2145 0.2125 0.2125 0.221 0.221 0.221 0.2115 0.2115 0.2205 0.2205 0.2205 0.2205 0.2205 0.2055 0.2055 0.2315 0.2315 0.208 0.208 0.208 0.2215 0.2215 0.2305 0.2305 0.2195
-1 -1 -1 -1 -1 -1 -1 -1 -1 -1 -1 -1 -1 -1 -1 -1 -1 -1 -1 -1 -1 -1 -1 -1 -1 -1 -1 -1 -1 -1 -1 -1 -1 -1 -1 0.0257 0.0257 0.155 0.155 0.2435 0.2435 0.2435 0.2235 0.2235 0.2065 0.2065 0.2095 0.2095 0.2095 0.215 0.215 0.224 0.224 0.214 0.214 0.2355 0.2355 0.2355 0.2275 0.2275 0.221 0.221 0.221 0.221 0.221 0.219 0.219 0.2195 0.2195 0.2145 0.2145 0.2145 0.2225 0.2225 0.2405 0.2405 0.232
-1 -1 -1 -1 -1 -1 -1 -1 -1 -1 -1 -1 -1 -1 -1 -1 -1 -1 -1 -1 -1 -1 -1 -1 -1 -1 -1 -1 -1 -1 -1 -1 -1 -1 -1 0.0257 0.0257 0.155 0.155 0.2435 0.2435 0.2435 0.2235 0.2235 0.2065 0.2065 0.2095 0.2095 0.2095 0.215 0.215 0.224 0.224 0.214 0.214 0.2355 0.2355 0.2355 0.2275 0.2275 0.221 0.221 0.221 0.221 0.221 0.219 0.219 0.2195 0.2195 0.2145 0.2145 0.2145 0.2225 0.2225 0.2405 0.2405 0.232
-1 -1 -1 -1 -1 -1 -1 -1 -1 -1 -1 -1 -1 -1 -1 -1 -1 -1 -1 -1 -1 -1 -1 -1 -1 -1 -1 -1 -1 -1 -1 -1 -1 -1 -1 0.0257 0.0257 0.155 0.155 0.2435 0.2435 0.2435 0.2235 0.2235 0.2065 0.2065 0.2095 0.2095 0.2095 0.215 0.215 0.224 0.224 0.214 0.214 0.2355 0.2355 0.2355 0.2275 0.2275 0.221 0.221 0.221 0.221 0.221 0.219 0.219 0.2195 0.2195 0.2145 0.2145 0.2145 0.2225 0.2225 0.2405 0.2405 0.232
-1 -1 -1 -1 -1 -1 -1 -1 -1 -1 -1 -1 -1 -1 -1 -1 -1 -1 -1 -1 -1 -1 -1 -1 -1 -1 -1 -1 -1 -1 -1 -1 -1 -1 -1 0.0877 0.0877 0.2385 0.2385 0.218 0.218 0.218 0.2135 0.2135 0.2165 0.2165 0.2205 0.2205 0.2205 0.2295 0.2295 0.2365 0.2365 0.2425 0.2425 0.233 0.233 0.233 0.217 0.217 0.2105 0.2105 0.2105 0.2105 0.2105 0.2175 0.2175 0.236 0.236 0.2355 0.2355 0.2355 0.2305 0.2305 0.2355 0.2355 0.2335
-1 -1 -1 -1 -1 -1 -1 -1 -1 -1 -1 -1 -1 -1 -1 -1 -1 -1 -1 -1 -1 -1 -1 -1 -1 -1 -1 -1 -1 -1 -1 -1 -1 -1 -1 0.0877 0.0877 0.2385 0.2385 0.218 0.218 0.218 0.2135 0.2135 0.2165 0.2165 0.2205 0.2205 0.2205 0.2295 0.2295 0.2365 0.2365 0.2425 0.2425 0.233 0.233 0.233 0.217 0.217 0.2105 0.2105 0.2105 0.2105 0.2105 0.2175 0.2175 0.236 0.236 0.2355 0.2355 0.2355 0.2305 0.2305 0.2355 0.2355 0.2335
-1 -1 -1 -1 -1 -1 -1 -1 -1 -1 -1 -1 -1 -1 -1 -1 -1 -1 -1 -1 -1 -1 -1 -1 -1 -1 -1 -1 -1 -1 -1 -1 0.0387 0.0387 0.0387 0.2205 0.2205 0.23 0.23 0.2115 0.2115 0.2115 0.2125 0.2125 0.221 0.221 0.232 0.232 0.232 0.2325 0.2325 0.2395 0.2395 0.2385 0.2385 0.2315 0.2315 0.2315 0.2415 0.2415 0.238 0.238 0.238 0.238 0.238 0.24 0.24 0.2435 0.2435 0.2345 0.2345 0.2345 0.237 0.237 0.2375 0.2375 0.2305
-1 -1 -1 -1 -1 -1 -1 -1 -1 -1 -1 -1 -1 -1 -1 -1 -1 -1 -1 -1 -1 -1 -1 -1 -1 -1 -1 -1 -1 -1 -1 -1 0.0387 0.0387 0.0387 0.2205 0.2205 0.23 0.23 0.2115 0.2115 0.2115 0.2125 0.2125 0.221 0.221 0.232 0.232 0.232 0.2325 0.2325 0.2395 0.2395 0.2385 0.2385 0.2315 0.2315 0.2315 0.2415 0.2415 0.238 0.238 0.238 0.238 0.238 0.24 0.24 0.2435 0.2435 0.2345 0.2345 0.2345 0.237 0.237 0.2375 0.2375 0.2305
-1 -1 -1 -1 -1 -1 -1 -1 -1 -1 -1 -1 -1 -1 -1 -1 -1 -1 -1 -1 -1 -1 -1 -1 -1 -1 -1 -1 -1 -1 0.0217 0.0217 0.1956 0.1956 0.1956 0.2245 0.2245 0.214 0.214 0.2015 0.2015 0.2015 0.201 0.201 0.2145 0.2145 0.2405 0.2405 0.2405 0.235 0.235 0.232 0.232 0.235 0.235 0.2365 0.2365 0.2365 0.2435 0.2435 0.2445 0.2445 0.2445 0.2445 0.2445 0.2605 0.2605 0.243 0.243 0.2415 0.2415 0.2415 0.2425 0.2425 0.239 0.239 0.232
-1 -1 -1 -1 -1 -1 -1 -1 -1 -1 -1 -1 -1 -1 -1 -1 -1 -1 -1 -1 -1 -1 -1 -1 -1 -1 -1 -1 -1 -1 0.0217 0.0217 0.1956 0.1956 0.1956 0.2245 0.2245 0.214 0.214 0.2015 0.2015 0.2015 0.201 0.201 0.2145 0.2145 0.2405 0.2405 0.2405 0.235 0.235 0.232 0.232 0.235 0.235 0.2365 0.2365 0.2365 0.2435 0.2435 0.2445 0.2445 0.2445 0.2445 0.2445 0.2605 0.2605 0.243 0.243 0.2415 0.2415 0.2415 0.2425 0.2425 0.239 0.239 0.232
-1 -1 -1 -1 -1 -1 -1 -1 -1 -1 -1 -1 -1 -1 -1 -1 -1 -1 -1 -1 -1 -1 -1 -1 -1 -1 -1 -1 -1 -1 0.0217 0.0217 0.1956 0.1956 0.1956 0.2245 0.2245 0.214 0.214 0.2015 0.2015 0.2015 0.201 0.201 0.2145 0.2145 0.2405 0.2405 0.2405 0.235 0.235 0.232 0.232 0.235 0.235 0.2365 0.2365 0.2365 0.2435 0.2435 0.2445 0.2445 0.2445 0.2445 0.2445 0.2605 0.2605 0.243 0.243 0.2415 0.2415 0.2415 0.2425 0.2425 0.239 0.239 0.232
-1 -1 -1 -1 -1 -1 -1 -1 -1 -1 -1 -1 -1 -1 -1 -1 -1 -1 -1 -1 -1 -1 -1 -1 -1 -1 -1 -1 -1 -1 0.0871 0.0871 0.2475 0.2475 0.2475 0.241 0.241 0.226 0.226 0.207 0.207 0.207 0.224 0.224 0.2365 0.2365 0.2305 0.2305 0.2305 0.23 0.23 0.2295 0.2295 0.225 0.225 0.242 0.242 0.242 0.243 0.243 0.247 0.247 0.247 0.247 0.247 0.242 0.242 0.235 0.235 0.2355 0.2355 0.2355 0.227 0.227 0.2235 0.2235 0.227
-1 -1 -1 -1 -1 -1 -1 -1 -1 -1 -1 -1 -1 -1 -1 -1 -1 -1 -1 -1 -1 -1 -1 -1 -1 -1 -1 -1 -1 -1 0.0871 0.0871 0.2475 0.2475 0.2475 0.241 0.241 0.226 0.226 0.207 0.207 0.207 0.224 0.224 0.2365 0.2365 0.2305 0.2305 0.2305 0.23 0.23 0.2295 0.2295 0.225 0.225 0.242 0.242 0.242 0.243 0.243 0.247 0.247 0.247 0.247 0.247 0.242 0.242 0.235 0.235 0.2355 0.2355 0.2355 0.227 0.227 0.2235 0.2235 0.227
-1 -1 -1 -1 -1 -1 -1 -1 -1 -1 -1 -1 -1 -1 -1 -1 -1 -1 -1 -1 -1 -1 -1 -1 -1 -1 -1 -1 0.0152 0.0152 0.2235 0.2235 0.2605 0.2605 0.2605 0.2475 0.2475 0.2345 0.2345 0.218 0.218 0.218 0.227 0.227 0.234 0.234 0.2275 0.2275 0.2275 0.2295 0.2295 0.231 0.231 0.2325 0.2325 0.2435 0.2435 0.2435 0.2425 0.2425 0.2515 0.2515 0.2515 0.2515 0.2515 0.2585 0.2585 0.2265 0.2265 0.236 0.236 0.236 0.228 0.228 0.219 0.219 0.2335
-1 -1 -1 -1 -1 -1 -1 -1 -1 -1 -1 -1 -1 -1 -1 -1 -1 -1 -1 -1 -1 -1 -1 -1 -1 -1 -1 -1 0.0152 0.0152 0.2235 0.2235 0.2605 0.2605 0.2605 0.2475 0.2475 0.2345 0.2345 0.218 0.218 0.218 0.227 0.227 0.234 0.234 0.2275 0.2275 0.2275 0.2295 0.2295 0.231 0.231 0.2325 0.2325 0.2435 0.2435 0.2435 0.2425 0.2425 0.2515 0.2515 0.2515 0.2515 0.2515 0.2585 0.2585 0.2265 0.2265 0.236 0.236 0.236 0.228 0.228 0.219 0.219 0.2335
-1 -1 -1 -1 -1 -1 -1 -1 -1 -1 -1 -1 -1 -1 -1 -1 -1 -1 -1 -1 -1 -1 -1 -1 -1 0.0527 0.0527 0.0527 0.079 0.079 0.2855 0.2855 0.259 0.259 0.259 0.237 0.237 0.22 0.22 0.2355 0.2355 0.2355 0.244 0.244 0.238 0.238 0.2275 0.2275 0.2275 0.233 0.233 0.243 0.243 0.2495 0.2495 0.2465 0.2465 0.2465 0.2425 0.2425 0.2405 0.2405 0.2405 0.2405 0.2405 0.246 0.246 0.253 0.253 0.241 0.241 0.241 0.2105 0.2105 0.2145 0.2145 0.2075
