ndvi/NOAA-98.asc
ncols         252
nrows         154
xllcorner     -18.017974
yllcorner     13.481982
cellsize      0.035948
NODATA_value  -9999
[rows 102 to 135 of 154, columns 78 to 155 of 252]
0.2335 0.2245 0.2245 0.24 0.24 0.244 0.244 0.244 0.2455 0.2455 0.2255 0.2255 0.2285 0.2285 0.2255 0.2255 0.2255 0.2415 0.2415 0.2485 0.2485 0.2665 0.2665 0.2665 0.2575 0.2575 0.2585 0.2585 0.2385 0.2385 0.2385 0.251 0.251 0.2585 0.2585 0.2605 0.2605 0.2605 0.248 0.248 0.258 0.258 0.2625 0.2625 0.2625 0.28 0.28 0.2705 0.2705 0.264 0.264 0.2605 0.2605 0.2605 0.269 0.269 0.237 0.237 0.2335 0.2335 0.2335 0.233 0.233 0.282 0.282 0.251 0.251 0.251 0.258 0.258 0.2375 0.2375 0.2335 0.2335 0.2335 0.2205 0.2205 0.2075
0.238 0.24 0.24 0.244 0.244 0.24 0.24 0.24 0.241 0.241 0.244 0.244 0.2295 0.2295 0.233 0.233 0.233 0.23 0.23 0.2355 0.2355 0.234 0.234 0.234 0.2505 0.2505 0.248 0.248 0.2455 0.2455 0.2455 0.2465 0.2465 0.248 0.248 0.2755 0.2755 0.2755 0.249 0.249 0.26 0.26 0.259 0.259 0.259 0.247 0.247 0.254 0.254 0.2575 0.2575 0.2725 0.2725 0.2725 0.244 0.244 0.251 0.251 0.2405 0.2405 0.2405 0.2445 0.2445 0.251 0.251 0.263 0.263 0.263 0.2435 0.2435 0.228 0.228 0.2305 0.2305 0.2305 0.2155 0.2155 0.2185
0.238 0.24 0.24 0.244 0.244 0.24 0.24 0.24 0.241 0.241 0.244 0.244 0.2295 0.2295 0.233 0.233 0.233 0.23 0.23 0.2355 0.2355 0.234 0.234 0.234 0.2505 0.2505 0.248 0.248 0.2455 0.2455 0.2455 0.2465 0.2465 0.248 0.248 0.2755 0.2755 0.2755 0.249 0.249 0.26 0.26 0.259 0.259 0.259 0.247 0.247 0.254 0.254 0.2575 0.2575 0.2725 0.2725 0.2725 0.244 0.244 0.251 0.251 0.2405 0.2405 0.2405 0.2445 0.2445 0.251 0.251 0.263 0.263 0.263 0.2435 0.2435 0.228 0.228 0.2305 0.2305 0.2305 0.2155 0.2155 0.2185
0.238 0.24 0.24 0.244 0.244 0.24 0.24 0.24 0.241 0.241 0.244 0.244 0.2295 0.2295 0.233 0.233 0.233 0.23 0.23 0.2355 0.2355 0.234 0.234 0.234 0.2505 0.2505 0.248 0.248 0.2455 0.2455 0.2455 0.2465 0.2465 0.248 0.248 0.2755 0.2755 0.2755 0.249 0.249 0.26 0.26 0.259 0.259 0.259 0.247 0.247 0.254 0.254 0.2575 0.2575 0.2725 0.2725 0.2725 0.244 0.244 0.251 0.251 0.2405 0.2405 0.2405 0.2445 0.2445 0.251 0.251 0.263 0.263 0.263 0.2435 0.2435 0.228 0.228 0.2305 0.2305 0.2305 0.2155 0.2155 0.2185
0.2465 0.2495 0.2495 0.2375 0.2375 0.25 0.25 0.25 0.23 0.23 0.2355 0.2355 0.24 0.24 0.225 0.225 0.225 0.235 0.235 0.249 0.249 0.2415 0.2415 0.2415 0.271 0.271 0.2915 0.2915 0.2655 0.2655 0.2655 0.2655 0.2655 0.251 0.251 0.272 0.272 0.272 0.255 0.255 0.2535 0.2535 0.2605 0.2605 0.2605 0.255 0.255 0.261 0.261 0.262 0.262 0.2715 0.2715 0.2715 0.2625 0.2625 0.248 0.248 0.253 0.253 0.253 0.2495 0.2495 0.2475 0.2475 0.263 0.263 0.263 0.2425 0.2425 0.2245 0.2245 0.2295 0.2295 0.2295 0.232 0.232 0.24
0.2465 0.2495 0.2495 0.2375 0.2375 0.25 0.25 0.25 0.23 0.23 0.2355 0.2355 0.24 0.24 0.225 0.225 0.225 0.235 0.235 0.249 0.249 0.2415 0.2415 0.2415 0.271 0.271 0.2915 0.2915 0.2655 0.2655 0.2655 0.2655 0.2655 0.251 0.251 0.272 0.272 0.272 0.255 0.255 0.2535 0.2535 0.2605 0.2605 0.2605 0.255 0.255 0.261 0.261 0.262 0.262 0.2715 0.2715 0.2715 0.2625 0.2625 0.248 0.248 0.253 0.253 0.253 0.2495 0.2495 0.2475 0.2475 0.263 0.263 0.263 0.2425 0.2425 0.2245 0.2245 0.2295 0.2295 0.2295 0.232 0.232 0.24
0.253 0.2545 0.2545 0.252 0.252 0.2415 0.2415 0.2415 0.248 0.248 0.2485 0.2485 0.25 0.25 0.246 0.246 0.246 0.251 0.251 0.268 0.268 0.2645 0.2645 0.2645 0.2865 0.2865 0.289 0.289 0.2605 0.2605 0.2605 0.264 0.264 0.2545 0.2545 0.2615 0.2615 0.2615 0.2685 0.2685 0.258 0.258 0.257 0.257 0.257 0.2475 0.2475 0.2695 0.2695 0.2665 0.2665 0.262 0.262 0.262 0.271 0.271 0.2595 0.2595 0.2695 0.2695 0.2695 0.268 0.268 0.259 0.259 0.265 0.265 0.265 0.237 0.237 0.254 0.254 0.229 0.229 0.229 0.242 0.242 0.246
0.253 0.2545 0.2545 0.252 0.252 0.2415 0.2415 0.2415 0.248 0.248 0.2485 0.2485 0.25 0.25 0.246 0.246 0.246 0.251 0.251 0.268 0.268 0.2645 0.2645 0.2645 0.2865 0.2865 0.289 0.289 0.2605 0.2605 0.2605 0.264 0.264 0.2545 0.2545 0.2615 0.2615 0.2615 0.2685 0.2685 0.258 0.258 0.257 0.257 0.257 0.2475 0.2475 0.2695 0.2695 0.2665 0.2665 0.262 0.262 0.262 0.271 0.271 0.2595 0.2595 0.2695 0.2695 0.2695 0.268 0.268 0.259 0.259 0.265 0.265 0.265 0.237 0.237 0.254 0.254 0.229 0.229 0.229 0.242 0.242 0.246
0.276 0.257 0.257 0.251 0.251 0.253 0.253 0.253 0.2445 0.2445 0.257 0.257 0.269 0.269 0.2705 0.2705 0.2705 0.268 0.268 0.26 0.26 0.265 0.265 0.265 0.2645 0.2645 0.2685 0.2685 0.2725 0.2725 0.2725 0.2695 0.2695 0.2665 0.2665 0.2605 0.2605 0.2605 0.2525 0.2525 0.255 0.255 0.2485 0.2485 0.2485 0.2525 0.2525 0.2595 0.2595 0.2645 0.2645 0.277 0.277 0.277 0.2915 0.2915 0.2895 0.2895 0.2615 0.2615 0.2615 0.2705 0.2705 0.267 0.267 0.2715 0.2715 0.2715 0.265 0.265 0.275 0.275 0.2355 0.2355 0.2355 0.236 0.236 0.2475
0.276 0.257 0.257 0.251 0.251 0.253 0.253 0.253 0.2445 0.2445 0.257 0.257 0.269 0.269 0.2705 0.2705 0.2705 0.268 0.268 0.26 0.26 0.265 0.265 0.265 0.2645 0.2645 0.2685 0.2685 0.2725 0.2725 0.2725 0.2695 0.2695 0.2665 0.2665 0.2605 0.2605 0.2605 0.2525 0.2525 0.255 0.255 0.2485 0.2485 0.2485 0.2525 0.2525 0.2595 0.2595 0.2645 0.2645 0.277 0.277 0.277 0.2915 0.2915 0.2895 0.2895 0.2615 0.2615 0.2615 0.2705 0.2705 0.267 0.267 0.2715 0.2715 0.2715 0.265 0.265 0.275 0.275 0.2355 0.2355 0.2355 0.236 0.236 0.2475
0.276 0.257 0.257 0.251 0.251 0.253 0.253 0.253 0.2445 0.2445 0.257 0.257 0.269 0.269 0.2705 0.2705 0.2705 0.268 0.268 0.26 0.26 0.265 0.265 0.265 0.2645 0.2645 0.2685 0.2685 0.2725 0.2725 0.2725 0.2695 0.2695 0.2665 0.2665 0.2605 0.2605 0.2605 0.2525 0.2525 0.255 0.255 0.2485 0.2485 0.2485 0.2525 0.2525 0.2595 0.2595 0.2645 0.2645 0.277 0.277 0.277 0.2915 0.2915 0.2895 0.2895 0.2615 0.2615 0.2615 0.2705 0.2705 0.267 0.267 0.2715 0.2715 0.2715 0.265 0.265 0.275 0.275 0.2355 0.2355 0.2355 0.236 0.236 0.2475
0.251 0.271 0.271 0.2835 0.2835 0.2775 0.2775 0.2775 0.2685 0.2685 0.2625 0.2625 0.255 0.255 0.2665 0.2665 0.2665 0.2665 0.2665 0.268 0.268 0.2585 0.2585 0.2585 0.2635 0.2635 0.2715 0.2715 0.27 0.27 0.27 0.279 0.279 0.2675 0.2675 0.2685 0.2685 0.2685 0.2815 0.2815 0.2685 0.2685 0.279 0.279 0.279 0.28 0.28 0.2795 0.2795 0.288 0.288 0.276 0.276 0.276 0.2735 0.2735 0.28 0.28 0.266 0.266 0.266 0.2705 0.2705 0.269 0.269 0.273 0.273 0.273 0.2655 0.2655 0.2715 0.2715 0.25 0.25 0.25 0.243 0.243 0.244
0.251 0.271 0.271 0.2835 0.2835 0.2775 0.2775 0.2775 0.2685 0.2685 0.2625 0.2625 0.255 0.255 0.2665 0.2665 0.2665 0.2665 0.2665 0.268 0.268 0.2585 0.2585 0.2585 0.2635 0.2635 0.2715 0.2715 0.27 0.27 0.27 0.279 0.279 0.2675 0.2675 0.2685 0.2685 0.2685 0.2815 0.2815 0.2685 0.2685 0.279 0.279 0.279 0.28 0.28 0.2795 0.2795 0.288 0.288 0.276 0.276 0.276 0.2735 0.2735 0.28 0.28 0.266 0.266 0.266 0.2705 0.2705 0.269 0.269 0.273 0.273 0.273 0.2655 0.2655 0.2715 0.2715 0.25 0.25 0.25 0.243 0.243 0.244
0.2695 0.2655 0.2655 0.25 0.25 0.2835 0.2835 0.2835 0.252 0.252 0.2575 0.2575 0.2625 0.2625 0.258 0.258 0.258 0.2705 0.2705 0.266 0.266 0.2595 0.2595 0.2595 0.264 0.264 0.271 0.271 0.2685 0.2685 0.2685 0.2775 0.2775 0.279 0.279 0.27 0.27 0.27 0.2655 0.2655 0.2745 0.2745 0.284 0.284 0.284 0.2755 0.2755 0.2875 0.2875 0.283 0.283 0.293 0.293 0.293 0.2705 0.2705 0.267 0.267 0.275 0.275 0.275 0.277 0.277 0.26 0.26 0.269 0.269 0.269 0.2685 0.2685 0.2595 0.2595 0.257 0.257 0.257 0.239 0.239 0.2355
0.2695 0.2655 0.2655 0.25 0.25 0.2835 0.2835 0.2835 0.252 0.252 0.2575 0.2575 0.2625 0.2625 0.258 0.258 0.258 0.2705 0.2705 0.266 0.266 0.2595 0.2595 0.2595 0.264 0.264 0.271 0.271 0.2685 0.2685 0.2685 0.2775 0.2775 0.279 0.279 0.27 0.27 0.27 0.2655 0.2655 0.2745 0.2745 0.284 0.284 0.284 0.2755 0.2755 0.2875 0.2875 0.283 0.283 0.293 0.293 0.293 0.2705 0.2705 0.267 0.267 0.275 0.275 0.275 0.277 0.277 0.26 0.26 0.269 0.269 0.269 0.2685 0.2685 0.2595 0.2595 0.257 0.257 0.257 0.239 0.239 0.2355
0.2625 0.2515 0.2515 0.246 0.246 0.2585 0.2585 0.2585 0.2595 0.2595 0.2605 0.2605 0.262 0.262 0.2625 0.2625 0.2625 0.274 0.274 0.27 0.27 0.2675 0.2675 0.2675 0.269 0.269 0.2695 0.2695 0.2785 0.2785 0.2785 0.27 0.27 0.276 0.276 0.27 0.27 0.27 0.2735 0.2735 0.2775 0.2775 0.278 0.278 0.278 0.2695 0.2695 0.2725 0.2725 0.271 0.271 0.2915 0.2915 0.2915 0.2745 0.2745 0.278 0.278 0.2775 0.2775 0.2775 0.286 0.286 0.2595 0.2595 0.26 0.26 0.26 0.267 0.267 0.259 0.259 0.271 0.271 0.271 0.2635 0.2635 0.245
0.2625 0.2515 0.2515 0.246 0.246 0.2585 0.2585 0.2585 0.2595 0.2595 0.2605 0.2605 0.262 0.262 0.2625 0.2625 0.2625 0.274 0.274 0.27 0.27 0.2675 0.2675 0.2675 0.269 0.269 0.2695 0.2695 0.2785 0.2785 0.2785 0.27 0.27 0.276 0.276 0.27 0.27 0.27 0.2735 0.2735 0.2775 0.2775 0.278 0.278 0.278 0.2695 0.2695 0.2725 0.2725 0.271 0.271 0.2915 0.2915 0.2915 0.2745 0.2745 0.278 0.278 0.2775 0.2775 0.2775 0.286 0.286 0.2595 0.2595 0.26 0.26 0.26 0.267 0.267 0.259 0.259 0.271 0.271 0.271 0.2635 0.2635 0.245
0.2625 0.2515 0.2515 0.246 0.246 0.2585 0.2585 0.2585 0.2595 0.2595 0.2605 0.2605 0.262 0.262 0.2625 0.2625 0.2625 0.274 0.274 0.27 0.27 0.2675 0.2675 0.2675 0.269 0.269 0.2695 0.2695 0.2785 0.2785 0.2785 0.27 0.27 0.276 0.276 0.27 0.27 0.27 0.2735 0.2735 0.2775 0.2775 0.278 0.278 0.278 0.2695 0.2695 0.2725 0.2725 0.271 0.271 0.2915 0.2915 0.2915 0.2745 0.2745 0.278 0.278 0.2775 0.2775 0.2775 0.286 0.286 0.2595 0.2595 0.26 0.26 0.26 0.267 0.267 0.259 0.259 0.271 0.271 0.271 0.2635 0.2635 0.245
0.263 0.2465 0.2465 0.24 0.24 0.25 0.25 0.25 0.2605 0.2605 0.259 0.259 0.266 0.266 0.2635 0.2635 0.2635 0.2765 0.2765 0.281 0.281 0.2715 0.2715 0.2715 0.2705 0.2705 0.268 0.268 0.278 0.278 0.278 0.2765 0.2765 0.2805 0.2805 0.2805 0.2805 0.2805 0.291 0.291 0.2845 0.2845 0.293 0.293 0.293 0.2805 0.2805 0.2785 0.2785 0.274 0.274 0.282 0.282 0.282 0.2735 0.2735 0.27 0.27 0.2815 0.2815 0.2815 0.2805 0.2805 0.268 0.268 0.2705 0.2705 0.2705 0.265 0.265 0.248 0.248 0.262 0.262 0.262 0.255 0.255 0.2575
0.263 0.2465 0.2465 0.24 0.24 0.25 0.25 0.25 0.2605 0.2605 0.259 0.259 0.266 0.266 0.2635 0.2635 0.2635 0.2765 0.2765 0.281 0.281 0.2715 0.2715 0.2715 0.2705 0.2705 0.268 0.268 0.278 0.278 0.278 0.2765 0.2765 0.2805 0.2805 0.2805 0.2805 0.2805 0.291 0.291 0.2845 0.2845 0.293 0.293 0.293 0.2805 0.2805 0.2785 0.2785 0.274 0.274 0.282 0.282 0.282 0.2735 0.2735 0.27 0.27 0.2815 0.2815 0.2815 0.2805 0.2805 0.268 0.268 0.2705 0.2705 0.2705 0.265 0.265 0.248 0.248 0.262 0.262 0.262 0.255 0.255 0.2575
0.258 0.234 0.234 0.251 0.251 0.2455 0.2455 0.2455 0.278 0.278 0.252 0.252 0.2575 0.2575 0.2615 0.2615 0.2615 0.27 0.27 0.2725 0.2725 0.2775 0.2775 0.2775 0.2765 0.2765 0.2765 0.2765 0.2705 0.2705 0.2705 0.2725 0.2725 0.2805 0.2805 0.29 0.29 0.29 0.289 0.289 0.2785 0.2785 0.285 0.285 0.285 0.2975 0.2975 0.2885 0.2885 0.2805 0.2805 0.2815 0.2815 0.2815 0.268 0.268 0.268 0.268 0.2875 0.2875 0.2875 0.294 0.294 0.2805 0.2805 0.277 0.277 0.277 0.268 0.268 0.2645 0.2645 0.264 0.264 0.264 0.257 0.257 0.2585
0.258 0.234 0.234 0.251 0.251 0.2455 0.2455 0.2455 0.278 0.278 0.252 0.252 0.2575 0.2575 0.2615 0.2615 0.2615 0.27 0.27 0.2725 0.2725 0.2775 0.2775 0.2775 0.2765 0.2765 0.2765 0.2765 0.2705 0.2705 0.2705 0.2725 0.2725 0.2805 0.2805 0.29 0.29 0.29 0.289 0.289 0.2785 0.2785 0.285 0.285 0.285 0.2975 0.2975 0.2885 0.2885 0.2805 0.2805 0.2815 0.2815 0.2815 0.268 0.268 0.268 0.268 0.2875 0.2875 0.2875 0.294 0.294 0.2805 0.2805 0.277 0.277 0.277 0.268 0.268 0.2645 0.2645 0.264 0.264 0.264 0.257 0.257 0.2585
0.2845 0.261 0.261 0.2465 0.2465 0.241 0.241 0.241 0.261 0.261 0.2675 0.2675 0.2605 0.2605 0.257 0.257 0.257 0.2625 0.2625 0.27 0.27 0.2785 0.2785 0.2785 0.2805 0.2805 0.2545 0.2545 0.2755 0.2755 0.2755 0.284 0.284 0.2775 0.2775 0.283 0.283 0.283 0.294 0.294 0.286 0.286 0.287 0.287 0.287 0.2725 0.2725 0.2885 0.2885 0.283 0.283 0.288 0.288 0.288 0.271 0.271 0.272 0.272 0.28 0.28 0.28 0.287 0.287 0.2805 0.2805 0.269 0.269 0.269 0.2705 0.2705 0.2625 0.2625 0.268 0.268 0.268 0.278 0.278 0.2785
0.2845 0.261 0.261 0.2465 0.2465 0.241 0.241 0.241 0.261 0.261 0.2675 0.2675 0.2605 0.2605 0.257 0.257 0.257 0.2625 0.2625 0.27 0.27 0.2785 0.2785 0.2785 0.2805 0.2805 0.2545 0.2545 0.2755 0.2755 0.2755 0.284 0.284 0.2775 0.2775 0.283 0.283 0.283 0.294 0.294 0.286 0.286 0.287 0.287 0.287 0.2725 0.2725 0.2885 0.2885 0.283 0.283 0.288 0.288 0.288 0.271 0.271 0.272 0.272 0.28 0.28 0.28 0.287 0.287 0.2805 0.2805 0.269 0.269 0.269 0.2705 0.2705 0.2625 0.2625 0.268 0.268 0.268 0.278 0.278 0.2785
0.2815 0.278 0.278 0.2575 0.2575 0.265 0.265 0.265 0.272 0.272 0.269 0.269 0.2605 0.2605 0.2685 0.2685 0.2685 0.2695 0.2695 0.2775 0.2775 0.28 0.28 0.28 0.2695 0.2695 0.2625 0.2625 0.275 0.275 0.275 0.287 0.287 0.2945 0.2945 0.2845 0.2845 0.2845 0.2865 0.2865 0.2795 0.2795 0.276 0.276 0.276 0.2735 0.2735 0.2825 0.2825 0.2835 0.2835 0.2785 0.2785 0.2785 0.2765 0.2765 0.2845 0.2845 0.2725 0.2725 0.2725 0.274 0.274 0.2705 0.2705 0.27 0.27 0.27 0.2705 0.2705 0.2575 0.2575 0.266 0.266 0.266 0.266 0.266 0.2595
0.2815 0.278 0.278 0.2575 0.2575 0.265 0.265 0.265 0.272 0.272 0.269 0.269 0.2605 0.2605 0.2685 0.2685 0.2685 0.2695 0.2695 0.2775 0.2775 0.28 0.28 0.28 0.2695 0.2695 0.2625 0.2625 0.275 0.275 0.275 0.287 0.287 0.2945 0.2945 0.2845 0.2845 0.2845 0.2865 0.2865 0.2795 0.2795 0.276 0.276 0.276 0.2735 0.2735 0.2825 0.2825 0.2835 0.2835 0.2785 0.2785 0.2785 0.2765 0.2765 0.2845 0.2845 0.2725 0.2725 0.2725 0.274 0.274 0.2705 0.2705 0.27 0.27 0.27 0.2705 0.2705 0.2575 0.2575 0.266 0.266 0.266 0.266 0.266 0.2595
0.2815 0.278 0.278 0.2575 0.2575 0.265 0.265 0.265 0.272 0.272 0.269 0.269 0.2605 0.2605 0.2685 0.2685 0.2685 0.2695 0.2695 0.2775 0.2775 0.28 0.28 0.28 0.2695 0.2695 0.2625 0.2625 0.275 0.275 0.275 0.287 0.287 0.2945 0.2945 0.2845 0.2845 0.2845 0.2865 0.2865 0.2795 0.2795 0.276 0.276 0.276 0.2735 0.2735 0.2825 0.2825 0.2835 0.2835 0.2785 0.2785 0.2785 0.2765 0.2765 0.2845 0.2845 0.2725 0.2725 0.2725 0.274 0.274 0.2705 0.2705 0.27 0.27 0.27 0.2705 0.2705 0.2575 0.2575 0.266 0.266 0.266 0.266 0.266 0.2595
0.294 0.298 0.298 0.3035 0.3035 0.276 0.276 0.276 0.2815 0.2815 0.2685 0.2685 0.275 0.275 0.2725 0.2725 0.2725 0.263 0.263 0.277 0.277 0.2725 0.2725 0.2725 0.278 0.278 0.2785 0.2785 0.285 0.285 0.285 0.2815 0.2815 0.2745 0.2745 0.2845 0.2845 0.2845 0.2905 0.2905 0.29 0.29 0.2745 0.2745 0.2745 0.283 0.283 0.2775 0.2775 0.29 0.29 0.2935 0.2935 0.2935 0.2905 0.2905 0.2925 0.2925 0.2845 0.2845 0.2845 0.278 0.278 0.267 0.267 0.28 0.28 0.28 0.273 0.273 0.2695 0.2695 0.273 0.273 0.273 0.2725 0.2725 0.2805
0.294 0.298 0.298 0.3035 0.3035 0.276 0.276 0.276 0.2815 0.2815 0.2685 0.2685 0.275 0.275 0.2725 0.2725 0.2725 0.263 0.263 0.277 0.277 0.2725 0.2725 0.2725 0.278 0.278 0.2785 0.2785 0.285 0.285 0.285 0.2815 0.2815 0.2745 0.2745 0.2845 0.2845 0.2845 0.2905 0.2905 0.29 0.29 0.2745 0.2745 0.2745 0.283 0.283 0.2775 0.2775 0.29 0.29 0.2935 0.2935 0.2935 0.2905 0.2905 0.2925 0.2925 0.2845 0.2845 0.2845 0.278 0.278 0.267 0.267 0.28 0.28 0.28 0.273 0.273 0.2695 0.2695 0.273 0.273 0.273 0.2725 0.2725 0.2805
0.2925 0.287 0.287 0.3035 0.3035 0.279 0.279 0.279 0.2825 0.2825 0.266 0.266 0.28 0.28 0.2875 0.2875 0.2875 0.2815 0.2815 0.2845 0.2845 0.2725 0.2725 0.2725 0.29 0.29 0.29 0.29 0.282 0.282 0.282 0.2825 0.2825 0.2825 0.2825 0.286 0.286 0.286 0.2825 0.2825 0.293 0.293 0.288 0.288 0.288 0.293 0.293 0.2745 0.2745 0.2845 0.2845 0.269 0.269 0.269 0.2925 0.2925 0.2945 0.2945 0.294 0.294 0.294 0.2695 0.2695 0.275 0.275 0.267 0.267 0.267 0.294 0.294 0.2835 0.2835 0.2855 0.2855 0.2855 0.296 0.296 0.274
0.2925 0.287 0.287 0.3035 0.3035 0.279 0.279 0.279 0.2825 0.2825 0.266 0.266 0.28 0.28 0.2875 0.2875 0.2875 0.2815 0.2815 0.2845 0.2845 0.2725 0.2725 0.2725 0.29 0.29 0.29 0.29 0.282 0.282 0.282 0.2825 0.2825 0.2825 0.2825 0.286 0.286 0.286 0.2825 0.2825 0.293 0.293 0.288 0.288 0.288 0.293 0.293 0.2745 0.2745 0.2845 0.2845 0.269 0.269 0.269 0.2925 0.2925 0.2945 0.2945 0.294 0.294 0.294 0.2695 0.2695 0.275 0.275 0.267 0.267 0.267 0.294 0.294 0.2835 0.2835 0.2855 0.2855 0.2855 0.296 0.296 0.274
0.2665 0.275 0.275 0.2845 0.2845 0.2685 0.2685 0.2685 0.2585 0.2585 0.265 0.265 0.27 0.27 0.287 0.287 0.287 0.28 0.28 0.2955 0.2955 0.3085 0.3085 0.3085 0.282 0.282 0.2735 0.2735 0.262 0.262 0.262 0.281 0.281 0.293 0.293 0.293 0.293 0.293 0.2915 0.2915 0.3015 0.3015 0.2975 0.2975 0.2975 0.3105 0.3105 0.3005 0.3005 0.302 0.302 0.2965 0.2965 0.2965 0.299 0.299 0.3095 0.3095 0.295 0.295 0.295 0.2915 0.2915 0.2845 0.2845 0.283 0.283 0.283 0.321 0.321 0.3015 0.3015 0.283 0.283 0.283 0.3055 0.3055 0.288
0.2665 0.275 0.275 0.2845 0.2845 0.2685 0.2685 0.2685 0.2585 0.2585 0.265 0.265 0.27 0.27 0.287 0.287 0.287 0.28 0.28 0.2955 0.2955 0.3085 0.3085 0.3085 0.282 0.282 0.2735 0.2735 0.262 0.262 0.262 0.281 0.281 0.293 0.293 0.293 0.293 0.293 0.2915 0.2915 0.3015 0.3015 0.2975 0.2975 0.2975 0.3105 0.3105 0.3005 0.3005 0.302 0.302 0.2965 0.2965 0.2965 0.299 0.299 0.3095 0.3095 0.295 0.295 0.295 0.2915 0.2915 0.2845 0.2845 0.283 0.283 0.283 0.321 0.321 0.3015 0.3015 0.283 0.283 0.283 0.3055 0.3055 0.288
0.2665 0.275 0.275 0.2845 0.2845 0.2685 0.2685 0.2685 0.2585 0.2585 0.265 0.265 0.27 0.27 0.287 0.287 0.287 0.28 0.28 0.2955 0.2955 0.3085 0.3085 0.3085 0.282 0.282 0.2735 0.2735 0.262 0.262 0.262 0.281 0.281 0.293 0.293 0.293 0.293 0.293 0.2915 0.2915 0.3015 0.3015 0.2975 0.2975 0.2975 0.3105 0.3105 0.3005 0.3005 0.302 0.302 0.2965 0.2965 0.2965 0.299 0.299 0.3095 0.3095 0.295 0.295 0.295 0.2915 0.2915 0.2845 0.2845 0.283 0.283 0.283 0.321 0.321 0.3015 0.3015 0.283 0.283 0.283 0.3055 0.3055 0.288
