ndvi/NOAA-176.asc
ncols         252
nrows         154
xllcorner     -18.017974
yllcorner     13.481982
cellsize      0.035948
NODATA_value  -9999
[rows 35 to 69 of 154, columns 77 to 153 of 252]
0.1555 0.1555 0.146 0.146 0.138 0.138 0.1295 0.1295 0.1295 0.129 0.129 0.131 0.131 0.139 0.139 0.138 0.138 0.138 0.149 0.149 0.1585 0.1585 0.1565 0.1565 0.1565 0.1505 0.1505 0.161 0.161 0.1545 0.1545 0.1545 0.1725 0.1725 0.164 0.164 0.159 0.159 0.159 0.1605 0.1605 0.1675 0.1675 0.174 0.174 0.174 0.1605 0.1605 0.153 0.153 0.1545 0.1545 0.1485 0.1485 0.1485 0.145 0.145 0.1435 0.1435 0.133 0.133 0.133 0.1365 0.1365 0.1525 0.1525 0.153 0.153 0.153 0.1495 0.1495 0.13 0.13 0.124 0.124 0.124 0.1285
0.1555 0.1555 0.146 0.146 0.138 0.138 0.1295 0.1295 0.1295 0.129 0.129 0.131 0.131 0.139 0.139 0.138 0.138 0.138 0.149 0.149 0.1585 0.1585 0.1565 0.1565 0.1565 0.1505 0.1505 0.161 0.161 0.1545 0.1545 0.1545 0.1725 0.1725 0.164 0.164 0.159 0.159 0.159 0.1605 0.1605 0.1675 0.1675 0.174 0.174 0.174 0.1605 0.1605 0.153 0.153 0.1545 0.1545 0.1485 0.1485 0.1485 0.145 0.145 0.1435 0.1435 0.133 0.133 0.133 0.1365 0.1365 0.1525 0.1525 0.153 0.153 0.153 0.1495 0.1495 0.13 0.13 0.124 0.124 0.124 0.1285
0.169 0.169 0.1735 0.1735 0.166 0.166 0.1575 0.1575 0.1575 0.168 0.168 0.157 0.157 0.155 0.155 0.1345 0.1345 0.1345 0.15 0.15 0.1455 0.1455 0.1715 0.1715 0.1715 0.176 0.176 0.157 0.157 0.183 0.183 0.183 0.1785 0.1785 0.1745 0.1745 0.174 0.174 0.174 0.1685 0.1685 0.1775 0.1775 0.197 0.197 0.197 0.1835 0.1835 0.175 0.175 0.179 0.179 0.166 0.166 0.166 0.1645 0.1645 0.1615 0.1615 0.165 0.165 0.165 0.1615 0.1615 0.1555 0.1555 0.155 0.155 0.155 0.147 0.147 0.133 0.133 0.1345 0.1345 0.1345 0.129
0.169 0.169 0.1735 0.1735 0.166 0.166 0.1575 0.1575 0.1575 0.168 0.168 0.157 0.157 0.155 0.155 0.1345 0.1345 0.1345 0.15 0.15 0.1455 0.1455 0.1715 0.1715 0.1715 0.176 0.176 0.157 0.157 0.183 0.183 0.183 0.1785 0.1785 0.1745 0.1745 0.174 0.174 0.174 0.1685 0.1685 0.1775 0.1775 0.197 0.197 0.197 0.1835 0.1835 0.175 0.175 0.179 0.179 0.166 0.166 0.166 0.1645 0.1645 0.1615 0.1615 0.165 0.165 0.165 0.1615 0.1615 0.1555 0.1555 0.155 0.155 0.155 0.147 0.147 0.133 0.133 0.1345 0.1345 0.1345 0.129
0.1945 0.1945 0.188 0.188 0.1835 0.1835 0.176 0.176 0.176 0.174 0.174 0.161 0.161 0.157 0.157 0.1365 0.1365 0.1365 0.1595 0.1595 0.162 0.162 0.166 0.166 0.166 0.174 0.174 0.1845 0.1845 0.1865 0.1865 0.1865 0.187 0.187 0.187 0.187 0.176 0.176 0.176 0.182 0.182 0.1945 0.1945 0.21 0.21 0.21 0.195 0.195 0.183 0.183 0.1825 0.1825 0.2405 0.2405 0.2405 0.216 0.216 0.2165 0.2165 0.1995 0.1995 0.1995 0.189 0.189 0.163 0.163 0.155 0.155 0.155 0.1335 0.1335 0.1245 0.1245 0.1375 0.1375 0.1375 0.138
0.1945 0.1945 0.188 0.188 0.1835 0.1835 0.176 0.176 0.176 0.174 0.174 0.161 0.161 0.157 0.157 0.1365 0.1365 0.1365 0.1595 0.1595 0.162 0.162 0.166 0.166 0.166 0.174 0.174 0.1845 0.1845 0.1865 0.1865 0.1865 0.187 0.187 0.187 0.187 0.176 0.176 0.176 0.182 0.182 0.1945 0.1945 0.21 0.21 0.21 0.195 0.195 0.183 0.183 0.1825 0.1825 0.2405 0.2405 0.2405 0.216 0.216 0.2165 0.2165 0.1995 0.1995 0.1995 0.189 0.189 0.163 0.163 0.155 0.155 0.155 0.1335 0.1335 0.1245 0.1245 0.1375 0.1375 0.1375 0.138
0.2215 0.2215 0.1935 0.1935 0.1915 0.1915 0.1825 0.1825 0.1825 0.171 0.171 0.1785 0.1785 0.1645 0.1645 0.1745 0.1745 0.1745 0.1705 0.1705 0.166 0.166 0.164 0.164 0.164 0.1785 0.1785 0.192 0.192 0.2 0.2 0.2 0.2055 0.2055 0.1915 0.1915 0.19 0.19 0.19 0.1905 0.1905 0.206 0.206 0.205 0.205 0.205 0.188 0.188 0.1945 0.1945 0.201 0.201 0.267 0.267 0.267 0.214 0.214 0.2175 0.2175 0.216 0.216 0.216 0.1655 0.1655 0.153 0.153 0.1255 0.1255 0.1255 0.1455 0.1455 0.132 0.132 0.128 0.128 0.128 0.1455
0.2215 0.2215 0.1935 0.1935 0.1915 0.1915 0.1825 0.1825 0.1825 0.171 0.171 0.1785 0.1785 0.1645 0.1645 0.1745 0.1745 0.1745 0.1705 0.1705 0.166 0.166 0.164 0.164 0.164 0.1785 0.1785 0.192 0.192 0.2 0.2 0.2 0.2055 0.2055 0.1915 0.1915 0.19 0.19 0.19 0.1905 0.1905 0.206 0.206 0.205 0.205 0.205 0.188 0.188 0.1945 0.1945 0.201 0.201 0.267 0.267 0.267 0.214 0.214 0.2175 0.2175 0.216 0.216 0.216 0.1655 0.1655 0.153 0.153 0.1255 0.1255 0.1255 0.1455 0.1455 0.132 0.132 0.128 0.128 0.128 0.1455
0.2215 0.2215 0.1935 0.1935 0.1915 0.1915 0.1825 0.1825 0.1825 0.171 0.171 0.1785 0.1785 0.1645 0.1645 0.1745 0.1745 0.1745 0.1705 0.1705 0.166 0.166 0.164 0.164 0.164 0.1785 0.1785 0.192 0.192 0.2 0.2 0.2 0.2055 0.2055 0.1915 0.1915 0.19 0.19 0.19 0.1905 0.1905 0.206 0.206 0.205 0.205 0.205 0.188 0.188 0.1945 0.1945 0.201 0.201 0.267 0.267 0.267 0.214 0.214 0.2175 0.2175 0.216 0.216 0.216 0.1655 0.1655 0.153 0.153 0.1255 0.1255 0.1255 0.1455 0.1455 0.132 0.132 0.128 0.128 0.128 0.1455
0.2145 0.2145 0.1965 0.1965 0.1965 0.1965 0.186 0.186 0.186 0.1735 0.1735 0.1825 0.1825 0.1945 0.1945 0.1935 0.1935 0.1935 0.1885 0.1885 0.1585 0.1585 0.152 0.152 0.152 0.1825 0.1825 0.189 0.189 0.1995 0.1995 0.1995 0.211 0.211 0.2275 0.2275 0.218 0.218 0.218 0.2085 0.2085 0.198 0.198 0.1975 0.1975 0.1975 0.1805 0.1805 0.191 0.191 0.184 0.184 0.204 0.204 0.204 0.19 0.19 0.191 0.191 0.16 0.16 0.16 0.154 0.154 0.134 0.134 0.13 0.13 0.13 0.1345 0.1345 0.1305 0.1305 0.107 0.107 0.107 0.12
0.2145 0.2145 0.1965 0.1965 0.1965 0.1965 0.186 0.186 0.186 0.1735 0.1735 0.1825 0.1825 0.1945 0.1945 0.1935 0.1935 0.1935 0.1885 0.1885 0.1585 0.1585 0.152 0.152 0.152 0.1825 0.1825 0.189 0.189 0.1995 0.1995 0.1995 0.211 0.211 0.2275 0.2275 0.218 0.218 0.218 0.2085 0.2085 0.198 0.198 0.1975 0.1975 0.1975 0.1805 0.1805 0.191 0.191 0.184 0.184 0.204 0.204 0.204 0.19 0.19 0.191 0.191 0.16 0.16 0.16 0.154 0.154 0.134 0.134 0.13 0.13 0.13 0.1345 0.1345 0.1305 0.1305 0.107 0.107 0.107 0.12
0.235 0.235 0.237 0.237 0.22 0.22 0.205 0.205 0.205 0.194 0.194 0.1845 0.1845 0.197 0.197 0.2075 0.2075 0.2075 0.1895 0.1895 0.1795 0.1795 0.1905 0.1905 0.1905 0.1865 0.1865 0.211 0.211 0.217 0.217 0.217 0.2355 0.2355 0.24 0.24 0.2085 0.2085 0.2085 0.2235 0.2235 0.223 0.223 0.1985 0.1985 0.1985 0.2195 0.2195 0.231 0.231 0.2125 0.2125 0.21 0.21 0.21 0.2035 0.2035 0.1785 0.1785 0.17 0.17 0.17 0.161 0.161 0.1535 0.1535 0.151 0.151 0.151 0.146 0.146 0.1575 0.1575 0.1145 0.1145 0.1145 0.159
0.235 0.235 0.237 0.237 0.22 0.22 0.205 0.205 0.205 0.194 0.194 0.1845 0.1845 0.197 0.197 0.2075 0.2075 0.2075 0.1895 0.1895 0.1795 0.1795 0.1905 0.1905 0.1905 0.1865 0.1865 0.211 0.211 0.217 0.217 0.217 0.2355 0.2355 0.24 0.24 0.2085 0.2085 0.2085 0.2235 0.2235 0.223 0.223 0.1985 0.1985 0.1985 0.2195 0.2195 0.231 0.231 0.2125 0.2125 0.21 0.21 0.21 0.2035 0.2035 0.1785 0.1785 0.17 0.17 0.17 0.161 0.161 0.1535 0.1535 0.151 0.151 0.151 0.146 0.146 0.1575 0.1575 0.1145 0.1145 0.1145 0.159
0.2415 0.2415 0.226 0.226 0.2245 0.2245 0.2085 0.2085 0.2085 0.196 0.196 0.1685 0.1685 0.2195 0.2195 0.2415 0.2415 0.2415 0.2505 0.2505 0.264 0.264 0.258 0.258 0.258 0.259 0.259 0.273 0.273 0.27 0.27 0.27 0.291 0.291 0.2935 0.2935 0.2025 0.2025 0.2025 0.22 0.22 0.2265 0.2265 0.261 0.261 0.261 0.2795 0.2795 0.2225 0.2225 0.236 0.236 0.229 0.229 0.229 0.1975 0.1975 0.1995 0.1995 0.176 0.176 0.176 0.1875 0.1875 0.184 0.184 0.185 0.185 0.185 0.179 0.179 0.1885 0.1885 0.1685 0.1685 0.1685 0.171
0.2415 0.2415 0.226 0.226 0.2245 0.2245 0.2085 0.2085 0.2085 0.196 0.196 0.1685 0.1685 0.2195 0.2195 0.2415 0.2415 0.2415 0.2505 0.2505 0.264 0.264 0.258 0.258 0.258 0.259 0.259 0.273 0.273 0.27 0.27 0.27 0.291 0.291 0.2935 0.2935 0.2025 0.2025 0.2025 0.22 0.22 0.2265 0.2265 0.261 0.261 0.261 0.2795 0.2795 0.2225 0.2225 0.236 0.236 0.229 0.229 0.229 0.1975 0.1975 0.1995 0.1995 0.176 0.176 0.176 0.1875 0.1875 0.184 0.184 0.185 0.185 0.185 0.179 0.179 0.1885 0.1885 0.1685 0.1685 0.1685 0.171
0.2415 0.2415 0.226 0.226 0.2245 0.2245 0.2085 0.2085 0.2085 0.196 0.196 0.1685 0.1685 0.2195 0.2195 0.2415 0.2415 0.2415 0.2505 0.2505 0.264 0.264 0.258 0.258 0.258 0.259 0.259 0.273 0.273 0.27 0.27 0.27 0.291 0.291 0.2935 0.2935 0.2025 0.2025 0.2025 0.22 0.22 0.2265 0.2265 0.261 0.261 0.261 0.2795 0.2795 0.2225 0.2225 0.236 0.236 0.229 0.229 0.229 0.1975 0.1975 0.1995 0.1995 0.176 0.176 0.176 0.1875 0.1875 0.184 0.184 0.185 0.185 0.185 0.179 0.179 0.1885 0.1885 0.1685 0.1685 0.1685 0.171
0.2585 0.2585 0.226 0.226 0.215 0.215 0.226 0.226 0.226 0.253 0.253 0.2635 0.2635 0.26 0.26 0.2575 0.2575 0.2575 0.2765 0.2765 0.2635 0.2635 0.286 0.286 0.286 0.2765 0.2765 0.257 0.257 0.2505 0.2505 0.2505 0.237 0.237 0.2915 0.2915 0.2275 0.2275 0.2275 0.2025 0.2025 0.188 0.188 0.2315 0.2315 0.2315 0.2415 0.2415 0.18 0.18 0.188 0.188 0.207 0.207 0.207 0.225 0.225 0.2015 0.2015 0.1915 0.1915 0.1915 0.2415 0.2415 0.24 0.24 0.2515 0.2515 0.2515 0.244 0.244 0.2545 0.2545 0.186 0.186 0.186 0.1575
0.2585 0.2585 0.226 0.226 0.215 0.215 0.226 0.226 0.226 0.253 0.253 0.2635 0.2635 0.26 0.26 0.2575 0.2575 0.2575 0.2765 0.2765 0.2635 0.2635 0.286 0.286 0.286 0.2765 0.2765 0.257 0.257 0.2505 0.2505 0.2505 0.237 0.237 0.2915 0.2915 0.2275 0.2275 0.2275 0.2025 0.2025 0.188 0.188 0.2315 0.2315 0.2315 0.2415 0.2415 0.18 0.18 0.188 0.188 0.207 0.207 0.207 0.225 0.225 0.2015 0.2015 0.1915 0.1915 0.1915 0.2415 0.2415 0.24 0.24 0.2515 0.2515 0.2515 0.244 0.244 0.2545 0.2545 0.186 0.186 0.186 0.1575
0.2775 0.2775 0.261 0.261 0.253 0.253 0.257 0.257 0.257 0.2655 0.2655 0.262 0.262 0.2675 0.2675 0.276 0.276 0.276 0.253 0.253 0.2645 0.2645 0.252 0.252 0.252 0.268 0.268 0.255 0.255 0.2085 0.2085 0.2085 0.1905 0.1905 0.2385 0.2385 0.223 0.223 0.223 0.2015 0.2015 0.1755 0.1755 0.203 0.203 0.203 0.2165 0.2165 0.1575 0.1575 0.2025 0.2025 0.1995 0.1995 0.1995 0.2105 0.2105 0.2465 0.2465 0.275 0.275 0.275 0.2575 0.2575 0.2665 0.2665 0.2505 0.2505 0.2505 0.245 0.245 0.242 0.242 0.2465 0.2465 0.2465 0.1395
0.2775 0.2775 0.261 0.261 0.253 0.253 0.257 0.257 0.257 0.2655 0.2655 0.262 0.262 0.2675 0.2675 0.276 0.276 0.276 0.253 0.253 0.2645 0.2645 0.252 0.252 0.252 0.268 0.268 0.255 0.255 0.2085 0.2085 0.2085 0.1905 0.1905 0.2385 0.2385 0.223 0.223 0.223 0.2015 0.2015 0.1755 0.1755 0.203 0.203 0.203 0.2165 0.2165 0.1575 0.1575 0.2025 0.2025 0.1995 0.1995 0.1995 0.2105 0.2105 0.2465 0.2465 0.275 0.275 0.275 0.2575 0.2575 0.2665 0.2665 0.2505 0.2505 0.2505 0.245 0.245 0.242 0.242 0.2465 0.2465 0.2465 0.1395
0.2755 0.2755 0.269 0.269 0.2725 0.2725 0.2795 0.2795 0.2795 0.283 0.283 0.324 0.324 0.276 0.276 0.267 0.267 0.267 0.2585 0.2585 0.273 0.273 0.274 0.274 0.274 0.24 0.24 0.235 0.235 0.2005 0.2005 0.2005 0.226 0.226 0.2215 0.2215 0.246 0.246 0.246 0.212 0.212 0.195 0.195 0.1935 0.1935 0.1935 0.183 0.183 0.181 0.181 0.1795 0.1795 0.206 0.206 0.206 0.225 0.225 0.2615 0.2615 0.277 0.277 0.277 0.2575 0.2575 0.23 0.23 0.219 0.219 0.219 0.205 0.205 0.198 0.198 0.167 0.167 0.167 0.1345
0.2755 0.2755 0.269 0.269 0.2725 0.2725 0.2795 0.2795 0.2795 0.283 0.283 0.324 0.324 0.276 0.276 0.267 0.267 0.267 0.2585 0.2585 0.273 0.273 0.274 0.274 0.274 0.24 0.24 0.235 0.235 0.2005 0.2005 0.2005 0.226 0.226 0.2215 0.2215 0.246 0.246 0.246 0.212 0.212 0.195 0.195 0.1935 0.1935 0.1935 0.183 0.183 0.181 0.181 0.1795 0.1795 0.206 0.206 0.206 0.225 0.225 0.2615 0.2615 0.277 0.277 0.277 0.2575 0.2575 0.23 0.23 0.219 0.219 0.219 0.205 0.205 0.198 0.198 0.167 0.167 0.167 0.1345
0.2755 0.2755 0.2795 0.2795 0.287 0.287 0.2925 0.2925 0.2925 0.316 0.316 0.31 0.31 0.301 0.301 0.3015 0.3015 0.3015 0.334 0.334 0.3105 0.3105 0.2785 0.2785 0.2785 0.2535 0.2535 0.243 0.243 0.2395 0.2395 0.2395 0.216 0.216 0.233 0.233 0.2315 0.2315 0.2315 0.2215 0.2215 0.215 0.215 0.1905 0.1905 0.1905 0.2055 0.2055 0.173 0.173 0.163 0.163 0.1805 0.1805 0.1805 0.246 0.246 0.2625 0.2625 0.2775 0.2775 0.2775 0.2785 0.2785 0.2445 0.2445 0.2085 0.2085 0.2085 0.192 0.192 0.2235 0.2235 0.167 0.167 0.167 0.1205
0.2755 0.2755 0.2795 0.2795 0.287 0.287 0.2925 0.2925 0.2925 0.316 0.316 0.31 0.31 0.301 0.301 0.3015 0.3015 0.3015 0.334 0.334 0.3105 0.3105 0.2785 0.2785 0.2785 0.2535 0.2535 0.243 0.243 0.2395 0.2395 0.2395 0.216 0.216 0.233 0.233 0.2315 0.2315 0.2315 0.2215 0.2215 0.215 0.215 0.1905 0.1905 0.1905 0.2055 0.2055 0.173 0.173 0.163 0.163 0.1805 0.1805 0.1805 0.246 0.246 0.2625 0.2625 0.2775 0.2775 0.2775 0.2785 0.2785 0.2445 0.2445 0.2085 0.2085 0.2085 0.192 0.192 0.2235 0.2235 0.167 0.167 0.167 0.1205
0.2755 0.2755 0.2795 0.2795 0.287 0.287 0.2925 0.2925 0.2925 0.316 0.316 0.31 0.31 0.301 0.301 0.3015 0.3015 0.3015 0.334 0.334 0.3105 0.3105 0.2785 0.2785 0.2785 0.2535 0.2535 0.243 0.243 0.2395 0.2395 0.2395 0.216 0.216 0.233 0.233 0.2315 0.2315 0.2315 0.2215 0.2215 0.215 0.215 0.1905 0.1905 0.1905 0.2055 0.2055 0.173 0.173 0.163 0.163 0.1805 0.1805 0.1805 0.246 0.246 0.2625 0.2625 0.2775 0.2775 0.2775 0.2785 0.2785 0.2445 0.2445 0.2085 0.2085 0.2085 0.192 0.192 0.2235 0.2235 0.167 0.167 0.167 0.1205
0.28 0.28 0.289 0.289 0.284 0.284 0.283 0.283 0.283 0.2535 0.2535 0.276 0.276 0.264 0.264 0.29 0.29 0.29 0.2055 0.2055 0.3245 0.3245 0.335 0.335 0.335 0.321 0.321 0.297 0.297 0.2695 0.2695 0.2695 0.2445 0.2445 0.225 0.225 0.23 0.23 0.23 0.18 0.18 0.1725 0.1725 0.1885 0.1885 0.1885 0.1885 0.1885 0.1535 0.1535 0.1235 0.1235 0.134 0.134 0.134 0.218 0.218 0.3085 0.3085 0.3245 0.3245 0.3245 0.3235 0.3235 0.273 0.273 0.266 0.266 0.266 0.266 0.266 0.255 0.255 0.1775 0.1775 0.1775 0.143
0.28 0.28 0.289 0.289 0.284 0.284 0.283 0.283 0.283 0.2535 0.2535 0.276 0.276 0.264 0.264 0.29 0.29 0.29 0.2055 0.2055 0.3245 0.3245 0.335 0.335 0.335 0.321 0.321 0.297 0.297 0.2695 0.2695 0.2695 0.2445 0.2445 0.225 0.225 0.23 0.23 0.23 0.18 0.18 0.1725 0.1725 0.1885 0.1885 0.1885 0.1885 0.1885 0.1535 0.1535 0.1235 0.1235 0.134 0.134 0.134 0.218 0.218 0.3085 0.3085 0.3245 0.3245 0.3245 0.3235 0.3235 0.273 0.273 0.266 0.266 0.266 0.266 0.266 0.255 0.255 0.1775 0.1775 0.1775 0.143
0.271 0.271 0.256 0.256 0.2585 0.2585 0.27 0.27 0.27 0.279 0.279 0.2655 0.2655 0.2365 0.2365 0.209 0.209 0.209 0.206 0.206 0.3275 0.3275 0.2945 0.2945 0.2945 0.2795 0.2795 0.287 0.287 0.2805 0.2805 0.2805 0.2885 0.2885 0.241 0.241 0.2375 0.2375 0.2375 0.2065 0.2065 0.156 0.156 0.181 0.181 0.181 0.1675 0.1675 0.176 0.176 0.2215 0.2215 0.181 0.181 0.181 0.2055 0.2055 0.2815 0.2815 0.32 0.32 0.32 0.3505 0.3505 0.269 0.269 0.2735 0.2735 0.2735 0.279 0.279 0.2655 0.2655 0.191 0.191 0.191 0.159
0.271 0.271 0.256 0.256 0.2585 0.2585 0.27 0.27 0.27 0.279 0.279 0.2655 0.2655 0.2365 0.2365 0.209 0.209 0.209 0.206 0.206 0.3275 0.3275 0.2945 0.2945 0.2945 0.2795 0.2795 0.287 0.287 0.2805 0.2805 0.2805 0.2885 0.2885 0.241 0.241 0.2375 0.2375 0.2375 0.2065 0.2065 0.156 0.156 0.181 0.181 0.181 0.1675 0.1675 0.176 0.176 0.2215 0.2215 0.181 0.181 0.181 0.2055 0.2055 0.2815 0.2815 0.32 0.32 0.32 0.3505 0.3505 0.269 0.269 0.2735 0.2735 0.2735 0.279 0.279 0.2655 0.2655 0.191 0.191 0.191 0.159
0.287 0.287 0.2955 0.2955 0.3415 0.3415 0.284 0.284 0.284 0.287 0.287 0.3085 0.3085 0.3085 0.3085 0.334 0.334 0.334 0.237 0.237 0.2655 0.2655 0.24 0.24 0.24 0.2315 0.2315 0.2895 0.2895 0.3075 0.3075 0.3075 0.3165 0.3165 0.2695 0.2695 0.237 0.237 0.237 0.2345 0.2345 0.22 0.22 0.176 0.176 0.176 0.1665 0.1665 0.143 0.143 0.1955 0.1955 0.202 0.202 0.202 0.1975 0.1975 0.265 0.265 0.279 0.279 0.279 0.277 0.277 0.273 0.273 0.293 0.293 0.293 0.2895 0.2895 0.2785 0.2785 0.194 0.194 0.194 0.192
0.287 0.287 0.2955 0.2955 0.3415 0.3415 0.284 0.284 0.284 0.287 0.287 0.3085 0.3085 0.3085 0.3085 0.334 0.334 0.334 0.237 0.237 0.2655 0.2655 0.24 0.24 0.24 0.2315 0.2315 0.2895 0.2895 0.3075 0.3075 0.3075 0.3165 0.3165 0.2695 0.2695 0.237 0.237 0.237 0.2345 0.2345 0.22 0.22 0.176 0.176 0.176 0.1665 0.1665 0.143 0.143 0.1955 0.1955 0.202 0.202 0.202 0.1975 0.1975 0.265 0.265 0.279 0.279 0.279 0.277 0.277 0.273 0.273 0.293 0.293 0.293 0.2895 0.2895 0.2785 0.2785 0.194 0.194 0.194 0.192
0.287 0.287 0.2955 0.2955 0.3415 0.3415 0.284 0.284 0.284 0.287 0.287 0.3085 0.3085 0.3085 0.3085 0.334 0.334 0.334 0.237 0.237 0.2655 0.2655 0.24 0.24 0.24 0.2315 0.2315 0.2895 0.2895 0.3075 0.3075 0.3075 0.3165 0.3165 0.2695 0.2695 0.237 0.237 0.237 0.2345 0.2345 0.22 0.22 0.176 0.176 0.176 0.1665 0.1665 0.143 0.143 0.1955 0.1955 0.202 0.202 0.202 0.1975 0.1975 0.265 0.265 0.279 0.279 0.279 0.277 0.277 0.273 0.273 0.293 0.293 0.293 0.2895 0.2895 0.2785 0.2785 0.194 0.194 0.194 0.192
0.3215 0.3215 0.2905 0.2905 0.2535 0.2535 0.268 0.268 0.268 0.384 0.384 0.4035 0.4035 0.331 0.331 0.3815 0.3815 0.3815 0.3665 0.3665 0.311 0.311 0.244 0.244 0.244 0.2215 0.2215 0.2825 0.2825 0.3115 0.3115 0.3115 0.3195 0.3195 0.328 0.328 0.3335 0.3335 0.3335 0.3155 0.3155 0.255 0.255 0.221 0.221 0.221 0.17 0.17 0.206 0.206 0.2275 0.2275 0.2445 0.2445 0.2445 0.2535 0.2535 0.222 0.222 0.239 0.239 0.239 0.2675 0.2675 0.26 0.26 0.259 0.259 0.259 0.279 0.279 0.258 0.258 0.207 0.207 0.207 0.172
0.3215 0.3215 0.2905 0.2905 0.2535 0.2535 0.268 0.268 0.268 0.384 0.384 0.4035 0.4035 0.331 0.331 0.3815 0.3815 0.3815 0.3665 0.3665 0.311 0.311 0.244 0.244 0.244 0.2215 0.2215 0.2825 0.2825 0.3115 0.3115 0.3115 0.3195 0.3195 0.328 0.328 0.3335 0.3335 0.3335 0.3155 0.3155 0.255 0.255 0.221 0.221 0.221 0.17 0.17 0.206 0.206 0.2275 0.2275 0.2445 0.2445 0.2445 0.2535 0.2535 0.222 0.222 0.239 0.239 0.239 0.2675 0.2675 0.26 0.26 0.259 0.259 0.259 0.279 0.279 0.258 0.258 0.207 0.207 0.207 0.172
0.333 0.333 0.3315 0.3315 0.3285 0.3285 0.3085 0.3085 0.3085 0.3535 0.3535 0.3565 0.3565 0.3735 0.3735 0.3655 0.3655 0.3655 0.3575 0.3575 0.3175 0.3175 0.356 0.356 0.356 0.2685 0.2685 0.2685 0.2685 0.2595 0.2595 0.2595 0.3475 0.3475 0.3225 0.3225 0.2755 0.2755 0.2755 0.2945 0.2945 0.282 0.282 0.2725 0.2725 0.2725 0.2555 0.2555 0.253 0.253 0.2295 0.2295 0.232 0.232 0.232 0.2355 0.2355 0.258 0.258 0.303 0.303 0.303 0.349 0.349 0.325 0.325 0.2655 0.2655 0.2655 0.2555 0.2555 0.254 0.254 0.2495 0.2495 0.2495 0.229
