ndvi/NOAA-350.asc
ncols         252
nrows         154
xllcorner     -18.017974
yllcorner     13.481982
cellsize      0.035948
NODATA_value  -9999
[rows 35 to 69 of 154, columns 77 to 153 of 252]
0.1795 0.1795 0.176 0.176 0.1815 0.1815 0.1855 0.1855 0.1855 0.1595 0.1595 0.168 0.168 0.1655 0.1655 0.193 0.193 0.193 0.1885 0.1885 0.193 0.193 0.1985 0.1985 0.1985 0.201 0.201 0.1945 0.1945 0.1885 0.1885 0.1885 0.1795 0.1795 0.168 0.168 0.1745 0.1745 0.1745 0.1675 0.1675 0.1695 0.1695 0.2015 0.2015 0.2015 0.1915 0.1915 0.1745 0.1745 0.182 0.182 0.1815 0.1815 0.1815 0.191 0.191 0.1725 0.1725 0.187 0.187 0.187 0.1835 0.1835 0.191 0.191 0.1995 0.1995 0.1995 0.19 0.19 0.1545 0.1545 0.1465 0.1465 0.1465 0.153
0.1795 0.1795 0.176 0.176 0.1815 0.1815 0.1855 0.1855 0.1855 0.1595 0.1595 0.168 0.168 0.1655 0.1655 0.193 0.193 0.193 0.1885 0.1885 0.193 0.193 0.1985 0.1985 0.1985 0.201 0.201 0.1945 0.1945 0.1885 0.1885 0.1885 0.1795 0.1795 0.168 0.168 0.1745 0.1745 0.1745 0.1675 0.1675 0.1695 0.1695 0.2015 0.2015 0.2015 0.1915 0.1915 0.1745 0.1745 0.182 0.182 0.1815 0.1815 0.1815 0.191 0.191 0.1725 0.1725 0.187 0.187 0.187 0.1835 0.1835 0.191 0.191 0.1995 0.1995 0.1995 0.19 0.19 0.1545 0.1545 0.1465 0.1465 0.1465 0.153
0.1985 0.1985 0.1905 0.1905 0.2035 0.2035 0.185 0.185 0.185 0.167 0.167 0.172 0.172 0.1935 0.1935 0.1845 0.1845 0.1845 0.183 0.183 0.1875 0.1875 0.193 0.193 0.193 0.203 0.203 0.212 0.212 0.204 0.204 0.204 0.185 0.185 0.188 0.188 0.1745 0.1745 0.1745 0.174 0.174 0.1835 0.1835 0.2025 0.2025 0.2025 0.199 0.199 0.1905 0.1905 0.2025 0.2025 0.2025 0.2025 0.2025 0.2185 0.2185 0.2375 0.2375 0.2135 0.2135 0.2135 0.2025 0.2025 0.1985 0.1985 0.211 0.211 0.211 0.206 0.206 0.161 0.161 0.156 0.156 0.156 0.1525
0.1985 0.1985 0.1905 0.1905 0.2035 0.2035 0.185 0.185 0.185 0.167 0.167 0.172 0.172 0.1935 0.1935 0.1845 0.1845 0.1845 0.183 0.183 0.1875 0.1875 0.193 0.193 0.193 0.203 0.203 0.212 0.212 0.204 0.204 0.204 0.185 0.185 0.188 0.188 0.1745 0.1745 0.1745 0.174 0.174 0.1835 0.1835 0.2025 0.2025 0.2025 0.199 0.199 0.1905 0.1905 0.2025 0.2025 0.2025 0.2025 0.2025 0.2185 0.2185 0.2375 0.2375 0.2135 0.2135 0.2135 0.2025 0.2025 0.1985 0.1985 0.211 0.211 0.211 0.206 0.206 0.161 0.161 0.156 0.156 0.156 0.1525
0.1995 0.1995 0.1885 0.1885 0.1865 0.1865 0.1775 0.1775 0.1775 0.1795 0.1795 0.1785 0.1785 0.184 0.184 0.181 0.181 0.181 0.1735 0.1735 0.182 0.182 0.186 0.186 0.186 0.1835 0.1835 0.186 0.186 0.198 0.198 0.198 0.1975 0.1975 0.193 0.193 0.192 0.192 0.192 0.1905 0.1905 0.187 0.187 0.2015 0.2015 0.2015 0.213 0.213 0.211 0.211 0.2115 0.2115 0.242 0.242 0.242 0.221 0.221 0.211 0.211 0.2545 0.2545 0.2545 0.1935 0.1935 0.209 0.209 0.2065 0.2065 0.2065 0.2175 0.2175 0.155 0.155 0.188 0.188 0.188 0.1715
0.1995 0.1995 0.1885 0.1885 0.1865 0.1865 0.1775 0.1775 0.1775 0.1795 0.1795 0.1785 0.1785 0.184 0.184 0.181 0.181 0.181 0.1735 0.1735 0.182 0.182 0.186 0.186 0.186 0.1835 0.1835 0.186 0.186 0.198 0.198 0.198 0.1975 0.1975 0.193 0.193 0.192 0.192 0.192 0.1905 0.1905 0.187 0.187 0.2015 0.2015 0.2015 0.213 0.213 0.211 0.211 0.2115 0.2115 0.242 0.242 0.242 0.221 0.221 0.211 0.211 0.2545 0.2545 0.2545 0.1935 0.1935 0.209 0.209 0.2065 0.2065 0.2065 0.2175 0.2175 0.155 0.155 0.188 0.188 0.188 0.1715
0.209 0.209 0.1935 0.1935 0.1885 0.1885 0.176 0.176 0.176 0.1765 0.1765 0.18 0.18 0.189 0.189 0.1855 0.1855 0.1855 0.178 0.178 0.187 0.187 0.1915 0.1915 0.1915 0.1895 0.1895 0.1845 0.1845 0.192 0.192 0.192 0.189 0.189 0.195 0.195 0.1945 0.1945 0.1945 0.1885 0.1885 0.1995 0.1995 0.2055 0.2055 0.2055 0.2115 0.2115 0.203 0.203 0.214 0.214 0.296 0.296 0.296 0.2105 0.2105 0.28 0.28 0.2525 0.2525 0.2525 0.1875 0.1875 0.1925 0.1925 0.1505 0.1505 0.1505 0.169 0.169 0.176 0.176 0.1535 0.1535 0.1535 0.153
0.209 0.209 0.1935 0.1935 0.1885 0.1885 0.176 0.176 0.176 0.1765 0.1765 0.18 0.18 0.189 0.189 0.1855 0.1855 0.1855 0.178 0.178 0.187 0.187 0.1915 0.1915 0.1915 0.1895 0.1895 0.1845 0.1845 0.192 0.192 0.192 0.189 0.189 0.195 0.195 0.1945 0.1945 0.1945 0.1885 0.1885 0.1995 0.1995 0.2055 0.2055 0.2055 0.2115 0.2115 0.203 0.203 0.214 0.214 0.296 0.296 0.296 0.2105 0.2105 0.28 0.28 0.2525 0.2525 0.2525 0.1875 0.1875 0.1925 0.1925 0.1505 0.1505 0.1505 0.169 0.169 0.176 0.176 0.1535 0.1535 0.1535 0.153
0.209 0.209 0.1935 0.1935 0.1885 0.1885 0.176 0.176 0.176 0.1765 0.1765 0.18 0.18 0.189 0.189 0.1855 0.1855 0.1855 0.178 0.178 0.187 0.187 0.1915 0.1915 0.1915 0.1895 0.1895 0.1845 0.1845 0.192 0.192 0.192 0.189 0.189 0.195 0.195 0.1945 0.1945 0.1945 0.1885 0.1885 0.1995 0.1995 0.2055 0.2055 0.2055 0.2115 0.2115 0.203 0.203 0.214 0.214 0.296 0.296 0.296 0.2105 0.2105 0.28 0.28 0.2525 0.2525 0.2525 0.1875 0.1875 0.1925 0.1925 0.1505 0.1505 0.1505 0.169 0.169 0.176 0.176 0.1535 0.1535 0.1535 0.153
0.2265 0.2265 0.2035 0.2035 0.184 0.184 0.1835 0.1835 0.1835 0.188 0.188 0.19 0.19 0.19 0.19 0.1895 0.1895 0.1895 0.1735 0.1735 0.183 0.183 0.1875 0.1875 0.1875 0.1875 0.1875 0.1945 0.1945 0.1855 0.1855 0.1855 0.1895 0.1895 0.203 0.203 0.214 0.214 0.214 0.219 0.219 0.189 0.189 0.1795 0.1795 0.1795 0.2135 0.2135 0.222 0.222 0.207 0.207 0.219 0.219 0.219 0.224 0.224 0.2235 0.2235 0.199 0.199 0.199 0.202 0.202 0.1655 0.1655 0.156 0.156 0.156 0.1595 0.1595 0.15 0.15 0.1675 0.1675 0.1675 0.151
0.2265 0.2265 0.2035 0.2035 0.184 0.184 0.1835 0.1835 0.1835 0.188 0.188 0.19 0.19 0.19 0.19 0.1895 0.1895 0.1895 0.1735 0.1735 0.183 0.183 0.1875 0.1875 0.1875 0.1875 0.1875 0.1945 0.1945 0.1855 0.1855 0.1855 0.1895 0.1895 0.203 0.203 0.214 0.214 0.214 0.219 0.219 0.189 0.189 0.1795 0.1795 0.1795 0.2135 0.2135 0.222 0.222 0.207 0.207 0.219 0.219 0.219 0.224 0.224 0.2235 0.2235 0.199 0.199 0.199 0.202 0.202 0.1655 0.1655 0.156 0.156 0.156 0.1595 0.1595 0.15 0.15 0.1675 0.1675 0.1675 0.151
0.2015 0.2015 0.1855 0.1855 0.182 0.182 0.1875 0.1875 0.1875 0.182 0.182 0.1875 0.1875 0.1835 0.1835 0.1785 0.1785 0.1785 0.1885 0.1885 0.184 0.184 0.183 0.183 0.183 0.198 0.198 0.194 0.194 0.203 0.203 0.203 0.217 0.217 0.25 0.25 0.23 0.23 0.23 0.167 0.167 0.1715 0.1715 0.181 0.181 0.181 0.209 0.209 0.236 0.236 0.2135 0.2135 0.2105 0.2105 0.2105 0.227 0.227 0.2185 0.2185 0.222 0.222 0.222 0.192 0.192 0.182 0.182 0.1665 0.1665 0.1665 0.1885 0.1885 0.179 0.179 0.155 0.155 0.155 0.171
0.2015 0.2015 0.1855 0.1855 0.182 0.182 0.1875 0.1875 0.1875 0.182 0.182 0.1875 0.1875 0.1835 0.1835 0.1785 0.1785 0.1785 0.1885 0.1885 0.184 0.184 0.183 0.183 0.183 0.198 0.198 0.194 0.194 0.203 0.203 0.203 0.217 0.217 0.25 0.25 0.23 0.23 0.23 0.167 0.167 0.1715 0.1715 0.181 0.181 0.181 0.209 0.209 0.236 0.236 0.2135 0.2135 0.2105 0.2105 0.2105 0.227 0.227 0.2185 0.2185 0.222 0.222 0.222 0.192 0.192 0.182 0.182 0.1665 0.1665 0.1665 0.1885 0.1885 0.179 0.179 0.155 0.155 0.155 0.171
0.222 0.222 0.1865 0.1865 0.1885 0.1885 0.1865 0.1865 0.1865 0.1805 0.1805 0.1675 0.1675 0.1855 0.1855 0.1995 0.1995 0.1995 0.208 0.208 0.2125 0.2125 0.202 0.202 0.202 0.194 0.194 0.2035 0.2035 0.1865 0.1865 0.1865 0.2235 0.2235 0.283 0.283 0.186 0.186 0.186 0.1875 0.1875 0.1845 0.1845 0.185 0.185 0.185 0.206 0.206 0.231 0.231 0.2425 0.2425 0.223 0.223 0.223 0.2215 0.2215 0.217 0.217 0.213 0.213 0.213 0.2125 0.2125 0.2015 0.2015 0.1915 0.1915 0.1915 0.2065 0.2065 0.185 0.185 0.169 0.169 0.169 0.1635
0.222 0.222 0.1865 0.1865 0.1885 0.1885 0.1865 0.1865 0.1865 0.1805 0.1805 0.1675 0.1675 0.1855 0.1855 0.1995 0.1995 0.1995 0.208 0.208 0.2125 0.2125 0.202 0.202 0.202 0.194 0.194 0.2035 0.2035 0.1865 0.1865 0.1865 0.2235 0.2235 0.283 0.283 0.186 0.186 0.186 0.1875 0.1875 0.1845 0.1845 0.185 0.185 0.185 0.206 0.206 0.231 0.231 0.2425 0.2425 0.223 0.223 0.223 0.2215 0.2215 0.217 0.217 0.213 0.213 0.213 0.2125 0.2125 0.2015 0.2015 0.1915 0.1915 0.1915 0.2065 0.2065 0.185 0.185 0.169 0.169 0.169 0.1635
0.222 0.222 0.1865 0.1865 0.1885 0.1885 0.1865 0.1865 0.1865 0.1805 0.1805 0.1675 0.1675 0.1855 0.1855 0.1995 0.1995 0.1995 0.208 0.208 0.2125 0.2125 0.202 0.202 0.202 0.194 0.194 0.2035 0.2035 0.1865 0.1865 0.1865 0.2235 0.2235 0.283 0.283 0.186 0.186 0.186 0.1875 0.1875 0.1845 0.1845 0.185 0.185 0.185 0.206 0.206 0.231 0.231 0.2425 0.2425 0.223 0.223 0.223 0.2215 0.2215 0.217 0.217 0.213 0.213 0.213 0.2125 0.2125 0.2015 0.2015 0.1915 0.1915 0.1915 0.2065 0.2065 0.185 0.185 0.169 0.169 0.169 0.1635
0.2035 0.2035 0.207 0.207 0.1995 0.1995 0.2045 0.2045 0.2045 0.195 0.195 0.2005 0.2005 0.217 0.217 0.2085 0.2085 0.2085 0.2085 0.2085 0.2255 0.2255 0.2185 0.2185 0.2185 0.1965 0.1965 0.2235 0.2235 0.2215 0.2215 0.2215 0.1785 0.1785 0.215 0.215 0.2075 0.2075 0.2075 0.163 0.163 0.1795 0.1795 0.1695 0.1695 0.1695 0.185 0.185 0.1755 0.1755 0.226 0.226 0.2205 0.2205 0.2205 0.226 0.226 0.217 0.217 0.203 0.203 0.203 0.217 0.217 0.2165 0.2165 0.2195 0.2195 0.2195 0.2215 0.2215 0.2335 0.2335 0.22 0.22 0.22 0.168
0.2035 0.2035 0.207 0.207 0.1995 0.1995 0.2045 0.2045 0.2045 0.195 0.195 0.2005 0.2005 0.217 0.217 0.2085 0.2085 0.2085 0.2085 0.2085 0.2255 0.2255 0.2185 0.2185 0.2185 0.1965 0.1965 0.2235 0.2235 0.2215 0.2215 0.2215 0.1785 0.1785 0.215 0.215 0.2075 0.2075 0.2075 0.163 0.163 0.1795 0.1795 0.1695 0.1695 0.1695 0.185 0.185 0.1755 0.1755 0.226 0.226 0.2205 0.2205 0.2205 0.226 0.226 0.217 0.217 0.203 0.203 0.203 0.217 0.217 0.2165 0.2165 0.2195 0.2195 0.2195 0.2215 0.2215 0.2335 0.2335 0.22 0.22 0.22 0.168
0.2205 0.2205 0.2245 0.2245 0.211 0.211 0.199 0.199 0.199 0.211 0.211 0.2095 0.2095 0.211 0.211 0.2 0.2 0.2 0.2155 0.2155 0.2055 0.2055 0.213 0.213 0.213 0.211 0.211 0.2035 0.2035 0.2035 0.2035 0.2035 0.2 0.2 0.23 0.23 0.234 0.234 0.234 0.2085 0.2085 0.178 0.178 0.163 0.163 0.163 0.2015 0.2015 0.1915 0.1915 0.203 0.203 0.215 0.215 0.215 0.2345 0.2345 0.2525 0.2525 0.2615 0.2615 0.2615 0.2585 0.2585 0.2485 0.2485 0.216 0.216 0.216 0.232 0.232 0.2345 0.2345 0.2155 0.2155 0.2155 0.135
0.2205 0.2205 0.2245 0.2245 0.211 0.211 0.199 0.199 0.199 0.211 0.211 0.2095 0.2095 0.211 0.211 0.2 0.2 0.2 0.2155 0.2155 0.2055 0.2055 0.213 0.213 0.213 0.211 0.211 0.2035 0.2035 0.2035 0.2035 0.2035 0.2 0.2 0.23 0.23 0.234 0.234 0.234 0.2085 0.2085 0.178 0.178 0.163 0.163 0.163 0.2015 0.2015 0.1915 0.1915 0.203 0.203 0.215 0.215 0.215 0.2345 0.2345 0.2525 0.2525 0.2615 0.2615 0.2615 0.2585 0.2585 0.2485 0.2485 0.216 0.216 0.216 0.232 0.232 0.2345 0.2345 0.2155 0.2155 0.2155 0.135
0.2785 0.2785 0.2475 0.2475 0.2295 0.2295 0.2235 0.2235 0.2235 0.2235 0.2235 0.2185 0.2185 0.215 0.215 0.2135 0.2135 0.2135 0.219 0.219 0.2015 0.2015 0.207 0.207 0.207 0.204 0.204 0.2075 0.2075 0.222 0.222 0.222 0.2055 0.2055 0.194 0.194 0.226 0.226 0.226 0.221 0.221 0.1585 0.1585 0.163 0.163 0.163 0.154 0.154 0.202 0.202 0.217 0.217 0.257 0.257 0.257 0.2635 0.2635 0.256 0.256 0.275 0.275 0.275 0.2475 0.2475 0.2605 0.2605 0.262 0.262 0.262 0.205 0.205 0.217 0.217 0.202 0.202 0.202 0.13
0.2785 0.2785 0.2475 0.2475 0.2295 0.2295 0.2235 0.2235 0.2235 0.2235 0.2235 0.2185 0.2185 0.215 0.215 0.2135 0.2135 0.2135 0.219 0.219 0.2015 0.2015 0.207 0.207 0.207 0.204 0.204 0.2075 0.2075 0.222 0.222 0.222 0.2055 0.2055 0.194 0.194 0.226 0.226 0.226 0.221 0.221 0.1585 0.1585 0.163 0.163 0.163 0.154 0.154 0.202 0.202 0.217 0.217 0.257 0.257 0.257 0.2635 0.2635 0.256 0.256 0.275 0.275 0.275 0.2475 0.2475 0.2605 0.2605 0.262 0.262 0.262 0.205 0.205 0.217 0.217 0.202 0.202 0.202 0.13
0.2745 0.2745 0.2405 0.2405 0.2335 0.2335 0.2355 0.2355 0.2355 0.226 0.226 0.2055 0.2055 0.21 0.21 0.2045 0.2045 0.2045 0.21 0.21 0.215 0.215 0.211 0.211 0.211 0.2165 0.2165 0.223 0.223 0.232 0.232 0.232 0.222 0.222 0.202 0.202 0.216 0.216 0.216 0.2125 0.2125 0.1895 0.1895 0.1955 0.1955 0.1955 0.1735 0.1735 0.192 0.192 0.1955 0.1955 0.2105 0.2105 0.2105 0.256 0.256 0.2785 0.2785 0.285 0.285 0.285 0.278 0.278 0.2725 0.2725 0.2555 0.2555 0.2555 0.239 0.239 0.187 0.187 0.196 0.196 0.196 0.127
0.2745 0.2745 0.2405 0.2405 0.2335 0.2335 0.2355 0.2355 0.2355 0.226 0.226 0.2055 0.2055 0.21 0.21 0.2045 0.2045 0.2045 0.21 0.21 0.215 0.215 0.211 0.211 0.211 0.2165 0.2165 0.223 0.223 0.232 0.232 0.232 0.222 0.222 0.202 0.202 0.216 0.216 0.216 0.2125 0.2125 0.1895 0.1895 0.1955 0.1955 0.1955 0.1735 0.1735 0.192 0.192 0.1955 0.1955 0.2105 0.2105 0.2105 0.256 0.256 0.2785 0.2785 0.285 0.285 0.285 0.278 0.278 0.2725 0.2725 0.2555 0.2555 0.2555 0.239 0.239 0.187 0.187 0.196 0.196 0.196 0.127
0.2745 0.2745 0.2405 0.2405 0.2335 0.2335 0.2355 0.2355 0.2355 0.226 0.226 0.2055 0.2055 0.21 0.21 0.2045 0.2045 0.2045 0.21 0.21 0.215 0.215 0.211 0.211 0.211 0.2165 0.2165 0.223 0.223 0.232 0.232 0.232 0.222 0.222 0.202 0.202 0.216 0.216 0.216 0.2125 0.2125 0.1895 0.1895 0.1955 0.1955 0.1955 0.1735 0.1735 0.192 0.192 0.1955 0.1955 0.2105 0.2105 0.2105 0.256 0.256 0.2785 0.2785 0.285 0.285 0.285 0.278 0.278 0.2725 0.2725 0.2555 0.2555 0.2555 0.239 0.239 0.187 0.187 0.196 0.196 0.196 0.127
0.2675 0.2675 0.2525 0.2525 0.2505 0.2505 0.2555 0.2555 0.2555 0.237 0.237 0.2145 0.2145 0.252 0.252 0.246 0.246 0.246 0.2195 0.2195 0.224 0.224 0.2365 0.2365 0.2365 0.2345 0.2345 0.2415 0.2415 0.244 0.244 0.244 0.2495 0.2495 0.2465 0.2465 0.221 0.221 0.221 0.1865 0.1865 0.162 0.162 0.2025 0.2025 0.2025 0.208 0.208 0.1595 0.1595 0.1305 0.1305 0.1545 0.1545 0.1545 0.173 0.173 0.258 0.258 0.301 0.301 0.301 0.3115 0.3115 0.288 0.288 0.301 0.301 0.301 0.26 0.26 0.2525 0.2525 0.2195 0.2195 0.2195 0.151
0.2675 0.2675 0.2525 0.2525 0.2505 0.2505 0.2555 0.2555 0.2555 0.237 0.237 0.2145 0.2145 0.252 0.252 0.246 0.246 0.246 0.2195 0.2195 0.224 0.224 0.2365 0.2365 0.2365 0.2345 0.2345 0.2415 0.2415 0.244 0.244 0.244 0.2495 0.2495 0.2465 0.2465 0.221 0.221 0.221 0.1865 0.1865 0.162 0.162 0.2025 0.2025 0.2025 0.208 0.208 0.1595 0.1595 0.1305 0.1305 0.1545 0.1545 0.1545 0.173 0.173 0.258 0.258 0.301 0.301 0.301 0.3115 0.3115 0.288 0.288 0.301 0.301 0.301 0.26 0.26 0.2525 0.2525 0.2195 0.2195 0.2195 0.151
0.2955 0.2955 0.345 0.345 0.279 0.279 0.2655 0.2655 0.2655 0.348 0.348 0.3575 0.3575 0.27 0.27 0.2345 0.2345 0.2345 0.2375 0.2375 0.2745 0.2745 0.215 0.215 0.215 0.318 0.318 0.273 0.273 0.232 0.232 0.232 0.2555 0.2555 0.258 0.258 0.2415 0.2415 0.2415 0.216 0.216 0.195 0.195 0.1805 0.1805 0.1805 0.171 0.171 0.1655 0.1655 0.1865 0.1865 0.183 0.183 0.183 0.2115 0.2115 0.2545 0.2545 0.279 0.279 0.279 0.297 0.297 0.274 0.274 0.2265 0.2265 0.2265 0.2025 0.2025 0.242 0.242 0.215 0.215 0.215 0.1645
0.2955 0.2955 0.345 0.345 0.279 0.279 0.2655 0.2655 0.2655 0.348 0.348 0.3575 0.3575 0.27 0.27 0.2345 0.2345 0.2345 0.2375 0.2375 0.2745 0.2745 0.215 0.215 0.215 0.318 0.318 0.273 0.273 0.232 0.232 0.232 0.2555 0.2555 0.258 0.258 0.2415 0.2415 0.2415 0.216 0.216 0.195 0.195 0.1805 0.1805 0.1805 0.171 0.171 0.1655 0.1655 0.1865 0.1865 0.183 0.183 0.183 0.2115 0.2115 0.2545 0.2545 0.279 0.279 0.279 0.297 0.297 0.274 0.274 0.2265 0.2265 0.2265 0.2025 0.2025 0.242 0.242 0.215 0.215 0.215 0.1645
0.3415 0.3415 0.3295 0.3295 0.2745 0.2745 0.315 0.315 0.315 0.2885 0.2885 0.278 0.278 0.3245 0.3245 0.262 0.262 0.262 0.2795 0.2795 0.292 0.292 0.2705 0.2705 0.2705 0.283 0.283 0.2525 0.2525 0.233 0.233 0.233 0.23 0.23 0.238 0.238 0.226 0.226 0.226 0.2225 0.2225 0.2225 0.2225 0.1915 0.1915 0.1915 0.1875 0.1875 0.1645 0.1645 0.164 0.164 0.223 0.223 0.223 0.2355 0.2355 0.222 0.222 0.2885 0.2885 0.2885 0.267 0.267 0.2535 0.2535 0.2475 0.2475 0.2475 0.2845 0.2845 0.2715 0.2715 0.2275 0.2275 0.2275 0.184
0.3415 0.3415 0.3295 0.3295 0.2745 0.2745 0.315 0.315 0.315 0.2885 0.2885 0.278 0.278 0.3245 0.3245 0.262 0.262 0.262 0.2795 0.2795 0.292 0.292 0.2705 0.2705 0.2705 0.283 0.283 0.2525 0.2525 0.233 0.233 0.233 0.23 0.23 0.238 0.238 0.226 0.226 0.226 0.2225 0.2225 0.2225 0.2225 0.1915 0.1915 0.1915 0.1875 0.1875 0.1645 0.1645 0.164 0.164 0.223 0.223 0.223 0.2355 0.2355 0.222 0.222 0.2885 0.2885 0.2885 0.267 0.267 0.2535 0.2535 0.2475 0.2475 0.2475 0.2845 0.2845 0.2715 0.2715 0.2275 0.2275 0.2275 0.184
0.3415 0.3415 0.3295 0.3295 0.2745 0.2745 0.315 0.315 0.315 0.2885 0.2885 0.278 0.278 0.3245 0.3245 0.262 0.262 0.262 0.2795 0.2795 0.292 0.292 0.2705 0.2705 0.2705 0.283 0.283 0.2525 0.2525 0.233 0.233 0.233 0.23 0.23 0.238 0.238 0.226 0.226 0.226 0.2225 0.2225 0.2225 0.2225 0.1915 0.1915 0.1915 0.1875 0.1875 0.1645 0.1645 0.164 0.164 0.223 0.223 0.223 0.2355 0.2355 0.222 0.222 0.2885 0.2885 0.2885 0.267 0.267 0.2535 0.2535 0.2475 0.2475 0.2475 0.2845 0.2845 0.2715 0.2715 0.2275 0.2275 0.2275 0.184
0.283 0.283 0.369 0.369 0.283 0.283 0.2795 0.2795 0.2795 0.358 0.358 0.275 0.275 0.3095 0.3095 0.2885 0.2885 0.2885 0.295 0.295 0.286 0.286 0.285 0.285 0.285 0.296 0.296 0.2385 0.2385 0.2385 0.2385 0.2385 0.2405 0.2405 0.228 0.228 0.2285 0.2285 0.2285 0.2325 0.2325 0.242 0.242 0.213 0.213 0.213 0.1745 0.1745 0.194 0.194 0.2055 0.2055 0.223 0.223 0.223 0.264 0.264 0.2475 0.2475 0.255 0.255 0.255 0.257 0.257 0.283 0.283 0.272 0.272 0.272 0.2515 0.2515 0.233 0.233 0.1835 0.1835 0.1835 0.1925
0.283 0.283 0.369 0.369 0.283 0.283 0.2795 0.2795 0.2795 0.358 0.358 0.275 0.275 0.3095 0.3095 0.2885 0.2885 0.2885 0.295 0.295 0.286 0.286 0.285 0.285 0.285 0.296 0.296 0.2385 0.2385 0.2385 0.2385 0.2385 0.2405 0.2405 0.228 0.228 0.2285 0.2285 0.2285 0.2325 0.2325 0.242 0.242 0.213 0.213 0.213 0.1745 0.1745 0.194 0.194 0.2055 0.2055 0.223 0.223 0.223 0.264 0.264 0.2475 0.2475 0.255 0.255 0.255 0.257 0.257 0.283 0.283 0.272 0.272 0.272 0.2515 0.2515 0.233 0.233 0.1835 0.1835 0.1835 0.1925
0.258 0.258 0.253 0.253 0.239 0.239 0.2555 0.2555 0.2555 0.2355 0.2355 0.256 0.256 0.251 0.251 0.2365 0.2365 0.2365 0.251 0.251 0.2315 0.2315 0.3055 0.3055 0.3055 0.373 0.373 0.317 0.317 0.2705 0.2705 0.2705 0.232 0.232 0.2325 0.2325 0.232 0.232 0.232 0.2495 0.2495 0.2525 0.2525 0.2285 0.2285 0.2285 0.189 0.189 0.2105 0.2105 0.2175 0.2175 0.226 0.226 0.226 0.225 0.225 0.2515 0.2515 0.22 0.22 0.22 0.234 0.234 0.267 0.267 0.2555 0.2555 0.2555 0.2415 0.2415 0.254 0.254 0.2255 0.2255 0.2255 0.1885
