ndvi/NOAA-281.asc
ncols         252
nrows         154
xllcorner     -18.017974
yllcorner     13.481982
cellsize      0.035948
NODATA_value  -9999
[rows 68 to 101 of 154, columns 76 to 151 of 252]
0.2471 0.2471 0.2471 0.2331 0.2331 0.2376 0.2376 0.2672 0.2672 0.2672 0.2836 0.2836 0.3251 0.3251 0.2797 0.2797 0.2736 0.2736 0.2736 0.2706 0.2706 0.2796 0.2796 0.238 0.238 0.238 0.2235 0.2235 0.2121 0.2121 0.2031 0.2031 0.2031 0.2357 0.2357 0.2452 0.2452 0.2371 0.2371 0.2371 0.2462 0.2462 0.2442 0.2442 0.2382 0.2382 0.2382 0.177 0.177 0.1961 0.1961 0.1981 0.1981 0.2205 0.2205 0.2205 0.2211 0.2211 0.2421 0.2421 0.2336 0.2336 0.2336 0.2426 0.2426 0.2471 0.2471 0.2391 0.2391 0.2391 0.2337 0.2337 0.2437 0.2437 0.2066 0.2066
0.2172 0.2172 0.2172 0.2312 0.2312 0.2407 0.2407 0.2392 0.2392 0.2392 0.2527 0.2527 0.2537 0.2537 0.2482 0.2482 0.2462 0.2462 0.2462 0.2222 0.2222 0.2382 0.2382 0.2782 0.2782 0.2782 0.2686 0.2686 0.2157 0.2157 0.1982 0.1982 0.1982 0.2151 0.2151 0.2357 0.2357 0.2327 0.2327 0.2327 0.2447 0.2447 0.2627 0.2627 0.2226 0.2226 0.2226 0.1911 0.1911 0.1951 0.1951 0.2047 0.2047 0.2087 0.2087 0.2087 0.2291 0.2291 0.2341 0.2341 0.2225 0.2225 0.2225 0.2391 0.2391 0.242 0.242 0.2271 0.2271 0.2271 0.2367 0.2367 0.2327 0.2327 0.2146 0.2146
0.2172 0.2172 0.2172 0.2312 0.2312 0.2407 0.2407 0.2392 0.2392 0.2392 0.2527 0.2527 0.2537 0.2537 0.2482 0.2482 0.2462 0.2462 0.2462 0.2222 0.2222 0.2382 0.2382 0.2782 0.2782 0.2782 0.2686 0.2686 0.2157 0.2157 0.1982 0.1982 0.1982 0.2151 0.2151 0.2357 0.2357 0.2327 0.2327 0.2327 0.2447 0.2447 0.2627 0.2627 0.2226 0.2226 0.2226 0.1911 0.1911 0.1951 0.1951 0.2047 0.2047 0.2087 0.2087 0.2087 0.2291 0.2291 0.2341 0.2341 0.2225 0.2225 0.2225 0.2391 0.2391 0.242 0.242 0.2271 0.2271 0.2271 0.2367 0.2367 0.2327 0.2327 0.2146 0.2146
0.2107 0.2107 0.2107 0.2127 0.2127 0.2157 0.2157 0.2192 0.2192 0.2192 0.2267 0.2267 0.2262 0.2262 0.2247 0.2247 0.2326 0.2326 0.2326 0.2216 0.2216 0.2351 0.2351 0.2626 0.2626 0.2626 0.2966 0.2966 0.2852 0.2852 0.2296 0.2296 0.2296 0.2157 0.2157 0.2137 0.2137 0.2382 0.2382 0.2382 0.2472 0.2472 0.2531 0.2531 0.2382 0.2382 0.2382 0.2081 0.2081 0.2032 0.2032 0.2007 0.2007 0.2352 0.2352 0.2352 0.2276 0.2276 0.2371 0.2371 0.2346 0.2346 0.2346 0.2687 0.2687 0.2521 0.2521 0.2256 0.2256 0.2256 0.2297 0.2297 0.2297 0.2297 0.2306 0.2306
0.2107 0.2107 0.2107 0.2127 0.2127 0.2157 0.2157 0.2192 0.2192 0.2192 0.2267 0.2267 0.2262 0.2262 0.2247 0.2247 0.2326 0.2326 0.2326 0.2216 0.2216 0.2351 0.2351 0.2626 0.2626 0.2626 0.2966 0.2966 0.2852 0.2852 0.2296 0.2296 0.2296 0.2157 0.2157 0.2137 0.2137 0.2382 0.2382 0.2382 0.2472 0.2472 0.2531 0.2531 0.2382 0.2382 0.2382 0.2081 0.2081 0.2032 0.2032 0.2007 0.2007 0.2352 0.2352 0.2352 0.2276 0.2276 0.2371 0.2371 0.2346 0.2346 0.2346 0.2687 0.2687 0.2521 0.2521 0.2256 0.2256 0.2256 0.2297 0.2297 0.2297 0.2297 0.2306 0.2306
0.2107 0.2107 0.2107 0.2127 0.2127 0.2157 0.2157 0.2192 0.2192 0.2192 0.2267 0.2267 0.2262 0.2262 0.2247 0.2247 0.2326 0.2326 0.2326 0.2216 0.2216 0.2351 0.2351 0.2626 0.2626 0.2626 0.2966 0.2966 0.2852 0.2852 0.2296 0.2296 0.2296 0.2157 0.2157 0.2137 0.2137 0.2382 0.2382 0.2382 0.2472 0.2472 0.2531 0.2531 0.2382 0.2382 0.2382 0.2081 0.2081 0.2032 0.2032 0.2007 0.2007 0.2352 0.2352 0.2352 0.2276 0.2276 0.2371 0.2371 0.2346 0.2346 0.2346 0.2687 0.2687 0.2521 0.2521 0.2256 0.2256 0.2256 0.2297 0.2297 0.2297 0.2297 0.2306 0.2306
0.2316 0.2316 0.2316 0.2412 0.2412 0.2317 0.2317 0.2322 0.2322 0.2322 0.2492 0.2492 0.2327 0.2327 0.2122 0.2122 0.2096 0.2096 0.2096 0.2191 0.2191 0.235 0.235 0.2385 0.2385 0.2385 0.2565 0.2565 0.241 0.241 0.2647 0.2647 0.2647 0.2847 0.2847 0.2346 0.2346 0.2006 0.2006 0.2006 0.2037 0.2037 0.2207 0.2207 0.1847 0.1847 0.1847 0.2006 0.2006 0.2447 0.2447 0.2231 0.2231 0.2366 0.2366 0.2366 0.2306 0.2306 0.2122 0.2122 0.2101 0.2101 0.2101 0.2177 0.2177 0.2391 0.2391 0.2366 0.2366 0.2366 0.2206 0.2206 0.2086 0.2086 0.1756 0.1756
0.2316 0.2316 0.2316 0.2412 0.2412 0.2317 0.2317 0.2322 0.2322 0.2322 0.2492 0.2492 0.2327 0.2327 0.2122 0.2122 0.2096 0.2096 0.2096 0.2191 0.2191 0.235 0.235 0.2385 0.2385 0.2385 0.2565 0.2565 0.241 0.241 0.2647 0.2647 0.2647 0.2847 0.2847 0.2346 0.2346 0.2006 0.2006 0.2006 0.2037 0.2037 0.2207 0.2207 0.1847 0.1847 0.1847 0.2006 0.2006 0.2447 0.2447 0.2231 0.2231 0.2366 0.2366 0.2366 0.2306 0.2306 0.2122 0.2122 0.2101 0.2101 0.2101 0.2177 0.2177 0.2391 0.2391 0.2366 0.2366 0.2366 0.2206 0.2206 0.2086 0.2086 0.1756 0.1756
0.2331 0.2331 0.2331 0.2457 0.2457 0.2457 0.2457 0.2526 0.2526 0.2526 0.2337 0.2337 0.2291 0.2291 0.2125 0.2125 0.2075 0.2075 0.2075 0.229 0.229 0.223 0.223 0.2245 0.2245 0.2245 0.236 0.236 0.226 0.226 0.241 0.241 0.241 0.2627 0.2627 0.3037 0.3037 0.2481 0.2481 0.2481 0.2191 0.2191 0.214 0.214 0.1792 0.1792 0.1792 0.1861 0.1861 0.2191 0.2191 0.2191 0.2191 0.2117 0.2117 0.2117 0.1956 0.1956 0.2356 0.2356 0.2047 0.2047 0.2047 0.1967 0.1967 0.2206 0.2206 0.2005 0.2005 0.2005 0.205 0.205 0.1789 0.1789 0.114 0.114
0.2331 0.2331 0.2331 0.2457 0.2457 0.2457 0.2457 0.2526 0.2526 0.2526 0.2337 0.2337 0.2291 0.2291 0.2125 0.2125 0.2075 0.2075 0.2075 0.229 0.229 0.223 0.223 0.2245 0.2245 0.2245 0.236 0.236 0.226 0.226 0.241 0.241 0.241 0.2627 0.2627 0.3037 0.3037 0.2481 0.2481 0.2481 0.2191 0.2191 0.214 0.214 0.1792 0.1792 0.1792 0.1861 0.1861 0.2191 0.2191 0.2191 0.2191 0.2117 0.2117 0.2117 0.1956 0.1956 0.2356 0.2356 0.2047 0.2047 0.2047 0.1967 0.1967 0.2206 0.2206 0.2005 0.2005 0.2005 0.205 0.205 0.1789 0.1789 0.114 0.114
0.2162 0.2162 0.2162 0.2247 0.2247 0.2202 0.2202 0.2132 0.2132 0.2132 0.2165 0.2165 0.224 0.224 0.2172 0.2172 0.214 0.214 0.214 0.2275 0.2275 0.2105 0.2105 0.2101 0.2101 0.2101 0.226 0.226 0.2286 0.2286 0.2301 0.2301 0.2301 0.2365 0.2365 0.2571 0.2571 0.2732 0.2732 0.2732 0.2325 0.2325 0.2261 0.2261 0.2015 0.2015 0.2015 0.2051 0.2051 0.1945 0.1945 0.1961 0.1961 0.2116 0.2116 0.2116 0.2027 0.2027 0.2181 0.2181 0.1912 0.1912 0.1912 0.1971 0.1971 0.1907 0.1907 0.2125 0.2125 0.2125 0.1935 0.1935 0.194 0.194 0.1635 0.1635
0.2162 0.2162 0.2162 0.2247 0.2247 0.2202 0.2202 0.2132 0.2132 0.2132 0.2165 0.2165 0.224 0.224 0.2172 0.2172 0.214 0.214 0.214 0.2275 0.2275 0.2105 0.2105 0.2101 0.2101 0.2101 0.226 0.226 0.2286 0.2286 0.2301 0.2301 0.2301 0.2365 0.2365 0.2571 0.2571 0.2732 0.2732 0.2732 0.2325 0.2325 0.2261 0.2261 0.2015 0.2015 0.2015 0.2051 0.2051 0.1945 0.1945 0.1961 0.1961 0.2116 0.2116 0.2116 0.2027 0.2027 0.2181 0.2181 0.1912 0.1912 0.1912 0.1971 0.1971 0.1907 0.1907 0.2125 0.2125 0.2125 0.1935 0.1935 0.194 0.194 0.1635 0.1635
0.2191 0.2191 0.2191 0.2255 0.2255 0.2105 0.2105 0.2166 0.2166 0.2166 0.2257 0.2257 0.2347 0.2347 0.1865 0.1865 0.1997 0.1997 0.1997 0.197 0.197 0.2 0.2 0.212 0.212 0.212 0.2105 0.2105 0.2155 0.2155 0.2125 0.2125 0.2125 0.217 0.217 0.2516 0.2516 0.2226 0.2226 0.2226 0.2136 0.2136 0.2101 0.2101 0.21 0.21 0.21 0.216 0.216 0.205 0.205 0.2116 0.2116 0.2202 0.2202 0.2202 0.2036 0.2036 0.2076 0.2076 0.2101 0.2101 0.2101 0.2235 0.2235 0.187 0.187 0.186 0.186 0.186 0.18 0.18 0.1706 0.1706 0.1496 0.1496
0.2191 0.2191 0.2191 0.2255 0.2255 0.2105 0.2105 0.2166 0.2166 0.2166 0.2257 0.2257 0.2347 0.2347 0.1865 0.1865 0.1997 0.1997 0.1997 0.197 0.197 0.2 0.2 0.212 0.212 0.212 0.2105 0.2105 0.2155 0.2155 0.2125 0.2125 0.2125 0.217 0.217 0.2516 0.2516 0.2226 0.2226 0.2226 0.2136 0.2136 0.2101 0.2101 0.21 0.21 0.21 0.216 0.216 0.205 0.205 0.2116 0.2116 0.2202 0.2202 0.2202 0.2036 0.2036 0.2076 0.2076 0.2101 0.2101 0.2101 0.2235 0.2235 0.187 0.187 0.186 0.186 0.186 0.18 0.18 0.1706 0.1706 0.1496 0.1496
0.2191 0.2191 0.2191 0.2255 0.2255 0.2105 0.2105 0.2166 0.2166 0.2166 0.2257 0.2257 0.2347 0.2347 0.1865 0.1865 0.1997 0.1997 0.1997 0.197 0.197 0.2 0.2 0.212 0.212 0.212 0.2105 0.2105 0.2155 0.2155 0.2125 0.2125 0.2125 0.217 0.217 0.2516 0.2516 0.2226 0.2226 0.2226 0.2136 0.2136 0.2101 0.2101 0.21 0.21 0.21 0.216 0.216 0.205 0.205 0.2116 0.2116 0.2202 0.2202 0.2202 0.2036 0.2036 0.2076 0.2076 0.2101 0.2101 0.2101 0.2235 0.2235 0.187 0.187 0.186 0.186 0.186 0.18 0.18 0.1706 0.1706 0.1496 0.1496
0.1965 0.1965 0.1965 0.201 0.201 0.196 0.196 0.1892 0.1892 0.1892 0.2015 0.2015 0.23 0.23 0.2115 0.2115 0.1996 0.1996 0.1996 0.1927 0.1927 0.2037 0.2037 0.2051 0.2051 0.2051 0.205 0.205 0.2017 0.2017 0.1941 0.1941 0.1941 0.2061 0.2061 0.2021 0.2021 0.1995 0.1995 0.1995 0.1997 0.1997 0.2121 0.2121 0.2112 0.2112 0.2112 0.2306 0.2306 0.2155 0.2155 0.2105 0.2105 0.1996 0.1996 0.1996 0.2177 0.2177 0.2042 0.2042 0.2106 0.2106 0.2106 0.1911 0.1911 0.2061 0.2061 0.1935 0.1935 0.1935 0.187 0.187 0.2015 0.2015 0.1745 0.1745
0.1965 0.1965 0.1965 0.201 0.201 0.196 0.196 0.1892 0.1892 0.1892 0.2015 0.2015 0.23 0.23 0.2115 0.2115 0.1996 0.1996 0.1996 0.1927 0.1927 0.2037 0.2037 0.2051 0.2051 0.2051 0.205 0.205 0.2017 0.2017 0.1941 0.1941 0.1941 0.2061 0.2061 0.2021 0.2021 0.1995 0.1995 0.1995 0.1997 0.1997 0.2121 0.2121 0.2112 0.2112 0.2112 0.2306 0.2306 0.2155 0.2155 0.2105 0.2105 0.1996 0.1996 0.1996 0.2177 0.2177 0.2042 0.2042 0.2106 0.2106 0.2106 0.1911 0.1911 0.2061 0.2061 0.1935 0.1935 0.1935 0.187 0.187 0.2015 0.2015 0.1745 0.1745
0.1945 0.1945 0.1945 0.2055 0.2055 0.1875 0.1875 0.1945 0.1945 0.1945 0.22 0.22 0.2115 0.2115 0.215 0.215 0.23 0.23 0.23 0.215 0.215 0.204 0.204 0.2005 0.2005 0.2005 0.1937 0.1937 0.1986 0.1986 0.1977 0.1977 0.1977 0.1976 0.1976 0.1971 0.1971 0.1907 0.1907 0.1907 0.2022 0.2022 0.2226 0.2226 0.2096 0.2096 0.2096 0.2131 0.2131 0.2001 0.2001 0.2281 0.2281 0.184 0.184 0.184 0.191 0.191 0.2182 0.2182 0.2316 0.2316 0.2316 0.2262 0.2262 0.2176 0.2176 0.198 0.198 0.198 0.1685 0.1685 0.17 0.17 0.1732 0.1732
0.1945 0.1945 0.1945 0.2055 0.2055 0.1875 0.1875 0.1945 0.1945 0.1945 0.22 0.22 0.2115 0.2115 0.215 0.215 0.23 0.23 0.23 0.215 0.215 0.204 0.204 0.2005 0.2005 0.2005 0.1937 0.1937 0.1986 0.1986 0.1977 0.1977 0.1977 0.1976 0.1976 0.1971 0.1971 0.1907 0.1907 0.1907 0.2022 0.2022 0.2226 0.2226 0.2096 0.2096 0.2096 0.2131 0.2131 0.2001 0.2001 0.2281 0.2281 0.184 0.184 0.184 0.191 0.191 0.2182 0.2182 0.2316 0.2316 0.2316 0.2262 0.2262 0.2176 0.2176 0.198 0.198 0.198 0.1685 0.1685 0.17 0.17 0.1732 0.1732
0.224 0.224 0.224 0.238 0.238 0.24 0.24 0.214 0.214 0.214 0.2135 0.2135 0.2195 0.2195 0.2205 0.2205 0.2265 0.2265 0.2265 0.213 0.213 0.2077 0.2077 0.2046 0.2046 0.2046 0.1817 0.1817 0.1966 0.1966 0.189 0.189 0.189 0.1835 0.1835 0.2196 0.2196 0.199 0.199 0.199 0.201 0.201 0.2101 0.2101 0.1916 0.1916 0.1916 0.2087 0.2087 0.2041 0.2041 0.2195 0.2195 0.192 0.192 0.192 0.19 0.19 0.208 0.208 0.203 0.203 0.203 0.2105 0.2105 0.211 0.211 0.1811 0.1811 0.1811 0.1775 0.1775 0.187 0.187 0.1855 0.1855
0.224 0.224 0.224 0.238 0.238 0.24 0.24 0.214 0.214 0.214 0.2135 0.2135 0.2195 0.2195 0.2205 0.2205 0.2265 0.2265 0.2265 0.213 0.213 0.2077 0.2077 0.2046 0.2046 0.2046 0.1817 0.1817 0.1966 0.1966 0.189 0.189 0.189 0.1835 0.1835 0.2196 0.2196 0.199 0.199 0.199 0.201 0.201 0.2101 0.2101 0.1916 0.1916 0.1916 0.2087 0.2087 0.2041 0.2041 0.2195 0.2195 0.192 0.192 0.192 0.19 0.19 0.208 0.208 0.203 0.203 0.203 0.2105 0.2105 0.211 0.211 0.1811 0.1811 0.1811 0.1775 0.1775 0.187 0.187 0.1855 0.1855
0.224 0.224 0.224 0.238 0.238 0.24 0.24 0.214 0.214 0.214 0.2135 0.2135 0.2195 0.2195 0.2205 0.2205 0.2265 0.2265 0.2265 0.213 0.213 0.2077 0.2077 0.2046 0.2046 0.2046 0.1817 0.1817 0.1966 0.1966 0.189 0.189 0.189 0.1835 0.1835 0.2196 0.2196 0.199 0.199 0.199 0.201 0.201 0.2101 0.2101 0.1916 0.1916 0.1916 0.2087 0.2087 0.2041 0.2041 0.2195 0.2195 0.192 0.192 0.192 0.19 0.19 0.208 0.208 0.203 0.203 0.203 0.2105 0.2105 0.211 0.211 0.1811 0.1811 0.1811 0.1775 0.1775 0.187 0.187 0.1855 0.1855
0.219 0.219 0.219 0.2255 0.2255 0.2385 0.2385 0.2265 0.2265 0.2265 0.2012 0.2012 0.2105 0.2105 0.207 0.207 0.208 0.208 0.208 0.2037 0.2037 0.1972 0.1972 0.2002 0.2002 0.2002 0.201 0.201 0.189 0.189 0.1847 0.1847 0.1847 0.176 0.176 0.1885 0.1885 0.19 0.19 0.19 0.1921 0.1921 0.2036 0.2036 0.205 0.205 0.205 0.1997 0.1997 0.21 0.21 0.1935 0.1935 0.2125 0.2125 0.2125 0.204 0.204 0.215 0.215 0.206 0.206 0.206 0.202 0.202 0.1915 0.1915 0.216 0.216 0.216 0.188 0.188 0.1845 0.1845 0.187 0.187
0.219 0.219 0.219 0.2255 0.2255 0.2385 0.2385 0.2265 0.2265 0.2265 0.2012 0.2012 0.2105 0.2105 0.207 0.207 0.208 0.208 0.208 0.2037 0.2037 0.1972 0.1972 0.2002 0.2002 0.2002 0.201 0.201 0.189 0.189 0.1847 0.1847 0.1847 0.176 0.176 0.1885 0.1885 0.19 0.19 0.19 0.1921 0.1921 0.2036 0.2036 0.205 0.205 0.205 0.1997 0.1997 0.21 0.21 0.1935 0.1935 0.2125 0.2125 0.2125 0.204 0.204 0.215 0.215 0.206 0.206 0.206 0.202 0.202 0.1915 0.1915 0.216 0.216 0.216 0.188 0.188 0.1845 0.1845 0.187 0.187
0.24 0.24 0.24 0.2285 0.2285 0.2125 0.2125 0.2215 0.2215 0.2215 0.2095 0.2095 0.203 0.203 0.2062 0.2062 0.2072 0.2072 0.2072 0.1942 0.1942 0.2066 0.2066 0.206 0.206 0.206 0.1906 0.1906 0.198 0.198 0.181 0.181 0.181 0.1755 0.1755 0.179 0.179 0.18 0.18 0.18 0.1826 0.1826 0.2011 0.2011 0.196 0.196 0.196 0.2015 0.2015 0.211 0.211 0.204 0.204 0.2145 0.2145 0.2145 0.205 0.205 0.1925 0.1925 0.2035 0.2035 0.2035 0.1885 0.1885 0.201 0.201 0.207 0.207 0.207 0.21 0.21 0.207 0.207 0.221 0.221
0.24 0.24 0.24 0.2285 0.2285 0.2125 0.2125 0.2215 0.2215 0.2215 0.2095 0.2095 0.203 0.203 0.2062 0.2062 0.2072 0.2072 0.2072 0.1942 0.1942 0.2066 0.2066 0.206 0.206 0.206 0.1906 0.1906 0.198 0.198 0.181 0.181 0.181 0.1755 0.1755 0.179 0.179 0.18 0.18 0.18 0.1826 0.1826 0.2011 0.2011 0.196 0.196 0.196 0.2015 0.2015 0.211 0.211 0.204 0.204 0.2145 0.2145 0.2145 0.205 0.205 0.1925 0.1925 0.2035 0.2035 0.2035 0.1885 0.1885 0.201 0.201 0.207 0.207 0.207 0.21 0.21 0.207 0.207 0.221 0.221
0.2295 0.2295 0.2295 0.2245 0.2245 0.2235 0.2235 0.211 0.211 0.211 0.214 0.214 0.221 0.221 0.211 0.211 0.2015 0.2015 0.2015 0.2017 0.2017 0.1915 0.1915 0.204 0.204 0.204 0.1935 0.1935 0.1845 0.1845 0.188 0.188 0.188 0.2135 0.2135 0.2095 0.2095 0.1795 0.1795 0.1795 0.1775 0.1775 0.204 0.204 0.223 0.223 0.223 0.2085 0.2085 0.2235 0.2235 0.216 0.216 0.2115 0.2115 0.2115 0.2435 0.2435 0.2045 0.2045 0.1935 0.1935 0.1935 0.1605 0.1605 0.218 0.218 0.21 0.21 0.21 0.2155 0.2155 0.208 0.208 0.2115 0.2115
0.2295 0.2295 0.2295 0.2245 0.2245 0.2235 0.2235 0.211 0.211 0.211 0.214 0.214 0.221 0.221 0.211 0.211 0.2015 0.2015 0.2015 0.2017 0.2017 0.1915 0.1915 0.204 0.204 0.204 0.1935 0.1935 0.1845 0.1845 0.188 0.188 0.188 0.2135 0.2135 0.2095 0.2095 0.1795 0.1795 0.1795 0.1775 0.1775 0.204 0.204 0.223 0.223 0.223 0.2085 0.2085 0.2235 0.2235 0.216 0.216 0.2115 0.2115 0.2115 0.2435 0.2435 0.2045 0.2045 0.1935 0.1935 0.1935 0.1605 0.1605 0.218 0.218 0.21 0.21 0.21 0.2155 0.2155 0.208 0.208 0.2115 0.2115
0.2295 0.2295 0.2295 0.2245 0.2245 0.2235 0.2235 0.211 0.211 0.211 0.214 0.214 0.221 0.221 0.211 0.211 0.2015 0.2015 0.2015 0.2017 0.2017 0.1915 0.1915 0.204 0.204 0.204 0.1935 0.1935 0.1845 0.1845 0.188 0.188 0.188 0.2135 0.2135 0.2095 0.2095 0.1795 0.1795 0.1795 0.1775 0.1775 0.204 0.204 0.223 0.223 0.223 0.2085 0.2085 0.2235 0.2235 0.216 0.216 0.2115 0.2115 0.2115 0.2435 0.2435 0.2045 0.2045 0.1935 0.1935 0.1935 0.1605 0.1605 0.218 0.218 0.21 0.21 0.21 0.2155 0.2155 0.208 0.208 0.2115 0.2115
0.2165 0.2165 0.2165 0.243 0.243 0.2195 0.2195 0.211 0.211 0.211 0.211 0.211 0.2105 0.2105 0.207 0.207 0.193 0.193 0.193 0.188 0.188 0.1765 0.1765 0.2105 0.2105 0.2105 0.2055 0.2055 0.2115 0.2115 0.2105 0.2105 0.2105 0.2065 0.2065 0.2035 0.2035 0.2125 0.2125 0.2125 0.2305 0.2305 0.1995 0.1995 0.1935 0.1935 0.1935 0.1975 0.1975 0.206 0.206 0.222 0.222 0.224 0.224 0.224 0.229 0.229 0.2225 0.2225 0.2266 0.2266 0.2266 0.2045 0.2045 0.185 0.185 0.2335 0.2335 0.2335 0.246 0.246 0.226 0.226 0.203 0.203
0.2165 0.2165 0.2165 0.243 0.243 0.2195 0.2195 0.211 0.211 0.211 0.211 0.211 0.2105 0.2105 0.207 0.207 0.193 0.193 0.193 0.188 0.188 0.1765 0.1765 0.2105 0.2105 0.2105 0.2055 0.2055 0.2115 0.2115 0.2105 0.2105 0.2105 0.2065 0.2065 0.2035 0.2035 0.2125 0.2125 0.2125 0.2305 0.2305 0.1995 0.1995 0.1935 0.1935 0.1935 0.1975 0.1975 0.206 0.206 0.222 0.222 0.224 0.224 0.224 0.229 0.229 0.2225 0.2225 0.2266 0.2266 0.2266 0.2045 0.2045 0.185 0.185 0.2335 0.2335 0.2335 0.246 0.246 0.226 0.226 0.203 0.203
0.2245 0.2245 0.2245 0.2125 0.2125 0.2155 0.2155 0.2245 0.2245 0.2245 0.234 0.234 0.2276 0.2276 0.2271 0.2271 0.2306 0.2306 0.2306 0.24 0.24 0.227 0.227 0.207 0.207 0.207 0.2005 0.2005 0.1985 0.1985 0.2135 0.2135 0.2135 0.2025 0.2025 0.2115 0.2115 0.2075 0.2075 0.2075 0.22 0.22 0.2275 0.2275 0.2105 0.2105 0.2105 0.2035 0.2035 0.214 0.214 0.25 0.25 0.2345 0.2345 0.2345 0.217 0.217 0.2145 0.2145 0.234 0.234 0.234 0.223 0.223 0.2541 0.2541 0.2265 0.2265 0.2265 0.2425 0.2425 0.2395 0.2395 0.227 0.227
0.2245 0.2245 0.2245 0.2125 0.2125 0.2155 0.2155 0.2245 0.2245 0.2245 0.234 0.234 0.2276 0.2276 0.2271 0.2271 0.2306 0.2306 0.2306 0.24 0.24 0.227 0.227 0.207 0.207 0.207 0.2005 0.2005 0.1985 0.1985 0.2135 0.2135 0.2135 0.2025 0.2025 0.2115 0.2115 0.2075 0.2075 0.2075 0.22 0.22 0.2275 0.2275 0.2105 0.2105 0.2105 0.2035 0.2035 0.214 0.214 0.25 0.25 0.2345 0.2345 0.2345 0.217 0.217 0.2145 0.2145 0.234 0.234 0.234 0.223 0.223 0.2541 0.2541 0.2265 0.2265 0.2265 0.2425 0.2425 0.2395 0.2395 0.227 0.227
0.225 0.225 0.225 0.245 0.245 0.236 0.236 0.26 0.26 0.26 0.239 0.239 0.2285 0.2285 0.2265 0.2265 0.2125 0.2125 0.2125 0.2405 0.2405 0.2235 0.2235 0.241 0.241 0.241 0.2175 0.2175 0.2095 0.2095 0.22 0.22 0.22 0.2235 0.2235 0.241 0.241 0.212 0.212 0.212 0.201 0.201 0.223 0.223 0.2165 0.2165 0.2165 0.2255 0.2255 0.2375 0.2375 0.22 0.22 0.2275 0.2275 0.2275 0.233 0.233 0.225 0.225 0.215 0.215 0.215 0.2285 0.2285 0.227 0.227 0.2375 0.2375 0.2375 0.236 0.236 0.225 0.225 0.216 0.216
