ndvi/NOAA-138.asc
ncols         252
nrows         154
xllcorner     -18.017974
yllcorner     13.481982
cellsize      0.035948
NODATA_value  -9999
[rows 68 to 101 of 154, columns 154 to 230 of 252]
0.129 0.1515 0.1515 0.1425 0.1425 0.1425 0.149 0.149 0.1735 0.1735 0.1765 0.1765 0.1685 0.1685 0.1685 0.2045 0.2045 0.233 0.233 0.2255 0.2255 0.2255 0.223 0.223 0.215 0.215 0.204 0.204 0.204 0.221 0.221 0.2225 0.2225 0.217 0.217 0.217 0.21 0.21 0.215 0.215 0.2125 0.2125 0.2125 0.222 0.222 0.204 0.204 0.196 0.196 0.2095 0.2095 0.2095 0.2125 0.2125 0.222 0.222 0.2285 0.2285 0.2285 0.219 0.219 0.213 0.213 0.218 0.218 0.218 0.1945 0.1945 0.209 0.209 0.2275 0.2275 0.2275 0.216 0.216 0.219 0.219
0.1605 0.16 0.16 0.153 0.153 0.153 0.17 0.17 0.1785 0.1785 0.158 0.158 0.1885 0.1885 0.1885 0.2315 0.2315 0.2285 0.2285 0.219 0.219 0.219 0.215 0.215 0.2225 0.2225 0.228 0.228 0.228 0.225 0.225 0.2185 0.2185 0.1995 0.1995 0.1995 0.209 0.209 0.205 0.205 0.2195 0.2195 0.2195 0.215 0.215 0.2125 0.2125 0.2025 0.2025 0.2095 0.2095 0.2095 0.1925 0.1925 0.234 0.234 0.225 0.225 0.225 0.2265 0.2265 0.2125 0.2125 0.2015 0.2015 0.2015 0.1925 0.1925 0.211 0.211 0.2305 0.2305 0.2305 0.2185 0.2185 0.209 0.209
0.1605 0.16 0.16 0.153 0.153 0.153 0.17 0.17 0.1785 0.1785 0.158 0.158 0.1885 0.1885 0.1885 0.2315 0.2315 0.2285 0.2285 0.219 0.219 0.219 0.215 0.215 0.2225 0.2225 0.228 0.228 0.228 0.225 0.225 0.2185 0.2185 0.1995 0.1995 0.1995 0.209 0.209 0.205 0.205 0.2195 0.2195 0.2195 0.215 0.215 0.2125 0.2125 0.2025 0.2025 0.2095 0.2095 0.2095 0.1925 0.1925 0.234 0.234 0.225 0.225 0.225 0.2265 0.2265 0.2125 0.2125 0.2015 0.2015 0.2015 0.1925 0.1925 0.211 0.211 0.2305 0.2305 0.2305 0.2185 0.2185 0.209 0.209
0.163 0.176 0.176 0.2085 0.2085 0.2085 0.1855 0.1855 0.1705 0.1705 0.148 0.148 0.176 0.176 0.176 0.194 0.194 0.1995 0.1995 0.196 0.196 0.196 0.208 0.208 0.208 0.208 0.225 0.225 0.225 0.2215 0.2215 0.2415 0.2415 0.221 0.221 0.221 0.2095 0.2095 0.2025 0.2025 0.205 0.205 0.205 0.201 0.201 0.2045 0.2045 0.223 0.223 0.2185 0.2185 0.2185 0.2205 0.2205 0.237 0.237 0.228 0.228 0.228 0.2295 0.2295 0.233 0.233 0.224 0.224 0.224 0.2115 0.2115 0.2005 0.2005 0.2 0.2 0.2 0.2055 0.2055 0.223 0.223
0.163 0.176 0.176 0.2085 0.2085 0.2085 0.1855 0.1855 0.1705 0.1705 0.148 0.148 0.176 0.176 0.176 0.194 0.194 0.1995 0.1995 0.196 0.196 0.196 0.208 0.208 0.208 0.208 0.225 0.225 0.225 0.2215 0.2215 0.2415 0.2415 0.221 0.221 0.221 0.2095 0.2095 0.2025 0.2025 0.205 0.205 0.205 0.201 0.201 0.2045 0.2045 0.223 0.223 0.2185 0.2185 0.2185 0.2205 0.2205 0.237 0.237 0.228 0.228 0.228 0.2295 0.2295 0.233 0.233 0.224 0.224 0.224 0.2115 0.2115 0.2005 0.2005 0.2 0.2 0.2 0.2055 0.2055 0.223 0.223
0.163 0.176 0.176 0.2085 0.2085 0.2085 0.1855 0.1855 0.1705 0.1705 0.148 0.148 0.176 0.176 0.176 0.194 0.194 0.1995 0.1995 0.196 0.196 0.196 0.208 0.208 0.208 0.208 0.225 0.225 0.225 0.2215 0.2215 0.2415 0.2415 0.221 0.221 0.221 0.2095 0.2095 0.2025 0.2025 0.205 0.205 0.205 0.201 0.201 0.2045 0.2045 0.223 0.223 0.2185 0.2185 0.2185 0.2205 0.2205 0.237 0.237 0.228 0.228 0.228 0.2295 0.2295 0.233 0.233 0.224 0.224 0.224 0.2115 0.2115 0.2005 0.2005 0.2 0.2 0.2 0.2055 0.2055 0.223 0.223
0.1725 0.186 0.186 0.1945 0.1945 0.1945 0.186 0.186 0.173 0.173 0.154 0.154 0.181 0.181 0.181 0.1955 0.1955 0.215 0.215 0.196 0.196 0.196 0.209 0.209 0.207 0.207 0.219 0.219 0.219 0.2275 0.2275 0.222 0.222 0.2315 0.2315 0.2315 0.252 0.252 0.2465 0.2465 0.2505 0.2505 0.2505 0.2455 0.2455 0.244 0.244 0.2535 0.2535 0.243 0.243 0.243 0.2345 0.2345 0.235 0.235 0.219 0.219 0.219 0.226 0.226 0.226 0.226 0.219 0.219 0.219 0.223 0.223 0.191 0.191 0.223 0.223 0.223 0.2185 0.2185 0.231 0.231
0.1725 0.186 0.186 0.1945 0.1945 0.1945 0.186 0.186 0.173 0.173 0.154 0.154 0.181 0.181 0.181 0.1955 0.1955 0.215 0.215 0.196 0.196 0.196 0.209 0.209 0.207 0.207 0.219 0.219 0.219 0.2275 0.2275 0.222 0.222 0.2315 0.2315 0.2315 0.252 0.252 0.2465 0.2465 0.2505 0.2505 0.2505 0.2455 0.2455 0.244 0.244 0.2535 0.2535 0.243 0.243 0.243 0.2345 0.2345 0.235 0.235 0.219 0.219 0.219 0.226 0.226 0.226 0.226 0.219 0.219 0.219 0.223 0.223 0.191 0.191 0.223 0.223 0.223 0.2185 0.2185 0.231 0.231
0.128 0.1735 0.1735 0.188 0.188 0.188 0.1625 0.1625 0.1655 0.1655 0.1475 0.1475 0.1835 0.1835 0.1835 0.209 0.209 0.2235 0.2235 0.2145 0.2145 0.2145 0.209 0.209 0.212 0.212 0.207 0.207 0.207 0.2285 0.2285 0.2315 0.2315 0.2395 0.2395 0.2395 0.2435 0.2435 0.234 0.234 0.239 0.239 0.239 0.2465 0.2465 0.2385 0.2385 0.247 0.247 0.242 0.242 0.242 0.242 0.242 0.2275 0.2275 0.232 0.232 0.232 0.229 0.229 0.233 0.233 0.2395 0.2395 0.2395 0.215 0.215 0.213 0.213 0.2 0.2 0.2 0.218 0.218 0.22 0.22
0.128 0.1735 0.1735 0.188 0.188 0.188 0.1625 0.1625 0.1655 0.1655 0.1475 0.1475 0.1835 0.1835 0.1835 0.209 0.209 0.2235 0.2235 0.2145 0.2145 0.2145 0.209 0.209 0.212 0.212 0.207 0.207 0.207 0.2285 0.2285 0.2315 0.2315 0.2395 0.2395 0.2395 0.2435 0.2435 0.234 0.234 0.239 0.239 0.239 0.2465 0.2465 0.2385 0.2385 0.247 0.247 0.242 0.242 0.242 0.242 0.242 0.2275 0.2275 0.232 0.232 0.232 0.229 0.229 0.233 0.233 0.2395 0.2395 0.2395 0.215 0.215 0.213 0.213 0.2 0.2 0.2 0.218 0.218 0.22 0.22
0.1215 0.138 0.138 0.1615 0.1615 0.1615 0.143 0.143 0.144 0.144 0.162 0.162 0.1955 0.1955 0.1955 0.197 0.197 0.186 0.186 0.204 0.204 0.204 0.2065 0.2065 0.217 0.217 0.2215 0.2215 0.2215 0.2285 0.2285 0.23 0.23 0.226 0.226 0.226 0.2225 0.2225 0.2385 0.2385 0.2445 0.2445 0.2445 0.2435 0.2435 0.235 0.235 0.226 0.226 0.247 0.247 0.247 0.235 0.235 0.23 0.23 0.2345 0.2345 0.2345 0.243 0.243 0.246 0.246 0.257 0.257 0.257 0.2685 0.2685 0.237 0.237 0.233 0.233 0.233 0.217 0.217 0.2195 0.2195
0.1215 0.138 0.138 0.1615 0.1615 0.1615 0.143 0.143 0.144 0.144 0.162 0.162 0.1955 0.1955 0.1955 0.197 0.197 0.186 0.186 0.204 0.204 0.204 0.2065 0.2065 0.217 0.217 0.2215 0.2215 0.2215 0.2285 0.2285 0.23 0.23 0.226 0.226 0.226 0.2225 0.2225 0.2385 0.2385 0.2445 0.2445 0.2445 0.2435 0.2435 0.235 0.235 0.226 0.226 0.247 0.247 0.247 0.235 0.235 0.23 0.23 0.2345 0.2345 0.2345 0.243 0.243 0.246 0.246 0.257 0.257 0.257 0.2685 0.2685 0.237 0.237 0.233 0.233 0.233 0.217 0.217 0.2195 0.2195
0.1225 0.138 0.138 0.138 0.138 0.138 0.139 0.139 0.1395 0.1395 0.1555 0.1555 0.186 0.186 0.186 0.191 0.191 0.205 0.205 0.223 0.223 0.223 0.2345 0.2345 0.2195 0.2195 0.2375 0.2375 0.2375 0.2215 0.2215 0.2165 0.2165 0.232 0.232 0.232 0.2315 0.2315 0.228 0.228 0.2465 0.2465 0.2465 0.244 0.244 0.2315 0.2315 0.215 0.215 0.2375 0.2375 0.2375 0.239 0.239 0.2355 0.2355 0.256 0.256 0.256 0.2495 0.2495 0.2635 0.2635 0.2675 0.2675 0.2675 0.273 0.273 0.237 0.237 0.2425 0.2425 0.2425 0.2425 0.2425 0.2505 0.2505
0.1225 0.138 0.138 0.138 0.138 0.138 0.139 0.139 0.1395 0.1395 0.1555 0.1555 0.186 0.186 0.186 0.191 0.191 0.205 0.205 0.223 0.223 0.223 0.2345 0.2345 0.2195 0.2195 0.2375 0.2375 0.2375 0.2215 0.2215 0.2165 0.2165 0.232 0.232 0.232 0.2315 0.2315 0.228 0.228 0.2465 0.2465 0.2465 0.244 0.244 0.2315 0.2315 0.215 0.215 0.2375 0.2375 0.2375 0.239 0.239 0.2355 0.2355 0.256 0.256 0.256 0.2495 0.2495 0.2635 0.2635 0.2675 0.2675 0.2675 0.273 0.273 0.237 0.237 0.2425 0.2425 0.2425 0.2425 0.2425 0.2505 0.2505
0.1225 0.138 0.138 0.138 0.138 0.138 0.139 0.139 0.1395 0.1395 0.1555 0.1555 0.186 0.186 0.186 0.191 0.191 0.205 0.205 0.223 0.223 0.223 0.2345 0.2345 0.2195 0.2195 0.2375 0.2375 0.2375 0.2215 0.2215 0.2165 0.2165 0.232 0.232 0.232 0.2315 0.2315 0.228 0.228 0.2465 0.2465 0.2465 0.244 0.244 0.2315 0.2315 0.215 0.215 0.2375 0.2375 0.2375 0.239 0.239 0.2355 0.2355 0.256 0.256 0.256 0.2495 0.2495 0.2635 0.2635 0.2675 0.2675 0.2675 0.273 0.273 0.237 0.237 0.2425 0.2425 0.2425 0.2425 0.2425 0.2505 0.2505
0.133 0.143 0.143 0.1435 0.1435 0.1435 0.139 0.139 0.153 0.153 0.193 0.193 0.201 0.201 0.201 0.225 0.225 0.2415 0.2415 0.2505 0.2505 0.2505 0.239 0.239 0.2305 0.2305 0.226 0.226 0.226 0.231 0.231 0.218 0.218 0.2295 0.2295 0.2295 0.228 0.228 0.228 0.228 0.224 0.224 0.224 0.229 0.229 0.2355 0.2355 0.243 0.243 0.263 0.263 0.263 0.26 0.26 0.246 0.246 0.26 0.26 0.26 0.265 0.265 0.258 0.258 0.26 0.26 0.26 0.263 0.263 0.2585 0.2585 0.2645 0.2645 0.2645 0.2465 0.2465 0.2625 0.2625
0.133 0.143 0.143 0.1435 0.1435 0.1435 0.139 0.139 0.153 0.153 0.193 0.193 0.201 0.201 0.201 0.225 0.225 0.2415 0.2415 0.2505 0.2505 0.2505 0.239 0.239 0.2305 0.2305 0.226 0.226 0.226 0.231 0.231 0.218 0.218 0.2295 0.2295 0.2295 0.228 0.228 0.228 0.228 0.224 0.224 0.224 0.229 0.229 0.2355 0.2355 0.243 0.243 0.263 0.263 0.263 0.26 0.26 0.246 0.246 0.26 0.26 0.26 0.265 0.265 0.258 0.258 0.26 0.26 0.26 0.263 0.263 0.2585 0.2585 0.2645 0.2645 0.2645 0.2465 0.2465 0.2625 0.2625
0.149 0.1485 0.1485 0.1615 0.1615 0.1615 0.144 0.144 0.177 0.177 0.193 0.193 0.2135 0.2135 0.2135 0.2105 0.2105 0.2505 0.2505 0.2665 0.2665 0.2665 0.2515 0.2515 0.244 0.244 0.2245 0.2245 0.2245 0.228 0.228 0.216 0.216 0.2185 0.2185 0.2185 0.2215 0.2215 0.2175 0.2175 0.236 0.236 0.236 0.2395 0.2395 0.241 0.241 0.2525 0.2525 0.2665 0.2665 0.2665 0.2625 0.2625 0.2545 0.2545 0.2605 0.2605 0.2605 0.2645 0.2645 0.258 0.258 0.271 0.271 0.271 0.275 0.275 0.2605 0.2605 0.258 0.258 0.258 0.27 0.27 0.262 0.262
0.149 0.1485 0.1485 0.1615 0.1615 0.1615 0.144 0.144 0.177 0.177 0.193 0.193 0.2135 0.2135 0.2135 0.2105 0.2105 0.2505 0.2505 0.2665 0.2665 0.2665 0.2515 0.2515 0.244 0.244 0.2245 0.2245 0.2245 0.228 0.228 0.216 0.216 0.2185 0.2185 0.2185 0.2215 0.2215 0.2175 0.2175 0.236 0.236 0.236 0.2395 0.2395 0.241 0.241 0.2525 0.2525 0.2665 0.2665 0.2665 0.2625 0.2625 0.2545 0.2545 0.2605 0.2605 0.2605 0.2645 0.2645 0.258 0.258 0.271 0.271 0.271 0.275 0.275 0.2605 0.2605 0.258 0.258 0.258 0.27 0.27 0.262 0.262
0.1585 0.1615 0.1615 0.1795 0.1795 0.1795 0.1675 0.1675 0.1775 0.1775 0.203 0.203 0.2205 0.2205 0.2205 0.233 0.233 0.231 0.231 0.2505 0.2505 0.2505 0.243 0.243 0.2275 0.2275 0.223 0.223 0.223 0.199 0.199 0.22 0.22 0.2135 0.2135 0.2135 0.2045 0.2045 0.217 0.217 0.229 0.229 0.229 0.2345 0.2345 0.248 0.248 0.237 0.237 0.2505 0.2505 0.2505 0.2505 0.2505 0.258 0.258 0.2685 0.2685 0.2685 0.2455 0.2455 0.245 0.245 0.257 0.257 0.257 0.266 0.266 0.26 0.26 0.284 0.284 0.284 0.283 0.283 0.2665 0.2665
0.1585 0.1615 0.1615 0.1795 0.1795 0.1795 0.1675 0.1675 0.1775 0.1775 0.203 0.203 0.2205 0.2205 0.2205 0.233 0.233 0.231 0.231 0.2505 0.2505 0.2505 0.243 0.243 0.2275 0.2275 0.223 0.223 0.223 0.199 0.199 0.22 0.22 0.2135 0.2135 0.2135 0.2045 0.2045 0.217 0.217 0.229 0.229 0.229 0.2345 0.2345 0.248 0.248 0.237 0.237 0.2505 0.2505 0.2505 0.2505 0.2505 0.258 0.258 0.2685 0.2685 0.2685 0.2455 0.2455 0.245 0.245 0.257 0.257 0.257 0.266 0.266 0.26 0.26 0.284 0.284 0.284 0.283 0.283 0.2665 0.2665
0.1585 0.1615 0.1615 0.1795 0.1795 0.1795 0.1675 0.1675 0.1775 0.1775 0.203 0.203 0.2205 0.2205 0.2205 0.233 0.233 0.231 0.231 0.2505 0.2505 0.2505 0.243 0.243 0.2275 0.2275 0.223 0.223 0.223 0.199 0.199 0.22 0.22 0.2135 0.2135 0.2135 0.2045 0.2045 0.217 0.217 0.229 0.229 0.229 0.2345 0.2345 0.248 0.248 0.237 0.237 0.2505 0.2505 0.2505 0.2505 0.2505 0.258 0.258 0.2685 0.2685 0.2685 0.2455 0.2455 0.245 0.245 0.257 0.257 0.257 0.266 0.266 0.26 0.26 0.284 0.284 0.284 0.283 0.283 0.2665 0.2665
0.168 0.176 0.176 0.181 0.181 0.181 0.195 0.195 0.1905 0.1905 0.2265 0.2265 0.2375 0.2375 0.2375 0.2425 0.2425 0.231 0.231 0.2295 0.2295 0.2295 0.23 0.23 0.2135 0.2135 0.1925 0.1925 0.1925 0.209 0.209 0.219 0.219 0.2175 0.2175 0.2175 0.2335 0.2335 0.251 0.251 0.2535 0.2535 0.2535 0.2365 0.2365 0.2305 0.2305 0.246 0.246 0.242 0.242 0.242 0.239 0.239 0.246 0.246 0.2505 0.2505 0.2505 0.245 0.245 0.2555 0.2555 0.255 0.255 0.255 0.2685 0.2685 0.259 0.259 0.2655 0.2655 0.2655 0.252 0.252 0.2465 0.2465
0.168 0.176 0.176 0.181 0.181 0.181 0.195 0.195 0.1905 0.1905 0.2265 0.2265 0.2375 0.2375 0.2375 0.2425 0.2425 0.231 0.231 0.2295 0.2295 0.2295 0.23 0.23 0.2135 0.2135 0.1925 0.1925 0.1925 0.209 0.209 0.219 0.219 0.2175 0.2175 0.2175 0.2335 0.2335 0.251 0.251 0.2535 0.2535 0.2535 0.2365 0.2365 0.2305 0.2305 0.246 0.246 0.242 0.242 0.242 0.239 0.239 0.246 0.246 0.2505 0.2505 0.2505 0.245 0.245 0.2555 0.2555 0.255 0.255 0.255 0.2685 0.2685 0.259 0.259 0.2655 0.2655 0.2655 0.252 0.252 0.2465 0.2465
0.182 0.1915 0.1915 0.1945 0.1945 0.1945 0.206 0.206 0.177 0.177 0.228 0.228 0.247 0.247 0.247 0.245 0.245 0.2415 0.2415 0.232 0.232 0.232 0.2275 0.2275 0.206 0.206 0.2005 0.2005 0.2005 0.2085 0.2085 0.22 0.22 0.2345 0.2345 0.2345 0.266 0.266 0.2495 0.2495 0.226 0.226 0.226 0.2255 0.2255 0.2385 0.2385 0.249 0.249 0.2365 0.2365 0.2365 0.2445 0.2445 0.24 0.24 0.2445 0.2445 0.2445 0.2455 0.2455 0.2475 0.2475 0.2495 0.2495 0.2495 0.2595 0.2595 0.2645 0.2645 0.2565 0.2565 0.2565 0.2405 0.2405 0.2285 0.2285
0.182 0.1915 0.1915 0.1945 0.1945 0.1945 0.206 0.206 0.177 0.177 0.228 0.228 0.247 0.247 0.247 0.245 0.245 0.2415 0.2415 0.232 0.232 0.232 0.2275 0.2275 0.206 0.206 0.2005 0.2005 0.2005 0.2085 0.2085 0.22 0.22 0.2345 0.2345 0.2345 0.266 0.266 0.2495 0.2495 0.226 0.226 0.226 0.2255 0.2255 0.2385 0.2385 0.249 0.249 0.2365 0.2365 0.2365 0.2445 0.2445 0.24 0.24 0.2445 0.2445 0.2445 0.2455 0.2455 0.2475 0.2475 0.2495 0.2495 0.2495 0.2595 0.2595 0.2645 0.2645 0.2565 0.2565 0.2565 0.2405 0.2405 0.2285 0.2285
0.1975 0.192 0.192 0.2065 0.2065 0.2065 0.214 0.214 0.185 0.185 0.21 0.21 0.225 0.225 0.225 0.229 0.229 0.2315 0.2315 0.215 0.215 0.215 0.19 0.19 0.189 0.189 0.21 0.21 0.21 0.224 0.224 0.226 0.226 0.241 0.241 0.241 0.242 0.242 0.228 0.228 0.2335 0.2335 0.2335 0.238 0.238 0.244 0.244 0.2465 0.2465 0.227 0.227 0.227 0.226 0.226 0.229 0.229 0.2405 0.2405 0.2405 0.244 0.244 0.2445 0.2445 0.244 0.244 0.244 0.259 0.259 0.263 0.263 0.263 0.263 0.263 0.241 0.241 0.2495 0.2495
0.1975 0.192 0.192 0.2065 0.2065 0.2065 0.214 0.214 0.185 0.185 0.21 0.21 0.225 0.225 0.225 0.229 0.229 0.2315 0.2315 0.215 0.215 0.215 0.19 0.19 0.189 0.189 0.21 0.21 0.21 0.224 0.224 0.226 0.226 0.241 0.241 0.241 0.242 0.242 0.228 0.228 0.2335 0.2335 0.2335 0.238 0.238 0.244 0.244 0.2465 0.2465 0.227 0.227 0.227 0.226 0.226 0.229 0.229 0.2405 0.2405 0.2405 0.244 0.244 0.2445 0.2445 0.244 0.244 0.244 0.259 0.259 0.263 0.263 0.263 0.263 0.263 0.241 0.241 0.2495 0.2495
0.1975 0.192 0.192 0.2065 0.2065 0.2065 0.214 0.214 0.185 0.185 0.21 0.21 0.225 0.225 0.225 0.229 0.229 0.2315 0.2315 0.215 0.215 0.215 0.19 0.19 0.189 0.189 0.21 0.21 0.21 0.224 0.224 0.226 0.226 0.241 0.241 0.241 0.242 0.242 0.228 0.228 0.2335 0.2335 0.2335 0.238 0.238 0.244 0.244 0.2465 0.2465 0.227 0.227 0.227 0.226 0.226 0.229 0.229 0.2405 0.2405 0.2405 0.244 0.244 0.2445 0.2445 0.244 0.244 0.244 0.259 0.259 0.263 0.263 0.263 0.263 0.263 0.241 0.241 0.2495 0.2495
0.2005 0.2245 0.2245 0.2075 0.2075 0.2075 0.2185 0.2185 0.2005 0.2005 0.202 0.202 0.1975 0.1975 0.1975 0.207 0.207 0.201 0.201 0.2105 0.2105 0.2105 0.204 0.204 0.1995 0.1995 0.218 0.218 0.218 0.2375 0.2375 0.2245 0.2245 0.221 0.221 0.221 0.236 0.236 0.2495 0.2495 0.2555 0.2555 0.2555 0.2495 0.2495 0.236 0.236 0.2475 0.2475 0.221 0.221 0.221 0.224 0.224 0.2155 0.2155 0.2305 0.2305 0.2305 0.2195 0.2195 0.227 0.227 0.233 0.233 0.233 0.235 0.235 0.2455 0.2455 0.246 0.246 0.246 0.2565 0.2565 0.244 0.244
0.2005 0.2245 0.2245 0.2075 0.2075 0.2075 0.2185 0.2185 0.2005 0.2005 0.202 0.202 0.1975 0.1975 0.1975 0.207 0.207 0.201 0.201 0.2105 0.2105 0.2105 0.204 0.204 0.1995 0.1995 0.218 0.218 0.218 0.2375 0.2375 0.2245 0.2245 0.221 0.221 0.221 0.236 0.236 0.2495 0.2495 0.2555 0.2555 0.2555 0.2495 0.2495 0.236 0.236 0.2475 0.2475 0.221 0.221 0.221 0.224 0.224 0.2155 0.2155 0.2305 0.2305 0.2305 0.2195 0.2195 0.227 0.227 0.233 0.233 0.233 0.235 0.235 0.2455 0.2455 0.246 0.246 0.246 0.2565 0.2565 0.244 0.244
0.251 0.231 0.231 0.2175 0.2175 0.2175 0.2055 0.2055 0.206 0.206 0.2215 0.2215 0.2095 0.2095 0.2095 0.235 0.235 0.241 0.241 0.2595 0.2595 0.2595 0.2475 0.2475 0.214 0.214 0.238 0.238 0.238 0.2245 0.2245 0.222 0.222 0.219 0.219 0.219 0.2305 0.2305 0.235 0.235 0.24 0.24 0.24 0.244 0.244 0.245 0.245 0.225 0.225 0.213 0.213 0.213 0.2205 0.2205 0.211 0.211 0.2335 0.2335 0.2335 0.2285 0.2285 0.2295 0.2295 0.224 0.224 0.224 0.238 0.238 0.216 0.216 0.238 0.238 0.238 0.257 0.257 0.2345 0.2345
0.251 0.231 0.231 0.2175 0.2175 0.2175 0.2055 0.2055 0.206 0.206 0.2215 0.2215 0.2095 0.2095 0.2095 0.235 0.235 0.241 0.241 0.2595 0.2595 0.2595 0.2475 0.2475 0.214 0.214 0.238 0.238 0.238 0.2245 0.2245 0.222 0.222 0.219 0.219 0.219 0.2305 0.2305 0.235 0.235 0.24 0.24 0.24 0.244 0.244 0.245 0.245 0.225 0.225 0.213 0.213 0.213 0.2205 0.2205 0.211 0.211 0.2335 0.2335 0.2335 0.2285 0.2285 0.2295 0.2295 0.224 0.224 0.224 0.238 0.238 0.216 0.216 0.238 0.238 0.238 0.257 0.257 0.2345 0.2345
0.2025 0.205 0.205 0.1925 0.1925 0.1925 0.1935 0.1935 0.2085 0.2085 0.213 0.213 0.228 0.228 0.228 0.2385 0.2385 0.2395 0.2395 0.262 0.262 0.262 0.2535 0.2535 0.232 0.232 0.2335 0.2335 0.2335 0.2335 0.2335 0.2335 0.2335 0.2325 0.2325 0.2325 0.2415 0.2415 0.2305 0.2305 0.241 0.241 0.241 0.2365 0.2365 0.2385 0.2385 0.23 0.23 0.216 0.216 0.216 0.2145 0.2145 0.228 0.228 0.25 0.25 0.25 0.2335 0.2335 0.233 0.233 0.24 0.24 0.24 0.2385 0.2385 0.2195 0.2195 0.212 0.212 0.212 0.2225 0.2225 0.2095 0.2095
