ndvi/NOAA-152.asc
ncols         252
nrows         154
xllcorner     -18.017974
yllcorner     13.481982
cellsize      0.035948
NODATA_value  -9999
[rows 0 to 33 of 154, columns 154 to 230 of 252]
0.0765 0.08149999 0.08149999 0.086 0.086 0.086 0.0865 0.0865 0.0845 0.0845 0.083 0.083 0.0815 0.0815 0.0815 0.0815 0.0815 0.0825 0.0825 0.0825 0.0825 0.0825 0.085 0.085 0.0825 0.0825 0.08750001 0.08750001 0.08750001 0.0835 0.0835 0.09 0.09 0.0905 0.0905 0.0905 0.091 0.091 0.09 0.09 0.091 0.091 0.091 0.097 0.097 0.095 0.095 0.0955 0.0955 0.101 0.101 0.101 0.103 0.103 0.1045 0.1045 0.101 0.101 0.101 0.09999999 0.09999999 0.095 0.095 0.097 0.097 0.097 0.096 0.096 0.09 0.09 0.0885 0.0885 0.0885 0.0875 0.0875 0.0835 0.0835
0.0765 0.08149999 0.08149999 0.086 0.086 0.086 0.0865 0.0865 0.0845 0.0845 0.083 0.083 0.0815 0.0815 0.0815 0.0815 0.0815 0.0825 0.0825 0.0825 0.0825 0.0825 0.085 0.085 0.0825 0.0825 0.08750001 0.08750001 0.08750001 0.0835 0.0835 0.09 0.09 0.0905 0.0905 0.0905 0.091 0.091 0.09 0.09 0.091 0.091 0.091 0.097 0.097 0.095 0.095 0.0955 0.0955 0.101 0.101 0.101 0.103 0.103 0.1045 0.1045 0.101 0.101 0.101 0.09999999 0.09999999 0.095 0.095 0.097 0.097 0.097 0.096 0.096 0.09 0.09 0.0885 0.0885 0.0885 0.0875 0.0875 0.0835 0.0835
0.081 0.0855 0.0855 0.0825 0.0825 0.0825 0.0815 0.0815 0.0815 0.0815 0.0805 0.0805 0.081 0.081 0.081 0.0855 0.0855 0.087 0.087 0.086 0.086 0.086 0.0825 0.0825 0.086 0.086 0.091 0.091 0.091 0.095 0.095 0.09450001 0.09450001 0.0925 0.0925 0.0925 0.099 0.099 0.101 0.101 0.101 0.101 0.101 0.0985 0.0985 0.101 0.101 0.1005 0.1005 0.0995 0.0995 0.0995 0.1015 0.1015 0.098 0.098 0.099 0.099 0.099 0.104 0.104 0.1015 0.1015 0.0975 0.0975 0.0975 0.098 0.098 0.096 0.096 0.0915 0.0915 0.0915 0.085 0.085 0.08149999 0.08149999
0.081 0.0855 0.0855 0.0825 0.0825 0.0825 0.0815 0.0815 0.0815 0.0815 0.0805 0.0805 0.081 0.081 0.081 0.0855 0.0855 0.087 0.087 0.086 0.086 0.086 0.0825 0.0825 0.086 0.086 0.091 0.091 0.091 0.095 0.095 0.09450001 0.09450001 0.0925 0.0925 0.0925 0.099 0.099 0.101 0.101 0.101 0.101 0.101 0.0985 0.0985 0.101 0.101 0.1005 0.1005 0.0995 0.0995 0.0995 0.1015 0.1015 0.098 0.098 0.099 0.099 0.099 0.104 0.104 0.1015 0.1015 0.0975 0.0975 0.0975 0.098 0.098 0.096 0.096 0.0915 0.0915 0.0915 0.085 0.085 0.08149999 0.08149999
0.081 0.0855 0.0855 0.0825 0.0825 0.0825 0.0815 0.0815 0.0815 0.0815 0.0805 0.0805 0.081 0.081 0.081 0.0855 0.0855 0.087 0.087 0.086 0.086 0.086 0.0825 0.0825 0.086 0.086 0.091 0.091 0.091 0.095 0.095 0.09450001 0.09450001 0.0925 0.0925 0.0925 0.099 0.099 0.101 0.101 0.101 0.101 0.101 0.0985 0.0985 0.101 0.101 0.1005 0.1005 0.0995 0.0995 0.0995 0.1015 0.1015 0.098 0.098 0.099 0.099 0.099 0.104 0.104 0.1015 0.1015 0.0975 0.0975 0.0975 0.098 0.098 0.096 0.096 0.0915 0.0915 0.0915 0.085 0.085 0.08149999 0.08149999
0.08050001 0.083 0.083 0.0855 0.0855 0.0855 0.087 0.087 0.089 0.089 0.087 0.087 0.08750001 0.08750001 0.08750001 0.089 0.089 0.086 0.086 0.0915 0.0915 0.0915 0.0835 0.0835 0.09100001 0.09100001 0.096 0.096 0.096 0.097 0.097 0.09999999 0.09999999 0.1055 0.1055 0.1055 0.1045 0.1045 0.1005 0.1005 0.108 0.108 0.108 0.1005 0.1005 0.101 0.101 0.0985 0.0985 0.103 0.103 0.103 0.1015 0.1015 0.1035 0.1035 0.1025 0.1025 0.1025 0.1025 0.1025 0.102 0.102 0.1025 0.1025 0.1025 0.0985 0.0985 0.0915 0.0915 0.0895 0.0895 0.0895 0.0875 0.0875 0.083 0.083
0.08050001 0.083 0.083 0.0855 0.0855 0.0855 0.087 0.087 0.089 0.089 0.087 0.087 0.08750001 0.08750001 0.08750001 0.089 0.089 0.086 0.086 0.0915 0.0915 0.0915 0.0835 0.0835 0.09100001 0.09100001 0.096 0.096 0.096 0.097 0.097 0.09999999 0.09999999 0.1055 0.1055 0.1055 0.1045 0.1045 0.1005 0.1005 0.108 0.108 0.108 0.1005 0.1005 0.101 0.101 0.0985 0.0985 0.103 0.103 0.103 0.1015 0.1015 0.1035 0.1035 0.1025 0.1025 0.1025 0.1025 0.1025 0.102 0.102 0.1025 0.1025 0.1025 0.0985 0.0985 0.0915 0.0915 0.0895 0.0895 0.0895 0.0875 0.0875 0.083 0.083
0.0845 0.0885 0.0885 0.0865 0.0865 0.0865 0.085 0.085 0.0865 0.0865 0.088 0.088 0.0835 0.0835 0.0835 0.088 0.088 0.091 0.091 0.0905 0.0905 0.0905 0.09 0.09 0.095 0.095 0.0955 0.0955 0.0955 0.09550001 0.09550001 0.09999999 0.09999999 0.099 0.099 0.099 0.101 0.101 0.1 0.1 0.104 0.104 0.104 0.104 0.104 0.111 0.111 0.1045 0.1045 0.1085 0.1085 0.1085 0.1075 0.1075 0.1045 0.1045 0.1025 0.1025 0.1025 0.104 0.104 0.1015 0.1015 0.0995 0.0995 0.0995 0.09649999 0.09649999 0.0905 0.0905 0.0935 0.0935 0.0935 0.092 0.092 0.0875 0.0875
0.0845 0.0885 0.0885 0.0865 0.0865 0.0865 0.085 0.085 0.0865 0.0865 0.088 0.088 0.0835 0.0835 0.0835 0.088 0.088 0.091 0.091 0.0905 0.0905 0.0905 0.09 0.09 0.095 0.095 0.0955 0.0955 0.0955 0.09550001 0.09550001 0.09999999 0.09999999 0.099 0.099 0.099 0.101 0.101 0.1 0.1 0.104 0.104 0.104 0.104 0.104 0.111 0.111 0.1045 0.1045 0.1085 0.1085 0.1085 0.1075 0.1075 0.1045 0.1045 0.1025 0.1025 0.1025 0.104 0.104 0.1015 0.1015 0.0995 0.0995 0.0995 0.09649999 0.09649999 0.0905 0.0905 0.0935 0.0935 0.0935 0.092 0.092 0.0875 0.0875
0.0855 0.0845 0.0845 0.0875 0.0875 0.0875 0.083 0.083 0.0945 0.0945 0.095 0.095 0.0885 0.0885 0.0885 0.0915 0.0915 0.0915 0.0915 0.094 0.094 0.094 0.093 0.093 0.0905 0.0905 0.09649999 0.09649999 0.09649999 0.096 0.096 0.096 0.096 0.0995 0.0995 0.0995 0.097 0.097 0.091 0.091 0.0905 0.0905 0.0905 0.0985 0.0985 0.107 0.107 0.1085 0.1085 0.103 0.103 0.103 0.0975 0.0975 0.0995 0.0995 0.1035 0.1035 0.1035 0.1035 0.1035 0.0965 0.0965 0.097 0.097 0.097 0.0955 0.0955 0.0935 0.0935 0.095 0.095 0.095 0.089 0.089 0.089 0.089
0.0855 0.0845 0.0845 0.0875 0.0875 0.0875 0.083 0.083 0.0945 0.0945 0.095 0.095 0.0885 0.0885 0.0885 0.0915 0.0915 0.0915 0.0915 0.094 0.094 0.094 0.093 0.093 0.0905 0.0905 0.09649999 0.09649999 0.09649999 0.096 0.096 0.096 0.096 0.0995 0.0995 0.0995 0.097 0.097 0.091 0.091 0.0905 0.0905 0.0905 0.0985 0.0985 0.107 0.107 0.1085 0.1085 0.103 0.103 0.103 0.0975 0.0975 0.0995 0.0995 0.1035 0.1035 0.1035 0.1035 0.1035 0.0965 0.0965 0.097 0.097 0.097 0.0955 0.0955 0.0935 0.0935 0.095 0.095 0.095 0.089 0.089 0.089 0.089
0.0865 0.081 0.081 0.0935 0.0935 0.0935 0.08499999 0.08499999 0.101 0.101 0.0975 0.0975 0.093 0.093 0.093 0.0975 0.0975 0.094 0.094 0.094 0.094 0.094 0.095 0.095 0.096 0.096 0.0975 0.0975 0.0975 0.0975 0.0975 0.102 0.102 0.098 0.098 0.098 0.1035 0.1035 0.096 0.096 0.101 0.101 0.101 0.1055 0.1055 0.105 0.105 0.097 0.097 0.0955 0.0955 0.0955 0.101 0.101 0.105 0.105 0.1025 0.1025 0.1025 0.097 0.097 0.098 0.098 0.09450001 0.09450001 0.09450001 0.0885 0.0885 0.088 0.088 0.086 0.086 0.086 0.081 0.081 0.089 0.089
0.0865 0.081 0.081 0.0935 0.0935 0.0935 0.08499999 0.08499999 0.101 0.101 0.0975 0.0975 0.093 0.093 0.093 0.0975 0.0975 0.094 0.094 0.094 0.094 0.094 0.095 0.095 0.096 0.096 0.0975 0.0975 0.0975 0.0975 0.0975 0.102 0.102 0.098 0.098 0.098 0.1035 0.1035 0.096 0.096 0.101 0.101 0.101 0.1055 0.1055 0.105 0.105 0.097 0.097 0.0955 0.0955 0.0955 0.101 0.101 0.105 0.105 0.1025 0.1025 0.1025 0.097 0.097 0.098 0.098 0.09450001 0.09450001 0.09450001 0.0885 0.0885 0.088 0.088 0.086 0.086 0.086 0.081 0.081 0.089 0.089
0.0865 0.081 0.081 0.0935 0.0935 0.0935 0.08499999 0.08499999 0.101 0.101 0.0975 0.0975 0.093 0.093 0.093 0.0975 0.0975 0.094 0.094 0.094 0.094 0.094 0.095 0.095 0.096 0.096 0.0975 0.0975 0.0975 0.0975 0.0975 0.102 0.102 0.098 0.098 0.098 0.1035 0.1035 0.096 0.096 0.101 0.101 0.101 0.1055 0.1055 0.105 0.105 0.097 0.097 0.0955 0.0955 0.0955 0.101 0.101 0.105 0.105 0.1025 0.1025 0.1025 0.097 0.097 0.098 0.098 0.09450001 0.09450001 0.09450001 0.0885 0.0885 0.088 0.088 0.086 0.086 0.086 0.081 0.081 0.089 0.089
0.0905 0.095 0.095 0.105 0.105 0.105 0.0885 0.0885 0.1 0.1 0.096 0.096 0.096 0.096 0.096 0.0975 0.0975 0.099 0.099 0.1025 0.1025 0.1025 0.099 0.099 0.1015 0.1015 0.1185 0.1185 0.1185 0.09999999 0.09999999 0.09999999 0.09999999 0.09550001 0.09550001 0.09550001 0.091 0.091 0.089 0.089 0.08750001 0.08750001 0.08750001 0.0875 0.0875 0.0885 0.0885 0.0975 0.0975 0.0885 0.0885 0.0885 0.097 0.097 0.097 0.097 0.096 0.096 0.096 0.099 0.099 0.101 0.101 0.1005 0.1005 0.1005 0.088 0.088 0.086 0.086 0.0855 0.0855 0.0855 0.085 0.085 0.084 0.084
0.0905 0.095 0.095 0.105 0.105 0.105 0.0885 0.0885 0.1 0.1 0.096 0.096 0.096 0.096 0.096 0.0975 0.0975 0.099 0.099 0.1025 0.1025 0.1025 0.099 0.099 0.1015 0.1015 0.1185 0.1185 0.1185 0.09999999 0.09999999 0.09999999 0.09999999 0.09550001 0.09550001 0.09550001 0.091 0.091 0.089 0.089 0.08750001 0.08750001 0.08750001 0.0875 0.0875 0.0885 0.0885 0.0975 0.0975 0.0885 0.0885 0.0885 0.097 0.097 0.097 0.097 0.096 0.096 0.096 0.099 0.099 0.101 0.101 0.1005 0.1005 0.1005 0.088 0.088 0.086 0.086 0.0855 0.0855 0.0855 0.085 0.085 0.084 0.084
0.0935 0.086 0.086 0.0865 0.0865 0.0865 0.095 0.095 0.098 0.098 0.0985 0.0985 0.09900001 0.09900001 0.09900001 0.095 0.095 0.0935 0.0935 0.0925 0.0925 0.0925 0.098 0.098 0.0935 0.0935 0.09 0.09 0.09 0.08400001 0.08400001 0.0845 0.0845 0.085 0.085 0.085 0.081 0.081 0.09450001 0.09450001 0.09999999 0.09999999 0.09999999 0.0995 0.0995 0.09900001 0.09900001 0.102 0.102 0.082 0.082 0.082 0.0845 0.0845 0.092 0.092 0.088 0.088 0.088 0.0955 0.0955 0.085 0.085 0.08750001 0.08750001 0.08750001 0.088 0.088 0.085 0.085 0.0825 0.0825 0.0825 0.0845 0.0845 0.082 0.082
0.0935 0.086 0.086 0.0865 0.0865 0.0865 0.095 0.095 0.098 0.098 0.0985 0.0985 0.09900001 0.09900001 0.09900001 0.095 0.095 0.0935 0.0935 0.0925 0.0925 0.0925 0.098 0.098 0.0935 0.0935 0.09 0.09 0.09 0.08400001 0.08400001 0.0845 0.0845 0.085 0.085 0.085 0.081 0.081 0.09450001 0.09450001 0.09999999 0.09999999 0.09999999 0.0995 0.0995 0.09900001 0.09900001 0.102 0.102 0.082 0.082 0.082 0.0845 0.0845 0.092 0.092 0.088 0.088 0.088 0.0955 0.0955 0.085 0.085 0.08750001 0.08750001 0.08750001 0.088 0.088 0.085 0.085 0.0825 0.0825 0.0825 0.0845 0.0845 0.082 0.082
0.092 0.0885 0.0885 0.104 0.104 0.104 0.097 0.097 0.0875 0.0875 0.0975 0.0975 0.096 0.096 0.096 0.094 0.094 0.092 0.092 0.098 0.098 0.098 0.09299999 0.09299999 0.096 0.096 0.0915 0.0915 0.0915 0.084 0.084 0.0825 0.0825 0.083 0.083 0.083 0.092 0.092 0.105 0.105 0.0995 0.0995 0.0995 0.0945 0.0945 0.0885 0.0885 0.07600001 0.07600001 0.078 0.078 0.078 0.0835 0.0835 0.086 0.086 0.0835 0.0835 0.0835 0.09 0.09 0.09100001 0.09100001 0.09 0.09 0.09 0.088 0.088 0.0885 0.0885 0.081 0.081 0.081 0.083 0.083 0.0845 0.0845
0.092 0.0885 0.0885 0.104 0.104 0.104 0.097 0.097 0.0875 0.0875 0.0975 0.0975 0.096 0.096 0.096 0.094 0.094 0.092 0.092 0.098 0.098 0.098 0.09299999 0.09299999 0.096 0.096 0.0915 0.0915 0.0915 0.084 0.084 0.0825 0.0825 0.083 0.083 0.083 0.092 0.092 0.105 0.105 0.0995 0.0995 0.0995 0.0945 0.0945 0.0885 0.0885 0.07600001 0.07600001 0.078 0.078 0.078 0.0835 0.0835 0.086 0.086 0.0835 0.0835 0.0835 0.09 0.09 0.09100001 0.09100001 0.09 0.09 0.09 0.088 0.088 0.0885 0.0885 0.081 0.081 0.081 0.083 0.083 0.0845 0.0845
0.092 0.0885 0.0885 0.104 0.104 0.104 0.097 0.097 0.0875 0.0875 0.0975 0.0975 0.096 0.096 0.096 0.094 0.094 0.092 0.092 0.098 0.098 0.098 0.09299999 0.09299999 0.096 0.096 0.0915 0.0915 0.0915 0.084 0.084 0.0825 0.0825 0.083 0.083 0.083 0.092 0.092 0.105 0.105 0.0995 0.0995 0.0995 0.0945 0.0945 0.0885 0.0885 0.07600001 0.07600001 0.078 0.078 0.078 0.0835 0.0835 0.086 0.086 0.0835 0.0835 0.0835 0.09 0.09 0.09100001 0.09100001 0.09 0.09 0.09 0.088 0.088 0.0885 0.0885 0.081 0.081 0.081 0.083 0.083 0.0845 0.0845
0.0885 0.09649999 0.09649999 0.0945 0.0945 0.0945 0.084 0.084 0.0745 0.0745 0.0855 0.0855 0.0845 0.0845 0.0845 0.0845 0.0845 0.0865 0.0865 0.0885 0.0885 0.0885 0.0875 0.0875 0.096 0.096 0.089 0.089 0.089 0.0915 0.0915 0.09 0.09 0.0825 0.0825 0.0825 0.09299999 0.09299999 0.087 0.087 0.0805 0.0805 0.0805 0.089 0.089 0.0905 0.0905 0.0895 0.0895 0.0815 0.0815 0.0815 0.0845 0.0845 0.0845 0.0845 0.087 0.087 0.087 0.085 0.085 0.0885 0.0885 0.08750001 0.08750001 0.08750001 0.08750001 0.08750001 0.081 0.081 0.0865 0.0865 0.0865 0.081 0.081 0.08 0.08
0.0885 0.09649999 0.09649999 0.0945 0.0945 0.0945 0.084 0.084 0.0745 0.0745 0.0855 0.0855 0.0845 0.0845 0.0845 0.0845 0.0845 0.0865 0.0865 0.0885 0.0885 0.0885 0.0875 0.0875 0.096 0.096 0.089 0.089 0.089 0.0915 0.0915 0.09 0.09 0.0825 0.0825 0.0825 0.09299999 0.09299999 0.087 0.087 0.0805 0.0805 0.0805 0.089 0.089 0.0905 0.0905 0.0895 0.0895 0.0815 0.0815 0.0815 0.0845 0.0845 0.0845 0.0845 0.087 0.087 0.087 0.085 0.085 0.0885 0.0885 0.08750001 0.08750001 0.08750001 0.08750001 0.08750001 0.081 0.081 0.0865 0.0865 0.0865 0.081 0.081 0.08 0.08
0.0925 0.1015 0.1015 0.0995 0.0995 0.0995 0.088 0.088 0.103 0.103 0.09900001 0.09900001 0.088 0.088 0.088 0.083 0.083 0.086 0.086 0.1025 0.1025 0.1025 0.0995 0.0995 0.1055 0.1055 0.1065 0.1065 0.1065 0.1085 0.1085 0.1095 0.1095 0.099 0.099 0.099 0.094 0.094 0.0945 0.0945 0.0925 0.0925 0.0925 0.095 0.095 0.09299999 0.09299999 0.097 0.097 0.0895 0.0895 0.0895 0.088 0.088 0.0815 0.0815 0.086 0.086 0.086 0.0845 0.0845 0.088 0.088 0.0915 0.0915 0.0915 0.0865 0.0865 0.0825 0.0825 0.0845 0.0845 0.0845 0.08 0.08 0.0885 0.0885
0.0925 0.1015 0.1015 0.0995 0.0995 0.0995 0.088 0.088 0.103 0.103 0.09900001 0.09900001 0.088 0.088 0.088 0.083 0.083 0.086 0.086 0.1025 0.1025 0.1025 0.0995 0.0995 0.1055 0.1055 0.1065 0.1065 0.1065 0.1085 0.1085 0.1095 0.1095 0.099 0.099 0.099 0.094 0.094 0.0945 0.0945 0.0925 0.0925 0.0925 0.095 0.095 0.09299999 0.09299999 0.097 0.097 0.0895 0.0895 0.0895 0.088 0.088 0.0815 0.0815 0.086 0.086 0.086 0.0845 0.0845 0.088 0.088 0.0915 0.0915 0.0915 0.0865 0.0865 0.0825 0.0825 0.0845 0.0845 0.0845 0.08 0.08 0.0885 0.0885
0.101 0.106 0.106 0.12 0.12 0.12 0.115 0.115 0.1035 0.1035 0.113 0.113 0.114 0.114 0.114 0.123 0.123 0.107 0.107 0.122 0.122 0.122 0.1155 0.1155 0.1085 0.1085 0.107 0.107 0.107 0.1015 0.1015 0.1035 0.1035 0.0995 0.0995 0.0995 0.09999999 0.09999999 0.1015 0.1015 0.0955 0.0955 0.0955 0.093 0.093 0.0915 0.0915 0.089 0.089 0.0935 0.0935 0.0935 0.09 0.09 0.086 0.086 0.082 0.082 0.082 0.082 0.082 0.09 0.09 0.09100001 0.09100001 0.09100001 0.09 0.09 0.086 0.086 0.0865 0.0865 0.0865 0.0885 0.0885 0.085 0.085
0.101 0.106 0.106 0.12 0.12 0.12 0.115 0.115 0.1035 0.1035 0.113 0.113 0.114 0.114 0.114 0.123 0.123 0.107 0.107 0.122 0.122 0.122 0.1155 0.1155 0.1085 0.1085 0.107 0.107 0.107 0.1015 0.1015 0.1035 0.1035 0.0995 0.0995 0.0995 0.09999999 0.09999999 0.1015 0.1015 0.0955 0.0955 0.0955 0.093 0.093 0.0915 0.0915 0.089 0.089 0.0935 0.0935 0.0935 0.09 0.09 0.086 0.086 0.082 0.082 0.082 0.082 0.082 0.09 0.09 0.09100001 0.09100001 0.09100001 0.09 0.09 0.086 0.086 0.0865 0.0865 0.0865 0.0885 0.0885 0.085 0.085
0.101 0.106 0.106 0.12 0.12 0.12 0.115 0.115 0.1035 0.1035 0.113 0.113 0.114 0.114 0.114 0.123 0.123 0.107 0.107 0.122 0.122 0.122 0.1155 0.1155 0.1085 0.1085 0.107 0.107 0.107 0.1015 0.1015 0.1035 0.1035 0.0995 0.0995 0.0995 0.09999999 0.09999999 0.1015 0.1015 0.0955 0.0955 0.0955 0.093 0.093 0.0915 0.0915 0.089 0.089 0.0935 0.0935 0.0935 0.09 0.09 0.086 0.086 0.082 0.082 0.082 0.082 0.082 0.09 0.09 0.09100001 0.09100001 0.09100001 0.09 0.09 0.086 0.086 0.0865 0.0865 0.0865 0.0885 0.0885 0.085 0.085
0.096 0.1095 0.1095 0.1195 0.1195 0.1195 0.128 0.128 0.1235 0.1235 0.114 0.114 0.1155 0.1155 0.1155 0.121 0.121 0.117 0.117 0.1135 0.1135 0.1135 0.1095 0.1095 0.117 0.117 0.1005 0.1005 0.1005 0.102 0.102 0.1035 0.1035 0.1075 0.1075 0.1075 0.106 0.106 0.104 0.104 0.0955 0.0955 0.0955 0.09450001 0.09450001 0.093 0.093 0.096 0.096 0.095 0.095 0.095 0.0915 0.0915 0.087 0.087 0.0835 0.0835 0.0835 0.0855 0.0855 0.0905 0.0905 0.0895 0.0895 0.0895 0.09299999 0.09299999 0.0925 0.0925 0.0865 0.0865 0.0865 0.0905 0.0905 0.086 0.086
0.096 0.1095 0.1095 0.1195 0.1195 0.1195 0.128 0.128 0.1235 0.1235 0.114 0.114 0.1155 0.1155 0.1155 0.121 0.121 0.117 0.117 0.1135 0.1135 0.1135 0.1095 0.1095 0.117 0.117 0.1005 0.1005 0.1005 0.102 0.102 0.1035 0.1035 0.1075 0.1075 0.1075 0.106 0.106 0.104 0.104 0.0955 0.0955 0.0955 0.09450001 0.09450001 0.093 0.093 0.096 0.096 0.095 0.095 0.095 0.0915 0.0915 0.087 0.087 0.0835 0.0835 0.0835 0.0855 0.0855 0.0905 0.0905 0.0895 0.0895 0.0895 0.09299999 0.09299999 0.0925 0.0925 0.0865 0.0865 0.0865 0.0905 0.0905 0.086 0.086
0.1125 0.0925 0.0925 0.1215 0.1215 0.1215 0.1165 0.1165 0.138 0.138 0.1145 0.1145 0.1055 0.1055 0.1055 0.1185 0.1185 0.1045 0.1045 0.1185 0.1185 0.1185 0.125 0.125 0.109 0.109 0.1075 0.1075 0.1075 0.1065 0.1065 0.1005 0.1005 0.1005 0.1005 0.1005 0.1045 0.1045 0.102 0.102 0.101 0.101 0.101 0.098 0.098 0.09900001 0.09900001 0.097 0.097 0.09649999 0.09649999 0.09649999 0.0985 0.0985 0.0955 0.0955 0.0925 0.0925 0.0925 0.0935 0.0935 0.0925 0.0925 0.09450001 0.09450001 0.09450001 0.0985 0.0985 0.09900001 0.09900001 0.0915 0.0915 0.0915 0.093 0.093 0.0895 0.0895
0.1125 0.0925 0.0925 0.1215 0.1215 0.1215 0.1165 0.1165 0.138 0.138 0.1145 0.1145 0.1055 0.1055 0.1055 0.1185 0.1185 0.1045 0.1045 0.1185 0.1185 0.1185 0.125 0.125 0.109 0.109 0.1075 0.1075 0.1075 0.1065 0.1065 0.1005 0.1005 0.1005 0.1005 0.1005 0.1045 0.1045 0.102 0.102 0.101 0.101 0.101 0.098 0.098 0.09900001 0.09900001 0.097 0.097 0.09649999 0.09649999 0.09649999 0.0985 0.0985 0.0955 0.0955 0.0925 0.0925 0.0925 0.0935 0.0935 0.0925 0.0925 0.09450001 0.09450001 0.09450001 0.0985 0.0985 0.09900001 0.09900001 0.0915 0.0915 0.0915 0.093 0.093 0.0895 0.0895
0.125 0.1215 0.1215 0.118 0.118 0.118 0.1265 0.1265 0.114 0.114 0.097 0.097 0.089 0.089 0.089 0.1005 0.1005 0.1035 0.1035 0.113 0.113 0.113 0.1105 0.1105 0.105 0.105 0.1025 0.1025 0.1025 0.1055 0.1055 0.11 0.11 0.1075 0.1075 0.1075 0.113 0.113 0.113 0.113 0.1085 0.1085 0.1085 0.1055 0.1055 0.1065 0.1065 0.1265 0.1265 0.1195 0.1195 0.1195 0.108 0.108 0.096 0.096 0.0935 0.0935 0.0935 0.097 0.097 0.096 0.096 0.0985 0.0985 0.0985 0.099 0.099 0.0975 0.0975 0.097 0.097 0.097 0.098 0.098 0.087 0.087
0.125 0.1215 0.1215 0.118 0.118 0.118 0.1265 0.1265 0.114 0.114 0.097 0.097 0.089 0.089 0.089 0.1005 0.1005 0.1035 0.1035 0.113 0.113 0.113 0.1105 0.1105 0.105 0.105 0.1025 0.1025 0.1025 0.1055 0.1055 0.11 0.11 0.1075 0.1075 0.1075 0.113 0.113 0.113 0.113 0.1085 0.1085 0.1085 0.1055 0.1055 0.1065 0.1065 0.1265 0.1265 0.1195 0.1195 0.1195 0.108 0.108 0.096 0.096 0.0935 0.0935 0.0935 0.097 0.097 0.096 0.096 0.0985 0.0985 0.0985 0.099 0.099 0.0975 0.0975 0.097 0.097 0.097 0.098 0.098 0.087 0.087
