ndvi/NOAA-308.asc
ncols         252
nrows         154
xllcorner     -18.017974
yllcorner     13.481982
cellsize      0.035948
NODATA_value  -9999
[rows 0 to 33 of 154, columns 76 to 151 of 252]
0.0685 0.0685 0.0685 0.067 0.067 0.0675 0.0675 0.068 0.068 0.068 0.0645 0.0645 0.061 0.061 0.0605 0.0605 0.07250001 0.07250001 0.07250001 0.0595 0.0595 0.061 0.061 0.057 0.057 0.057 0.0605 0.0605 0.059 0.059 0.0565 0.0565 0.0565 0.059 0.059 0.055 0.055 0.046 0.046 0.046 0.0465 0.0465 0.0435 0.0435 0.046 0.046 0.046 0.07870001 0.07870001 0.0607 0.0607 0.0525 0.0525 0.054 0.054 0.054 0.051 0.051 0.055 0.055 0.056 0.056 0.056 0.063 0.063 0.0635 0.0635 0.0645 0.0645 0.0645 0.0575 0.0575 0.057 0.057 0.056 0.056
0.0685 0.0685 0.0685 0.067 0.067 0.0675 0.0675 0.068 0.068 0.068 0.0645 0.0645 0.061 0.061 0.0605 0.0605 0.07250001 0.07250001 0.07250001 0.0595 0.0595 0.061 0.061 0.057 0.057 0.057 0.0605 0.0605 0.059 0.059 0.0565 0.0565 0.0565 0.059 0.059 0.055 0.055 0.046 0.046 0.046 0.0465 0.0465 0.0435 0.0435 0.046 0.046 0.046 0.07870001 0.07870001 0.0607 0.0607 0.0525 0.0525 0.054 0.054 0.054 0.051 0.051 0.055 0.055 0.056 0.056 0.056 0.063 0.063 0.0635 0.0635 0.0645 0.0645 0.0645 0.0575 0.0575 0.057 0.057 0.056 0.056
0.07 0.07 0.07 0.073 0.073 0.068 0.068 0.0685 0.0685 0.0685 0.063 0.063 0.065 0.065 0.06900001 0.06900001 0.0715 0.0715 0.0715 0.0695 0.0695 0.067 0.067 0.056 0.056 0.056 0.064 0.064 0.063 0.063 0.058 0.058 0.058 0.054 0.054 0.0515 0.0515 0.0495 0.0495 0.0495 0.0391 0.0391 0.0386 0.0386 0.052 0.052 0.052 0.052 0.052 0.059 0.059 0.062 0.062 0.064 0.064 0.064 0.0665 0.0665 0.0665 0.0665 0.0625 0.0625 0.0625 0.0625 0.0625 0.0581 0.0581 0.0586 0.0586 0.0586 0.0496 0.0496 0.0446 0.0446 0.0501 0.0501
0.07 0.07 0.07 0.073 0.073 0.068 0.068 0.0685 0.0685 0.0685 0.063 0.063 0.065 0.065 0.06900001 0.06900001 0.0715 0.0715 0.0715 0.0695 0.0695 0.067 0.067 0.056 0.056 0.056 0.064 0.064 0.063 0.063 0.058 0.058 0.058 0.054 0.054 0.0515 0.0515 0.0495 0.0495 0.0495 0.0391 0.0391 0.0386 0.0386 0.052 0.052 0.052 0.052 0.052 0.059 0.059 0.062 0.062 0.064 0.064 0.064 0.0665 0.0665 0.0665 0.0665 0.0625 0.0625 0.0625 0.0625 0.0625 0.0581 0.0581 0.0586 0.0586 0.0586 0.0496 0.0496 0.0446 0.0446 0.0501 0.0501
0.07 0.07 0.07 0.073 0.073 0.068 0.068 0.0685 0.0685 0.0685 0.063 0.063 0.065 0.065 0.06900001 0.06900001 0.0715 0.0715 0.0715 0.0695 0.0695 0.067 0.067 0.056 0.056 0.056 0.064 0.064 0.063 0.063 0.058 0.058 0.058 0.054 0.054 0.0515 0.0515 0.0495 0.0495 0.0495 0.0391 0.0391 0.0386 0.0386 0.052 0.052 0.052 0.052 0.052 0.059 0.059 0.062 0.062 0.064 0.064 0.064 0.0665 0.0665 0.0665 0.0665 0.0625 0.0625 0.0625 0.0625 0.0625 0.0581 0.0581 0.0586 0.0586 0.0586 0.0496 0.0496 0.0446 0.0446 0.0501 0.0501
0.07 0.07 0.07 0.07 0.07 0.073 0.073 0.0675 0.0675 0.0675 0.069 0.069 0.0685 0.0685 0.072 0.072 0.0705 0.0705 0.0705 0.0665 0.0665 0.0595 0.0595 0.064 0.064 0.064 0.0585 0.0585 0.0505 0.0505 0.0416 0.0416 0.0416 0.043 0.043 0.046 0.046 0.0515 0.0515 0.0515 0.0515 0.0515 0.044 0.044 0.0605 0.0605 0.0605 0.0625 0.0625 0.0655 0.0655 0.0705 0.0705 0.0695 0.0695 0.0695 0.07 0.07 0.066 0.066 0.062 0.062 0.062 0.0595 0.0595 0.062 0.062 0.062 0.062 0.062 0.064 0.064 0.0605 0.0605 0.0551 0.0551
0.07 0.07 0.07 0.07 0.07 0.073 0.073 0.0675 0.0675 0.0675 0.069 0.069 0.0685 0.0685 0.072 0.072 0.0705 0.0705 0.0705 0.0665 0.0665 0.0595 0.0595 0.064 0.064 0.064 0.0585 0.0585 0.0505 0.0505 0.0416 0.0416 0.0416 0.043 0.043 0.046 0.046 0.0515 0.0515 0.0515 0.0515 0.0515 0.044 0.044 0.0605 0.0605 0.0605 0.0625 0.0625 0.0655 0.0655 0.0705 0.0705 0.0695 0.0695 0.0695 0.07 0.07 0.066 0.066 0.062 0.062 0.062 0.0595 0.0595 0.062 0.062 0.062 0.062 0.062 0.064 0.064 0.0605 0.0605 0.0551 0.0551
0.0705 0.0705 0.0705 0.067 0.067 0.0645 0.0645 0.07 0.07 0.07 0.0715 0.0715 0.07099999 0.07099999 0.069 0.069 0.068 0.068 0.068 0.065 0.065 0.0665 0.0665 0.0635 0.0635 0.0635 0.049 0.049 0.0551 0.0551 0.0627 0.0627 0.0627 0.0575 0.0575 0.06 0.06 0.054 0.054 0.054 0.0535 0.0535 0.0535 0.0535 0.06900001 0.06900001 0.06900001 0.0765 0.0765 0.0725 0.0725 0.07099999 0.07099999 0.074 0.074 0.074 0.079 0.079 0.07250001 0.07250001 0.07 0.07 0.07 0.067 0.067 0.068 0.068 0.0635 0.0635 0.0635 0.0675 0.0675 0.0655 0.0655 0.0645 0.0645
0.0705 0.0705 0.0705 0.067 0.067 0.0645 0.0645 0.07 0.07 0.07 0.0715 0.0715 0.07099999 0.07099999 0.069 0.069 0.068 0.068 0.068 0.065 0.065 0.0665 0.0665 0.0635 0.0635 0.0635 0.049 0.049 0.0551 0.0551 0.0627 0.0627 0.0627 0.0575 0.0575 0.06 0.06 0.054 0.054 0.054 0.0535 0.0535 0.0535 0.0535 0.06900001 0.06900001 0.06900001 0.0765 0.0765 0.0725 0.0725 0.07099999 0.07099999 0.074 0.074 0.074 0.079 0.079 0.07250001 0.07250001 0.07 0.07 0.07 0.067 0.067 0.068 0.068 0.0635 0.0635 0.0635 0.0675 0.0675 0.0655 0.0655 0.0645 0.0645
0.0615 0.0615 0.0615 0.07350001 0.07350001 0.0695 0.0695 0.0695 0.0695 0.0695 0.068 0.068 0.07 0.07 0.0695 0.0695 0.0675 0.0675 0.0675 0.054 0.054 0.057 0.057 0.069 0.069 0.069 0.0695 0.0695 0.06900001 0.06900001 0.068 0.068 0.068 0.072 0.072 0.0725 0.0725 0.066 0.066 0.066 0.057 0.057 0.057 0.057 0.07600001 0.07600001 0.07600001 0.0735 0.0735 0.06900001 0.06900001 0.0755 0.0755 0.07700001 0.07700001 0.07700001 0.0765 0.0765 0.0765 0.0765 0.0715 0.0715 0.0715 0.065 0.065 0.07 0.07 0.0635 0.0635 0.0635 0.07 0.07 0.068 0.068 0.0685 0.0685
0.0615 0.0615 0.0615 0.07350001 0.07350001 0.0695 0.0695 0.0695 0.0695 0.0695 0.068 0.068 0.07 0.07 0.0695 0.0695 0.0675 0.0675 0.0675 0.054 0.054 0.057 0.057 0.069 0.069 0.069 0.0695 0.0695 0.06900001 0.06900001 0.068 0.068 0.068 0.072 0.072 0.0725 0.0725 0.066 0.066 0.066 0.057 0.057 0.057 0.057 0.07600001 0.07600001 0.07600001 0.0735 0.0735 0.06900001 0.06900001 0.0755 0.0755 0.07700001 0.07700001 0.07700001 0.0765 0.0765 0.0765 0.0765 0.0715 0.0715 0.0715 0.065 0.065 0.07 0.07 0.0635 0.0635 0.0635 0.07 0.07 0.068 0.068 0.0685 0.0685
0.07449999 0.07449999 0.07449999 0.073 0.073 0.074 0.074 0.07250001 0.07250001 0.07250001 0.07250001 0.07250001 0.0685 0.0685 0.068 0.068 0.072 0.072 0.072 0.0735 0.0735 0.072 0.072 0.072 0.072 0.072 0.07250001 0.07250001 0.07250001 0.07250001 0.0725 0.0725 0.0725 0.073 0.073 0.0735 0.0735 0.07 0.07 0.07 0.07099999 0.07099999 0.072 0.072 0.0705 0.0705 0.0705 0.0765 0.0765 0.07600001 0.07600001 0.0775 0.0775 0.07799999 0.07799999 0.07799999 0.07600001 0.07600001 0.0785 0.0785 0.075 0.075 0.075 0.0775 0.0775 0.068 0.068 0.0656 0.0656 0.0656 0.06900001 0.06900001 0.0705 0.0705 0.0685 0.0685
0.07449999 0.07449999 0.07449999 0.073 0.073 0.074 0.074 0.07250001 0.07250001 0.07250001 0.07250001 0.07250001 0.0685 0.0685 0.068 0.068 0.072 0.072 0.072 0.0735 0.0735 0.072 0.072 0.072 0.072 0.072 0.07250001 0.07250001 0.07250001 0.07250001 0.0725 0.0725 0.0725 0.073 0.073 0.0735 0.0735 0.07 0.07 0.07 0.07099999 0.07099999 0.072 0.072 0.0705 0.0705 0.0705 0.0765 0.0765 0.07600001 0.07600001 0.0775 0.0775 0.07799999 0.07799999 0.07799999 0.07600001 0.07600001 0.0785 0.0785 0.075 0.075 0.075 0.0775 0.0775 0.068 0.068 0.0656 0.0656 0.0656 0.06900001 0.06900001 0.0705 0.0705 0.0685 0.0685
0.07449999 0.07449999 0.07449999 0.073 0.073 0.074 0.074 0.07250001 0.07250001 0.07250001 0.07250001 0.07250001 0.0685 0.0685 0.068 0.068 0.072 0.072 0.072 0.0735 0.0735 0.072 0.072 0.072 0.072 0.072 0.07250001 0.07250001 0.07250001 0.07250001 0.0725 0.0725 0.0725 0.073 0.073 0.0735 0.0735 0.07 0.07 0.07 0.07099999 0.07099999 0.072 0.072 0.0705 0.0705 0.0705 0.0765 0.0765 0.07600001 0.07600001 0.0775 0.0775 0.07799999 0.07799999 0.07799999 0.07600001 0.07600001 0.0785 0.0785 0.075 0.075 0.075 0.0775 0.0775 0.068 0.068 0.0656 0.0656 0.0656 0.06900001 0.06900001 0.0705 0.0705 0.0685 0.0685
0.075 0.075 0.075 0.075 0.075 0.072 0.072 0.074 0.074 0.074 0.0735 0.0735 0.075 0.075 0.0755 0.0755 0.0765 0.0765 0.0765 0.0755 0.0755 0.073 0.073 0.0735 0.0735 0.0735 0.0735 0.0735 0.07 0.07 0.071 0.071 0.071 0.0685 0.0685 0.0715 0.0715 0.067 0.067 0.067 0.073 0.073 0.0715 0.0715 0.07 0.07 0.07 0.07600001 0.07600001 0.0835 0.0835 0.072 0.072 0.0775 0.0775 0.0775 0.07600001 0.07600001 0.08 0.08 0.07600001 0.07600001 0.07600001 0.0765 0.0765 0.0775 0.0775 0.072 0.072 0.072 0.069 0.069 0.066 0.066 0.0775 0.0775
0.075 0.075 0.075 0.075 0.075 0.072 0.072 0.074 0.074 0.074 0.0735 0.0735 0.075 0.075 0.0755 0.0755 0.0765 0.0765 0.0765 0.0755 0.0755 0.073 0.073 0.0735 0.0735 0.0735 0.0735 0.0735 0.07 0.07 0.071 0.071 0.071 0.0685 0.0685 0.0715 0.0715 0.067 0.067 0.067 0.073 0.073 0.0715 0.0715 0.07 0.07 0.07 0.07600001 0.07600001 0.0835 0.0835 0.072 0.072 0.0775 0.0775 0.0775 0.07600001 0.07600001 0.08 0.08 0.07600001 0.07600001 0.07600001 0.0765 0.0765 0.0775 0.0775 0.072 0.072 0.072 0.069 0.069 0.066 0.066 0.0775 0.0775
0.074 0.074 0.074 0.07600001 0.07600001 0.075 0.075 0.0745 0.0745 0.0745 0.074 0.074 0.075 0.075 0.081 0.081 0.079 0.079 0.079 0.07799999 0.07799999 0.074 0.074 0.074 0.074 0.074 0.07 0.07 0.0715 0.0715 0.0695 0.0695 0.0695 0.0665 0.0665 0.0645 0.0645 0.0685 0.0685 0.0685 0.075 0.075 0.072 0.072 0.079 0.079 0.079 0.0825 0.0825 0.0765 0.0765 0.078 0.078 0.0765 0.0765 0.0765 0.0995 0.0995 0.1045 0.1045 0.1115 0.1115 0.1115 0.088 0.088 0.07700001 0.07700001 0.0715 0.0715 0.0715 0.0665 0.0665 0.075 0.075 0.067 0.067
0.074 0.074 0.074 0.07600001 0.07600001 0.075 0.075 0.0745 0.0745 0.0745 0.074 0.074 0.075 0.075 0.081 0.081 0.079 0.079 0.079 0.07799999 0.07799999 0.074 0.074 0.074 0.074 0.074 0.07 0.07 0.0715 0.0715 0.0695 0.0695 0.0695 0.0665 0.0665 0.0645 0.0645 0.0685 0.0685 0.0685 0.075 0.075 0.072 0.072 0.079 0.079 0.079 0.0825 0.0825 0.0765 0.0765 0.078 0.078 0.0765 0.0765 0.0765 0.0995 0.0995 0.1045 0.1045 0.1115 0.1115 0.1115 0.088 0.088 0.07700001 0.07700001 0.0715 0.0715 0.0715 0.0665 0.0665 0.075 0.075 0.067 0.067
0.075 0.075 0.075 0.078 0.078 0.076 0.076 0.074 0.074 0.074 0.077 0.077 0.0785 0.0785 0.0815 0.0815 0.0755 0.0755 0.0755 0.074 0.074 0.07449999 0.07449999 0.0695 0.0695 0.0695 0.0715 0.0715 0.075 0.075 0.07799999 0.07799999 0.07799999 0.0765 0.0765 0.0655 0.0655 0.0625 0.0625 0.0625 0.0705 0.0705 0.074 0.074 0.089 0.089 0.089 0.078 0.078 0.079 0.079 0.0755 0.0755 0.0755 0.0755 0.0755 0.082 0.082 0.116 0.116 0.1165 0.1165 0.1165 0.0855 0.0855 0.081 0.081 0.0795 0.0795 0.0795 0.08 0.08 0.086 0.086 0.0775 0.0775
0.075 0.075 0.075 0.078 0.078 0.076 0.076 0.074 0.074 0.074 0.077 0.077 0.0785 0.0785 0.0815 0.0815 0.0755 0.0755 0.0755 0.074 0.074 0.07449999 0.07449999 0.0695 0.0695 0.0695 0.0715 0.0715 0.075 0.075 0.07799999 0.07799999 0.07799999 0.0765 0.0765 0.0655 0.0655 0.0625 0.0625 0.0625 0.0705 0.0705 0.074 0.074 0.089 0.089 0.089 0.078 0.078 0.079 0.079 0.0755 0.0755 0.0755 0.0755 0.0755 0.082 0.082 0.116 0.116 0.1165 0.1165 0.1165 0.0855 0.0855 0.081 0.081 0.0795 0.0795 0.0795 0.08 0.08 0.086 0.086 0.0775 0.0775
0.075 0.075 0.075 0.078 0.078 0.076 0.076 0.074 0.074 0.074 0.077 0.077 0.0785 0.0785 0.0815 0.0815 0.0755 0.0755 0.0755 0.074 0.074 0.07449999 0.07449999 0.0695 0.0695 0.0695 0.0715 0.0715 0.075 0.075 0.07799999 0.07799999 0.07799999 0.0765 0.0765 0.0655 0.0655 0.0625 0.0625 0.0625 0.0705 0.0705 0.074 0.074 0.089 0.089 0.089 0.078 0.078 0.079 0.079 0.0755 0.0755 0.0755 0.0755 0.0755 0.082 0.082 0.116 0.116 0.1165 0.1165 0.1165 0.0855 0.0855 0.081 0.081 0.0795 0.0795 0.0795 0.08 0.08 0.086 0.086 0.0775 0.0775
0.075 0.075 0.075 0.0765 0.0765 0.0795 0.0795 0.0785 0.0785 0.0785 0.077 0.077 0.0795 0.0795 0.08 0.08 0.0775 0.0775 0.0775 0.0765 0.0765 0.0735 0.0735 0.074 0.074 0.074 0.07600001 0.07600001 0.0835 0.0835 0.0915 0.0915 0.0915 0.0835 0.0835 0.088 0.088 0.081 0.081 0.081 0.079 0.079 0.0835 0.0835 0.085 0.085 0.085 0.0815 0.0815 0.081 0.081 0.0845 0.0845 0.0835 0.0835 0.0835 0.08050001 0.08050001 0.111 0.111 0.122 0.122 0.122 0.121 0.121 0.085 0.085 0.0815 0.0815 0.0815 0.0825 0.0825 0.075 0.075 0.0635 0.0635
0.075 0.075 0.075 0.0765 0.0765 0.0795 0.0795 0.0785 0.0785 0.0785 0.077 0.077 0.0795 0.0795 0.08 0.08 0.0775 0.0775 0.0775 0.0765 0.0765 0.0735 0.0735 0.074 0.074 0.074 0.07600001 0.07600001 0.0835 0.0835 0.0915 0.0915 0.0915 0.0835 0.0835 0.088 0.088 0.081 0.081 0.081 0.079 0.079 0.0835 0.0835 0.085 0.085 0.085 0.0815 0.0815 0.081 0.081 0.0845 0.0845 0.0835 0.0835 0.0835 0.08050001 0.08050001 0.111 0.111 0.122 0.122 0.122 0.121 0.121 0.085 0.085 0.0815 0.0815 0.0815 0.0825 0.0825 0.075 0.075 0.0635 0.0635
0.078 0.078 0.078 0.0785 0.0785 0.083 0.083 0.0875 0.0875 0.0875 0.095 0.095 0.09550001 0.09550001 0.112 0.112 0.1205 0.1205 0.1205 0.088 0.088 0.0885 0.0885 0.085 0.085 0.085 0.0825 0.0825 0.0885 0.0885 0.118 0.118 0.118 0.112 0.112 0.104 0.104 0.084 0.084 0.084 0.08 0.08 0.0805 0.0805 0.0915 0.0915 0.0915 0.1075 0.1075 0.0885 0.0885 0.079 0.079 0.0705 0.0705 0.0705 0.088 0.088 0.0935 0.0935 0.1215 0.1215 0.1215 0.1235 0.1235 0.1145 0.1145 0.093 0.093 0.093 0.0845 0.0845 0.0775 0.0775 0.0675 0.0675
0.078 0.078 0.078 0.0785 0.0785 0.083 0.083 0.0875 0.0875 0.0875 0.095 0.095 0.09550001 0.09550001 0.112 0.112 0.1205 0.1205 0.1205 0.088 0.088 0.0885 0.0885 0.085 0.085 0.085 0.0825 0.0825 0.0885 0.0885 0.118 0.118 0.118 0.112 0.112 0.104 0.104 0.084 0.084 0.084 0.08 0.08 0.0805 0.0805 0.0915 0.0915 0.0915 0.1075 0.1075 0.0885 0.0885 0.079 0.079 0.0705 0.0705 0.0705 0.088 0.088 0.0935 0.0935 0.1215 0.1215 0.1215 0.1235 0.1235 0.1145 0.1145 0.093 0.093 0.093 0.0845 0.0845 0.0775 0.0775 0.0675 0.0675
0.082 0.082 0.082 0.0855 0.0855 0.087 0.087 0.115 0.115 0.115 0.128 0.128 0.126 0.126 0.1275 0.1275 0.1265 0.1265 0.1265 0.089 0.089 0.0855 0.0855 0.0895 0.0895 0.0895 0.0905 0.0905 0.0895 0.0895 0.119 0.119 0.119 0.086 0.086 0.0885 0.0885 0.0795 0.0795 0.0795 0.084 0.084 0.087 0.087 0.1195 0.1195 0.1195 0.1145 0.1145 0.121 0.121 0.0825 0.0825 0.0825 0.0825 0.0825 0.0905 0.0905 0.1155 0.1155 0.1345 0.1345 0.1345 0.1345 0.1345 0.1335 0.1335 0.114 0.114 0.114 0.074 0.074 0.08750001 0.08750001 0.076 0.076
0.082 0.082 0.082 0.0855 0.0855 0.087 0.087 0.115 0.115 0.115 0.128 0.128 0.126 0.126 0.1275 0.1275 0.1265 0.1265 0.1265 0.089 0.089 0.0855 0.0855 0.0895 0.0895 0.0895 0.0905 0.0905 0.0895 0.0895 0.119 0.119 0.119 0.086 0.086 0.0885 0.0885 0.0795 0.0795 0.0795 0.084 0.084 0.087 0.087 0.1195 0.1195 0.1195 0.1145 0.1145 0.121 0.121 0.0825 0.0825 0.0825 0.0825 0.0825 0.0905 0.0905 0.1155 0.1155 0.1345 0.1345 0.1345 0.1345 0.1345 0.1335 0.1335 0.114 0.114 0.114 0.074 0.074 0.08750001 0.08750001 0.076 0.076
0.082 0.082 0.082 0.0855 0.0855 0.087 0.087 0.115 0.115 0.115 0.128 0.128 0.126 0.126 0.1275 0.1275 0.1265 0.1265 0.1265 0.089 0.089 0.0855 0.0855 0.0895 0.0895 0.0895 0.0905 0.0905 0.0895 0.0895 0.119 0.119 0.119 0.086 0.086 0.0885 0.0885 0.0795 0.0795 0.0795 0.084 0.084 0.087 0.087 0.1195 0.1195 0.1195 0.1145 0.1145 0.121 0.121 0.0825 0.0825 0.0825 0.0825 0.0825 0.0905 0.0905 0.1155 0.1155 0.1345 0.1345 0.1345 0.1345 0.1345 0.1335 0.1335 0.114 0.114 0.114 0.074 0.074 0.08750001 0.08750001 0.076 0.076
0.0865 0.0865 0.0865 0.103 0.103 0.122 0.122 0.1345 0.1345 0.1345 0.1405 0.1405 0.133 0.133 0.1335 0.1335 0.1505 0.1505 0.1505 0.124 0.124 0.09450001 0.09450001 0.0975 0.0975 0.0975 0.094 0.094 0.0935 0.0935 0.0905 0.0905 0.0905 0.1025 0.1025 0.0975 0.0975 0.095 0.095 0.095 0.095 0.095 0.1035 0.1035 0.1175 0.1175 0.1175 0.1235 0.1235 0.1115 0.1115 0.09100001 0.09100001 0.085 0.085 0.085 0.097 0.097 0.1245 0.1245 0.132 0.132 0.132 0.135 0.135 0.1275 0.1275 0.125 0.125 0.125 0.106 0.106 0.079 0.079 0.083 0.083
0.0865 0.0865 0.0865 0.103 0.103 0.122 0.122 0.1345 0.1345 0.1345 0.1405 0.1405 0.133 0.133 0.1335 0.1335 0.1505 0.1505 0.1505 0.124 0.124 0.09450001 0.09450001 0.0975 0.0975 0.0975 0.094 0.094 0.0935 0.0935 0.0905 0.0905 0.0905 0.1025 0.1025 0.0975 0.0975 0.095 0.095 0.095 0.095 0.095 0.1035 0.1035 0.1175 0.1175 0.1175 0.1235 0.1235 0.1115 0.1115 0.09100001 0.09100001 0.085 0.085 0.085 0.097 0.097 0.1245 0.1245 0.132 0.132 0.132 0.135 0.135 0.1275 0.1275 0.125 0.125 0.125 0.106 0.106 0.079 0.079 0.083 0.083
0.12 0.12 0.12 0.1075 0.1075 0.126 0.126 0.126 0.126 0.126 0.1335 0.1335 0.146 0.146 0.15 0.15 0.1615 0.1615 0.1615 0.148 0.148 0.1335 0.1335 0.1165 0.1165 0.1165 0.118 0.118 0.0975 0.0975 0.1025 0.1025 0.1025 0.1055 0.1055 0.1115 0.1115 0.1085 0.1085 0.1085 0.0995 0.0995 0.116 0.116 0.1145 0.1145 0.1145 0.1255 0.1255 0.122 0.122 0.1275 0.1275 0.1305 0.1305 0.1305 0.14 0.14 0.136 0.136 0.144 0.144 0.144 0.1335 0.1335 0.1395 0.1395 0.1135 0.1135 0.1135 0.0865 0.0865 0.0845 0.0845 0.084 0.084
0.12 0.12 0.12 0.1075 0.1075 0.126 0.126 0.126 0.126 0.126 0.1335 0.1335 0.146 0.146 0.15 0.15 0.1615 0.1615 0.1615 0.148 0.148 0.1335 0.1335 0.1165 0.1165 0.1165 0.118 0.118 0.0975 0.0975 0.1025 0.1025 0.1025 0.1055 0.1055 0.1115 0.1115 0.1085 0.1085 0.1085 0.0995 0.0995 0.116 0.116 0.1145 0.1145 0.1145 0.1255 0.1255 0.122 0.122 0.1275 0.1275 0.1305 0.1305 0.1305 0.14 0.14 0.136 0.136 0.144 0.144 0.144 0.1335 0.1335 0.1395 0.1395 0.1135 0.1135 0.1135 0.0865 0.0865 0.0845 0.0845 0.084 0.084
0.1205 0.1205 0.1205 0.1325 0.1325 0.1045 0.1045 0.099 0.099 0.099 0.106 0.106 0.1315 0.1315 0.153 0.153 0.1535 0.1535 0.1535 0.148 0.148 0.15 0.15 0.145 0.145 0.145 0.147 0.147 0.1215 0.1215 0.1335 0.1335 0.1335 0.1275 0.1275 0.1275 0.1275 0.1175 0.1175 0.1175 0.1195 0.1195 0.1125 0.1125 0.1545 0.1545 0.1545 0.1525 0.1525 0.142 0.142 0.1445 0.1445 0.14 0.14 0.14 0.14 0.14 0.1295 0.1295 0.1205 0.1205 0.1205 0.126 0.126 0.1315 0.1315 0.1335 0.1335 0.1335 0.121 0.121 0.1265 0.1265 0.118 0.118
0.1205 0.1205 0.1205 0.1325 0.1325 0.1045 0.1045 0.099 0.099 0.099 0.106 0.106 0.1315 0.1315 0.153 0.153 0.1535 0.1535 0.1535 0.148 0.148 0.15 0.15 0.145 0.145 0.145 0.147 0.147 0.1215 0.1215 0.1335 0.1335 0.1335 0.1275 0.1275 0.1275 0.1275 0.1175 0.1175 0.1175 0.1195 0.1195 0.1125 0.1125 0.1545 0.1545 0.1545 0.1525 0.1525 0.142 0.142 0.1445 0.1445 0.14 0.14 0.14 0.14 0.14 0.1295 0.1295 0.1205 0.1205 0.1205 0.126 0.126 0.1315 0.1315 0.1335 0.1335 0.1335 0.121 0.121 0.1265 0.1265 0.118 0.118
