ndvi/NOAA-332.asc
ncols         252
nrows         154
xllcorner     -18.017974
yllcorner     13.481982
cellsize      0.035948
NODATA_value  -9999
[rows 68 to 101 of 154, columns 154 to 230 of 252]
0.203 0.2435 0.2435 0.238 0.238 0.238 0.241 0.241 0.2515 0.2515 0.282 0.282 0.3415 0.3415 0.3415 0.3685 0.3685 0.438 0.438 0.436 0.436 0.436 0.4335 0.4335 0.4125 0.4125 0.437 0.437 0.437 0.4135 0.4135 0.395 0.395 0.3975 0.3975 0.3975 0.317 0.317 0.327 0.327 0.35 0.35 0.35 0.409 0.409 0.414 0.414 0.394 0.394 0.3995 0.3995 0.3995 0.4245 0.4245 0.4125 0.4125 0.4085 0.4085 0.4085 0.379 0.379 0.41 0.41 0.3595 0.3595 0.3595 0.4875 0.4875 0.483 0.483 0.4745 0.4745 0.4745 0.506 0.506 0.369 0.369
0.2585 0.246 0.246 0.2485 0.2485 0.2485 0.231 0.231 0.2535 0.2535 0.308 0.308 0.3845 0.3845 0.3845 0.4155 0.4155 0.422 0.422 0.429 0.429 0.429 0.4185 0.4185 0.4355 0.4355 0.474 0.474 0.474 0.5276 0.5276 0.4095 0.4095 0.402 0.402 0.402 0.383 0.383 0.3945 0.3945 0.421 0.421 0.421 0.438 0.438 0.4345 0.4345 0.3885 0.3885 0.405 0.405 0.405 0.419 0.419 0.411 0.411 0.4185 0.4185 0.4185 0.406 0.406 0.3735 0.3735 0.336 0.336 0.336 0.3795 0.3795 0.47 0.47 0.432 0.432 0.432 0.5345 0.5345 0.38 0.38
0.2585 0.246 0.246 0.2485 0.2485 0.2485 0.231 0.231 0.2535 0.2535 0.308 0.308 0.3845 0.3845 0.3845 0.4155 0.4155 0.422 0.422 0.429 0.429 0.429 0.4185 0.4185 0.4355 0.4355 0.474 0.474 0.474 0.5276 0.5276 0.4095 0.4095 0.402 0.402 0.402 0.383 0.383 0.3945 0.3945 0.421 0.421 0.421 0.438 0.438 0.4345 0.4345 0.3885 0.3885 0.405 0.405 0.405 0.419 0.419 0.411 0.411 0.4185 0.4185 0.4185 0.406 0.406 0.3735 0.3735 0.336 0.336 0.336 0.3795 0.3795 0.47 0.47 0.432 0.432 0.432 0.5345 0.5345 0.38 0.38
0.2325 0.305 0.305 0.312 0.312 0.312 0.259 0.259 0.251 0.251 0.308 0.308 0.373 0.373 0.373 0.3965 0.3965 0.394 0.394 0.407 0.407 0.407 0.3855 0.3855 0.4135 0.4135 0.4885 0.4885 0.4885 0.457 0.457 0.4405 0.4405 0.4525 0.4525 0.4525 0.416 0.416 0.4125 0.4125 0.436 0.436 0.436 0.465 0.465 0.412 0.412 0.431 0.431 0.462 0.462 0.462 0.4525 0.4525 0.4745 0.4745 0.4275 0.4275 0.4275 0.465 0.465 0.392 0.392 0.433 0.433 0.433 0.432 0.432 0.416 0.416 0.4885 0.4885 0.4885 0.4325 0.4325 0.4635 0.4635
0.2325 0.305 0.305 0.312 0.312 0.312 0.259 0.259 0.251 0.251 0.308 0.308 0.373 0.373 0.373 0.3965 0.3965 0.394 0.394 0.407 0.407 0.407 0.3855 0.3855 0.4135 0.4135 0.4885 0.4885 0.4885 0.457 0.457 0.4405 0.4405 0.4525 0.4525 0.4525 0.416 0.416 0.4125 0.4125 0.436 0.436 0.436 0.465 0.465 0.412 0.412 0.431 0.431 0.462 0.462 0.462 0.4525 0.4525 0.4745 0.4745 0.4275 0.4275 0.4275 0.465 0.465 0.392 0.392 0.433 0.433 0.433 0.432 0.432 0.416 0.416 0.4885 0.4885 0.4885 0.4325 0.4325 0.4635 0.4635
0.2325 0.305 0.305 0.312 0.312 0.312 0.259 0.259 0.251 0.251 0.308 0.308 0.373 0.373 0.373 0.3965 0.3965 0.394 0.394 0.407 0.407 0.407 0.3855 0.3855 0.4135 0.4135 0.4885 0.4885 0.4885 0.457 0.457 0.4405 0.4405 0.4525 0.4525 0.4525 0.416 0.416 0.4125 0.4125 0.436 0.436 0.436 0.465 0.465 0.412 0.412 0.431 0.431 0.462 0.462 0.462 0.4525 0.4525 0.4745 0.4745 0.4275 0.4275 0.4275 0.465 0.465 0.392 0.392 0.433 0.433 0.433 0.432 0.432 0.416 0.416 0.4885 0.4885 0.4885 0.4325 0.4325 0.4635 0.4635
0.229 0.3265 0.3265 0.2995 0.2995 0.2995 0.2635 0.2635 0.243 0.243 0.285 0.285 0.322 0.322 0.322 0.3365 0.3365 0.39 0.39 0.4445 0.4445 0.4445 0.403 0.403 0.403 0.403 0.4395 0.4395 0.4395 0.474 0.474 0.473 0.473 0.4735 0.4735 0.4735 0.4725 0.4725 0.4805 0.4805 0.511 0.511 0.511 0.5195 0.5195 0.471 0.471 0.4755 0.4755 0.5145 0.5145 0.5145 0.508 0.508 0.4705 0.4705 0.454 0.454 0.454 0.449 0.449 0.444 0.444 0.475 0.475 0.475 0.4515 0.4515 0.4635 0.4635 0.455 0.455 0.455 0.455 0.455 0.442 0.442
0.229 0.3265 0.3265 0.2995 0.2995 0.2995 0.2635 0.2635 0.243 0.243 0.285 0.285 0.322 0.322 0.322 0.3365 0.3365 0.39 0.39 0.4445 0.4445 0.4445 0.403 0.403 0.403 0.403 0.4395 0.4395 0.4395 0.474 0.474 0.473 0.473 0.4735 0.4735 0.4735 0.4725 0.4725 0.4805 0.4805 0.511 0.511 0.511 0.5195 0.5195 0.471 0.471 0.4755 0.4755 0.5145 0.5145 0.5145 0.508 0.508 0.4705 0.4705 0.454 0.454 0.454 0.449 0.449 0.444 0.444 0.475 0.475 0.475 0.4515 0.4515 0.4635 0.4635 0.455 0.455 0.455 0.455 0.455 0.442 0.442
0.191 0.284 0.284 0.3065 0.3065 0.3065 0.24 0.24 0.259 0.259 0.2775 0.2775 0.337 0.337 0.337 0.3805 0.3805 0.3995 0.3995 0.485 0.485 0.485 0.4215 0.4215 0.406 0.406 0.4125 0.4125 0.4125 0.4785 0.4785 0.498 0.498 0.4935 0.4935 0.4935 0.4775 0.4775 0.5115 0.5115 0.4935 0.4935 0.4935 0.5 0.5 0.4865 0.4865 0.4625 0.4625 0.502 0.502 0.502 0.5115 0.5115 0.4715 0.4715 0.4405 0.4405 0.4405 0.4595 0.4595 0.473 0.473 0.448 0.448 0.448 0.456 0.456 0.4615 0.4615 0.462 0.462 0.462 0.448 0.448 0.446 0.446
0.191 0.284 0.284 0.3065 0.3065 0.3065 0.24 0.24 0.259 0.259 0.2775 0.2775 0.337 0.337 0.337 0.3805 0.3805 0.3995 0.3995 0.485 0.485 0.485 0.4215 0.4215 0.406 0.406 0.4125 0.4125 0.4125 0.4785 0.4785 0.498 0.498 0.4935 0.4935 0.4935 0.4775 0.4775 0.5115 0.5115 0.4935 0.4935 0.4935 0.5 0.5 0.4865 0.4865 0.4625 0.4625 0.502 0.502 0.502 0.5115 0.5115 0.4715 0.4715 0.4405 0.4405 0.4405 0.4595 0.4595 0.473 0.473 0.448 0.448 0.448 0.456 0.456 0.4615 0.4615 0.462 0.462 0.462 0.448 0.448 0.446 0.446
0.212 0.242 0.242 0.216 0.216 0.216 0.2435 0.2435 0.287 0.287 0.2755 0.2755 0.3585 0.3585 0.3585 0.3805 0.3805 0.3905 0.3905 0.39 0.39 0.39 0.408 0.408 0.4435 0.4435 0.454 0.454 0.454 0.511 0.511 0.51 0.51 0.496 0.496 0.496 0.454 0.454 0.4945 0.4945 0.4865 0.4865 0.4865 0.468 0.468 0.4545 0.4545 0.4255 0.4255 0.489 0.489 0.489 0.4655 0.4655 0.4975 0.4975 0.485 0.485 0.485 0.5045 0.5045 0.521 0.521 0.5005 0.5005 0.5005 0.5085 0.5085 0.526 0.526 0.486 0.486 0.486 0.485 0.485 0.5225 0.5225
0.212 0.242 0.242 0.216 0.216 0.216 0.2435 0.2435 0.287 0.287 0.2755 0.2755 0.3585 0.3585 0.3585 0.3805 0.3805 0.3905 0.3905 0.39 0.39 0.39 0.408 0.408 0.4435 0.4435 0.454 0.454 0.454 0.511 0.511 0.51 0.51 0.496 0.496 0.496 0.454 0.454 0.4945 0.4945 0.4865 0.4865 0.4865 0.468 0.468 0.4545 0.4545 0.4255 0.4255 0.489 0.489 0.489 0.4655 0.4655 0.4975 0.4975 0.485 0.485 0.485 0.5045 0.5045 0.521 0.521 0.5005 0.5005 0.5005 0.5085 0.5085 0.526 0.526 0.486 0.486 0.486 0.485 0.485 0.5225 0.5225
0.2255 0.1915 0.1915 0.2025 0.2025 0.2025 0.2095 0.2095 0.251 0.251 0.279 0.279 0.3715 0.3715 0.3715 0.402 0.402 0.422 0.422 0.4475 0.4475 0.4475 0.491 0.491 0.418 0.418 0.432 0.432 0.432 0.4385 0.4385 0.453 0.453 0.4815 0.4815 0.4815 0.437 0.437 0.4555 0.4555 0.4585 0.4585 0.4585 0.4585 0.4585 0.4225 0.4225 0.4575 0.4575 0.4835 0.4835 0.4835 0.5015 0.5015 0.514 0.514 0.5555 0.5555 0.5555 0.5365 0.5365 0.4996 0.4996 0.4915 0.4915 0.4915 0.5125 0.5125 0.5585 0.5585 0.486 0.486 0.486 0.4695 0.4695 0.537 0.537
0.2255 0.1915 0.1915 0.2025 0.2025 0.2025 0.2095 0.2095 0.251 0.251 0.279 0.279 0.3715 0.3715 0.3715 0.402 0.402 0.422 0.422 0.4475 0.4475 0.4475 0.491 0.491 0.418 0.418 0.432 0.432 0.432 0.4385 0.4385 0.453 0.453 0.4815 0.4815 0.4815 0.437 0.437 0.4555 0.4555 0.4585 0.4585 0.4585 0.4585 0.4585 0.4225 0.4225 0.4575 0.4575 0.4835 0.4835 0.4835 0.5015 0.5015 0.514 0.514 0.5555 0.5555 0.5555 0.5365 0.5365 0.4996 0.4996 0.4915 0.4915 0.4915 0.5125 0.5125 0.5585 0.5585 0.486 0.486 0.486 0.4695 0.4695 0.537 0.537
0.2255 0.1915 0.1915 0.2025 0.2025 0.2025 0.2095 0.2095 0.251 0.251 0.279 0.279 0.3715 0.3715 0.3715 0.402 0.402 0.422 0.422 0.4475 0.4475 0.4475 0.491 0.491 0.418 0.418 0.432 0.432 0.432 0.4385 0.4385 0.453 0.453 0.4815 0.4815 0.4815 0.437 0.437 0.4555 0.4555 0.4585 0.4585 0.4585 0.4585 0.4585 0.4225 0.4225 0.4575 0.4575 0.4835 0.4835 0.4835 0.5015 0.5015 0.514 0.514 0.5555 0.5555 0.5555 0.5365 0.5365 0.4996 0.4996 0.4915 0.4915 0.4915 0.5125 0.5125 0.5585 0.5585 0.486 0.486 0.486 0.4695 0.4695 0.537 0.537
0.204 0.2005 0.2005 0.2475 0.2475 0.2475 0.266 0.266 0.2665 0.2665 0.3915 0.3915 0.424 0.424 0.424 0.4355 0.4355 0.4315 0.4315 0.4495 0.4495 0.4495 0.433 0.433 0.4475 0.4475 0.4045 0.4045 0.4045 0.358 0.358 0.3845 0.3845 0.399 0.399 0.399 0.381 0.381 0.3715 0.3715 0.415 0.415 0.415 0.4125 0.4125 0.416 0.416 0.4995 0.4995 0.53 0.53 0.53 0.549 0.549 0.5785 0.5785 0.5275 0.5275 0.5275 0.5425 0.5425 0.5115 0.5115 0.5445 0.5445 0.5445 0.539 0.539 0.535 0.535 0.536 0.536 0.536 0.5545 0.5545 0.5215 0.5215
0.204 0.2005 0.2005 0.2475 0.2475 0.2475 0.266 0.266 0.2665 0.2665 0.3915 0.3915 0.424 0.424 0.424 0.4355 0.4355 0.4315 0.4315 0.4495 0.4495 0.4495 0.433 0.433 0.4475 0.4475 0.4045 0.4045 0.4045 0.358 0.358 0.3845 0.3845 0.399 0.399 0.399 0.381 0.381 0.3715 0.3715 0.415 0.415 0.415 0.4125 0.4125 0.416 0.416 0.4995 0.4995 0.53 0.53 0.53 0.549 0.549 0.5785 0.5785 0.5275 0.5275 0.5275 0.5425 0.5425 0.5115 0.5115 0.5445 0.5445 0.5445 0.539 0.539 0.535 0.535 0.536 0.536 0.536 0.5545 0.5545 0.5215 0.5215
0.2235 0.256 0.256 0.28 0.28 0.28 0.3005 0.3005 0.3645 0.3645 0.4065 0.4065 0.4365 0.4365 0.4365 0.475 0.475 0.535 0.535 0.464 0.464 0.464 0.433 0.433 0.4455 0.4455 0.4115 0.4115 0.4115 0.4145 0.4145 0.3825 0.3825 0.38 0.38 0.38 0.3765 0.3765 0.3655 0.3655 0.437 0.437 0.437 0.415 0.415 0.468 0.468 0.4815 0.4815 0.4705 0.4705 0.4705 0.5015 0.5015 0.523 0.523 0.549 0.549 0.549 0.509 0.509 0.5935 0.5935 0.5355 0.5355 0.5355 0.518 0.518 0.553 0.553 0.5425 0.5425 0.5425 0.5475 0.5475 0.5475 0.5475
0.2235 0.256 0.256 0.28 0.28 0.28 0.3005 0.3005 0.3645 0.3645 0.4065 0.4065 0.4365 0.4365 0.4365 0.475 0.475 0.535 0.535 0.464 0.464 0.464 0.433 0.433 0.4455 0.4455 0.4115 0.4115 0.4115 0.4145 0.4145 0.3825 0.3825 0.38 0.38 0.38 0.3765 0.3765 0.3655 0.3655 0.437 0.437 0.437 0.415 0.415 0.468 0.468 0.4815 0.4815 0.4705 0.4705 0.4705 0.5015 0.5015 0.523 0.523 0.549 0.549 0.549 0.509 0.509 0.5935 0.5935 0.5355 0.5355 0.5355 0.518 0.518 0.553 0.553 0.5425 0.5425 0.5425 0.5475 0.5475 0.5475 0.5475
0.2485 0.2445 0.2445 0.256 0.256 0.256 0.295 0.295 0.316 0.316 0.4205 0.4205 0.45 0.45 0.45 0.486 0.486 0.5085 0.5085 0.4455 0.4455 0.4455 0.433 0.433 0.5145 0.5145 0.456 0.456 0.456 0.3575 0.3575 0.385 0.385 0.3855 0.3855 0.3855 0.332 0.332 0.387 0.387 0.4801 0.4801 0.4801 0.477 0.477 0.4345 0.4345 0.395 0.395 0.4465 0.4465 0.4465 0.459 0.459 0.509 0.509 0.4945 0.4945 0.4945 0.446 0.446 0.4795 0.4795 0.509 0.509 0.509 0.531 0.531 0.533 0.533 0.5495 0.5495 0.5495 0.563 0.563 0.546 0.546
0.2485 0.2445 0.2445 0.256 0.256 0.256 0.295 0.295 0.316 0.316 0.4205 0.4205 0.45 0.45 0.45 0.486 0.486 0.5085 0.5085 0.4455 0.4455 0.4455 0.433 0.433 0.5145 0.5145 0.456 0.456 0.456 0.3575 0.3575 0.385 0.385 0.3855 0.3855 0.3855 0.332 0.332 0.387 0.387 0.4801 0.4801 0.4801 0.477 0.477 0.4345 0.4345 0.395 0.395 0.4465 0.4465 0.4465 0.459 0.459 0.509 0.509 0.4945 0.4945 0.4945 0.446 0.446 0.4795 0.4795 0.509 0.509 0.509 0.531 0.531 0.533 0.533 0.5495 0.5495 0.5495 0.563 0.563 0.546 0.546
0.2485 0.2445 0.2445 0.256 0.256 0.256 0.295 0.295 0.316 0.316 0.4205 0.4205 0.45 0.45 0.45 0.486 0.486 0.5085 0.5085 0.4455 0.4455 0.4455 0.433 0.433 0.5145 0.5145 0.456 0.456 0.456 0.3575 0.3575 0.385 0.385 0.3855 0.3855 0.3855 0.332 0.332 0.387 0.387 0.4801 0.4801 0.4801 0.477 0.477 0.4345 0.4345 0.395 0.395 0.4465 0.4465 0.4465 0.459 0.459 0.509 0.509 0.4945 0.4945 0.4945 0.446 0.446 0.4795 0.4795 0.509 0.509 0.509 0.531 0.531 0.533 0.533 0.5495 0.5495 0.5495 0.563 0.563 0.546 0.546
0.2205 0.2745 0.2745 0.3115 0.3115 0.3115 0.326 0.326 0.3415 0.3415 0.4325 0.4325 0.4965 0.4965 0.4965 0.5185 0.5185 0.5375 0.5375 0.5145 0.5145 0.5145 0.4775 0.4775 0.489 0.489 0.479 0.479 0.479 0.384 0.384 0.384 0.384 0.3795 0.3795 0.3795 0.372 0.372 0.4105 0.4105 0.4775 0.4775 0.4775 0.4895 0.4895 0.453 0.453 0.422 0.422 0.4535 0.4535 0.4535 0.4635 0.4635 0.4645 0.4645 0.5015 0.5015 0.5015 0.4845 0.4845 0.4755 0.4755 0.508 0.508 0.508 0.5335 0.5335 0.546 0.546 0.543 0.543 0.543 0.497 0.497 0.537 0.537
0.2205 0.2745 0.2745 0.3115 0.3115 0.3115 0.326 0.326 0.3415 0.3415 0.4325 0.4325 0.4965 0.4965 0.4965 0.5185 0.5185 0.5375 0.5375 0.5145 0.5145 0.5145 0.4775 0.4775 0.489 0.489 0.479 0.479 0.479 0.384 0.384 0.384 0.384 0.3795 0.3795 0.3795 0.372 0.372 0.4105 0.4105 0.4775 0.4775 0.4775 0.4895 0.4895 0.453 0.453 0.422 0.422 0.4535 0.4535 0.4535 0.4635 0.4635 0.4645 0.4645 0.5015 0.5015 0.5015 0.4845 0.4845 0.4755 0.4755 0.508 0.508 0.508 0.5335 0.5335 0.546 0.546 0.543 0.543 0.543 0.497 0.497 0.537 0.537
0.238 0.376 0.376 0.3625 0.3625 0.3625 0.3525 0.3525 0.388 0.388 0.46 0.46 0.4655 0.4655 0.4655 0.522 0.522 0.5255 0.5255 0.5125 0.5125 0.5125 0.5006 0.5006 0.4715 0.4715 0.375 0.375 0.375 0.389 0.389 0.3655 0.3655 0.397 0.397 0.397 0.4645 0.4645 0.413 0.413 0.425 0.425 0.425 0.4405 0.4405 0.4405 0.4405 0.455 0.455 0.4075 0.4075 0.4075 0.4075 0.4075 0.399 0.399 0.505 0.505 0.505 0.466 0.466 0.441 0.441 0.4615 0.4615 0.4615 0.5445 0.5445 0.5255 0.5255 0.4745 0.4745 0.4745 0.4485 0.4485 0.47 0.47
0.238 0.376 0.376 0.3625 0.3625 0.3625 0.3525 0.3525 0.388 0.388 0.46 0.46 0.4655 0.4655 0.4655 0.522 0.522 0.5255 0.5255 0.5125 0.5125 0.5125 0.5006 0.5006 0.4715 0.4715 0.375 0.375 0.375 0.389 0.389 0.3655 0.3655 0.397 0.397 0.397 0.4645 0.4645 0.413 0.413 0.425 0.425 0.425 0.4405 0.4405 0.4405 0.4405 0.455 0.455 0.4075 0.4075 0.4075 0.4075 0.4075 0.399 0.399 0.505 0.505 0.505 0.466 0.466 0.441 0.441 0.4615 0.4615 0.4615 0.5445 0.5445 0.5255 0.5255 0.4745 0.4745 0.4745 0.4485 0.4485 0.47 0.47
0.3715 0.3875 0.3875 0.3745 0.3745 0.3745 0.363 0.363 0.38 0.38 0.4025 0.4025 0.505 0.505 0.505 0.518 0.518 0.495 0.495 0.4235 0.4235 0.4235 0.3805 0.3805 0.39 0.39 0.406 0.406 0.406 0.472 0.472 0.4135 0.4135 0.4515 0.4515 0.4515 0.3975 0.3975 0.3525 0.3525 0.397 0.397 0.397 0.4175 0.4175 0.4295 0.4295 0.457 0.457 0.404 0.404 0.404 0.418 0.418 0.41 0.41 0.457 0.457 0.457 0.467 0.467 0.484 0.484 0.4635 0.4635 0.4635 0.496 0.496 0.4835 0.4835 0.487 0.487 0.487 0.4335 0.4335 0.4335 0.4335
0.3715 0.3875 0.3875 0.3745 0.3745 0.3745 0.363 0.363 0.38 0.38 0.4025 0.4025 0.505 0.505 0.505 0.518 0.518 0.495 0.495 0.4235 0.4235 0.4235 0.3805 0.3805 0.39 0.39 0.406 0.406 0.406 0.472 0.472 0.4135 0.4135 0.4515 0.4515 0.4515 0.3975 0.3975 0.3525 0.3525 0.397 0.397 0.397 0.4175 0.4175 0.4295 0.4295 0.457 0.457 0.404 0.404 0.404 0.418 0.418 0.41 0.41 0.457 0.457 0.457 0.467 0.467 0.484 0.484 0.4635 0.4635 0.4635 0.496 0.496 0.4835 0.4835 0.487 0.487 0.487 0.4335 0.4335 0.4335 0.4335
0.3715 0.3875 0.3875 0.3745 0.3745 0.3745 0.363 0.363 0.38 0.38 0.4025 0.4025 0.505 0.505 0.505 0.518 0.518 0.495 0.495 0.4235 0.4235 0.4235 0.3805 0.3805 0.39 0.39 0.406 0.406 0.406 0.472 0.472 0.4135 0.4135 0.4515 0.4515 0.4515 0.3975 0.3975 0.3525 0.3525 0.397 0.397 0.397 0.4175 0.4175 0.4295 0.4295 0.457 0.457 0.404 0.404 0.404 0.418 0.418 0.41 0.41 0.457 0.457 0.457 0.467 0.467 0.484 0.484 0.4635 0.4635 0.4635 0.496 0.496 0.4835 0.4835 0.487 0.487 0.487 0.4335 0.4335 0.4335 0.4335
0.328 0.398 0.398 0.3585 0.3585 0.3585 0.3595 0.3595 0.39 0.39 0.3755 0.3755 0.4415 0.4415 0.4415 0.3895 0.3895 0.417 0.417 0.414 0.414 0.414 0.349 0.349 0.343 0.343 0.345 0.345 0.345 0.435 0.435 0.414 0.414 0.408 0.408 0.408 0.3985 0.3985 0.385 0.385 0.4235 0.4235 0.4235 0.441 0.441 0.431 0.431 0.473 0.473 0.4575 0.4575 0.4575 0.4695 0.4695 0.435 0.435 0.4615 0.4615 0.4615 0.44 0.44 0.482 0.482 0.4215 0.4215 0.4215 0.4415 0.4415 0.415 0.415 0.408 0.408 0.408 0.452 0.452 0.441 0.441
0.328 0.398 0.398 0.3585 0.3585 0.3585 0.3595 0.3595 0.39 0.39 0.3755 0.3755 0.4415 0.4415 0.4415 0.3895 0.3895 0.417 0.417 0.414 0.414 0.414 0.349 0.349 0.343 0.343 0.345 0.345 0.345 0.435 0.435 0.414 0.414 0.408 0.408 0.408 0.3985 0.3985 0.385 0.385 0.4235 0.4235 0.4235 0.441 0.441 0.431 0.431 0.473 0.473 0.4575 0.4575 0.4575 0.4695 0.4695 0.435 0.435 0.4615 0.4615 0.4615 0.44 0.44 0.482 0.482 0.4215 0.4215 0.4215 0.4415 0.4415 0.415 0.415 0.408 0.408 0.408 0.452 0.452 0.441 0.441
0.5175 0.3865 0.3865 0.344 0.344 0.344 0.38 0.38 0.3695 0.3695 0.4005 0.4005 0.3545 0.3545 0.3545 0.3785 0.3785 0.431 0.431 0.47 0.47 0.47 0.4665 0.4665 0.434 0.434 0.472 0.472 0.472 0.4575 0.4575 0.4735 0.4735 0.417 0.417 0.417 0.375 0.375 0.339 0.339 0.3985 0.3985 0.3985 0.424 0.424 0.477 0.477 0.4525 0.4525 0.46 0.46 0.46 0.3585 0.3585 0.392 0.392 0.421 0.421 0.421 0.455 0.455 0.455 0.455 0.3845 0.3845 0.3845 0.3975 0.3975 0.379 0.379 0.4165 0.4165 0.4165 0.447 0.447 0.518 0.518
0.5175 0.3865 0.3865 0.344 0.344 0.344 0.38 0.38 0.3695 0.3695 0.4005 0.4005 0.3545 0.3545 0.3545 0.3785 0.3785 0.431 0.431 0.47 0.47 0.47 0.4665 0.4665 0.434 0.434 0.472 0.472 0.472 0.4575 0.4575 0.4735 0.4735 0.417 0.417 0.417 0.375 0.375 0.339 0.339 0.3985 0.3985 0.3985 0.424 0.424 0.477 0.477 0.4525 0.4525 0.46 0.46 0.46 0.3585 0.3585 0.392 0.392 0.421 0.421 0.421 0.455 0.455 0.455 0.455 0.3845 0.3845 0.3845 0.3975 0.3975 0.379 0.379 0.4165 0.4165 0.4165 0.447 0.447 0.518 0.518
0.4205 0.335 0.335 0.387 0.387 0.387 0.2975 0.2975 0.3765 0.3765 0.409 0.409 0.437 0.437 0.437 0.3975 0.3975 0.379 0.379 0.4475 0.4475 0.4475 0.4555 0.4555 0.471 0.471 0.493 0.493 0.493 0.4626 0.4626 0.469 0.469 0.43 0.43 0.43 0.3925 0.3925 0.374 0.374 0.3425 0.3425 0.3425 0.399 0.399 0.3765 0.3765 0.3975 0.3975 0.3865 0.3865 0.3865 0.3875 0.3875 0.3965 0.3965 0.5005 0.5005 0.5005 0.4665 0.4665 0.4365 0.4365 0.4585 0.4585 0.4585 0.4655 0.4655 0.4565 0.4565 0.4155 0.4155 0.4155 0.4185 0.4185 0.43 0.43
