ndvi/NOAA-370.asc
ncols         252
nrows         154
xllcorner     -18.017974
yllcorner     13.481982
cellsize      0.035948
NODATA_value  -9999
[rows 35 to 69 of 154, columns 77 to 153 of 252]
0.1715 0.1715 0.1785 0.1785 0.144 0.144 0.1295 0.1295 0.1295 0.15 0.15 0.1685 0.1685 0.171 0.171 0.1765 0.1765 0.1765 0.2255 0.2255 0.235 0.235 0.242 0.242 0.242 0.2405 0.2405 0.1945 0.1945 0.2355 0.2355 0.2355 0.214 0.214 0.2075 0.2075 0.1845 0.1845 0.1845 0.2085 0.2085 0.2145 0.2145 0.2635 0.2635 0.2635 0.202 0.202 0.162 0.162 0.1815 0.1815 0.171 0.171 0.171 0.1785 0.1785 0.2315 0.2315 0.189 0.189 0.189 0.2095 0.2095 0.2075 0.2075 0.275 0.275 0.275 0.2035 0.2035 0.1785 0.1785 0.146 0.146 0.146 0.157
0.1715 0.1715 0.1785 0.1785 0.144 0.144 0.1295 0.1295 0.1295 0.15 0.15 0.1685 0.1685 0.171 0.171 0.1765 0.1765 0.1765 0.2255 0.2255 0.235 0.235 0.242 0.242 0.242 0.2405 0.2405 0.1945 0.1945 0.2355 0.2355 0.2355 0.214 0.214 0.2075 0.2075 0.1845 0.1845 0.1845 0.2085 0.2085 0.2145 0.2145 0.2635 0.2635 0.2635 0.202 0.202 0.162 0.162 0.1815 0.1815 0.171 0.171 0.171 0.1785 0.1785 0.2315 0.2315 0.189 0.189 0.189 0.2095 0.2095 0.2075 0.2075 0.275 0.275 0.275 0.2035 0.2035 0.1785 0.1785 0.146 0.146 0.146 0.157
0.1745 0.1745 0.1875 0.1875 0.1775 0.1775 0.1875 0.1875 0.1875 0.174 0.174 0.1805 0.1805 0.1535 0.1535 0.1945 0.1945 0.1945 0.21 0.21 0.211 0.211 0.216 0.216 0.216 0.242 0.242 0.294 0.294 0.2335 0.2335 0.2335 0.207 0.207 0.2335 0.2335 0.2085 0.2085 0.2085 0.2165 0.2165 0.262 0.262 0.2705 0.2705 0.2705 0.212 0.212 0.204 0.204 0.2115 0.2115 0.2315 0.2315 0.2315 0.216 0.216 0.186 0.186 0.2485 0.2485 0.2485 0.2215 0.2215 0.2035 0.2035 0.212 0.212 0.212 0.3655 0.3655 0.27 0.27 0.2455 0.2455 0.2455 0.1445
0.1745 0.1745 0.1875 0.1875 0.1775 0.1775 0.1875 0.1875 0.1875 0.174 0.174 0.1805 0.1805 0.1535 0.1535 0.1945 0.1945 0.1945 0.21 0.21 0.211 0.211 0.216 0.216 0.216 0.242 0.242 0.294 0.294 0.2335 0.2335 0.2335 0.207 0.207 0.2335 0.2335 0.2085 0.2085 0.2085 0.2165 0.2165 0.262 0.262 0.2705 0.2705 0.2705 0.212 0.212 0.204 0.204 0.2115 0.2115 0.2315 0.2315 0.2315 0.216 0.216 0.186 0.186 0.2485 0.2485 0.2485 0.2215 0.2215 0.2035 0.2035 0.212 0.212 0.212 0.3655 0.3655 0.27 0.27 0.2455 0.2455 0.2455 0.1445
0.1605 0.1605 0.18 0.18 0.17 0.17 0.158 0.158 0.158 0.1665 0.1665 0.1965 0.1965 0.178 0.178 0.202 0.202 0.202 0.2165 0.2165 0.218 0.218 0.2265 0.2265 0.2265 0.2565 0.2565 0.2705 0.2705 0.288 0.288 0.288 0.2275 0.2275 0.22 0.22 0.2475 0.2475 0.2475 0.251 0.251 0.2965 0.2965 0.3265 0.3265 0.3265 0.309 0.309 0.3175 0.3175 0.2635 0.2635 0.291 0.291 0.291 0.2585 0.2585 0.2915 0.2915 0.2095 0.2095 0.2095 0.28 0.28 0.226 0.226 0.2165 0.2165 0.2165 0.189 0.189 0.188 0.188 0.1945 0.1945 0.1945 0.166
0.1605 0.1605 0.18 0.18 0.17 0.17 0.158 0.158 0.158 0.1665 0.1665 0.1965 0.1965 0.178 0.178 0.202 0.202 0.202 0.2165 0.2165 0.218 0.218 0.2265 0.2265 0.2265 0.2565 0.2565 0.2705 0.2705 0.288 0.288 0.288 0.2275 0.2275 0.22 0.22 0.2475 0.2475 0.2475 0.251 0.251 0.2965 0.2965 0.3265 0.3265 0.3265 0.309 0.309 0.3175 0.3175 0.2635 0.2635 0.291 0.291 0.291 0.2585 0.2585 0.2915 0.2915 0.2095 0.2095 0.2095 0.28 0.28 0.226 0.226 0.2165 0.2165 0.2165 0.189 0.189 0.188 0.188 0.1945 0.1945 0.1945 0.166
0.1685 0.1685 0.1795 0.1795 0.195 0.195 0.16 0.16 0.16 0.1655 0.1655 0.2135 0.2135 0.272 0.272 0.2375 0.2375 0.2375 0.1975 0.1975 0.205 0.205 0.218 0.218 0.218 0.241 0.241 0.2745 0.2745 0.252 0.252 0.252 0.2235 0.2235 0.2115 0.2115 0.2645 0.2645 0.2645 0.275 0.275 0.2825 0.2825 0.3055 0.3055 0.3055 0.2845 0.2845 0.2655 0.2655 0.34 0.34 0.372 0.372 0.372 0.294 0.294 0.328 0.328 0.3255 0.3255 0.3255 0.3045 0.3045 0.279 0.279 0.1525 0.1525 0.1525 0.1855 0.1855 0.185 0.185 0.1625 0.1625 0.1625 0.143
0.1685 0.1685 0.1795 0.1795 0.195 0.195 0.16 0.16 0.16 0.1655 0.1655 0.2135 0.2135 0.272 0.272 0.2375 0.2375 0.2375 0.1975 0.1975 0.205 0.205 0.218 0.218 0.218 0.241 0.241 0.2745 0.2745 0.252 0.252 0.252 0.2235 0.2235 0.2115 0.2115 0.2645 0.2645 0.2645 0.275 0.275 0.2825 0.2825 0.3055 0.3055 0.3055 0.2845 0.2845 0.2655 0.2655 0.34 0.34 0.372 0.372 0.372 0.294 0.294 0.328 0.328 0.3255 0.3255 0.3255 0.3045 0.3045 0.279 0.279 0.1525 0.1525 0.1525 0.1855 0.1855 0.185 0.185 0.1625 0.1625 0.1625 0.143
0.1685 0.1685 0.1795 0.1795 0.195 0.195 0.16 0.16 0.16 0.1655 0.1655 0.2135 0.2135 0.272 0.272 0.2375 0.2375 0.2375 0.1975 0.1975 0.205 0.205 0.218 0.218 0.218 0.241 0.241 0.2745 0.2745 0.252 0.252 0.252 0.2235 0.2235 0.2115 0.2115 0.2645 0.2645 0.2645 0.275 0.275 0.2825 0.2825 0.3055 0.3055 0.3055 0.2845 0.2845 0.2655 0.2655 0.34 0.34 0.372 0.372 0.372 0.294 0.294 0.328 0.328 0.3255 0.3255 0.3255 0.3045 0.3045 0.279 0.279 0.1525 0.1525 0.1525 0.1855 0.1855 0.185 0.185 0.1625 0.1625 0.1625 0.143
0.1795 0.1795 0.1605 0.1605 0.163 0.163 0.162 0.162 0.162 0.1985 0.1985 0.236 0.236 0.282 0.282 0.29 0.29 0.29 0.266 0.266 0.2075 0.2075 0.2035 0.2035 0.2035 0.277 0.277 0.264 0.264 0.2425 0.2425 0.2425 0.233 0.233 0.2285 0.2285 0.2695 0.2695 0.2695 0.295 0.295 0.2385 0.2385 0.277 0.277 0.277 0.2315 0.2315 0.2655 0.2655 0.3115 0.3115 0.298 0.298 0.298 0.239 0.239 0.248 0.248 0.246 0.246 0.246 0.237 0.237 0.193 0.193 0.153 0.153 0.153 0.171 0.171 0.1485 0.1485 0.1465 0.1465 0.1465 0.1505
0.1795 0.1795 0.1605 0.1605 0.163 0.163 0.162 0.162 0.162 0.1985 0.1985 0.236 0.236 0.282 0.282 0.29 0.29 0.29 0.266 0.266 0.2075 0.2075 0.2035 0.2035 0.2035 0.277 0.277 0.264 0.264 0.2425 0.2425 0.2425 0.233 0.233 0.2285 0.2285 0.2695 0.2695 0.2695 0.295 0.295 0.2385 0.2385 0.277 0.277 0.277 0.2315 0.2315 0.2655 0.2655 0.3115 0.3115 0.298 0.298 0.298 0.239 0.239 0.248 0.248 0.246 0.246 0.246 0.237 0.237 0.193 0.193 0.153 0.153 0.153 0.171 0.171 0.1485 0.1485 0.1465 0.1465 0.1465 0.1505
0.189 0.189 0.1745 0.1745 0.189 0.189 0.197 0.197 0.197 0.213 0.213 0.215 0.215 0.1625 0.1625 0.199 0.199 0.199 0.2075 0.2075 0.1955 0.1955 0.212 0.212 0.212 0.243 0.243 0.243 0.243 0.2215 0.2215 0.2215 0.2515 0.2515 0.2945 0.2945 0.2995 0.2995 0.2995 0.2455 0.2455 0.2225 0.2225 0.206 0.206 0.206 0.302 0.302 0.2975 0.2975 0.268 0.268 0.25 0.25 0.25 0.2345 0.2345 0.211 0.211 0.1785 0.1785 0.1785 0.2095 0.2095 0.1535 0.1535 0.1865 0.1865 0.1865 0.1865 0.1865 0.2005 0.2005 0.19 0.19 0.19 0.174
0.189 0.189 0.1745 0.1745 0.189 0.189 0.197 0.197 0.197 0.213 0.213 0.215 0.215 0.1625 0.1625 0.199 0.199 0.199 0.2075 0.2075 0.1955 0.1955 0.212 0.212 0.212 0.243 0.243 0.243 0.243 0.2215 0.2215 0.2215 0.2515 0.2515 0.2945 0.2945 0.2995 0.2995 0.2995 0.2455 0.2455 0.2225 0.2225 0.206 0.206 0.206 0.302 0.302 0.2975 0.2975 0.268 0.268 0.25 0.25 0.25 0.2345 0.2345 0.211 0.211 0.1785 0.1785 0.1785 0.2095 0.2095 0.1535 0.1535 0.1865 0.1865 0.1865 0.1865 0.1865 0.2005 0.2005 0.19 0.19 0.19 0.174
0.174 0.174 0.188 0.188 0.2335 0.2335 0.2625 0.2625 0.2625 0.2745 0.2745 0.2025 0.2025 0.2005 0.2005 0.2235 0.2235 0.2235 0.211 0.211 0.2835 0.2835 0.2615 0.2615 0.2615 0.2795 0.2795 0.295 0.295 0.2775 0.2775 0.2775 0.3085 0.3085 0.301 0.301 0.245 0.245 0.245 0.253 0.253 0.2015 0.2015 0.2125 0.2125 0.2125 0.319 0.319 0.273 0.273 0.253 0.253 0.241 0.241 0.241 0.1865 0.1865 0.203 0.203 0.199 0.199 0.199 0.223 0.223 0.2275 0.2275 0.1755 0.1755 0.1755 0.2005 0.2005 0.1755 0.1755 0.137 0.137 0.137 0.179
0.174 0.174 0.188 0.188 0.2335 0.2335 0.2625 0.2625 0.2625 0.2745 0.2745 0.2025 0.2025 0.2005 0.2005 0.2235 0.2235 0.2235 0.211 0.211 0.2835 0.2835 0.2615 0.2615 0.2615 0.2795 0.2795 0.295 0.295 0.2775 0.2775 0.2775 0.3085 0.3085 0.301 0.301 0.245 0.245 0.245 0.253 0.253 0.2015 0.2015 0.2125 0.2125 0.2125 0.319 0.319 0.273 0.273 0.253 0.253 0.241 0.241 0.241 0.1865 0.1865 0.203 0.203 0.199 0.199 0.199 0.223 0.223 0.2275 0.2275 0.1755 0.1755 0.1755 0.2005 0.2005 0.1755 0.1755 0.137 0.137 0.137 0.179
0.174 0.174 0.188 0.188 0.2335 0.2335 0.2625 0.2625 0.2625 0.2745 0.2745 0.2025 0.2025 0.2005 0.2005 0.2235 0.2235 0.2235 0.211 0.211 0.2835 0.2835 0.2615 0.2615 0.2615 0.2795 0.2795 0.295 0.295 0.2775 0.2775 0.2775 0.3085 0.3085 0.301 0.301 0.245 0.245 0.245 0.253 0.253 0.2015 0.2015 0.2125 0.2125 0.2125 0.319 0.319 0.273 0.273 0.253 0.253 0.241 0.241 0.241 0.1865 0.1865 0.203 0.203 0.199 0.199 0.199 0.223 0.223 0.2275 0.2275 0.1755 0.1755 0.1755 0.2005 0.2005 0.1755 0.1755 0.137 0.137 0.137 0.179
0.2255 0.2255 0.234 0.234 0.251 0.251 0.294 0.294 0.294 0.3025 0.3025 0.2675 0.2675 0.281 0.281 0.264 0.264 0.264 0.293 0.293 0.3065 0.3065 0.2865 0.2865 0.2865 0.3025 0.3025 0.3465 0.3465 0.3145 0.3145 0.3145 0.3385 0.3385 0.4505 0.4505 0.297 0.297 0.297 0.213 0.213 0.1965 0.1965 0.2045 0.2045 0.2045 0.1665 0.1665 0.244 0.244 0.205 0.205 0.1845 0.1845 0.1845 0.2195 0.2195 0.242 0.242 0.216 0.216 0.216 0.2 0.2 0.206 0.206 0.252 0.252 0.252 0.2245 0.2245 0.215 0.215 0.1935 0.1935 0.1935 0.1925
0.2255 0.2255 0.234 0.234 0.251 0.251 0.294 0.294 0.294 0.3025 0.3025 0.2675 0.2675 0.281 0.281 0.264 0.264 0.264 0.293 0.293 0.3065 0.3065 0.2865 0.2865 0.2865 0.3025 0.3025 0.3465 0.3465 0.3145 0.3145 0.3145 0.3385 0.3385 0.4505 0.4505 0.297 0.297 0.297 0.213 0.213 0.1965 0.1965 0.2045 0.2045 0.2045 0.1665 0.1665 0.244 0.244 0.205 0.205 0.1845 0.1845 0.1845 0.2195 0.2195 0.242 0.242 0.216 0.216 0.216 0.2 0.2 0.206 0.206 0.252 0.252 0.252 0.2245 0.2245 0.215 0.215 0.1935 0.1935 0.1935 0.1925
0.2695 0.2695 0.266 0.266 0.273 0.273 0.2675 0.2675 0.2675 0.324 0.324 0.3395 0.3395 0.3085 0.3085 0.2785 0.2785 0.2785 0.3545 0.3545 0.2675 0.2675 0.2665 0.2665 0.2665 0.2535 0.2535 0.2725 0.2725 0.2815 0.2815 0.2815 0.251 0.251 0.31 0.31 0.283 0.283 0.283 0.2475 0.2475 0.247 0.247 0.233 0.233 0.233 0.209 0.209 0.154 0.154 0.245 0.245 0.241 0.241 0.241 0.206 0.206 0.2345 0.2345 0.261 0.261 0.261 0.2905 0.2905 0.3025 0.3025 0.2335 0.2335 0.2335 0.2105 0.2105 0.198 0.198 0.2045 0.2045 0.2045 0.1515
0.2695 0.2695 0.266 0.266 0.273 0.273 0.2675 0.2675 0.2675 0.324 0.324 0.3395 0.3395 0.3085 0.3085 0.2785 0.2785 0.2785 0.3545 0.3545 0.2675 0.2675 0.2665 0.2665 0.2665 0.2535 0.2535 0.2725 0.2725 0.2815 0.2815 0.2815 0.251 0.251 0.31 0.31 0.283 0.283 0.283 0.2475 0.2475 0.247 0.247 0.233 0.233 0.233 0.209 0.209 0.154 0.154 0.245 0.245 0.241 0.241 0.241 0.206 0.206 0.2345 0.2345 0.261 0.261 0.261 0.2905 0.2905 0.3025 0.3025 0.2335 0.2335 0.2335 0.2105 0.2105 0.198 0.198 0.2045 0.2045 0.2045 0.1515
0.4065 0.4065 0.353 0.353 0.343 0.343 0.2695 0.2695 0.2695 0.2745 0.2745 0.292 0.292 0.36 0.36 0.3355 0.3355 0.3355 0.3055 0.3055 0.3 0.3 0.2615 0.2615 0.2615 0.2505 0.2505 0.2225 0.2225 0.285 0.285 0.285 0.2465 0.2465 0.242 0.242 0.335 0.335 0.335 0.322 0.322 0.223 0.223 0.199 0.199 0.199 0.199 0.199 0.2465 0.2465 0.2125 0.2125 0.284 0.284 0.284 0.265 0.265 0.249 0.249 0.2855 0.2855 0.2855 0.291 0.291 0.2705 0.2705 0.222 0.222 0.222 0.204 0.204 0.1665 0.1665 0.155 0.155 0.155 0.126
0.4065 0.4065 0.353 0.353 0.343 0.343 0.2695 0.2695 0.2695 0.2745 0.2745 0.292 0.292 0.36 0.36 0.3355 0.3355 0.3355 0.3055 0.3055 0.3 0.3 0.2615 0.2615 0.2615 0.2505 0.2505 0.2225 0.2225 0.285 0.285 0.285 0.2465 0.2465 0.242 0.242 0.335 0.335 0.335 0.322 0.322 0.223 0.223 0.199 0.199 0.199 0.199 0.199 0.2465 0.2465 0.2125 0.2125 0.284 0.284 0.284 0.265 0.265 0.249 0.249 0.2855 0.2855 0.2855 0.291 0.291 0.2705 0.2705 0.222 0.222 0.222 0.204 0.204 0.1665 0.1665 0.155 0.155 0.155 0.126
0.393 0.393 0.3615 0.3615 0.2995 0.2995 0.284 0.284 0.284 0.283 0.283 0.281 0.281 0.3585 0.3585 0.341 0.341 0.341 0.313 0.313 0.318 0.318 0.328 0.328 0.328 0.346 0.346 0.3235 0.3235 0.2945 0.2945 0.2945 0.284 0.284 0.273 0.273 0.274 0.274 0.274 0.2375 0.2375 0.221 0.221 0.2775 0.2775 0.2775 0.24 0.24 0.212 0.212 0.1945 0.1945 0.257 0.257 0.257 0.271 0.271 0.293 0.293 0.341 0.341 0.341 0.414 0.414 0.298 0.298 0.243 0.243 0.243 0.248 0.248 0.24 0.24 0.1135 0.1135 0.1135 0.1365
0.393 0.393 0.3615 0.3615 0.2995 0.2995 0.284 0.284 0.284 0.283 0.283 0.281 0.281 0.3585 0.3585 0.341 0.341 0.341 0.313 0.313 0.318 0.318 0.328 0.328 0.328 0.346 0.346 0.3235 0.3235 0.2945 0.2945 0.2945 0.284 0.284 0.273 0.273 0.274 0.274 0.274 0.2375 0.2375 0.221 0.221 0.2775 0.2775 0.2775 0.24 0.24 0.212 0.212 0.1945 0.1945 0.257 0.257 0.257 0.271 0.271 0.293 0.293 0.341 0.341 0.341 0.414 0.414 0.298 0.298 0.243 0.243 0.243 0.248 0.248 0.24 0.24 0.1135 0.1135 0.1135 0.1365
0.393 0.393 0.3615 0.3615 0.2995 0.2995 0.284 0.284 0.284 0.283 0.283 0.281 0.281 0.3585 0.3585 0.341 0.341 0.341 0.313 0.313 0.318 0.318 0.328 0.328 0.328 0.346 0.346 0.3235 0.3235 0.2945 0.2945 0.2945 0.284 0.284 0.273 0.273 0.274 0.274 0.274 0.2375 0.2375 0.221 0.221 0.2775 0.2775 0.2775 0.24 0.24 0.212 0.212 0.1945 0.1945 0.257 0.257 0.257 0.271 0.271 0.293 0.293 0.341 0.341 0.341 0.414 0.414 0.298 0.298 0.243 0.243 0.243 0.248 0.248 0.24 0.24 0.1135 0.1135 0.1135 0.1365
0.386 0.386 0.353 0.353 0.377 0.377 0.3745 0.3745 0.3745 0.3265 0.3265 0.3225 0.3225 0.397 0.397 0.4165 0.4165 0.4165 0.2625 0.2625 0.298 0.298 0.3035 0.3035 0.3035 0.365 0.365 0.41 0.41 0.405 0.405 0.405 0.4765 0.4765 0.472 0.472 0.325 0.325 0.325 0.265 0.265 0.271 0.271 0.2825 0.2825 0.2825 0.3145 0.3145 0.3815 0.3815 0.15 0.15 0.166 0.166 0.166 0.2625 0.2625 0.3065 0.3065 0.334 0.334 0.334 0.3475 0.3475 0.325 0.325 0.3615 0.3615 0.3615 0.2905 0.2905 0.2635 0.2635 0.1425 0.1425 0.1425 0.1005
0.386 0.386 0.353 0.353 0.377 0.377 0.3745 0.3745 0.3745 0.3265 0.3265 0.3225 0.3225 0.397 0.397 0.4165 0.4165 0.4165 0.2625 0.2625 0.298 0.298 0.3035 0.3035 0.3035 0.365 0.365 0.41 0.41 0.405 0.405 0.405 0.4765 0.4765 0.472 0.472 0.325 0.325 0.325 0.265 0.265 0.271 0.271 0.2825 0.2825 0.2825 0.3145 0.3145 0.3815 0.3815 0.15 0.15 0.166 0.166 0.166 0.2625 0.2625 0.3065 0.3065 0.334 0.334 0.334 0.3475 0.3475 0.325 0.325 0.3615 0.3615 0.3615 0.2905 0.2905 0.2635 0.2635 0.1425 0.1425 0.1425 0.1005
0.237 0.237 0.2515 0.2515 0.1995 0.1995 0.2745 0.2745 0.2745 0.2505 0.2505 0.2295 0.2295 0.1725 0.1725 0.1835 0.1835 0.1835 0.1505 0.1505 0.2345 0.2345 0.245 0.245 0.245 0.447 0.447 0.4305 0.4305 0.4945 0.4945 0.4945 0.5305 0.5305 0.4965 0.4965 0.4205 0.4205 0.4205 0.274 0.274 0.3315 0.3315 0.2665 0.2665 0.2665 0.2805 0.2805 0.327 0.327 0.365 0.365 0.3615 0.3615 0.3615 0.299 0.299 0.361 0.361 0.4035 0.4035 0.4035 0.376 0.376 0.3755 0.3755 0.3575 0.3575 0.3575 0.383 0.383 0.265 0.265 0.214 0.214 0.214 0.164
0.237 0.237 0.2515 0.2515 0.1995 0.1995 0.2745 0.2745 0.2745 0.2505 0.2505 0.2295 0.2295 0.1725 0.1725 0.1835 0.1835 0.1835 0.1505 0.1505 0.2345 0.2345 0.245 0.245 0.245 0.447 0.447 0.4305 0.4305 0.4945 0.4945 0.4945 0.5305 0.5305 0.4965 0.4965 0.4205 0.4205 0.4205 0.274 0.274 0.3315 0.3315 0.2665 0.2665 0.2665 0.2805 0.2805 0.327 0.327 0.365 0.365 0.3615 0.3615 0.3615 0.299 0.299 0.361 0.361 0.4035 0.4035 0.4035 0.376 0.376 0.3755 0.3755 0.3575 0.3575 0.3575 0.383 0.383 0.265 0.265 0.214 0.214 0.214 0.164
0.2825 0.2825 0.299 0.299 0.353 0.353 0.317 0.317 0.317 0.221 0.221 0.346 0.346 0.3865 0.3865 0.3 0.3 0.3 0.1625 0.1625 0.268 0.268 0.36 0.36 0.36 0.523 0.523 0.5415 0.5415 0.4285 0.4285 0.4285 0.4225 0.4225 0.505 0.505 0.4395 0.4395 0.4395 0.467 0.467 0.3535 0.3535 0.331 0.331 0.331 0.329 0.329 0.234 0.234 0.1695 0.1695 0.292 0.292 0.292 0.2945 0.2945 0.3055 0.3055 0.434 0.434 0.434 0.4325 0.4325 0.4505 0.4505 0.4125 0.4125 0.4125 0.4315 0.4315 0.2745 0.2745 0.2745 0.2745 0.2745 0.2045
0.2825 0.2825 0.299 0.299 0.353 0.353 0.317 0.317 0.317 0.221 0.221 0.346 0.346 0.3865 0.3865 0.3 0.3 0.3 0.1625 0.1625 0.268 0.268 0.36 0.36 0.36 0.523 0.523 0.5415 0.5415 0.4285 0.4285 0.4285 0.4225 0.4225 0.505 0.505 0.4395 0.4395 0.4395 0.467 0.467 0.3535 0.3535 0.331 0.331 0.331 0.329 0.329 0.234 0.234 0.1695 0.1695 0.292 0.292 0.292 0.2945 0.2945 0.3055 0.3055 0.434 0.434 0.434 0.4325 0.4325 0.4505 0.4505 0.4125 0.4125 0.4125 0.4315 0.4315 0.2745 0.2745 0.2745 0.2745 0.2745 0.2045
0.2825 0.2825 0.299 0.299 0.353 0.353 0.317 0.317 0.317 0.221 0.221 0.346 0.346 0.3865 0.3865 0.3 0.3 0.3 0.1625 0.1625 0.268 0.268 0.36 0.36 0.36 0.523 0.523 0.5415 0.5415 0.4285 0.4285 0.4285 0.4225 0.4225 0.505 0.505 0.4395 0.4395 0.4395 0.467 0.467 0.3535 0.3535 0.331 0.331 0.331 0.329 0.329 0.234 0.234 0.1695 0.1695 0.292 0.292 0.292 0.2945 0.2945 0.3055 0.3055 0.434 0.434 0.434 0.4325 0.4325 0.4505 0.4505 0.4125 0.4125 0.4125 0.4315 0.4315 0.2745 0.2745 0.2745 0.2745 0.2745 0.2045
0.402 0.402 0.316 0.316 0.379 0.379 0.3525 0.3525 0.3525 0.389 0.389 0.3505 0.3505 0.3515 0.3515 0.2815 0.2815 0.2815 0.376 0.376 0.2085 0.2085 0.1685 0.1685 0.1685 0.306 0.306 0.438 0.438 0.4165 0.4165 0.4165 0.43 0.43 0.4545 0.4545 0.4815 0.4815 0.4815 0.4375 0.4375 0.297 0.297 0.273 0.273 0.273 0.3055 0.3055 0.3075 0.3075 0.369 0.369 0.36 0.36 0.36 0.354 0.354 0.3865 0.3865 0.368 0.368 0.368 0.428 0.428 0.466 0.466 0.4565 0.4565 0.4565 0.492 0.492 0.311 0.311 0.169 0.169 0.169 0.2145
0.402 0.402 0.316 0.316 0.379 0.379 0.3525 0.3525 0.3525 0.389 0.389 0.3505 0.3505 0.3515 0.3515 0.2815 0.2815 0.2815 0.376 0.376 0.2085 0.2085 0.1685 0.1685 0.1685 0.306 0.306 0.438 0.438 0.4165 0.4165 0.4165 0.43 0.43 0.4545 0.4545 0.4815 0.4815 0.4815 0.4375 0.4375 0.297 0.297 0.273 0.273 0.273 0.3055 0.3055 0.3075 0.3075 0.369 0.369 0.36 0.36 0.36 0.354 0.354 0.3865 0.3865 0.368 0.368 0.368 0.428 0.428 0.466 0.466 0.4565 0.4565 0.4565 0.492 0.492 0.311 0.311 0.169 0.169 0.169 0.2145
0.3055 0.3055 0.286 0.286 0.3355 0.3355 0.4035 0.4035 0.4035 0.3925 0.3925 0.3945 0.3945 0.361 0.361 0.462 0.462 0.462 0.4815 0.4815 0.3975 0.3975 0.454 0.454 0.454 0.1885 0.1885 0.288 0.288 0.4375 0.4375 0.4375 0.4245 0.4245 0.375 0.375 0.353 0.353 0.353 0.4525 0.4525 0.3485 0.3485 0.434 0.434 0.434 0.351 0.351 0.317 0.317 0.3255 0.3255 0.3405 0.3405 0.3405 0.336 0.336 0.3565 0.3565 0.3885 0.3885 0.3885 0.455 0.455 0.439 0.439 0.3925 0.3925 0.3925 0.4315 0.4315 0.347 0.347 0.2985 0.2985 0.2985 0.1955
