ndvi/NOAA-340.asc
ncols         252
nrows         154
xllcorner     -18.017974
yllcorner     13.481982
cellsize      0.035948
NODATA_value  -9999
[rows 102 to 135 of 154, columns 0 to 76 of 252]
-1 -1 -1 -1 -1 -1 -1 -1 -1 -1 -1 -1 -1 -1 -1 -1 -1 -1 -1 -1 -1 -1 -1 -1 -1 0.0376 0.0376 0.0376 0.103 0.103 0.21 0.21 0.2035 0.2035 0.2035 0.1845 0.1845 0.184 0.184 0.1895 0.1895 0.1895 0.174 0.174 0.1745 0.1745 0.1695 0.1695 0.1695 0.1705 0.1705 0.2075 0.2075 0.2065 0.2065 0.2305 0.2305 0.2305 0.204 0.204 0.2175 0.2175 0.2175 0.2175 0.2175 0.2105 0.2105 0.2225 0.2225 0.205 0.205 0.205 0.2015 0.2015 0.192 0.192 0.176
-1 -1 -1 -1 -1 -1 -1 -1 -1 -1 -1 -1 -1 -1 -1 -1 -1 -1 -1 -1 -1 -1 -1 0.03 0.03 0.1645 0.1645 0.1645 0.2435 0.2435 0.203 0.203 0.181 0.181 0.181 0.1885 0.1885 0.2015 0.2015 0.209 0.209 0.209 0.2015 0.2015 0.183 0.183 0.171 0.171 0.171 0.1785 0.1785 0.1935 0.1935 0.204 0.204 0.2245 0.2245 0.2245 0.23 0.23 0.227 0.227 0.227 0.227 0.227 0.2375 0.2375 0.252 0.252 0.2415 0.2415 0.2415 0.21 0.21 0.1905 0.1905 0.195
-1 -1 -1 -1 -1 -1 -1 -1 -1 -1 -1 -1 -1 -1 -1 -1 -1 -1 -1 -1 -1 -1 -1 0.03 0.03 0.1645 0.1645 0.1645 0.2435 0.2435 0.203 0.203 0.181 0.181 0.181 0.1885 0.1885 0.2015 0.2015 0.209 0.209 0.209 0.2015 0.2015 0.183 0.183 0.171 0.171 0.171 0.1785 0.1785 0.1935 0.1935 0.204 0.204 0.2245 0.2245 0.2245 0.23 0.23 0.227 0.227 0.227 0.227 0.227 0.2375 0.2375 0.252 0.252 0.2415 0.2415 0.2415 0.21 0.21 0.1905 0.1905 0.195
-1 -1 -1 -1 -1 -1 -1 -1 -1 -1 -1 -1 -1 -1 -1 -1 -1 -1 -1 -1 -1 -1 -1 0.03 0.03 0.1645 0.1645 0.1645 0.2435 0.2435 0.203 0.203 0.181 0.181 0.181 0.1885 0.1885 0.2015 0.2015 0.209 0.209 0.209 0.2015 0.2015 0.183 0.183 0.171 0.171 0.171 0.1785 0.1785 0.1935 0.1935 0.204 0.204 0.2245 0.2245 0.2245 0.23 0.23 0.227 0.227 0.227 0.227 0.227 0.2375 0.2375 0.252 0.252 0.2415 0.2415 0.2415 0.21 0.21 0.1905 0.1905 0.195
-1 -1 -1 -1 -1 -1 -1 -1 -1 -1 -1 -1 -1 -1 -1 -1 -1 -1 -1 -1 -1 0.031 0.031 0.121 0.121 0.231 0.231 0.231 0.2015 0.2015 0.1925 0.1925 0.214 0.214 0.214 0.2075 0.2075 0.21 0.21 0.2195 0.2195 0.2195 0.206 0.206 0.195 0.195 0.186 0.186 0.186 0.1915 0.1915 0.207 0.207 0.2065 0.2065 0.219 0.219 0.219 0.2225 0.2225 0.254 0.254 0.254 0.254 0.254 0.256 0.256 0.256 0.256 0.26 0.26 0.26 0.2325 0.2325 0.2365 0.2365 0.2055
-1 -1 -1 -1 -1 -1 -1 -1 -1 -1 -1 -1 -1 -1 -1 -1 -1 -1 -1 -1 -1 0.031 0.031 0.121 0.121 0.231 0.231 0.231 0.2015 0.2015 0.1925 0.1925 0.214 0.214 0.214 0.2075 0.2075 0.21 0.21 0.2195 0.2195 0.2195 0.206 0.206 0.195 0.195 0.186 0.186 0.186 0.1915 0.1915 0.207 0.207 0.2065 0.2065 0.219 0.219 0.219 0.2225 0.2225 0.254 0.254 0.254 0.254 0.254 0.256 0.256 0.256 0.256 0.26 0.26 0.26 0.2325 0.2325 0.2365 0.2365 0.2055
-1 -1 -1 -1 -1 -1 -1 -1 -1 -1 -1 -1 -1 -1 -1 -1 -1 -1 -1 -1 -1 0.0995 0.0995 0.246 0.246 0.2155 0.2155 0.2155 0.216 0.216 0.2045 0.2045 0.2185 0.2185 0.2185 0.2125 0.2125 0.2175 0.2175 0.225 0.225 0.225 0.218 0.218 0.19 0.19 0.2095 0.2095 0.2095 0.1965 0.1965 0.2115 0.2115 0.207 0.207 0.2035 0.2035 0.2035 0.212 0.212 0.2295 0.2295 0.2295 0.2295 0.2295 0.225 0.225 0.252 0.252 0.267 0.267 0.267 0.2365 0.2365 0.235 0.235 0.22
-1 -1 -1 -1 -1 -1 -1 -1 -1 -1 -1 -1 -1 -1 -1 -1 -1 -1 -1 -1 -1 0.0995 0.0995 0.246 0.246 0.2155 0.2155 0.2155 0.216 0.216 0.2045 0.2045 0.2185 0.2185 0.2185 0.2125 0.2125 0.2175 0.2175 0.225 0.225 0.225 0.218 0.218 0.19 0.19 0.2095 0.2095 0.2095 0.1965 0.1965 0.2115 0.2115 0.207 0.207 0.2035 0.2035 0.2035 0.212 0.212 0.2295 0.2295 0.2295 0.2295 0.2295 0.225 0.225 0.252 0.252 0.267 0.267 0.267 0.2365 0.2365 0.235 0.235 0.22
-1 -1 -1 -1 -1 -1 -1 -1 -1 -1 -1 -1 -1 -1 -1 -1 -1 -1 0.0525 0.0525 0.0525 0.2545 0.2545 0.2365 0.2365 0.209 0.209 0.209 0.2155 0.2155 0.2125 0.2125 0.2195 0.2195 0.2195 0.217 0.217 0.2195 0.2195 0.231 0.231 0.231 0.225 0.225 0.204 0.204 0.2045 0.2045 0.2045 0.1995 0.1995 0.2015 0.2015 0.2125 0.2125 0.208 0.208 0.208 0.2055 0.2055 0.2045 0.2045 0.2045 0.2045 0.2045 0.218 0.218 0.2295 0.2295 0.225 0.225 0.225 0.234 0.234 0.2265 0.2265 0.2385
-1 -1 -1 -1 -1 -1 -1 -1 -1 -1 -1 -1 -1 -1 -1 -1 -1 -1 0.0525 0.0525 0.0525 0.2545 0.2545 0.2365 0.2365 0.209 0.209 0.209 0.2155 0.2155 0.2125 0.2125 0.2195 0.2195 0.2195 0.217 0.217 0.2195 0.2195 0.231 0.231 0.231 0.225 0.225 0.204 0.204 0.2045 0.2045 0.2045 0.1995 0.1995 0.2015 0.2015 0.2125 0.2125 0.208 0.208 0.208 0.2055 0.2055 0.2045 0.2045 0.2045 0.2045 0.2045 0.218 0.218 0.2295 0.2295 0.225 0.225 0.225 0.234 0.234 0.2265 0.2265 0.2385
-1 -1 -1 -1 -1 -1 -1 -1 -1 -1 -1 -1 -1 -1 -1 -1 -1 -1 0.0525 0.0525 0.0525 0.2545 0.2545 0.2365 0.2365 0.209 0.209 0.209 0.2155 0.2155 0.2125 0.2125 0.2195 0.2195 0.2195 0.217 0.217 0.2195 0.2195 0.231 0.231 0.231 0.225 0.225 0.204 0.204 0.2045 0.2045 0.2045 0.1995 0.1995 0.2015 0.2015 0.2125 0.2125 0.208 0.208 0.208 0.2055 0.2055 0.2045 0.2045 0.2045 0.2045 0.2045 0.218 0.218 0.2295 0.2295 0.225 0.225 0.225 0.234 0.234 0.2265 0.2265 0.2385
-1 -1 -1 -1 -1 -1 -1 -1 -1 -1 -1 -1 -1 -1 -1 -1 0.2001 0.2001 0.277 0.277 0.277 0.277 0.277 0.2285 0.2285 0.215 0.215 0.215 0.2325 0.2325 0.237 0.237 0.218 0.218 0.218 0.2195 0.2195 0.2185 0.2185 0.2115 0.2115 0.2115 0.206 0.206 0.194 0.194 0.191 0.191 0.191 0.1955 0.1955 0.2055 0.2055 0.189 0.189 0.2115 0.2115 0.2115 0.2015 0.2015 0.215 0.215 0.215 0.215 0.215 0.214 0.214 0.202 0.202 0.2055 0.2055 0.2055 0.21 0.21 0.198 0.198 0.218
-1 -1 -1 -1 -1 -1 -1 -1 -1 -1 -1 -1 -1 -1 -1 -1 0.2001 0.2001 0.277 0.277 0.277 0.277 0.277 0.2285 0.2285 0.215 0.215 0.215 0.2325 0.2325 0.237 0.237 0.218 0.218 0.218 0.2195 0.2195 0.2185 0.2185 0.2115 0.2115 0.2115 0.206 0.206 0.194 0.194 0.191 0.191 0.191 0.1955 0.1955 0.2055 0.2055 0.189 0.189 0.2115 0.2115 0.2115 0.2015 0.2015 0.215 0.215 0.215 0.215 0.215 0.214 0.214 0.202 0.202 0.2055 0.2055 0.2055 0.21 0.21 0.198 0.198 0.218
-1 -1 -1 -1 -1 -1 -1 -1 -1 -1 -1 -1 0.144 0.144 0.14 0.14 0.1545 0.1545 0.2405 0.2405 0.2405 0.259 0.259 0.23 0.23 0.236 0.236 0.236 0.236 0.236 0.2405 0.2405 0.219 0.219 0.219 0.2125 0.2125 0.2015 0.2015 0.2115 0.2115 0.2115 0.2065 0.2065 0.205 0.205 0.197 0.197 0.197 0.198 0.198 0.2085 0.2085 0.2075 0.2075 0.1995 0.1995 0.1995 0.1975 0.1975 0.2005 0.2005 0.2005 0.2005 0.2005 0.1965 0.1965 0.1905 0.1905 0.1835 0.1835 0.1835 0.184 0.184 0.2095 0.2095 0.237
-1 -1 -1 -1 -1 -1 -1 -1 -1 -1 -1 -1 0.144 0.144 0.14 0.14 0.1545 0.1545 0.2405 0.2405 0.2405 0.259 0.259 0.23 0.23 0.236 0.236 0.236 0.236 0.236 0.2405 0.2405 0.219 0.219 0.219 0.2125 0.2125 0.2015 0.2015 0.2115 0.2115 0.2115 0.2065 0.2065 0.205 0.205 0.197 0.197 0.197 0.198 0.198 0.2085 0.2085 0.2075 0.2075 0.1995 0.1995 0.1995 0.1975 0.1975 0.2005 0.2005 0.2005 0.2005 0.2005 0.1965 0.1965 0.1905 0.1905 0.1835 0.1835 0.1835 0.184 0.184 0.2095 0.2095 0.237
-1 -1 -1 -1 -1 -1 -1 -1 -1 0.1732 0.1732 0.1732 0.1031 0.1031 0.1752 0.1752 0.122 0.122 0.0515 0.0515 0.0515 0.21 0.21 0.2455 0.2455 0.247 0.247 0.247 0.2415 0.2415 0.237 0.237 0.2245 0.2245 0.2245 0.204 0.204 0.2135 0.2135 0.2 0.2 0.2 0.1995 0.1995 0.2 0.2 0.191 0.191 0.191 0.1995 0.1995 0.1985 0.1985 0.1875 0.1875 0.187 0.187 0.187 0.211 0.211 0.2185 0.2185 0.2185 0.2185 0.2185 0.174 0.174 0.1985 0.1985 0.204 0.204 0.204 0.1895 0.1895 0.1925 0.1925 0.214
-1 -1 -1 -1 -1 -1 -1 -1 -1 0.1732 0.1732 0.1732 0.1031 0.1031 0.1752 0.1752 0.122 0.122 0.0515 0.0515 0.0515 0.21 0.21 0.2455 0.2455 0.247 0.247 0.247 0.2415 0.2415 0.237 0.237 0.2245 0.2245 0.2245 0.204 0.204 0.2135 0.2135 0.2 0.2 0.2 0.1995 0.1995 0.2 0.2 0.191 0.191 0.191 0.1995 0.1995 0.1985 0.1985 0.1875 0.1875 0.187 0.187 0.187 0.211 0.211 0.2185 0.2185 0.2185 0.2185 0.2185 0.174 0.174 0.1985 0.1985 0.204 0.204 0.204 0.1895 0.1895 0.1925 0.1925 0.214
-1 -1 -1 -1 -1 -1 -1 -1 -1 0.1732 0.1732 0.1732 0.1031 0.1031 0.1752 0.1752 0.122 0.122 0.0515 0.0515 0.0515 0.21 0.21 0.2455 0.2455 0.247 0.247 0.247 0.2415 0.2415 0.237 0.237 0.2245 0.2245 0.2245 0.204 0.204 0.2135 0.2135 0.2 0.2 0.2 0.1995 0.1995 0.2 0.2 0.191 0.191 0.191 0.1995 0.1995 0.1985 0.1985 0.1875 0.1875 0.187 0.187 0.187 0.211 0.211 0.2185 0.2185 0.2185 0.2185 0.2185 0.174 0.174 0.1985 0.1985 0.204 0.204 0.204 0.1895 0.1895 0.1925 0.1925 0.214
-1 -1 -1 -1 -1 -1 -1 -1 -1 -1 -1 -1 0.1402 0.1402 0.1487 0.1487 0.1702 0.1702 0.1495 0.1495 0.1495 0.198 0.198 0.24 0.24 0.2635 0.2635 0.2635 0.24 0.24 0.2325 0.2325 0.228 0.228 0.228 0.21 0.21 0.2145 0.2145 0.2075 0.2075 0.2075 0.2125 0.2125 0.2005 0.2005 0.203 0.203 0.203 0.2065 0.2065 0.202 0.202 0.192 0.192 0.195 0.195 0.195 0.1985 0.1985 0.1895 0.1895 0.1895 0.1895 0.1895 0.2025 0.2025 0.1625 0.1625 0.183 0.183 0.183 0.219 0.219 0.1845 0.1845 0.1795
-1 -1 -1 -1 -1 -1 -1 -1 -1 -1 -1 -1 0.1402 0.1402 0.1487 0.1487 0.1702 0.1702 0.1495 0.1495 0.1495 0.198 0.198 0.24 0.24 0.2635 0.2635 0.2635 0.24 0.24 0.2325 0.2325 0.228 0.228 0.228 0.21 0.21 0.2145 0.2145 0.2075 0.2075 0.2075 0.2125 0.2125 0.2005 0.2005 0.203 0.203 0.203 0.2065 0.2065 0.202 0.202 0.192 0.192 0.195 0.195 0.195 0.1985 0.1985 0.1895 0.1895 0.1895 0.1895 0.1895 0.2025 0.2025 0.1625 0.1625 0.183 0.183 0.183 0.219 0.219 0.1845 0.1845 0.1795
-1 -1 -1 -1 -1 -1 -1 -1 -1 -1 -1 -1 -1 -1 -1 -1 -1 -1 0.1562 0.1562 0.1562 0.1505 0.1505 0.2215 0.2215 0.2265 0.2265 0.2265 0.2395 0.2395 0.235 0.235 0.2365 0.2365 0.2365 0.2345 0.2345 0.217 0.217 0.2125 0.2125 0.2125 0.218 0.218 0.212 0.212 0.206 0.206 0.206 0.212 0.212 0.2085 0.2085 0.2085 0.2085 0.2035 0.2035 0.2035 0.1875 0.1875 0.177 0.177 0.177 0.177 0.177 0.193 0.193 0.203 0.203 0.2295 0.2295 0.2295 0.2595 0.2595 0.22 0.22 0.203
-1 -1 -1 -1 -1 -1 -1 -1 -1 -1 -1 -1 -1 -1 -1 -1 -1 -1 0.1562 0.1562 0.1562 0.1505 0.1505 0.2215 0.2215 0.2265 0.2265 0.2265 0.2395 0.2395 0.235 0.235 0.2365 0.2365 0.2365 0.2345 0.2345 0.217 0.217 0.2125 0.2125 0.2125 0.218 0.218 0.212 0.212 0.206 0.206 0.206 0.212 0.212 0.2085 0.2085 0.2085 0.2085 0.2035 0.2035 0.2035 0.1875 0.1875 0.177 0.177 0.177 0.177 0.177 0.193 0.193 0.203 0.203 0.2295 0.2295 0.2295 0.2595 0.2595 0.22 0.22 0.203
-1 -1 -1 -1 -1 -1 -1 -1 -1 -1 -1 -1 -1 -1 -1 -1 -1 -1 -1 -1 -1 0.1786 0.1786 0.0925 0.0925 0.2285 0.2285 0.2285 0.2455 0.2455 0.2365 0.2365 0.236 0.236 0.236 0.2335 0.2335 0.2205 0.2205 0.201 0.201 0.201 0.216 0.216 0.2065 0.2065 0.2075 0.2075 0.2075 0.202 0.202 0.2085 0.2085 0.208 0.208 0.2075 0.2075 0.2075 0.2005 0.2005 0.191 0.191 0.191 0.191 0.191 0.19 0.19 0.1955 0.1955 0.2165 0.2165 0.2165 0.1885 0.1885 0.1945 0.1945 0.204
-1 -1 -1 -1 -1 -1 -1 -1 -1 -1 -1 -1 -1 -1 -1 -1 -1 -1 -1 -1 -1 0.1786 0.1786 0.0925 0.0925 0.2285 0.2285 0.2285 0.2455 0.2455 0.2365 0.2365 0.236 0.236 0.236 0.2335 0.2335 0.2205 0.2205 0.201 0.201 0.201 0.216 0.216 0.2065 0.2065 0.2075 0.2075 0.2075 0.202 0.202 0.2085 0.2085 0.208 0.208 0.2075 0.2075 0.2075 0.2005 0.2005 0.191 0.191 0.191 0.191 0.191 0.19 0.19 0.1955 0.1955 0.2165 0.2165 0.2165 0.1885 0.1885 0.1945 0.1945 0.204
-1 -1 -1 -1 -1 -1 -1 -1 -1 -1 -1 -1 -1 -1 -1 -1 -1 -1 -1 -1 -1 0.1467 0.1467 0.226 0.226 0.183 0.183 0.183 0.231 0.231 0.234 0.234 0.2405 0.2405 0.2405 0.242 0.242 0.212 0.212 0.1825 0.1825 0.1825 0.166 0.166 0.2025 0.2025 0.2105 0.2105 0.2105 0.2135 0.2135 0.2075 0.2075 0.197 0.197 0.2065 0.2065 0.2065 0.211 0.211 0.199 0.199 0.199 0.199 0.199 0.2005 0.2005 0.213 0.213 0.229 0.229 0.229 0.206 0.206 0.219 0.219 0.221
-1 -1 -1 -1 -1 -1 -1 -1 -1 -1 -1 -1 -1 -1 -1 -1 -1 -1 -1 -1 -1 0.1467 0.1467 0.226 0.226 0.183 0.183 0.183 0.231 0.231 0.234 0.234 0.2405 0.2405 0.2405 0.242 0.242 0.212 0.212 0.1825 0.1825 0.1825 0.166 0.166 0.2025 0.2025 0.2105 0.2105 0.2105 0.2135 0.2135 0.2075 0.2075 0.197 0.197 0.2065 0.2065 0.2065 0.211 0.211 0.199 0.199 0.199 0.199 0.199 0.2005 0.2005 0.213 0.213 0.229 0.229 0.229 0.206 0.206 0.219 0.219 0.221
-1 -1 -1 -1 -1 -1 -1 -1 -1 -1 -1 -1 -1 -1 -1 -1 -1 -1 -1 -1 -1 0.1467 0.1467 0.226 0.226 0.183 0.183 0.183 0.231 0.231 0.234 0.234 0.2405 0.2405 0.2405 0.242 0.242 0.212 0.212 0.1825 0.1825 0.1825 0.166 0.166 0.2025 0.2025 0.2105 0.2105 0.2105 0.2135 0.2135 0.2075 0.2075 0.197 0.197 0.2065 0.2065 0.2065 0.211 0.211 0.199 0.199 0.199 0.199 0.199 0.2005 0.2005 0.213 0.213 0.229 0.229 0.229 0.206 0.206 0.219 0.219 0.221
-1 -1 -1 -1 -1 -1 -1 -1 -1 -1 -1 -1 -1 -1 -1 -1 -1 -1 -1 -1 -1 -1 -1 0.1827 0.1827 0.063 0.063 0.063 0.2395 0.2395 0.2565 0.2565 0.2375 0.2375 0.2375 0.3065 0.3065 0.204 0.204 0.1095 0.1095 0.1095 0.1905 0.1905 0.204 0.204 0.2065 0.2065 0.2065 0.21 0.21 0.21 0.21 0.2085 0.2085 0.2205 0.2205 0.2205 0.212 0.212 0.1965 0.1965 0.1965 0.1965 0.1965 0.211 0.211 0.2005 0.2005 0.2 0.2 0.2 0.219 0.219 0.212 0.212 0.22
-1 -1 -1 -1 -1 -1 -1 -1 -1 -1 -1 -1 -1 -1 -1 -1 -1 -1 -1 -1 -1 -1 -1 0.1827 0.1827 0.063 0.063 0.063 0.2395 0.2395 0.2565 0.2565 0.2375 0.2375 0.2375 0.3065 0.3065 0.204 0.204 0.1095 0.1095 0.1095 0.1905 0.1905 0.204 0.204 0.2065 0.2065 0.2065 0.21 0.21 0.21 0.21 0.2085 0.2085 0.2205 0.2205 0.2205 0.212 0.212 0.1965 0.1965 0.1965 0.1965 0.1965 0.211 0.211 0.2005 0.2005 0.2 0.2 0.2 0.219 0.219 0.212 0.212 0.22
-1 -1 -1 -1 -1 -1 -1 -1 -1 -1 -1 -1 -1 -1 -1 -1 -1 -1 -1 -1 -1 -1 -1 -1 -1 0.05 0.05 0.05 0.129 0.129 0.24 0.24 0.25 0.25 0.25 0.113 0.113 0.062 0.062 0.1095 0.1095 0.1095 0.2155 0.2155 0.1785 0.1785 0.2225 0.2225 0.2225 0.2005 0.2005 0.215 0.215 0.2185 0.2185 0.2315 0.2315 0.2315 0.2245 0.2245 0.1895 0.1895 0.1895 0.1895 0.1895 0.1935 0.1935 0.212 0.212 0.212 0.212 0.212 0.208 0.208 0.218 0.218 0.2385
-1 -1 -1 -1 -1 -1 -1 -1 -1 -1 -1 -1 -1 -1 -1 -1 -1 -1 -1 -1 -1 -1 -1 -1 -1 0.05 0.05 0.05 0.129 0.129 0.24 0.24 0.25 0.25 0.25 0.113 0.113 0.062 0.062 0.1095 0.1095 0.1095 0.2155 0.2155 0.1785 0.1785 0.2225 0.2225 0.2225 0.2005 0.2005 0.215 0.215 0.2185 0.2185 0.2315 0.2315 0.2315 0.2245 0.2245 0.1895 0.1895 0.1895 0.1895 0.1895 0.1935 0.1935 0.212 0.212 0.212 0.212 0.212 0.208 0.208 0.218 0.218 0.2385
-1 -1 -1 -1 -1 -1 -1 -1 -1 -1 -1 -1 -1 -1 -1 -1 -1 -1 -1 -1 -1 -1 -1 -1 -1 0.1097 0.1097 0.1097 0.087 0.087 0.1815 0.1815 0.217 0.217 0.217 0.153 0.153 0.143 0.143 0.2015 0.2015 0.2015 0.2005 0.2005 0.248 0.248 0.216 0.216 0.216 0.1625 0.1625 0.2195 0.2195 0.2185 0.2185 0.214 0.214 0.214 0.2195 0.2195 0.2045 0.2045 0.2045 0.2045 0.2045 0.211 0.211 0.206 0.206 0.2095 0.2095 0.2095 0.2085 0.2085 0.215 0.215 0.2185
-1 -1 -1 -1 -1 -1 -1 -1 -1 -1 -1 -1 -1 -1 -1 -1 -1 -1 -1 -1 -1 -1 -1 -1 -1 0.1097 0.1097 0.1097 0.087 0.087 0.1815 0.1815 0.217 0.217 0.217 0.153 0.153 0.143 0.143 0.2015 0.2015 0.2015 0.2005 0.2005 0.248 0.248 0.216 0.216 0.216 0.1625 0.1625 0.2195 0.2195 0.2185 0.2185 0.214 0.214 0.214 0.2195 0.2195 0.2045 0.2045 0.2045 0.2045 0.2045 0.211 0.211 0.206 0.206 0.2095 0.2095 0.2095 0.2085 0.2085 0.215 0.215 0.2185
-1 -1 -1 -1 -1 -1 -1 -1 -1 -1 -1 -1 -1 -1 -1 -1 -1 -1 -1 -1 -1 -1 -1 -1 -1 0.1097 0.1097 0.1097 0.087 0.087 0.1815 0.1815 0.217 0.217 0.217 0.153 0.153 0.143 0.143 0.2015 0.2015 0.2015 0.2005 0.2005 0.248 0.248 0.216 0.216 0.216 0.1625 0.1625 0.2195 0.2195 0.2185 0.2185 0.214 0.214 0.214 0.2195 0.2195 0.2045 0.2045 0.2045 0.2045 0.2045 0.211 0.211 0.206 0.206 0.2095 0.2095 0.2095 0.2085 0.2085 0.215 0.215 0.2185
