ndvi/NOAA-23.asc
ncols         252
nrows         154
xllcorner     -18.017974
yllcorner     13.481982
cellsize      0.035948
NODATA_value  -9999
[rows 68 to 101 of 154, columns 0 to 76 of 252]
-1 -1 -1 -1 -1 -1 -1 -1 -1 -1 -1 -1 -1 -1 -1 -1 -1 -1 -1 -1 -1 -1 -1 -1 -1 -1 -1 -1 -1 -1 -1 -1 -1 -1 -1 -1 -1 -1 -1 0.1985 0.1985 0.1985 0.1735 0.1735 0.388 0.388 0.2785 0.2785 0.2785 0.2315 0.2315 0.2585 0.2585 0.2955 0.2955 0.279 0.279 0.279 0.351 0.351 0.296 0.296 0.296 0.296 0.296 0.36 0.36 0.346 0.346 0.199 0.199 0.199 0.2105 0.2105 0.1995 0.1995 0.183
-1 -1 -1 -1 -1 -1 -1 -1 -1 -1 -1 -1 -1 -1 -1 -1 -1 -1 -1 -1 -1 -1 -1 -1 -1 -1 -1 -1 -1 -1 -1 -1 -1 -1 -1 -1 -1 -1 -1 0.201 0.201 0.201 0.2545 0.2545 0.3795 0.3795 0.1405 0.1405 0.1405 0.3195 0.3195 0.3085 0.3085 0.2485 0.2485 0.284 0.284 0.284 0.4 0.4 0.3825 0.3825 0.3825 0.3825 0.3825 0.2705 0.2705 0.2605 0.2605 0.202 0.202 0.202 0.203 0.203 0.2005 0.2005 0.2045
-1 -1 -1 -1 -1 -1 -1 -1 -1 -1 -1 -1 -1 -1 -1 -1 -1 -1 -1 -1 -1 -1 -1 -1 -1 -1 -1 -1 -1 -1 -1 -1 -1 -1 -1 -1 -1 -1 -1 0.201 0.201 0.201 0.2545 0.2545 0.3795 0.3795 0.1405 0.1405 0.1405 0.3195 0.3195 0.3085 0.3085 0.2485 0.2485 0.284 0.284 0.284 0.4 0.4 0.3825 0.3825 0.3825 0.3825 0.3825 0.2705 0.2705 0.2605 0.2605 0.202 0.202 0.202 0.203 0.203 0.2005 0.2005 0.2045
-1 -1 -1 -1 -1 -1 -1 -1 -1 -1 -1 -1 -1 -1 -1 -1 -1 -1 -1 -1 -1 -1 -1 -1 -1 -1 -1 -1 -1 -1 -1 -1 -1 -1 -1 -1 -1 0.1062 0.1062 0.1505 0.1505 0.1505 0.275 0.275 0.2405 0.2405 0.2235 0.2235 0.2235 0.2835 0.2835 0.2355 0.2355 0.2 0.2 0.1745 0.1745 0.1745 0.239 0.239 0.292 0.292 0.292 0.292 0.292 0.2295 0.2295 0.2185 0.2185 0.2115 0.2115 0.2115 0.2205 0.2205 0.2195 0.2195 0.2195
-1 -1 -1 -1 -1 -1 -1 -1 -1 -1 -1 -1 -1 -1 -1 -1 -1 -1 -1 -1 -1 -1 -1 -1 -1 -1 -1 -1 -1 -1 -1 -1 -1 -1 -1 -1 -1 0.1062 0.1062 0.1505 0.1505 0.1505 0.275 0.275 0.2405 0.2405 0.2235 0.2235 0.2235 0.2835 0.2835 0.2355 0.2355 0.2 0.2 0.1745 0.1745 0.1745 0.239 0.239 0.292 0.292 0.292 0.292 0.292 0.2295 0.2295 0.2185 0.2185 0.2115 0.2115 0.2115 0.2205 0.2205 0.2195 0.2195 0.2195
-1 -1 -1 -1 -1 -1 -1 -1 -1 -1 -1 -1 -1 -1 -1 -1 -1 -1 -1 -1 -1 -1 -1 -1 -1 -1 -1 -1 -1 -1 -1 -1 -1 -1 -1 -1 -1 0.1062 0.1062 0.1505 0.1505 0.1505 0.275 0.275 0.2405 0.2405 0.2235 0.2235 0.2235 0.2835 0.2835 0.2355 0.2355 0.2 0.2 0.1745 0.1745 0.1745 0.239 0.239 0.292 0.292 0.292 0.292 0.292 0.2295 0.2295 0.2185 0.2185 0.2115 0.2115 0.2115 0.2205 0.2205 0.2195 0.2195 0.2195
-1 -1 -1 -1 -1 -1 -1 -1 -1 -1 -1 -1 -1 -1 -1 -1 -1 -1 -1 -1 -1 -1 -1 -1 -1 -1 -1 -1 -1 -1 -1 -1 -1 -1 -1 -1 -1 0.0346 0.0346 0.1465 0.1465 0.1465 0.259 0.259 0.3015 0.3015 0.244 0.244 0.244 0.266 0.266 0.25 0.25 0.183 0.183 0.1805 0.1805 0.1805 0.2005 0.2005 0.2355 0.2355 0.2355 0.2355 0.2355 0.2515 0.2515 0.2355 0.2355 0.222 0.222 0.222 0.2305 0.2305 0.2305 0.2305 0.2375
-1 -1 -1 -1 -1 -1 -1 -1 -1 -1 -1 -1 -1 -1 -1 -1 -1 -1 -1 -1 -1 -1 -1 -1 -1 -1 -1 -1 -1 -1 -1 -1 -1 -1 -1 -1 -1 0.0346 0.0346 0.1465 0.1465 0.1465 0.259 0.259 0.3015 0.3015 0.244 0.244 0.244 0.266 0.266 0.25 0.25 0.183 0.183 0.1805 0.1805 0.1805 0.2005 0.2005 0.2355 0.2355 0.2355 0.2355 0.2355 0.2515 0.2515 0.2355 0.2355 0.222 0.222 0.222 0.2305 0.2305 0.2305 0.2305 0.2375
-1 -1 -1 -1 -1 -1 -1 -1 -1 -1 -1 -1 -1 -1 -1 -1 -1 -1 -1 -1 -1 -1 -1 -1 -1 -1 -1 -1 -1 -1 -1 -1 -1 -1 -1 -1 -1 0.0046 0.0046 0.155 0.155 0.155 0.265 0.265 0.276 0.276 0.2135 0.2135 0.2135 0.222 0.222 0.2255 0.2255 0.215 0.215 0.2245 0.2245 0.2245 0.228 0.228 0.23 0.23 0.23 0.23 0.23 0.231 0.231 0.2345 0.2345 0.219 0.219 0.219 0.215 0.215 0.2115 0.2115 0.2315
-1 -1 -1 -1 -1 -1 -1 -1 -1 -1 -1 -1 -1 -1 -1 -1 -1 -1 -1 -1 -1 -1 -1 -1 -1 -1 -1 -1 -1 -1 -1 -1 -1 -1 -1 -1 -1 0.0046 0.0046 0.155 0.155 0.155 0.265 0.265 0.276 0.276 0.2135 0.2135 0.2135 0.222 0.222 0.2255 0.2255 0.215 0.215 0.2245 0.2245 0.2245 0.228 0.228 0.23 0.23 0.23 0.23 0.23 0.231 0.231 0.2345 0.2345 0.219 0.219 0.219 0.215 0.215 0.2115 0.2115 0.2315
-1 -1 -1 -1 -1 -1 -1 -1 -1 -1 -1 -1 -1 -1 -1 -1 -1 -1 -1 -1 -1 -1 -1 -1 -1 -1 -1 -1 -1 -1 -1 -1 -1 -1 -1 -1 -1 0.0302 0.0302 0.2085 0.2085 0.2085 0.1955 0.1955 0.234 0.234 0.2305 0.2305 0.2305 0.231 0.231 0.224 0.224 0.2355 0.2355 0.2315 0.2315 0.2315 0.225 0.225 0.217 0.217 0.217 0.217 0.217 0.221 0.221 0.229 0.229 0.2145 0.2145 0.2145 0.2155 0.2155 0.21 0.21 0.2175
-1 -1 -1 -1 -1 -1 -1 -1 -1 -1 -1 -1 -1 -1 -1 -1 -1 -1 -1 -1 -1 -1 -1 -1 -1 -1 -1 -1 -1 -1 -1 -1 -1 -1 -1 -1 -1 0.0302 0.0302 0.2085 0.2085 0.2085 0.1955 0.1955 0.234 0.234 0.2305 0.2305 0.2305 0.231 0.231 0.224 0.224 0.2355 0.2355 0.2315 0.2315 0.2315 0.225 0.225 0.217 0.217 0.217 0.217 0.217 0.221 0.221 0.229 0.229 0.2145 0.2145 0.2145 0.2155 0.2155 0.21 0.21 0.2175
-1 -1 -1 -1 -1 -1 -1 -1 -1 -1 -1 -1 -1 -1 -1 -1 -1 -1 -1 -1 -1 -1 -1 -1 -1 -1 -1 -1 -1 -1 -1 -1 -1 -1 -1 -1 -1 0.08220001 0.08220001 0.2295 0.2295 0.2295 0.224 0.224 0.2305 0.2305 0.2165 0.2165 0.2165 0.215 0.215 0.219 0.219 0.2355 0.2355 0.24 0.24 0.24 0.2235 0.2235 0.2225 0.2225 0.2225 0.2225 0.2225 0.2195 0.2195 0.2255 0.2255 0.2205 0.2205 0.2205 0.234 0.234 0.229 0.229 0.2115
-1 -1 -1 -1 -1 -1 -1 -1 -1 -1 -1 -1 -1 -1 -1 -1 -1 -1 -1 -1 -1 -1 -1 -1 -1 -1 -1 -1 -1 -1 -1 -1 -1 -1 -1 -1 -1 0.08220001 0.08220001 0.2295 0.2295 0.2295 0.224 0.224 0.2305 0.2305 0.2165 0.2165 0.2165 0.215 0.215 0.219 0.219 0.2355 0.2355 0.24 0.24 0.24 0.2235 0.2235 0.2225 0.2225 0.2225 0.2225 0.2225 0.2195 0.2195 0.2255 0.2255 0.2205 0.2205 0.2205 0.234 0.234 0.229 0.229 0.2115
-1 -1 -1 -1 -1 -1 -1 -1 -1 -1 -1 -1 -1 -1 -1 -1 -1 -1 -1 -1 -1 -1 -1 -1 -1 -1 -1 -1 -1 -1 -1 -1 -1 -1 -1 -1 -1 0.08220001 0.08220001 0.2295 0.2295 0.2295 0.224 0.224 0.2305 0.2305 0.2165 0.2165 0.2165 0.215 0.215 0.219 0.219 0.2355 0.2355 0.24 0.24 0.24 0.2235 0.2235 0.2225 0.2225 0.2225 0.2225 0.2225 0.2195 0.2195 0.2255 0.2255 0.2205 0.2205 0.2205 0.234 0.234 0.229 0.229 0.2115
-1 -1 -1 -1 -1 -1 -1 -1 -1 -1 -1 -1 -1 -1 -1 -1 -1 -1 -1 -1 -1 -1 -1 -1 -1 -1 -1 -1 -1 -1 -1 -1 -1 -1 -1 -1 -1 0.08570001 0.08570001 0.2025 0.2025 0.2025 0.2445 0.2445 0.219 0.219 0.2105 0.2105 0.2105 0.2155 0.2155 0.225 0.225 0.2065 0.2065 0.2245 0.2245 0.2245 0.2265 0.2265 0.23 0.23 0.23 0.23 0.23 0.2255 0.2255 0.2255 0.2255 0.207 0.207 0.207 0.2275 0.2275 0.227 0.227 0.222
-1 -1 -1 -1 -1 -1 -1 -1 -1 -1 -1 -1 -1 -1 -1 -1 -1 -1 -1 -1 -1 -1 -1 -1 -1 -1 -1 -1 -1 -1 -1 -1 -1 -1 -1 -1 -1 0.08570001 0.08570001 0.2025 0.2025 0.2025 0.2445 0.2445 0.219 0.219 0.2105 0.2105 0.2105 0.2155 0.2155 0.225 0.225 0.2065 0.2065 0.2245 0.2245 0.2245 0.2265 0.2265 0.23 0.23 0.23 0.23 0.23 0.2255 0.2255 0.2255 0.2255 0.207 0.207 0.207 0.2275 0.2275 0.227 0.227 0.222
-1 -1 -1 -1 -1 -1 -1 -1 -1 -1 -1 -1 -1 -1 -1 -1 -1 -1 -1 -1 -1 -1 -1 -1 -1 -1 -1 -1 -1 -1 -1 -1 -1 -1 -1 -1 -1 0.116 0.116 0.255 0.255 0.255 0.26 0.26 0.221 0.221 0.2165 0.2165 0.2165 0.2165 0.2165 0.2215 0.2215 0.2345 0.2345 0.212 0.212 0.212 0.2195 0.2195 0.2315 0.2315 0.2315 0.2315 0.2315 0.2375 0.2375 0.2455 0.2455 0.2305 0.2305 0.2305 0.241 0.241 0.235 0.235 0.2235
-1 -1 -1 -1 -1 -1 -1 -1 -1 -1 -1 -1 -1 -1 -1 -1 -1 -1 -1 -1 -1 -1 -1 -1 -1 -1 -1 -1 -1 -1 -1 -1 -1 -1 -1 -1 -1 0.116 0.116 0.255 0.255 0.255 0.26 0.26 0.221 0.221 0.2165 0.2165 0.2165 0.2165 0.2165 0.2215 0.2215 0.2345 0.2345 0.212 0.212 0.212 0.2195 0.2195 0.2315 0.2315 0.2315 0.2315 0.2315 0.2375 0.2375 0.2455 0.2455 0.2305 0.2305 0.2305 0.241 0.241 0.235 0.235 0.2235
-1 -1 -1 -1 -1 -1 -1 -1 -1 -1 -1 -1 -1 -1 -1 -1 -1 -1 -1 -1 -1 -1 -1 -1 -1 -1 -1 -1 -1 -1 -1 -1 -1 -1 -1 0.0427 0.0427 0.2655 0.2655 0.2545 0.2545 0.2545 0.235 0.235 0.232 0.232 0.2215 0.2215 0.2215 0.217 0.217 0.211 0.211 0.226 0.226 0.2265 0.2265 0.2265 0.2215 0.2215 0.218 0.218 0.218 0.218 0.218 0.2225 0.2225 0.2335 0.2335 0.2335 0.2335 0.2335 0.238 0.238 0.2355 0.2355 0.246
-1 -1 -1 -1 -1 -1 -1 -1 -1 -1 -1 -1 -1 -1 -1 -1 -1 -1 -1 -1 -1 -1 -1 -1 -1 -1 -1 -1 -1 -1 -1 -1 -1 -1 -1 0.0427 0.0427 0.2655 0.2655 0.2545 0.2545 0.2545 0.235 0.235 0.232 0.232 0.2215 0.2215 0.2215 0.217 0.217 0.211 0.211 0.226 0.226 0.2265 0.2265 0.2265 0.2215 0.2215 0.218 0.218 0.218 0.218 0.218 0.2225 0.2225 0.2335 0.2335 0.2335 0.2335 0.2335 0.238 0.238 0.2355 0.2355 0.246
-1 -1 -1 -1 -1 -1 -1 -1 -1 -1 -1 -1 -1 -1 -1 -1 -1 -1 -1 -1 -1 -1 -1 -1 -1 -1 -1 -1 -1 -1 -1 -1 -1 -1 -1 0.0427 0.0427 0.2655 0.2655 0.2545 0.2545 0.2545 0.235 0.235 0.232 0.232 0.2215 0.2215 0.2215 0.217 0.217 0.211 0.211 0.226 0.226 0.2265 0.2265 0.2265 0.2215 0.2215 0.218 0.218 0.218 0.218 0.218 0.2225 0.2225 0.2335 0.2335 0.2335 0.2335 0.2335 0.238 0.238 0.2355 0.2355 0.246
-1 -1 -1 -1 -1 -1 -1 -1 -1 -1 -1 -1 -1 -1 -1 -1 -1 -1 -1 -1 -1 -1 -1 -1 -1 -1 -1 -1 -1 -1 -1 -1 -1 -1 -1 0.1325 0.1325 0.25 0.25 0.225 0.225 0.225 0.2325 0.2325 0.2275 0.2275 0.2435 0.2435 0.2435 0.233 0.233 0.239 0.239 0.2395 0.2395 0.2315 0.2315 0.2315 0.219 0.219 0.2065 0.2065 0.2065 0.2065 0.2065 0.241 0.241 0.2415 0.2415 0.2525 0.2525 0.2525 0.239 0.239 0.239 0.239 0.234
-1 -1 -1 -1 -1 -1 -1 -1 -1 -1 -1 -1 -1 -1 -1 -1 -1 -1 -1 -1 -1 -1 -1 -1 -1 -1 -1 -1 -1 -1 -1 -1 -1 -1 -1 0.1325 0.1325 0.25 0.25 0.225 0.225 0.225 0.2325 0.2325 0.2275 0.2275 0.2435 0.2435 0.2435 0.233 0.233 0.239 0.239 0.2395 0.2395 0.2315 0.2315 0.2315 0.219 0.219 0.2065 0.2065 0.2065 0.2065 0.2065 0.241 0.241 0.2415 0.2415 0.2525 0.2525 0.2525 0.239 0.239 0.239 0.239 0.234
-1 -1 -1 -1 -1 -1 -1 -1 -1 -1 -1 -1 -1 -1 -1 -1 -1 -1 -1 -1 -1 -1 -1 -1 -1 -1 -1 -1 -1 -1 -1 -1 0.0932 0.0932 0.0932 0.2505 0.2505 0.239 0.239 0.238 0.238 0.238 0.252 0.252 0.2615 0.2615 0.254 0.254 0.254 0.265 0.265 0.225 0.225 0.232 0.232 0.2325 0.2325 0.2325 0.232 0.232 0.248 0.248 0.248 0.248 0.248 0.26 0.26 0.256 0.256 0.246 0.246 0.246 0.2275 0.2275 0.237 0.237 0.2435
-1 -1 -1 -1 -1 -1 -1 -1 -1 -1 -1 -1 -1 -1 -1 -1 -1 -1 -1 -1 -1 -1 -1 -1 -1 -1 -1 -1 -1 -1 -1 -1 0.0932 0.0932 0.0932 0.2505 0.2505 0.239 0.239 0.238 0.238 0.238 0.252 0.252 0.2615 0.2615 0.254 0.254 0.254 0.265 0.265 0.225 0.225 0.232 0.232 0.2325 0.2325 0.2325 0.232 0.232 0.248 0.248 0.248 0.248 0.248 0.26 0.26 0.256 0.256 0.246 0.246 0.246 0.2275 0.2275 0.237 0.237 0.2435
-1 -1 -1 -1 -1 -1 -1 -1 -1 -1 -1 -1 -1 -1 -1 -1 -1 -1 -1 -1 -1 -1 -1 -1 -1 -1 -1 -1 -1 -1 0.0317 0.0317 0.2605 0.2605 0.2605 0.2575 0.2575 0.236 0.236 0.256 0.256 0.256 0.252 0.252 0.249 0.249 0.2695 0.2695 0.2695 0.233 0.233 0.2335 0.2335 0.267 0.267 0.246 0.246 0.246 0.252 0.252 0.26 0.26 0.26 0.26 0.26 0.2635 0.2635 0.256 0.256 0.2515 0.2515 0.2515 0.242 0.242 0.235 0.235 0.222
-1 -1 -1 -1 -1 -1 -1 -1 -1 -1 -1 -1 -1 -1 -1 -1 -1 -1 -1 -1 -1 -1 -1 -1 -1 -1 -1 -1 -1 -1 0.0317 0.0317 0.2605 0.2605 0.2605 0.2575 0.2575 0.236 0.236 0.256 0.256 0.256 0.252 0.252 0.249 0.249 0.2695 0.2695 0.2695 0.233 0.233 0.2335 0.2335 0.267 0.267 0.246 0.246 0.246 0.252 0.252 0.26 0.26 0.26 0.26 0.26 0.2635 0.2635 0.256 0.256 0.2515 0.2515 0.2515 0.242 0.242 0.235 0.235 0.222
-1 -1 -1 -1 -1 -1 -1 -1 -1 -1 -1 -1 -1 -1 -1 -1 -1 -1 -1 -1 -1 -1 -1 -1 -1 -1 -1 -1 -1 -1 0.0317 0.0317 0.2605 0.2605 0.2605 0.2575 0.2575 0.236 0.236 0.256 0.256 0.256 0.252 0.252 0.249 0.249 0.2695 0.2695 0.2695 0.233 0.233 0.2335 0.2335 0.267 0.267 0.246 0.246 0.246 0.252 0.252 0.26 0.26 0.26 0.26 0.26 0.2635 0.2635 0.256 0.256 0.2515 0.2515 0.2515 0.242 0.242 0.235 0.235 0.222
-1 -1 -1 -1 -1 -1 -1 -1 -1 -1 -1 -1 -1 -1 -1 -1 -1 -1 -1 -1 -1 -1 -1 -1 -1 -1 -1 -1 -1 -1 0.129 0.129 0.2675 0.2675 0.2675 0.264 0.264 0.2715 0.2715 0.2655 0.2655 0.2655 0.2475 0.2475 0.2345 0.2345 0.262 0.262 0.262 0.2435 0.2435 0.2325 0.2325 0.231 0.231 0.245 0.245 0.245 0.256 0.256 0.2565 0.2565 0.2565 0.2565 0.2565 0.26 0.26 0.251 0.251 0.244 0.244 0.244 0.2325 0.2325 0.23 0.23 0.229
-1 -1 -1 -1 -1 -1 -1 -1 -1 -1 -1 -1 -1 -1 -1 -1 -1 -1 -1 -1 -1 -1 -1 -1 -1 -1 -1 -1 -1 -1 0.129 0.129 0.2675 0.2675 0.2675 0.264 0.264 0.2715 0.2715 0.2655 0.2655 0.2655 0.2475 0.2475 0.2345 0.2345 0.262 0.262 0.262 0.2435 0.2435 0.2325 0.2325 0.231 0.231 0.245 0.245 0.245 0.256 0.256 0.2565 0.2565 0.2565 0.2565 0.2565 0.26 0.26 0.251 0.251 0.244 0.244 0.244 0.2325 0.2325 0.23 0.23 0.229
-1 -1 -1 -1 -1 -1 -1 -1 -1 -1 -1 -1 -1 -1 -1 -1 -1 -1 -1 -1 -1 -1 -1 -1 -1 -1 -1 -1 0.08220001 0.08220001 0.2685 0.2685 0.268 0.268 0.268 0.2555 0.2555 0.266 0.266 0.2605 0.2605 0.2605 0.256 0.256 0.257 0.257 0.2335 0.2335 0.2335 0.237 0.237 0.2365 0.2365 0.2505 0.2505 0.25 0.25 0.25 0.256 0.256 0.2655 0.2655 0.2655 0.2655 0.2655 0.262 0.262 0.2195 0.2195 0.228 0.228 0.228 0.214 0.214 0.213 0.213 0.2455
-1 -1 -1 -1 -1 -1 -1 -1 -1 -1 -1 -1 -1 -1 -1 -1 -1 -1 -1 -1 -1 -1 -1 -1 -1 -1 -1 -1 0.08220001 0.08220001 0.2685 0.2685 0.268 0.268 0.268 0.2555 0.2555 0.266 0.266 0.2605 0.2605 0.2605 0.256 0.256 0.257 0.257 0.2335 0.2335 0.2335 0.237 0.237 0.2365 0.2365 0.2505 0.2505 0.25 0.25 0.25 0.256 0.256 0.2655 0.2655 0.2655 0.2655 0.2655 0.262 0.262 0.2195 0.2195 0.228 0.228 0.228 0.214 0.214 0.213 0.213 0.2455
-1 -1 -1 -1 -1 -1 -1 -1 -1 -1 -1 -1 -1 -1 -1 -1 -1 -1 -1 -1 -1 -1 -1 -1 -1 0.0117 0.0117 0.0117 0.115 0.115 0.2945 0.2945 0.2755 0.2755 0.2755 0.2425 0.2425 0.2545 0.2545 0.268 0.268 0.268 0.2725 0.2725 0.265 0.265 0.248 0.248 0.248 0.251 0.251 0.257 0.257 0.269 0.269 0.2645 0.2645 0.2645 0.2575 0.2575 0.248 0.248 0.248 0.248 0.248 0.256 0.256 0.259 0.259 0.241 0.241 0.241 0.226 0.226 0.235 0.235 0.248
