ndvi/NOAA-235.asc
ncols         252
nrows         154
xllcorner     -18.017974
yllcorner     13.481982
cellsize      0.035948
NODATA_value  -9999
[rows 102 to 135 of 154, columns 78 to 155 of 252]
0.285 0.2785 0.2785 0.2805 0.2805 0.319 0.319 0.319 0.312 0.312 0.317 0.317 0.3085 0.3085 0.331 0.331 0.331 0.323 0.323 0.3045 0.3045 0.3575 0.3575 0.3575 0.373 0.373 0.33 0.33 0.3185 0.3185 0.3185 0.3365 0.3365 0.412 0.412 0.379 0.379 0.379 0.3805 0.3805 0.3755 0.3755 0.331 0.331 0.331 0.3125 0.3125 0.311 0.311 0.369 0.369 0.395 0.395 0.395 0.4075 0.4075 0.411 0.411 0.435 0.435 0.435 0.3585 0.3585 0.349 0.349 0.303 0.303 0.303 0.3085 0.3085 0.291 0.291 0.3145 0.3145 0.3145 0.307 0.307 0.276
0.2515 0.284 0.284 0.3135 0.3135 0.2895 0.2895 0.2895 0.3085 0.3085 0.299 0.299 0.3275 0.3275 0.321 0.321 0.321 0.3485 0.3485 0.3575 0.3575 0.341 0.341 0.341 0.3535 0.3535 0.356 0.356 0.314 0.314 0.314 0.392 0.392 0.3755 0.3755 0.3415 0.3415 0.3415 0.3415 0.3415 0.361 0.361 0.3285 0.3285 0.3285 0.3225 0.3225 0.357 0.357 0.3665 0.3665 0.3915 0.3915 0.3915 0.421 0.421 0.441 0.441 0.412 0.412 0.412 0.3855 0.3855 0.391 0.391 0.3225 0.3225 0.3225 0.311 0.311 0.3655 0.3655 0.3255 0.3255 0.3255 0.2895 0.2895 0.274
0.2515 0.284 0.284 0.3135 0.3135 0.2895 0.2895 0.2895 0.3085 0.3085 0.299 0.299 0.3275 0.3275 0.321 0.321 0.321 0.3485 0.3485 0.3575 0.3575 0.341 0.341 0.341 0.3535 0.3535 0.356 0.356 0.314 0.314 0.314 0.392 0.392 0.3755 0.3755 0.3415 0.3415 0.3415 0.3415 0.3415 0.361 0.361 0.3285 0.3285 0.3285 0.3225 0.3225 0.357 0.357 0.3665 0.3665 0.3915 0.3915 0.3915 0.421 0.421 0.441 0.441 0.412 0.412 0.412 0.3855 0.3855 0.391 0.391 0.3225 0.3225 0.3225 0.311 0.311 0.3655 0.3655 0.3255 0.3255 0.3255 0.2895 0.2895 0.274
0.2515 0.284 0.284 0.3135 0.3135 0.2895 0.2895 0.2895 0.3085 0.3085 0.299 0.299 0.3275 0.3275 0.321 0.321 0.321 0.3485 0.3485 0.3575 0.3575 0.341 0.341 0.341 0.3535 0.3535 0.356 0.356 0.314 0.314 0.314 0.392 0.392 0.3755 0.3755 0.3415 0.3415 0.3415 0.3415 0.3415 0.361 0.361 0.3285 0.3285 0.3285 0.3225 0.3225 0.357 0.357 0.3665 0.3665 0.3915 0.3915 0.3915 0.421 0.421 0.441 0.441 0.412 0.412 0.412 0.3855 0.3855 0.391 0.391 0.3225 0.3225 0.3225 0.311 0.311 0.3655 0.3655 0.3255 0.3255 0.3255 0.2895 0.2895 0.274
0.2625 0.272 0.272 0.2875 0.2875 0.319 0.319 0.319 0.3255 0.3255 0.3095 0.3095 0.329 0.329 0.362 0.362 0.362 0.351 0.351 0.3675 0.3675 0.352 0.352 0.352 0.329 0.329 0.333 0.333 0.3745 0.3745 0.3745 0.373 0.373 0.386 0.386 0.34 0.34 0.34 0.3305 0.3305 0.3785 0.3785 0.3895 0.3895 0.3895 0.325 0.325 0.3435 0.3435 0.341 0.341 0.371 0.371 0.371 0.425 0.425 0.4055 0.4055 0.3595 0.3595 0.3595 0.3625 0.3625 0.376 0.376 0.3405 0.3405 0.3405 0.32 0.32 0.3045 0.3045 0.3195 0.3195 0.3195 0.349 0.349 0.345
0.2625 0.272 0.272 0.2875 0.2875 0.319 0.319 0.319 0.3255 0.3255 0.3095 0.3095 0.329 0.329 0.362 0.362 0.362 0.351 0.351 0.3675 0.3675 0.352 0.352 0.352 0.329 0.329 0.333 0.333 0.3745 0.3745 0.3745 0.373 0.373 0.386 0.386 0.34 0.34 0.34 0.3305 0.3305 0.3785 0.3785 0.3895 0.3895 0.3895 0.325 0.325 0.3435 0.3435 0.341 0.341 0.371 0.371 0.371 0.425 0.425 0.4055 0.4055 0.3595 0.3595 0.3595 0.3625 0.3625 0.376 0.376 0.3405 0.3405 0.3405 0.32 0.32 0.3045 0.3045 0.3195 0.3195 0.3195 0.349 0.349 0.345
0.313 0.2895 0.2895 0.29 0.29 0.2965 0.2965 0.2965 0.3305 0.3305 0.334 0.334 0.361 0.361 0.396 0.396 0.396 0.3855 0.3855 0.337 0.337 0.3635 0.3635 0.3635 0.371 0.371 0.3265 0.3265 0.3775 0.3775 0.3775 0.3675 0.3675 0.4175 0.4175 0.349 0.349 0.349 0.323 0.323 0.388 0.388 0.3495 0.3495 0.3495 0.3385 0.3385 0.3305 0.3305 0.353 0.353 0.3845 0.3845 0.3845 0.3195 0.3195 0.36 0.36 0.343 0.343 0.343 0.3825 0.3825 0.385 0.385 0.3715 0.3715 0.3715 0.328 0.328 0.334 0.334 0.3155 0.3155 0.3155 0.3115 0.3115 0.311
0.313 0.2895 0.2895 0.29 0.29 0.2965 0.2965 0.2965 0.3305 0.3305 0.334 0.334 0.361 0.361 0.396 0.396 0.396 0.3855 0.3855 0.337 0.337 0.3635 0.3635 0.3635 0.371 0.371 0.3265 0.3265 0.3775 0.3775 0.3775 0.3675 0.3675 0.4175 0.4175 0.349 0.349 0.349 0.323 0.323 0.388 0.388 0.3495 0.3495 0.3495 0.3385 0.3385 0.3305 0.3305 0.353 0.353 0.3845 0.3845 0.3845 0.3195 0.3195 0.36 0.36 0.343 0.343 0.343 0.3825 0.3825 0.385 0.385 0.3715 0.3715 0.3715 0.328 0.328 0.334 0.334 0.3155 0.3155 0.3155 0.3115 0.3115 0.311
0.3265 0.308 0.308 0.2935 0.2935 0.2965 0.2965 0.2965 0.3245 0.3245 0.397 0.397 0.448 0.448 0.439 0.439 0.439 0.403 0.403 0.405 0.405 0.3605 0.3605 0.3605 0.371 0.371 0.3915 0.3915 0.4255 0.4255 0.4255 0.4355 0.4355 0.419 0.419 0.4065 0.4065 0.4065 0.3835 0.3835 0.3765 0.3765 0.3975 0.3975 0.3975 0.3855 0.3855 0.448 0.448 0.4275 0.4275 0.4005 0.4005 0.4005 0.425 0.425 0.3685 0.3685 0.35 0.35 0.35 0.363 0.363 0.353 0.353 0.405 0.405 0.405 0.395 0.395 0.388 0.388 0.302 0.302 0.302 0.235 0.235 0.3185
0.3265 0.308 0.308 0.2935 0.2935 0.2965 0.2965 0.2965 0.3245 0.3245 0.397 0.397 0.448 0.448 0.439 0.439 0.439 0.403 0.403 0.405 0.405 0.3605 0.3605 0.3605 0.371 0.371 0.3915 0.3915 0.4255 0.4255 0.4255 0.4355 0.4355 0.419 0.419 0.4065 0.4065 0.4065 0.3835 0.3835 0.3765 0.3765 0.3975 0.3975 0.3975 0.3855 0.3855 0.448 0.448 0.4275 0.4275 0.4005 0.4005 0.4005 0.425 0.425 0.3685 0.3685 0.35 0.35 0.35 0.363 0.363 0.353 0.353 0.405 0.405 0.405 0.395 0.395 0.388 0.388 0.302 0.302 0.302 0.235 0.235 0.3185
0.3265 0.308 0.308 0.2935 0.2935 0.2965 0.2965 0.2965 0.3245 0.3245 0.397 0.397 0.448 0.448 0.439 0.439 0.439 0.403 0.403 0.405 0.405 0.3605 0.3605 0.3605 0.371 0.371 0.3915 0.3915 0.4255 0.4255 0.4255 0.4355 0.4355 0.419 0.419 0.4065 0.4065 0.4065 0.3835 0.3835 0.3765 0.3765 0.3975 0.3975 0.3975 0.3855 0.3855 0.448 0.448 0.4275 0.4275 0.4005 0.4005 0.4005 0.425 0.425 0.3685 0.3685 0.35 0.35 0.35 0.363 0.363 0.353 0.353 0.405 0.405 0.405 0.395 0.395 0.388 0.388 0.302 0.302 0.302 0.235 0.235 0.3185
0.4185 0.436 0.436 0.359 0.359 0.38 0.38 0.38 0.3685 0.3685 0.411 0.411 0.4405 0.4405 0.3685 0.3685 0.3685 0.376 0.376 0.4165 0.4165 0.381 0.381 0.381 0.3875 0.3875 0.408 0.408 0.4565 0.4565 0.4565 0.438 0.438 0.451 0.451 0.4255 0.4255 0.4255 0.4 0.4 0.39 0.39 0.3675 0.3675 0.3675 0.427 0.427 0.4855 0.4855 0.389 0.389 0.392 0.392 0.392 0.393 0.393 0.3355 0.3355 0.332 0.332 0.332 0.3495 0.3495 0.358 0.358 0.3825 0.3825 0.3825 0.373 0.373 0.368 0.368 0.3405 0.3405 0.3405 0.3105 0.3105 0.369
0.4185 0.436 0.436 0.359 0.359 0.38 0.38 0.38 0.3685 0.3685 0.411 0.411 0.4405 0.4405 0.3685 0.3685 0.3685 0.376 0.376 0.4165 0.4165 0.381 0.381 0.381 0.3875 0.3875 0.408 0.408 0.4565 0.4565 0.4565 0.438 0.438 0.451 0.451 0.4255 0.4255 0.4255 0.4 0.4 0.39 0.39 0.3675 0.3675 0.3675 0.427 0.427 0.4855 0.4855 0.389 0.389 0.392 0.392 0.392 0.393 0.393 0.3355 0.3355 0.332 0.332 0.332 0.3495 0.3495 0.358 0.358 0.3825 0.3825 0.3825 0.373 0.373 0.368 0.368 0.3405 0.3405 0.3405 0.3105 0.3105 0.369
0.457 0.4485 0.4485 0.399 0.399 0.361 0.361 0.361 0.362 0.362 0.417 0.417 0.4505 0.4505 0.4175 0.4175 0.4175 0.413 0.413 0.411 0.411 0.386 0.386 0.386 0.419 0.419 0.412 0.412 0.3825 0.3825 0.3825 0.4085 0.4085 0.3805 0.3805 0.3875 0.3875 0.3875 0.4165 0.4165 0.394 0.394 0.401 0.401 0.401 0.4615 0.4615 0.4035 0.4035 0.4105 0.4105 0.38 0.38 0.38 0.372 0.372 0.3615 0.3615 0.347 0.347 0.347 0.3465 0.3465 0.4065 0.4065 0.417 0.417 0.417 0.375 0.375 0.392 0.392 0.4065 0.4065 0.4065 0.352 0.352 0.395
0.457 0.4485 0.4485 0.399 0.399 0.361 0.361 0.361 0.362 0.362 0.417 0.417 0.4505 0.4505 0.4175 0.4175 0.4175 0.413 0.413 0.411 0.411 0.386 0.386 0.386 0.419 0.419 0.412 0.412 0.3825 0.3825 0.3825 0.4085 0.4085 0.3805 0.3805 0.3875 0.3875 0.3875 0.4165 0.4165 0.394 0.394 0.401 0.401 0.401 0.4615 0.4615 0.4035 0.4035 0.4105 0.4105 0.38 0.38 0.38 0.372 0.372 0.3615 0.3615 0.347 0.347 0.347 0.3465 0.3465 0.4065 0.4065 0.417 0.417 0.417 0.375 0.375 0.392 0.392 0.4065 0.4065 0.4065 0.352 0.352 0.395
0.4335 0.4225 0.4225 0.3815 0.3815 0.3535 0.3535 0.3535 0.3805 0.3805 0.3895 0.3895 0.4355 0.4355 0.419 0.419 0.419 0.4255 0.4255 0.431 0.431 0.395 0.395 0.395 0.4205 0.4205 0.412 0.412 0.4145 0.4145 0.4145 0.3815 0.3815 0.414 0.414 0.3955 0.3955 0.3955 0.3725 0.3725 0.3865 0.3865 0.4685 0.4685 0.4685 0.449 0.449 0.4575 0.4575 0.482 0.482 0.4465 0.4465 0.4465 0.3955 0.3955 0.3485 0.3485 0.3735 0.3735 0.3735 0.343 0.343 0.3375 0.3375 0.354 0.354 0.354 0.388 0.388 0.425 0.425 0.4475 0.4475 0.4475 0.409 0.409 0.4725
0.4335 0.4225 0.4225 0.3815 0.3815 0.3535 0.3535 0.3535 0.3805 0.3805 0.3895 0.3895 0.4355 0.4355 0.419 0.419 0.419 0.4255 0.4255 0.431 0.431 0.395 0.395 0.395 0.4205 0.4205 0.412 0.412 0.4145 0.4145 0.4145 0.3815 0.3815 0.414 0.414 0.3955 0.3955 0.3955 0.3725 0.3725 0.3865 0.3865 0.4685 0.4685 0.4685 0.449 0.449 0.4575 0.4575 0.482 0.482 0.4465 0.4465 0.4465 0.3955 0.3955 0.3485 0.3485 0.3735 0.3735 0.3735 0.343 0.343 0.3375 0.3375 0.354 0.354 0.354 0.388 0.388 0.425 0.425 0.4475 0.4475 0.4475 0.409 0.409 0.4725
0.4335 0.4225 0.4225 0.3815 0.3815 0.3535 0.3535 0.3535 0.3805 0.3805 0.3895 0.3895 0.4355 0.4355 0.419 0.419 0.419 0.4255 0.4255 0.431 0.431 0.395 0.395 0.395 0.4205 0.4205 0.412 0.412 0.4145 0.4145 0.4145 0.3815 0.3815 0.414 0.414 0.3955 0.3955 0.3955 0.3725 0.3725 0.3865 0.3865 0.4685 0.4685 0.4685 0.449 0.449 0.4575 0.4575 0.482 0.482 0.4465 0.4465 0.4465 0.3955 0.3955 0.3485 0.3485 0.3735 0.3735 0.3735 0.343 0.343 0.3375 0.3375 0.354 0.354 0.354 0.388 0.388 0.425 0.425 0.4475 0.4475 0.4475 0.409 0.409 0.4725
0.357 0.3025 0.3025 0.3625 0.3625 0.358 0.358 0.358 0.3365 0.3365 0.3775 0.3775 0.397 0.397 0.3945 0.3945 0.3945 0.4185 0.4185 0.423 0.423 0.4495 0.4495 0.4495 0.447 0.447 0.409 0.409 0.444 0.444 0.444 0.4075 0.4075 0.433 0.433 0.404 0.404 0.404 0.4145 0.4145 0.461 0.461 0.4895 0.4895 0.4895 0.49 0.49 0.502 0.502 0.4805 0.4805 0.49 0.49 0.49 0.5125 0.5125 0.421 0.421 0.3985 0.3985 0.3985 0.3575 0.3575 0.3565 0.3565 0.388 0.388 0.388 0.4455 0.4455 0.4905 0.4905 0.4345 0.4345 0.4345 0.446 0.446 0.4055
0.357 0.3025 0.3025 0.3625 0.3625 0.358 0.358 0.358 0.3365 0.3365 0.3775 0.3775 0.397 0.397 0.3945 0.3945 0.3945 0.4185 0.4185 0.423 0.423 0.4495 0.4495 0.4495 0.447 0.447 0.409 0.409 0.444 0.444 0.444 0.4075 0.4075 0.433 0.433 0.404 0.404 0.404 0.4145 0.4145 0.461 0.461 0.4895 0.4895 0.4895 0.49 0.49 0.502 0.502 0.4805 0.4805 0.49 0.49 0.49 0.5125 0.5125 0.421 0.421 0.3985 0.3985 0.3985 0.3575 0.3575 0.3565 0.3565 0.388 0.388 0.388 0.4455 0.4455 0.4905 0.4905 0.4345 0.4345 0.4345 0.446 0.446 0.4055
0.288 0.36 0.36 0.3645 0.3645 0.387 0.387 0.387 0.3695 0.3695 0.347 0.347 0.348 0.348 0.388 0.388 0.388 0.3865 0.3865 0.399 0.399 0.4335 0.4335 0.4335 0.4475 0.4475 0.476 0.476 0.446 0.446 0.446 0.4215 0.4215 0.48 0.48 0.459 0.459 0.459 0.4735 0.4735 0.4645 0.4645 0.4575 0.4575 0.4575 0.446 0.446 0.4645 0.4645 0.5055 0.5055 0.5055 0.5055 0.5055 0.527 0.527 0.4545 0.4545 0.453 0.453 0.453 0.428 0.428 0.411 0.411 0.401 0.401 0.401 0.4075 0.4075 0.47 0.47 0.4435 0.4435 0.4435 0.4465 0.4465 0.431
0.288 0.36 0.36 0.3645 0.3645 0.387 0.387 0.387 0.3695 0.3695 0.347 0.347 0.348 0.348 0.388 0.388 0.388 0.3865 0.3865 0.399 0.399 0.4335 0.4335 0.4335 0.4475 0.4475 0.476 0.476 0.446 0.446 0.446 0.4215 0.4215 0.48 0.48 0.459 0.459 0.459 0.4735 0.4735 0.4645 0.4645 0.4575 0.4575 0.4575 0.446 0.446 0.4645 0.4645 0.5055 0.5055 0.5055 0.5055 0.5055 0.527 0.527 0.4545 0.4545 0.453 0.453 0.453 0.428 0.428 0.411 0.411 0.401 0.401 0.401 0.4075 0.4075 0.47 0.47 0.4435 0.4435 0.4435 0.4465 0.4465 0.431
0.3135 0.356 0.356 0.37 0.37 0.355 0.355 0.355 0.345 0.345 0.3685 0.3685 0.3475 0.3475 0.345 0.345 0.345 0.3885 0.3885 0.401 0.401 0.431 0.431 0.431 0.4705 0.4705 0.471 0.471 0.4545 0.4545 0.4545 0.4435 0.4435 0.5085 0.5085 0.541 0.541 0.541 0.5465 0.5465 0.489 0.489 0.5075 0.5075 0.5075 0.465 0.465 0.541 0.541 0.533 0.533 0.53 0.53 0.53 0.5355 0.5355 0.4755 0.4755 0.4805 0.4805 0.4805 0.416 0.416 0.4285 0.4285 0.4135 0.4135 0.4135 0.4525 0.4525 0.462 0.462 0.4555 0.4555 0.4555 0.4615 0.4615 0.5
0.3135 0.356 0.356 0.37 0.37 0.355 0.355 0.355 0.345 0.345 0.3685 0.3685 0.3475 0.3475 0.345 0.345 0.345 0.3885 0.3885 0.401 0.401 0.431 0.431 0.431 0.4705 0.4705 0.471 0.471 0.4545 0.4545 0.4545 0.4435 0.4435 0.5085 0.5085 0.541 0.541 0.541 0.5465 0.5465 0.489 0.489 0.5075 0.5075 0.5075 0.465 0.465 0.541 0.541 0.533 0.533 0.53 0.53 0.53 0.5355 0.5355 0.4755 0.4755 0.4805 0.4805 0.4805 0.416 0.416 0.4285 0.4285 0.4135 0.4135 0.4135 0.4525 0.4525 0.462 0.462 0.4555 0.4555 0.4555 0.4615 0.4615 0.5
0.3575 0.333 0.333 0.3625 0.3625 0.356 0.356 0.356 0.358 0.358 0.3525 0.3525 0.3665 0.3665 0.355 0.355 0.355 0.3965 0.3965 0.45 0.45 0.457 0.457 0.457 0.448 0.448 0.5055 0.5055 0.514 0.514 0.514 0.523 0.523 0.518 0.518 0.535 0.535 0.535 0.5215 0.5215 0.4915 0.4915 0.46 0.46 0.46 0.503 0.503 0.514 0.514 0.5615 0.5615 0.5635 0.5635 0.5635 0.4395 0.4395 0.451 0.451 0.4125 0.4125 0.4125 0.478 0.478 0.436 0.436 0.434 0.434 0.434 0.4135 0.4135 0.4065 0.4065 0.4645 0.4645 0.4645 0.466 0.466 0.506
0.3575 0.333 0.333 0.3625 0.3625 0.356 0.356 0.356 0.358 0.358 0.3525 0.3525 0.3665 0.3665 0.355 0.355 0.355 0.3965 0.3965 0.45 0.45 0.457 0.457 0.457 0.448 0.448 0.5055 0.5055 0.514 0.514 0.514 0.523 0.523 0.518 0.518 0.535 0.535 0.535 0.5215 0.5215 0.4915 0.4915 0.46 0.46 0.46 0.503 0.503 0.514 0.514 0.5615 0.5615 0.5635 0.5635 0.5635 0.4395 0.4395 0.451 0.451 0.4125 0.4125 0.4125 0.478 0.478 0.436 0.436 0.434 0.434 0.434 0.4135 0.4135 0.4065 0.4065 0.4645 0.4645 0.4645 0.466 0.466 0.506
0.3575 0.333 0.333 0.3625 0.3625 0.356 0.356 0.356 0.358 0.358 0.3525 0.3525 0.3665 0.3665 0.355 0.355 0.355 0.3965 0.3965 0.45 0.45 0.457 0.457 0.457 0.448 0.448 0.5055 0.5055 0.514 0.514 0.514 0.523 0.523 0.518 0.518 0.535 0.535 0.535 0.5215 0.5215 0.4915 0.4915 0.46 0.46 0.46 0.503 0.503 0.514 0.514 0.5615 0.5615 0.5635 0.5635 0.5635 0.4395 0.4395 0.451 0.451 0.4125 0.4125 0.4125 0.478 0.478 0.436 0.436 0.434 0.434 0.434 0.4135 0.4135 0.4065 0.4065 0.4645 0.4645 0.4645 0.466 0.466 0.506
0.3545 0.3825 0.3825 0.3455 0.3455 0.3575 0.3575 0.3575 0.333 0.333 0.325 0.325 0.359 0.359 0.3705 0.3705 0.3705 0.385 0.385 0.4565 0.4565 0.465 0.465 0.465 0.474 0.474 0.49 0.49 0.516 0.516 0.516 0.528 0.528 0.5385 0.5385 0.5215 0.5215 0.5215 0.5425 0.5425 0.521 0.521 0.4995 0.4995 0.4995 0.5405 0.5405 0.512 0.512 0.603 0.603 0.618 0.618 0.618 0.4095 0.4095 0.4135 0.4135 0.4525 0.4525 0.4525 0.498 0.498 0.4705 0.4705 0.467 0.467 0.467 0.4925 0.4925 0.462 0.462 0.4725 0.4725 0.4725 0.4585 0.4585 0.514
0.3545 0.3825 0.3825 0.3455 0.3455 0.3575 0.3575 0.3575 0.333 0.333 0.325 0.325 0.359 0.359 0.3705 0.3705 0.3705 0.385 0.385 0.4565 0.4565 0.465 0.465 0.465 0.474 0.474 0.49 0.49 0.516 0.516 0.516 0.528 0.528 0.5385 0.5385 0.5215 0.5215 0.5215 0.5425 0.5425 0.521 0.521 0.4995 0.4995 0.4995 0.5405 0.5405 0.512 0.512 0.603 0.603 0.618 0.618 0.618 0.4095 0.4095 0.4135 0.4135 0.4525 0.4525 0.4525 0.498 0.498 0.4705 0.4705 0.467 0.467 0.467 0.4925 0.4925 0.462 0.462 0.4725 0.4725 0.4725 0.4585 0.4585 0.514
0.4015 0.415 0.415 0.3525 0.3525 0.4035 0.4035 0.4035 0.3965 0.3965 0.382 0.382 0.391 0.391 0.4005 0.4005 0.4005 0.408 0.408 0.4715 0.4715 0.5025 0.5025 0.5025 0.478 0.478 0.48 0.48 0.516 0.516 0.516 0.5175 0.5175 0.5565 0.5565 0.534 0.534 0.534 0.579 0.579 0.539 0.539 0.5675 0.5675 0.5675 0.563 0.563 0.5835 0.5835 0.5695 0.5695 0.5745 0.5745 0.5745 0.492 0.492 0.511 0.511 0.5385 0.5385 0.5385 0.541 0.541 0.469 0.469 0.4765 0.4765 0.4765 0.542 0.542 0.5775 0.5775 0.559 0.559 0.559 0.5495 0.5495 0.4945
0.4015 0.415 0.415 0.3525 0.3525 0.4035 0.4035 0.4035 0.3965 0.3965 0.382 0.382 0.391 0.391 0.4005 0.4005 0.4005 0.408 0.408 0.4715 0.4715 0.5025 0.5025 0.5025 0.478 0.478 0.48 0.48 0.516 0.516 0.516 0.5175 0.5175 0.5565 0.5565 0.534 0.534 0.534 0.579 0.579 0.539 0.539 0.5675 0.5675 0.5675 0.563 0.563 0.5835 0.5835 0.5695 0.5695 0.5745 0.5745 0.5745 0.492 0.492 0.511 0.511 0.5385 0.5385 0.5385 0.541 0.541 0.469 0.469 0.4765 0.4765 0.4765 0.542 0.542 0.5775 0.5775 0.559 0.559 0.559 0.5495 0.5495 0.4945
0.428 0.441 0.441 0.442 0.442 0.4055 0.4055 0.4055 0.414 0.414 0.39 0.39 0.4075 0.4075 0.409 0.409 0.409 0.4235 0.4235 0.444 0.444 0.483 0.483 0.483 0.479 0.479 0.493 0.493 0.509 0.509 0.509 0.5265 0.5265 0.551 0.551 0.6005 0.6005 0.6005 0.5965 0.5965 0.614 0.614 0.6185 0.6185 0.6185 0.5995 0.5995 0.5875 0.5875 0.5425 0.5425 0.5855 0.5855 0.5855 0.585 0.585 0.65 0.65 0.6455 0.6455 0.6455 0.5825 0.5825 0.526 0.526 0.5735 0.5735 0.5735 0.5650001 0.5650001 0.547 0.547 0.515 0.515 0.515 0.525 0.525 0.5615
0.428 0.441 0.441 0.442 0.442 0.4055 0.4055 0.4055 0.414 0.414 0.39 0.39 0.4075 0.4075 0.409 0.409 0.409 0.4235 0.4235 0.444 0.444 0.483 0.483 0.483 0.479 0.479 0.493 0.493 0.509 0.509 0.509 0.5265 0.5265 0.551 0.551 0.6005 0.6005 0.6005 0.5965 0.5965 0.614 0.614 0.6185 0.6185 0.6185 0.5995 0.5995 0.5875 0.5875 0.5425 0.5425 0.5855 0.5855 0.5855 0.585 0.585 0.65 0.65 0.6455 0.6455 0.6455 0.5825 0.5825 0.526 0.526 0.5735 0.5735 0.5735 0.5650001 0.5650001 0.547 0.547 0.515 0.515 0.515 0.525 0.525 0.5615
0.428 0.441 0.441 0.442 0.442 0.4055 0.4055 0.4055 0.414 0.414 0.39 0.39 0.4075 0.4075 0.409 0.409 0.409 0.4235 0.4235 0.444 0.444 0.483 0.483 0.483 0.479 0.479 0.493 0.493 0.509 0.509 0.509 0.5265 0.5265 0.551 0.551 0.6005 0.6005 0.6005 0.5965 0.5965 0.614 0.614 0.6185 0.6185 0.6185 0.5995 0.5995 0.5875 0.5875 0.5425 0.5425 0.5855 0.5855 0.5855 0.585 0.585 0.65 0.65 0.6455 0.6455 0.6455 0.5825 0.5825 0.526 0.526 0.5735 0.5735 0.5735 0.5650001 0.5650001 0.547 0.547 0.515 0.515 0.515 0.525 0.525 0.5615
