ndvi/NOAA-26.asc
ncols         252
nrows         154
xllcorner     -18.017974
yllcorner     13.481982
cellsize      0.035948
NODATA_value  -9999
[rows 0 to 33 of 154, columns 156 to 233 of 252]
0.1045 0.1145 0.1145 0.1145 0.1215 0.1215 0.12 0.12 0.1215 0.1215 0.1165 0.1165 0.1165 0.122 0.122 0.128 0.128 0.116 0.116 0.116 0.1185 0.1185 0.12 0.12 0.1185 0.1185 0.1185 0.12 0.12 0.1205 0.1205 0.122 0.122 0.122 0.12 0.12 0.1135 0.1135 0.1095 0.1095 0.1095 0.1215 0.1215 0.1215 0.1215 0.1215 0.1215 0.1235 0.1235 0.1235 0.1245 0.1245 0.1225 0.1225 0.1235 0.1235 0.1235 0.127 0.127 0.12 0.12 0.116 0.116 0.116 0.114 0.114 0.1125 0.1125 0.1085 0.1085 0.1085 0.109 0.109 0.1055 0.1055 0.1055 0.1055 0.1055
0.1045 0.1145 0.1145 0.1145 0.1215 0.1215 0.12 0.12 0.1215 0.1215 0.1165 0.1165 0.1165 0.122 0.122 0.128 0.128 0.116 0.116 0.116 0.1185 0.1185 0.12 0.12 0.1185 0.1185 0.1185 0.12 0.12 0.1205 0.1205 0.122 0.122 0.122 0.12 0.12 0.1135 0.1135 0.1095 0.1095 0.1095 0.1215 0.1215 0.1215 0.1215 0.1215 0.1215 0.1235 0.1235 0.1235 0.1245 0.1245 0.1225 0.1225 0.1235 0.1235 0.1235 0.127 0.127 0.12 0.12 0.116 0.116 0.116 0.114 0.114 0.1125 0.1125 0.1085 0.1085 0.1085 0.109 0.109 0.1055 0.1055 0.1055 0.1055 0.1055
0.1175 0.121 0.121 0.121 0.1235 0.1235 0.124 0.124 0.119 0.119 0.1225 0.1225 0.1225 0.121 0.121 0.119 0.119 0.121 0.121 0.121 0.119 0.119 0.122 0.122 0.124 0.124 0.124 0.1215 0.1215 0.1205 0.1205 0.126 0.126 0.126 0.1295 0.1295 0.1345 0.1345 0.1305 0.1305 0.1305 0.139 0.139 0.136 0.136 0.1285 0.1285 0.134 0.134 0.134 0.1315 0.1315 0.129 0.129 0.128 0.128 0.128 0.133 0.133 0.1215 0.1215 0.1145 0.1145 0.1145 0.1195 0.1195 0.112 0.112 0.113 0.113 0.113 0.1115 0.1115 0.107 0.107 0.105 0.105 0.105
0.1175 0.121 0.121 0.121 0.1235 0.1235 0.124 0.124 0.119 0.119 0.1225 0.1225 0.1225 0.121 0.121 0.119 0.119 0.121 0.121 0.121 0.119 0.119 0.122 0.122 0.124 0.124 0.124 0.1215 0.1215 0.1205 0.1205 0.126 0.126 0.126 0.1295 0.1295 0.1345 0.1345 0.1305 0.1305 0.1305 0.139 0.139 0.136 0.136 0.1285 0.1285 0.134 0.134 0.134 0.1315 0.1315 0.129 0.129 0.128 0.128 0.128 0.133 0.133 0.1215 0.1215 0.1145 0.1145 0.1145 0.1195 0.1195 0.112 0.112 0.113 0.113 0.113 0.1115 0.1115 0.107 0.107 0.105 0.105 0.105
0.1175 0.121 0.121 0.121 0.1235 0.1235 0.124 0.124 0.119 0.119 0.1225 0.1225 0.1225 0.121 0.121 0.119 0.119 0.121 0.121 0.121 0.119 0.119 0.122 0.122 0.124 0.124 0.124 0.1215 0.1215 0.1205 0.1205 0.126 0.126 0.126 0.1295 0.1295 0.1345 0.1345 0.1305 0.1305 0.1305 0.139 0.139 0.136 0.136 0.1285 0.1285 0.134 0.134 0.134 0.1315 0.1315 0.129 0.129 0.128 0.128 0.128 0.133 0.133 0.1215 0.1215 0.1145 0.1145 0.1145 0.1195 0.1195 0.112 0.112 0.113 0.113 0.113 0.1115 0.1115 0.107 0.107 0.105 0.105 0.105
0.119 0.1205 0.1205 0.1205 0.1205 0.1205 0.1195 0.1195 0.1235 0.1235 0.1255 0.1255 0.1255 0.1245 0.1245 0.1245 0.1245 0.126 0.126 0.126 0.1295 0.1295 0.1305 0.1305 0.1295 0.1295 0.1295 0.1325 0.1325 0.139 0.139 0.134 0.134 0.134 0.1335 0.1335 0.1265 0.1265 0.135 0.135 0.135 0.132 0.132 0.1325 0.1325 0.134 0.134 0.134 0.134 0.134 0.1315 0.1315 0.127 0.127 0.1285 0.1285 0.1285 0.127 0.127 0.122 0.122 0.122 0.122 0.122 0.1165 0.1165 0.1185 0.1185 0.1155 0.1155 0.1155 0.1145 0.1145 0.1125 0.1125 0.1125 0.1125 0.1125
0.119 0.1205 0.1205 0.1205 0.1205 0.1205 0.1195 0.1195 0.1235 0.1235 0.1255 0.1255 0.1255 0.1245 0.1245 0.1245 0.1245 0.126 0.126 0.126 0.1295 0.1295 0.1305 0.1305 0.1295 0.1295 0.1295 0.1325 0.1325 0.139 0.139 0.134 0.134 0.134 0.1335 0.1335 0.1265 0.1265 0.135 0.135 0.135 0.132 0.132 0.1325 0.1325 0.134 0.134 0.134 0.134 0.134 0.1315 0.1315 0.127 0.127 0.1285 0.1285 0.1285 0.127 0.127 0.122 0.122 0.122 0.122 0.122 0.1165 0.1165 0.1185 0.1185 0.1155 0.1155 0.1155 0.1145 0.1145 0.1125 0.1125 0.1125 0.1125 0.1125
0.119 0.1225 0.1225 0.1225 0.1245 0.1245 0.128 0.128 0.1245 0.1245 0.1225 0.1225 0.1225 0.123 0.123 0.128 0.128 0.127 0.127 0.127 0.128 0.128 0.1255 0.1255 0.1295 0.1295 0.1295 0.124 0.124 0.13 0.13 0.1255 0.1255 0.1255 0.126 0.126 0.1255 0.1255 0.127 0.127 0.127 0.125 0.125 0.1265 0.1265 0.1295 0.1295 0.133 0.133 0.133 0.1335 0.1335 0.1345 0.1345 0.125 0.125 0.125 0.128 0.128 0.128 0.128 0.126 0.126 0.126 0.121 0.121 0.1145 0.1145 0.117 0.117 0.117 0.115 0.115 0.1175 0.1175 0.1165 0.1165 0.1165
0.119 0.1225 0.1225 0.1225 0.1245 0.1245 0.128 0.128 0.1245 0.1245 0.1225 0.1225 0.1225 0.123 0.123 0.128 0.128 0.127 0.127 0.127 0.128 0.128 0.1255 0.1255 0.1295 0.1295 0.1295 0.124 0.124 0.13 0.13 0.1255 0.1255 0.1255 0.126 0.126 0.1255 0.1255 0.127 0.127 0.127 0.125 0.125 0.1265 0.1265 0.1295 0.1295 0.133 0.133 0.133 0.1335 0.1335 0.1345 0.1345 0.125 0.125 0.125 0.128 0.128 0.128 0.128 0.126 0.126 0.126 0.121 0.121 0.1145 0.1145 0.117 0.117 0.117 0.115 0.115 0.1175 0.1175 0.1165 0.1165 0.1165
0.132 0.127 0.127 0.127 0.121 0.121 0.121 0.121 0.123 0.123 0.1265 0.1265 0.1265 0.1285 0.1285 0.1315 0.1315 0.137 0.137 0.137 0.127 0.127 0.1305 0.1305 0.126 0.126 0.126 0.123 0.123 0.117 0.117 0.119 0.119 0.119 0.12 0.12 0.115 0.115 0.117 0.117 0.117 0.1135 0.1135 0.1175 0.1175 0.1365 0.1365 0.136 0.136 0.136 0.133 0.133 0.129 0.129 0.133 0.133 0.133 0.1235 0.1235 0.1235 0.1235 0.1205 0.1205 0.1205 0.121 0.121 0.1165 0.1165 0.12 0.12 0.12 0.118 0.118 0.1155 0.1155 0.1165 0.1165 0.1165
0.132 0.127 0.127 0.127 0.121 0.121 0.121 0.121 0.123 0.123 0.1265 0.1265 0.1265 0.1285 0.1285 0.1315 0.1315 0.137 0.137 0.137 0.127 0.127 0.1305 0.1305 0.126 0.126 0.126 0.123 0.123 0.117 0.117 0.119 0.119 0.119 0.12 0.12 0.115 0.115 0.117 0.117 0.117 0.1135 0.1135 0.1175 0.1175 0.1365 0.1365 0.136 0.136 0.136 0.133 0.133 0.129 0.129 0.133 0.133 0.133 0.1235 0.1235 0.1235 0.1235 0.1205 0.1205 0.1205 0.121 0.121 0.1165 0.1165 0.12 0.12 0.12 0.118 0.118 0.1155 0.1155 0.1165 0.1165 0.1165
0.1235 0.1185 0.1185 0.1185 0.1145 0.1145 0.119 0.119 0.1235 0.1235 0.124 0.124 0.124 0.1295 0.1295 0.1325 0.1325 0.126 0.126 0.126 0.1235 0.1235 0.1275 0.1275 0.127 0.127 0.127 0.1255 0.1255 0.122 0.122 0.1155 0.1155 0.1155 0.117 0.117 0.1135 0.1135 0.116 0.116 0.116 0.1245 0.1245 0.1285 0.1285 0.1385 0.1385 0.1295 0.1295 0.1295 0.1315 0.1315 0.1175 0.1175 0.1185 0.1185 0.1185 0.1175 0.1175 0.1155 0.1155 0.104 0.104 0.104 0.101 0.101 0.1085 0.1085 0.1065 0.1065 0.1065 0.1125 0.1125 0.1175 0.1175 0.1125 0.1125 0.1125
0.1235 0.1185 0.1185 0.1185 0.1145 0.1145 0.119 0.119 0.1235 0.1235 0.124 0.124 0.124 0.1295 0.1295 0.1325 0.1325 0.126 0.126 0.126 0.1235 0.1235 0.1275 0.1275 0.127 0.127 0.127 0.1255 0.1255 0.122 0.122 0.1155 0.1155 0.1155 0.117 0.117 0.1135 0.1135 0.116 0.116 0.116 0.1245 0.1245 0.1285 0.1285 0.1385 0.1385 0.1295 0.1295 0.1295 0.1315 0.1315 0.1175 0.1175 0.1185 0.1185 0.1185 0.1175 0.1175 0.1155 0.1155 0.104 0.104 0.104 0.101 0.101 0.1085 0.1085 0.1065 0.1065 0.1065 0.1125 0.1125 0.1175 0.1175 0.1125 0.1125 0.1125
0.1235 0.1185 0.1185 0.1185 0.1145 0.1145 0.119 0.119 0.1235 0.1235 0.124 0.124 0.124 0.1295 0.1295 0.1325 0.1325 0.126 0.126 0.126 0.1235 0.1235 0.1275 0.1275 0.127 0.127 0.127 0.1255 0.1255 0.122 0.122 0.1155 0.1155 0.1155 0.117 0.117 0.1135 0.1135 0.116 0.116 0.116 0.1245 0.1245 0.1285 0.1285 0.1385 0.1385 0.1295 0.1295 0.1295 0.1315 0.1315 0.1175 0.1175 0.1185 0.1185 0.1185 0.1175 0.1175 0.1155 0.1155 0.104 0.104 0.104 0.101 0.101 0.1085 0.1085 0.1065 0.1065 0.1065 0.1125 0.1125 0.1175 0.1175 0.1125 0.1125 0.1125
0.1245 0.1365 0.1365 0.1365 0.1255 0.1255 0.1335 0.1335 0.122 0.122 0.1325 0.1325 0.1325 0.138 0.138 0.127 0.127 0.139 0.139 0.139 0.1275 0.1275 0.122 0.122 0.1185 0.1185 0.1185 0.1255 0.1255 0.1275 0.1275 0.124 0.124 0.124 0.1195 0.1195 0.124 0.124 0.1175 0.1175 0.1175 0.128 0.128 0.1265 0.1265 0.116 0.116 0.0985 0.0985 0.0985 0.1035 0.1035 0.127 0.127 0.13 0.13 0.13 0.1185 0.1185 0.107 0.107 0.1085 0.1085 0.1085 0.105 0.105 0.104 0.104 0.1085 0.1085 0.1085 0.1105 0.1105 0.1175 0.1175 0.123 0.123 0.123
0.1245 0.1365 0.1365 0.1365 0.1255 0.1255 0.1335 0.1335 0.122 0.122 0.1325 0.1325 0.1325 0.138 0.138 0.127 0.127 0.139 0.139 0.139 0.1275 0.1275 0.122 0.122 0.1185 0.1185 0.1185 0.1255 0.1255 0.1275 0.1275 0.124 0.124 0.124 0.1195 0.1195 0.124 0.124 0.1175 0.1175 0.1175 0.128 0.128 0.1265 0.1265 0.116 0.116 0.0985 0.0985 0.0985 0.1035 0.1035 0.127 0.127 0.13 0.13 0.13 0.1185 0.1185 0.107 0.107 0.1085 0.1085 0.1085 0.105 0.105 0.104 0.104 0.1085 0.1085 0.1085 0.1105 0.1105 0.1175 0.1175 0.123 0.123 0.123
0.1275 0.122 0.122 0.122 0.124 0.124 0.13 0.13 0.1395 0.1395 0.132 0.132 0.132 0.1335 0.1335 0.14 0.14 0.136 0.136 0.136 0.1345 0.1345 0.1375 0.1375 0.1305 0.1305 0.1305 0.1255 0.1255 0.1215 0.1215 0.1215 0.1215 0.1215 0.1165 0.1165 0.1105 0.1105 0.1035 0.1035 0.1035 0.09999999 0.09999999 0.1035 0.1035 0.09450001 0.09450001 0.074 0.074 0.074 0.093 0.093 0.105 0.105 0.1095 0.1095 0.1095 0.1165 0.1165 0.1155 0.1155 0.11 0.11 0.11 0.1115 0.1115 0.1085 0.1085 0.114 0.114 0.114 0.1155 0.1155 0.1185 0.1185 0.1235 0.1235 0.1235
0.1275 0.122 0.122 0.122 0.124 0.124 0.13 0.13 0.1395 0.1395 0.132 0.132 0.132 0.1335 0.1335 0.14 0.14 0.136 0.136 0.136 0.1345 0.1345 0.1375 0.1375 0.1305 0.1305 0.1305 0.1255 0.1255 0.1215 0.1215 0.1215 0.1215 0.1215 0.1165 0.1165 0.1105 0.1105 0.1035 0.1035 0.1035 0.09999999 0.09999999 0.1035 0.1035 0.09450001 0.09450001 0.074 0.074 0.074 0.093 0.093 0.105 0.105 0.1095 0.1095 0.1095 0.1165 0.1165 0.1155 0.1155 0.11 0.11 0.11 0.1115 0.1115 0.1085 0.1085 0.114 0.114 0.114 0.1155 0.1155 0.1185 0.1185 0.1235 0.1235 0.1235
0.1415 0.158 0.158 0.158 0.111 0.111 0.105 0.105 0.108 0.108 0.114 0.114 0.114 0.1135 0.1135 0.1165 0.1165 0.123 0.123 0.123 0.113 0.113 0.104 0.104 0.106 0.106 0.106 0.094 0.094 0.094 0.094 0.096 0.096 0.096 0.101 0.101 0.1145 0.1145 0.142 0.142 0.142 0.1325 0.1325 0.1335 0.1335 0.129 0.129 0.128 0.128 0.128 0.1265 0.1265 0.1225 0.1225 0.1195 0.1195 0.1195 0.1215 0.1215 0.121 0.121 0.116 0.116 0.116 0.116 0.116 0.1205 0.1205 0.116 0.116 0.116 0.125 0.125 0.1215 0.1215 0.116 0.116 0.116
0.1415 0.158 0.158 0.158 0.111 0.111 0.105 0.105 0.108 0.108 0.114 0.114 0.114 0.1135 0.1135 0.1165 0.1165 0.123 0.123 0.123 0.113 0.113 0.104 0.104 0.106 0.106 0.106 0.094 0.094 0.094 0.094 0.096 0.096 0.096 0.101 0.101 0.1145 0.1145 0.142 0.142 0.142 0.1325 0.1325 0.1335 0.1335 0.129 0.129 0.128 0.128 0.128 0.1265 0.1265 0.1225 0.1225 0.1195 0.1195 0.1195 0.1215 0.1215 0.121 0.121 0.116 0.116 0.116 0.116 0.116 0.1205 0.1205 0.116 0.116 0.116 0.125 0.125 0.1215 0.1215 0.116 0.116 0.116
0.1415 0.158 0.158 0.158 0.111 0.111 0.105 0.105 0.108 0.108 0.114 0.114 0.114 0.1135 0.1135 0.1165 0.1165 0.123 0.123 0.123 0.113 0.113 0.104 0.104 0.106 0.106 0.106 0.094 0.094 0.094 0.094 0.096 0.096 0.096 0.101 0.101 0.1145 0.1145 0.142 0.142 0.142 0.1325 0.1325 0.1335 0.1335 0.129 0.129 0.128 0.128 0.128 0.1265 0.1265 0.1225 0.1225 0.1195 0.1195 0.1195 0.1215 0.1215 0.121 0.121 0.116 0.116 0.116 0.116 0.116 0.1205 0.1205 0.116 0.116 0.116 0.125 0.125 0.1215 0.1215 0.116 0.116 0.116
0.1315 0.1455 0.1455 0.1455 0.121 0.121 0.1045 0.1045 0.114 0.114 0.1135 0.1135 0.1135 0.1315 0.1315 0.1285 0.1285 0.1205 0.1205 0.1205 0.1235 0.1235 0.1175 0.1175 0.104 0.104 0.104 0.09900001 0.09900001 0.101 0.101 0.1175 0.1175 0.1175 0.137 0.137 0.1395 0.1395 0.128 0.128 0.128 0.1275 0.1275 0.1305 0.1305 0.1275 0.1275 0.122 0.122 0.122 0.1225 0.1225 0.1245 0.1245 0.121 0.121 0.121 0.1255 0.1255 0.1305 0.1305 0.132 0.132 0.132 0.128 0.128 0.1295 0.1295 0.13 0.13 0.13 0.13 0.13 0.113 0.113 0.108 0.108 0.108
0.1315 0.1455 0.1455 0.1455 0.121 0.121 0.1045 0.1045 0.114 0.114 0.1135 0.1135 0.1135 0.1315 0.1315 0.1285 0.1285 0.1205 0.1205 0.1205 0.1235 0.1235 0.1175 0.1175 0.104 0.104 0.104 0.09900001 0.09900001 0.101 0.101 0.1175 0.1175 0.1175 0.137 0.137 0.1395 0.1395 0.128 0.128 0.128 0.1275 0.1275 0.1305 0.1305 0.1275 0.1275 0.122 0.122 0.122 0.1225 0.1225 0.1245 0.1245 0.121 0.121 0.121 0.1255 0.1255 0.1305 0.1305 0.132 0.132 0.132 0.128 0.128 0.1295 0.1295 0.13 0.13 0.13 0.13 0.13 0.113 0.113 0.108 0.108 0.108
0.129 0.1465 0.1465 0.1465 0.1455 0.1455 0.127 0.127 0.123 0.123 0.1275 0.1275 0.1275 0.1205 0.1205 0.129 0.129 0.146 0.146 0.146 0.148 0.148 0.1465 0.1465 0.138 0.138 0.138 0.14 0.14 0.1375 0.1375 0.152 0.152 0.152 0.142 0.142 0.13 0.13 0.129 0.129 0.129 0.1315 0.1315 0.1255 0.1255 0.133 0.133 0.1255 0.1255 0.1255 0.125 0.125 0.126 0.126 0.1305 0.1305 0.1305 0.132 0.132 0.13 0.13 0.135 0.135 0.135 0.137 0.137 0.1305 0.1305 0.131 0.131 0.131 0.1245 0.1245 0.1085 0.1085 0.114 0.114 0.114
0.129 0.1465 0.1465 0.1465 0.1455 0.1455 0.127 0.127 0.123 0.123 0.1275 0.1275 0.1275 0.1205 0.1205 0.129 0.129 0.146 0.146 0.146 0.148 0.148 0.1465 0.1465 0.138 0.138 0.138 0.14 0.14 0.1375 0.1375 0.152 0.152 0.152 0.142 0.142 0.13 0.13 0.129 0.129 0.129 0.1315 0.1315 0.1255 0.1255 0.133 0.133 0.1255 0.1255 0.1255 0.125 0.125 0.126 0.126 0.1305 0.1305 0.1305 0.132 0.132 0.13 0.13 0.135 0.135 0.135 0.137 0.137 0.1305 0.1305 0.131 0.131 0.131 0.1245 0.1245 0.1085 0.1085 0.114 0.114 0.114
0.131 0.1725 0.1725 0.1725 0.191 0.191 0.158 0.158 0.148 0.148 0.1415 0.1415 0.1415 0.1485 0.1485 0.145 0.145 0.148 0.148 0.148 0.1505 0.1505 0.151 0.151 0.1515 0.1515 0.1515 0.154 0.154 0.151 0.151 0.143 0.143 0.143 0.1375 0.1375 0.129 0.129 0.1355 0.1355 0.1355 0.1325 0.1325 0.137 0.137 0.139 0.139 0.142 0.142 0.142 0.1355 0.1355 0.131 0.131 0.1325 0.1325 0.1325 0.13 0.13 0.1345 0.1345 0.137 0.137 0.137 0.1355 0.1355 0.129 0.129 0.127 0.127 0.127 0.123 0.123 0.1275 0.1275 0.1235 0.1235 0.1235
0.131 0.1725 0.1725 0.1725 0.191 0.191 0.158 0.158 0.148 0.148 0.1415 0.1415 0.1415 0.1485 0.1485 0.145 0.145 0.148 0.148 0.148 0.1505 0.1505 0.151 0.151 0.1515 0.1515 0.1515 0.154 0.154 0.151 0.151 0.143 0.143 0.143 0.1375 0.1375 0.129 0.129 0.1355 0.1355 0.1355 0.1325 0.1325 0.137 0.137 0.139 0.139 0.142 0.142 0.142 0.1355 0.1355 0.131 0.131 0.1325 0.1325 0.1325 0.13 0.13 0.1345 0.1345 0.137 0.137 0.137 0.1355 0.1355 0.129 0.129 0.127 0.127 0.127 0.123 0.123 0.1275 0.1275 0.1235 0.1235 0.1235
0.131 0.1725 0.1725 0.1725 0.191 0.191 0.158 0.158 0.148 0.148 0.1415 0.1415 0.1415 0.1485 0.1485 0.145 0.145 0.148 0.148 0.148 0.1505 0.1505 0.151 0.151 0.1515 0.1515 0.1515 0.154 0.154 0.151 0.151 0.143 0.143 0.143 0.1375 0.1375 0.129 0.129 0.1355 0.1355 0.1355 0.1325 0.1325 0.137 0.137 0.139 0.139 0.142 0.142 0.142 0.1355 0.1355 0.131 0.131 0.1325 0.1325 0.1325 0.13 0.13 0.1345 0.1345 0.137 0.137 0.137 0.1355 0.1355 0.129 0.129 0.127 0.127 0.127 0.123 0.123 0.1275 0.1275 0.1235 0.1235 0.1235
0.1245 0.1625 0.1625 0.1625 0.178 0.178 0.1725 0.1725 0.143 0.143 0.1425 0.1425 0.1425 0.1465 0.1465 0.1435 0.1435 0.141 0.141 0.141 0.142 0.142 0.139 0.139 0.143 0.143 0.143 0.142 0.142 0.1305 0.1305 0.133 0.133 0.133 0.137 0.137 0.139 0.139 0.132 0.132 0.132 0.1325 0.1325 0.142 0.142 0.149 0.149 0.1475 0.1475 0.1475 0.1415 0.1415 0.1385 0.1385 0.1335 0.1335 0.1335 0.1285 0.1285 0.1395 0.1395 0.1415 0.1415 0.1415 0.137 0.137 0.1425 0.1425 0.138 0.138 0.138 0.1325 0.1325 0.128 0.128 0.131 0.131 0.131
0.1245 0.1625 0.1625 0.1625 0.178 0.178 0.1725 0.1725 0.143 0.143 0.1425 0.1425 0.1425 0.1465 0.1465 0.1435 0.1435 0.141 0.141 0.141 0.142 0.142 0.139 0.139 0.143 0.143 0.143 0.142 0.142 0.1305 0.1305 0.133 0.133 0.133 0.137 0.137 0.139 0.139 0.132 0.132 0.132 0.1325 0.1325 0.142 0.142 0.149 0.149 0.1475 0.1475 0.1475 0.1415 0.1415 0.1385 0.1385 0.1335 0.1335 0.1335 0.1285 0.1285 0.1395 0.1395 0.1415 0.1415 0.1415 0.137 0.137 0.1425 0.1425 0.138 0.138 0.138 0.1325 0.1325 0.128 0.128 0.131 0.131 0.131
0.126 0.1435 0.1435 0.1435 0.1475 0.1475 0.1585 0.1585 0.131 0.131 0.123 0.123 0.123 0.125 0.125 0.1315 0.1315 0.139 0.139 0.139 0.1335 0.1335 0.145 0.145 0.1485 0.1485 0.1485 0.168 0.168 0.1475 0.1475 0.1405 0.1405 0.1405 0.1415 0.1415 0.1455 0.1455 0.147 0.147 0.147 0.145 0.145 0.148 0.148 0.1495 0.1495 0.1505 0.1505 0.1505 0.1525 0.1525 0.149 0.149 0.144 0.144 0.144 0.14 0.14 0.147 0.147 0.145 0.145 0.145 0.1495 0.1495 0.1505 0.1505 0.1395 0.1395 0.1395 0.1345 0.1345 0.133 0.133 0.134 0.134 0.134
0.126 0.1435 0.1435 0.1435 0.1475 0.1475 0.1585 0.1585 0.131 0.131 0.123 0.123 0.123 0.125 0.125 0.1315 0.1315 0.139 0.139 0.139 0.1335 0.1335 0.145 0.145 0.1485 0.1485 0.1485 0.168 0.168 0.1475 0.1475 0.1405 0.1405 0.1405 0.1415 0.1415 0.1455 0.1455 0.147 0.147 0.147 0.145 0.145 0.148 0.148 0.1495 0.1495 0.1505 0.1505 0.1505 0.1525 0.1525 0.149 0.149 0.144 0.144 0.144 0.14 0.14 0.147 0.147 0.145 0.145 0.145 0.1495 0.1495 0.1505 0.1505 0.1395 0.1395 0.1395 0.1345 0.1345 0.133 0.133 0.134 0.134 0.134
0.134 0.133 0.133 0.133 0.137 0.137 0.136 0.136 0.122 0.122 0.116 0.116 0.116 0.1245 0.1245 0.128 0.128 0.1405 0.1405 0.1405 0.124 0.124 0.1485 0.1485 0.1435 0.1435 0.1435 0.154 0.154 0.153 0.153 0.151 0.151 0.151 0.1465 0.1465 0.155 0.155 0.1605 0.1605 0.1605 0.151 0.151 0.152 0.152 0.158 0.158 0.146 0.146 0.146 0.1625 0.1625 0.161 0.161 0.1555 0.1555 0.1555 0.1565 0.1565 0.155 0.155 0.149 0.149 0.149 0.156 0.156 0.152 0.152 0.1485 0.1485 0.1485 0.1445 0.1445 0.1345 0.1345 0.137 0.137 0.137
0.134 0.133 0.133 0.133 0.137 0.137 0.136 0.136 0.122 0.122 0.116 0.116 0.116 0.1245 0.1245 0.128 0.128 0.1405 0.1405 0.1405 0.124 0.124 0.1485 0.1485 0.1435 0.1435 0.1435 0.154 0.154 0.153 0.153 0.151 0.151 0.151 0.1465 0.1465 0.155 0.155 0.1605 0.1605 0.1605 0.151 0.151 0.152 0.152 0.158 0.158 0.146 0.146 0.146 0.1625 0.1625 0.161 0.161 0.1555 0.1555 0.1555 0.1565 0.1565 0.155 0.155 0.149 0.149 0.149 0.156 0.156 0.152 0.152 0.1485 0.1485 0.1485 0.1445 0.1445 0.1345 0.1345 0.137 0.137 0.137
