ndvi/NOAA-135.asc
ncols         252
nrows         154
xllcorner     -18.017974
yllcorner     13.481982
cellsize      0.035948
NODATA_value  -9999
[rows 0 to 33 of 154, columns 154 to 230 of 252]
0.101 0.095 0.095 0.105 0.105 0.105 0.105 0.105 0.1045 0.1045 0.1085 0.1085 0.104 0.104 0.104 0.113 0.113 0.1105 0.1105 0.112 0.112 0.112 0.1115 0.1115 0.1085 0.1085 0.1105 0.1105 0.1105 0.109 0.109 0.109 0.109 0.1085 0.1085 0.1085 0.105 0.105 0.103 0.103 0.101 0.101 0.101 0.108 0.108 0.1045 0.1045 0.1065 0.1065 0.1125 0.1125 0.1125 0.112 0.112 0.1105 0.1105 0.108 0.108 0.108 0.1085 0.1085 0.1035 0.1035 0.1035 0.1035 0.1035 0.1 0.1 0.097 0.097 0.094 0.094 0.094 0.096 0.096 0.091 0.091
0.101 0.095 0.095 0.105 0.105 0.105 0.105 0.105 0.1045 0.1045 0.1085 0.1085 0.104 0.104 0.104 0.113 0.113 0.1105 0.1105 0.112 0.112 0.112 0.1115 0.1115 0.1085 0.1085 0.1105 0.1105 0.1105 0.109 0.109 0.109 0.109 0.1085 0.1085 0.1085 0.105 0.105 0.103 0.103 0.101 0.101 0.101 0.108 0.108 0.1045 0.1045 0.1065 0.1065 0.1125 0.1125 0.1125 0.112 0.112 0.1105 0.1105 0.108 0.108 0.108 0.1085 0.1085 0.1035 0.1035 0.1035 0.1035 0.1035 0.1 0.1 0.097 0.097 0.094 0.094 0.094 0.096 0.096 0.091 0.091
0.1035 0.101 0.101 0.1065 0.1065 0.1065 0.109 0.109 0.109 0.109 0.1095 0.1095 0.1125 0.1125 0.1125 0.1125 0.1125 0.1145 0.1145 0.113 0.113 0.113 0.1095 0.1095 0.113 0.113 0.1175 0.1175 0.1175 0.1145 0.1145 0.1165 0.1165 0.114 0.114 0.114 0.1185 0.1185 0.117 0.117 0.1115 0.1115 0.1115 0.1245 0.1245 0.1175 0.1175 0.116 0.116 0.122 0.122 0.122 0.1195 0.1195 0.116 0.116 0.118 0.118 0.118 0.1205 0.1205 0.1115 0.1115 0.105 0.105 0.105 0.103 0.103 0.1005 0.1005 0.0985 0.0985 0.0985 0.098 0.098 0.09299999 0.09299999
0.1035 0.101 0.101 0.1065 0.1065 0.1065 0.109 0.109 0.109 0.109 0.1095 0.1095 0.1125 0.1125 0.1125 0.1125 0.1125 0.1145 0.1145 0.113 0.113 0.113 0.1095 0.1095 0.113 0.113 0.1175 0.1175 0.1175 0.1145 0.1145 0.1165 0.1165 0.114 0.114 0.114 0.1185 0.1185 0.117 0.117 0.1115 0.1115 0.1115 0.1245 0.1245 0.1175 0.1175 0.116 0.116 0.122 0.122 0.122 0.1195 0.1195 0.116 0.116 0.118 0.118 0.118 0.1205 0.1205 0.1115 0.1115 0.105 0.105 0.105 0.103 0.103 0.1005 0.1005 0.0985 0.0985 0.0985 0.098 0.098 0.09299999 0.09299999
0.1035 0.101 0.101 0.1065 0.1065 0.1065 0.109 0.109 0.109 0.109 0.1095 0.1095 0.1125 0.1125 0.1125 0.1125 0.1125 0.1145 0.1145 0.113 0.113 0.113 0.1095 0.1095 0.113 0.113 0.1175 0.1175 0.1175 0.1145 0.1145 0.1165 0.1165 0.114 0.114 0.114 0.1185 0.1185 0.117 0.117 0.1115 0.1115 0.1115 0.1245 0.1245 0.1175 0.1175 0.116 0.116 0.122 0.122 0.122 0.1195 0.1195 0.116 0.116 0.118 0.118 0.118 0.1205 0.1205 0.1115 0.1115 0.105 0.105 0.105 0.103 0.103 0.1005 0.1005 0.0985 0.0985 0.0985 0.098 0.098 0.09299999 0.09299999
0.108 0.1125 0.1125 0.1095 0.1095 0.1095 0.1175 0.1175 0.1165 0.1165 0.1175 0.1175 0.1155 0.1155 0.1155 0.123 0.123 0.118 0.118 0.117 0.117 0.117 0.122 0.122 0.1195 0.1195 0.125 0.125 0.125 0.1245 0.1245 0.1275 0.1275 0.1275 0.1275 0.1275 0.124 0.124 0.1185 0.1185 0.124 0.124 0.124 0.1225 0.1225 0.1215 0.1215 0.1185 0.1185 0.124 0.124 0.124 0.1215 0.1215 0.116 0.116 0.1155 0.1155 0.1155 0.116 0.116 0.112 0.112 0.1125 0.1125 0.1125 0.1015 0.1015 0.1025 0.1025 0.1005 0.1005 0.1005 0.099 0.099 0.0975 0.0975
0.108 0.1125 0.1125 0.1095 0.1095 0.1095 0.1175 0.1175 0.1165 0.1165 0.1175 0.1175 0.1155 0.1155 0.1155 0.123 0.123 0.118 0.118 0.117 0.117 0.117 0.122 0.122 0.1195 0.1195 0.125 0.125 0.125 0.1245 0.1245 0.1275 0.1275 0.1275 0.1275 0.1275 0.124 0.124 0.1185 0.1185 0.124 0.124 0.124 0.1225 0.1225 0.1215 0.1215 0.1185 0.1185 0.124 0.124 0.124 0.1215 0.1215 0.116 0.116 0.1155 0.1155 0.1155 0.116 0.116 0.112 0.112 0.1125 0.1125 0.1125 0.1015 0.1015 0.1025 0.1025 0.1005 0.1005 0.1005 0.099 0.099 0.0975 0.0975
0.109 0.109 0.109 0.114 0.114 0.114 0.119 0.119 0.1235 0.1235 0.121 0.121 0.1175 0.1175 0.1175 0.116 0.116 0.122 0.122 0.12 0.12 0.12 0.121 0.121 0.118 0.118 0.119 0.119 0.119 0.118 0.118 0.12 0.12 0.1215 0.1215 0.1215 0.121 0.121 0.1175 0.1175 0.1185 0.1185 0.1185 0.1165 0.1165 0.121 0.121 0.118 0.118 0.1225 0.1225 0.1225 0.1175 0.1175 0.121 0.121 0.117 0.117 0.117 0.117 0.117 0.1125 0.1125 0.115 0.115 0.115 0.106 0.106 0.1025 0.1025 0.107 0.107 0.107 0.0995 0.0995 0.1015 0.1015
0.109 0.109 0.109 0.114 0.114 0.114 0.119 0.119 0.1235 0.1235 0.121 0.121 0.1175 0.1175 0.1175 0.116 0.116 0.122 0.122 0.12 0.12 0.12 0.121 0.121 0.118 0.118 0.119 0.119 0.119 0.118 0.118 0.12 0.12 0.1215 0.1215 0.1215 0.121 0.121 0.1175 0.1175 0.1185 0.1185 0.1185 0.1165 0.1165 0.121 0.121 0.118 0.118 0.1225 0.1225 0.1225 0.1175 0.1175 0.121 0.121 0.117 0.117 0.117 0.117 0.117 0.1125 0.1125 0.115 0.115 0.115 0.106 0.106 0.1025 0.1025 0.107 0.107 0.107 0.0995 0.0995 0.1015 0.1015
0.1125 0.1155 0.1155 0.1225 0.1225 0.1225 0.1175 0.1175 0.121 0.121 0.1205 0.1205 0.1195 0.1195 0.1195 0.1235 0.1235 0.1245 0.1245 0.127 0.127 0.127 0.1155 0.1155 0.1205 0.1205 0.12 0.12 0.12 0.117 0.117 0.1155 0.1155 0.115 0.115 0.115 0.1155 0.1155 0.1095 0.1095 0.1135 0.1135 0.1135 0.1115 0.1115 0.1165 0.1165 0.1175 0.1175 0.122 0.122 0.122 0.1205 0.1205 0.118 0.118 0.1185 0.1185 0.1185 0.1115 0.1115 0.1115 0.1115 0.1105 0.1105 0.1105 0.1055 0.1055 0.103 0.103 0.105 0.105 0.105 0.0995 0.0995 0.101 0.101
0.1125 0.1155 0.1155 0.1225 0.1225 0.1225 0.1175 0.1175 0.121 0.121 0.1205 0.1205 0.1195 0.1195 0.1195 0.1235 0.1235 0.1245 0.1245 0.127 0.127 0.127 0.1155 0.1155 0.1205 0.1205 0.12 0.12 0.12 0.117 0.117 0.1155 0.1155 0.115 0.115 0.115 0.1155 0.1155 0.1095 0.1095 0.1135 0.1135 0.1135 0.1115 0.1115 0.1165 0.1165 0.1175 0.1175 0.122 0.122 0.122 0.1205 0.1205 0.118 0.118 0.1185 0.1185 0.1185 0.1115 0.1115 0.1115 0.1115 0.1105 0.1105 0.1105 0.1055 0.1055 0.103 0.103 0.105 0.105 0.105 0.0995 0.0995 0.101 0.101
0.1225 0.118 0.118 0.1245 0.1245 0.1245 0.1165 0.1165 0.1225 0.1225 0.118 0.118 0.116 0.116 0.116 0.122 0.122 0.1225 0.1225 0.12 0.12 0.12 0.1155 0.1155 0.1145 0.1145 0.1225 0.1225 0.1225 0.1185 0.1185 0.1195 0.1195 0.115 0.115 0.115 0.1095 0.1095 0.1075 0.1075 0.1185 0.1185 0.1185 0.114 0.114 0.1135 0.1135 0.128 0.128 0.121 0.121 0.121 0.115 0.115 0.117 0.117 0.1185 0.1185 0.1185 0.107 0.107 0.103 0.103 0.0985 0.0985 0.0985 0.09299999 0.09299999 0.0955 0.0955 0.09299999 0.09299999 0.09299999 0.097 0.097 0.1 0.1
0.1225 0.118 0.118 0.1245 0.1245 0.1245 0.1165 0.1165 0.1225 0.1225 0.118 0.118 0.116 0.116 0.116 0.122 0.122 0.1225 0.1225 0.12 0.12 0.12 0.1155 0.1155 0.1145 0.1145 0.1225 0.1225 0.1225 0.1185 0.1185 0.1195 0.1195 0.115 0.115 0.115 0.1095 0.1095 0.1075 0.1075 0.1185 0.1185 0.1185 0.114 0.114 0.1135 0.1135 0.128 0.128 0.121 0.121 0.121 0.115 0.115 0.117 0.117 0.1185 0.1185 0.1185 0.107 0.107 0.103 0.103 0.0985 0.0985 0.0985 0.09299999 0.09299999 0.0955 0.0955 0.09299999 0.09299999 0.09299999 0.097 0.097 0.1 0.1
0.1225 0.118 0.118 0.1245 0.1245 0.1245 0.1165 0.1165 0.1225 0.1225 0.118 0.118 0.116 0.116 0.116 0.122 0.122 0.1225 0.1225 0.12 0.12 0.12 0.1155 0.1155 0.1145 0.1145 0.1225 0.1225 0.1225 0.1185 0.1185 0.1195 0.1195 0.115 0.115 0.115 0.1095 0.1095 0.1075 0.1075 0.1185 0.1185 0.1185 0.114 0.114 0.1135 0.1135 0.128 0.128 0.121 0.121 0.121 0.115 0.115 0.117 0.117 0.1185 0.1185 0.1185 0.107 0.107 0.103 0.103 0.0985 0.0985 0.0985 0.09299999 0.09299999 0.0955 0.0955 0.09299999 0.09299999 0.09299999 0.097 0.097 0.1 0.1
0.1285 0.1195 0.1195 0.129 0.129 0.129 0.12 0.12 0.1285 0.1285 0.1185 0.1185 0.1265 0.1265 0.1265 0.1225 0.1225 0.119 0.119 0.1255 0.1255 0.1255 0.1145 0.1145 0.1145 0.1145 0.116 0.116 0.116 0.1145 0.1145 0.12 0.12 0.112 0.112 0.112 0.108 0.108 0.111 0.111 0.1085 0.1085 0.1085 0.1125 0.1125 0.117 0.117 0.115 0.115 0.1015 0.1015 0.1015 0.1015 0.1015 0.1055 0.1055 0.118 0.118 0.118 0.11 0.11 0.098 0.098 0.092 0.092 0.092 0.09299999 0.09299999 0.09299999 0.09299999 0.0885 0.0885 0.0885 0.0885 0.0885 0.096 0.096
0.1285 0.1195 0.1195 0.129 0.129 0.129 0.12 0.12 0.1285 0.1285 0.1185 0.1185 0.1265 0.1265 0.1265 0.1225 0.1225 0.119 0.119 0.1255 0.1255 0.1255 0.1145 0.1145 0.1145 0.1145 0.116 0.116 0.116 0.1145 0.1145 0.12 0.12 0.112 0.112 0.112 0.108 0.108 0.111 0.111 0.1085 0.1085 0.1085 0.1125 0.1125 0.117 0.117 0.115 0.115 0.1015 0.1015 0.1015 0.1015 0.1015 0.1055 0.1055 0.118 0.118 0.118 0.11 0.11 0.098 0.098 0.092 0.092 0.092 0.09299999 0.09299999 0.09299999 0.09299999 0.0885 0.0885 0.0885 0.0885 0.0885 0.096 0.096
0.121 0.119 0.119 0.1205 0.1205 0.1205 0.1155 0.1155 0.125 0.125 0.1235 0.1235 0.1155 0.1155 0.1155 0.12 0.12 0.1235 0.1235 0.1225 0.1225 0.1225 0.116 0.116 0.121 0.121 0.1195 0.1195 0.1195 0.1125 0.1125 0.1095 0.1095 0.108 0.108 0.108 0.103 0.103 0.1025 0.1025 0.1045 0.1045 0.1045 0.0995 0.0995 0.0965 0.0965 0.0715 0.0715 0.076 0.076 0.076 0.09649999 0.09649999 0.099 0.099 0.102 0.102 0.102 0.1005 0.1005 0.0975 0.0975 0.0925 0.0925 0.0925 0.091 0.091 0.09 0.09 0.0915 0.0915 0.0915 0.0895 0.0895 0.097 0.097
0.121 0.119 0.119 0.1205 0.1205 0.1205 0.1155 0.1155 0.125 0.125 0.1235 0.1235 0.1155 0.1155 0.1155 0.12 0.12 0.1235 0.1235 0.1225 0.1225 0.1225 0.116 0.116 0.121 0.121 0.1195 0.1195 0.1195 0.1125 0.1125 0.1095 0.1095 0.108 0.108 0.108 0.103 0.103 0.1025 0.1025 0.1045 0.1045 0.1045 0.0995 0.0995 0.0965 0.0965 0.0715 0.0715 0.076 0.076 0.076 0.09649999 0.09649999 0.099 0.099 0.102 0.102 0.102 0.1005 0.1005 0.0975 0.0975 0.0925 0.0925 0.0925 0.091 0.091 0.09 0.09 0.0915 0.0915 0.0915 0.0895 0.0895 0.097 0.097
0.116 0.1335 0.1335 0.1465 0.1465 0.1465 0.107 0.107 0.1005 0.1005 0.0995 0.0995 0.1065 0.1065 0.1065 0.1045 0.1045 0.1085 0.1085 0.1135 0.1135 0.1135 0.1025 0.1025 0.1 0.1 0.1025 0.1025 0.1025 0.0925 0.0925 0.094 0.094 0.095 0.095 0.095 0.0995 0.0995 0.0995 0.0995 0.102 0.102 0.102 0.114 0.114 0.1195 0.1195 0.113 0.113 0.1125 0.1125 0.1125 0.105 0.105 0.0965 0.0965 0.101 0.101 0.101 0.1035 0.1035 0.101 0.101 0.0965 0.0965 0.0965 0.0925 0.0925 0.093 0.093 0.091 0.091 0.091 0.095 0.095 0.096 0.096
0.116 0.1335 0.1335 0.1465 0.1465 0.1465 0.107 0.107 0.1005 0.1005 0.0995 0.0995 0.1065 0.1065 0.1065 0.1045 0.1045 0.1085 0.1085 0.1135 0.1135 0.1135 0.1025 0.1025 0.1 0.1 0.1025 0.1025 0.1025 0.0925 0.0925 0.094 0.094 0.095 0.095 0.095 0.0995 0.0995 0.0995 0.0995 0.102 0.102 0.102 0.114 0.114 0.1195 0.1195 0.113 0.113 0.1125 0.1125 0.1125 0.105 0.105 0.0965 0.0965 0.101 0.101 0.101 0.1035 0.1035 0.101 0.101 0.0965 0.0965 0.0965 0.0925 0.0925 0.093 0.093 0.091 0.091 0.091 0.095 0.095 0.096 0.096
0.116 0.1335 0.1335 0.1465 0.1465 0.1465 0.107 0.107 0.1005 0.1005 0.0995 0.0995 0.1065 0.1065 0.1065 0.1045 0.1045 0.1085 0.1085 0.1135 0.1135 0.1135 0.1025 0.1025 0.1 0.1 0.1025 0.1025 0.1025 0.0925 0.0925 0.094 0.094 0.095 0.095 0.095 0.0995 0.0995 0.0995 0.0995 0.102 0.102 0.102 0.114 0.114 0.1195 0.1195 0.113 0.113 0.1125 0.1125 0.1125 0.105 0.105 0.0965 0.0965 0.101 0.101 0.101 0.1035 0.1035 0.101 0.101 0.0965 0.0965 0.0965 0.0925 0.0925 0.093 0.093 0.091 0.091 0.091 0.095 0.095 0.096 0.096
0.112 0.1195 0.1195 0.1375 0.1375 0.1375 0.1105 0.1105 0.1015 0.1015 0.1045 0.1045 0.1025 0.1025 0.1025 0.116 0.116 0.1215 0.1215 0.114 0.114 0.114 0.112 0.112 0.1115 0.1115 0.1005 0.1005 0.1005 0.105 0.105 0.0985 0.0985 0.098 0.098 0.098 0.122 0.122 0.123 0.123 0.1155 0.1155 0.1155 0.1125 0.1125 0.114 0.114 0.1095 0.1095 0.11 0.11 0.11 0.101 0.101 0.103 0.103 0.1025 0.1025 0.1025 0.1025 0.1025 0.109 0.109 0.105 0.105 0.105 0.09999999 0.09999999 0.1015 0.1015 0.098 0.098 0.098 0.0985 0.0985 0.0955 0.0955
0.112 0.1195 0.1195 0.1375 0.1375 0.1375 0.1105 0.1105 0.1015 0.1015 0.1045 0.1045 0.1025 0.1025 0.1025 0.116 0.116 0.1215 0.1215 0.114 0.114 0.114 0.112 0.112 0.1115 0.1115 0.1005 0.1005 0.1005 0.105 0.105 0.0985 0.0985 0.098 0.098 0.098 0.122 0.122 0.123 0.123 0.1155 0.1155 0.1155 0.1125 0.1125 0.114 0.114 0.1095 0.1095 0.11 0.11 0.11 0.101 0.101 0.103 0.103 0.1025 0.1025 0.1025 0.1025 0.1025 0.109 0.109 0.105 0.105 0.105 0.09999999 0.09999999 0.1015 0.1015 0.098 0.098 0.098 0.0985 0.0985 0.0955 0.0955
0.12 0.12 0.12 0.1435 0.1435 0.1435 0.1315 0.1315 0.1185 0.1185 0.114 0.114 0.1135 0.1135 0.1135 0.11 0.11 0.1165 0.1165 0.1315 0.1315 0.1315 0.137 0.137 0.1365 0.1365 0.1315 0.1315 0.1315 0.129 0.129 0.1335 0.1335 0.1325 0.1325 0.1325 0.132 0.132 0.119 0.119 0.1155 0.1155 0.1155 0.111 0.111 0.11 0.11 0.1135 0.1135 0.105 0.105 0.105 0.1025 0.1025 0.103 0.103 0.101 0.101 0.101 0.1025 0.1025 0.108 0.108 0.1055 0.1055 0.1055 0.1035 0.1035 0.1025 0.1025 0.1005 0.1005 0.1005 0.0995 0.0995 0.0935 0.0935
0.12 0.12 0.12 0.1435 0.1435 0.1435 0.1315 0.1315 0.1185 0.1185 0.114 0.114 0.1135 0.1135 0.1135 0.11 0.11 0.1165 0.1165 0.1315 0.1315 0.1315 0.137 0.137 0.1365 0.1365 0.1315 0.1315 0.1315 0.129 0.129 0.1335 0.1335 0.1325 0.1325 0.1325 0.132 0.132 0.119 0.119 0.1155 0.1155 0.1155 0.111 0.111 0.11 0.11 0.1135 0.1135 0.105 0.105 0.105 0.1025 0.1025 0.103 0.103 0.101 0.101 0.101 0.1025 0.1025 0.108 0.108 0.1055 0.1055 0.1055 0.1035 0.1035 0.1025 0.1025 0.1005 0.1005 0.1005 0.0995 0.0995 0.0935 0.0935
0.1235 0.114 0.114 0.139 0.139 0.139 0.178 0.178 0.1455 0.1455 0.1385 0.1385 0.134 0.134 0.134 0.1375 0.1375 0.138 0.138 0.138 0.138 0.138 0.139 0.139 0.131 0.131 0.1325 0.1325 0.1325 0.1255 0.1255 0.1365 0.1365 0.1325 0.1325 0.1325 0.126 0.126 0.121 0.121 0.116 0.116 0.116 0.1135 0.1135 0.112 0.112 0.1155 0.1155 0.114 0.114 0.114 0.1115 0.1115 0.103 0.103 0.103 0.103 0.103 0.1055 0.1055 0.1055 0.1055 0.105 0.105 0.105 0.1065 0.1065 0.09999999 0.09999999 0.1015 0.1015 0.1015 0.0985 0.0985 0.103 0.103
0.1235 0.114 0.114 0.139 0.139 0.139 0.178 0.178 0.1455 0.1455 0.1385 0.1385 0.134 0.134 0.134 0.1375 0.1375 0.138 0.138 0.138 0.138 0.138 0.139 0.139 0.131 0.131 0.1325 0.1325 0.1325 0.1255 0.1255 0.1365 0.1365 0.1325 0.1325 0.1325 0.126 0.126 0.121 0.121 0.116 0.116 0.116 0.1135 0.1135 0.112 0.112 0.1155 0.1155 0.114 0.114 0.114 0.1115 0.1115 0.103 0.103 0.103 0.103 0.103 0.1055 0.1055 0.1055 0.1055 0.105 0.105 0.105 0.1065 0.1065 0.09999999 0.09999999 0.1015 0.1015 0.1015 0.0985 0.0985 0.103 0.103
0.1235 0.114 0.114 0.139 0.139 0.139 0.178 0.178 0.1455 0.1455 0.1385 0.1385 0.134 0.134 0.134 0.1375 0.1375 0.138 0.138 0.138 0.138 0.138 0.139 0.139 0.131 0.131 0.1325 0.1325 0.1325 0.1255 0.1255 0.1365 0.1365 0.1325 0.1325 0.1325 0.126 0.126 0.121 0.121 0.116 0.116 0.116 0.1135 0.1135 0.112 0.112 0.1155 0.1155 0.114 0.114 0.114 0.1115 0.1115 0.103 0.103 0.103 0.103 0.103 0.1055 0.1055 0.1055 0.1055 0.105 0.105 0.105 0.1065 0.1065 0.09999999 0.09999999 0.1015 0.1015 0.1015 0.0985 0.0985 0.103 0.103
0.1205 0.1195 0.1195 0.1505 0.1505 0.1505 0.1705 0.1705 0.176 0.176 0.1395 0.1395 0.141 0.141 0.141 0.1405 0.1405 0.137 0.137 0.137 0.137 0.137 0.139 0.139 0.132 0.132 0.13 0.13 0.13 0.1315 0.1315 0.1255 0.1255 0.1235 0.1235 0.1235 0.1195 0.1195 0.118 0.118 0.1125 0.1125 0.1125 0.112 0.112 0.1175 0.1175 0.1235 0.1235 0.122 0.122 0.122 0.1185 0.1185 0.112 0.112 0.1075 0.1075 0.1075 0.1025 0.1025 0.1095 0.1095 0.1125 0.1125 0.1125 0.113 0.113 0.113 0.113 0.1105 0.1105 0.1105 0.109 0.109 0.1085 0.1085
0.1205 0.1195 0.1195 0.1505 0.1505 0.1505 0.1705 0.1705 0.176 0.176 0.1395 0.1395 0.141 0.141 0.141 0.1405 0.1405 0.137 0.137 0.137 0.137 0.137 0.139 0.139 0.132 0.132 0.13 0.13 0.13 0.1315 0.1315 0.1255 0.1255 0.1235 0.1235 0.1235 0.1195 0.1195 0.118 0.118 0.1125 0.1125 0.1125 0.112 0.112 0.1175 0.1175 0.1235 0.1235 0.122 0.122 0.122 0.1185 0.1185 0.112 0.112 0.1075 0.1075 0.1075 0.1025 0.1025 0.1095 0.1095 0.1125 0.1125 0.1125 0.113 0.113 0.113 0.113 0.1105 0.1105 0.1105 0.109 0.109 0.1085 0.1085
0.1325 0.11 0.11 0.1305 0.1305 0.1305 0.1465 0.1465 0.16 0.16 0.128 0.128 0.1205 0.1205 0.1205 0.1225 0.1225 0.1235 0.1235 0.14 0.14 0.14 0.13 0.13 0.132 0.132 0.1315 0.1315 0.1315 0.142 0.142 0.1235 0.1235 0.1185 0.1185 0.1185 0.1195 0.1195 0.1245 0.1245 0.121 0.121 0.121 0.1175 0.1175 0.122 0.122 0.121 0.121 0.1235 0.1235 0.1235 0.1275 0.1275 0.122 0.122 0.118 0.118 0.118 0.1165 0.1165 0.118 0.118 0.1175 0.1175 0.1175 0.1205 0.1205 0.1215 0.1215 0.115 0.115 0.115 0.112 0.112 0.106 0.106
0.1325 0.11 0.11 0.1305 0.1305 0.1305 0.1465 0.1465 0.16 0.16 0.128 0.128 0.1205 0.1205 0.1205 0.1225 0.1225 0.1235 0.1235 0.14 0.14 0.14 0.13 0.13 0.132 0.132 0.1315 0.1315 0.1315 0.142 0.142 0.1235 0.1235 0.1185 0.1185 0.1185 0.1195 0.1195 0.1245 0.1245 0.121 0.121 0.121 0.1175 0.1175 0.122 0.122 0.121 0.121 0.1235 0.1235 0.1235 0.1275 0.1275 0.122 0.122 0.118 0.118 0.118 0.1165 0.1165 0.118 0.118 0.1175 0.1175 0.1175 0.1205 0.1205 0.1215 0.1215 0.115 0.115 0.115 0.112 0.112 0.106 0.106
0.135 0.128 0.128 0.126 0.126 0.126 0.1335 0.1335 0.13 0.13 0.114 0.114 0.1065 0.1065 0.1065 0.115 0.115 0.12 0.12 0.1205 0.1205 0.1205 0.112 0.112 0.1325 0.1325 0.125 0.125 0.125 0.1375 0.1375 0.1405 0.1405 0.1265 0.1265 0.1265 0.1225 0.1225 0.1255 0.1255 0.1285 0.1285 0.1285 0.126 0.126 0.127 0.127 0.1335 0.1335 0.133 0.133 0.133 0.1325 0.1325 0.131 0.131 0.127 0.127 0.127 0.127 0.127 0.126 0.126 0.1235 0.1235 0.1235 0.126 0.126 0.1305 0.1305 0.125 0.125 0.125 0.12 0.12 0.111 0.111
0.135 0.128 0.128 0.126 0.126 0.126 0.1335 0.1335 0.13 0.13 0.114 0.114 0.1065 0.1065 0.1065 0.115 0.115 0.12 0.12 0.1205 0.1205 0.1205 0.112 0.112 0.1325 0.1325 0.125 0.125 0.125 0.1375 0.1375 0.1405 0.1405 0.1265 0.1265 0.1265 0.1225 0.1225 0.1255 0.1255 0.1285 0.1285 0.1285 0.126 0.126 0.127 0.127 0.1335 0.1335 0.133 0.133 0.133 0.1325 0.1325 0.131 0.131 0.127 0.127 0.127 0.127 0.127 0.126 0.126 0.1235 0.1235 0.1235 0.126 0.126 0.1305 0.1305 0.125 0.125 0.125 0.12 0.12 0.111 0.111
