ndvi/NOAA-43.asc
ncols         252
nrows         154
xllcorner     -18.017974
yllcorner     13.481982
cellsize      0.035948
NODATA_value  -9999
[rows 0 to 33 of 154, columns 154 to 230 of 252]
0.0935 0.0915 0.0915 0.0975 0.0975 0.0975 0.09299999 0.09299999 0.094 0.094 0.0955 0.0955 0.0925 0.0925 0.0925 0.0915 0.0915 0.09450001 0.09450001 0.0905 0.0905 0.0905 0.092 0.092 0.0925 0.0925 0.09100001 0.09100001 0.09100001 0.0905 0.0905 0.093 0.093 0.096 0.096 0.096 0.094 0.094 0.08750001 0.08750001 0.0865 0.0865 0.0865 0.0945 0.0945 0.096 0.096 0.0995 0.0995 0.0985 0.0985 0.0985 0.101 0.101 0.1045 0.1045 0.1055 0.1055 0.1055 0.1025 0.1025 0.1005 0.1005 0.09999999 0.09999999 0.09999999 0.0995 0.0995 0.097 0.097 0.0975 0.0975 0.0975 0.096 0.096 0.092 0.092
0.0935 0.0915 0.0915 0.0975 0.0975 0.0975 0.09299999 0.09299999 0.094 0.094 0.0955 0.0955 0.0925 0.0925 0.0925 0.0915 0.0915 0.09450001 0.09450001 0.0905 0.0905 0.0905 0.092 0.092 0.0925 0.0925 0.09100001 0.09100001 0.09100001 0.0905 0.0905 0.093 0.093 0.096 0.096 0.096 0.094 0.094 0.08750001 0.08750001 0.0865 0.0865 0.0865 0.0945 0.0945 0.096 0.096 0.0995 0.0995 0.0985 0.0985 0.0985 0.101 0.101 0.1045 0.1045 0.1055 0.1055 0.1055 0.1025 0.1025 0.1005 0.1005 0.09999999 0.09999999 0.09999999 0.0995 0.0995 0.097 0.097 0.0975 0.0975 0.0975 0.096 0.096 0.092 0.092
0.094 0.09100001 0.09100001 0.095 0.095 0.095 0.0955 0.0955 0.09450001 0.09450001 0.093 0.093 0.0925 0.0925 0.0925 0.092 0.092 0.0885 0.0885 0.0895 0.0895 0.0895 0.0895 0.0895 0.091 0.091 0.0875 0.0875 0.0875 0.097 0.097 0.094 0.094 0.09450001 0.09450001 0.09450001 0.1025 0.1025 0.099 0.099 0.104 0.104 0.104 0.105 0.105 0.1025 0.1025 0.104 0.104 0.106 0.106 0.106 0.105 0.105 0.103 0.103 0.1025 0.1025 0.1025 0.105 0.105 0.1025 0.1025 0.1 0.1 0.1 0.102 0.102 0.101 0.101 0.0985 0.0985 0.0985 0.096 0.096 0.091 0.091
0.094 0.09100001 0.09100001 0.095 0.095 0.095 0.0955 0.0955 0.09450001 0.09450001 0.093 0.093 0.0925 0.0925 0.0925 0.092 0.092 0.0885 0.0885 0.0895 0.0895 0.0895 0.0895 0.0895 0.091 0.091 0.0875 0.0875 0.0875 0.097 0.097 0.094 0.094 0.09450001 0.09450001 0.09450001 0.1025 0.1025 0.099 0.099 0.104 0.104 0.104 0.105 0.105 0.1025 0.1025 0.104 0.104 0.106 0.106 0.106 0.105 0.105 0.103 0.103 0.1025 0.1025 0.1025 0.105 0.105 0.1025 0.1025 0.1 0.1 0.1 0.102 0.102 0.101 0.101 0.0985 0.0985 0.0985 0.096 0.096 0.091 0.091
0.094 0.09100001 0.09100001 0.095 0.095 0.095 0.0955 0.0955 0.09450001 0.09450001 0.093 0.093 0.0925 0.0925 0.0925 0.092 0.092 0.0885 0.0885 0.0895 0.0895 0.0895 0.0895 0.0895 0.091 0.091 0.0875 0.0875 0.0875 0.097 0.097 0.094 0.094 0.09450001 0.09450001 0.09450001 0.1025 0.1025 0.099 0.099 0.104 0.104 0.104 0.105 0.105 0.1025 0.1025 0.104 0.104 0.106 0.106 0.106 0.105 0.105 0.103 0.103 0.1025 0.1025 0.1025 0.105 0.105 0.1025 0.1025 0.1 0.1 0.1 0.102 0.102 0.101 0.101 0.0985 0.0985 0.0985 0.096 0.096 0.091 0.091
0.0955 0.0945 0.0945 0.096 0.096 0.096 0.0855 0.0855 0.089 0.089 0.08750001 0.08750001 0.0895 0.0895 0.0895 0.0935 0.0935 0.092 0.092 0.09649999 0.09649999 0.09649999 0.095 0.095 0.0995 0.0995 0.097 0.097 0.097 0.098 0.098 0.102 0.102 0.102 0.102 0.102 0.102 0.102 0.1025 0.1025 0.1045 0.1045 0.1045 0.103 0.103 0.099 0.099 0.0995 0.0995 0.099 0.099 0.099 0.101 0.101 0.09999999 0.09999999 0.099 0.099 0.099 0.09999999 0.09999999 0.1 0.1 0.1025 0.1025 0.1025 0.098 0.098 0.0955 0.0955 0.09550001 0.09550001 0.09550001 0.095 0.095 0.0925 0.0925
0.0955 0.0945 0.0945 0.096 0.096 0.096 0.0855 0.0855 0.089 0.089 0.08750001 0.08750001 0.0895 0.0895 0.0895 0.0935 0.0935 0.092 0.092 0.09649999 0.09649999 0.09649999 0.095 0.095 0.0995 0.0995 0.097 0.097 0.097 0.098 0.098 0.102 0.102 0.102 0.102 0.102 0.102 0.102 0.1025 0.1025 0.1045 0.1045 0.1045 0.103 0.103 0.099 0.099 0.0995 0.0995 0.099 0.099 0.099 0.101 0.101 0.09999999 0.09999999 0.099 0.099 0.099 0.09999999 0.09999999 0.1 0.1 0.1025 0.1025 0.1025 0.098 0.098 0.0955 0.0955 0.09550001 0.09550001 0.09550001 0.095 0.095 0.0925 0.0925
0.097 0.0955 0.0955 0.0915 0.0915 0.0915 0.0955 0.0955 0.09649999 0.09649999 0.0915 0.0915 0.093 0.093 0.093 0.0915 0.0915 0.095 0.095 0.0955 0.0955 0.0955 0.095 0.095 0.095 0.095 0.093 0.093 0.093 0.094 0.094 0.101 0.101 0.096 0.096 0.096 0.1005 0.1005 0.099 0.099 0.102 0.102 0.102 0.099 0.099 0.101 0.101 0.101 0.101 0.098 0.098 0.098 0.098 0.098 0.0995 0.0995 0.098 0.098 0.098 0.1005 0.1005 0.101 0.101 0.0975 0.0975 0.0975 0.097 0.097 0.099 0.099 0.098 0.098 0.098 0.0975 0.0975 0.0955 0.0955
0.097 0.0955 0.0955 0.0915 0.0915 0.0915 0.0955 0.0955 0.09649999 0.09649999 0.0915 0.0915 0.093 0.093 0.093 0.0915 0.0915 0.095 0.095 0.0955 0.0955 0.0955 0.095 0.095 0.095 0.095 0.093 0.093 0.093 0.094 0.094 0.101 0.101 0.096 0.096 0.096 0.1005 0.1005 0.099 0.099 0.102 0.102 0.102 0.099 0.099 0.101 0.101 0.101 0.101 0.098 0.098 0.098 0.098 0.098 0.0995 0.0995 0.098 0.098 0.098 0.1005 0.1005 0.101 0.101 0.0975 0.0975 0.0975 0.097 0.097 0.099 0.099 0.098 0.098 0.098 0.0975 0.0975 0.0955 0.0955
0.099 0.0935 0.0935 0.0915 0.0915 0.0915 0.09649999 0.09649999 0.09 0.09 0.094 0.094 0.09450001 0.09450001 0.09450001 0.0915 0.0915 0.0935 0.0935 0.093 0.093 0.093 0.093 0.093 0.089 0.089 0.088 0.088 0.088 0.096 0.096 0.096 0.096 0.092 0.092 0.092 0.09299999 0.09299999 0.091 0.091 0.0855 0.0855 0.0855 0.08849999 0.08849999 0.0895 0.0895 0.103 0.103 0.0995 0.0995 0.0995 0.0995 0.0995 0.0965 0.0965 0.09550001 0.09550001 0.09550001 0.0975 0.0975 0.099 0.099 0.0985 0.0985 0.0985 0.0975 0.0975 0.0965 0.0965 0.0955 0.0955 0.0955 0.0955 0.0955 0.094 0.094
0.099 0.0935 0.0935 0.0915 0.0915 0.0915 0.09649999 0.09649999 0.09 0.09 0.094 0.094 0.09450001 0.09450001 0.09450001 0.0915 0.0915 0.0935 0.0935 0.093 0.093 0.093 0.093 0.093 0.089 0.089 0.088 0.088 0.088 0.096 0.096 0.096 0.096 0.092 0.092 0.092 0.09299999 0.09299999 0.091 0.091 0.0855 0.0855 0.0855 0.08849999 0.08849999 0.0895 0.0895 0.103 0.103 0.0995 0.0995 0.0995 0.0995 0.0995 0.0965 0.0965 0.09550001 0.09550001 0.09550001 0.0975 0.0975 0.099 0.099 0.0985 0.0985 0.0985 0.0975 0.0975 0.0965 0.0965 0.0955 0.0955 0.0955 0.0955 0.0955 0.094 0.094
0.0985 0.0895 0.0895 0.0915 0.0915 0.0915 0.087 0.087 0.096 0.096 0.098 0.098 0.0925 0.0925 0.0925 0.0975 0.0975 0.0965 0.0965 0.09450001 0.09450001 0.09450001 0.0915 0.0915 0.0915 0.0915 0.094 0.094 0.094 0.092 0.092 0.09299999 0.09299999 0.085 0.085 0.085 0.087 0.087 0.083 0.083 0.083 0.083 0.083 0.0905 0.0905 0.0975 0.0975 0.1055 0.1055 0.0975 0.0975 0.0975 0.094 0.094 0.0945 0.0945 0.0955 0.0955 0.0955 0.0945 0.0945 0.09649999 0.09649999 0.0925 0.0925 0.0925 0.089 0.089 0.0925 0.0925 0.0895 0.0895 0.0895 0.0905 0.0905 0.094 0.094
0.0985 0.0895 0.0895 0.0915 0.0915 0.0915 0.087 0.087 0.096 0.096 0.098 0.098 0.0925 0.0925 0.0925 0.0975 0.0975 0.0965 0.0965 0.09450001 0.09450001 0.09450001 0.0915 0.0915 0.0915 0.0915 0.094 0.094 0.094 0.092 0.092 0.09299999 0.09299999 0.085 0.085 0.085 0.087 0.087 0.083 0.083 0.083 0.083 0.083 0.0905 0.0905 0.0975 0.0975 0.1055 0.1055 0.0975 0.0975 0.0975 0.094 0.094 0.0945 0.0945 0.0955 0.0955 0.0955 0.0945 0.0945 0.09649999 0.09649999 0.0925 0.0925 0.0925 0.089 0.089 0.0925 0.0925 0.0895 0.0895 0.0895 0.0905 0.0905 0.094 0.094
0.0985 0.0895 0.0895 0.0915 0.0915 0.0915 0.087 0.087 0.096 0.096 0.098 0.098 0.0925 0.0925 0.0925 0.0975 0.0975 0.0965 0.0965 0.09450001 0.09450001 0.09450001 0.0915 0.0915 0.0915 0.0915 0.094 0.094 0.094 0.092 0.092 0.09299999 0.09299999 0.085 0.085 0.085 0.087 0.087 0.083 0.083 0.083 0.083 0.083 0.0905 0.0905 0.0975 0.0975 0.1055 0.1055 0.0975 0.0975 0.0975 0.094 0.094 0.0945 0.0945 0.0955 0.0955 0.0955 0.0945 0.0945 0.09649999 0.09649999 0.0925 0.0925 0.0925 0.089 0.089 0.0925 0.0925 0.0895 0.0895 0.0895 0.0905 0.0905 0.094 0.094
0.0925 0.0835 0.0835 0.0895 0.0895 0.0895 0.097 0.097 0.096 0.096 0.1005 0.1005 0.0995 0.0995 0.0995 0.094 0.094 0.0975 0.0975 0.0905 0.0905 0.0905 0.0885 0.0885 0.0905 0.0905 0.09100001 0.09100001 0.09100001 0.087 0.087 0.086 0.086 0.089 0.089 0.089 0.094 0.094 0.0855 0.0855 0.0865 0.0865 0.0865 0.092 0.092 0.09550001 0.09550001 0.09 0.09 0.07700001 0.07700001 0.07700001 0.0795 0.0795 0.092 0.092 0.09450001 0.09450001 0.09450001 0.0975 0.0975 0.098 0.098 0.0995 0.0995 0.0995 0.096 0.096 0.09649999 0.09649999 0.099 0.099 0.099 0.098 0.098 0.092 0.092
0.0925 0.0835 0.0835 0.0895 0.0895 0.0895 0.097 0.097 0.096 0.096 0.1005 0.1005 0.0995 0.0995 0.0995 0.094 0.094 0.0975 0.0975 0.0905 0.0905 0.0905 0.0885 0.0885 0.0905 0.0905 0.09100001 0.09100001 0.09100001 0.087 0.087 0.086 0.086 0.089 0.089 0.089 0.094 0.094 0.0855 0.0855 0.0865 0.0865 0.0865 0.092 0.092 0.09550001 0.09550001 0.09 0.09 0.07700001 0.07700001 0.07700001 0.0795 0.0795 0.092 0.092 0.09450001 0.09450001 0.09450001 0.0975 0.0975 0.098 0.098 0.0995 0.0995 0.0995 0.096 0.096 0.09649999 0.09649999 0.099 0.099 0.099 0.098 0.098 0.092 0.092
0.0985 0.093 0.093 0.0895 0.0895 0.0895 0.095 0.095 0.0935 0.0935 0.097 0.097 0.0975 0.0975 0.0975 0.097 0.097 0.09450001 0.09450001 0.09100001 0.09100001 0.09100001 0.0895 0.0895 0.0915 0.0915 0.09 0.09 0.09 0.0855 0.0855 0.0825 0.0825 0.0835 0.0835 0.0835 0.085 0.085 0.077 0.077 0.075 0.075 0.075 0.0635 0.0635 0.0715 0.0715 0.071 0.071 0.07600001 0.07600001 0.07600001 0.0795 0.0795 0.09 0.09 0.09 0.09 0.09 0.097 0.097 0.1005 0.1005 0.1045 0.1045 0.1045 0.1035 0.1035 0.103 0.103 0.1005 0.1005 0.1005 0.098 0.098 0.094 0.094
0.0985 0.093 0.093 0.0895 0.0895 0.0895 0.095 0.095 0.0935 0.0935 0.097 0.097 0.0975 0.0975 0.0975 0.097 0.097 0.09450001 0.09450001 0.09100001 0.09100001 0.09100001 0.0895 0.0895 0.0915 0.0915 0.09 0.09 0.09 0.0855 0.0855 0.0825 0.0825 0.0835 0.0835 0.0835 0.085 0.085 0.077 0.077 0.075 0.075 0.075 0.0635 0.0635 0.0715 0.0715 0.071 0.071 0.07600001 0.07600001 0.07600001 0.0795 0.0795 0.09 0.09 0.09 0.09 0.09 0.097 0.097 0.1005 0.1005 0.1045 0.1045 0.1045 0.1035 0.1035 0.103 0.103 0.1005 0.1005 0.1005 0.098 0.098 0.094 0.094
0.0895 0.0795 0.0795 0.09 0.09 0.09 0.0855 0.0855 0.08 0.08 0.0865 0.0865 0.0855 0.0855 0.0855 0.08750001 0.08750001 0.082 0.082 0.089 0.089 0.089 0.0825 0.0825 0.0815 0.0815 0.077 0.077 0.077 0.07 0.07 0.0665 0.0665 0.065 0.065 0.065 0.07600001 0.07600001 0.0805 0.0805 0.0945 0.0945 0.0945 0.095 0.095 0.101 0.101 0.0995 0.0995 0.1015 0.1015 0.1015 0.102 0.102 0.102 0.102 0.0975 0.0975 0.0975 0.1005 0.1005 0.104 0.104 0.105 0.105 0.105 0.1055 0.1055 0.1035 0.1035 0.0995 0.0995 0.0995 0.1005 0.1005 0.096 0.096
0.0895 0.0795 0.0795 0.09 0.09 0.09 0.0855 0.0855 0.08 0.08 0.0865 0.0865 0.0855 0.0855 0.0855 0.08750001 0.08750001 0.082 0.082 0.089 0.089 0.089 0.0825 0.0825 0.0815 0.0815 0.077 0.077 0.077 0.07 0.07 0.0665 0.0665 0.065 0.065 0.065 0.07600001 0.07600001 0.0805 0.0805 0.0945 0.0945 0.0945 0.095 0.095 0.101 0.101 0.0995 0.0995 0.1015 0.1015 0.1015 0.102 0.102 0.102 0.102 0.0975 0.0975 0.0975 0.1005 0.1005 0.104 0.104 0.105 0.105 0.105 0.1055 0.1055 0.1035 0.1035 0.0995 0.0995 0.0995 0.1005 0.1005 0.096 0.096
0.0895 0.0795 0.0795 0.09 0.09 0.09 0.0855 0.0855 0.08 0.08 0.0865 0.0865 0.0855 0.0855 0.0855 0.08750001 0.08750001 0.082 0.082 0.089 0.089 0.089 0.0825 0.0825 0.0815 0.0815 0.077 0.077 0.077 0.07 0.07 0.0665 0.0665 0.065 0.065 0.065 0.07600001 0.07600001 0.0805 0.0805 0.0945 0.0945 0.0945 0.095 0.095 0.101 0.101 0.0995 0.0995 0.1015 0.1015 0.1015 0.102 0.102 0.102 0.102 0.0975 0.0975 0.0975 0.1005 0.1005 0.104 0.104 0.105 0.105 0.105 0.1055 0.1055 0.1035 0.1035 0.0995 0.0995 0.0995 0.1005 0.1005 0.096 0.096
0.09450001 0.09 0.09 0.09450001 0.09450001 0.09450001 0.088 0.088 0.0775 0.0775 0.088 0.088 0.088 0.088 0.088 0.0875 0.0875 0.0905 0.0905 0.09450001 0.09450001 0.09450001 0.0885 0.0885 0.08849999 0.08849999 0.0805 0.0805 0.0805 0.0775 0.0775 0.077 0.077 0.092 0.092 0.092 0.104 0.104 0.101 0.101 0.096 0.096 0.096 0.0965 0.0965 0.0985 0.0985 0.097 0.097 0.094 0.094 0.094 0.101 0.101 0.1015 0.1015 0.09900001 0.09900001 0.09900001 0.1015 0.1015 0.1045 0.1045 0.106 0.106 0.106 0.1065 0.1065 0.103 0.103 0.106 0.106 0.106 0.1005 0.1005 0.0935 0.0935
0.09450001 0.09 0.09 0.09450001 0.09450001 0.09450001 0.088 0.088 0.0775 0.0775 0.088 0.088 0.088 0.088 0.088 0.0875 0.0875 0.0905 0.0905 0.09450001 0.09450001 0.09450001 0.0885 0.0885 0.08849999 0.08849999 0.0805 0.0805 0.0805 0.0775 0.0775 0.077 0.077 0.092 0.092 0.092 0.104 0.104 0.101 0.101 0.096 0.096 0.096 0.0965 0.0965 0.0985 0.0985 0.097 0.097 0.094 0.094 0.094 0.101 0.101 0.1015 0.1015 0.09900001 0.09900001 0.09900001 0.1015 0.1015 0.1045 0.1045 0.106 0.106 0.106 0.1065 0.1065 0.103 0.103 0.106 0.106 0.106 0.1005 0.1005 0.0935 0.0935
0.1005 0.091 0.091 0.1005 0.1005 0.1005 0.102 0.102 0.1055 0.1055 0.097 0.097 0.098 0.098 0.098 0.088 0.088 0.0915 0.0915 0.1035 0.1035 0.1035 0.1005 0.1005 0.0995 0.0995 0.0985 0.0985 0.0985 0.09649999 0.09649999 0.118 0.118 0.112 0.112 0.112 0.105 0.105 0.1035 0.1035 0.097 0.097 0.097 0.0985 0.0985 0.0985 0.0985 0.103 0.103 0.0985 0.0985 0.0985 0.099 0.099 0.0975 0.0975 0.1005 0.1005 0.1005 0.09999999 0.09999999 0.1025 0.1025 0.108 0.108 0.108 0.106 0.106 0.1025 0.1025 0.1045 0.1045 0.1045 0.1035 0.1035 0.099 0.099
0.1005 0.091 0.091 0.1005 0.1005 0.1005 0.102 0.102 0.1055 0.1055 0.097 0.097 0.098 0.098 0.098 0.088 0.088 0.0915 0.0915 0.1035 0.1035 0.1035 0.1005 0.1005 0.0995 0.0995 0.0985 0.0985 0.0985 0.09649999 0.09649999 0.118 0.118 0.112 0.112 0.112 0.105 0.105 0.1035 0.1035 0.097 0.097 0.097 0.0985 0.0985 0.0985 0.0985 0.103 0.103 0.0985 0.0985 0.0985 0.099 0.099 0.0975 0.0975 0.1005 0.1005 0.1005 0.09999999 0.09999999 0.1025 0.1025 0.108 0.108 0.108 0.106 0.106 0.1025 0.1025 0.1045 0.1045 0.1045 0.1035 0.1035 0.099 0.099
0.108 0.0985 0.0985 0.116 0.116 0.116 0.123 0.123 0.1135 0.1135 0.114 0.114 0.1175 0.1175 0.1175 0.1245 0.1245 0.114 0.114 0.124 0.124 0.124 0.125 0.125 0.1125 0.1125 0.1115 0.1115 0.1115 0.112 0.112 0.113 0.113 0.105 0.105 0.105 0.1045 0.1045 0.1045 0.1045 0.1055 0.1055 0.1055 0.1005 0.1005 0.101 0.101 0.1025 0.1025 0.1065 0.1065 0.1065 0.1025 0.1025 0.1005 0.1005 0.1015 0.1015 0.1015 0.1 0.1 0.1045 0.1045 0.1085 0.1085 0.1085 0.108 0.108 0.1025 0.1025 0.1025 0.1025 0.1025 0.103 0.103 0.0995 0.0995
0.108 0.0985 0.0985 0.116 0.116 0.116 0.123 0.123 0.1135 0.1135 0.114 0.114 0.1175 0.1175 0.1175 0.1245 0.1245 0.114 0.114 0.124 0.124 0.124 0.125 0.125 0.1125 0.1125 0.1115 0.1115 0.1115 0.112 0.112 0.113 0.113 0.105 0.105 0.105 0.1045 0.1045 0.1045 0.1045 0.1055 0.1055 0.1055 0.1005 0.1005 0.101 0.101 0.1025 0.1025 0.1065 0.1065 0.1065 0.1025 0.1025 0.1005 0.1005 0.1015 0.1015 0.1015 0.1 0.1 0.1045 0.1045 0.1085 0.1085 0.1085 0.108 0.108 0.1025 0.1025 0.1025 0.1025 0.1025 0.103 0.103 0.0995 0.0995
0.108 0.0985 0.0985 0.116 0.116 0.116 0.123 0.123 0.1135 0.1135 0.114 0.114 0.1175 0.1175 0.1175 0.1245 0.1245 0.114 0.114 0.124 0.124 0.124 0.125 0.125 0.1125 0.1125 0.1115 0.1115 0.1115 0.112 0.112 0.113 0.113 0.105 0.105 0.105 0.1045 0.1045 0.1045 0.1045 0.1055 0.1055 0.1055 0.1005 0.1005 0.101 0.101 0.1025 0.1025 0.1065 0.1065 0.1065 0.1025 0.1025 0.1005 0.1005 0.1015 0.1015 0.1015 0.1 0.1 0.1045 0.1045 0.1085 0.1085 0.1085 0.108 0.108 0.1025 0.1025 0.1025 0.1025 0.1025 0.103 0.103 0.0995 0.0995
0.1055 0.1145 0.1145 0.125 0.125 0.125 0.138 0.138 0.1285 0.1285 0.116 0.116 0.122 0.122 0.122 0.12 0.12 0.119 0.119 0.1145 0.1145 0.1145 0.1205 0.1205 0.118 0.118 0.112 0.112 0.112 0.1105 0.1105 0.1065 0.1065 0.109 0.109 0.109 0.111 0.111 0.112 0.112 0.1015 0.1015 0.1015 0.102 0.102 0.1045 0.1045 0.1045 0.1045 0.104 0.104 0.104 0.1025 0.1025 0.1015 0.1015 0.1015 0.1015 0.1015 0.099 0.099 0.1075 0.1075 0.1065 0.1065 0.1065 0.108 0.108 0.1105 0.1105 0.108 0.108 0.108 0.104 0.104 0.1035 0.1035
0.1055 0.1145 0.1145 0.125 0.125 0.125 0.138 0.138 0.1285 0.1285 0.116 0.116 0.122 0.122 0.122 0.12 0.12 0.119 0.119 0.1145 0.1145 0.1145 0.1205 0.1205 0.118 0.118 0.112 0.112 0.112 0.1105 0.1105 0.1065 0.1065 0.109 0.109 0.109 0.111 0.111 0.112 0.112 0.1015 0.1015 0.1015 0.102 0.102 0.1045 0.1045 0.1045 0.1045 0.104 0.104 0.104 0.1025 0.1025 0.1015 0.1015 0.1015 0.1015 0.1015 0.099 0.099 0.1075 0.1075 0.1065 0.1065 0.1065 0.108 0.108 0.1105 0.1105 0.108 0.108 0.108 0.104 0.104 0.1035 0.1035
0.1145 0.108 0.108 0.127 0.127 0.127 0.1155 0.1155 0.106 0.106 0.11 0.11 0.1045 0.1045 0.1045 0.117 0.117 0.108 0.108 0.115 0.115 0.115 0.116 0.116 0.1175 0.1175 0.1135 0.1135 0.1135 0.1105 0.1105 0.111 0.111 0.106 0.106 0.106 0.111 0.111 0.1135 0.1135 0.1155 0.1155 0.1155 0.1095 0.1095 0.11 0.11 0.108 0.108 0.1075 0.1075 0.1075 0.108 0.108 0.1065 0.1065 0.104 0.104 0.104 0.1065 0.1065 0.1105 0.1105 0.108 0.108 0.108 0.1175 0.1175 0.117 0.117 0.11 0.11 0.11 0.1055 0.1055 0.102 0.102
0.1145 0.108 0.108 0.127 0.127 0.127 0.1155 0.1155 0.106 0.106 0.11 0.11 0.1045 0.1045 0.1045 0.117 0.117 0.108 0.108 0.115 0.115 0.115 0.116 0.116 0.1175 0.1175 0.1135 0.1135 0.1135 0.1105 0.1105 0.111 0.111 0.106 0.106 0.106 0.111 0.111 0.1135 0.1135 0.1155 0.1155 0.1155 0.1095 0.1095 0.11 0.11 0.108 0.108 0.1075 0.1075 0.1075 0.108 0.108 0.1065 0.1065 0.104 0.104 0.104 0.1065 0.1065 0.1105 0.1105 0.108 0.108 0.108 0.1175 0.1175 0.117 0.117 0.11 0.11 0.11 0.1055 0.1055 0.102 0.102
0.1285 0.119 0.119 0.111 0.111 0.111 0.125 0.125 0.1185 0.1185 0.097 0.097 0.0905 0.0905 0.0905 0.0985 0.0985 0.1025 0.1025 0.107 0.107 0.107 0.111 0.111 0.0995 0.0995 0.1085 0.1085 0.1085 0.1085 0.1085 0.1105 0.1105 0.1075 0.1075 0.1075 0.118 0.118 0.1095 0.1095 0.1095 0.1095 0.1095 0.1075 0.1075 0.111 0.111 0.1275 0.1275 0.1255 0.1255 0.1255 0.121 0.121 0.11 0.11 0.1085 0.1085 0.1085 0.1105 0.1105 0.112 0.112 0.113 0.113 0.113 0.1125 0.1125 0.1085 0.1085 0.1115 0.1115 0.1115 0.112 0.112 0.103 0.103
0.1285 0.119 0.119 0.111 0.111 0.111 0.125 0.125 0.1185 0.1185 0.097 0.097 0.0905 0.0905 0.0905 0.0985 0.0985 0.1025 0.1025 0.107 0.107 0.107 0.111 0.111 0.0995 0.0995 0.1085 0.1085 0.1085 0.1085 0.1085 0.1105 0.1105 0.1075 0.1075 0.1075 0.118 0.118 0.1095 0.1095 0.1095 0.1095 0.1095 0.1075 0.1075 0.111 0.111 0.1275 0.1275 0.1255 0.1255 0.1255 0.121 0.121 0.11 0.11 0.1085 0.1085 0.1085 0.1105 0.1105 0.112 0.112 0.113 0.113 0.113 0.1125 0.1125 0.1085 0.1085 0.1115 0.1115 0.1115 0.112 0.112 0.103 0.103
