ndvi/NOAA-14.asc
ncols         252
nrows         154
xllcorner     -18.017974
yllcorner     13.481982
cellsize      0.035948
NODATA_value  -9999
[rows 0 to 33 of 154, columns 154 to 230 of 252]
0.0985 0.092 0.092 0.102 0.102 0.102 0.1055 0.1055 0.1045 0.1045 0.1065 0.1065 0.103 0.103 0.103 0.1085 0.1085 0.109 0.109 0.1045 0.1045 0.1045 0.105 0.105 0.1075 0.1075 0.107 0.107 0.107 0.107 0.107 0.1055 0.1055 0.1055 0.1055 0.1055 0.1065 0.1065 0.104 0.104 0.1 0.1 0.1 0.1105 0.1105 0.1075 0.1075 0.109 0.109 0.1115 0.1115 0.1115 0.111 0.111 0.1125 0.1125 0.1085 0.1085 0.1085 0.1115 0.1115 0.1055 0.1055 0.1045 0.1045 0.1045 0.102 0.102 0.1005 0.1005 0.0975 0.0975 0.0975 0.097 0.097 0.0925 0.0925
0.0985 0.092 0.092 0.102 0.102 0.102 0.1055 0.1055 0.1045 0.1045 0.1065 0.1065 0.103 0.103 0.103 0.1085 0.1085 0.109 0.109 0.1045 0.1045 0.1045 0.105 0.105 0.1075 0.1075 0.107 0.107 0.107 0.107 0.107 0.1055 0.1055 0.1055 0.1055 0.1055 0.1065 0.1065 0.104 0.104 0.1 0.1 0.1 0.1105 0.1105 0.1075 0.1075 0.109 0.109 0.1115 0.1115 0.1115 0.111 0.111 0.1125 0.1125 0.1085 0.1085 0.1085 0.1115 0.1115 0.1055 0.1055 0.1045 0.1045 0.1045 0.102 0.102 0.1005 0.1005 0.0975 0.0975 0.0975 0.097 0.097 0.0925 0.0925
0.0995 0.1045 0.1045 0.104 0.104 0.104 0.109 0.109 0.1085 0.1085 0.1055 0.1055 0.1065 0.1065 0.1065 0.104 0.104 0.1045 0.1045 0.1085 0.1085 0.1085 0.1075 0.1075 0.107 0.107 0.1105 0.1105 0.1105 0.107 0.107 0.106 0.106 0.112 0.112 0.112 0.115 0.115 0.118 0.118 0.1135 0.1135 0.1135 0.1225 0.1225 0.1195 0.1195 0.1135 0.1135 0.1175 0.1175 0.1175 0.1165 0.1165 0.115 0.115 0.115 0.115 0.115 0.117 0.117 0.1075 0.1075 0.1045 0.1045 0.1045 0.105 0.105 0.1015 0.1015 0.1 0.1 0.1 0.098 0.098 0.09450001 0.09450001
0.0995 0.1045 0.1045 0.104 0.104 0.104 0.109 0.109 0.1085 0.1085 0.1055 0.1055 0.1065 0.1065 0.1065 0.104 0.104 0.1045 0.1045 0.1085 0.1085 0.1085 0.1075 0.1075 0.107 0.107 0.1105 0.1105 0.1105 0.107 0.107 0.106 0.106 0.112 0.112 0.112 0.115 0.115 0.118 0.118 0.1135 0.1135 0.1135 0.1225 0.1225 0.1195 0.1195 0.1135 0.1135 0.1175 0.1175 0.1175 0.1165 0.1165 0.115 0.115 0.115 0.115 0.115 0.117 0.117 0.1075 0.1075 0.1045 0.1045 0.1045 0.105 0.105 0.1015 0.1015 0.1 0.1 0.1 0.098 0.098 0.09450001 0.09450001
0.0995 0.1045 0.1045 0.104 0.104 0.104 0.109 0.109 0.1085 0.1085 0.1055 0.1055 0.1065 0.1065 0.1065 0.104 0.104 0.1045 0.1045 0.1085 0.1085 0.1085 0.1075 0.1075 0.107 0.107 0.1105 0.1105 0.1105 0.107 0.107 0.106 0.106 0.112 0.112 0.112 0.115 0.115 0.118 0.118 0.1135 0.1135 0.1135 0.1225 0.1225 0.1195 0.1195 0.1135 0.1135 0.1175 0.1175 0.1175 0.1165 0.1165 0.115 0.115 0.115 0.115 0.115 0.117 0.117 0.1075 0.1075 0.1045 0.1045 0.1045 0.105 0.105 0.1015 0.1015 0.1 0.1 0.1 0.098 0.098 0.09450001 0.09450001
0.104 0.105 0.105 0.1055 0.1055 0.1055 0.1095 0.1095 0.1015 0.1015 0.1055 0.1055 0.1075 0.1075 0.1075 0.1115 0.1115 0.111 0.111 0.107 0.107 0.107 0.113 0.113 0.118 0.118 0.1185 0.1185 0.1185 0.119 0.119 0.1175 0.1175 0.1145 0.1145 0.1145 0.118 0.118 0.1125 0.1125 0.117 0.117 0.117 0.119 0.119 0.118 0.118 0.12 0.12 0.118 0.118 0.118 0.117 0.117 0.112 0.112 0.113 0.113 0.113 0.113 0.113 0.1125 0.1125 0.1095 0.1095 0.1095 0.103 0.103 0.105 0.105 0.1 0.1 0.1 0.1005 0.1005 0.0995 0.0995
0.104 0.105 0.105 0.1055 0.1055 0.1055 0.1095 0.1095 0.1015 0.1015 0.1055 0.1055 0.1075 0.1075 0.1075 0.1115 0.1115 0.111 0.111 0.107 0.107 0.107 0.113 0.113 0.118 0.118 0.1185 0.1185 0.1185 0.119 0.119 0.1175 0.1175 0.1145 0.1145 0.1145 0.118 0.118 0.1125 0.1125 0.117 0.117 0.117 0.119 0.119 0.118 0.118 0.12 0.12 0.118 0.118 0.118 0.117 0.117 0.112 0.112 0.113 0.113 0.113 0.113 0.113 0.1125 0.1125 0.1095 0.1095 0.1095 0.103 0.103 0.105 0.105 0.1 0.1 0.1 0.1005 0.1005 0.0995 0.0995
0.1045 0.1045 0.1045 0.1085 0.1085 0.1085 0.111 0.111 0.114 0.114 0.109 0.109 0.1075 0.1075 0.1075 0.1055 0.1055 0.112 0.112 0.1155 0.1155 0.1155 0.1155 0.1155 0.1125 0.1125 0.116 0.116 0.116 0.108 0.108 0.1125 0.1125 0.1085 0.1085 0.1085 0.111 0.111 0.113 0.113 0.11 0.11 0.11 0.1125 0.1125 0.1095 0.1095 0.117 0.117 0.118 0.118 0.118 0.117 0.117 0.1165 0.1165 0.113 0.113 0.113 0.113 0.113 0.1145 0.1145 0.112 0.112 0.112 0.109 0.109 0.1045 0.1045 0.1065 0.1065 0.1065 0.103 0.103 0.104 0.104
0.1045 0.1045 0.1045 0.1085 0.1085 0.1085 0.111 0.111 0.114 0.114 0.109 0.109 0.1075 0.1075 0.1075 0.1055 0.1055 0.112 0.112 0.1155 0.1155 0.1155 0.1155 0.1155 0.1125 0.1125 0.116 0.116 0.116 0.108 0.108 0.1125 0.1125 0.1085 0.1085 0.1085 0.111 0.111 0.113 0.113 0.11 0.11 0.11 0.1125 0.1125 0.1095 0.1095 0.117 0.117 0.118 0.118 0.118 0.117 0.117 0.1165 0.1165 0.113 0.113 0.113 0.113 0.113 0.1145 0.1145 0.112 0.112 0.112 0.109 0.109 0.1045 0.1045 0.1065 0.1065 0.1065 0.103 0.103 0.104 0.104
0.1105 0.109 0.109 0.1055 0.1055 0.1055 0.1045 0.1045 0.104 0.104 0.11 0.11 0.1095 0.1095 0.1095 0.1145 0.1145 0.1165 0.1165 0.1165 0.1165 0.1165 0.113 0.113 0.1175 0.1175 0.11 0.11 0.11 0.109 0.109 0.1095 0.1095 0.108 0.108 0.108 0.1055 0.1055 0.1005 0.1005 0.103 0.103 0.103 0.102 0.102 0.105 0.105 0.122 0.122 0.121 0.121 0.121 0.1175 0.1175 0.113 0.113 0.117 0.117 0.117 0.1125 0.1125 0.113 0.113 0.11 0.11 0.11 0.1075 0.1075 0.107 0.107 0.1065 0.1065 0.1065 0.1025 0.1025 0.104 0.104
0.1105 0.109 0.109 0.1055 0.1055 0.1055 0.1045 0.1045 0.104 0.104 0.11 0.11 0.1095 0.1095 0.1095 0.1145 0.1145 0.1165 0.1165 0.1165 0.1165 0.1165 0.113 0.113 0.1175 0.1175 0.11 0.11 0.11 0.109 0.109 0.1095 0.1095 0.108 0.108 0.108 0.1055 0.1055 0.1005 0.1005 0.103 0.103 0.103 0.102 0.102 0.105 0.105 0.122 0.122 0.121 0.121 0.121 0.1175 0.1175 0.113 0.113 0.117 0.117 0.117 0.1125 0.1125 0.113 0.113 0.11 0.11 0.11 0.1075 0.1075 0.107 0.107 0.1065 0.1065 0.1065 0.1025 0.1025 0.104 0.104
0.113 0.1065 0.1065 0.105 0.105 0.105 0.102 0.102 0.1085 0.1085 0.1075 0.1075 0.11 0.11 0.11 0.1145 0.1145 0.1155 0.1155 0.113 0.113 0.113 0.11 0.11 0.109 0.109 0.113 0.113 0.113 0.1075 0.1075 0.1035 0.1035 0.101 0.101 0.101 0.101 0.101 0.096 0.096 0.0995 0.0995 0.0995 0.11 0.11 0.115 0.115 0.122 0.122 0.116 0.116 0.116 0.1135 0.1135 0.114 0.114 0.114 0.114 0.114 0.1075 0.1075 0.09999999 0.09999999 0.0925 0.0925 0.0925 0.0915 0.0915 0.099 0.099 0.09450001 0.09450001 0.09450001 0.0975 0.0975 0.107 0.107
0.113 0.1065 0.1065 0.105 0.105 0.105 0.102 0.102 0.1085 0.1085 0.1075 0.1075 0.11 0.11 0.11 0.1145 0.1145 0.1155 0.1155 0.113 0.113 0.113 0.11 0.11 0.109 0.109 0.113 0.113 0.113 0.1075 0.1075 0.1035 0.1035 0.101 0.101 0.101 0.101 0.101 0.096 0.096 0.0995 0.0995 0.0995 0.11 0.11 0.115 0.115 0.122 0.122 0.116 0.116 0.116 0.1135 0.1135 0.114 0.114 0.114 0.114 0.114 0.1075 0.1075 0.09999999 0.09999999 0.0925 0.0925 0.0925 0.0915 0.0915 0.099 0.099 0.09450001 0.09450001 0.09450001 0.0975 0.0975 0.107 0.107
0.113 0.1065 0.1065 0.105 0.105 0.105 0.102 0.102 0.1085 0.1085 0.1075 0.1075 0.11 0.11 0.11 0.1145 0.1145 0.1155 0.1155 0.113 0.113 0.113 0.11 0.11 0.109 0.109 0.113 0.113 0.113 0.1075 0.1075 0.1035 0.1035 0.101 0.101 0.101 0.101 0.101 0.096 0.096 0.0995 0.0995 0.0995 0.11 0.11 0.115 0.115 0.122 0.122 0.116 0.116 0.116 0.1135 0.1135 0.114 0.114 0.114 0.114 0.114 0.1075 0.1075 0.09999999 0.09999999 0.0925 0.0925 0.0925 0.0915 0.0915 0.099 0.099 0.09450001 0.09450001 0.09450001 0.0975 0.0975 0.107 0.107
0.114 0.1035 0.1035 0.1125 0.1125 0.1125 0.107 0.107 0.1145 0.1145 0.111 0.111 0.114 0.114 0.114 0.114 0.114 0.1145 0.1145 0.117 0.117 0.117 0.1115 0.1115 0.106 0.106 0.102 0.102 0.102 0.107 0.107 0.11 0.11 0.105 0.105 0.105 0.1045 0.1045 0.102 0.102 0.1025 0.1025 0.1025 0.1115 0.1115 0.1115 0.1115 0.1085 0.1085 0.096 0.096 0.096 0.098 0.098 0.1105 0.1105 0.1115 0.1115 0.1115 0.0985 0.0985 0.0905 0.0905 0.0935 0.0935 0.0935 0.0915 0.0915 0.094 0.094 0.0945 0.0945 0.0945 0.09450001 0.09450001 0.1055 0.1055
0.114 0.1035 0.1035 0.1125 0.1125 0.1125 0.107 0.107 0.1145 0.1145 0.111 0.111 0.114 0.114 0.114 0.114 0.114 0.1145 0.1145 0.117 0.117 0.117 0.1115 0.1115 0.106 0.106 0.102 0.102 0.102 0.107 0.107 0.11 0.11 0.105 0.105 0.105 0.1045 0.1045 0.102 0.102 0.1025 0.1025 0.1025 0.1115 0.1115 0.1115 0.1115 0.1085 0.1085 0.096 0.096 0.096 0.098 0.098 0.1105 0.1105 0.1115 0.1115 0.1115 0.0985 0.0985 0.0905 0.0905 0.0935 0.0935 0.0935 0.0915 0.0915 0.094 0.094 0.0945 0.0945 0.0945 0.09450001 0.09450001 0.1055 0.1055
0.117 0.109 0.109 0.1075 0.1075 0.1075 0.11 0.11 0.109 0.109 0.1145 0.1145 0.115 0.115 0.115 0.1125 0.1125 0.1165 0.1165 0.1135 0.1135 0.1135 0.115 0.115 0.111 0.111 0.1075 0.1075 0.1075 0.107 0.107 0.106 0.106 0.104 0.104 0.104 0.102 0.102 0.0885 0.0885 0.0915 0.0915 0.0915 0.085 0.085 0.085 0.085 0.073 0.073 0.07 0.07 0.07 0.0825 0.0825 0.09100001 0.09100001 0.0975 0.0975 0.0975 0.1025 0.1025 0.101 0.101 0.095 0.095 0.095 0.095 0.095 0.0925 0.0925 0.099 0.099 0.099 0.0995 0.0995 0.103 0.103
0.117 0.109 0.109 0.1075 0.1075 0.1075 0.11 0.11 0.109 0.109 0.1145 0.1145 0.115 0.115 0.115 0.1125 0.1125 0.1165 0.1165 0.1135 0.1135 0.1135 0.115 0.115 0.111 0.111 0.1075 0.1075 0.1075 0.107 0.107 0.106 0.106 0.104 0.104 0.104 0.102 0.102 0.0885 0.0885 0.0915 0.0915 0.0915 0.085 0.085 0.085 0.085 0.073 0.073 0.07 0.07 0.07 0.0825 0.0825 0.09100001 0.09100001 0.0975 0.0975 0.0975 0.1025 0.1025 0.101 0.101 0.095 0.095 0.095 0.095 0.095 0.0925 0.0925 0.099 0.099 0.099 0.0995 0.0995 0.103 0.103
0.108 0.1445 0.1445 0.138 0.138 0.138 0.0995 0.0995 0.0955 0.0955 0.0915 0.0915 0.104 0.104 0.104 0.097 0.097 0.1025 0.1025 0.102 0.102 0.102 0.096 0.096 0.093 0.093 0.0895 0.0895 0.0895 0.0795 0.0795 0.0815 0.0815 0.083 0.083 0.083 0.09649999 0.09649999 0.1 0.1 0.111 0.111 0.111 0.1 0.1 0.1175 0.1175 0.1125 0.1125 0.1125 0.1125 0.1125 0.1065 0.1065 0.1055 0.1055 0.105 0.105 0.105 0.1045 0.1045 0.1045 0.1045 0.099 0.099 0.099 0.09649999 0.09649999 0.1025 0.1025 0.101 0.101 0.101 0.1045 0.1045 0.104 0.104
0.108 0.1445 0.1445 0.138 0.138 0.138 0.0995 0.0995 0.0955 0.0955 0.0915 0.0915 0.104 0.104 0.104 0.097 0.097 0.1025 0.1025 0.102 0.102 0.102 0.096 0.096 0.093 0.093 0.0895 0.0895 0.0895 0.0795 0.0795 0.0815 0.0815 0.083 0.083 0.083 0.09649999 0.09649999 0.1 0.1 0.111 0.111 0.111 0.1 0.1 0.1175 0.1175 0.1125 0.1125 0.1125 0.1125 0.1125 0.1065 0.1065 0.1055 0.1055 0.105 0.105 0.105 0.1045 0.1045 0.1045 0.1045 0.099 0.099 0.099 0.09649999 0.09649999 0.1025 0.1025 0.101 0.101 0.101 0.1045 0.1045 0.104 0.104
0.108 0.1445 0.1445 0.138 0.138 0.138 0.0995 0.0995 0.0955 0.0955 0.0915 0.0915 0.104 0.104 0.104 0.097 0.097 0.1025 0.1025 0.102 0.102 0.102 0.096 0.096 0.093 0.093 0.0895 0.0895 0.0895 0.0795 0.0795 0.0815 0.0815 0.083 0.083 0.083 0.09649999 0.09649999 0.1 0.1 0.111 0.111 0.111 0.1 0.1 0.1175 0.1175 0.1125 0.1125 0.1125 0.1125 0.1125 0.1065 0.1065 0.1055 0.1055 0.105 0.105 0.105 0.1045 0.1045 0.1045 0.1045 0.099 0.099 0.099 0.09649999 0.09649999 0.1025 0.1025 0.101 0.101 0.101 0.1045 0.1045 0.104 0.104
0.117 0.1295 0.1295 0.1305 0.1305 0.1305 0.109 0.109 0.1 0.1 0.1025 0.1025 0.101 0.101 0.101 0.1105 0.1105 0.1135 0.1135 0.1045 0.1045 0.1045 0.107 0.107 0.0995 0.0995 0.0885 0.0885 0.0885 0.094 0.094 0.0845 0.0845 0.09999999 0.09999999 0.09999999 0.118 0.118 0.123 0.123 0.1115 0.1115 0.1115 0.1105 0.1105 0.1125 0.1125 0.1115 0.1115 0.109 0.109 0.109 0.1065 0.1065 0.107 0.107 0.104 0.104 0.104 0.1055 0.1055 0.1115 0.1115 0.111 0.111 0.111 0.1095 0.1095 0.1075 0.1075 0.107 0.107 0.107 0.11 0.11 0.0975 0.0975
0.117 0.1295 0.1295 0.1305 0.1305 0.1305 0.109 0.109 0.1 0.1 0.1025 0.1025 0.101 0.101 0.101 0.1105 0.1105 0.1135 0.1135 0.1045 0.1045 0.1045 0.107 0.107 0.0995 0.0995 0.0885 0.0885 0.0885 0.094 0.094 0.0845 0.0845 0.09999999 0.09999999 0.09999999 0.118 0.118 0.123 0.123 0.1115 0.1115 0.1115 0.1105 0.1105 0.1125 0.1125 0.1115 0.1115 0.109 0.109 0.109 0.1065 0.1065 0.107 0.107 0.104 0.104 0.104 0.1055 0.1055 0.1115 0.1115 0.111 0.111 0.111 0.1095 0.1095 0.1075 0.1075 0.107 0.107 0.107 0.11 0.11 0.0975 0.0975
0.121 0.118 0.118 0.1365 0.1365 0.1365 0.1255 0.1255 0.109 0.109 0.106 0.106 0.108 0.108 0.108 0.106 0.106 0.1125 0.1125 0.1255 0.1255 0.1255 0.1275 0.1275 0.121 0.121 0.118 0.118 0.118 0.115 0.115 0.1185 0.1185 0.1245 0.1245 0.1245 0.127 0.127 0.116 0.116 0.115 0.115 0.115 0.114 0.114 0.1105 0.1105 0.1135 0.1135 0.108 0.108 0.108 0.105 0.105 0.1065 0.1065 0.107 0.107 0.107 0.1085 0.1085 0.1085 0.1085 0.1135 0.1135 0.1135 0.1135 0.1135 0.108 0.108 0.1105 0.1105 0.1105 0.1075 0.1075 0.0955 0.0955
0.121 0.118 0.118 0.1365 0.1365 0.1365 0.1255 0.1255 0.109 0.109 0.106 0.106 0.108 0.108 0.108 0.106 0.106 0.1125 0.1125 0.1255 0.1255 0.1255 0.1275 0.1275 0.121 0.121 0.118 0.118 0.118 0.115 0.115 0.1185 0.1185 0.1245 0.1245 0.1245 0.127 0.127 0.116 0.116 0.115 0.115 0.115 0.114 0.114 0.1105 0.1105 0.1135 0.1135 0.108 0.108 0.108 0.105 0.105 0.1065 0.1065 0.107 0.107 0.107 0.1085 0.1085 0.1085 0.1085 0.1135 0.1135 0.1135 0.1135 0.1135 0.108 0.108 0.1105 0.1105 0.1105 0.1075 0.1075 0.0955 0.0955
0.1215 0.1135 0.1135 0.1425 0.1425 0.1425 0.1625 0.1625 0.145 0.145 0.1385 0.1385 0.136 0.136 0.136 0.1385 0.1385 0.137 0.137 0.1405 0.1405 0.1405 0.14 0.14 0.1335 0.1335 0.131 0.131 0.131 0.1335 0.1335 0.133 0.133 0.1255 0.1255 0.1255 0.123 0.123 0.1145 0.1145 0.1175 0.1175 0.1175 0.113 0.113 0.1145 0.1145 0.118 0.118 0.118 0.118 0.118 0.113 0.113 0.11 0.11 0.1105 0.1105 0.1105 0.11 0.11 0.108 0.108 0.115 0.115 0.115 0.1115 0.1115 0.108 0.108 0.1065 0.1065 0.1065 0.109 0.109 0.104 0.104
0.1215 0.1135 0.1135 0.1425 0.1425 0.1425 0.1625 0.1625 0.145 0.145 0.1385 0.1385 0.136 0.136 0.136 0.1385 0.1385 0.137 0.137 0.1405 0.1405 0.1405 0.14 0.14 0.1335 0.1335 0.131 0.131 0.131 0.1335 0.1335 0.133 0.133 0.1255 0.1255 0.1255 0.123 0.123 0.1145 0.1145 0.1175 0.1175 0.1175 0.113 0.113 0.1145 0.1145 0.118 0.118 0.118 0.118 0.118 0.113 0.113 0.11 0.11 0.1105 0.1105 0.1105 0.11 0.11 0.108 0.108 0.115 0.115 0.115 0.1115 0.1115 0.108 0.108 0.1065 0.1065 0.1065 0.109 0.109 0.104 0.104
0.1215 0.1135 0.1135 0.1425 0.1425 0.1425 0.1625 0.1625 0.145 0.145 0.1385 0.1385 0.136 0.136 0.136 0.1385 0.1385 0.137 0.137 0.1405 0.1405 0.1405 0.14 0.14 0.1335 0.1335 0.131 0.131 0.131 0.1335 0.1335 0.133 0.133 0.1255 0.1255 0.1255 0.123 0.123 0.1145 0.1145 0.1175 0.1175 0.1175 0.113 0.113 0.1145 0.1145 0.118 0.118 0.118 0.118 0.118 0.113 0.113 0.11 0.11 0.1105 0.1105 0.1105 0.11 0.11 0.108 0.108 0.115 0.115 0.115 0.1115 0.1115 0.108 0.108 0.1065 0.1065 0.1065 0.109 0.109 0.104 0.104
0.123 0.12 0.12 0.152 0.152 0.152 0.1725 0.1725 0.173 0.173 0.1405 0.1405 0.136 0.136 0.136 0.136 0.136 0.136 0.136 0.1425 0.1425 0.1425 0.139 0.139 0.132 0.132 0.127 0.127 0.127 0.1275 0.1275 0.121 0.121 0.118 0.118 0.118 0.115 0.115 0.118 0.118 0.113 0.113 0.113 0.114 0.114 0.118 0.118 0.1235 0.1235 0.121 0.121 0.121 0.117 0.117 0.113 0.113 0.1115 0.1115 0.1115 0.1075 0.1075 0.116 0.116 0.1175 0.1175 0.1175 0.114 0.114 0.117 0.117 0.11 0.11 0.11 0.1075 0.1075 0.1065 0.1065
0.123 0.12 0.12 0.152 0.152 0.152 0.1725 0.1725 0.173 0.173 0.1405 0.1405 0.136 0.136 0.136 0.136 0.136 0.136 0.136 0.1425 0.1425 0.1425 0.139 0.139 0.132 0.132 0.127 0.127 0.127 0.1275 0.1275 0.121 0.121 0.118 0.118 0.118 0.115 0.115 0.118 0.118 0.113 0.113 0.113 0.114 0.114 0.118 0.118 0.1235 0.1235 0.121 0.121 0.121 0.117 0.117 0.113 0.113 0.1115 0.1115 0.1115 0.1075 0.1075 0.116 0.116 0.1175 0.1175 0.1175 0.114 0.114 0.117 0.117 0.11 0.11 0.11 0.1075 0.1075 0.1065 0.1065
0.1295 0.114 0.114 0.137 0.137 0.137 0.1465 0.1465 0.1635 0.1635 0.1295 0.1295 0.122 0.122 0.122 0.1245 0.1245 0.1265 0.1265 0.136 0.136 0.136 0.1285 0.1285 0.131 0.131 0.1305 0.1305 0.1305 0.141 0.141 0.124 0.124 0.1215 0.1215 0.1215 0.1165 0.1165 0.119 0.119 0.12 0.12 0.12 0.1195 0.1195 0.1205 0.1205 0.1215 0.1215 0.122 0.122 0.122 0.125 0.125 0.124 0.124 0.119 0.119 0.119 0.117 0.117 0.1205 0.1205 0.1185 0.1185 0.1185 0.1215 0.1215 0.122 0.122 0.1115 0.1115 0.1115 0.107 0.107 0.1095 0.1095
0.1295 0.114 0.114 0.137 0.137 0.137 0.1465 0.1465 0.1635 0.1635 0.1295 0.1295 0.122 0.122 0.122 0.1245 0.1245 0.1265 0.1265 0.136 0.136 0.136 0.1285 0.1285 0.131 0.131 0.1305 0.1305 0.1305 0.141 0.141 0.124 0.124 0.1215 0.1215 0.1215 0.1165 0.1165 0.119 0.119 0.12 0.12 0.12 0.1195 0.1195 0.1205 0.1205 0.1215 0.1215 0.122 0.122 0.122 0.125 0.125 0.124 0.124 0.119 0.119 0.119 0.117 0.117 0.1205 0.1205 0.1185 0.1185 0.1185 0.1215 0.1215 0.122 0.122 0.1115 0.1115 0.1115 0.107 0.107 0.1095 0.1095
0.1405 0.1285 0.1285 0.128 0.128 0.128 0.135 0.135 0.122 0.122 0.1095 0.1095 0.09900001 0.09900001 0.09900001 0.1025 0.1025 0.111 0.111 0.116 0.116 0.116 0.111 0.111 0.127 0.127 0.1245 0.1245 0.1245 0.1355 0.1355 0.131 0.131 0.128 0.128 0.128 0.1205 0.1205 0.127 0.127 0.13 0.13 0.13 0.13 0.13 0.1295 0.1295 0.1375 0.1375 0.134 0.134 0.134 0.1335 0.1335 0.1285 0.1285 0.1275 0.1275 0.1275 0.126 0.126 0.1225 0.1225 0.1225 0.1225 0.1225 0.122 0.122 0.121 0.121 0.1165 0.1165 0.1165 0.1145 0.1145 0.113 0.113
0.1405 0.1285 0.1285 0.128 0.128 0.128 0.135 0.135 0.122 0.122 0.1095 0.1095 0.09900001 0.09900001 0.09900001 0.1025 0.1025 0.111 0.111 0.116 0.116 0.116 0.111 0.111 0.127 0.127 0.1245 0.1245 0.1245 0.1355 0.1355 0.131 0.131 0.128 0.128 0.128 0.1205 0.1205 0.127 0.127 0.13 0.13 0.13 0.13 0.13 0.1295 0.1295 0.1375 0.1375 0.134 0.134 0.134 0.1335 0.1335 0.1285 0.1285 0.1275 0.1275 0.1275 0.126 0.126 0.1225 0.1225 0.1225 0.1225 0.1225 0.122 0.122 0.121 0.121 0.1165 0.1165 0.1165 0.1145 0.1145 0.113 0.113
