ndvi/NOAA-187.asc
ncols         252
nrows         154
xllcorner     -18.017974
yllcorner     13.481982
cellsize      0.035948
NODATA_value  -9999
[rows 35 to 69 of 154, columns 77 to 153 of 252]
0.163 0.163 0.157 0.157 0.154 0.154 0.1445 0.1445 0.1445 0.145 0.145 0.149 0.149 0.1465 0.1465 0.1585 0.1585 0.1585 0.1605 0.1605 0.1705 0.1705 0.1695 0.1695 0.1695 0.165 0.165 0.1655 0.1655 0.162 0.162 0.162 0.1745 0.1745 0.1705 0.1705 0.1645 0.1645 0.1645 0.169 0.169 0.176 0.176 0.1765 0.1765 0.1765 0.1625 0.1625 0.1575 0.1575 0.1575 0.1575 0.152 0.152 0.152 0.1415 0.1415 0.1475 0.1475 0.1415 0.1415 0.1415 0.142 0.142 0.1625 0.1625 0.168 0.168 0.168 0.1465 0.1465 0.129 0.129 0.132 0.132 0.132 0.1315
0.163 0.163 0.157 0.157 0.154 0.154 0.1445 0.1445 0.1445 0.145 0.145 0.149 0.149 0.1465 0.1465 0.1585 0.1585 0.1585 0.1605 0.1605 0.1705 0.1705 0.1695 0.1695 0.1695 0.165 0.165 0.1655 0.1655 0.162 0.162 0.162 0.1745 0.1745 0.1705 0.1705 0.1645 0.1645 0.1645 0.169 0.169 0.176 0.176 0.1765 0.1765 0.1765 0.1625 0.1625 0.1575 0.1575 0.1575 0.1575 0.152 0.152 0.152 0.1415 0.1415 0.1475 0.1475 0.1415 0.1415 0.1415 0.142 0.142 0.1625 0.1625 0.168 0.168 0.168 0.1465 0.1465 0.129 0.129 0.132 0.132 0.132 0.1315
0.174 0.174 0.1865 0.1865 0.173 0.173 0.1685 0.1685 0.1685 0.183 0.183 0.1775 0.1775 0.179 0.179 0.157 0.157 0.157 0.173 0.173 0.177 0.177 0.1865 0.1865 0.1865 0.1865 0.1865 0.188 0.188 0.19 0.19 0.19 0.188 0.188 0.182 0.182 0.176 0.176 0.176 0.1795 0.1795 0.181 0.181 0.2 0.2 0.2 0.1885 0.1885 0.179 0.179 0.177 0.177 0.1665 0.1665 0.1665 0.1665 0.1665 0.173 0.173 0.17 0.17 0.17 0.1585 0.1585 0.159 0.159 0.1515 0.1515 0.1515 0.144 0.144 0.1225 0.1225 0.135 0.135 0.135 0.137
0.174 0.174 0.1865 0.1865 0.173 0.173 0.1685 0.1685 0.1685 0.183 0.183 0.1775 0.1775 0.179 0.179 0.157 0.157 0.157 0.173 0.173 0.177 0.177 0.1865 0.1865 0.1865 0.1865 0.1865 0.188 0.188 0.19 0.19 0.19 0.188 0.188 0.182 0.182 0.176 0.176 0.176 0.1795 0.1795 0.181 0.181 0.2 0.2 0.2 0.1885 0.1885 0.179 0.179 0.177 0.177 0.1665 0.1665 0.1665 0.1665 0.1665 0.173 0.173 0.17 0.17 0.17 0.1585 0.1585 0.159 0.159 0.1515 0.1515 0.1515 0.144 0.144 0.1225 0.1225 0.135 0.135 0.135 0.137
0.176 0.176 0.178 0.178 0.184 0.184 0.184 0.184 0.184 0.186 0.186 0.1845 0.1845 0.1815 0.1815 0.1685 0.1685 0.1685 0.167 0.167 0.1645 0.1645 0.1775 0.1775 0.1775 0.1765 0.1765 0.1895 0.1895 0.1925 0.1925 0.1925 0.19 0.19 0.1975 0.1975 0.1885 0.1885 0.1885 0.1925 0.1925 0.1975 0.1975 0.2175 0.2175 0.2175 0.2065 0.2065 0.1855 0.1855 0.1805 0.1805 0.2455 0.2455 0.2455 0.216 0.216 0.21 0.21 0.1905 0.1905 0.1905 0.164 0.164 0.1615 0.1615 0.1585 0.1585 0.1585 0.128 0.128 0.1155 0.1155 0.1305 0.1305 0.1305 0.1455
0.176 0.176 0.178 0.178 0.184 0.184 0.184 0.184 0.184 0.186 0.186 0.1845 0.1845 0.1815 0.1815 0.1685 0.1685 0.1685 0.167 0.167 0.1645 0.1645 0.1775 0.1775 0.1775 0.1765 0.1765 0.1895 0.1895 0.1925 0.1925 0.1925 0.19 0.19 0.1975 0.1975 0.1885 0.1885 0.1885 0.1925 0.1925 0.1975 0.1975 0.2175 0.2175 0.2175 0.2065 0.2065 0.1855 0.1855 0.1805 0.1805 0.2455 0.2455 0.2455 0.216 0.216 0.21 0.21 0.1905 0.1905 0.1905 0.164 0.164 0.1615 0.1615 0.1585 0.1585 0.1585 0.128 0.128 0.1155 0.1155 0.1305 0.1305 0.1305 0.1455
0.1895 0.1895 0.1795 0.1795 0.183 0.183 0.1835 0.1835 0.1835 0.1895 0.1895 0.184 0.184 0.189 0.189 0.1965 0.1965 0.1965 0.169 0.169 0.1655 0.1655 0.1775 0.1775 0.1775 0.1955 0.1955 0.2125 0.2125 0.2045 0.2045 0.2045 0.208 0.208 0.194 0.194 0.2045 0.2045 0.2045 0.2005 0.2005 0.205 0.205 0.208 0.208 0.208 0.19 0.19 0.1935 0.1935 0.2075 0.2075 0.2395 0.2395 0.2395 0.2135 0.2135 0.21 0.21 0.192 0.192 0.192 0.156 0.156 0.149 0.149 0.134 0.134 0.134 0.1345 0.1345 0.122 0.122 0.126 0.126 0.126 0.14
0.1895 0.1895 0.1795 0.1795 0.183 0.183 0.1835 0.1835 0.1835 0.1895 0.1895 0.184 0.184 0.189 0.189 0.1965 0.1965 0.1965 0.169 0.169 0.1655 0.1655 0.1775 0.1775 0.1775 0.1955 0.1955 0.2125 0.2125 0.2045 0.2045 0.2045 0.208 0.208 0.194 0.194 0.2045 0.2045 0.2045 0.2005 0.2005 0.205 0.205 0.208 0.208 0.208 0.19 0.19 0.1935 0.1935 0.2075 0.2075 0.2395 0.2395 0.2395 0.2135 0.2135 0.21 0.21 0.192 0.192 0.192 0.156 0.156 0.149 0.149 0.134 0.134 0.134 0.1345 0.1345 0.122 0.122 0.126 0.126 0.126 0.14
0.1895 0.1895 0.1795 0.1795 0.183 0.183 0.1835 0.1835 0.1835 0.1895 0.1895 0.184 0.184 0.189 0.189 0.1965 0.1965 0.1965 0.169 0.169 0.1655 0.1655 0.1775 0.1775 0.1775 0.1955 0.1955 0.2125 0.2125 0.2045 0.2045 0.2045 0.208 0.208 0.194 0.194 0.2045 0.2045 0.2045 0.2005 0.2005 0.205 0.205 0.208 0.208 0.208 0.19 0.19 0.1935 0.1935 0.2075 0.2075 0.2395 0.2395 0.2395 0.2135 0.2135 0.21 0.21 0.192 0.192 0.192 0.156 0.156 0.149 0.149 0.134 0.134 0.134 0.1345 0.1345 0.122 0.122 0.126 0.126 0.126 0.14
0.191 0.191 0.18 0.18 0.196 0.196 0.189 0.189 0.189 0.1845 0.1845 0.1725 0.1725 0.173 0.173 0.202 0.202 0.202 0.1925 0.1925 0.1765 0.1765 0.176 0.176 0.176 0.1955 0.1955 0.1985 0.1985 0.205 0.205 0.205 0.219 0.219 0.2295 0.2295 0.21 0.21 0.21 0.2055 0.2055 0.194 0.194 0.205 0.205 0.205 0.1805 0.1805 0.184 0.184 0.1735 0.1735 0.188 0.188 0.188 0.187 0.187 0.1795 0.1795 0.1565 0.1565 0.1565 0.1545 0.1545 0.139 0.139 0.1345 0.1345 0.1345 0.136 0.136 0.122 0.122 0.1085 0.1085 0.1085 0.116
0.191 0.191 0.18 0.18 0.196 0.196 0.189 0.189 0.189 0.1845 0.1845 0.1725 0.1725 0.173 0.173 0.202 0.202 0.202 0.1925 0.1925 0.1765 0.1765 0.176 0.176 0.176 0.1955 0.1955 0.1985 0.1985 0.205 0.205 0.205 0.219 0.219 0.2295 0.2295 0.21 0.21 0.21 0.2055 0.2055 0.194 0.194 0.205 0.205 0.205 0.1805 0.1805 0.184 0.184 0.1735 0.1735 0.188 0.188 0.188 0.187 0.187 0.1795 0.1795 0.1565 0.1565 0.1565 0.1545 0.1545 0.139 0.139 0.1345 0.1345 0.1345 0.136 0.136 0.122 0.122 0.1085 0.1085 0.1085 0.116
0.223 0.223 0.2145 0.2145 0.2135 0.2135 0.1955 0.1955 0.1955 0.181 0.181 0.1685 0.1685 0.178 0.178 0.196 0.196 0.196 0.201 0.201 0.214 0.214 0.208 0.208 0.208 0.1975 0.1975 0.2045 0.2045 0.2145 0.2145 0.2145 0.2245 0.2245 0.217 0.217 0.1995 0.1995 0.1995 0.1855 0.1855 0.192 0.192 0.1875 0.1875 0.1875 0.218 0.218 0.2355 0.2355 0.196 0.196 0.2 0.2 0.2 0.1825 0.1825 0.1735 0.1735 0.1645 0.1645 0.1645 0.1605 0.1605 0.1485 0.1485 0.148 0.148 0.148 0.144 0.144 0.146 0.146 0.123 0.123 0.123 0.1555
0.223 0.223 0.2145 0.2145 0.2135 0.2135 0.1955 0.1955 0.1955 0.181 0.181 0.1685 0.1685 0.178 0.178 0.196 0.196 0.196 0.201 0.201 0.214 0.214 0.208 0.208 0.208 0.1975 0.1975 0.2045 0.2045 0.2145 0.2145 0.2145 0.2245 0.2245 0.217 0.217 0.1995 0.1995 0.1995 0.1855 0.1855 0.192 0.192 0.1875 0.1875 0.1875 0.218 0.218 0.2355 0.2355 0.196 0.196 0.2 0.2 0.2 0.1825 0.1825 0.1735 0.1735 0.1645 0.1645 0.1645 0.1605 0.1605 0.1485 0.1485 0.148 0.148 0.148 0.144 0.144 0.146 0.146 0.123 0.123 0.123 0.1555
0.2315 0.2315 0.2195 0.2195 0.2195 0.2195 0.204 0.204 0.204 0.2075 0.2075 0.188 0.188 0.224 0.224 0.229 0.229 0.229 0.2325 0.2325 0.2295 0.2295 0.22 0.22 0.22 0.206 0.206 0.2075 0.2075 0.219 0.219 0.219 0.226 0.226 0.2265 0.2265 0.1965 0.1965 0.1965 0.1825 0.1825 0.1945 0.1945 0.2075 0.2075 0.2075 0.2135 0.2135 0.2055 0.2055 0.184 0.184 0.1965 0.1965 0.1965 0.1905 0.1905 0.1855 0.1855 0.164 0.164 0.164 0.169 0.169 0.17 0.17 0.185 0.185 0.185 0.1825 0.1825 0.1805 0.1805 0.1485 0.1485 0.1485 0.161
0.2315 0.2315 0.2195 0.2195 0.2195 0.2195 0.204 0.204 0.204 0.2075 0.2075 0.188 0.188 0.224 0.224 0.229 0.229 0.229 0.2325 0.2325 0.2295 0.2295 0.22 0.22 0.22 0.206 0.206 0.2075 0.2075 0.219 0.219 0.219 0.226 0.226 0.2265 0.2265 0.1965 0.1965 0.1965 0.1825 0.1825 0.1945 0.1945 0.2075 0.2075 0.2075 0.2135 0.2135 0.2055 0.2055 0.184 0.184 0.1965 0.1965 0.1965 0.1905 0.1905 0.1855 0.1855 0.164 0.164 0.164 0.169 0.169 0.17 0.17 0.185 0.185 0.185 0.1825 0.1825 0.1805 0.1805 0.1485 0.1485 0.1485 0.161
0.2315 0.2315 0.2195 0.2195 0.2195 0.2195 0.204 0.204 0.204 0.2075 0.2075 0.188 0.188 0.224 0.224 0.229 0.229 0.229 0.2325 0.2325 0.2295 0.2295 0.22 0.22 0.22 0.206 0.206 0.2075 0.2075 0.219 0.219 0.219 0.226 0.226 0.2265 0.2265 0.1965 0.1965 0.1965 0.1825 0.1825 0.1945 0.1945 0.2075 0.2075 0.2075 0.2135 0.2135 0.2055 0.2055 0.184 0.184 0.1965 0.1965 0.1965 0.1905 0.1905 0.1855 0.1855 0.164 0.164 0.164 0.169 0.169 0.17 0.17 0.185 0.185 0.185 0.1825 0.1825 0.1805 0.1805 0.1485 0.1485 0.1485 0.161
0.206 0.206 0.215 0.215 0.2075 0.2075 0.221 0.221 0.221 0.232 0.232 0.235 0.235 0.2445 0.2445 0.2365 0.2365 0.2365 0.254 0.254 0.227 0.227 0.215 0.215 0.215 0.2045 0.2045 0.2005 0.2005 0.2095 0.2095 0.2095 0.2215 0.2215 0.224 0.224 0.2345 0.2345 0.2345 0.1875 0.1875 0.1945 0.1945 0.196 0.196 0.196 0.215 0.215 0.1595 0.1595 0.2005 0.2005 0.2005 0.2005 0.2005 0.2085 0.2085 0.1965 0.1965 0.1805 0.1805 0.1805 0.2135 0.2135 0.2315 0.2315 0.2195 0.2195 0.2195 0.2235 0.2235 0.2065 0.2065 0.1535 0.1535 0.1535 0.138
0.206 0.206 0.215 0.215 0.2075 0.2075 0.221 0.221 0.221 0.232 0.232 0.235 0.235 0.2445 0.2445 0.2365 0.2365 0.2365 0.254 0.254 0.227 0.227 0.215 0.215 0.215 0.2045 0.2045 0.2005 0.2005 0.2095 0.2095 0.2095 0.2215 0.2215 0.224 0.224 0.2345 0.2345 0.2345 0.1875 0.1875 0.1945 0.1945 0.196 0.196 0.196 0.215 0.215 0.1595 0.1595 0.2005 0.2005 0.2005 0.2005 0.2005 0.2085 0.2085 0.1965 0.1965 0.1805 0.1805 0.1805 0.2135 0.2135 0.2315 0.2315 0.2195 0.2195 0.2195 0.2235 0.2235 0.2065 0.2065 0.1535 0.1535 0.1535 0.138
0.216 0.216 0.2145 0.2145 0.239 0.239 0.234 0.234 0.234 0.2455 0.2455 0.25 0.25 0.261 0.261 0.2575 0.2575 0.2575 0.249 0.249 0.2315 0.2315 0.2045 0.2045 0.2045 0.1985 0.1985 0.189 0.189 0.191 0.191 0.191 0.19 0.19 0.231 0.231 0.22 0.22 0.22 0.204 0.204 0.186 0.186 0.1795 0.1795 0.1795 0.1735 0.1735 0.159 0.159 0.2135 0.2135 0.201 0.201 0.201 0.2085 0.2085 0.2265 0.2265 0.2315 0.2315 0.2315 0.2305 0.2305 0.226 0.226 0.2155 0.2155 0.2155 0.2015 0.2015 0.1965 0.1965 0.1995 0.1995 0.1995 0.123
0.216 0.216 0.2145 0.2145 0.239 0.239 0.234 0.234 0.234 0.2455 0.2455 0.25 0.25 0.261 0.261 0.2575 0.2575 0.2575 0.249 0.249 0.2315 0.2315 0.2045 0.2045 0.2045 0.1985 0.1985 0.189 0.189 0.191 0.191 0.191 0.19 0.19 0.231 0.231 0.22 0.22 0.22 0.204 0.204 0.186 0.186 0.1795 0.1795 0.1795 0.1735 0.1735 0.159 0.159 0.2135 0.2135 0.201 0.201 0.201 0.2085 0.2085 0.2265 0.2265 0.2315 0.2315 0.2315 0.2305 0.2305 0.226 0.226 0.2155 0.2155 0.2155 0.2015 0.2015 0.1965 0.1965 0.1995 0.1995 0.1995 0.123
0.2615 0.2615 0.2505 0.2505 0.257 0.257 0.261 0.261 0.261 0.274 0.274 0.273 0.273 0.266 0.266 0.261 0.261 0.261 0.247 0.247 0.236 0.236 0.222 0.222 0.222 0.206 0.206 0.1945 0.1945 0.188 0.188 0.188 0.1775 0.1775 0.192 0.192 0.19 0.19 0.19 0.201 0.201 0.1675 0.1675 0.1655 0.1655 0.1655 0.1845 0.1845 0.168 0.168 0.1825 0.1825 0.1895 0.1895 0.1895 0.2185 0.2185 0.225 0.225 0.2325 0.2325 0.2325 0.2215 0.2215 0.2115 0.2115 0.1835 0.1835 0.1835 0.1895 0.1895 0.1665 0.1665 0.144 0.144 0.144 0.1275
0.2615 0.2615 0.2505 0.2505 0.257 0.257 0.261 0.261 0.261 0.274 0.274 0.273 0.273 0.266 0.266 0.261 0.261 0.261 0.247 0.247 0.236 0.236 0.222 0.222 0.222 0.206 0.206 0.1945 0.1945 0.188 0.188 0.188 0.1775 0.1775 0.192 0.192 0.19 0.19 0.19 0.201 0.201 0.1675 0.1675 0.1655 0.1655 0.1655 0.1845 0.1845 0.168 0.168 0.1825 0.1825 0.1895 0.1895 0.1895 0.2185 0.2185 0.225 0.225 0.2325 0.2325 0.2325 0.2215 0.2215 0.2115 0.2115 0.1835 0.1835 0.1835 0.1895 0.1895 0.1665 0.1665 0.144 0.144 0.144 0.1275
0.255 0.255 0.246 0.246 0.245 0.245 0.2555 0.2555 0.2555 0.2555 0.2555 0.253 0.253 0.261 0.261 0.242 0.242 0.242 0.2425 0.2425 0.256 0.256 0.2475 0.2475 0.2475 0.2165 0.2165 0.199 0.199 0.199 0.199 0.199 0.181 0.181 0.192 0.192 0.181 0.181 0.181 0.199 0.199 0.1825 0.1825 0.1885 0.1885 0.1885 0.203 0.203 0.145 0.145 0.142 0.142 0.177 0.177 0.177 0.1875 0.1875 0.199 0.199 0.224 0.224 0.224 0.2275 0.2275 0.2185 0.2185 0.1865 0.1865 0.1865 0.2005 0.2005 0.172 0.172 0.164 0.164 0.164 0.108
0.255 0.255 0.246 0.246 0.245 0.245 0.2555 0.2555 0.2555 0.2555 0.2555 0.253 0.253 0.261 0.261 0.242 0.242 0.242 0.2425 0.2425 0.256 0.256 0.2475 0.2475 0.2475 0.2165 0.2165 0.199 0.199 0.199 0.199 0.199 0.181 0.181 0.192 0.192 0.181 0.181 0.181 0.199 0.199 0.1825 0.1825 0.1885 0.1885 0.1885 0.203 0.203 0.145 0.145 0.142 0.142 0.177 0.177 0.177 0.1875 0.1875 0.199 0.199 0.224 0.224 0.224 0.2275 0.2275 0.2185 0.2185 0.1865 0.1865 0.1865 0.2005 0.2005 0.172 0.172 0.164 0.164 0.164 0.108
0.255 0.255 0.246 0.246 0.245 0.245 0.2555 0.2555 0.2555 0.2555 0.2555 0.253 0.253 0.261 0.261 0.242 0.242 0.242 0.2425 0.2425 0.256 0.256 0.2475 0.2475 0.2475 0.2165 0.2165 0.199 0.199 0.199 0.199 0.199 0.181 0.181 0.192 0.192 0.181 0.181 0.181 0.199 0.199 0.1825 0.1825 0.1885 0.1885 0.1885 0.203 0.203 0.145 0.145 0.142 0.142 0.177 0.177 0.177 0.1875 0.1875 0.199 0.199 0.224 0.224 0.224 0.2275 0.2275 0.2185 0.2185 0.1865 0.1865 0.1865 0.2005 0.2005 0.172 0.172 0.164 0.164 0.164 0.108
0.227 0.227 0.238 0.238 0.228 0.228 0.237 0.237 0.237 0.2075 0.2075 0.2045 0.2045 0.2075 0.2075 0.234 0.234 0.234 0.1575 0.1575 0.215 0.215 0.203 0.203 0.203 0.2175 0.2175 0.213 0.213 0.199 0.199 0.199 0.2135 0.2135 0.218 0.218 0.213 0.213 0.213 0.172 0.172 0.1795 0.1795 0.1895 0.1895 0.1895 0.1835 0.1835 0.127 0.127 0.1125 0.1125 0.124 0.124 0.124 0.141 0.141 0.193 0.193 0.2365 0.2365 0.2365 0.243 0.243 0.233 0.233 0.2135 0.2135 0.2135 0.2225 0.2225 0.198 0.198 0.176 0.176 0.176 0.184
0.227 0.227 0.238 0.238 0.228 0.228 0.237 0.237 0.237 0.2075 0.2075 0.2045 0.2045 0.2075 0.2075 0.234 0.234 0.234 0.1575 0.1575 0.215 0.215 0.203 0.203 0.203 0.2175 0.2175 0.213 0.213 0.199 0.199 0.199 0.2135 0.2135 0.218 0.218 0.213 0.213 0.213 0.172 0.172 0.1795 0.1795 0.1895 0.1895 0.1895 0.1835 0.1835 0.127 0.127 0.1125 0.1125 0.124 0.124 0.124 0.141 0.141 0.193 0.193 0.2365 0.2365 0.2365 0.243 0.243 0.233 0.233 0.2135 0.2135 0.2135 0.2225 0.2225 0.198 0.198 0.176 0.176 0.176 0.184
0.22 0.22 0.2095 0.2095 0.228 0.228 0.236 0.236 0.236 0.2325 0.2325 0.224 0.224 0.2215 0.2215 0.1865 0.1865 0.1865 0.163 0.163 0.1915 0.1915 0.204 0.204 0.204 0.207 0.207 0.204 0.204 0.2065 0.2065 0.2065 0.224 0.224 0.2215 0.2215 0.201 0.201 0.201 0.2225 0.2225 0.183 0.183 0.1745 0.1745 0.1745 0.1555 0.1555 0.122 0.122 0.151 0.151 0.1565 0.1565 0.1565 0.193 0.193 0.1875 0.1875 0.2445 0.2445 0.2445 0.239 0.239 0.247 0.247 0.247 0.247 0.247 0.2525 0.2525 0.2175 0.2175 0.172 0.172 0.172 0.165
0.22 0.22 0.2095 0.2095 0.228 0.228 0.236 0.236 0.236 0.2325 0.2325 0.224 0.224 0.2215 0.2215 0.1865 0.1865 0.1865 0.163 0.163 0.1915 0.1915 0.204 0.204 0.204 0.207 0.207 0.204 0.204 0.2065 0.2065 0.2065 0.224 0.224 0.2215 0.2215 0.201 0.201 0.201 0.2225 0.2225 0.183 0.183 0.1745 0.1745 0.1745 0.1555 0.1555 0.122 0.122 0.151 0.151 0.1565 0.1565 0.1565 0.193 0.193 0.1875 0.1875 0.2445 0.2445 0.2445 0.239 0.239 0.247 0.247 0.247 0.247 0.247 0.2525 0.2525 0.2175 0.2175 0.172 0.172 0.172 0.165
0.2515 0.2515 0.2325 0.2325 0.2505 0.2505 0.284 0.284 0.284 0.302 0.302 0.301 0.301 0.2955 0.2955 0.268 0.268 0.268 0.2305 0.2305 0.2025 0.2025 0.179 0.179 0.179 0.175 0.175 0.194 0.194 0.1975 0.1975 0.1975 0.2105 0.2105 0.2325 0.2325 0.231 0.231 0.231 0.2715 0.2715 0.201 0.201 0.1505 0.1505 0.1505 0.1505 0.1505 0.124 0.124 0.151 0.151 0.1915 0.1915 0.1915 0.199 0.199 0.2185 0.2185 0.2395 0.2395 0.2395 0.238 0.238 0.2605 0.2605 0.2515 0.2515 0.2515 0.2325 0.2325 0.2465 0.2465 0.184 0.184 0.184 0.19
0.2515 0.2515 0.2325 0.2325 0.2505 0.2505 0.284 0.284 0.284 0.302 0.302 0.301 0.301 0.2955 0.2955 0.268 0.268 0.268 0.2305 0.2305 0.2025 0.2025 0.179 0.179 0.179 0.175 0.175 0.194 0.194 0.1975 0.1975 0.1975 0.2105 0.2105 0.2325 0.2325 0.231 0.231 0.231 0.2715 0.2715 0.201 0.201 0.1505 0.1505 0.1505 0.1505 0.1505 0.124 0.124 0.151 0.151 0.1915 0.1915 0.1915 0.199 0.199 0.2185 0.2185 0.2395 0.2395 0.2395 0.238 0.238 0.2605 0.2605 0.2515 0.2515 0.2515 0.2325 0.2325 0.2465 0.2465 0.184 0.184 0.184 0.19
0.2515 0.2515 0.2325 0.2325 0.2505 0.2505 0.284 0.284 0.284 0.302 0.302 0.301 0.301 0.2955 0.2955 0.268 0.268 0.268 0.2305 0.2305 0.2025 0.2025 0.179 0.179 0.179 0.175 0.175 0.194 0.194 0.1975 0.1975 0.1975 0.2105 0.2105 0.2325 0.2325 0.231 0.231 0.231 0.2715 0.2715 0.201 0.201 0.1505 0.1505 0.1505 0.1505 0.1505 0.124 0.124 0.151 0.151 0.1915 0.1915 0.1915 0.199 0.199 0.2185 0.2185 0.2395 0.2395 0.2395 0.238 0.238 0.2605 0.2605 0.2515 0.2515 0.2515 0.2325 0.2325 0.2465 0.2465 0.184 0.184 0.184 0.19
0.2235 0.2235 0.2355 0.2355 0.232 0.232 0.257 0.257 0.257 0.2975 0.2975 0.2785 0.2785 0.2905 0.2905 0.286 0.286 0.286 0.2915 0.2915 0.2725 0.2725 0.232 0.232 0.232 0.1905 0.1905 0.1875 0.1875 0.194 0.194 0.194 0.2155 0.2155 0.2215 0.2215 0.2315 0.2315 0.2315 0.238 0.238 0.2405 0.2405 0.215 0.215 0.215 0.158 0.158 0.1845 0.1845 0.19 0.19 0.2195 0.2195 0.2195 0.2195 0.2195 0.222 0.222 0.2215 0.2215 0.2215 0.238 0.238 0.247 0.247 0.2575 0.2575 0.2575 0.254 0.254 0.2695 0.2695 0.2235 0.2235 0.2235 0.1715
0.2235 0.2235 0.2355 0.2355 0.232 0.232 0.257 0.257 0.257 0.2975 0.2975 0.2785 0.2785 0.2905 0.2905 0.286 0.286 0.286 0.2915 0.2915 0.2725 0.2725 0.232 0.232 0.232 0.1905 0.1905 0.1875 0.1875 0.194 0.194 0.194 0.2155 0.2155 0.2215 0.2215 0.2315 0.2315 0.2315 0.238 0.238 0.2405 0.2405 0.215 0.215 0.215 0.158 0.158 0.1845 0.1845 0.19 0.19 0.2195 0.2195 0.2195 0.2195 0.2195 0.222 0.222 0.2215 0.2215 0.2215 0.238 0.238 0.247 0.247 0.2575 0.2575 0.2575 0.254 0.254 0.2695 0.2695 0.2235 0.2235 0.2235 0.1715
0.219 0.219 0.231 0.231 0.219 0.219 0.228 0.228 0.228 0.2395 0.2395 0.2585 0.2585 0.2545 0.2545 0.2575 0.2575 0.2575 0.23 0.23 0.229 0.229 0.2535 0.2535 0.2535 0.226 0.226 0.1855 0.1855 0.1895 0.1895 0.1895 0.1935 0.1935 0.214 0.214 0.2175 0.2175 0.2175 0.2495 0.2495 0.252 0.252 0.2365 0.2365 0.2365 0.1815 0.1815 0.1865 0.1865 0.194 0.194 0.2085 0.2085 0.2085 0.224 0.224 0.2165 0.2165 0.232 0.232 0.232 0.2505 0.2505 0.262 0.262 0.229 0.229 0.229 0.2205 0.2205 0.255 0.255 0.249 0.249 0.249 0.2185
