ndvi/NOAA-326.asc
ncols         252
nrows         154
xllcorner     -18.017974
yllcorner     13.481982
cellsize      0.035948
NODATA_value  -9999
[rows 70 to 104 of 154, columns 154 to 230 of 252]
0.132 0.146 0.146 0.1365 0.1365 0.1365 0.143 0.143 0.156 0.156 0.1385 0.1385 0.1905 0.1905 0.1905 0.185 0.185 0.1915 0.1915 0.18 0.18 0.18 0.174 0.174 0.19 0.19 0.1735 0.1735 0.1735 0.179 0.179 0.188 0.188 0.186 0.186 0.186 0.171 0.171 0.18 0.18 0.175 0.175 0.175 0.1655 0.1655 0.1715 0.1715 0.17 0.17 0.1735 0.1735 0.1735 0.192 0.192 0.2115 0.2115 0.183 0.183 0.183 0.198 0.198 0.1935 0.1935 0.1605 0.1605 0.1605 0.155 0.155 0.1735 0.1735 0.167 0.167 0.167 0.1385 0.1385 0.1595 0.1595
0.16 0.149 0.149 0.1545 0.1545 0.1545 0.1515 0.1515 0.142 0.142 0.154 0.154 0.1725 0.1725 0.1725 0.1705 0.1705 0.18 0.18 0.18 0.18 0.18 0.189 0.189 0.171 0.171 0.175 0.175 0.175 0.182 0.182 0.191 0.191 0.185 0.185 0.185 0.178 0.178 0.1605 0.1605 0.179 0.179 0.179 0.165 0.165 0.1575 0.1575 0.173 0.173 0.1825 0.1825 0.1825 0.202 0.202 0.1945 0.1945 0.189 0.189 0.189 0.1845 0.1845 0.1705 0.1705 0.1555 0.1555 0.1555 0.1525 0.1525 0.1635 0.1635 0.161 0.161 0.161 0.1555 0.1555 0.1765 0.1765
0.16 0.149 0.149 0.1545 0.1545 0.1545 0.1515 0.1515 0.142 0.142 0.154 0.154 0.1725 0.1725 0.1725 0.1705 0.1705 0.18 0.18 0.18 0.18 0.18 0.189 0.189 0.171 0.171 0.175 0.175 0.175 0.182 0.182 0.191 0.191 0.185 0.185 0.185 0.178 0.178 0.1605 0.1605 0.179 0.179 0.179 0.165 0.165 0.1575 0.1575 0.173 0.173 0.1825 0.1825 0.1825 0.202 0.202 0.1945 0.1945 0.189 0.189 0.189 0.1845 0.1845 0.1705 0.1705 0.1555 0.1555 0.1555 0.1525 0.1525 0.1635 0.1635 0.161 0.161 0.161 0.1555 0.1555 0.1765 0.1765
0.16 0.149 0.149 0.1545 0.1545 0.1545 0.1515 0.1515 0.142 0.142 0.154 0.154 0.1725 0.1725 0.1725 0.1705 0.1705 0.18 0.18 0.18 0.18 0.18 0.189 0.189 0.171 0.171 0.175 0.175 0.175 0.182 0.182 0.191 0.191 0.185 0.185 0.185 0.178 0.178 0.1605 0.1605 0.179 0.179 0.179 0.165 0.165 0.1575 0.1575 0.173 0.173 0.1825 0.1825 0.1825 0.202 0.202 0.1945 0.1945 0.189 0.189 0.189 0.1845 0.1845 0.1705 0.1705 0.1555 0.1555 0.1555 0.1525 0.1525 0.1635 0.1635 0.161 0.161 0.161 0.1555 0.1555 0.1765 0.1765
0.156 0.144 0.144 0.1525 0.1525 0.1525 0.1605 0.1605 0.136 0.136 0.153 0.153 0.1645 0.1645 0.1645 0.1765 0.1765 0.165 0.165 0.185 0.185 0.185 0.1755 0.1755 0.1795 0.1795 0.1795 0.1795 0.1795 0.1945 0.1945 0.1895 0.1895 0.189 0.189 0.189 0.185 0.185 0.1895 0.1895 0.1935 0.1935 0.1935 0.1975 0.1975 0.1805 0.1805 0.1875 0.1875 0.1875 0.1875 0.1875 0.194 0.194 0.191 0.191 0.197 0.197 0.197 0.1785 0.1785 0.193 0.193 0.1745 0.1745 0.1745 0.1755 0.1755 0.16 0.16 0.1515 0.1515 0.1515 0.1505 0.1505 0.177 0.177
0.156 0.144 0.144 0.1525 0.1525 0.1525 0.1605 0.1605 0.136 0.136 0.153 0.153 0.1645 0.1645 0.1645 0.1765 0.1765 0.165 0.165 0.185 0.185 0.185 0.1755 0.1755 0.1795 0.1795 0.1795 0.1795 0.1795 0.1945 0.1945 0.1895 0.1895 0.189 0.189 0.189 0.185 0.185 0.1895 0.1895 0.1935 0.1935 0.1935 0.1975 0.1975 0.1805 0.1805 0.1875 0.1875 0.1875 0.1875 0.1875 0.194 0.194 0.191 0.191 0.197 0.197 0.197 0.1785 0.1785 0.193 0.193 0.1745 0.1745 0.1745 0.1755 0.1755 0.16 0.16 0.1515 0.1515 0.1515 0.1505 0.1505 0.177 0.177
0.128 0.144 0.144 0.156 0.156 0.156 0.1525 0.1525 0.14 0.14 0.149 0.149 0.16 0.16 0.16 0.1995 0.1995 0.186 0.186 0.194 0.194 0.194 0.1895 0.1895 0.1695 0.1695 0.187 0.187 0.187 0.1825 0.1825 0.192 0.192 0.192 0.192 0.192 0.1825 0.1825 0.192 0.192 0.1915 0.1915 0.1915 0.198 0.198 0.185 0.185 0.1915 0.1915 0.196 0.196 0.196 0.1935 0.1935 0.1945 0.1945 0.197 0.197 0.197 0.177 0.177 0.175 0.175 0.171 0.171 0.171 0.202 0.202 0.1635 0.1635 0.1645 0.1645 0.1645 0.157 0.157 0.1855 0.1855
0.128 0.144 0.144 0.156 0.156 0.156 0.1525 0.1525 0.14 0.14 0.149 0.149 0.16 0.16 0.16 0.1995 0.1995 0.186 0.186 0.194 0.194 0.194 0.1895 0.1895 0.1695 0.1695 0.187 0.187 0.187 0.1825 0.1825 0.192 0.192 0.192 0.192 0.192 0.1825 0.1825 0.192 0.192 0.1915 0.1915 0.1915 0.198 0.198 0.185 0.185 0.1915 0.1915 0.196 0.196 0.196 0.1935 0.1935 0.1945 0.1945 0.197 0.197 0.197 0.177 0.177 0.175 0.175 0.171 0.171 0.171 0.202 0.202 0.1635 0.1635 0.1645 0.1645 0.1645 0.157 0.157 0.1855 0.1855
0.1265 0.1285 0.1285 0.1415 0.1415 0.1415 0.142 0.142 0.1395 0.1395 0.1535 0.1535 0.1795 0.1795 0.1795 0.2035 0.2035 0.181 0.181 0.1855 0.1855 0.1855 0.172 0.172 0.1815 0.1815 0.171 0.171 0.171 0.186 0.186 0.1885 0.1885 0.196 0.196 0.196 0.186 0.186 0.1895 0.1895 0.1935 0.1935 0.1935 0.1925 0.1925 0.195 0.195 0.176 0.176 0.186 0.186 0.186 0.195 0.195 0.189 0.189 0.188 0.188 0.188 0.1795 0.1795 0.182 0.182 0.1925 0.1925 0.1925 0.1995 0.1995 0.1825 0.1825 0.1765 0.1765 0.1765 0.181 0.181 0.194 0.194
0.1265 0.1285 0.1285 0.1415 0.1415 0.1415 0.142 0.142 0.1395 0.1395 0.1535 0.1535 0.1795 0.1795 0.1795 0.2035 0.2035 0.181 0.181 0.1855 0.1855 0.1855 0.172 0.172 0.1815 0.1815 0.171 0.171 0.171 0.186 0.186 0.1885 0.1885 0.196 0.196 0.196 0.186 0.186 0.1895 0.1895 0.1935 0.1935 0.1935 0.1925 0.1925 0.195 0.195 0.176 0.176 0.186 0.186 0.186 0.195 0.195 0.189 0.189 0.188 0.188 0.188 0.1795 0.1795 0.182 0.182 0.1925 0.1925 0.1925 0.1995 0.1995 0.1825 0.1825 0.1765 0.1765 0.1765 0.181 0.181 0.194 0.194
0.1255 0.1305 0.1305 0.1465 0.1465 0.1465 0.1295 0.1295 0.135 0.135 0.137 0.137 0.177 0.177 0.177 0.196 0.196 0.164 0.164 0.18 0.18 0.18 0.1715 0.1715 0.181 0.181 0.1955 0.1955 0.1955 0.194 0.194 0.19 0.19 0.18 0.18 0.18 0.1915 0.1915 0.192 0.192 0.1985 0.1985 0.1985 0.19 0.19 0.194 0.194 0.1845 0.1845 0.1925 0.1925 0.1925 0.202 0.202 0.203 0.203 0.1715 0.1715 0.1715 0.178 0.178 0.1855 0.1855 0.17 0.17 0.17 0.199 0.199 0.2205 0.2205 0.1815 0.1815 0.1815 0.1925 0.1925 0.191 0.191
0.1255 0.1305 0.1305 0.1465 0.1465 0.1465 0.1295 0.1295 0.135 0.135 0.137 0.137 0.177 0.177 0.177 0.196 0.196 0.164 0.164 0.18 0.18 0.18 0.1715 0.1715 0.181 0.181 0.1955 0.1955 0.1955 0.194 0.194 0.19 0.19 0.18 0.18 0.18 0.1915 0.1915 0.192 0.192 0.1985 0.1985 0.1985 0.19 0.19 0.194 0.194 0.1845 0.1845 0.1925 0.1925 0.1925 0.202 0.202 0.203 0.203 0.1715 0.1715 0.1715 0.178 0.178 0.1855 0.1855 0.17 0.17 0.17 0.199 0.199 0.2205 0.2205 0.1815 0.1815 0.1815 0.1925 0.1925 0.191 0.191
0.1255 0.1305 0.1305 0.1465 0.1465 0.1465 0.1295 0.1295 0.135 0.135 0.137 0.137 0.177 0.177 0.177 0.196 0.196 0.164 0.164 0.18 0.18 0.18 0.1715 0.1715 0.181 0.181 0.1955 0.1955 0.1955 0.194 0.194 0.19 0.19 0.18 0.18 0.18 0.1915 0.1915 0.192 0.192 0.1985 0.1985 0.1985 0.19 0.19 0.194 0.194 0.1845 0.1845 0.1925 0.1925 0.1925 0.202 0.202 0.203 0.203 0.1715 0.1715 0.1715 0.178 0.178 0.1855 0.1855 0.17 0.17 0.17 0.199 0.199 0.2205 0.2205 0.1815 0.1815 0.1815 0.1925 0.1925 0.191 0.191
0.1375 0.139 0.139 0.1495 0.1495 0.1495 0.1365 0.1365 0.123 0.123 0.158 0.158 0.1915 0.1915 0.1915 0.2195 0.2195 0.211 0.211 0.2275 0.2275 0.2275 0.2015 0.2015 0.202 0.202 0.2105 0.2105 0.2105 0.196 0.196 0.194 0.194 0.197 0.197 0.197 0.204 0.204 0.192 0.192 0.194 0.194 0.194 0.198 0.198 0.204 0.204 0.185 0.185 0.1855 0.1855 0.1855 0.1925 0.1925 0.177 0.177 0.1945 0.1945 0.1945 0.1915 0.1915 0.202 0.202 0.186 0.186 0.186 0.1825 0.1825 0.2265 0.2265 0.187 0.187 0.187 0.193 0.193 0.1975 0.1975
0.1375 0.139 0.139 0.1495 0.1495 0.1495 0.1365 0.1365 0.123 0.123 0.158 0.158 0.1915 0.1915 0.1915 0.2195 0.2195 0.211 0.211 0.2275 0.2275 0.2275 0.2015 0.2015 0.202 0.202 0.2105 0.2105 0.2105 0.196 0.196 0.194 0.194 0.197 0.197 0.197 0.204 0.204 0.192 0.192 0.194 0.194 0.194 0.198 0.198 0.204 0.204 0.185 0.185 0.1855 0.1855 0.1855 0.1925 0.1925 0.177 0.177 0.1945 0.1945 0.1945 0.1915 0.1915 0.202 0.202 0.186 0.186 0.186 0.1825 0.1825 0.2265 0.2265 0.187 0.187 0.187 0.193 0.193 0.1975 0.1975
0.134 0.141 0.141 0.1505 0.1505 0.1505 0.14 0.14 0.162 0.162 0.176 0.176 0.194 0.194 0.194 0.23 0.23 0.2365 0.2365 0.2145 0.2145 0.2145 0.217 0.217 0.2225 0.2225 0.2155 0.2155 0.2155 0.211 0.211 0.2135 0.2135 0.207 0.207 0.207 0.2065 0.2065 0.1855 0.1855 0.208 0.208 0.208 0.2065 0.2065 0.214 0.214 0.2025 0.2025 0.1785 0.1785 0.1785 0.1895 0.1895 0.175 0.175 0.174 0.174 0.174 0.19 0.19 0.172 0.172 0.1755 0.1755 0.1755 0.182 0.182 0.206 0.206 0.197 0.197 0.197 0.204 0.204 0.207 0.207
0.134 0.141 0.141 0.1505 0.1505 0.1505 0.14 0.14 0.162 0.162 0.176 0.176 0.194 0.194 0.194 0.23 0.23 0.2365 0.2365 0.2145 0.2145 0.2145 0.217 0.217 0.2225 0.2225 0.2155 0.2155 0.2155 0.211 0.211 0.2135 0.2135 0.207 0.207 0.207 0.2065 0.2065 0.1855 0.1855 0.208 0.208 0.208 0.2065 0.2065 0.214 0.214 0.2025 0.2025 0.1785 0.1785 0.1785 0.1895 0.1895 0.175 0.175 0.174 0.174 0.174 0.19 0.19 0.172 0.172 0.1755 0.1755 0.1755 0.182 0.182 0.206 0.206 0.197 0.197 0.197 0.204 0.204 0.207 0.207
0.1425 0.146 0.146 0.1595 0.1595 0.1595 0.1285 0.1285 0.17 0.17 0.2115 0.2115 0.209 0.209 0.209 0.21 0.21 0.2095 0.2095 0.228 0.228 0.228 0.2375 0.2375 0.2255 0.2255 0.224 0.224 0.224 0.207 0.207 0.199 0.199 0.204 0.204 0.204 0.193 0.193 0.1825 0.1825 0.1895 0.1895 0.1895 0.176 0.176 0.1965 0.1965 0.193 0.193 0.1955 0.1955 0.1955 0.192 0.192 0.1805 0.1805 0.205 0.205 0.205 0.206 0.206 0.177 0.177 0.184 0.184 0.184 0.187 0.187 0.2145 0.2145 0.213 0.213 0.213 0.204 0.204 0.231 0.231
0.1425 0.146 0.146 0.1595 0.1595 0.1595 0.1285 0.1285 0.17 0.17 0.2115 0.2115 0.209 0.209 0.209 0.21 0.21 0.2095 0.2095 0.228 0.228 0.228 0.2375 0.2375 0.2255 0.2255 0.224 0.224 0.224 0.207 0.207 0.199 0.199 0.204 0.204 0.204 0.193 0.193 0.1825 0.1825 0.1895 0.1895 0.1895 0.176 0.176 0.1965 0.1965 0.193 0.193 0.1955 0.1955 0.1955 0.192 0.192 0.1805 0.1805 0.205 0.205 0.205 0.206 0.206 0.177 0.177 0.184 0.184 0.184 0.187 0.187 0.2145 0.2145 0.213 0.213 0.213 0.204 0.204 0.231 0.231
0.1425 0.146 0.146 0.1595 0.1595 0.1595 0.1285 0.1285 0.17 0.17 0.2115 0.2115 0.209 0.209 0.209 0.21 0.21 0.2095 0.2095 0.228 0.228 0.228 0.2375 0.2375 0.2255 0.2255 0.224 0.224 0.224 0.207 0.207 0.199 0.199 0.204 0.204 0.204 0.193 0.193 0.1825 0.1825 0.1895 0.1895 0.1895 0.176 0.176 0.1965 0.1965 0.193 0.193 0.1955 0.1955 0.1955 0.192 0.192 0.1805 0.1805 0.205 0.205 0.205 0.206 0.206 0.177 0.177 0.184 0.184 0.184 0.187 0.187 0.2145 0.2145 0.213 0.213 0.213 0.204 0.204 0.231 0.231
0.1395 0.168 0.168 0.1605 0.1605 0.1605 0.1675 0.1675 0.191 0.191 0.2095 0.2095 0.2245 0.2245 0.2245 0.217 0.217 0.222 0.222 0.239 0.239 0.239 0.2335 0.2335 0.2185 0.2185 0.2065 0.2065 0.2065 0.19 0.19 0.1975 0.1975 0.205 0.205 0.205 0.209 0.209 0.1865 0.1865 0.1805 0.1805 0.1805 0.18 0.18 0.19 0.19 0.202 0.202 0.2175 0.2175 0.2175 0.2105 0.2105 0.1905 0.1905 0.194 0.194 0.194 0.191 0.191 0.19 0.19 0.192 0.192 0.192 0.201 0.201 0.2085 0.2085 0.1975 0.1975 0.1975 0.21 0.21 0.2285 0.2285
0.1395 0.168 0.168 0.1605 0.1605 0.1605 0.1675 0.1675 0.191 0.191 0.2095 0.2095 0.2245 0.2245 0.2245 0.217 0.217 0.222 0.222 0.239 0.239 0.239 0.2335 0.2335 0.2185 0.2185 0.2065 0.2065 0.2065 0.19 0.19 0.1975 0.1975 0.205 0.205 0.205 0.209 0.209 0.1865 0.1865 0.1805 0.1805 0.1805 0.18 0.18 0.19 0.19 0.202 0.202 0.2175 0.2175 0.2175 0.2105 0.2105 0.1905 0.1905 0.194 0.194 0.194 0.191 0.191 0.19 0.19 0.192 0.192 0.192 0.201 0.201 0.2085 0.2085 0.1975 0.1975 0.1975 0.21 0.21 0.2285 0.2285
0.1895 0.1525 0.1525 0.1695 0.1695 0.1695 0.1685 0.1685 0.197 0.197 0.201 0.201 0.2185 0.2185 0.2185 0.2275 0.2275 0.2395 0.2395 0.2405 0.2405 0.2405 0.205 0.205 0.2135 0.2135 0.192 0.192 0.192 0.2015 0.2015 0.193 0.193 0.198 0.198 0.198 0.223 0.223 0.2085 0.2085 0.1895 0.1895 0.1895 0.182 0.182 0.204 0.204 0.2105 0.2105 0.205 0.205 0.205 0.216 0.216 0.2085 0.2085 0.2065 0.2065 0.2065 0.2095 0.2095 0.207 0.207 0.216 0.216 0.216 0.206 0.206 0.216 0.216 0.234 0.234 0.234 0.22 0.22 0.232 0.232
0.1895 0.1525 0.1525 0.1695 0.1695 0.1695 0.1685 0.1685 0.197 0.197 0.201 0.201 0.2185 0.2185 0.2185 0.2275 0.2275 0.2395 0.2395 0.2405 0.2405 0.2405 0.205 0.205 0.2135 0.2135 0.192 0.192 0.192 0.2015 0.2015 0.193 0.193 0.198 0.198 0.198 0.223 0.223 0.2085 0.2085 0.1895 0.1895 0.1895 0.182 0.182 0.204 0.204 0.2105 0.2105 0.205 0.205 0.205 0.216 0.216 0.2085 0.2085 0.2065 0.2065 0.2065 0.2095 0.2095 0.207 0.207 0.216 0.216 0.216 0.206 0.206 0.216 0.216 0.234 0.234 0.234 0.22 0.22 0.232 0.232
0.175 0.169 0.169 0.1745 0.1745 0.1745 0.1845 0.1845 0.1885 0.1885 0.1885 0.1885 0.212 0.212 0.212 0.2165 0.2165 0.237 0.237 0.213 0.213 0.213 0.216 0.216 0.214 0.214 0.1915 0.1915 0.1915 0.163 0.163 0.214 0.214 0.216 0.216 0.216 0.2095 0.2095 0.232 0.232 0.2155 0.2155 0.2155 0.2055 0.2055 0.201 0.201 0.1935 0.1935 0.222 0.222 0.222 0.216 0.216 0.2065 0.2065 0.207 0.207 0.207 0.201 0.201 0.2125 0.2125 0.209 0.209 0.209 0.2135 0.2135 0.2225 0.2225 0.2555 0.2555 0.2555 0.2405 0.2405 0.2535 0.2535
0.175 0.169 0.169 0.1745 0.1745 0.1745 0.1845 0.1845 0.1885 0.1885 0.1885 0.1885 0.212 0.212 0.212 0.2165 0.2165 0.237 0.237 0.213 0.213 0.213 0.216 0.216 0.214 0.214 0.1915 0.1915 0.1915 0.163 0.163 0.214 0.214 0.216 0.216 0.216 0.2095 0.2095 0.232 0.232 0.2155 0.2155 0.2155 0.2055 0.2055 0.201 0.201 0.1935 0.1935 0.222 0.222 0.222 0.216 0.216 0.2065 0.2065 0.207 0.207 0.207 0.201 0.201 0.2125 0.2125 0.209 0.209 0.209 0.2135 0.2135 0.2225 0.2225 0.2555 0.2555 0.2555 0.2405 0.2405 0.2535 0.2535
0.175 0.169 0.169 0.1745 0.1745 0.1745 0.1845 0.1845 0.1885 0.1885 0.1885 0.1885 0.212 0.212 0.212 0.2165 0.2165 0.237 0.237 0.213 0.213 0.213 0.216 0.216 0.214 0.214 0.1915 0.1915 0.1915 0.163 0.163 0.214 0.214 0.216 0.216 0.216 0.2095 0.2095 0.232 0.232 0.2155 0.2155 0.2155 0.2055 0.2055 0.201 0.201 0.1935 0.1935 0.222 0.222 0.222 0.216 0.216 0.2065 0.2065 0.207 0.207 0.207 0.201 0.201 0.2125 0.2125 0.209 0.209 0.209 0.2135 0.2135 0.2225 0.2225 0.2555 0.2555 0.2555 0.2405 0.2405 0.2535 0.2535
0.191 0.19 0.19 0.1895 0.1895 0.1895 0.1825 0.1825 0.1955 0.1955 0.1995 0.1995 0.183 0.183 0.183 0.189 0.189 0.176 0.176 0.2115 0.2115 0.2115 0.201 0.201 0.16 0.16 0.186 0.186 0.186 0.189 0.189 0.202 0.202 0.2245 0.2245 0.2245 0.2075 0.2075 0.2185 0.2185 0.192 0.192 0.192 0.206 0.206 0.2125 0.2125 0.183 0.183 0.1905 0.1905 0.1905 0.212 0.212 0.195 0.195 0.2095 0.2095 0.2095 0.2035 0.2035 0.217 0.217 0.206 0.206 0.206 0.2125 0.2125 0.2175 0.2175 0.2225 0.2225 0.2225 0.2525 0.2525 0.2415 0.2415
0.191 0.19 0.19 0.1895 0.1895 0.1895 0.1825 0.1825 0.1955 0.1955 0.1995 0.1995 0.183 0.183 0.183 0.189 0.189 0.176 0.176 0.2115 0.2115 0.2115 0.201 0.201 0.16 0.16 0.186 0.186 0.186 0.189 0.189 0.202 0.202 0.2245 0.2245 0.2245 0.2075 0.2075 0.2185 0.2185 0.192 0.192 0.192 0.206 0.206 0.2125 0.2125 0.183 0.183 0.1905 0.1905 0.1905 0.212 0.212 0.195 0.195 0.2095 0.2095 0.2095 0.2035 0.2035 0.217 0.217 0.206 0.206 0.206 0.2125 0.2125 0.2175 0.2175 0.2225 0.2225 0.2225 0.2525 0.2525 0.2415 0.2415
0.201 0.1865 0.1865 0.197 0.197 0.197 0.159 0.159 0.2025 0.2025 0.1995 0.1995 0.19 0.19 0.19 0.1825 0.1825 0.2035 0.2035 0.237 0.237 0.237 0.211 0.211 0.192 0.192 0.2025 0.2025 0.2025 0.2065 0.2065 0.216 0.216 0.205 0.205 0.205 0.184 0.184 0.1915 0.1915 0.206 0.206 0.206 0.179 0.179 0.196 0.196 0.1915 0.1915 0.1915 0.1915 0.1915 0.195 0.195 0.196 0.196 0.182 0.182 0.182 0.1805 0.1805 0.208 0.208 0.2055 0.2055 0.2055 0.195 0.195 0.1965 0.1965 0.2135 0.2135 0.2135 0.208 0.208 0.2185 0.2185
0.201 0.1865 0.1865 0.197 0.197 0.197 0.159 0.159 0.2025 0.2025 0.1995 0.1995 0.19 0.19 0.19 0.1825 0.1825 0.2035 0.2035 0.237 0.237 0.237 0.211 0.211 0.192 0.192 0.2025 0.2025 0.2025 0.2065 0.2065 0.216 0.216 0.205 0.205 0.205 0.184 0.184 0.1915 0.1915 0.206 0.206 0.206 0.179 0.179 0.196 0.196 0.1915 0.1915 0.1915 0.1915 0.1915 0.195 0.195 0.196 0.196 0.182 0.182 0.182 0.1805 0.1805 0.208 0.208 0.2055 0.2055 0.2055 0.195 0.195 0.1965 0.1965 0.2135 0.2135 0.2135 0.208 0.208 0.2185 0.2185
0.2075 0.171 0.171 0.2075 0.2075 0.2075 0.18 0.18 0.2025 0.2025 0.2005 0.2005 0.1985 0.1985 0.1985 0.196 0.196 0.197 0.197 0.247 0.247 0.247 0.227 0.227 0.2065 0.2065 0.199 0.199 0.199 0.204 0.204 0.1955 0.1955 0.22 0.22 0.22 0.2055 0.2055 0.201 0.201 0.209 0.209 0.209 0.198 0.198 0.2155 0.2155 0.2105 0.2105 0.188 0.188 0.188 0.18 0.18 0.162 0.162 0.165 0.165 0.165 0.1785 0.1785 0.186 0.186 0.1985 0.1985 0.1985 0.2055 0.2055 0.2025 0.2025 0.1855 0.1855 0.1855 0.1875 0.1875 0.2045 0.2045
0.2075 0.171 0.171 0.2075 0.2075 0.2075 0.18 0.18 0.2025 0.2025 0.2005 0.2005 0.1985 0.1985 0.1985 0.196 0.196 0.197 0.197 0.247 0.247 0.247 0.227 0.227 0.2065 0.2065 0.199 0.199 0.199 0.204 0.204 0.1955 0.1955 0.22 0.22 0.22 0.2055 0.2055 0.201 0.201 0.209 0.209 0.209 0.198 0.198 0.2155 0.2155 0.2105 0.2105 0.188 0.188 0.188 0.18 0.18 0.162 0.162 0.165 0.165 0.165 0.1785 0.1785 0.186 0.186 0.1985 0.1985 0.1985 0.2055 0.2055 0.2025 0.2025 0.1855 0.1855 0.1855 0.1875 0.1875 0.2045 0.2045
0.19 0.196 0.196 0.1965 0.1965 0.1965 0.1805 0.1805 0.2 0.2 0.2075 0.2075 0.1975 0.1975 0.1975 0.189 0.189 0.183 0.183 0.2055 0.2055 0.2055 0.2105 0.2105 0.189 0.189 0.1925 0.1925 0.1925 0.228 0.228 0.222 0.222 0.2155 0.2155 0.2155 0.219 0.219 0.195 0.195 0.218 0.218 0.218 0.209 0.209 0.23 0.23 0.2315 0.2315 0.2365 0.2365 0.2365 0.223 0.223 0.186 0.186 0.2 0.2 0.2 0.2025 0.2025 0.2025 0.2025 0.2015 0.2015 0.2015 0.208 0.208 0.225 0.225 0.2165 0.2165 0.2165 0.209 0.209 0.2255 0.2255
0.19 0.196 0.196 0.1965 0.1965 0.1965 0.1805 0.1805 0.2 0.2 0.2075 0.2075 0.1975 0.1975 0.1975 0.189 0.189 0.183 0.183 0.2055 0.2055 0.2055 0.2105 0.2105 0.189 0.189 0.1925 0.1925 0.1925 0.228 0.228 0.222 0.222 0.2155 0.2155 0.2155 0.219 0.219 0.195 0.195 0.218 0.218 0.218 0.209 0.209 0.23 0.23 0.2315 0.2315 0.2365 0.2365 0.2365 0.223 0.223 0.186 0.186 0.2 0.2 0.2 0.2025 0.2025 0.2025 0.2025 0.2015 0.2015 0.2015 0.208 0.208 0.225 0.225 0.2165 0.2165 0.2165 0.209 0.209 0.2255 0.2255
