ndvi/NOAA-213.asc
ncols         252
nrows         154
xllcorner     -18.017974
yllcorner     13.481982
cellsize      0.035948
NODATA_value  -9999
[rows 0 to 34 of 154, columns 77 to 153 of 252]
0.0775 0.0775 0.084 0.084 0.0775 0.0775 0.078 0.078 0.078 0.0745 0.0745 0.08 0.08 0.084 0.084 0.0845 0.0845 0.0845 0.086 0.086 0.078 0.078 0.0795 0.0795 0.0795 0.0785 0.0785 0.0735 0.0735 0.077 0.077 0.077 0.0705 0.0705 0.068 0.068 0.0665 0.0665 0.0665 0.0675 0.0675 0.0675 0.0675 0.07099999 0.07099999 0.07099999 0.0795 0.0795 0.073 0.073 0.0735 0.0735 0.083 0.083 0.083 0.0775 0.0775 0.077 0.077 0.081 0.081 0.081 0.079 0.079 0.0805 0.0805 0.08050001 0.08050001 0.08050001 0.0785 0.0785 0.08050001 0.08050001 0.075 0.075 0.075 0.0805
0.0775 0.0775 0.084 0.084 0.0775 0.0775 0.078 0.078 0.078 0.0745 0.0745 0.08 0.08 0.084 0.084 0.0845 0.0845 0.0845 0.086 0.086 0.078 0.078 0.0795 0.0795 0.0795 0.0785 0.0785 0.0735 0.0735 0.077 0.077 0.077 0.0705 0.0705 0.068 0.068 0.0665 0.0665 0.0665 0.0675 0.0675 0.0675 0.0675 0.07099999 0.07099999 0.07099999 0.0795 0.0795 0.073 0.073 0.0735 0.0735 0.083 0.083 0.083 0.0775 0.0775 0.077 0.077 0.081 0.081 0.081 0.079 0.079 0.0805 0.0805 0.08050001 0.08050001 0.08050001 0.0785 0.0785 0.08050001 0.08050001 0.075 0.075 0.075 0.0805
0.086 0.086 0.0845 0.0845 0.0855 0.0855 0.083 0.083 0.083 0.07799999 0.07799999 0.0875 0.0875 0.086 0.086 0.085 0.085 0.085 0.0825 0.0825 0.0785 0.0785 0.0815 0.0815 0.0815 0.082 0.082 0.07449999 0.07449999 0.07 0.07 0.07 0.0665 0.0665 0.0675 0.0675 0.0675 0.0675 0.0675 0.065 0.065 0.064 0.064 0.0735 0.0735 0.0735 0.0805 0.0805 0.075 0.075 0.084 0.084 0.0935 0.0935 0.0935 0.0925 0.0925 0.09 0.09 0.0855 0.0855 0.0855 0.084 0.084 0.08149999 0.08149999 0.0815 0.0815 0.0815 0.0835 0.0835 0.0825 0.0825 0.082 0.082 0.082 0.07600001
0.086 0.086 0.0845 0.0845 0.0855 0.0855 0.083 0.083 0.083 0.07799999 0.07799999 0.0875 0.0875 0.086 0.086 0.085 0.085 0.085 0.0825 0.0825 0.0785 0.0785 0.0815 0.0815 0.0815 0.082 0.082 0.07449999 0.07449999 0.07 0.07 0.07 0.0665 0.0665 0.0675 0.0675 0.0675 0.0675 0.0675 0.065 0.065 0.064 0.064 0.0735 0.0735 0.0735 0.0805 0.0805 0.075 0.075 0.084 0.084 0.0935 0.0935 0.0935 0.0925 0.0925 0.09 0.09 0.0855 0.0855 0.0855 0.084 0.084 0.08149999 0.08149999 0.0815 0.0815 0.0815 0.0835 0.0835 0.0825 0.0825 0.082 0.082 0.082 0.07600001
0.086 0.086 0.0845 0.0845 0.0855 0.0855 0.083 0.083 0.083 0.07799999 0.07799999 0.0875 0.0875 0.086 0.086 0.085 0.085 0.085 0.0825 0.0825 0.0785 0.0785 0.0815 0.0815 0.0815 0.082 0.082 0.07449999 0.07449999 0.07 0.07 0.07 0.0665 0.0665 0.0675 0.0675 0.0675 0.0675 0.0675 0.065 0.065 0.064 0.064 0.0735 0.0735 0.0735 0.0805 0.0805 0.075 0.075 0.084 0.084 0.0935 0.0935 0.0935 0.0925 0.0925 0.09 0.09 0.0855 0.0855 0.0855 0.084 0.084 0.08149999 0.08149999 0.0815 0.0815 0.0815 0.0835 0.0835 0.0825 0.0825 0.082 0.082 0.082 0.07600001
0.0805 0.0805 0.0775 0.0775 0.083 0.083 0.086 0.086 0.086 0.0915 0.0915 0.08400001 0.08400001 0.079 0.079 0.0785 0.0785 0.0785 0.085 0.085 0.084 0.084 0.073 0.073 0.073 0.07 0.07 0.074 0.074 0.06550001 0.06550001 0.06550001 0.0665 0.0665 0.066 0.066 0.0735 0.0735 0.0735 0.077 0.077 0.06550001 0.06550001 0.0775 0.0775 0.0775 0.07250001 0.07250001 0.0795 0.0795 0.0875 0.0875 0.088 0.088 0.088 0.084 0.084 0.0835 0.0835 0.08400001 0.08400001 0.08400001 0.08149999 0.08149999 0.0955 0.0955 0.097 0.097 0.097 0.0795 0.0795 0.0835 0.0835 0.0825 0.0825 0.0825 0.0825
0.0805 0.0805 0.0775 0.0775 0.083 0.083 0.086 0.086 0.086 0.0915 0.0915 0.08400001 0.08400001 0.079 0.079 0.0785 0.0785 0.0785 0.085 0.085 0.084 0.084 0.073 0.073 0.073 0.07 0.07 0.074 0.074 0.06550001 0.06550001 0.06550001 0.0665 0.0665 0.066 0.066 0.0735 0.0735 0.0735 0.077 0.077 0.06550001 0.06550001 0.0775 0.0775 0.0775 0.07250001 0.07250001 0.0795 0.0795 0.0875 0.0875 0.088 0.088 0.088 0.084 0.084 0.0835 0.0835 0.08400001 0.08400001 0.08400001 0.08149999 0.08149999 0.0955 0.0955 0.097 0.097 0.097 0.0795 0.0795 0.0835 0.0835 0.0825 0.0825 0.0825 0.0825
0.07600001 0.07600001 0.077 0.077 0.075 0.075 0.078 0.078 0.078 0.0775 0.0775 0.083 0.083 0.08149999 0.08149999 0.078 0.078 0.078 0.081 0.081 0.078 0.078 0.0745 0.0745 0.0745 0.075 0.075 0.0715 0.0715 0.071 0.071 0.071 0.089 0.089 0.081 0.081 0.074 0.074 0.074 0.077 0.077 0.0795 0.0795 0.082 0.082 0.082 0.0915 0.0915 0.09 0.09 0.085 0.085 0.094 0.094 0.094 0.0955 0.0955 0.0865 0.0865 0.0855 0.0855 0.0855 0.088 0.088 0.084 0.084 0.084 0.084 0.084 0.0905 0.0905 0.0905 0.0905 0.089 0.089 0.089 0.0815
0.07600001 0.07600001 0.077 0.077 0.075 0.075 0.078 0.078 0.078 0.0775 0.0775 0.083 0.083 0.08149999 0.08149999 0.078 0.078 0.078 0.081 0.081 0.078 0.078 0.0745 0.0745 0.0745 0.075 0.075 0.0715 0.0715 0.071 0.071 0.071 0.089 0.089 0.081 0.081 0.074 0.074 0.074 0.077 0.077 0.0795 0.0795 0.082 0.082 0.082 0.0915 0.0915 0.09 0.09 0.085 0.085 0.094 0.094 0.094 0.0955 0.0955 0.0865 0.0865 0.0855 0.0855 0.0855 0.088 0.088 0.084 0.084 0.084 0.084 0.084 0.0905 0.0905 0.0905 0.0905 0.089 0.089 0.089 0.0815
0.0825 0.0825 0.092 0.092 0.074 0.074 0.08400001 0.08400001 0.08400001 0.082 0.082 0.08 0.08 0.08050001 0.08050001 0.0835 0.0835 0.0835 0.0855 0.0855 0.0855 0.0855 0.082 0.082 0.082 0.079 0.079 0.0785 0.0785 0.087 0.087 0.087 0.088 0.088 0.086 0.086 0.0755 0.0755 0.0755 0.081 0.081 0.085 0.085 0.094 0.094 0.094 0.09299999 0.09299999 0.09100001 0.09100001 0.0985 0.0985 0.0925 0.0925 0.0925 0.091 0.091 0.0985 0.0985 0.0915 0.0915 0.0915 0.0985 0.0985 0.092 0.092 0.09 0.09 0.09 0.08750001 0.08750001 0.08750001 0.08750001 0.084 0.084 0.084 0.0845
0.0825 0.0825 0.092 0.092 0.074 0.074 0.08400001 0.08400001 0.08400001 0.082 0.082 0.08 0.08 0.08050001 0.08050001 0.0835 0.0835 0.0835 0.0855 0.0855 0.0855 0.0855 0.082 0.082 0.082 0.079 0.079 0.0785 0.0785 0.087 0.087 0.087 0.088 0.088 0.086 0.086 0.0755 0.0755 0.0755 0.081 0.081 0.085 0.085 0.094 0.094 0.094 0.09299999 0.09299999 0.09100001 0.09100001 0.0985 0.0985 0.0925 0.0925 0.0925 0.091 0.091 0.0985 0.0985 0.0915 0.0915 0.0915 0.0985 0.0985 0.092 0.092 0.09 0.09 0.09 0.08750001 0.08750001 0.08750001 0.08750001 0.084 0.084 0.084 0.0845
0.088 0.088 0.081 0.081 0.0805 0.0805 0.08 0.08 0.08 0.08 0.08 0.0795 0.0795 0.082 0.082 0.091 0.091 0.091 0.0865 0.0865 0.0835 0.0835 0.0895 0.0895 0.0895 0.088 0.088 0.0905 0.0905 0.088 0.088 0.088 0.0915 0.0915 0.0955 0.0955 0.0845 0.0845 0.0845 0.09649999 0.09649999 0.0855 0.0855 0.098 0.098 0.098 0.088 0.088 0.0965 0.0965 0.09299999 0.09299999 0.09999999 0.09999999 0.09999999 0.096 0.096 0.097 0.097 0.09999999 0.09999999 0.09999999 0.1015 0.1015 0.092 0.092 0.092 0.092 0.092 0.098 0.098 0.089 0.089 0.0925 0.0925 0.0925 0.1005
0.088 0.088 0.081 0.081 0.0805 0.0805 0.08 0.08 0.08 0.08 0.08 0.0795 0.0795 0.082 0.082 0.091 0.091 0.091 0.0865 0.0865 0.0835 0.0835 0.0895 0.0895 0.0895 0.088 0.088 0.0905 0.0905 0.088 0.088 0.088 0.0915 0.0915 0.0955 0.0955 0.0845 0.0845 0.0845 0.09649999 0.09649999 0.0855 0.0855 0.098 0.098 0.098 0.088 0.088 0.0965 0.0965 0.09299999 0.09299999 0.09999999 0.09999999 0.09999999 0.096 0.096 0.097 0.097 0.09999999 0.09999999 0.09999999 0.1015 0.1015 0.092 0.092 0.092 0.092 0.092 0.098 0.098 0.089 0.089 0.0925 0.0925 0.0925 0.1005
0.088 0.088 0.081 0.081 0.0805 0.0805 0.08 0.08 0.08 0.08 0.08 0.0795 0.0795 0.082 0.082 0.091 0.091 0.091 0.0865 0.0865 0.0835 0.0835 0.0895 0.0895 0.0895 0.088 0.088 0.0905 0.0905 0.088 0.088 0.088 0.0915 0.0915 0.0955 0.0955 0.0845 0.0845 0.0845 0.09649999 0.09649999 0.0855 0.0855 0.098 0.098 0.098 0.088 0.088 0.0965 0.0965 0.09299999 0.09299999 0.09999999 0.09999999 0.09999999 0.096 0.096 0.097 0.097 0.09999999 0.09999999 0.09999999 0.1015 0.1015 0.092 0.092 0.092 0.092 0.092 0.098 0.098 0.089 0.089 0.0925 0.0925 0.0925 0.1005
0.0835 0.0835 0.082 0.082 0.08 0.08 0.082 0.082 0.082 0.087 0.087 0.083 0.083 0.087 0.087 0.0905 0.0905 0.0905 0.08400001 0.08400001 0.0975 0.0975 0.0835 0.0835 0.0835 0.093 0.093 0.0835 0.0835 0.0835 0.0835 0.0835 0.0845 0.0845 0.0905 0.0905 0.0855 0.0855 0.0855 0.091 0.091 0.093 0.093 0.0885 0.0885 0.0885 0.1015 0.1015 0.1035 0.1035 0.11 0.11 0.0955 0.0955 0.0955 0.101 0.101 0.09999999 0.09999999 0.1005 0.1005 0.1005 0.0965 0.0965 0.0935 0.0935 0.0915 0.0915 0.0915 0.092 0.092 0.096 0.096 0.0915 0.0915 0.0915 0.104
0.0835 0.0835 0.082 0.082 0.08 0.08 0.082 0.082 0.082 0.087 0.087 0.083 0.083 0.087 0.087 0.0905 0.0905 0.0905 0.08400001 0.08400001 0.0975 0.0975 0.0835 0.0835 0.0835 0.093 0.093 0.0835 0.0835 0.0835 0.0835 0.0835 0.0845 0.0845 0.0905 0.0905 0.0855 0.0855 0.0855 0.091 0.091 0.093 0.093 0.0885 0.0885 0.0885 0.1015 0.1015 0.1035 0.1035 0.11 0.11 0.0955 0.0955 0.0955 0.101 0.101 0.09999999 0.09999999 0.1005 0.1005 0.1005 0.0965 0.0965 0.0935 0.0935 0.0915 0.0915 0.0915 0.092 0.092 0.096 0.096 0.0915 0.0915 0.0915 0.104
0.0815 0.0815 0.0865 0.0865 0.0855 0.0855 0.086 0.086 0.086 0.0915 0.0915 0.0825 0.0825 0.102 0.102 0.0895 0.0895 0.0895 0.091 0.091 0.0835 0.0835 0.0855 0.0855 0.0855 0.085 0.085 0.0845 0.0845 0.09100001 0.09100001 0.09100001 0.085 0.085 0.0885 0.0885 0.0845 0.0845 0.0845 0.088 0.088 0.0885 0.0885 0.103 0.103 0.103 0.109 0.109 0.098 0.098 0.1055 0.1055 0.102 0.102 0.102 0.11 0.11 0.123 0.123 0.1185 0.1185 0.1185 0.1035 0.1035 0.1085 0.1085 0.0995 0.0995 0.0995 0.0875 0.0875 0.09649999 0.09649999 0.09 0.09 0.09 0.096
0.0815 0.0815 0.0865 0.0865 0.0855 0.0855 0.086 0.086 0.086 0.0915 0.0915 0.0825 0.0825 0.102 0.102 0.0895 0.0895 0.0895 0.091 0.091 0.0835 0.0835 0.0855 0.0855 0.0855 0.085 0.085 0.0845 0.0845 0.09100001 0.09100001 0.09100001 0.085 0.085 0.0885 0.0885 0.0845 0.0845 0.0845 0.088 0.088 0.0885 0.0885 0.103 0.103 0.103 0.109 0.109 0.098 0.098 0.1055 0.1055 0.102 0.102 0.102 0.11 0.11 0.123 0.123 0.1185 0.1185 0.1185 0.1035 0.1035 0.1085 0.1085 0.0995 0.0995 0.0995 0.0875 0.0875 0.09649999 0.09649999 0.09 0.09 0.09 0.096
0.082 0.082 0.0855 0.0855 0.0885 0.0885 0.084 0.084 0.084 0.0855 0.0855 0.094 0.094 0.0925 0.0925 0.092 0.092 0.092 0.08499999 0.08499999 0.0855 0.0855 0.08400001 0.08400001 0.08400001 0.0845 0.0845 0.089 0.089 0.097 0.097 0.097 0.1015 0.1015 0.092 0.092 0.0865 0.0865 0.0865 0.0935 0.0935 0.0925 0.0925 0.1045 0.1045 0.1045 0.1085 0.1085 0.101 0.101 0.1 0.1 0.103 0.103 0.103 0.1165 0.1165 0.1355 0.1355 0.1255 0.1255 0.1255 0.111 0.111 0.1045 0.1045 0.101 0.101 0.101 0.109 0.109 0.1045 0.1045 0.09550001 0.09550001 0.09550001 0.0935
0.082 0.082 0.0855 0.0855 0.0885 0.0885 0.084 0.084 0.084 0.0855 0.0855 0.094 0.094 0.0925 0.0925 0.092 0.092 0.092 0.08499999 0.08499999 0.0855 0.0855 0.08400001 0.08400001 0.08400001 0.0845 0.0845 0.089 0.089 0.097 0.097 0.097 0.1015 0.1015 0.092 0.092 0.0865 0.0865 0.0865 0.0935 0.0935 0.0925 0.0925 0.1045 0.1045 0.1045 0.1085 0.1085 0.101 0.101 0.1 0.1 0.103 0.103 0.103 0.1165 0.1165 0.1355 0.1355 0.1255 0.1255 0.1255 0.111 0.111 0.1045 0.1045 0.101 0.101 0.101 0.109 0.109 0.1045 0.1045 0.09550001 0.09550001 0.09550001 0.0935
0.082 0.082 0.0855 0.0855 0.0885 0.0885 0.084 0.084 0.084 0.0855 0.0855 0.094 0.094 0.0925 0.0925 0.092 0.092 0.092 0.08499999 0.08499999 0.0855 0.0855 0.08400001 0.08400001 0.08400001 0.0845 0.0845 0.089 0.089 0.097 0.097 0.097 0.1015 0.1015 0.092 0.092 0.0865 0.0865 0.0865 0.0935 0.0935 0.0925 0.0925 0.1045 0.1045 0.1045 0.1085 0.1085 0.101 0.101 0.1 0.1 0.103 0.103 0.103 0.1165 0.1165 0.1355 0.1355 0.1255 0.1255 0.1255 0.111 0.111 0.1045 0.1045 0.101 0.101 0.101 0.109 0.109 0.1045 0.1045 0.09550001 0.09550001 0.09550001 0.0935
0.08750001 0.08750001 0.088 0.088 0.0865 0.0865 0.087 0.087 0.087 0.088 0.088 0.092 0.092 0.09100001 0.09100001 0.0895 0.0895 0.0895 0.0895 0.0895 0.0995 0.0995 0.099 0.099 0.099 0.092 0.092 0.0985 0.0985 0.114 0.114 0.114 0.1155 0.1155 0.114 0.114 0.0985 0.0985 0.0985 0.0895 0.0895 0.104 0.104 0.1075 0.1075 0.1075 0.1035 0.1035 0.0975 0.0975 0.0985 0.0985 0.098 0.098 0.098 0.103 0.103 0.119 0.119 0.125 0.125 0.125 0.1315 0.1315 0.124 0.124 0.1125 0.1125 0.1125 0.125 0.125 0.1025 0.1025 0.1085 0.1085 0.1085 0.1295
0.08750001 0.08750001 0.088 0.088 0.0865 0.0865 0.087 0.087 0.087 0.088 0.088 0.092 0.092 0.09100001 0.09100001 0.0895 0.0895 0.0895 0.0895 0.0895 0.0995 0.0995 0.099 0.099 0.099 0.092 0.092 0.0985 0.0985 0.114 0.114 0.114 0.1155 0.1155 0.114 0.114 0.0985 0.0985 0.0985 0.0895 0.0895 0.104 0.104 0.1075 0.1075 0.1075 0.1035 0.1035 0.0975 0.0975 0.0985 0.0985 0.098 0.098 0.098 0.103 0.103 0.119 0.119 0.125 0.125 0.125 0.1315 0.1315 0.124 0.124 0.1125 0.1125 0.1125 0.125 0.125 0.1025 0.1025 0.1085 0.1085 0.1085 0.1295
0.087 0.087 0.0875 0.0875 0.0965 0.0965 0.1135 0.1135 0.1135 0.1185 0.1185 0.124 0.124 0.121 0.121 0.1185 0.1185 0.1185 0.1145 0.1145 0.1035 0.1035 0.099 0.099 0.099 0.0995 0.0995 0.109 0.109 0.122 0.122 0.122 0.1185 0.1185 0.121 0.121 0.0995 0.0995 0.0995 0.096 0.096 0.1135 0.1135 0.114 0.114 0.114 0.119 0.119 0.1035 0.1035 0.1075 0.1075 0.096 0.096 0.096 0.1015 0.1015 0.1035 0.1035 0.1315 0.1315 0.1315 0.132 0.132 0.134 0.134 0.155 0.155 0.155 0.136 0.136 0.135 0.135 0.1015 0.1015 0.1015 0.1085
0.087 0.087 0.0875 0.0875 0.0965 0.0965 0.1135 0.1135 0.1135 0.1185 0.1185 0.124 0.124 0.121 0.121 0.1185 0.1185 0.1185 0.1145 0.1145 0.1035 0.1035 0.099 0.099 0.099 0.0995 0.0995 0.109 0.109 0.122 0.122 0.122 0.1185 0.1185 0.121 0.121 0.0995 0.0995 0.0995 0.096 0.096 0.1135 0.1135 0.114 0.114 0.114 0.119 0.119 0.1035 0.1035 0.1075 0.1075 0.096 0.096 0.096 0.1015 0.1015 0.1035 0.1035 0.1315 0.1315 0.1315 0.132 0.132 0.134 0.134 0.155 0.155 0.155 0.136 0.136 0.135 0.135 0.1015 0.1015 0.1015 0.1085
0.097 0.097 0.1005 0.1005 0.109 0.109 0.1325 0.1325 0.1325 0.1375 0.1375 0.1385 0.1385 0.128 0.128 0.126 0.126 0.126 0.109 0.109 0.1145 0.1145 0.105 0.105 0.105 0.1155 0.1155 0.1125 0.1125 0.1335 0.1335 0.1335 0.121 0.121 0.1115 0.1115 0.0985 0.0985 0.0985 0.1005 0.1005 0.121 0.121 0.131 0.131 0.131 0.13 0.13 0.128 0.128 0.111 0.111 0.108 0.108 0.108 0.102 0.102 0.116 0.116 0.131 0.131 0.131 0.141 0.141 0.1445 0.1445 0.1485 0.1485 0.1485 0.1265 0.1265 0.109 0.109 0.106 0.106 0.106 0.1075
0.097 0.097 0.1005 0.1005 0.109 0.109 0.1325 0.1325 0.1325 0.1375 0.1375 0.1385 0.1385 0.128 0.128 0.126 0.126 0.126 0.109 0.109 0.1145 0.1145 0.105 0.105 0.105 0.1155 0.1155 0.1125 0.1125 0.1335 0.1335 0.1335 0.121 0.121 0.1115 0.1115 0.0985 0.0985 0.0985 0.1005 0.1005 0.121 0.121 0.131 0.131 0.131 0.13 0.13 0.128 0.128 0.111 0.111 0.108 0.108 0.108 0.102 0.102 0.116 0.116 0.131 0.131 0.131 0.141 0.141 0.1445 0.1445 0.1485 0.1485 0.1485 0.1265 0.1265 0.109 0.109 0.106 0.106 0.106 0.1075
0.097 0.097 0.1005 0.1005 0.109 0.109 0.1325 0.1325 0.1325 0.1375 0.1375 0.1385 0.1385 0.128 0.128 0.126 0.126 0.126 0.109 0.109 0.1145 0.1145 0.105 0.105 0.105 0.1155 0.1155 0.1125 0.1125 0.1335 0.1335 0.1335 0.121 0.121 0.1115 0.1115 0.0985 0.0985 0.0985 0.1005 0.1005 0.121 0.121 0.131 0.131 0.131 0.13 0.13 0.128 0.128 0.111 0.111 0.108 0.108 0.108 0.102 0.102 0.116 0.116 0.131 0.131 0.131 0.141 0.141 0.1445 0.1445 0.1485 0.1485 0.1485 0.1265 0.1265 0.109 0.109 0.106 0.106 0.106 0.1075
0.102 0.102 0.121 0.121 0.1295 0.1295 0.1385 0.1385 0.1385 0.1365 0.1365 0.1435 0.1435 0.135 0.135 0.147 0.147 0.147 0.1295 0.1295 0.121 0.121 0.115 0.115 0.115 0.1105 0.1105 0.1115 0.1115 0.133 0.133 0.133 0.131 0.131 0.115 0.115 0.1075 0.1075 0.1075 0.1015 0.1015 0.1155 0.1155 0.131 0.131 0.131 0.1335 0.1335 0.131 0.131 0.116 0.116 0.102 0.102 0.102 0.111 0.111 0.1235 0.1235 0.1375 0.1375 0.1375 0.1355 0.1355 0.143 0.143 0.161 0.161 0.161 0.1375 0.1375 0.111 0.111 0.099 0.099 0.099 0.141
0.102 0.102 0.121 0.121 0.1295 0.1295 0.1385 0.1385 0.1385 0.1365 0.1365 0.1435 0.1435 0.135 0.135 0.147 0.147 0.147 0.1295 0.1295 0.121 0.121 0.115 0.115 0.115 0.1105 0.1105 0.1115 0.1115 0.133 0.133 0.133 0.131 0.131 0.115 0.115 0.1075 0.1075 0.1075 0.1015 0.1015 0.1155 0.1155 0.131 0.131 0.131 0.1335 0.1335 0.131 0.131 0.116 0.116 0.102 0.102 0.102 0.111 0.111 0.1235 0.1235 0.1375 0.1375 0.1375 0.1355 0.1355 0.143 0.143 0.161 0.161 0.161 0.1375 0.1375 0.111 0.111 0.099 0.099 0.099 0.141
0.138 0.138 0.1245 0.1245 0.13 0.13 0.133 0.133 0.133 0.136 0.136 0.145 0.145 0.147 0.147 0.1605 0.1605 0.1605 0.15 0.15 0.1365 0.1365 0.1245 0.1245 0.1245 0.123 0.123 0.125 0.125 0.127 0.127 0.127 0.124 0.124 0.1315 0.1315 0.132 0.132 0.132 0.115 0.115 0.123 0.123 0.135 0.135 0.135 0.1375 0.1375 0.1405 0.1405 0.14 0.14 0.137 0.137 0.137 0.1385 0.1385 0.1385 0.1385 0.146 0.146 0.146 0.149 0.149 0.15 0.15 0.171 0.171 0.171 0.1765 0.1765 0.1315 0.1315 0.1005 0.1005 0.1005 0.1225
0.138 0.138 0.1245 0.1245 0.13 0.13 0.133 0.133 0.133 0.136 0.136 0.145 0.145 0.147 0.147 0.1605 0.1605 0.1605 0.15 0.15 0.1365 0.1365 0.1245 0.1245 0.1245 0.123 0.123 0.125 0.125 0.127 0.127 0.127 0.124 0.124 0.1315 0.1315 0.132 0.132 0.132 0.115 0.115 0.123 0.123 0.135 0.135 0.135 0.1375 0.1375 0.1405 0.1405 0.14 0.14 0.137 0.137 0.137 0.1385 0.1385 0.1385 0.1385 0.146 0.146 0.146 0.149 0.149 0.15 0.15 0.171 0.171 0.171 0.1765 0.1765 0.1315 0.1315 0.1005 0.1005 0.1005 0.1225
0.149 0.149 0.142 0.142 0.114 0.114 0.111 0.111 0.111 0.1285 0.1285 0.1355 0.1355 0.1525 0.1525 0.1575 0.1575 0.1575 0.1455 0.1455 0.1425 0.1425 0.154 0.154 0.154 0.1485 0.1485 0.1425 0.1425 0.1405 0.1405 0.1405 0.1385 0.1385 0.1425 0.1425 0.134 0.134 0.134 0.132 0.132 0.1305 0.1305 0.16 0.16 0.16 0.1635 0.1635 0.156 0.156 0.156 0.156 0.1455 0.1455 0.1455 0.148 0.148 0.157 0.157 0.1575 0.1575 0.1575 0.165 0.165 0.1785 0.1785 0.1965 0.1965 0.1965 0.168 0.168 0.129 0.129 0.1265 0.1265 0.1265 0.124
0.149 0.149 0.142 0.142 0.114 0.114 0.111 0.111 0.111 0.1285 0.1285 0.1355 0.1355 0.1525 0.1525 0.1575 0.1575 0.1575 0.1455 0.1455 0.1425 0.1425 0.154 0.154 0.154 0.1485 0.1485 0.1425 0.1425 0.1405 0.1405 0.1405 0.1385 0.1385 0.1425 0.1425 0.134 0.134 0.134 0.132 0.132 0.1305 0.1305 0.16 0.16 0.16 0.1635 0.1635 0.156 0.156 0.156 0.156 0.1455 0.1455 0.1455 0.148 0.148 0.157 0.157 0.1575 0.1575 0.1575 0.165 0.165 0.1785 0.1785 0.1965 0.1965 0.1965 0.168 0.168 0.129 0.129 0.1265 0.1265 0.1265 0.124
0.164 0.164 0.147 0.147 0.1405 0.1405 0.1315 0.1315 0.1315 0.1325 0.1325 0.137 0.137 0.1405 0.1405 0.152 0.152 0.152 0.156 0.156 0.1645 0.1645 0.167 0.167 0.167 0.171 0.171 0.159 0.159 0.161 0.161 0.161 0.1735 0.1735 0.1665 0.1665 0.1575 0.1575 0.1575 0.1585 0.1585 0.1805 0.1805 0.1865 0.1865 0.1865 0.1805 0.1805 0.1655 0.1655 0.158 0.158 0.15 0.15 0.15 0.148 0.148 0.1525 0.1525 0.159 0.159 0.159 0.1675 0.1675 0.171 0.171 0.179 0.179 0.179 0.1695 0.1695 0.155 0.155 0.1495 0.1495 0.1495 0.146
