ndvi/NOAA-219.asc
ncols         252
nrows         154
xllcorner     -18.017974
yllcorner     13.481982
cellsize      0.035948
NODATA_value  -9999
[rows 105 to 139 of 154, columns 154 to 230 of 252]
0.223 0.2125 0.2125 0.216 0.216 0.216 0.2135 0.2135 0.2185 0.2185 0.232 0.232 0.223 0.223 0.223 0.221 0.221 0.214 0.214 0.2255 0.2255 0.2255 0.2245 0.2245 0.2105 0.2105 0.222 0.222 0.222 0.241 0.241 0.231 0.231 0.227 0.227 0.227 0.2245 0.2245 0.233 0.233 0.2315 0.2315 0.2315 0.249 0.249 0.249 0.249 0.2775 0.2775 0.2685 0.2685 0.2685 0.241 0.241 0.207 0.207 0.214 0.214 0.214 0.2045 0.2045 0.2105 0.2105 0.2265 0.2265 0.2265 0.2145 0.2145 0.233 0.233 0.231 0.231 0.231 0.2275 0.2275 0.2375 0.2375
0.227 0.2415 0.2415 0.2305 0.2305 0.2305 0.2265 0.2265 0.2215 0.2215 0.2315 0.2315 0.2205 0.2205 0.2205 0.224 0.224 0.222 0.222 0.212 0.212 0.212 0.2225 0.2225 0.2215 0.2215 0.2215 0.2215 0.2215 0.23 0.23 0.2405 0.2405 0.241 0.241 0.241 0.2455 0.2455 0.24 0.24 0.2425 0.2425 0.2425 0.2475 0.2475 0.255 0.255 0.2465 0.2465 0.2445 0.2445 0.2445 0.2455 0.2455 0.2555 0.2555 0.229 0.229 0.229 0.209 0.209 0.211 0.211 0.221 0.221 0.221 0.219 0.219 0.225 0.225 0.222 0.222 0.222 0.244 0.244 0.2345 0.2345
0.227 0.2415 0.2415 0.2305 0.2305 0.2305 0.2265 0.2265 0.2215 0.2215 0.2315 0.2315 0.2205 0.2205 0.2205 0.224 0.224 0.222 0.222 0.212 0.212 0.212 0.2225 0.2225 0.2215 0.2215 0.2215 0.2215 0.2215 0.23 0.23 0.2405 0.2405 0.241 0.241 0.241 0.2455 0.2455 0.24 0.24 0.2425 0.2425 0.2425 0.2475 0.2475 0.255 0.255 0.2465 0.2465 0.2445 0.2445 0.2445 0.2455 0.2455 0.2555 0.2555 0.229 0.229 0.229 0.209 0.209 0.211 0.211 0.221 0.221 0.221 0.219 0.219 0.225 0.225 0.222 0.222 0.222 0.244 0.244 0.2345 0.2345
0.231 0.234 0.234 0.228 0.228 0.228 0.2335 0.2335 0.2395 0.2395 0.2315 0.2315 0.232 0.232 0.232 0.219 0.219 0.2105 0.2105 0.222 0.222 0.222 0.225 0.225 0.226 0.226 0.213 0.213 0.213 0.2265 0.2265 0.244 0.244 0.252 0.252 0.252 0.2495 0.2495 0.2465 0.2465 0.2515 0.2515 0.2515 0.2475 0.2475 0.2495 0.2495 0.2385 0.2385 0.2395 0.2395 0.2395 0.223 0.223 0.214 0.214 0.232 0.232 0.232 0.243 0.243 0.253 0.253 0.244 0.244 0.244 0.2495 0.2495 0.2475 0.2475 0.2365 0.2365 0.2365 0.248 0.248 0.259 0.259
0.231 0.234 0.234 0.228 0.228 0.228 0.2335 0.2335 0.2395 0.2395 0.2315 0.2315 0.232 0.232 0.232 0.219 0.219 0.2105 0.2105 0.222 0.222 0.222 0.225 0.225 0.226 0.226 0.213 0.213 0.213 0.2265 0.2265 0.244 0.244 0.252 0.252 0.252 0.2495 0.2495 0.2465 0.2465 0.2515 0.2515 0.2515 0.2475 0.2475 0.2495 0.2495 0.2385 0.2385 0.2395 0.2395 0.2395 0.223 0.223 0.214 0.214 0.232 0.232 0.232 0.243 0.243 0.253 0.253 0.244 0.244 0.244 0.2495 0.2495 0.2475 0.2475 0.2365 0.2365 0.2365 0.248 0.248 0.259 0.259
0.227 0.2335 0.2335 0.2475 0.2475 0.2475 0.2545 0.2545 0.242 0.242 0.2375 0.2375 0.2365 0.2365 0.2365 0.2175 0.2175 0.217 0.217 0.222 0.222 0.222 0.2225 0.2225 0.2375 0.2375 0.229 0.229 0.229 0.2265 0.2265 0.2525 0.2525 0.2515 0.2515 0.2515 0.235 0.235 0.2505 0.2505 0.251 0.251 0.251 0.252 0.252 0.246 0.246 0.241 0.241 0.2355 0.2355 0.2355 0.239 0.239 0.221 0.221 0.2295 0.2295 0.2295 0.2445 0.2445 0.2385 0.2385 0.2465 0.2465 0.2465 0.2435 0.2435 0.2375 0.2375 0.2375 0.2375 0.2375 0.2505 0.2505 0.2795 0.2795
0.227 0.2335 0.2335 0.2475 0.2475 0.2475 0.2545 0.2545 0.242 0.242 0.2375 0.2375 0.2365 0.2365 0.2365 0.2175 0.2175 0.217 0.217 0.222 0.222 0.222 0.2225 0.2225 0.2375 0.2375 0.229 0.229 0.229 0.2265 0.2265 0.2525 0.2525 0.2515 0.2515 0.2515 0.235 0.235 0.2505 0.2505 0.251 0.251 0.251 0.252 0.252 0.246 0.246 0.241 0.241 0.2355 0.2355 0.2355 0.239 0.239 0.221 0.221 0.2295 0.2295 0.2295 0.2445 0.2445 0.2385 0.2385 0.2465 0.2465 0.2465 0.2435 0.2435 0.2375 0.2375 0.2375 0.2375 0.2375 0.2505 0.2505 0.2795 0.2795
0.227 0.2335 0.2335 0.2475 0.2475 0.2475 0.2545 0.2545 0.242 0.242 0.2375 0.2375 0.2365 0.2365 0.2365 0.2175 0.2175 0.217 0.217 0.222 0.222 0.222 0.2225 0.2225 0.2375 0.2375 0.229 0.229 0.229 0.2265 0.2265 0.2525 0.2525 0.2515 0.2515 0.2515 0.235 0.235 0.2505 0.2505 0.251 0.251 0.251 0.252 0.252 0.246 0.246 0.241 0.241 0.2355 0.2355 0.2355 0.239 0.239 0.221 0.221 0.2295 0.2295 0.2295 0.2445 0.2445 0.2385 0.2385 0.2465 0.2465 0.2465 0.2435 0.2435 0.2375 0.2375 0.2375 0.2375 0.2375 0.2505 0.2505 0.2795 0.2795
0.2315 0.229 0.229 0.241 0.241 0.241 0.2435 0.2435 0.2395 0.2395 0.2425 0.2425 0.242 0.242 0.242 0.2435 0.2435 0.2425 0.2425 0.238 0.238 0.238 0.2325 0.2325 0.235 0.235 0.235 0.235 0.235 0.234 0.234 0.229 0.229 0.2805 0.2805 0.2805 0.2705 0.2705 0.2435 0.2435 0.256 0.256 0.256 0.241 0.241 0.2375 0.2375 0.2475 0.2475 0.25 0.25 0.25 0.244 0.244 0.2315 0.2315 0.2605 0.2605 0.2605 0.2535 0.2535 0.238 0.238 0.2355 0.2355 0.2355 0.2445 0.2445 0.24 0.24 0.2445 0.2445 0.2445 0.248 0.248 0.258 0.258
0.2315 0.229 0.229 0.241 0.241 0.241 0.2435 0.2435 0.2395 0.2395 0.2425 0.2425 0.242 0.242 0.242 0.2435 0.2435 0.2425 0.2425 0.238 0.238 0.238 0.2325 0.2325 0.235 0.235 0.235 0.235 0.235 0.234 0.234 0.229 0.229 0.2805 0.2805 0.2805 0.2705 0.2705 0.2435 0.2435 0.256 0.256 0.256 0.241 0.241 0.2375 0.2375 0.2475 0.2475 0.25 0.25 0.25 0.244 0.244 0.2315 0.2315 0.2605 0.2605 0.2605 0.2535 0.2535 0.238 0.238 0.2355 0.2355 0.2355 0.2445 0.2445 0.24 0.24 0.2445 0.2445 0.2445 0.248 0.248 0.258 0.258
0.2235 0.224 0.224 0.217 0.217 0.217 0.239 0.239 0.233 0.233 0.225 0.225 0.2375 0.2375 0.2375 0.2455 0.2455 0.2425 0.2425 0.2425 0.2425 0.2425 0.2485 0.2485 0.238 0.238 0.243 0.243 0.243 0.2365 0.2365 0.2355 0.2355 0.2495 0.2495 0.2495 0.238 0.238 0.2205 0.2205 0.2425 0.2425 0.2425 0.2365 0.2365 0.2545 0.2545 0.239 0.239 0.2375 0.2375 0.2375 0.2425 0.2425 0.2335 0.2335 0.2535 0.2535 0.2535 0.25 0.25 0.2495 0.2495 0.255 0.255 0.255 0.2455 0.2455 0.2505 0.2505 0.251 0.251 0.251 0.2375 0.2375 0.2535 0.2535
0.2235 0.224 0.224 0.217 0.217 0.217 0.239 0.239 0.233 0.233 0.225 0.225 0.2375 0.2375 0.2375 0.2455 0.2455 0.2425 0.2425 0.2425 0.2425 0.2425 0.2485 0.2485 0.238 0.238 0.243 0.243 0.243 0.2365 0.2365 0.2355 0.2355 0.2495 0.2495 0.2495 0.238 0.238 0.2205 0.2205 0.2425 0.2425 0.2425 0.2365 0.2365 0.2545 0.2545 0.239 0.239 0.2375 0.2375 0.2375 0.2425 0.2425 0.2335 0.2335 0.2535 0.2535 0.2535 0.25 0.25 0.2495 0.2495 0.255 0.255 0.255 0.2455 0.2455 0.2505 0.2505 0.251 0.251 0.251 0.2375 0.2375 0.2535 0.2535
0.2405 0.2325 0.2325 0.2345 0.2345 0.2345 0.239 0.239 0.2335 0.2335 0.25 0.25 0.2525 0.2525 0.2525 0.259 0.259 0.244 0.244 0.244 0.244 0.244 0.24 0.24 0.2385 0.2385 0.25 0.25 0.25 0.233 0.233 0.2505 0.2505 0.236 0.236 0.236 0.2195 0.2195 0.233 0.233 0.248 0.248 0.248 0.266 0.266 0.2525 0.2525 0.2285 0.2285 0.232 0.232 0.232 0.258 0.258 0.2665 0.2665 0.2625 0.2625 0.2625 0.2635 0.2635 0.27 0.27 0.269 0.269 0.269 0.28 0.28 0.274 0.274 0.269 0.269 0.269 0.2615 0.2615 0.248 0.248
0.2405 0.2325 0.2325 0.2345 0.2345 0.2345 0.239 0.239 0.2335 0.2335 0.25 0.25 0.2525 0.2525 0.2525 0.259 0.259 0.244 0.244 0.244 0.244 0.244 0.24 0.24 0.2385 0.2385 0.25 0.25 0.25 0.233 0.233 0.2505 0.2505 0.236 0.236 0.236 0.2195 0.2195 0.233 0.233 0.248 0.248 0.248 0.266 0.266 0.2525 0.2525 0.2285 0.2285 0.232 0.232 0.232 0.258 0.258 0.2665 0.2665 0.2625 0.2625 0.2625 0.2635 0.2635 0.27 0.27 0.269 0.269 0.269 0.28 0.28 0.274 0.274 0.269 0.269 0.269 0.2615 0.2615 0.248 0.248
0.2405 0.2325 0.2325 0.2345 0.2345 0.2345 0.239 0.239 0.2335 0.2335 0.25 0.25 0.2525 0.2525 0.2525 0.259 0.259 0.244 0.244 0.244 0.244 0.244 0.24 0.24 0.2385 0.2385 0.25 0.25 0.25 0.233 0.233 0.2505 0.2505 0.236 0.236 0.236 0.2195 0.2195 0.233 0.233 0.248 0.248 0.248 0.266 0.266 0.2525 0.2525 0.2285 0.2285 0.232 0.232 0.232 0.258 0.258 0.2665 0.2665 0.2625 0.2625 0.2625 0.2635 0.2635 0.27 0.27 0.269 0.269 0.269 0.28 0.28 0.274 0.274 0.269 0.269 0.269 0.2615 0.2615 0.248 0.248
0.2435 0.243 0.243 0.2405 0.2405 0.2405 0.2475 0.2475 0.232 0.232 0.242 0.242 0.2495 0.2495 0.2495 0.254 0.254 0.268 0.268 0.2775 0.2775 0.2775 0.268 0.268 0.2575 0.2575 0.247 0.247 0.247 0.2265 0.2265 0.2275 0.2275 0.2535 0.2535 0.2535 0.256 0.256 0.245 0.245 0.2515 0.2515 0.2515 0.2725 0.2725 0.258 0.258 0.238 0.238 0.2545 0.2545 0.2545 0.262 0.262 0.268 0.268 0.26 0.26 0.26 0.27 0.27 0.2595 0.2595 0.267 0.267 0.267 0.269 0.269 0.3075 0.3075 0.2805 0.2805 0.2805 0.259 0.259 0.2465 0.2465
0.2435 0.243 0.243 0.2405 0.2405 0.2405 0.2475 0.2475 0.232 0.232 0.242 0.242 0.2495 0.2495 0.2495 0.254 0.254 0.268 0.268 0.2775 0.2775 0.2775 0.268 0.268 0.2575 0.2575 0.247 0.247 0.247 0.2265 0.2265 0.2275 0.2275 0.2535 0.2535 0.2535 0.256 0.256 0.245 0.245 0.2515 0.2515 0.2515 0.2725 0.2725 0.258 0.258 0.238 0.238 0.2545 0.2545 0.2545 0.262 0.262 0.268 0.268 0.26 0.26 0.26 0.27 0.27 0.2595 0.2595 0.267 0.267 0.267 0.269 0.269 0.3075 0.3075 0.2805 0.2805 0.2805 0.259 0.259 0.2465 0.2465
0.2485 0.251 0.251 0.2465 0.2465 0.2465 0.228 0.228 0.2205 0.2205 0.232 0.232 0.248 0.248 0.248 0.258 0.258 0.265 0.265 0.271 0.271 0.271 0.275 0.275 0.271 0.271 0.2515 0.2515 0.2515 0.2365 0.2365 0.223 0.223 0.2825 0.2825 0.2825 0.2375 0.2375 0.2415 0.2415 0.2415 0.2415 0.2415 0.252 0.252 0.2695 0.2695 0.2565 0.2565 0.2595 0.2595 0.2595 0.259 0.259 0.258 0.258 0.2665 0.2665 0.2665 0.277 0.277 0.2665 0.2665 0.281 0.281 0.281 0.2925 0.2925 0.269 0.269 0.259 0.259 0.259 0.263 0.263 0.271 0.271
0.2485 0.251 0.251 0.2465 0.2465 0.2465 0.228 0.228 0.2205 0.2205 0.232 0.232 0.248 0.248 0.248 0.258 0.258 0.265 0.265 0.271 0.271 0.271 0.275 0.275 0.271 0.271 0.2515 0.2515 0.2515 0.2365 0.2365 0.223 0.223 0.2825 0.2825 0.2825 0.2375 0.2375 0.2415 0.2415 0.2415 0.2415 0.2415 0.252 0.252 0.2695 0.2695 0.2565 0.2565 0.2595 0.2595 0.2595 0.259 0.259 0.258 0.258 0.2665 0.2665 0.2665 0.277 0.277 0.2665 0.2665 0.281 0.281 0.281 0.2925 0.2925 0.269 0.269 0.259 0.259 0.259 0.263 0.263 0.271 0.271
0.2665 0.2655 0.2655 0.269 0.269 0.269 0.239 0.239 0.2425 0.2425 0.267 0.267 0.2605 0.2605 0.2605 0.266 0.266 0.26 0.26 0.257 0.257 0.257 0.2605 0.2605 0.278 0.278 0.2545 0.2545 0.2545 0.2335 0.2335 0.2625 0.2625 0.234 0.234 0.234 0.233 0.233 0.243 0.243 0.25 0.25 0.25 0.2345 0.2345 0.2565 0.2565 0.2545 0.2545 0.2435 0.2435 0.2435 0.2625 0.2625 0.2625 0.2625 0.252 0.252 0.252 0.266 0.266 0.271 0.271 0.267 0.267 0.267 0.2665 0.2665 0.264 0.264 0.252 0.252 0.252 0.257 0.257 0.261 0.261
0.2665 0.2655 0.2655 0.269 0.269 0.269 0.239 0.239 0.2425 0.2425 0.267 0.267 0.2605 0.2605 0.2605 0.266 0.266 0.26 0.26 0.257 0.257 0.257 0.2605 0.2605 0.278 0.278 0.2545 0.2545 0.2545 0.2335 0.2335 0.2625 0.2625 0.234 0.234 0.234 0.233 0.233 0.243 0.243 0.25 0.25 0.25 0.2345 0.2345 0.2565 0.2565 0.2545 0.2545 0.2435 0.2435 0.2435 0.2625 0.2625 0.2625 0.2625 0.252 0.252 0.252 0.266 0.266 0.271 0.271 0.267 0.267 0.267 0.2665 0.2665 0.264 0.264 0.252 0.252 0.252 0.257 0.257 0.261 0.261
0.2495 0.253 0.253 0.2365 0.2365 0.2365 0.2515 0.2515 0.246 0.246 0.265 0.265 0.2545 0.2545 0.2545 0.2675 0.2675 0.2565 0.2565 0.242 0.242 0.242 0.264 0.264 0.265 0.265 0.259 0.259 0.259 0.2585 0.2585 0.2485 0.2485 0.2495 0.2495 0.2495 0.235 0.235 0.2535 0.2535 0.236 0.236 0.236 0.2495 0.2495 0.288 0.288 0.271 0.271 0.293 0.293 0.293 0.2715 0.2715 0.2585 0.2585 0.2705 0.2705 0.2705 0.2655 0.2655 0.258 0.258 0.277 0.277 0.277 0.27 0.27 0.2755 0.2755 0.278 0.278 0.278 0.2535 0.2535 0.2585 0.2585
0.2495 0.253 0.253 0.2365 0.2365 0.2365 0.2515 0.2515 0.246 0.246 0.265 0.265 0.2545 0.2545 0.2545 0.2675 0.2675 0.2565 0.2565 0.242 0.242 0.242 0.264 0.264 0.265 0.265 0.259 0.259 0.259 0.2585 0.2585 0.2485 0.2485 0.2495 0.2495 0.2495 0.235 0.235 0.2535 0.2535 0.236 0.236 0.236 0.2495 0.2495 0.288 0.288 0.271 0.271 0.293 0.293 0.293 0.2715 0.2715 0.2585 0.2585 0.2705 0.2705 0.2705 0.2655 0.2655 0.258 0.258 0.277 0.277 0.277 0.27 0.27 0.2755 0.2755 0.278 0.278 0.278 0.2535 0.2535 0.2585 0.2585
0.2495 0.253 0.253 0.2365 0.2365 0.2365 0.2515 0.2515 0.246 0.246 0.265 0.265 0.2545 0.2545 0.2545 0.2675 0.2675 0.2565 0.2565 0.242 0.242 0.242 0.264 0.264 0.265 0.265 0.259 0.259 0.259 0.2585 0.2585 0.2485 0.2485 0.2495 0.2495 0.2495 0.235 0.235 0.2535 0.2535 0.236 0.236 0.236 0.2495 0.2495 0.288 0.288 0.271 0.271 0.293 0.293 0.293 0.2715 0.2715 0.2585 0.2585 0.2705 0.2705 0.2705 0.2655 0.2655 0.258 0.258 0.277 0.277 0.277 0.27 0.27 0.2755 0.2755 0.278 0.278 0.278 0.2535 0.2535 0.2585 0.2585
0.253 0.2475 0.2475 0.2535 0.2535 0.2535 0.252 0.252 0.242 0.242 0.281 0.281 0.255 0.255 0.255 0.2685 0.2685 0.2565 0.2565 0.2475 0.2475 0.2475 0.2575 0.2575 0.255 0.255 0.2625 0.2625 0.2625 0.2665 0.2665 0.265 0.265 0.258 0.258 0.258 0.2555 0.2555 0.256 0.256 0.2575 0.2575 0.2575 0.251 0.251 0.294 0.294 0.2935 0.2935 0.2745 0.2745 0.2745 0.2685 0.2685 0.273 0.273 0.264 0.264 0.264 0.281 0.281 0.2695 0.2695 0.2755 0.2755 0.2755 0.2875 0.2875 0.2585 0.2585 0.268 0.268 0.268 0.2565 0.2565 0.2605 0.2605
0.253 0.2475 0.2475 0.2535 0.2535 0.2535 0.252 0.252 0.242 0.242 0.281 0.281 0.255 0.255 0.255 0.2685 0.2685 0.2565 0.2565 0.2475 0.2475 0.2475 0.2575 0.2575 0.255 0.255 0.2625 0.2625 0.2625 0.2665 0.2665 0.265 0.265 0.258 0.258 0.258 0.2555 0.2555 0.256 0.256 0.2575 0.2575 0.2575 0.251 0.251 0.294 0.294 0.2935 0.2935 0.2745 0.2745 0.2745 0.2685 0.2685 0.273 0.273 0.264 0.264 0.264 0.281 0.281 0.2695 0.2695 0.2755 0.2755 0.2755 0.2875 0.2875 0.2585 0.2585 0.268 0.268 0.268 0.2565 0.2565 0.2605 0.2605
0.274 0.2655 0.2655 0.261 0.261 0.261 0.2545 0.2545 0.251 0.251 0.261 0.261 0.258 0.258 0.258 0.2815 0.2815 0.2755 0.2755 0.2755 0.2755 0.2755 0.254 0.254 0.2775 0.2775 0.28 0.28 0.28 0.297 0.297 0.2725 0.2725 0.2675 0.2675 0.2675 0.264 0.264 0.2715 0.2715 0.268 0.268 0.268 0.2815 0.2815 0.292 0.292 0.2925 0.2925 0.325 0.325 0.325 0.3095 0.3095 0.2945 0.2945 0.306 0.306 0.306 0.3215 0.3215 0.287 0.287 0.2765 0.2765 0.2765 0.273 0.273 0.263 0.263 0.275 0.275 0.275 0.2565 0.2565 0.2545 0.2545
0.274 0.2655 0.2655 0.261 0.261 0.261 0.2545 0.2545 0.251 0.251 0.261 0.261 0.258 0.258 0.258 0.2815 0.2815 0.2755 0.2755 0.2755 0.2755 0.2755 0.254 0.254 0.2775 0.2775 0.28 0.28 0.28 0.297 0.297 0.2725 0.2725 0.2675 0.2675 0.2675 0.264 0.264 0.2715 0.2715 0.268 0.268 0.268 0.2815 0.2815 0.292 0.292 0.2925 0.2925 0.325 0.325 0.325 0.3095 0.3095 0.2945 0.2945 0.306 0.306 0.306 0.3215 0.3215 0.287 0.287 0.2765 0.2765 0.2765 0.273 0.273 0.263 0.263 0.275 0.275 0.275 0.2565 0.2565 0.2545 0.2545
0.276 0.257 0.257 0.251 0.251 0.251 0.2445 0.2445 0.258 0.258 0.259 0.259 0.2835 0.2835 0.2835 0.2815 0.2815 0.2555 0.2555 0.261 0.261 0.261 0.2695 0.2695 0.2685 0.2685 0.2865 0.2865 0.2865 0.272 0.272 0.278 0.278 0.259 0.259 0.259 0.2705 0.2705 0.2555 0.2555 0.2655 0.2655 0.2655 0.2675 0.2675 0.2845 0.2845 0.244 0.244 0.2795 0.2795 0.2795 0.2865 0.2865 0.28 0.28 0.2905 0.2905 0.2905 0.3055 0.3055 0.318 0.318 0.3 0.3 0.3 0.28 0.28 0.285 0.285 0.265 0.265 0.265 0.26 0.26 0.266 0.266
0.276 0.257 0.257 0.251 0.251 0.251 0.2445 0.2445 0.258 0.258 0.259 0.259 0.2835 0.2835 0.2835 0.2815 0.2815 0.2555 0.2555 0.261 0.261 0.261 0.2695 0.2695 0.2685 0.2685 0.2865 0.2865 0.2865 0.272 0.272 0.278 0.278 0.259 0.259 0.259 0.2705 0.2705 0.2555 0.2555 0.2655 0.2655 0.2655 0.2675 0.2675 0.2845 0.2845 0.244 0.244 0.2795 0.2795 0.2795 0.2865 0.2865 0.28 0.28 0.2905 0.2905 0.2905 0.3055 0.3055 0.318 0.318 0.3 0.3 0.3 0.28 0.28 0.285 0.285 0.265 0.265 0.265 0.26 0.26 0.266 0.266
0.276 0.257 0.257 0.251 0.251 0.251 0.2445 0.2445 0.258 0.258 0.259 0.259 0.2835 0.2835 0.2835 0.2815 0.2815 0.2555 0.2555 0.261 0.261 0.261 0.2695 0.2695 0.2685 0.2685 0.2865 0.2865 0.2865 0.272 0.272 0.278 0.278 0.259 0.259 0.259 0.2705 0.2705 0.2555 0.2555 0.2655 0.2655 0.2655 0.2675 0.2675 0.2845 0.2845 0.244 0.244 0.2795 0.2795 0.2795 0.2865 0.2865 0.28 0.28 0.2905 0.2905 0.2905 0.3055 0.3055 0.318 0.318 0.3 0.3 0.3 0.28 0.28 0.285 0.285 0.265 0.265 0.265 0.26 0.26 0.266 0.266
0.287 0.295 0.295 0.3055 0.3055 0.3055 0.2555 0.2555 0.2555 0.2555 0.2755 0.2755 0.271 0.271 0.271 0.2825 0.2825 0.285 0.285 0.264 0.264 0.264 0.282 0.282 0.281 0.281 0.296 0.296 0.296 0.286 0.286 0.268 0.268 0.2715 0.2715 0.2715 0.273 0.273 0.269 0.269 0.281 0.281 0.281 0.278 0.278 0.311 0.311 0.298 0.298 0.3155 0.3155 0.3155 0.2905 0.2905 0.2985 0.2985 0.3365 0.3365 0.3365 0.292 0.292 0.3145 0.3145 0.2905 0.2905 0.2905 0.299 0.299 0.286 0.286 0.262 0.262 0.262 0.262 0.262 0.268 0.268
0.287 0.295 0.295 0.3055 0.3055 0.3055 0.2555 0.2555 0.2555 0.2555 0.2755 0.2755 0.271 0.271 0.271 0.2825 0.2825 0.285 0.285 0.264 0.264 0.264 0.282 0.282 0.281 0.281 0.296 0.296 0.296 0.286 0.286 0.268 0.268 0.2715 0.2715 0.2715 0.273 0.273 0.269 0.269 0.281 0.281 0.281 0.278 0.278 0.311 0.311 0.298 0.298 0.3155 0.3155 0.3155 0.2905 0.2905 0.2985 0.2985 0.3365 0.3365 0.3365 0.292 0.292 0.3145 0.3145 0.2905 0.2905 0.2905 0.299 0.299 0.286 0.286 0.262 0.262 0.262 0.262 0.262 0.268 0.268
0.2765 0.288 0.288 0.2615 0.2615 0.2615 0.235 0.235 0.274 0.274 0.2585 0.2585 0.27 0.27 0.27 0.269 0.269 0.2935 0.2935 0.2915 0.2915 0.2915 0.281 0.281 0.2995 0.2995 0.28 0.28 0.28 0.2925 0.2925 0.279 0.279 0.2835 0.2835 0.2835 0.2535 0.2535 0.2785 0.2785 0.2855 0.2855 0.2855 0.2755 0.2755 0.2675 0.2675 0.306 0.306 0.263 0.263 0.263 0.2895 0.2895 0.2905 0.2905 0.3195 0.3195 0.3195 0.2815 0.2815 0.2805 0.2805 0.3 0.3 0.3 0.299 0.299 0.2705 0.2705 0.3045 0.3045 0.3045 0.2675 0.2675 0.2665 0.2665
0.2765 0.288 0.288 0.2615 0.2615 0.2615 0.235 0.235 0.274 0.274 0.2585 0.2585 0.27 0.27 0.27 0.269 0.269 0.2935 0.2935 0.2915 0.2915 0.2915 0.281 0.281 0.2995 0.2995 0.28 0.28 0.28 0.2925 0.2925 0.279 0.279 0.2835 0.2835 0.2835 0.2535 0.2535 0.2785 0.2785 0.2855 0.2855 0.2855 0.2755 0.2755 0.2675 0.2675 0.306 0.306 0.263 0.263 0.263 0.2895 0.2895 0.2905 0.2905 0.3195 0.3195 0.3195 0.2815 0.2815 0.2805 0.2805 0.3 0.3 0.3 0.299 0.299 0.2705 0.2705 0.3045 0.3045 0.3045 0.2675 0.2675 0.2665 0.2665
