ndvi/NOAA-97.asc
ncols         252
nrows         154
xllcorner     -18.017974
yllcorner     13.481982
cellsize      0.035948
NODATA_value  -9999
[rows 68 to 101 of 154, columns 77 to 153 of 252]
0.195 0.195 0.2015 0.2015 0.2045 0.2045 0.23 0.23 0.23 0.261 0.261 0.2155 0.2155 0.229 0.229 0.2195 0.2195 0.2195 0.2315 0.2315 0.2565 0.2565 0.2875 0.2875 0.2875 0.2755 0.2755 0.2355 0.2355 0.2065 0.2065 0.2065 0.1985 0.1985 0.196 0.196 0.1885 0.1885 0.1885 0.1955 0.1955 0.1955 0.1955 0.1885 0.1885 0.1885 0.1395 0.1395 0.163 0.163 0.1575 0.1575 0.173 0.173 0.173 0.182 0.182 0.176 0.176 0.211 0.211 0.211 0.2105 0.2105 0.231 0.231 0.215 0.215 0.215 0.219 0.219 0.229 0.229 0.178 0.178 0.178 0.139
0.2065 0.2065 0.2125 0.2125 0.2055 0.2055 0.2005 0.2005 0.2005 0.195 0.195 0.2145 0.2145 0.2115 0.2115 0.2285 0.2285 0.2285 0.2385 0.2385 0.261 0.261 0.2565 0.2565 0.2565 0.3 0.3 0.2735 0.2735 0.241 0.241 0.241 0.203 0.203 0.193 0.193 0.203 0.203 0.203 0.211 0.211 0.2225 0.2225 0.1995 0.1995 0.1995 0.156 0.156 0.1535 0.1535 0.16 0.16 0.1665 0.1665 0.1665 0.185 0.185 0.1835 0.1835 0.2015 0.2015 0.2015 0.2225 0.2225 0.221 0.221 0.222 0.222 0.222 0.2215 0.2215 0.202 0.202 0.1775 0.1775 0.1775 0.133
0.2065 0.2065 0.2125 0.2125 0.2055 0.2055 0.2005 0.2005 0.2005 0.195 0.195 0.2145 0.2145 0.2115 0.2115 0.2285 0.2285 0.2285 0.2385 0.2385 0.261 0.261 0.2565 0.2565 0.2565 0.3 0.3 0.2735 0.2735 0.241 0.241 0.241 0.203 0.203 0.193 0.193 0.203 0.203 0.203 0.211 0.211 0.2225 0.2225 0.1995 0.1995 0.1995 0.156 0.156 0.1535 0.1535 0.16 0.16 0.1665 0.1665 0.1665 0.185 0.185 0.1835 0.1835 0.2015 0.2015 0.2015 0.2225 0.2225 0.221 0.221 0.222 0.222 0.222 0.2215 0.2215 0.202 0.202 0.1775 0.1775 0.1775 0.133
0.221 0.221 0.2165 0.2165 0.203 0.203 0.203 0.203 0.203 0.2015 0.2015 0.1985 0.1985 0.214 0.214 0.218 0.218 0.218 0.214 0.214 0.2165 0.2165 0.22 0.22 0.22 0.2845 0.2845 0.2785 0.2785 0.2615 0.2615 0.2615 0.247 0.247 0.22 0.22 0.2135 0.2135 0.2135 0.203 0.203 0.2065 0.2065 0.182 0.182 0.182 0.1715 0.1715 0.1565 0.1565 0.158 0.158 0.182 0.182 0.182 0.199 0.199 0.2115 0.2115 0.1945 0.1945 0.1945 0.205 0.205 0.2105 0.2105 0.2035 0.2035 0.2035 0.1975 0.1975 0.202 0.202 0.198 0.198 0.198 0.163
0.221 0.221 0.2165 0.2165 0.203 0.203 0.203 0.203 0.203 0.2015 0.2015 0.1985 0.1985 0.214 0.214 0.218 0.218 0.218 0.214 0.214 0.2165 0.2165 0.22 0.22 0.22 0.2845 0.2845 0.2785 0.2785 0.2615 0.2615 0.2615 0.247 0.247 0.22 0.22 0.2135 0.2135 0.2135 0.203 0.203 0.2065 0.2065 0.182 0.182 0.182 0.1715 0.1715 0.1565 0.1565 0.158 0.158 0.182 0.182 0.182 0.199 0.199 0.2115 0.2115 0.1945 0.1945 0.1945 0.205 0.205 0.2105 0.2105 0.2035 0.2035 0.2035 0.1975 0.1975 0.202 0.202 0.198 0.198 0.198 0.163
0.221 0.221 0.2165 0.2165 0.203 0.203 0.203 0.203 0.203 0.2015 0.2015 0.1985 0.1985 0.214 0.214 0.218 0.218 0.218 0.214 0.214 0.2165 0.2165 0.22 0.22 0.22 0.2845 0.2845 0.2785 0.2785 0.2615 0.2615 0.2615 0.247 0.247 0.22 0.22 0.2135 0.2135 0.2135 0.203 0.203 0.2065 0.2065 0.182 0.182 0.182 0.1715 0.1715 0.1565 0.1565 0.158 0.158 0.182 0.182 0.182 0.199 0.199 0.2115 0.2115 0.1945 0.1945 0.1945 0.205 0.205 0.2105 0.2105 0.2035 0.2035 0.2035 0.1975 0.1975 0.202 0.202 0.198 0.198 0.198 0.163
0.223 0.223 0.2175 0.2175 0.2145 0.2145 0.2155 0.2155 0.2155 0.219 0.219 0.211 0.211 0.21 0.21 0.215 0.215 0.215 0.23 0.23 0.2225 0.2225 0.2115 0.2115 0.2115 0.2175 0.2175 0.2285 0.2285 0.243 0.243 0.243 0.2555 0.2555 0.2295 0.2295 0.254 0.254 0.254 0.2205 0.2205 0.2205 0.2205 0.223 0.223 0.223 0.1845 0.1845 0.2175 0.2175 0.2225 0.2225 0.2135 0.2135 0.2135 0.206 0.206 0.2125 0.2125 0.2095 0.2095 0.2095 0.2 0.2 0.212 0.212 0.2285 0.2285 0.2285 0.2135 0.2135 0.1875 0.1875 0.1745 0.1745 0.1745 0.172
0.223 0.223 0.2175 0.2175 0.2145 0.2145 0.2155 0.2155 0.2155 0.219 0.219 0.211 0.211 0.21 0.21 0.215 0.215 0.215 0.23 0.23 0.2225 0.2225 0.2115 0.2115 0.2115 0.2175 0.2175 0.2285 0.2285 0.243 0.243 0.243 0.2555 0.2555 0.2295 0.2295 0.254 0.254 0.254 0.2205 0.2205 0.2205 0.2205 0.223 0.223 0.223 0.1845 0.1845 0.2175 0.2175 0.2225 0.2225 0.2135 0.2135 0.2135 0.206 0.206 0.2125 0.2125 0.2095 0.2095 0.2095 0.2 0.2 0.212 0.212 0.2285 0.2285 0.2285 0.2135 0.2135 0.1875 0.1875 0.1745 0.1745 0.1745 0.172
0.205 0.205 0.228 0.228 0.224 0.224 0.2135 0.2135 0.2135 0.222 0.222 0.206 0.206 0.2065 0.2065 0.215 0.215 0.215 0.2045 0.2045 0.2005 0.2005 0.21 0.21 0.21 0.2175 0.2175 0.226 0.226 0.2335 0.2335 0.2335 0.2465 0.2465 0.254 0.254 0.252 0.252 0.252 0.2365 0.2365 0.2635 0.2635 0.3065 0.3065 0.3065 0.1825 0.1825 0.24 0.24 0.2355 0.2355 0.2335 0.2335 0.2335 0.219 0.219 0.2095 0.2095 0.2035 0.2035 0.2035 0.2105 0.2105 0.193 0.193 0.2015 0.2015 0.2015 0.1895 0.1895 0.1815 0.1815 0.132 0.132 0.132 0.1665
0.205 0.205 0.228 0.228 0.224 0.224 0.2135 0.2135 0.2135 0.222 0.222 0.206 0.206 0.2065 0.2065 0.215 0.215 0.215 0.2045 0.2045 0.2005 0.2005 0.21 0.21 0.21 0.2175 0.2175 0.226 0.226 0.2335 0.2335 0.2335 0.2465 0.2465 0.254 0.254 0.252 0.252 0.252 0.2365 0.2365 0.2635 0.2635 0.3065 0.3065 0.3065 0.1825 0.1825 0.24 0.24 0.2355 0.2355 0.2335 0.2335 0.2335 0.219 0.219 0.2095 0.2095 0.2035 0.2035 0.2035 0.2105 0.2105 0.193 0.193 0.2015 0.2015 0.2015 0.1895 0.1895 0.1815 0.1815 0.132 0.132 0.132 0.1665
0.2095 0.2095 0.213 0.213 0.211 0.211 0.218 0.218 0.218 0.2185 0.2185 0.215 0.215 0.209 0.209 0.209 0.209 0.209 0.1945 0.1945 0.203 0.203 0.2085 0.2085 0.2085 0.226 0.226 0.2205 0.2205 0.2195 0.2195 0.2195 0.2345 0.2345 0.243 0.243 0.2405 0.2405 0.2405 0.2345 0.2345 0.2555 0.2555 0.2925 0.2925 0.2925 0.2345 0.2345 0.2655 0.2655 0.2275 0.2275 0.2555 0.2555 0.2555 0.23 0.23 0.2035 0.2035 0.199 0.199 0.199 0.2085 0.2085 0.1965 0.1965 0.1965 0.1965 0.1965 0.2195 0.2195 0.2185 0.2185 0.146 0.146 0.146 0.146
0.2095 0.2095 0.213 0.213 0.211 0.211 0.218 0.218 0.218 0.2185 0.2185 0.215 0.215 0.209 0.209 0.209 0.209 0.209 0.1945 0.1945 0.203 0.203 0.2085 0.2085 0.2085 0.226 0.226 0.2205 0.2205 0.2195 0.2195 0.2195 0.2345 0.2345 0.243 0.243 0.2405 0.2405 0.2405 0.2345 0.2345 0.2555 0.2555 0.2925 0.2925 0.2925 0.2345 0.2345 0.2655 0.2655 0.2275 0.2275 0.2555 0.2555 0.2555 0.23 0.23 0.2035 0.2035 0.199 0.199 0.199 0.2085 0.2085 0.1965 0.1965 0.1965 0.1965 0.1965 0.2195 0.2195 0.2185 0.2185 0.146 0.146 0.146 0.146
0.217 0.217 0.2115 0.2115 0.2135 0.2135 0.223 0.223 0.223 0.229 0.229 0.2125 0.2125 0.213 0.213 0.2005 0.2005 0.2005 0.1995 0.1995 0.177 0.177 0.2045 0.2045 0.2045 0.216 0.216 0.2175 0.2175 0.1885 0.1885 0.1885 0.2155 0.2155 0.2355 0.2355 0.2305 0.2305 0.2305 0.2235 0.2235 0.258 0.258 0.2615 0.2615 0.2615 0.246 0.246 0.2775 0.2775 0.252 0.252 0.226 0.226 0.226 0.1985 0.1985 0.1975 0.1975 0.2075 0.2075 0.2075 0.1955 0.1955 0.1715 0.1715 0.1745 0.1745 0.1745 0.1755 0.1755 0.171 0.171 0.1695 0.1695 0.1695 0.14
0.217 0.217 0.2115 0.2115 0.2135 0.2135 0.223 0.223 0.223 0.229 0.229 0.2125 0.2125 0.213 0.213 0.2005 0.2005 0.2005 0.1995 0.1995 0.177 0.177 0.2045 0.2045 0.2045 0.216 0.216 0.2175 0.2175 0.1885 0.1885 0.1885 0.2155 0.2155 0.2355 0.2355 0.2305 0.2305 0.2305 0.2235 0.2235 0.258 0.258 0.2615 0.2615 0.2615 0.246 0.246 0.2775 0.2775 0.252 0.252 0.226 0.226 0.226 0.1985 0.1985 0.1975 0.1975 0.2075 0.2075 0.2075 0.1955 0.1955 0.1715 0.1715 0.1745 0.1745 0.1745 0.1755 0.1755 0.171 0.171 0.1695 0.1695 0.1695 0.14
0.217 0.217 0.2115 0.2115 0.2135 0.2135 0.223 0.223 0.223 0.229 0.229 0.2125 0.2125 0.213 0.213 0.2005 0.2005 0.2005 0.1995 0.1995 0.177 0.177 0.2045 0.2045 0.2045 0.216 0.216 0.2175 0.2175 0.1885 0.1885 0.1885 0.2155 0.2155 0.2355 0.2355 0.2305 0.2305 0.2305 0.2235 0.2235 0.258 0.258 0.2615 0.2615 0.2615 0.246 0.246 0.2775 0.2775 0.252 0.252 0.226 0.226 0.226 0.1985 0.1985 0.1975 0.1975 0.2075 0.2075 0.2075 0.1955 0.1955 0.1715 0.1715 0.1745 0.1745 0.1745 0.1755 0.1755 0.171 0.171 0.1695 0.1695 0.1695 0.14
0.226 0.226 0.219 0.219 0.218 0.218 0.2285 0.2285 0.2285 0.2285 0.2285 0.2205 0.2205 0.219 0.219 0.207 0.207 0.207 0.1875 0.1875 0.2035 0.2035 0.2185 0.2185 0.2185 0.205 0.205 0.2005 0.2005 0.194 0.194 0.194 0.201 0.201 0.214 0.214 0.2305 0.2305 0.2305 0.2395 0.2395 0.223 0.223 0.2185 0.2185 0.2185 0.255 0.255 0.262 0.262 0.242 0.242 0.213 0.213 0.213 0.211 0.211 0.2085 0.2085 0.202 0.202 0.202 0.2 0.2 0.194 0.194 0.162 0.162 0.162 0.1695 0.1695 0.162 0.162 0.16 0.16 0.16 0.137
0.226 0.226 0.219 0.219 0.218 0.218 0.2285 0.2285 0.2285 0.2285 0.2285 0.2205 0.2205 0.219 0.219 0.207 0.207 0.207 0.1875 0.1875 0.2035 0.2035 0.2185 0.2185 0.2185 0.205 0.205 0.2005 0.2005 0.194 0.194 0.194 0.201 0.201 0.214 0.214 0.2305 0.2305 0.2305 0.2395 0.2395 0.223 0.223 0.2185 0.2185 0.2185 0.255 0.255 0.262 0.262 0.242 0.242 0.213 0.213 0.213 0.211 0.211 0.2085 0.2085 0.202 0.202 0.202 0.2 0.2 0.194 0.194 0.162 0.162 0.162 0.1695 0.1695 0.162 0.162 0.16 0.16 0.16 0.137
0.2495 0.2495 0.2345 0.2345 0.236 0.236 0.2475 0.2475 0.2475 0.2525 0.2525 0.238 0.238 0.2285 0.2285 0.2085 0.2085 0.2085 0.224 0.224 0.2105 0.2105 0.228 0.228 0.228 0.199 0.199 0.2105 0.2105 0.211 0.211 0.211 0.2155 0.2155 0.24 0.24 0.2325 0.2325 0.2325 0.219 0.219 0.233 0.233 0.2145 0.2145 0.2145 0.2205 0.2205 0.2255 0.2255 0.2305 0.2305 0.242 0.242 0.242 0.2245 0.2245 0.2185 0.2185 0.219 0.219 0.219 0.2355 0.2355 0.2205 0.2205 0.183 0.183 0.183 0.1745 0.1745 0.1745 0.1745 0.1765 0.1765 0.1765 0.146
0.2495 0.2495 0.2345 0.2345 0.236 0.236 0.2475 0.2475 0.2475 0.2525 0.2525 0.238 0.238 0.2285 0.2285 0.2085 0.2085 0.2085 0.224 0.224 0.2105 0.2105 0.228 0.228 0.228 0.199 0.199 0.2105 0.2105 0.211 0.211 0.211 0.2155 0.2155 0.24 0.24 0.2325 0.2325 0.2325 0.219 0.219 0.233 0.233 0.2145 0.2145 0.2145 0.2205 0.2205 0.2255 0.2255 0.2305 0.2305 0.242 0.242 0.242 0.2245 0.2245 0.2185 0.2185 0.219 0.219 0.219 0.2355 0.2355 0.2205 0.2205 0.183 0.183 0.183 0.1745 0.1745 0.1745 0.1745 0.1765 0.1765 0.1765 0.146
0.252 0.252 0.245 0.245 0.2595 0.2595 0.245 0.245 0.245 0.236 0.236 0.234 0.234 0.242 0.242 0.2325 0.2325 0.2325 0.218 0.218 0.212 0.212 0.224 0.224 0.224 0.227 0.227 0.2275 0.2275 0.213 0.213 0.213 0.234 0.234 0.2295 0.2295 0.2245 0.2245 0.2245 0.2335 0.2335 0.232 0.232 0.242 0.242 0.242 0.23 0.23 0.235 0.235 0.2485 0.2485 0.24 0.24 0.24 0.231 0.231 0.224 0.224 0.2265 0.2265 0.2265 0.2355 0.2355 0.238 0.238 0.185 0.185 0.185 0.19 0.19 0.185 0.185 0.1955 0.1955 0.1955 0.174
0.252 0.252 0.245 0.245 0.2595 0.2595 0.245 0.245 0.245 0.236 0.236 0.234 0.234 0.242 0.242 0.2325 0.2325 0.2325 0.218 0.218 0.212 0.212 0.224 0.224 0.224 0.227 0.227 0.2275 0.2275 0.213 0.213 0.213 0.234 0.234 0.2295 0.2295 0.2245 0.2245 0.2245 0.2335 0.2335 0.232 0.232 0.242 0.242 0.242 0.23 0.23 0.235 0.235 0.2485 0.2485 0.24 0.24 0.24 0.231 0.231 0.224 0.224 0.2265 0.2265 0.2265 0.2355 0.2355 0.238 0.238 0.185 0.185 0.185 0.19 0.19 0.185 0.185 0.1955 0.1955 0.1955 0.174
0.252 0.252 0.245 0.245 0.2595 0.2595 0.245 0.245 0.245 0.236 0.236 0.234 0.234 0.242 0.242 0.2325 0.2325 0.2325 0.218 0.218 0.212 0.212 0.224 0.224 0.224 0.227 0.227 0.2275 0.2275 0.213 0.213 0.213 0.234 0.234 0.2295 0.2295 0.2245 0.2245 0.2245 0.2335 0.2335 0.232 0.232 0.242 0.242 0.242 0.23 0.23 0.235 0.235 0.2485 0.2485 0.24 0.24 0.24 0.231 0.231 0.224 0.224 0.2265 0.2265 0.2265 0.2355 0.2355 0.238 0.238 0.185 0.185 0.185 0.19 0.19 0.185 0.185 0.1955 0.1955 0.1955 0.174
0.2425 0.2425 0.244 0.244 0.249 0.249 0.238 0.238 0.238 0.2295 0.2295 0.234 0.234 0.2145 0.2145 0.207 0.207 0.207 0.222 0.222 0.21 0.21 0.216 0.216 0.216 0.208 0.208 0.206 0.206 0.214 0.214 0.214 0.2085 0.2085 0.226 0.226 0.2395 0.2395 0.2395 0.248 0.248 0.2385 0.2385 0.237 0.237 0.237 0.2495 0.2495 0.243 0.243 0.2275 0.2275 0.231 0.231 0.231 0.2365 0.2365 0.2355 0.2355 0.2325 0.2325 0.2325 0.2355 0.2355 0.2335 0.2335 0.228 0.228 0.228 0.1945 0.1945 0.1925 0.1925 0.1755 0.1755 0.1755 0.1675
0.2425 0.2425 0.244 0.244 0.249 0.249 0.238 0.238 0.238 0.2295 0.2295 0.234 0.234 0.2145 0.2145 0.207 0.207 0.207 0.222 0.222 0.21 0.21 0.216 0.216 0.216 0.208 0.208 0.206 0.206 0.214 0.214 0.214 0.2085 0.2085 0.226 0.226 0.2395 0.2395 0.2395 0.248 0.248 0.2385 0.2385 0.237 0.237 0.237 0.2495 0.2495 0.243 0.243 0.2275 0.2275 0.231 0.231 0.231 0.2365 0.2365 0.2355 0.2355 0.2325 0.2325 0.2325 0.2355 0.2355 0.2335 0.2335 0.228 0.228 0.228 0.1945 0.1945 0.1925 0.1925 0.1755 0.1755 0.1755 0.1675
0.2385 0.2385 0.228 0.228 0.2245 0.2245 0.221 0.221 0.221 0.223 0.223 0.212 0.212 0.205 0.205 0.2 0.2 0.2 0.202 0.202 0.2235 0.2235 0.226 0.226 0.226 0.2195 0.2195 0.2235 0.2235 0.227 0.227 0.227 0.2345 0.2345 0.2455 0.2455 0.25 0.25 0.25 0.243 0.243 0.2335 0.2335 0.2355 0.2355 0.2355 0.2515 0.2515 0.24 0.24 0.245 0.245 0.2405 0.2405 0.2405 0.251 0.251 0.229 0.229 0.2355 0.2355 0.2355 0.2385 0.2385 0.236 0.236 0.232 0.232 0.232 0.259 0.259 0.2435 0.2435 0.223 0.223 0.223 0.2345
0.2385 0.2385 0.228 0.228 0.2245 0.2245 0.221 0.221 0.221 0.223 0.223 0.212 0.212 0.205 0.205 0.2 0.2 0.2 0.202 0.202 0.2235 0.2235 0.226 0.226 0.226 0.2195 0.2195 0.2235 0.2235 0.227 0.227 0.227 0.2345 0.2345 0.2455 0.2455 0.25 0.25 0.25 0.243 0.243 0.2335 0.2335 0.2355 0.2355 0.2355 0.2515 0.2515 0.24 0.24 0.245 0.245 0.2405 0.2405 0.2405 0.251 0.251 0.229 0.229 0.2355 0.2355 0.2355 0.2385 0.2385 0.236 0.236 0.232 0.232 0.232 0.259 0.259 0.2435 0.2435 0.223 0.223 0.223 0.2345
0.246 0.246 0.248 0.248 0.232 0.232 0.246 0.246 0.246 0.237 0.237 0.236 0.236 0.2165 0.2165 0.2115 0.2115 0.2115 0.2095 0.2095 0.2085 0.2085 0.2255 0.2255 0.2255 0.2125 0.2125 0.245 0.245 0.239 0.239 0.239 0.2675 0.2675 0.28 0.28 0.2675 0.2675 0.2675 0.269 0.269 0.2635 0.2635 0.2465 0.2465 0.2465 0.2495 0.2495 0.25 0.25 0.245 0.245 0.252 0.252 0.252 0.278 0.278 0.237 0.237 0.245 0.245 0.245 0.245 0.245 0.256 0.256 0.2445 0.2445 0.2445 0.2285 0.2285 0.221 0.221 0.216 0.216 0.216 0.2055
0.246 0.246 0.248 0.248 0.232 0.232 0.246 0.246 0.246 0.237 0.237 0.236 0.236 0.2165 0.2165 0.2115 0.2115 0.2115 0.2095 0.2095 0.2085 0.2085 0.2255 0.2255 0.2255 0.2125 0.2125 0.245 0.245 0.239 0.239 0.239 0.2675 0.2675 0.28 0.28 0.2675 0.2675 0.2675 0.269 0.269 0.2635 0.2635 0.2465 0.2465 0.2465 0.2495 0.2495 0.25 0.25 0.245 0.245 0.252 0.252 0.252 0.278 0.278 0.237 0.237 0.245 0.245 0.245 0.245 0.245 0.256 0.256 0.2445 0.2445 0.2445 0.2285 0.2285 0.221 0.221 0.216 0.216 0.216 0.2055
0.246 0.246 0.248 0.248 0.232 0.232 0.246 0.246 0.246 0.237 0.237 0.236 0.236 0.2165 0.2165 0.2115 0.2115 0.2115 0.2095 0.2095 0.2085 0.2085 0.2255 0.2255 0.2255 0.2125 0.2125 0.245 0.245 0.239 0.239 0.239 0.2675 0.2675 0.28 0.28 0.2675 0.2675 0.2675 0.269 0.269 0.2635 0.2635 0.2465 0.2465 0.2465 0.2495 0.2495 0.25 0.25 0.245 0.245 0.252 0.252 0.252 0.278 0.278 0.237 0.237 0.245 0.245 0.245 0.245 0.245 0.256 0.256 0.2445 0.2445 0.2445 0.2285 0.2285 0.221 0.221 0.216 0.216 0.216 0.2055
0.2545 0.2545 0.2435 0.2435 0.2355 0.2355 0.221 0.221 0.221 0.226 0.226 0.2155 0.2155 0.2215 0.2215 0.2 0.2 0.2 0.21 0.21 0.2025 0.2025 0.218 0.218 0.218 0.2355 0.2355 0.262 0.262 0.273 0.273 0.273 0.263 0.263 0.271 0.271 0.272 0.272 0.272 0.2785 0.2785 0.258 0.258 0.278 0.278 0.278 0.2675 0.2675 0.2695 0.2695 0.264 0.264 0.253 0.253 0.253 0.2485 0.2485 0.242 0.242 0.266 0.266 0.266 0.2665 0.2665 0.2485 0.2485 0.255 0.255 0.255 0.294 0.294 0.264 0.264 0.1965 0.1965 0.1965 0.2385
0.2545 0.2545 0.2435 0.2435 0.2355 0.2355 0.221 0.221 0.221 0.226 0.226 0.2155 0.2155 0.2215 0.2215 0.2 0.2 0.2 0.21 0.21 0.2025 0.2025 0.218 0.218 0.218 0.2355 0.2355 0.262 0.262 0.273 0.273 0.273 0.263 0.263 0.271 0.271 0.272 0.272 0.272 0.2785 0.2785 0.258 0.258 0.278 0.278 0.278 0.2675 0.2675 0.2695 0.2695 0.264 0.264 0.253 0.253 0.253 0.2485 0.2485 0.242 0.242 0.266 0.266 0.266 0.2665 0.2665 0.2485 0.2485 0.255 0.255 0.255 0.294 0.294 0.264 0.264 0.1965 0.1965 0.1965 0.2385
0.2435 0.2435 0.2285 0.2285 0.2305 0.2305 0.227 0.227 0.227 0.2215 0.2215 0.219 0.219 0.227 0.227 0.2335 0.2335 0.2335 0.221 0.221 0.215 0.215 0.2345 0.2345 0.2345 0.2565 0.2565 0.259 0.259 0.2575 0.2575 0.2575 0.2525 0.2525 0.2635 0.2635 0.2635 0.2635 0.2635 0.303 0.303 0.2745 0.2745 0.2775 0.2775 0.2775 0.292 0.292 0.2605 0.2605 0.2755 0.2755 0.2745 0.2745 0.2745 0.249 0.249 0.248 0.248 0.248 0.248 0.248 0.2775 0.2775 0.252 0.252 0.2685 0.2685 0.2685 0.283 0.283 0.241 0.241 0.2465 0.2465 0.2465 0.2265
0.2435 0.2435 0.2285 0.2285 0.2305 0.2305 0.227 0.227 0.227 0.2215 0.2215 0.219 0.219 0.227 0.227 0.2335 0.2335 0.2335 0.221 0.221 0.215 0.215 0.2345 0.2345 0.2345 0.2565 0.2565 0.259 0.259 0.2575 0.2575 0.2575 0.2525 0.2525 0.2635 0.2635 0.2635 0.2635 0.2635 0.303 0.303 0.2745 0.2745 0.2775 0.2775 0.2775 0.292 0.292 0.2605 0.2605 0.2755 0.2755 0.2745 0.2745 0.2745 0.249 0.249 0.248 0.248 0.248 0.248 0.248 0.2775 0.2775 0.252 0.252 0.2685 0.2685 0.2685 0.283 0.283 0.241 0.241 0.2465 0.2465 0.2465 0.2265
0.2175 0.2175 0.221 0.221 0.2445 0.2445 0.2455 0.2455 0.2455 0.251 0.251 0.231 0.231 0.233 0.233 0.2355 0.2355 0.2355 0.2335 0.2335 0.2465 0.2465 0.279 0.279 0.279 0.2705 0.2705 0.271 0.271 0.264 0.264 0.264 0.2705 0.2705 0.2735 0.2735 0.2835 0.2835 0.2835 0.2785 0.2785 0.2745 0.2745 0.2935 0.2935 0.2935 0.2995 0.2995 0.2925 0.2925 0.2775 0.2775 0.2755 0.2755 0.2755 0.281 0.281 0.247 0.247 0.242 0.242 0.242 0.2445 0.2445 0.2795 0.2795 0.26 0.26 0.26 0.2745 0.2745 0.2365 0.2365 0.2385 0.2385 0.2385 0.2345
