ndvi/NOAA-83.asc
ncols         252
nrows         154
xllcorner     -18.017974
yllcorner     13.481982
cellsize      0.035948
NODATA_value  -9999
[rows 0 to 33 of 154, columns 154 to 230 of 252]
0.0916 0.0816 0.0816 0.08859999 0.08859999 0.08859999 0.0901 0.0901 0.0941 0.0941 0.0941 0.0941 0.09209999 0.09209999 0.09209999 0.0941 0.0941 0.0961 0.0961 0.0866 0.0866 0.0866 0.0936 0.0936 0.0921 0.0921 0.0901 0.0901 0.0901 0.0906 0.0906 0.0871 0.0871 0.0881 0.0881 0.0881 0.0911 0.0911 0.0876 0.0876 0.0821 0.0821 0.0821 0.0911 0.0911 0.0906 0.0906 0.0931 0.0931 0.0956 0.0956 0.0956 0.0951 0.0951 0.0941 0.0941 0.0916 0.0916 0.0916 0.0961 0.0961 0.0906 0.0906 0.0896 0.0896 0.0896 0.0871 0.0871 0.0861 0.0861 0.0826 0.0826 0.0826 0.0826 0.0826 0.0776 0.0776
0.0916 0.0816 0.0816 0.08859999 0.08859999 0.08859999 0.0901 0.0901 0.0941 0.0941 0.0941 0.0941 0.09209999 0.09209999 0.09209999 0.0941 0.0941 0.0961 0.0961 0.0866 0.0866 0.0866 0.0936 0.0936 0.0921 0.0921 0.0901 0.0901 0.0901 0.0906 0.0906 0.0871 0.0871 0.0881 0.0881 0.0881 0.0911 0.0911 0.0876 0.0876 0.0821 0.0821 0.0821 0.0911 0.0911 0.0906 0.0906 0.0931 0.0931 0.0956 0.0956 0.0956 0.0951 0.0951 0.0941 0.0941 0.0916 0.0916 0.0916 0.0961 0.0961 0.0906 0.0906 0.0896 0.0896 0.0896 0.0871 0.0871 0.0861 0.0861 0.0826 0.0826 0.0826 0.0826 0.0826 0.0776 0.0776
0.0871 0.0846 0.0846 0.0911 0.0911 0.0911 0.0956 0.0956 0.0956 0.0956 0.0951 0.0951 0.0936 0.0936 0.0936 0.0951 0.0951 0.0951 0.0951 0.0956 0.0956 0.0956 0.0911 0.0911 0.09010001 0.09010001 0.0961 0.0961 0.0961 0.0951 0.0951 0.0911 0.0911 0.09909999 0.09909999 0.09909999 0.1021 0.1021 0.1031 0.1031 0.09909999 0.09909999 0.09909999 0.1021 0.1021 0.0996 0.0996 0.0961 0.0961 0.1011 0.1011 0.1011 0.1021 0.1021 0.0996 0.0996 0.0996 0.0996 0.0996 0.1036 0.1036 0.0956 0.0956 0.0891 0.0891 0.0891 0.0896 0.0896 0.0856 0.0856 0.0856 0.0856 0.0856 0.0846 0.0846 0.0801 0.0801
0.0871 0.0846 0.0846 0.0911 0.0911 0.0911 0.0956 0.0956 0.0956 0.0956 0.0951 0.0951 0.0936 0.0936 0.0936 0.0951 0.0951 0.0951 0.0951 0.0956 0.0956 0.0956 0.0911 0.0911 0.09010001 0.09010001 0.0961 0.0961 0.0961 0.0951 0.0951 0.0911 0.0911 0.09909999 0.09909999 0.09909999 0.1021 0.1021 0.1031 0.1031 0.09909999 0.09909999 0.09909999 0.1021 0.1021 0.0996 0.0996 0.0961 0.0961 0.1011 0.1011 0.1011 0.1021 0.1021 0.0996 0.0996 0.0996 0.0996 0.0996 0.1036 0.1036 0.0956 0.0956 0.0891 0.0891 0.0891 0.0896 0.0896 0.0856 0.0856 0.0856 0.0856 0.0856 0.0846 0.0846 0.0801 0.0801
0.0871 0.0846 0.0846 0.0911 0.0911 0.0911 0.0956 0.0956 0.0956 0.0956 0.0951 0.0951 0.0936 0.0936 0.0936 0.0951 0.0951 0.0951 0.0951 0.0956 0.0956 0.0956 0.0911 0.0911 0.09010001 0.09010001 0.0961 0.0961 0.0961 0.0951 0.0951 0.0911 0.0911 0.09909999 0.09909999 0.09909999 0.1021 0.1021 0.1031 0.1031 0.09909999 0.09909999 0.09909999 0.1021 0.1021 0.0996 0.0996 0.0961 0.0961 0.1011 0.1011 0.1011 0.1021 0.1021 0.0996 0.0996 0.0996 0.0996 0.0996 0.1036 0.1036 0.0956 0.0956 0.0891 0.0891 0.0891 0.0896 0.0896 0.0856 0.0856 0.0856 0.0856 0.0856 0.0846 0.0846 0.0801 0.0801
0.0946 0.0936 0.0936 0.0926 0.0926 0.0926 0.0961 0.0961 0.0961 0.0961 0.1011 0.1011 0.1016 0.1016 0.1016 0.1006 0.1006 0.1026 0.1026 0.0981 0.0981 0.0981 0.1016 0.1016 0.1056 0.1056 0.1051 0.1051 0.1051 0.1036 0.1036 0.1051 0.1051 0.1046 0.1046 0.1046 0.1011 0.1011 0.0961 0.0961 0.1001 0.1001 0.1001 0.0996 0.0996 0.0986 0.0986 0.0996 0.0996 0.1036 0.1036 0.1036 0.1021 0.1021 0.09909999 0.09909999 0.0966 0.0966 0.0966 0.0991 0.0991 0.0946 0.0946 0.0956 0.0956 0.0956 0.0846 0.0846 0.0881 0.0881 0.0856 0.0856 0.0856 0.0846 0.0846 0.0846 0.0846
0.0946 0.0936 0.0936 0.0926 0.0926 0.0926 0.0961 0.0961 0.0961 0.0961 0.1011 0.1011 0.1016 0.1016 0.1016 0.1006 0.1006 0.1026 0.1026 0.0981 0.0981 0.0981 0.1016 0.1016 0.1056 0.1056 0.1051 0.1051 0.1051 0.1036 0.1036 0.1051 0.1051 0.1046 0.1046 0.1046 0.1011 0.1011 0.0961 0.0961 0.1001 0.1001 0.1001 0.0996 0.0996 0.0986 0.0986 0.0996 0.0996 0.1036 0.1036 0.1036 0.1021 0.1021 0.09909999 0.09909999 0.0966 0.0966 0.0966 0.0991 0.0991 0.0946 0.0946 0.0956 0.0956 0.0956 0.0846 0.0846 0.0881 0.0881 0.0856 0.0856 0.0856 0.0846 0.0846 0.0846 0.0846
0.0961 0.09209999 0.09209999 0.0946 0.0946 0.0946 0.0981 0.0981 0.1006 0.1006 0.1011 0.1011 0.1036 0.1036 0.1036 0.1021 0.1021 0.1051 0.1051 0.1031 0.1031 0.1031 0.1046 0.1046 0.1046 0.1046 0.1051 0.1051 0.1051 0.1016 0.1016 0.1036 0.1036 0.1026 0.1026 0.1026 0.1016 0.1016 0.09909999 0.09909999 0.1001 0.1001 0.1001 0.1006 0.1006 0.0986 0.0986 0.0991 0.0991 0.1036 0.1036 0.1036 0.1016 0.1016 0.1046 0.1046 0.0986 0.0986 0.0986 0.0971 0.0971 0.0936 0.0936 0.0946 0.0946 0.0946 0.0921 0.0921 0.0861 0.0861 0.0881 0.0881 0.0881 0.0856 0.0856 0.0851 0.0851
0.0961 0.09209999 0.09209999 0.0946 0.0946 0.0946 0.0981 0.0981 0.1006 0.1006 0.1011 0.1011 0.1036 0.1036 0.1036 0.1021 0.1021 0.1051 0.1051 0.1031 0.1031 0.1031 0.1046 0.1046 0.1046 0.1046 0.1051 0.1051 0.1051 0.1016 0.1016 0.1036 0.1036 0.1026 0.1026 0.1026 0.1016 0.1016 0.09909999 0.09909999 0.1001 0.1001 0.1001 0.1006 0.1006 0.0986 0.0986 0.0991 0.0991 0.1036 0.1036 0.1036 0.1016 0.1016 0.1046 0.1046 0.0986 0.0986 0.0986 0.0971 0.0971 0.0936 0.0936 0.0946 0.0946 0.0946 0.0921 0.0921 0.0861 0.0861 0.0881 0.0881 0.0881 0.0856 0.0856 0.0851 0.0851
0.1011 0.0961 0.0961 0.1026 0.1026 0.1026 0.0956 0.0956 0.0986 0.0986 0.1031 0.1031 0.1076 0.1076 0.1076 0.1096 0.1096 0.1101 0.1101 0.1106 0.1106 0.1106 0.1036 0.1036 0.1041 0.1041 0.1001 0.1001 0.1001 0.0986 0.0986 0.0946 0.0946 0.0956 0.0956 0.0956 0.0916 0.0916 0.0911 0.0911 0.0936 0.0936 0.0936 0.0931 0.0931 0.0951 0.0951 0.1021 0.1021 0.1061 0.1061 0.1061 0.1021 0.1021 0.1006 0.1006 0.0981 0.0981 0.0981 0.0916 0.0916 0.0916 0.0916 0.0921 0.0921 0.0921 0.0916 0.0916 0.0896 0.0896 0.0891 0.0891 0.0891 0.0841 0.0841 0.0856 0.0856
0.1011 0.0961 0.0961 0.1026 0.1026 0.1026 0.0956 0.0956 0.0986 0.0986 0.1031 0.1031 0.1076 0.1076 0.1076 0.1096 0.1096 0.1101 0.1101 0.1106 0.1106 0.1106 0.1036 0.1036 0.1041 0.1041 0.1001 0.1001 0.1001 0.0986 0.0986 0.0946 0.0946 0.0956 0.0956 0.0956 0.0916 0.0916 0.0911 0.0911 0.0936 0.0936 0.0936 0.0931 0.0931 0.0951 0.0951 0.1021 0.1021 0.1061 0.1061 0.1061 0.1021 0.1021 0.1006 0.1006 0.0981 0.0981 0.0981 0.0916 0.0916 0.0916 0.0916 0.0921 0.0921 0.0921 0.0916 0.0916 0.0896 0.0896 0.0891 0.0891 0.0891 0.0841 0.0841 0.0856 0.0856
0.1091 0.0976 0.0976 0.1011 0.1011 0.1011 0.09559999 0.09559999 0.0971 0.0971 0.1016 0.1016 0.1056 0.1056 0.1056 0.1101 0.1101 0.1106 0.1106 0.0991 0.0991 0.0991 0.0966 0.0966 0.1031 0.1031 0.1036 0.1036 0.1036 0.1046 0.1046 0.1001 0.1001 0.0956 0.0956 0.0956 0.0981 0.0981 0.0921 0.0921 0.0946 0.0946 0.0946 0.0976 0.0976 0.0981 0.0981 0.1066 0.1066 0.1001 0.1001 0.1001 0.1061 0.1061 0.1021 0.1021 0.0981 0.0981 0.0981 0.09209999 0.09209999 0.0836 0.0836 0.0766 0.0766 0.0766 0.0781 0.0781 0.0811 0.0811 0.0786 0.0786 0.0786 0.0801 0.0801 0.0856 0.0856
0.1091 0.0976 0.0976 0.1011 0.1011 0.1011 0.09559999 0.09559999 0.0971 0.0971 0.1016 0.1016 0.1056 0.1056 0.1056 0.1101 0.1101 0.1106 0.1106 0.0991 0.0991 0.0991 0.0966 0.0966 0.1031 0.1031 0.1036 0.1036 0.1036 0.1046 0.1046 0.1001 0.1001 0.0956 0.0956 0.0956 0.0981 0.0981 0.0921 0.0921 0.0946 0.0946 0.0946 0.0976 0.0976 0.0981 0.0981 0.1066 0.1066 0.1001 0.1001 0.1001 0.1061 0.1061 0.1021 0.1021 0.0981 0.0981 0.0981 0.09209999 0.09209999 0.0836 0.0836 0.0766 0.0766 0.0766 0.0781 0.0781 0.0811 0.0811 0.0786 0.0786 0.0786 0.0801 0.0801 0.0856 0.0856
0.1091 0.0976 0.0976 0.1011 0.1011 0.1011 0.09559999 0.09559999 0.0971 0.0971 0.1016 0.1016 0.1056 0.1056 0.1056 0.1101 0.1101 0.1106 0.1106 0.0991 0.0991 0.0991 0.0966 0.0966 0.1031 0.1031 0.1036 0.1036 0.1036 0.1046 0.1046 0.1001 0.1001 0.0956 0.0956 0.0956 0.0981 0.0981 0.0921 0.0921 0.0946 0.0946 0.0946 0.0976 0.0976 0.0981 0.0981 0.1066 0.1066 0.1001 0.1001 0.1001 0.1061 0.1061 0.1021 0.1021 0.0981 0.0981 0.0981 0.09209999 0.09209999 0.0836 0.0836 0.0766 0.0766 0.0766 0.0781 0.0781 0.0811 0.0811 0.0786 0.0786 0.0786 0.0801 0.0801 0.0856 0.0856
0.0986 0.1016 0.1016 0.1031 0.1031 0.1031 0.1021 0.1021 0.1096 0.1096 0.1026 0.1026 0.1036 0.1036 0.1036 0.1191 0.1191 0.1106 0.1106 0.1086 0.1086 0.1086 0.1041 0.1041 0.1001 0.1001 0.0976 0.0976 0.0976 0.1036 0.1036 0.1081 0.1081 0.0986 0.0986 0.0986 0.0966 0.0966 0.0936 0.0936 0.0926 0.0926 0.0926 0.09909999 0.09909999 0.0981 0.0981 0.0951 0.0951 0.0881 0.0881 0.0881 0.08859999 0.08859999 0.1021 0.1021 0.1021 0.1021 0.1021 0.0961 0.0961 0.0851 0.0851 0.0791 0.0791 0.0791 0.0786 0.0786 0.0776 0.0776 0.0781 0.0781 0.0781 0.0791 0.0791 0.0861 0.0861
0.0986 0.1016 0.1016 0.1031 0.1031 0.1031 0.1021 0.1021 0.1096 0.1096 0.1026 0.1026 0.1036 0.1036 0.1036 0.1191 0.1191 0.1106 0.1106 0.1086 0.1086 0.1086 0.1041 0.1041 0.1001 0.1001 0.0976 0.0976 0.0976 0.1036 0.1036 0.1081 0.1081 0.0986 0.0986 0.0986 0.0966 0.0966 0.0936 0.0936 0.0926 0.0926 0.0926 0.09909999 0.09909999 0.0981 0.0981 0.0951 0.0951 0.0881 0.0881 0.0881 0.08859999 0.08859999 0.1021 0.1021 0.1021 0.1021 0.1021 0.0961 0.0961 0.0851 0.0851 0.0791 0.0791 0.0791 0.0786 0.0786 0.0776 0.0776 0.0781 0.0781 0.0781 0.0791 0.0791 0.0861 0.0861
0.1001 0.0986 0.0986 0.0966 0.0966 0.0966 0.1016 0.1016 0.1066 0.1066 0.1071 0.1071 0.1056 0.1056 0.1056 0.1076 0.1076 0.1091 0.1091 0.1111 0.1111 0.1111 0.1101 0.1101 0.1076 0.1076 0.1011 0.1011 0.1011 0.1006 0.1006 0.1036 0.1036 0.1046 0.1046 0.1046 0.0961 0.0961 0.0931 0.0931 0.0866 0.0866 0.0866 0.0846 0.0846 0.0836 0.0836 0.077 0.077 0.0686 0.0686 0.0686 0.0741 0.0741 0.0851 0.0851 0.0836 0.0836 0.0836 0.0876 0.0876 0.0861 0.0861 0.0806 0.0806 0.0806 0.0816 0.0816 0.07709999 0.07709999 0.0816 0.0816 0.0816 0.0811 0.0811 0.0816 0.0816
0.1001 0.0986 0.0986 0.0966 0.0966 0.0966 0.1016 0.1016 0.1066 0.1066 0.1071 0.1071 0.1056 0.1056 0.1056 0.1076 0.1076 0.1091 0.1091 0.1111 0.1111 0.1111 0.1101 0.1101 0.1076 0.1076 0.1011 0.1011 0.1011 0.1006 0.1006 0.1036 0.1036 0.1046 0.1046 0.1046 0.0961 0.0961 0.0931 0.0931 0.0866 0.0866 0.0866 0.0846 0.0846 0.0836 0.0836 0.077 0.077 0.0686 0.0686 0.0686 0.0741 0.0741 0.0851 0.0851 0.0836 0.0836 0.0836 0.0876 0.0876 0.0861 0.0861 0.0806 0.0806 0.0806 0.0816 0.0816 0.07709999 0.07709999 0.0816 0.0816 0.0816 0.0811 0.0811 0.0816 0.0816
0.1046 0.1426 0.1426 0.1301 0.1301 0.1301 0.0971 0.0971 0.0936 0.0936 0.1056 0.1056 0.0976 0.0976 0.0976 0.0961 0.0961 0.0971 0.0971 0.0966 0.0966 0.0966 0.09209999 0.09209999 0.0916 0.0916 0.0866 0.0866 0.0866 0.0816 0.0816 0.0761 0.0761 0.0861 0.0861 0.0861 0.0866 0.0866 0.0861 0.0861 0.1061 0.1061 0.1061 0.1001 0.1001 0.1011 0.1011 0.0996 0.0996 0.09559999 0.09559999 0.09559999 0.0926 0.0926 0.0841 0.0841 0.08660001 0.08660001 0.08660001 0.0876 0.0876 0.08660001 0.08660001 0.0836 0.0836 0.0836 0.0811 0.0811 0.0816 0.0816 0.0826 0.0826 0.0826 0.0856 0.0856 0.08660001 0.08660001
0.1046 0.1426 0.1426 0.1301 0.1301 0.1301 0.0971 0.0971 0.0936 0.0936 0.1056 0.1056 0.0976 0.0976 0.0976 0.0961 0.0961 0.0971 0.0971 0.0966 0.0966 0.0966 0.09209999 0.09209999 0.0916 0.0916 0.0866 0.0866 0.0866 0.0816 0.0816 0.0761 0.0761 0.0861 0.0861 0.0861 0.0866 0.0866 0.0861 0.0861 0.1061 0.1061 0.1061 0.1001 0.1001 0.1011 0.1011 0.0996 0.0996 0.09559999 0.09559999 0.09559999 0.0926 0.0926 0.0841 0.0841 0.08660001 0.08660001 0.08660001 0.0876 0.0876 0.08660001 0.08660001 0.0836 0.0836 0.0836 0.0811 0.0811 0.0816 0.0816 0.0826 0.0826 0.0826 0.0856 0.0856 0.08660001 0.08660001
0.1046 0.1426 0.1426 0.1301 0.1301 0.1301 0.0971 0.0971 0.0936 0.0936 0.1056 0.1056 0.0976 0.0976 0.0976 0.0961 0.0961 0.0971 0.0971 0.0966 0.0966 0.0966 0.09209999 0.09209999 0.0916 0.0916 0.0866 0.0866 0.0866 0.0816 0.0816 0.0761 0.0761 0.0861 0.0861 0.0861 0.0866 0.0866 0.0861 0.0861 0.1061 0.1061 0.1061 0.1001 0.1001 0.1011 0.1011 0.0996 0.0996 0.09559999 0.09559999 0.09559999 0.0926 0.0926 0.0841 0.0841 0.08660001 0.08660001 0.08660001 0.0876 0.0876 0.08660001 0.08660001 0.0836 0.0836 0.0836 0.0811 0.0811 0.0816 0.0816 0.0826 0.0826 0.0826 0.0856 0.0856 0.08660001 0.08660001
0.1041 0.1311 0.1311 0.1551 0.1551 0.1551 0.1021 0.1021 0.0941 0.0941 0.0931 0.0931 0.0906 0.0906 0.0906 0.1081 0.1081 0.1066 0.1066 0.1001 0.1001 0.1001 0.0971 0.0971 0.0946 0.0946 0.0886 0.0886 0.0886 0.0876 0.0876 0.0816 0.0816 0.0936 0.0936 0.0936 0.1076 0.1076 0.1076 0.1076 0.0981 0.0981 0.0981 0.0951 0.0951 0.09810001 0.09810001 0.0951 0.0951 0.0926 0.0926 0.0926 0.0911 0.0911 0.0876 0.0876 0.0881 0.0881 0.0881 0.0871 0.0871 0.0931 0.0931 0.0921 0.0921 0.0921 0.0886 0.0886 0.09010001 0.09010001 0.0896 0.0896 0.0896 0.0891 0.0891 0.0826 0.0826
0.1041 0.1311 0.1311 0.1551 0.1551 0.1551 0.1021 0.1021 0.0941 0.0941 0.0931 0.0931 0.0906 0.0906 0.0906 0.1081 0.1081 0.1066 0.1066 0.1001 0.1001 0.1001 0.0971 0.0971 0.0946 0.0946 0.0886 0.0886 0.0886 0.0876 0.0876 0.0816 0.0816 0.0936 0.0936 0.0936 0.1076 0.1076 0.1076 0.1076 0.0981 0.0981 0.0981 0.0951 0.0951 0.09810001 0.09810001 0.0951 0.0951 0.0926 0.0926 0.0926 0.0911 0.0911 0.0876 0.0876 0.0881 0.0881 0.0881 0.0871 0.0871 0.0931 0.0931 0.0921 0.0921 0.0921 0.0886 0.0886 0.09010001 0.09010001 0.0896 0.0896 0.0896 0.0891 0.0891 0.0826 0.0826
0.1056 0.1141 0.1141 0.1331 0.1331 0.1331 0.1211 0.1211 0.1111 0.1111 0.1006 0.1006 0.1011 0.1011 0.1011 0.1031 0.1031 0.1056 0.1056 0.1226 0.1226 0.1226 0.1236 0.1236 0.1231 0.1231 0.1196 0.1196 0.1196 0.1191 0.1191 0.1191 0.1191 0.1146 0.1146 0.1146 0.1141 0.1141 0.1026 0.1026 0.1001 0.1001 0.1001 0.0971 0.0971 0.0936 0.0936 0.0996 0.0996 0.0931 0.0931 0.0931 0.0896 0.0896 0.0906 0.0906 0.0901 0.0901 0.0901 0.0941 0.0941 0.0996 0.0996 0.0951 0.0951 0.0951 0.0951 0.0951 0.0926 0.0926 0.0921 0.0921 0.0921 0.0861 0.0861 0.0786 0.0786
0.1056 0.1141 0.1141 0.1331 0.1331 0.1331 0.1211 0.1211 0.1111 0.1111 0.1006 0.1006 0.1011 0.1011 0.1011 0.1031 0.1031 0.1056 0.1056 0.1226 0.1226 0.1226 0.1236 0.1236 0.1231 0.1231 0.1196 0.1196 0.1196 0.1191 0.1191 0.1191 0.1191 0.1146 0.1146 0.1146 0.1141 0.1141 0.1026 0.1026 0.1001 0.1001 0.1001 0.0971 0.0971 0.0936 0.0936 0.0996 0.0996 0.0931 0.0931 0.0931 0.0896 0.0896 0.0906 0.0906 0.0901 0.0901 0.0901 0.0941 0.0941 0.0996 0.0996 0.0951 0.0951 0.0951 0.0951 0.0951 0.0926 0.0926 0.0921 0.0921 0.0921 0.0861 0.0861 0.0786 0.0786
0.1116 0.1101 0.1101 0.1306 0.1306 0.1306 0.1726 0.1726 0.1366 0.1366 0.135 0.135 0.136 0.136 0.136 0.144 0.144 0.1425 0.1425 0.1375 0.1375 0.1375 0.1385 0.1385 0.1151 0.1151 0.1201 0.1201 0.1201 0.1206 0.1206 0.1196 0.1196 0.1121 0.1121 0.1121 0.1096 0.1096 0.1001 0.1001 0.1021 0.1021 0.1021 0.1001 0.1001 0.1011 0.1011 0.1031 0.1031 0.1066 0.1066 0.1066 0.0991 0.0991 0.0931 0.0931 0.09209999 0.09209999 0.09209999 0.0951 0.0951 0.0971 0.0971 0.0991 0.0991 0.0991 0.0976 0.0976 0.0916 0.0916 0.0916 0.0916 0.0916 0.0881 0.0881 0.0891 0.0891
0.1116 0.1101 0.1101 0.1306 0.1306 0.1306 0.1726 0.1726 0.1366 0.1366 0.135 0.135 0.136 0.136 0.136 0.144 0.144 0.1425 0.1425 0.1375 0.1375 0.1375 0.1385 0.1385 0.1151 0.1151 0.1201 0.1201 0.1201 0.1206 0.1206 0.1196 0.1196 0.1121 0.1121 0.1121 0.1096 0.1096 0.1001 0.1001 0.1021 0.1021 0.1021 0.1001 0.1001 0.1011 0.1011 0.1031 0.1031 0.1066 0.1066 0.1066 0.0991 0.0991 0.0931 0.0931 0.09209999 0.09209999 0.09209999 0.0951 0.0951 0.0971 0.0971 0.0991 0.0991 0.0991 0.0976 0.0976 0.0916 0.0916 0.0916 0.0916 0.0916 0.0881 0.0881 0.0891 0.0891
0.1116 0.1101 0.1101 0.1306 0.1306 0.1306 0.1726 0.1726 0.1366 0.1366 0.135 0.135 0.136 0.136 0.136 0.144 0.144 0.1425 0.1425 0.1375 0.1375 0.1375 0.1385 0.1385 0.1151 0.1151 0.1201 0.1201 0.1201 0.1206 0.1206 0.1196 0.1196 0.1121 0.1121 0.1121 0.1096 0.1096 0.1001 0.1001 0.1021 0.1021 0.1021 0.1001 0.1001 0.1011 0.1011 0.1031 0.1031 0.1066 0.1066 0.1066 0.0991 0.0991 0.0931 0.0931 0.09209999 0.09209999 0.09209999 0.0951 0.0951 0.0971 0.0971 0.0991 0.0991 0.0991 0.0976 0.0976 0.0916 0.0916 0.0916 0.0916 0.0916 0.0881 0.0881 0.0891 0.0891
0.1091 0.116 0.116 0.145 0.145 0.145 0.1785 0.1785 0.184 0.184 0.144 0.144 0.135 0.135 0.135 0.13 0.13 0.1385 0.1385 0.146 0.146 0.146 0.1325 0.1325 0.132 0.132 0.1126 0.1126 0.1126 0.1091 0.1091 0.1081 0.1081 0.1046 0.1046 0.1046 0.1051 0.1051 0.1046 0.1046 0.1001 0.1001 0.1001 0.1016 0.1016 0.1036 0.1036 0.1126 0.1126 0.1106 0.1106 0.1106 0.1071 0.1071 0.1036 0.1036 0.0971 0.0971 0.0971 0.09559999 0.09559999 0.1026 0.1026 0.1066 0.1066 0.1066 0.1061 0.1061 0.1086 0.1086 0.1006 0.1006 0.1006 0.0971 0.0971 0.0941 0.0941
0.1091 0.116 0.116 0.145 0.145 0.145 0.1785 0.1785 0.184 0.184 0.144 0.144 0.135 0.135 0.135 0.13 0.13 0.1385 0.1385 0.146 0.146 0.146 0.1325 0.1325 0.132 0.132 0.1126 0.1126 0.1126 0.1091 0.1091 0.1081 0.1081 0.1046 0.1046 0.1046 0.1051 0.1051 0.1046 0.1046 0.1001 0.1001 0.1001 0.1016 0.1016 0.1036 0.1036 0.1126 0.1126 0.1106 0.1106 0.1106 0.1071 0.1071 0.1036 0.1036 0.0971 0.0971 0.0971 0.09559999 0.09559999 0.1026 0.1026 0.1066 0.1066 0.1066 0.1061 0.1061 0.1086 0.1086 0.1006 0.1006 0.1006 0.0971 0.0971 0.0941 0.0941
0.1131 0.1056 0.1056 0.1185 0.1185 0.1185 0.1485 0.1485 0.1575 0.1575 0.116 0.116 0.1235 0.1235 0.1235 0.135 0.135 0.13 0.13 0.1435 0.1435 0.1435 0.1335 0.1335 0.1216 0.1216 0.1236 0.1236 0.1236 0.1291 0.1291 0.1181 0.1181 0.1071 0.1071 0.1071 0.1076 0.1076 0.1081 0.1081 0.1106 0.1106 0.1106 0.1101 0.1101 0.1156 0.1156 0.1136 0.1136 0.1131 0.1131 0.1131 0.1176 0.1176 0.1151 0.1151 0.1066 0.1066 0.1066 0.1106 0.1106 0.1076 0.1076 0.1071 0.1071 0.1071 0.1116 0.1116 0.1131 0.1131 0.1041 0.1041 0.1041 0.0991 0.0991 0.0971 0.0971
0.1131 0.1056 0.1056 0.1185 0.1185 0.1185 0.1485 0.1485 0.1575 0.1575 0.116 0.116 0.1235 0.1235 0.1235 0.135 0.135 0.13 0.13 0.1435 0.1435 0.1435 0.1335 0.1335 0.1216 0.1216 0.1236 0.1236 0.1236 0.1291 0.1291 0.1181 0.1181 0.1071 0.1071 0.1071 0.1076 0.1076 0.1081 0.1081 0.1106 0.1106 0.1106 0.1101 0.1101 0.1156 0.1156 0.1136 0.1136 0.1131 0.1131 0.1131 0.1176 0.1176 0.1151 0.1151 0.1066 0.1066 0.1066 0.1106 0.1106 0.1076 0.1076 0.1071 0.1071 0.1071 0.1116 0.1116 0.1131 0.1131 0.1041 0.1041 0.1041 0.0991 0.0991 0.0971 0.0971
0.141 0.131 0.131 0.142 0.142 0.142 0.1595 0.1595 0.1375 0.1375 0.1311 0.1311 0.1126 0.1126 0.1126 0.1161 0.1161 0.122 0.122 0.1205 0.1205 0.1205 0.125 0.125 0.1281 0.1281 0.1266 0.1266 0.1266 0.1231 0.1231 0.1216 0.1216 0.1265 0.1265 0.1265 0.1096 0.1096 0.126 0.126 0.132 0.132 0.132 0.1235 0.1235 0.125 0.125 0.133 0.133 0.133 0.133 0.133 0.1251 0.1251 0.1236 0.1236 0.1156 0.1156 0.1156 0.1181 0.1181 0.1136 0.1136 0.1156 0.1156 0.1156 0.1161 0.1161 0.1166 0.1166 0.1101 0.1101 0.1101 0.1071 0.1071 0.0991 0.0991
0.141 0.131 0.131 0.142 0.142 0.142 0.1595 0.1595 0.1375 0.1375 0.1311 0.1311 0.1126 0.1126 0.1126 0.1161 0.1161 0.122 0.122 0.1205 0.1205 0.1205 0.125 0.125 0.1281 0.1281 0.1266 0.1266 0.1266 0.1231 0.1231 0.1216 0.1216 0.1265 0.1265 0.1265 0.1096 0.1096 0.126 0.126 0.132 0.132 0.132 0.1235 0.1235 0.125 0.125 0.133 0.133 0.133 0.133 0.133 0.1251 0.1251 0.1236 0.1236 0.1156 0.1156 0.1156 0.1181 0.1181 0.1136 0.1136 0.1156 0.1156 0.1156 0.1161 0.1161 0.1166 0.1166 0.1101 0.1101 0.1101 0.1071 0.1071 0.0991 0.0991
