ndvi/NOAA-127.asc
ncols         252
nrows         154
xllcorner     -18.017974
yllcorner     13.481982
cellsize      0.035948
NODATA_value  -9999
[rows 102 to 135 of 154, columns 154 to 230 of 252]
0.273 0.2545 0.2545 0.262 0.262 0.262 0.223 0.223 0.2435 0.2435 0.2635 0.2635 0.291 0.291 0.291 0.284 0.284 0.2875 0.2875 0.316 0.316 0.316 0.317 0.317 0.3 0.3 0.303 0.303 0.303 0.3015 0.3015 0.3025 0.3025 0.291 0.291 0.291 0.2625 0.2625 0.256 0.256 0.284 0.284 0.284 0.2685 0.2685 0.269 0.269 0.2565 0.2565 0.249 0.249 0.249 0.239 0.239 0.2575 0.2575 0.28 0.28 0.28 0.2655 0.2655 0.265 0.265 0.273 0.273 0.273 0.282 0.282 0.251 0.251 0.245 0.245 0.245 0.2445 0.2445 0.248 0.248
0.2695 0.2675 0.2675 0.2805 0.2805 0.2805 0.253 0.253 0.2605 0.2605 0.2895 0.2895 0.291 0.291 0.291 0.2835 0.2835 0.2825 0.2825 0.291 0.291 0.291 0.301 0.301 0.2915 0.2915 0.346 0.346 0.346 0.3175 0.3175 0.2985 0.2985 0.2815 0.2815 0.2815 0.2925 0.2925 0.288 0.288 0.276 0.276 0.276 0.274 0.274 0.281 0.281 0.274 0.274 0.27 0.27 0.27 0.2695 0.2695 0.3265 0.3265 0.325 0.325 0.325 0.239 0.239 0.274 0.274 0.2815 0.2815 0.2815 0.28 0.28 0.2825 0.2825 0.257 0.257 0.257 0.254 0.254 0.237 0.237
0.2695 0.2675 0.2675 0.2805 0.2805 0.2805 0.253 0.253 0.2605 0.2605 0.2895 0.2895 0.291 0.291 0.291 0.2835 0.2835 0.2825 0.2825 0.291 0.291 0.291 0.301 0.301 0.2915 0.2915 0.346 0.346 0.346 0.3175 0.3175 0.2985 0.2985 0.2815 0.2815 0.2815 0.2925 0.2925 0.288 0.288 0.276 0.276 0.276 0.274 0.274 0.281 0.281 0.274 0.274 0.27 0.27 0.27 0.2695 0.2695 0.3265 0.3265 0.325 0.325 0.325 0.239 0.239 0.274 0.274 0.2815 0.2815 0.2815 0.28 0.28 0.2825 0.2825 0.257 0.257 0.257 0.254 0.254 0.237 0.237
0.2695 0.2675 0.2675 0.2805 0.2805 0.2805 0.253 0.253 0.2605 0.2605 0.2895 0.2895 0.291 0.291 0.291 0.2835 0.2835 0.2825 0.2825 0.291 0.291 0.291 0.301 0.301 0.2915 0.2915 0.346 0.346 0.346 0.3175 0.3175 0.2985 0.2985 0.2815 0.2815 0.2815 0.2925 0.2925 0.288 0.288 0.276 0.276 0.276 0.274 0.274 0.281 0.281 0.274 0.274 0.27 0.27 0.27 0.2695 0.2695 0.3265 0.3265 0.325 0.325 0.325 0.239 0.239 0.274 0.274 0.2815 0.2815 0.2815 0.28 0.28 0.2825 0.2825 0.257 0.257 0.257 0.254 0.254 0.237 0.237
0.2915 0.2975 0.2975 0.2905 0.2905 0.2905 0.2705 0.2705 0.298 0.298 0.3205 0.3205 0.307 0.307 0.307 0.271 0.271 0.28 0.28 0.2975 0.2975 0.2975 0.2825 0.2825 0.2985 0.2985 0.3135 0.3135 0.3135 0.343 0.343 0.354 0.354 0.319 0.319 0.319 0.304 0.304 0.296 0.296 0.3035 0.3035 0.3035 0.286 0.286 0.2935 0.2935 0.258 0.258 0.2495 0.2495 0.2495 0.2795 0.2795 0.3395 0.3395 0.3225 0.3225 0.3225 0.29 0.29 0.276 0.276 0.263 0.263 0.263 0.2795 0.2795 0.289 0.289 0.2715 0.2715 0.2715 0.2865 0.2865 0.2825 0.2825
0.2915 0.2975 0.2975 0.2905 0.2905 0.2905 0.2705 0.2705 0.298 0.298 0.3205 0.3205 0.307 0.307 0.307 0.271 0.271 0.28 0.28 0.2975 0.2975 0.2975 0.2825 0.2825 0.2985 0.2985 0.3135 0.3135 0.3135 0.343 0.343 0.354 0.354 0.319 0.319 0.319 0.304 0.304 0.296 0.296 0.3035 0.3035 0.3035 0.286 0.286 0.2935 0.2935 0.258 0.258 0.2495 0.2495 0.2495 0.2795 0.2795 0.3395 0.3395 0.3225 0.3225 0.3225 0.29 0.29 0.276 0.276 0.263 0.263 0.263 0.2795 0.2795 0.289 0.289 0.2715 0.2715 0.2715 0.2865 0.2865 0.2825 0.2825
0.2785 0.3045 0.3045 0.303 0.303 0.303 0.3365 0.3365 0.3175 0.3175 0.324 0.324 0.3045 0.3045 0.3045 0.2885 0.2885 0.275 0.275 0.2735 0.2735 0.2735 0.288 0.288 0.308 0.308 0.335 0.335 0.335 0.321 0.321 0.3485 0.3485 0.331 0.331 0.331 0.3305 0.3305 0.3325 0.3325 0.319 0.319 0.319 0.3065 0.3065 0.3 0.3 0.2725 0.2725 0.2865 0.2865 0.2865 0.321 0.321 0.3435 0.3435 0.3205 0.3205 0.3205 0.329 0.329 0.3225 0.3225 0.3105 0.3105 0.3105 0.311 0.311 0.3075 0.3075 0.351 0.351 0.351 0.3425 0.3425 0.346 0.346
0.2785 0.3045 0.3045 0.303 0.303 0.303 0.3365 0.3365 0.3175 0.3175 0.324 0.324 0.3045 0.3045 0.3045 0.2885 0.2885 0.275 0.275 0.2735 0.2735 0.2735 0.288 0.288 0.308 0.308 0.335 0.335 0.335 0.321 0.321 0.3485 0.3485 0.331 0.331 0.331 0.3305 0.3305 0.3325 0.3325 0.319 0.319 0.319 0.3065 0.3065 0.3 0.3 0.2725 0.2725 0.2865 0.2865 0.2865 0.321 0.321 0.3435 0.3435 0.3205 0.3205 0.3205 0.329 0.329 0.3225 0.3225 0.3105 0.3105 0.3105 0.311 0.311 0.3075 0.3075 0.351 0.351 0.351 0.3425 0.3425 0.346 0.346
0.2635 0.297 0.297 0.3105 0.3105 0.3105 0.3605 0.3605 0.315 0.315 0.3095 0.3095 0.315 0.315 0.315 0.3515 0.3515 0.3165 0.3165 0.337 0.337 0.337 0.341 0.341 0.3465 0.3465 0.3405 0.3405 0.3405 0.341 0.341 0.3375 0.3375 0.3355 0.3355 0.3355 0.3755 0.3755 0.3555 0.3555 0.334 0.334 0.334 0.3555 0.3555 0.3135 0.3135 0.332 0.332 0.3075 0.3075 0.3075 0.375 0.375 0.3681 0.3681 0.375 0.375 0.375 0.3615 0.3615 0.3305 0.3305 0.327 0.327 0.327 0.342 0.342 0.3305 0.3305 0.341 0.341 0.341 0.348 0.348 0.332 0.332
0.2635 0.297 0.297 0.3105 0.3105 0.3105 0.3605 0.3605 0.315 0.315 0.3095 0.3095 0.315 0.315 0.315 0.3515 0.3515 0.3165 0.3165 0.337 0.337 0.337 0.341 0.341 0.3465 0.3465 0.3405 0.3405 0.3405 0.341 0.341 0.3375 0.3375 0.3355 0.3355 0.3355 0.3755 0.3755 0.3555 0.3555 0.334 0.334 0.334 0.3555 0.3555 0.3135 0.3135 0.332 0.332 0.3075 0.3075 0.3075 0.375 0.375 0.3681 0.3681 0.375 0.375 0.375 0.3615 0.3615 0.3305 0.3305 0.327 0.327 0.327 0.342 0.342 0.3305 0.3305 0.341 0.341 0.341 0.348 0.348 0.332 0.332
0.2635 0.297 0.297 0.3105 0.3105 0.3105 0.3605 0.3605 0.315 0.315 0.3095 0.3095 0.315 0.315 0.315 0.3515 0.3515 0.3165 0.3165 0.337 0.337 0.337 0.341 0.341 0.3465 0.3465 0.3405 0.3405 0.3405 0.341 0.341 0.3375 0.3375 0.3355 0.3355 0.3355 0.3755 0.3755 0.3555 0.3555 0.334 0.334 0.334 0.3555 0.3555 0.3135 0.3135 0.332 0.332 0.3075 0.3075 0.3075 0.375 0.375 0.3681 0.3681 0.375 0.375 0.375 0.3615 0.3615 0.3305 0.3305 0.327 0.327 0.327 0.342 0.342 0.3305 0.3305 0.341 0.341 0.341 0.348 0.348 0.332 0.332
0.2925 0.275 0.275 0.308 0.308 0.308 0.3285 0.3285 0.305 0.305 0.339 0.339 0.367 0.367 0.367 0.42 0.42 0.42 0.42 0.4145 0.4145 0.4145 0.3725 0.3725 0.3545 0.3545 0.366 0.366 0.366 0.3615 0.3615 0.3535 0.3535 0.349 0.349 0.349 0.37 0.37 0.3435 0.3435 0.3405 0.3405 0.3405 0.361 0.361 0.347 0.347 0.3625 0.3625 0.379 0.379 0.379 0.3965 0.3965 0.4 0.4 0.3866 0.3866 0.3866 0.3775 0.3775 0.3535 0.3535 0.3555 0.3555 0.3555 0.3585 0.3585 0.345 0.345 0.375 0.375 0.375 0.3395 0.3395 0.3485 0.3485
0.2925 0.275 0.275 0.308 0.308 0.308 0.3285 0.3285 0.305 0.305 0.339 0.339 0.367 0.367 0.367 0.42 0.42 0.42 0.42 0.4145 0.4145 0.4145 0.3725 0.3725 0.3545 0.3545 0.366 0.366 0.366 0.3615 0.3615 0.3535 0.3535 0.349 0.349 0.349 0.37 0.37 0.3435 0.3435 0.3405 0.3405 0.3405 0.361 0.361 0.347 0.347 0.3625 0.3625 0.379 0.379 0.379 0.3965 0.3965 0.4 0.4 0.3866 0.3866 0.3866 0.3775 0.3775 0.3535 0.3535 0.3555 0.3555 0.3555 0.3585 0.3585 0.345 0.345 0.375 0.375 0.375 0.3395 0.3395 0.3485 0.3485
0.291 0.3305 0.3305 0.3075 0.3075 0.3075 0.3185 0.3185 0.333 0.333 0.36 0.36 0.3675 0.3675 0.3675 0.4305 0.4305 0.404 0.404 0.3975 0.3975 0.3975 0.353 0.353 0.36 0.36 0.377 0.377 0.377 0.382 0.382 0.3705 0.3705 0.3765 0.3765 0.3765 0.3345 0.3345 0.32 0.32 0.3315 0.3315 0.3315 0.35 0.35 0.3505 0.3505 0.3816 0.3816 0.4315 0.4315 0.4315 0.4255 0.4255 0.4497 0.4497 0.438 0.438 0.438 0.4095 0.4095 0.3635 0.3635 0.376 0.376 0.376 0.3475 0.3475 0.335 0.335 0.34 0.34 0.34 0.3415 0.3415 0.332 0.332
0.291 0.3305 0.3305 0.3075 0.3075 0.3075 0.3185 0.3185 0.333 0.333 0.36 0.36 0.3675 0.3675 0.3675 0.4305 0.4305 0.404 0.404 0.3975 0.3975 0.3975 0.353 0.353 0.36 0.36 0.377 0.377 0.377 0.382 0.382 0.3705 0.3705 0.3765 0.3765 0.3765 0.3345 0.3345 0.32 0.32 0.3315 0.3315 0.3315 0.35 0.35 0.3505 0.3505 0.3816 0.3816 0.4315 0.4315 0.4315 0.4255 0.4255 0.4497 0.4497 0.438 0.438 0.438 0.4095 0.4095 0.3635 0.3635 0.376 0.376 0.376 0.3475 0.3475 0.335 0.335 0.34 0.34 0.34 0.3415 0.3415 0.332 0.332
0.3725 0.3705 0.3705 0.414 0.414 0.414 0.371 0.371 0.3955 0.3955 0.3635 0.3635 0.368 0.368 0.368 0.394 0.394 0.3815 0.3815 0.3755 0.3755 0.3755 0.368 0.368 0.3735 0.3735 0.3865 0.3865 0.3865 0.3905 0.3905 0.368 0.368 0.3495 0.3495 0.3495 0.345 0.345 0.35 0.35 0.3685 0.3685 0.3685 0.387 0.387 0.3646 0.3646 0.4115 0.4115 0.435 0.435 0.435 0.4561 0.4561 0.434 0.434 0.41 0.41 0.41 0.3875 0.3875 0.4125 0.4125 0.395 0.395 0.395 0.3685 0.3685 0.4035 0.4035 0.398 0.398 0.398 0.3605 0.3605 0.364 0.364
0.3725 0.3705 0.3705 0.414 0.414 0.414 0.371 0.371 0.3955 0.3955 0.3635 0.3635 0.368 0.368 0.368 0.394 0.394 0.3815 0.3815 0.3755 0.3755 0.3755 0.368 0.368 0.3735 0.3735 0.3865 0.3865 0.3865 0.3905 0.3905 0.368 0.368 0.3495 0.3495 0.3495 0.345 0.345 0.35 0.35 0.3685 0.3685 0.3685 0.387 0.387 0.3646 0.3646 0.4115 0.4115 0.435 0.435 0.435 0.4561 0.4561 0.434 0.434 0.41 0.41 0.41 0.3875 0.3875 0.4125 0.4125 0.395 0.395 0.395 0.3685 0.3685 0.4035 0.4035 0.398 0.398 0.398 0.3605 0.3605 0.364 0.364
0.3725 0.3705 0.3705 0.414 0.414 0.414 0.371 0.371 0.3955 0.3955 0.3635 0.3635 0.368 0.368 0.368 0.394 0.394 0.3815 0.3815 0.3755 0.3755 0.3755 0.368 0.368 0.3735 0.3735 0.3865 0.3865 0.3865 0.3905 0.3905 0.368 0.368 0.3495 0.3495 0.3495 0.345 0.345 0.35 0.35 0.3685 0.3685 0.3685 0.387 0.387 0.3646 0.3646 0.4115 0.4115 0.435 0.435 0.435 0.4561 0.4561 0.434 0.434 0.41 0.41 0.41 0.3875 0.3875 0.4125 0.4125 0.395 0.395 0.395 0.3685 0.3685 0.4035 0.4035 0.398 0.398 0.398 0.3605 0.3605 0.364 0.364
0.408 0.446 0.446 0.418 0.418 0.418 0.406 0.406 0.4485 0.4485 0.464 0.464 0.4515 0.4515 0.4515 0.4475 0.4475 0.447 0.447 0.4295 0.4295 0.4295 0.4015 0.4015 0.3945 0.3945 0.402 0.402 0.402 0.3695 0.3695 0.373 0.373 0.3665 0.3665 0.3665 0.3765 0.3765 0.3915 0.3915 0.3945 0.3945 0.3945 0.4225 0.4225 0.4385 0.4385 0.4245 0.4245 0.426 0.426 0.426 0.4415 0.4415 0.43 0.43 0.4015 0.4015 0.4015 0.3655 0.3655 0.411 0.411 0.4315 0.4315 0.4315 0.3995 0.3995 0.392 0.392 0.3566 0.3566 0.3566 0.348 0.348 0.352 0.352
0.408 0.446 0.446 0.418 0.418 0.418 0.406 0.406 0.4485 0.4485 0.464 0.464 0.4515 0.4515 0.4515 0.4475 0.4475 0.447 0.447 0.4295 0.4295 0.4295 0.4015 0.4015 0.3945 0.3945 0.402 0.402 0.402 0.3695 0.3695 0.373 0.373 0.3665 0.3665 0.3665 0.3765 0.3765 0.3915 0.3915 0.3945 0.3945 0.3945 0.4225 0.4225 0.4385 0.4385 0.4245 0.4245 0.426 0.426 0.426 0.4415 0.4415 0.43 0.43 0.4015 0.4015 0.4015 0.3655 0.3655 0.411 0.411 0.4315 0.4315 0.4315 0.3995 0.3995 0.392 0.392 0.3566 0.3566 0.3566 0.348 0.348 0.352 0.352
0.4065 0.398 0.398 0.3765 0.3765 0.3765 0.389 0.389 0.437 0.437 0.462 0.462 0.449 0.449 0.449 0.4615 0.4615 0.455 0.455 0.4631 0.4631 0.4631 0.4285 0.4285 0.374 0.374 0.365 0.365 0.365 0.3415 0.3415 0.3385 0.3385 0.4005 0.4005 0.4005 0.382 0.382 0.3625 0.3625 0.37 0.37 0.37 0.4261 0.4261 0.4506 0.4506 0.4761 0.4761 0.4615 0.4615 0.4615 0.4315 0.4315 0.4185 0.4185 0.403 0.403 0.403 0.3715 0.3715 0.39 0.39 0.4345 0.4345 0.4345 0.42 0.42 0.3985 0.3985 0.4005 0.4005 0.4005 0.3835 0.3835 0.3685 0.3685
0.4065 0.398 0.398 0.3765 0.3765 0.3765 0.389 0.389 0.437 0.437 0.462 0.462 0.449 0.449 0.449 0.4615 0.4615 0.455 0.455 0.4631 0.4631 0.4631 0.4285 0.4285 0.374 0.374 0.365 0.365 0.365 0.3415 0.3415 0.3385 0.3385 0.4005 0.4005 0.4005 0.382 0.382 0.3625 0.3625 0.37 0.37 0.37 0.4261 0.4261 0.4506 0.4506 0.4761 0.4761 0.4615 0.4615 0.4615 0.4315 0.4315 0.4185 0.4185 0.403 0.403 0.403 0.3715 0.3715 0.39 0.39 0.4345 0.4345 0.4345 0.42 0.42 0.3985 0.3985 0.4005 0.4005 0.4005 0.3835 0.3835 0.3685 0.3685
0.473 0.413 0.413 0.411 0.411 0.411 0.4075 0.4075 0.442 0.442 0.475 0.475 0.473 0.473 0.473 0.471 0.471 0.4626 0.4626 0.4711 0.4711 0.4711 0.4681 0.4681 0.4045 0.4045 0.3715 0.3715 0.3715 0.3655 0.3655 0.353 0.353 0.385 0.385 0.385 0.3775 0.3775 0.3775 0.3775 0.376 0.376 0.376 0.401 0.401 0.4285 0.4285 0.4571 0.4571 0.4721 0.4721 0.4721 0.4235 0.4235 0.406 0.406 0.385 0.385 0.385 0.38 0.38 0.4105 0.4105 0.439 0.439 0.439 0.429 0.429 0.425 0.425 0.418 0.418 0.418 0.413 0.413 0.378 0.378
0.473 0.413 0.413 0.411 0.411 0.411 0.4075 0.4075 0.442 0.442 0.475 0.475 0.473 0.473 0.473 0.471 0.471 0.4626 0.4626 0.4711 0.4711 0.4711 0.4681 0.4681 0.4045 0.4045 0.3715 0.3715 0.3715 0.3655 0.3655 0.353 0.353 0.385 0.385 0.385 0.3775 0.3775 0.3775 0.3775 0.376 0.376 0.376 0.401 0.401 0.4285 0.4285 0.4571 0.4571 0.4721 0.4721 0.4721 0.4235 0.4235 0.406 0.406 0.385 0.385 0.385 0.38 0.38 0.4105 0.4105 0.439 0.439 0.439 0.429 0.429 0.425 0.425 0.418 0.418 0.418 0.413 0.413 0.378 0.378
0.5385 0.4846 0.4846 0.423 0.423 0.423 0.4415 0.4415 0.4425 0.4425 0.476 0.476 0.486 0.486 0.486 0.477 0.477 0.4685 0.4685 0.4481 0.4481 0.4481 0.448 0.448 0.446 0.446 0.456 0.456 0.456 0.4305 0.4305 0.3715 0.3715 0.403 0.403 0.403 0.3915 0.3915 0.3945 0.3945 0.3655 0.3655 0.3655 0.354 0.354 0.393 0.393 0.4135 0.4135 0.4191 0.4191 0.4191 0.4026 0.4026 0.3715 0.3715 0.406 0.406 0.406 0.404 0.404 0.4425 0.4425 0.451 0.451 0.451 0.4545 0.4545 0.4371 0.4371 0.4405 0.4405 0.4405 0.422 0.422 0.391 0.391
0.5385 0.4846 0.4846 0.423 0.423 0.423 0.4415 0.4415 0.4425 0.4425 0.476 0.476 0.486 0.486 0.486 0.477 0.477 0.4685 0.4685 0.4481 0.4481 0.4481 0.448 0.448 0.446 0.446 0.456 0.456 0.456 0.4305 0.4305 0.3715 0.3715 0.403 0.403 0.403 0.3915 0.3915 0.3945 0.3945 0.3655 0.3655 0.3655 0.354 0.354 0.393 0.393 0.4135 0.4135 0.4191 0.4191 0.4191 0.4026 0.4026 0.3715 0.3715 0.406 0.406 0.406 0.404 0.404 0.4425 0.4425 0.451 0.451 0.451 0.4545 0.4545 0.4371 0.4371 0.4405 0.4405 0.4405 0.422 0.422 0.391 0.391
0.5385 0.4846 0.4846 0.423 0.423 0.423 0.4415 0.4415 0.4425 0.4425 0.476 0.476 0.486 0.486 0.486 0.477 0.477 0.4685 0.4685 0.4481 0.4481 0.4481 0.448 0.448 0.446 0.446 0.456 0.456 0.456 0.4305 0.4305 0.3715 0.3715 0.403 0.403 0.403 0.3915 0.3915 0.3945 0.3945 0.3655 0.3655 0.3655 0.354 0.354 0.393 0.393 0.4135 0.4135 0.4191 0.4191 0.4191 0.4026 0.4026 0.3715 0.3715 0.406 0.406 0.406 0.404 0.404 0.4425 0.4425 0.451 0.451 0.451 0.4545 0.4545 0.4371 0.4371 0.4405 0.4405 0.4405 0.422 0.422 0.391 0.391
0.5085 0.4816 0.4816 0.4395 0.4395 0.4395 0.439 0.439 0.471 0.471 0.4876 0.4876 0.481 0.481 0.481 0.473 0.473 0.4305 0.4305 0.459 0.459 0.459 0.4635 0.4635 0.45 0.45 0.413 0.413 0.413 0.459 0.459 0.3765 0.3765 0.382 0.382 0.382 0.398 0.398 0.3665 0.3665 0.333 0.333 0.333 0.336 0.336 0.3745 0.3745 0.385 0.385 0.408 0.408 0.408 0.417 0.417 0.404 0.404 0.4271 0.4271 0.4271 0.4557 0.4557 0.522 0.522 0.4845 0.4845 0.4845 0.4755 0.4755 0.478 0.478 0.4702 0.4702 0.4702 0.444 0.444 0.431 0.431
0.5085 0.4816 0.4816 0.4395 0.4395 0.4395 0.439 0.439 0.471 0.471 0.4876 0.4876 0.481 0.481 0.481 0.473 0.473 0.4305 0.4305 0.459 0.459 0.459 0.4635 0.4635 0.45 0.45 0.413 0.413 0.413 0.459 0.459 0.3765 0.3765 0.382 0.382 0.382 0.398 0.398 0.3665 0.3665 0.333 0.333 0.333 0.336 0.336 0.3745 0.3745 0.385 0.385 0.408 0.408 0.408 0.417 0.417 0.404 0.404 0.4271 0.4271 0.4271 0.4557 0.4557 0.522 0.522 0.4845 0.4845 0.4845 0.4755 0.4755 0.478 0.478 0.4702 0.4702 0.4702 0.444 0.444 0.431 0.431
0.554 0.4875 0.4875 0.464 0.464 0.464 0.471 0.471 0.5135 0.5135 0.4955 0.4955 0.5165 0.5165 0.5165 0.4935 0.4935 0.4605 0.4605 0.4545 0.4545 0.4545 0.4235 0.4235 0.453 0.453 0.4785 0.4785 0.4785 0.473 0.473 0.441 0.441 0.3901 0.3901 0.3901 0.372 0.372 0.3835 0.3835 0.3595 0.3595 0.3595 0.3855 0.3855 0.4531 0.4531 0.4671 0.4671 0.5311 0.5311 0.5311 0.5 0.5 0.5301 0.5301 0.5795 0.5795 0.5795 0.5495 0.5495 0.527 0.527 0.515 0.515 0.515 0.5135 0.5135 0.4775 0.4775 0.4965 0.4965 0.4965 0.4745 0.4745 0.455 0.455
0.554 0.4875 0.4875 0.464 0.464 0.464 0.471 0.471 0.5135 0.5135 0.4955 0.4955 0.5165 0.5165 0.5165 0.4935 0.4935 0.4605 0.4605 0.4545 0.4545 0.4545 0.4235 0.4235 0.453 0.453 0.4785 0.4785 0.4785 0.473 0.473 0.441 0.441 0.3901 0.3901 0.3901 0.372 0.372 0.3835 0.3835 0.3595 0.3595 0.3595 0.3855 0.3855 0.4531 0.4531 0.4671 0.4671 0.5311 0.5311 0.5311 0.5 0.5 0.5301 0.5301 0.5795 0.5795 0.5795 0.5495 0.5495 0.527 0.527 0.515 0.515 0.515 0.5135 0.5135 0.4775 0.4775 0.4965 0.4965 0.4965 0.4745 0.4745 0.455 0.455
0.5565 0.523 0.523 0.4855 0.4855 0.4855 0.4805 0.4805 0.504 0.504 0.5125 0.5125 0.5105 0.5105 0.5105 0.538 0.538 0.457 0.457 0.4725 0.4725 0.4725 0.4595 0.4595 0.4695 0.4695 0.5125 0.5125 0.5125 0.506 0.506 0.4795 0.4795 0.408 0.408 0.408 0.4 0.4 0.3795 0.3795 0.416 0.416 0.416 0.395 0.395 0.5095 0.5095 0.5221 0.5221 0.5395 0.5395 0.5395 0.546 0.546 0.5395 0.5395 0.553 0.553 0.553 0.6005 0.6005 0.536 0.536 0.508 0.508 0.508 0.5205 0.5205 0.4655 0.4655 0.5015 0.5015 0.5015 0.4835 0.4835 0.4995 0.4995
0.5565 0.523 0.523 0.4855 0.4855 0.4855 0.4805 0.4805 0.504 0.504 0.5125 0.5125 0.5105 0.5105 0.5105 0.538 0.538 0.457 0.457 0.4725 0.4725 0.4725 0.4595 0.4595 0.4695 0.4695 0.5125 0.5125 0.5125 0.506 0.506 0.4795 0.4795 0.408 0.408 0.408 0.4 0.4 0.3795 0.3795 0.416 0.416 0.416 0.395 0.395 0.5095 0.5095 0.5221 0.5221 0.5395 0.5395 0.5395 0.546 0.546 0.5395 0.5395 0.553 0.553 0.553 0.6005 0.6005 0.536 0.536 0.508 0.508 0.508 0.5205 0.5205 0.4655 0.4655 0.5015 0.5015 0.5015 0.4835 0.4835 0.4995 0.4995
0.5565 0.523 0.523 0.4855 0.4855 0.4855 0.4805 0.4805 0.504 0.504 0.5125 0.5125 0.5105 0.5105 0.5105 0.538 0.538 0.457 0.457 0.4725 0.4725 0.4725 0.4595 0.4595 0.4695 0.4695 0.5125 0.5125 0.5125 0.506 0.506 0.4795 0.4795 0.408 0.408 0.408 0.4 0.4 0.3795 0.3795 0.416 0.416 0.416 0.395 0.395 0.5095 0.5095 0.5221 0.5221 0.5395 0.5395 0.5395 0.546 0.546 0.5395 0.5395 0.553 0.553 0.553 0.6005 0.6005 0.536 0.536 0.508 0.508 0.508 0.5205 0.5205 0.4655 0.4655 0.5015 0.5015 0.5015 0.4835 0.4835 0.4995 0.4995
