ndvi/NOAA-212.asc
ncols         252
nrows         154
xllcorner     -18.017974
yllcorner     13.481982
cellsize      0.035948
NODATA_value  -9999
[rows 68 to 101 of 154, columns 77 to 153 of 252]
0.2445 0.2445 0.23 0.23 0.25 0.25 0.265 0.265 0.265 0.2745 0.2745 0.2655 0.2655 0.2455 0.2455 0.254 0.254 0.254 0.2515 0.2515 0.2675 0.2675 0.2275 0.2275 0.2275 0.1795 0.1795 0.1855 0.1855 0.1865 0.1865 0.1865 0.2175 0.2175 0.22 0.22 0.2105 0.2105 0.2105 0.195 0.195 0.2055 0.2055 0.217 0.217 0.217 0.158 0.158 0.1825 0.1825 0.165 0.165 0.197 0.197 0.197 0.1995 0.1995 0.224 0.224 0.239 0.239 0.239 0.2725 0.2725 0.3115 0.3115 0.2705 0.2705 0.2705 0.296 0.296 0.2675 0.2675 0.2155 0.2155 0.2155 0.133
0.227 0.227 0.251 0.251 0.2475 0.2475 0.244 0.244 0.244 0.2555 0.2555 0.2575 0.2575 0.2315 0.2315 0.2415 0.2415 0.2415 0.2135 0.2135 0.2255 0.2255 0.2575 0.2575 0.2575 0.2165 0.2165 0.183 0.183 0.1925 0.1925 0.1925 0.1825 0.1825 0.2115 0.2115 0.2125 0.2125 0.2125 0.2305 0.2305 0.224 0.224 0.2 0.2 0.2 0.168 0.168 0.159 0.159 0.1765 0.1765 0.2025 0.2025 0.2025 0.242 0.242 0.244 0.244 0.2795 0.2795 0.2795 0.318 0.318 0.348 0.348 0.3065 0.3065 0.3065 0.289 0.289 0.266 0.266 0.2495 0.2495 0.2495 0.145
0.227 0.227 0.251 0.251 0.2475 0.2475 0.244 0.244 0.244 0.2555 0.2555 0.2575 0.2575 0.2315 0.2315 0.2415 0.2415 0.2415 0.2135 0.2135 0.2255 0.2255 0.2575 0.2575 0.2575 0.2165 0.2165 0.183 0.183 0.1925 0.1925 0.1925 0.1825 0.1825 0.2115 0.2115 0.2125 0.2125 0.2125 0.2305 0.2305 0.224 0.224 0.2 0.2 0.2 0.168 0.168 0.159 0.159 0.1765 0.1765 0.2025 0.2025 0.2025 0.242 0.242 0.244 0.244 0.2795 0.2795 0.2795 0.318 0.318 0.348 0.348 0.3065 0.3065 0.3065 0.289 0.289 0.266 0.266 0.2495 0.2495 0.2495 0.145
0.2615 0.2615 0.2555 0.2555 0.2745 0.2745 0.2675 0.2675 0.2675 0.253 0.253 0.2435 0.2435 0.2625 0.2625 0.2355 0.2355 0.2355 0.207 0.207 0.221 0.221 0.2215 0.2215 0.2215 0.238 0.238 0.239 0.239 0.217 0.217 0.217 0.2075 0.2075 0.1985 0.1985 0.225 0.225 0.225 0.2245 0.2245 0.2135 0.2135 0.226 0.226 0.226 0.16 0.16 0.1535 0.1535 0.1865 0.1865 0.247 0.247 0.247 0.253 0.253 0.2825 0.2825 0.295 0.295 0.295 0.3565 0.3565 0.3275 0.3275 0.272 0.272 0.272 0.2665 0.2665 0.237 0.237 0.2505 0.2505 0.2505 0.1885
0.2615 0.2615 0.2555 0.2555 0.2745 0.2745 0.2675 0.2675 0.2675 0.253 0.253 0.2435 0.2435 0.2625 0.2625 0.2355 0.2355 0.2355 0.207 0.207 0.221 0.221 0.2215 0.2215 0.2215 0.238 0.238 0.239 0.239 0.217 0.217 0.217 0.2075 0.2075 0.1985 0.1985 0.225 0.225 0.225 0.2245 0.2245 0.2135 0.2135 0.226 0.226 0.226 0.16 0.16 0.1535 0.1535 0.1865 0.1865 0.247 0.247 0.247 0.253 0.253 0.2825 0.2825 0.295 0.295 0.295 0.3565 0.3565 0.3275 0.3275 0.272 0.272 0.272 0.2665 0.2665 0.237 0.237 0.2505 0.2505 0.2505 0.1885
0.2615 0.2615 0.2555 0.2555 0.2745 0.2745 0.2675 0.2675 0.2675 0.253 0.253 0.2435 0.2435 0.2625 0.2625 0.2355 0.2355 0.2355 0.207 0.207 0.221 0.221 0.2215 0.2215 0.2215 0.238 0.238 0.239 0.239 0.217 0.217 0.217 0.2075 0.2075 0.1985 0.1985 0.225 0.225 0.225 0.2245 0.2245 0.2135 0.2135 0.226 0.226 0.226 0.16 0.16 0.1535 0.1535 0.1865 0.1865 0.247 0.247 0.247 0.253 0.253 0.2825 0.2825 0.295 0.295 0.295 0.3565 0.3565 0.3275 0.3275 0.272 0.272 0.272 0.2665 0.2665 0.237 0.237 0.2505 0.2505 0.2505 0.1885
0.334 0.334 0.3415 0.3415 0.2955 0.2955 0.272 0.272 0.272 0.2575 0.2575 0.202 0.202 0.197 0.197 0.2535 0.2535 0.2535 0.235 0.235 0.2285 0.2285 0.2355 0.2355 0.2355 0.299 0.299 0.298 0.298 0.319 0.319 0.319 0.302 0.302 0.2625 0.2625 0.246 0.246 0.246 0.256 0.256 0.2355 0.2355 0.169 0.169 0.169 0.1945 0.1945 0.2425 0.2425 0.2295 0.2295 0.2325 0.2325 0.2325 0.22 0.22 0.2515 0.2515 0.3015 0.3015 0.3015 0.3105 0.3105 0.311 0.311 0.294 0.294 0.294 0.266 0.266 0.2445 0.2445 0.2075 0.2075 0.2075 0.2125
0.334 0.334 0.3415 0.3415 0.2955 0.2955 0.272 0.272 0.272 0.2575 0.2575 0.202 0.202 0.197 0.197 0.2535 0.2535 0.2535 0.235 0.235 0.2285 0.2285 0.2355 0.2355 0.2355 0.299 0.299 0.298 0.298 0.319 0.319 0.319 0.302 0.302 0.2625 0.2625 0.246 0.246 0.246 0.256 0.256 0.2355 0.2355 0.169 0.169 0.169 0.1945 0.1945 0.2425 0.2425 0.2295 0.2295 0.2325 0.2325 0.2325 0.22 0.22 0.2515 0.2515 0.3015 0.3015 0.3015 0.3105 0.3105 0.311 0.311 0.294 0.294 0.294 0.266 0.266 0.2445 0.2445 0.2075 0.2075 0.2075 0.2125
0.381 0.381 0.3715 0.3715 0.3495 0.3495 0.3205 0.3205 0.3205 0.2875 0.2875 0.236 0.236 0.195 0.195 0.175 0.175 0.175 0.176 0.176 0.2215 0.2215 0.2585 0.2585 0.2585 0.244 0.244 0.284 0.284 0.293 0.293 0.293 0.3265 0.3265 0.313 0.313 0.2665 0.2665 0.2665 0.221 0.221 0.213 0.213 0.1745 0.1745 0.1745 0.1935 0.1935 0.2315 0.2315 0.2085 0.2085 0.2115 0.2115 0.2115 0.242 0.242 0.2545 0.2545 0.272 0.272 0.272 0.269 0.269 0.2845 0.2845 0.313 0.313 0.313 0.262 0.262 0.25 0.25 0.1165 0.1165 0.1165 0.1705
0.381 0.381 0.3715 0.3715 0.3495 0.3495 0.3205 0.3205 0.3205 0.2875 0.2875 0.236 0.236 0.195 0.195 0.175 0.175 0.175 0.176 0.176 0.2215 0.2215 0.2585 0.2585 0.2585 0.244 0.244 0.284 0.284 0.293 0.293 0.293 0.3265 0.3265 0.313 0.313 0.2665 0.2665 0.2665 0.221 0.221 0.213 0.213 0.1745 0.1745 0.1745 0.1935 0.1935 0.2315 0.2315 0.2085 0.2085 0.2115 0.2115 0.2115 0.242 0.242 0.2545 0.2545 0.272 0.272 0.272 0.269 0.269 0.2845 0.2845 0.313 0.313 0.313 0.262 0.262 0.25 0.25 0.1165 0.1165 0.1165 0.1705
0.342 0.342 0.36 0.36 0.3215 0.3215 0.261 0.261 0.261 0.2925 0.2925 0.279 0.279 0.2725 0.2725 0.206 0.206 0.206 0.204 0.204 0.201 0.201 0.227 0.227 0.227 0.276 0.276 0.288 0.288 0.3205 0.3205 0.3205 0.3415 0.3415 0.3405 0.3405 0.284 0.284 0.284 0.2495 0.2495 0.207 0.207 0.1985 0.1985 0.1985 0.212 0.212 0.2105 0.2105 0.2135 0.2135 0.2255 0.2255 0.2255 0.233 0.233 0.22 0.22 0.2295 0.2295 0.2295 0.2745 0.2745 0.257 0.257 0.2735 0.2735 0.2735 0.2635 0.2635 0.2525 0.2525 0.1915 0.1915 0.1915 0.164
0.342 0.342 0.36 0.36 0.3215 0.3215 0.261 0.261 0.261 0.2925 0.2925 0.279 0.279 0.2725 0.2725 0.206 0.206 0.206 0.204 0.204 0.201 0.201 0.227 0.227 0.227 0.276 0.276 0.288 0.288 0.3205 0.3205 0.3205 0.3415 0.3415 0.3405 0.3405 0.284 0.284 0.284 0.2495 0.2495 0.207 0.207 0.1985 0.1985 0.1985 0.212 0.212 0.2105 0.2105 0.2135 0.2135 0.2255 0.2255 0.2255 0.233 0.233 0.22 0.22 0.2295 0.2295 0.2295 0.2745 0.2745 0.257 0.257 0.2735 0.2735 0.2735 0.2635 0.2635 0.2525 0.2525 0.1915 0.1915 0.1915 0.164
0.365 0.365 0.3715 0.3715 0.3055 0.3055 0.275 0.275 0.275 0.2885 0.2885 0.2825 0.2825 0.2785 0.2785 0.259 0.259 0.259 0.2785 0.2785 0.263 0.263 0.273 0.273 0.273 0.2745 0.2745 0.3075 0.3075 0.307 0.307 0.307 0.333 0.333 0.26 0.26 0.245 0.245 0.245 0.254 0.254 0.236 0.236 0.2245 0.2245 0.2245 0.2465 0.2465 0.2075 0.2075 0.2145 0.2145 0.225 0.225 0.225 0.2245 0.2245 0.2275 0.2275 0.248 0.248 0.248 0.257 0.257 0.2405 0.2405 0.3005 0.3005 0.3005 0.209 0.209 0.2215 0.2215 0.203 0.203 0.203 0.171
0.365 0.365 0.3715 0.3715 0.3055 0.3055 0.275 0.275 0.275 0.2885 0.2885 0.2825 0.2825 0.2785 0.2785 0.259 0.259 0.259 0.2785 0.2785 0.263 0.263 0.273 0.273 0.273 0.2745 0.2745 0.3075 0.3075 0.307 0.307 0.307 0.333 0.333 0.26 0.26 0.245 0.245 0.245 0.254 0.254 0.236 0.236 0.2245 0.2245 0.2245 0.2465 0.2465 0.2075 0.2075 0.2145 0.2145 0.225 0.225 0.225 0.2245 0.2245 0.2275 0.2275 0.248 0.248 0.248 0.257 0.257 0.2405 0.2405 0.3005 0.3005 0.3005 0.209 0.209 0.2215 0.2215 0.203 0.203 0.203 0.171
0.365 0.365 0.3715 0.3715 0.3055 0.3055 0.275 0.275 0.275 0.2885 0.2885 0.2825 0.2825 0.2785 0.2785 0.259 0.259 0.259 0.2785 0.2785 0.263 0.263 0.273 0.273 0.273 0.2745 0.2745 0.3075 0.3075 0.307 0.307 0.307 0.333 0.333 0.26 0.26 0.245 0.245 0.245 0.254 0.254 0.236 0.236 0.2245 0.2245 0.2245 0.2465 0.2465 0.2075 0.2075 0.2145 0.2145 0.225 0.225 0.225 0.2245 0.2245 0.2275 0.2275 0.248 0.248 0.248 0.257 0.257 0.2405 0.2405 0.3005 0.3005 0.3005 0.209 0.209 0.2215 0.2215 0.203 0.203 0.203 0.171
0.375 0.375 0.411 0.411 0.364 0.364 0.3785 0.3785 0.3785 0.3505 0.3505 0.289 0.289 0.336 0.336 0.3495 0.3495 0.3495 0.3345 0.3345 0.309 0.309 0.303 0.303 0.303 0.33 0.33 0.3575 0.3575 0.3175 0.3175 0.3175 0.2555 0.2555 0.234 0.234 0.2445 0.2445 0.2445 0.252 0.252 0.259 0.259 0.2435 0.2435 0.2435 0.26 0.26 0.2315 0.2315 0.2145 0.2145 0.263 0.263 0.263 0.2425 0.2425 0.2745 0.2745 0.267 0.267 0.267 0.277 0.277 0.2865 0.2865 0.224 0.224 0.224 0.2235 0.2235 0.224 0.224 0.187 0.187 0.187 0.1575
0.375 0.375 0.411 0.411 0.364 0.364 0.3785 0.3785 0.3785 0.3505 0.3505 0.289 0.289 0.336 0.336 0.3495 0.3495 0.3495 0.3345 0.3345 0.309 0.309 0.303 0.303 0.303 0.33 0.33 0.3575 0.3575 0.3175 0.3175 0.3175 0.2555 0.2555 0.234 0.234 0.2445 0.2445 0.2445 0.252 0.252 0.259 0.259 0.2435 0.2435 0.2435 0.26 0.26 0.2315 0.2315 0.2145 0.2145 0.263 0.263 0.263 0.2425 0.2425 0.2745 0.2745 0.267 0.267 0.267 0.277 0.277 0.2865 0.2865 0.224 0.224 0.224 0.2235 0.2235 0.224 0.224 0.187 0.187 0.187 0.1575
0.41 0.41 0.419 0.419 0.3835 0.3835 0.3965 0.3965 0.3965 0.4135 0.4135 0.441 0.441 0.373 0.373 0.401 0.401 0.401 0.3305 0.3305 0.331 0.331 0.319 0.319 0.319 0.3235 0.3235 0.352 0.352 0.343 0.343 0.343 0.29 0.29 0.301 0.301 0.259 0.259 0.259 0.258 0.258 0.241 0.241 0.219 0.219 0.219 0.1985 0.1985 0.221 0.221 0.2875 0.2875 0.293 0.293 0.293 0.3315 0.3315 0.301 0.301 0.345 0.345 0.345 0.329 0.329 0.394 0.394 0.2495 0.2495 0.2495 0.2375 0.2375 0.244 0.244 0.181 0.181 0.181 0.179
0.41 0.41 0.419 0.419 0.3835 0.3835 0.3965 0.3965 0.3965 0.4135 0.4135 0.441 0.441 0.373 0.373 0.401 0.401 0.401 0.3305 0.3305 0.331 0.331 0.319 0.319 0.319 0.3235 0.3235 0.352 0.352 0.343 0.343 0.343 0.29 0.29 0.301 0.301 0.259 0.259 0.259 0.258 0.258 0.241 0.241 0.219 0.219 0.219 0.1985 0.1985 0.221 0.221 0.2875 0.2875 0.293 0.293 0.293 0.3315 0.3315 0.301 0.301 0.345 0.345 0.345 0.329 0.329 0.394 0.394 0.2495 0.2495 0.2495 0.2375 0.2375 0.244 0.244 0.181 0.181 0.181 0.179
0.4535 0.4535 0.4525 0.4525 0.416 0.416 0.3845 0.3845 0.3845 0.454 0.454 0.447 0.447 0.44 0.44 0.3975 0.3975 0.3975 0.3785 0.3785 0.3805 0.3805 0.3565 0.3565 0.3565 0.325 0.325 0.3335 0.3335 0.327 0.327 0.327 0.3445 0.3445 0.3255 0.3255 0.3195 0.3195 0.3195 0.311 0.311 0.284 0.284 0.3135 0.3135 0.3135 0.2705 0.2705 0.2685 0.2685 0.267 0.267 0.2925 0.2925 0.2925 0.3215 0.3215 0.34 0.34 0.3825 0.3825 0.3825 0.3975 0.3975 0.3735 0.3735 0.261 0.261 0.261 0.2675 0.2675 0.256 0.256 0.225 0.225 0.225 0.223
0.4535 0.4535 0.4525 0.4525 0.416 0.416 0.3845 0.3845 0.3845 0.454 0.454 0.447 0.447 0.44 0.44 0.3975 0.3975 0.3975 0.3785 0.3785 0.3805 0.3805 0.3565 0.3565 0.3565 0.325 0.325 0.3335 0.3335 0.327 0.327 0.327 0.3445 0.3445 0.3255 0.3255 0.3195 0.3195 0.3195 0.311 0.311 0.284 0.284 0.3135 0.3135 0.3135 0.2705 0.2705 0.2685 0.2685 0.267 0.267 0.2925 0.2925 0.2925 0.3215 0.3215 0.34 0.34 0.3825 0.3825 0.3825 0.3975 0.3975 0.3735 0.3735 0.261 0.261 0.261 0.2675 0.2675 0.256 0.256 0.225 0.225 0.225 0.223
0.4535 0.4535 0.4525 0.4525 0.416 0.416 0.3845 0.3845 0.3845 0.454 0.454 0.447 0.447 0.44 0.44 0.3975 0.3975 0.3975 0.3785 0.3785 0.3805 0.3805 0.3565 0.3565 0.3565 0.325 0.325 0.3335 0.3335 0.327 0.327 0.327 0.3445 0.3445 0.3255 0.3255 0.3195 0.3195 0.3195 0.311 0.311 0.284 0.284 0.3135 0.3135 0.3135 0.2705 0.2705 0.2685 0.2685 0.267 0.267 0.2925 0.2925 0.2925 0.3215 0.3215 0.34 0.34 0.3825 0.3825 0.3825 0.3975 0.3975 0.3735 0.3735 0.261 0.261 0.261 0.2675 0.2675 0.256 0.256 0.225 0.225 0.225 0.223
0.5045 0.5045 0.4985 0.4985 0.4265 0.4265 0.375 0.375 0.375 0.424 0.424 0.396 0.396 0.378 0.378 0.389 0.389 0.389 0.3985 0.3985 0.3945 0.3945 0.387 0.387 0.387 0.3735 0.3735 0.33 0.33 0.319 0.319 0.319 0.3545 0.3545 0.3355 0.3355 0.355 0.355 0.355 0.3265 0.3265 0.3265 0.3265 0.3515 0.3515 0.3515 0.338 0.338 0.2975 0.2975 0.2815 0.2815 0.306 0.306 0.306 0.314 0.314 0.374 0.374 0.3945 0.3945 0.3945 0.414 0.414 0.414 0.414 0.389 0.389 0.389 0.3025 0.3025 0.271 0.271 0.2305 0.2305 0.2305 0.22
0.5045 0.5045 0.4985 0.4985 0.4265 0.4265 0.375 0.375 0.375 0.424 0.424 0.396 0.396 0.378 0.378 0.389 0.389 0.389 0.3985 0.3985 0.3945 0.3945 0.387 0.387 0.387 0.3735 0.3735 0.33 0.33 0.319 0.319 0.319 0.3545 0.3545 0.3355 0.3355 0.355 0.355 0.355 0.3265 0.3265 0.3265 0.3265 0.3515 0.3515 0.3515 0.338 0.338 0.2975 0.2975 0.2815 0.2815 0.306 0.306 0.306 0.314 0.314 0.374 0.374 0.3945 0.3945 0.3945 0.414 0.414 0.414 0.414 0.389 0.389 0.389 0.3025 0.3025 0.271 0.271 0.2305 0.2305 0.2305 0.22
0.461 0.461 0.481 0.481 0.4255 0.4255 0.3955 0.3955 0.3955 0.391 0.391 0.4345 0.4345 0.446 0.446 0.417 0.417 0.417 0.3845 0.3845 0.408 0.408 0.335 0.335 0.335 0.378 0.378 0.391 0.391 0.347 0.347 0.347 0.4 0.4 0.395 0.395 0.3865 0.3865 0.3865 0.3705 0.3705 0.333 0.333 0.4055 0.4055 0.4055 0.45 0.45 0.369 0.369 0.335 0.335 0.3475 0.3475 0.3475 0.302 0.302 0.3515 0.3515 0.3925 0.3925 0.3925 0.4075 0.4075 0.3845 0.3845 0.385 0.385 0.385 0.373 0.373 0.3915 0.3915 0.327 0.327 0.327 0.276
0.461 0.461 0.481 0.481 0.4255 0.4255 0.3955 0.3955 0.3955 0.391 0.391 0.4345 0.4345 0.446 0.446 0.417 0.417 0.417 0.3845 0.3845 0.408 0.408 0.335 0.335 0.335 0.378 0.378 0.391 0.391 0.347 0.347 0.347 0.4 0.4 0.395 0.395 0.3865 0.3865 0.3865 0.3705 0.3705 0.333 0.333 0.4055 0.4055 0.4055 0.45 0.45 0.369 0.369 0.335 0.335 0.3475 0.3475 0.3475 0.302 0.302 0.3515 0.3515 0.3925 0.3925 0.3925 0.4075 0.4075 0.3845 0.3845 0.385 0.385 0.385 0.373 0.373 0.3915 0.3915 0.327 0.327 0.327 0.276
0.467 0.467 0.4685 0.4685 0.4425 0.4425 0.427 0.427 0.427 0.429 0.429 0.462 0.462 0.3945 0.3945 0.388 0.388 0.388 0.399 0.399 0.4075 0.4075 0.4685 0.4685 0.4685 0.375 0.375 0.3725 0.3725 0.4045 0.4045 0.4045 0.4385 0.4385 0.415 0.415 0.4175 0.4175 0.4175 0.4195 0.4195 0.453 0.453 0.4195 0.4195 0.4195 0.4385 0.4385 0.406 0.406 0.37 0.37 0.363 0.363 0.363 0.366 0.366 0.336 0.336 0.3655 0.3655 0.3655 0.3705 0.3705 0.401 0.401 0.3955 0.3955 0.3955 0.4075 0.4075 0.367 0.367 0.3375 0.3375 0.3375 0.31
0.467 0.467 0.4685 0.4685 0.4425 0.4425 0.427 0.427 0.427 0.429 0.429 0.462 0.462 0.3945 0.3945 0.388 0.388 0.388 0.399 0.399 0.4075 0.4075 0.4685 0.4685 0.4685 0.375 0.375 0.3725 0.3725 0.4045 0.4045 0.4045 0.4385 0.4385 0.415 0.415 0.4175 0.4175 0.4175 0.4195 0.4195 0.453 0.453 0.4195 0.4195 0.4195 0.4385 0.4385 0.406 0.406 0.37 0.37 0.363 0.363 0.363 0.366 0.366 0.336 0.336 0.3655 0.3655 0.3655 0.3705 0.3705 0.401 0.401 0.3955 0.3955 0.3955 0.4075 0.4075 0.367 0.367 0.3375 0.3375 0.3375 0.31
0.467 0.467 0.4685 0.4685 0.4425 0.4425 0.427 0.427 0.427 0.429 0.429 0.462 0.462 0.3945 0.3945 0.388 0.388 0.388 0.399 0.399 0.4075 0.4075 0.4685 0.4685 0.4685 0.375 0.375 0.3725 0.3725 0.4045 0.4045 0.4045 0.4385 0.4385 0.415 0.415 0.4175 0.4175 0.4175 0.4195 0.4195 0.453 0.453 0.4195 0.4195 0.4195 0.4385 0.4385 0.406 0.406 0.37 0.37 0.363 0.363 0.363 0.366 0.366 0.336 0.336 0.3655 0.3655 0.3655 0.3705 0.3705 0.401 0.401 0.3955 0.3955 0.3955 0.4075 0.4075 0.367 0.367 0.3375 0.3375 0.3375 0.31
0.4455 0.4455 0.458 0.458 0.396 0.396 0.47 0.47 0.47 0.518 0.518 0.431 0.431 0.389 0.389 0.4015 0.4015 0.4015 0.3495 0.3495 0.3895 0.3895 0.393 0.393 0.393 0.415 0.415 0.454 0.454 0.467 0.467 0.467 0.4825 0.4825 0.4355 0.4355 0.454 0.454 0.454 0.492 0.492 0.429 0.429 0.444 0.444 0.444 0.4485 0.4485 0.4495 0.4495 0.5 0.5 0.4515 0.4515 0.4515 0.4095 0.4095 0.376 0.376 0.3805 0.3805 0.3805 0.3435 0.3435 0.335 0.335 0.421 0.421 0.421 0.4515 0.4515 0.366 0.366 0.3195 0.3195 0.3195 0.4195
0.4455 0.4455 0.458 0.458 0.396 0.396 0.47 0.47 0.47 0.518 0.518 0.431 0.431 0.389 0.389 0.4015 0.4015 0.4015 0.3495 0.3495 0.3895 0.3895 0.393 0.393 0.393 0.415 0.415 0.454 0.454 0.467 0.467 0.467 0.4825 0.4825 0.4355 0.4355 0.454 0.454 0.454 0.492 0.492 0.429 0.429 0.444 0.444 0.444 0.4485 0.4485 0.4495 0.4495 0.5 0.5 0.4515 0.4515 0.4515 0.4095 0.4095 0.376 0.376 0.3805 0.3805 0.3805 0.3435 0.3435 0.335 0.335 0.421 0.421 0.421 0.4515 0.4515 0.366 0.366 0.3195 0.3195 0.3195 0.4195
0.4125 0.4125 0.4455 0.4455 0.4385 0.4385 0.403 0.403 0.403 0.438 0.438 0.4135 0.4135 0.3845 0.3845 0.4215 0.4215 0.4215 0.426 0.426 0.441 0.441 0.3895 0.3895 0.3895 0.43 0.43 0.4765 0.4765 0.484 0.484 0.484 0.455 0.455 0.4795 0.4795 0.4675 0.4675 0.4675 0.523 0.523 0.476 0.476 0.491 0.491 0.491 0.5025 0.5025 0.478 0.478 0.531 0.531 0.518 0.518 0.518 0.493 0.493 0.428 0.428 0.395 0.395 0.395 0.372 0.372 0.3675 0.3675 0.416 0.416 0.416 0.534 0.534 0.5425 0.5425 0.516 0.516 0.516 0.4205
0.4125 0.4125 0.4455 0.4455 0.4385 0.4385 0.403 0.403 0.403 0.438 0.438 0.4135 0.4135 0.3845 0.3845 0.4215 0.4215 0.4215 0.426 0.426 0.441 0.441 0.3895 0.3895 0.3895 0.43 0.43 0.4765 0.4765 0.484 0.484 0.484 0.455 0.455 0.4795 0.4795 0.4675 0.4675 0.4675 0.523 0.523 0.476 0.476 0.491 0.491 0.491 0.5025 0.5025 0.478 0.478 0.531 0.531 0.518 0.518 0.518 0.493 0.493 0.428 0.428 0.395 0.395 0.395 0.372 0.372 0.3675 0.3675 0.416 0.416 0.416 0.534 0.534 0.5425 0.5425 0.516 0.516 0.516 0.4205
0.4495 0.4495 0.42 0.42 0.4515 0.4515 0.472 0.472 0.472 0.422 0.422 0.4165 0.4165 0.3905 0.3905 0.4465 0.4465 0.4465 0.45 0.45 0.455 0.455 0.462 0.462 0.462 0.452 0.452 0.483 0.483 0.4715 0.4715 0.4715 0.5135 0.5135 0.5175 0.5175 0.5115 0.5115 0.5115 0.5195 0.5195 0.52 0.52 0.5455 0.5455 0.5455 0.5515 0.5515 0.575 0.575 0.535 0.535 0.555 0.555 0.555 0.464 0.464 0.4275 0.4275 0.428 0.428 0.428 0.402 0.402 0.38 0.38 0.4535 0.4535 0.4535 0.4955 0.4955 0.49 0.49 0.467 0.467 0.467 0.465
