ndvi/NOAA-248.asc
ncols         252
nrows         154
xllcorner     -18.017974
yllcorner     13.481982
cellsize      0.035948
NODATA_value  -9999
[rows 102 to 135 of 154, columns 156 to 233 of 252]
0.26 0.235 0.235 0.235 0.227 0.227 0.236 0.236 0.2515 0.2515 0.2575 0.2575 0.2575 0.2565 0.2565 0.258 0.258 0.243 0.243 0.243 0.253 0.253 0.23 0.23 0.247 0.247 0.247 0.251 0.251 0.224 0.224 0.265 0.265 0.265 0.263 0.263 0.272 0.272 0.339 0.339 0.339 0.301 0.301 0.2865 0.2865 0.282 0.282 0.2455 0.2455 0.2455 0.248 0.248 0.2975 0.2975 0.3125 0.3125 0.3125 0.3195 0.3195 0.324 0.324 0.3095 0.3095 0.3095 0.3075 0.3075 0.267 0.267 0.245 0.245 0.245 0.2465 0.2465 0.2415 0.2415 0.239 0.239 0.239
0.263 0.26 0.26 0.26 0.239 0.239 0.2525 0.2525 0.292 0.292 0.2745 0.2745 0.2745 0.2285 0.2285 0.238 0.238 0.2435 0.2435 0.2435 0.241 0.241 0.2695 0.2695 0.2805 0.2805 0.2805 0.253 0.253 0.251 0.251 0.273 0.273 0.273 0.27 0.27 0.293 0.293 0.2645 0.2645 0.2645 0.321 0.321 0.2925 0.2925 0.2945 0.2945 0.301 0.301 0.301 0.3325 0.3325 0.385 0.385 0.3725 0.3725 0.3725 0.2895 0.2895 0.311 0.311 0.2875 0.2875 0.2875 0.2855 0.2855 0.286 0.286 0.264 0.264 0.264 0.2435 0.2435 0.249 0.249 0.2605 0.2605 0.2605
0.263 0.26 0.26 0.26 0.239 0.239 0.2525 0.2525 0.292 0.292 0.2745 0.2745 0.2745 0.2285 0.2285 0.238 0.238 0.2435 0.2435 0.2435 0.241 0.241 0.2695 0.2695 0.2805 0.2805 0.2805 0.253 0.253 0.251 0.251 0.273 0.273 0.273 0.27 0.27 0.293 0.293 0.2645 0.2645 0.2645 0.321 0.321 0.2925 0.2925 0.2945 0.2945 0.301 0.301 0.301 0.3325 0.3325 0.385 0.385 0.3725 0.3725 0.3725 0.2895 0.2895 0.311 0.311 0.2875 0.2875 0.2875 0.2855 0.2855 0.286 0.286 0.264 0.264 0.264 0.2435 0.2435 0.249 0.249 0.2605 0.2605 0.2605
0.263 0.26 0.26 0.26 0.239 0.239 0.2525 0.2525 0.292 0.292 0.2745 0.2745 0.2745 0.2285 0.2285 0.238 0.238 0.2435 0.2435 0.2435 0.241 0.241 0.2695 0.2695 0.2805 0.2805 0.2805 0.253 0.253 0.251 0.251 0.273 0.273 0.273 0.27 0.27 0.293 0.293 0.2645 0.2645 0.2645 0.321 0.321 0.2925 0.2925 0.2945 0.2945 0.301 0.301 0.301 0.3325 0.3325 0.385 0.385 0.3725 0.3725 0.3725 0.2895 0.2895 0.311 0.311 0.2875 0.2875 0.2875 0.2855 0.2855 0.286 0.286 0.264 0.264 0.264 0.2435 0.2435 0.249 0.249 0.2605 0.2605 0.2605
0.278 0.295 0.295 0.295 0.2535 0.2535 0.2815 0.2815 0.31 0.31 0.2655 0.2655 0.2655 0.272 0.272 0.2255 0.2255 0.243 0.243 0.243 0.249 0.249 0.295 0.295 0.3065 0.3065 0.3065 0.3215 0.3215 0.315 0.315 0.3005 0.3005 0.3005 0.295 0.295 0.293 0.293 0.3255 0.3255 0.3255 0.3015 0.3015 0.2755 0.2755 0.272 0.272 0.3105 0.3105 0.3105 0.414 0.414 0.482 0.482 0.4005 0.4005 0.4005 0.3625 0.3625 0.3245 0.3245 0.337 0.337 0.337 0.2845 0.2845 0.257 0.257 0.263 0.263 0.263 0.2465 0.2465 0.28 0.28 0.2895 0.2895 0.2895
0.278 0.295 0.295 0.295 0.2535 0.2535 0.2815 0.2815 0.31 0.31 0.2655 0.2655 0.2655 0.272 0.272 0.2255 0.2255 0.243 0.243 0.243 0.249 0.249 0.295 0.295 0.3065 0.3065 0.3065 0.3215 0.3215 0.315 0.315 0.3005 0.3005 0.3005 0.295 0.295 0.293 0.293 0.3255 0.3255 0.3255 0.3015 0.3015 0.2755 0.2755 0.272 0.272 0.3105 0.3105 0.3105 0.414 0.414 0.482 0.482 0.4005 0.4005 0.4005 0.3625 0.3625 0.3245 0.3245 0.337 0.337 0.337 0.2845 0.2845 0.257 0.257 0.263 0.263 0.263 0.2465 0.2465 0.28 0.28 0.2895 0.2895 0.2895
0.289 0.332 0.332 0.332 0.35 0.35 0.3175 0.3175 0.2925 0.2925 0.2805 0.2805 0.2805 0.281 0.281 0.316 0.316 0.2905 0.2905 0.2905 0.3125 0.3125 0.3555 0.3555 0.3435 0.3435 0.3435 0.3645 0.3645 0.338 0.338 0.3495 0.3495 0.3495 0.333 0.333 0.3365 0.3365 0.313 0.313 0.313 0.35 0.35 0.333 0.333 0.3165 0.3165 0.3895 0.3895 0.3895 0.47 0.47 0.5615 0.5615 0.462 0.462 0.462 0.4055 0.4055 0.3285 0.3285 0.338 0.338 0.338 0.3385 0.3385 0.3025 0.3025 0.3015 0.3015 0.3015 0.3005 0.3005 0.312 0.312 0.354 0.354 0.354
0.289 0.332 0.332 0.332 0.35 0.35 0.3175 0.3175 0.2925 0.2925 0.2805 0.2805 0.2805 0.281 0.281 0.316 0.316 0.2905 0.2905 0.2905 0.3125 0.3125 0.3555 0.3555 0.3435 0.3435 0.3435 0.3645 0.3645 0.338 0.338 0.3495 0.3495 0.3495 0.333 0.333 0.3365 0.3365 0.313 0.313 0.313 0.35 0.35 0.333 0.333 0.3165 0.3165 0.3895 0.3895 0.3895 0.47 0.47 0.5615 0.5615 0.462 0.462 0.462 0.4055 0.4055 0.3285 0.3285 0.338 0.338 0.338 0.3385 0.3385 0.3025 0.3025 0.3015 0.3015 0.3015 0.3005 0.3005 0.312 0.312 0.354 0.354 0.354
0.3005 0.318 0.318 0.318 0.319 0.319 0.288 0.288 0.271 0.271 0.269 0.269 0.269 0.265 0.265 0.305 0.305 0.3415 0.3415 0.3415 0.3575 0.3575 0.388 0.388 0.3825 0.3825 0.3825 0.4215 0.4215 0.3575 0.3575 0.369 0.369 0.369 0.3345 0.3345 0.3455 0.3455 0.3205 0.3205 0.3205 0.36 0.36 0.3425 0.3425 0.3995 0.3995 0.4705 0.4705 0.4705 0.505 0.505 0.5301 0.5301 0.466 0.466 0.466 0.406 0.406 0.3675 0.3675 0.3755 0.3755 0.3755 0.3235 0.3235 0.307 0.307 0.329 0.329 0.329 0.3525 0.3525 0.4095 0.4095 0.468 0.468 0.468
0.3005 0.318 0.318 0.318 0.319 0.319 0.288 0.288 0.271 0.271 0.269 0.269 0.269 0.265 0.265 0.305 0.305 0.3415 0.3415 0.3415 0.3575 0.3575 0.388 0.388 0.3825 0.3825 0.3825 0.4215 0.4215 0.3575 0.3575 0.369 0.369 0.369 0.3345 0.3345 0.3455 0.3455 0.3205 0.3205 0.3205 0.36 0.36 0.3425 0.3425 0.3995 0.3995 0.4705 0.4705 0.4705 0.505 0.505 0.5301 0.5301 0.466 0.466 0.466 0.406 0.406 0.3675 0.3675 0.3755 0.3755 0.3755 0.3235 0.3235 0.307 0.307 0.329 0.329 0.329 0.3525 0.3525 0.4095 0.4095 0.468 0.468 0.468
0.3005 0.318 0.318 0.318 0.319 0.319 0.288 0.288 0.271 0.271 0.269 0.269 0.269 0.265 0.265 0.305 0.305 0.3415 0.3415 0.3415 0.3575 0.3575 0.388 0.388 0.3825 0.3825 0.3825 0.4215 0.4215 0.3575 0.3575 0.369 0.369 0.369 0.3345 0.3345 0.3455 0.3455 0.3205 0.3205 0.3205 0.36 0.36 0.3425 0.3425 0.3995 0.3995 0.4705 0.4705 0.4705 0.505 0.505 0.5301 0.5301 0.466 0.466 0.466 0.406 0.406 0.3675 0.3675 0.3755 0.3755 0.3755 0.3235 0.3235 0.307 0.307 0.329 0.329 0.329 0.3525 0.3525 0.4095 0.4095 0.468 0.468 0.468
0.3235 0.3265 0.3265 0.3265 0.2925 0.2925 0.285 0.285 0.3145 0.3145 0.2975 0.2975 0.2975 0.362 0.362 0.375 0.375 0.379 0.379 0.379 0.386 0.386 0.39 0.39 0.4145 0.4145 0.4145 0.399 0.399 0.444 0.444 0.389 0.389 0.389 0.3535 0.3535 0.338 0.338 0.3315 0.3315 0.3315 0.3615 0.3615 0.3935 0.3935 0.4855 0.4855 0.5261 0.5261 0.5261 0.5316 0.5316 0.476 0.476 0.487 0.487 0.487 0.431 0.431 0.3885 0.3885 0.3735 0.3735 0.3735 0.372 0.372 0.335 0.335 0.4145 0.4145 0.4145 0.494 0.494 0.495 0.495 0.4445 0.4445 0.4445
0.3235 0.3265 0.3265 0.3265 0.2925 0.2925 0.285 0.285 0.3145 0.3145 0.2975 0.2975 0.2975 0.362 0.362 0.375 0.375 0.379 0.379 0.379 0.386 0.386 0.39 0.39 0.4145 0.4145 0.4145 0.399 0.399 0.444 0.444 0.389 0.389 0.389 0.3535 0.3535 0.338 0.338 0.3315 0.3315 0.3315 0.3615 0.3615 0.3935 0.3935 0.4855 0.4855 0.5261 0.5261 0.5261 0.5316 0.5316 0.476 0.476 0.487 0.487 0.487 0.431 0.431 0.3885 0.3885 0.3735 0.3735 0.3735 0.372 0.372 0.335 0.335 0.4145 0.4145 0.4145 0.494 0.494 0.495 0.495 0.4445 0.4445 0.4445
0.329 0.328 0.328 0.328 0.284 0.284 0.291 0.291 0.3105 0.3105 0.3335 0.3335 0.3335 0.365 0.365 0.3845 0.3845 0.3765 0.3765 0.3765 0.407 0.407 0.4535 0.4535 0.4635 0.4635 0.4635 0.4095 0.4095 0.381 0.381 0.3495 0.3495 0.3495 0.315 0.315 0.299 0.299 0.3225 0.3225 0.3225 0.3735 0.3735 0.4905 0.4905 0.525 0.525 0.5781 0.5781 0.5781 0.5871 0.5871 0.51 0.51 0.515 0.515 0.515 0.466 0.466 0.4225 0.4225 0.4045 0.4045 0.4045 0.446 0.446 0.4255 0.4255 0.461 0.461 0.461 0.5165 0.5165 0.5375 0.5375 0.4735 0.4735 0.4735
0.329 0.328 0.328 0.328 0.284 0.284 0.291 0.291 0.3105 0.3105 0.3335 0.3335 0.3335 0.365 0.365 0.3845 0.3845 0.3765 0.3765 0.3765 0.407 0.407 0.4535 0.4535 0.4635 0.4635 0.4635 0.4095 0.4095 0.381 0.381 0.3495 0.3495 0.3495 0.315 0.315 0.299 0.299 0.3225 0.3225 0.3225 0.3735 0.3735 0.4905 0.4905 0.525 0.525 0.5781 0.5781 0.5781 0.5871 0.5871 0.51 0.51 0.515 0.515 0.515 0.466 0.466 0.4225 0.4225 0.4045 0.4045 0.4045 0.446 0.446 0.4255 0.4255 0.461 0.461 0.461 0.5165 0.5165 0.5375 0.5375 0.4735 0.4735 0.4735
0.373 0.3705 0.3705 0.3705 0.299 0.299 0.3145 0.3145 0.307 0.307 0.334 0.334 0.334 0.3655 0.3655 0.3755 0.3755 0.421 0.421 0.421 0.4315 0.4315 0.468 0.468 0.4145 0.4145 0.4145 0.3565 0.3565 0.3895 0.3895 0.348 0.348 0.348 0.309 0.309 0.306 0.306 0.3585 0.3585 0.3585 0.3845 0.3845 0.4281 0.4281 0.5491 0.5491 0.5536 0.5536 0.5536 0.5666 0.5666 0.4926 0.4926 0.5176 0.5176 0.5176 0.5035 0.5035 0.5161 0.5161 0.5221 0.5221 0.5221 0.5605 0.5605 0.5475 0.5475 0.5625 0.5625 0.5625 0.5535 0.5535 0.5125 0.5125 0.5215 0.5215 0.5215
0.373 0.3705 0.3705 0.3705 0.299 0.299 0.3145 0.3145 0.307 0.307 0.334 0.334 0.334 0.3655 0.3655 0.3755 0.3755 0.421 0.421 0.421 0.4315 0.4315 0.468 0.468 0.4145 0.4145 0.4145 0.3565 0.3565 0.3895 0.3895 0.348 0.348 0.348 0.309 0.309 0.306 0.306 0.3585 0.3585 0.3585 0.3845 0.3845 0.4281 0.4281 0.5491 0.5491 0.5536 0.5536 0.5536 0.5666 0.5666 0.4926 0.4926 0.5176 0.5176 0.5176 0.5035 0.5035 0.5161 0.5161 0.5221 0.5221 0.5221 0.5605 0.5605 0.5475 0.5475 0.5625 0.5625 0.5625 0.5535 0.5535 0.5125 0.5125 0.5215 0.5215 0.5215
0.373 0.3705 0.3705 0.3705 0.299 0.299 0.3145 0.3145 0.307 0.307 0.334 0.334 0.334 0.3655 0.3655 0.3755 0.3755 0.421 0.421 0.421 0.4315 0.4315 0.468 0.468 0.4145 0.4145 0.4145 0.3565 0.3565 0.3895 0.3895 0.348 0.348 0.348 0.309 0.309 0.306 0.306 0.3585 0.3585 0.3585 0.3845 0.3845 0.4281 0.4281 0.5491 0.5491 0.5536 0.5536 0.5536 0.5666 0.5666 0.4926 0.4926 0.5176 0.5176 0.5176 0.5035 0.5035 0.5161 0.5161 0.5221 0.5221 0.5221 0.5605 0.5605 0.5475 0.5475 0.5625 0.5625 0.5625 0.5535 0.5535 0.5125 0.5125 0.5215 0.5215 0.5215
0.4075 0.399 0.399 0.399 0.4075 0.4075 0.428 0.428 0.3856 0.3856 0.3975 0.3975 0.3975 0.431 0.431 0.4386 0.4386 0.4565 0.4565 0.4565 0.4335 0.4335 0.3805 0.3805 0.359 0.359 0.359 0.2925 0.2925 0.3275 0.3275 0.3755 0.3755 0.3755 0.3565 0.3565 0.4141 0.4141 0.4106 0.4106 0.4106 0.4131 0.4131 0.4915 0.4915 0.5127 0.5127 0.5482 0.5482 0.5482 0.577 0.577 0.5621 0.5621 0.508 0.508 0.508 0.4935 0.4935 0.5055 0.5055 0.5935 0.5935 0.5935 0.588 0.588 0.5795 0.5795 0.5895 0.5895 0.5895 0.5545 0.5545 0.5395 0.5395 0.5425 0.5425 0.5425
0.4075 0.399 0.399 0.399 0.4075 0.4075 0.428 0.428 0.3856 0.3856 0.3975 0.3975 0.3975 0.431 0.431 0.4386 0.4386 0.4565 0.4565 0.4565 0.4335 0.4335 0.3805 0.3805 0.359 0.359 0.359 0.2925 0.2925 0.3275 0.3275 0.3755 0.3755 0.3755 0.3565 0.3565 0.4141 0.4141 0.4106 0.4106 0.4106 0.4131 0.4131 0.4915 0.4915 0.5127 0.5127 0.5482 0.5482 0.5482 0.577 0.577 0.5621 0.5621 0.508 0.508 0.508 0.4935 0.4935 0.5055 0.5055 0.5935 0.5935 0.5935 0.588 0.588 0.5795 0.5795 0.5895 0.5895 0.5895 0.5545 0.5545 0.5395 0.5395 0.5425 0.5425 0.5425
0.3835 0.381 0.381 0.381 0.4035 0.4035 0.4651 0.4651 0.4515 0.4515 0.4425 0.4425 0.4425 0.4345 0.4345 0.434 0.434 0.4795 0.4795 0.4795 0.454 0.454 0.3445 0.3445 0.305 0.305 0.305 0.2975 0.2975 0.372 0.372 0.359 0.359 0.359 0.3721 0.3721 0.48 0.48 0.476 0.476 0.476 0.526 0.526 0.5616 0.5616 0.5437 0.5437 0.5775 0.5775 0.5775 0.6115 0.6115 0.5715 0.5715 0.4946 0.4946 0.4946 0.459 0.459 0.501 0.501 0.557 0.557 0.557 0.5615 0.5615 0.5655 0.5655 0.566 0.566 0.566 0.5575 0.5575 0.5507 0.5507 0.5225 0.5225 0.5225
0.3835 0.381 0.381 0.381 0.4035 0.4035 0.4651 0.4651 0.4515 0.4515 0.4425 0.4425 0.4425 0.4345 0.4345 0.434 0.434 0.4795 0.4795 0.4795 0.454 0.454 0.3445 0.3445 0.305 0.305 0.305 0.2975 0.2975 0.372 0.372 0.359 0.359 0.359 0.3721 0.3721 0.48 0.48 0.476 0.476 0.476 0.526 0.526 0.5616 0.5616 0.5437 0.5437 0.5775 0.5775 0.5775 0.6115 0.6115 0.5715 0.5715 0.4946 0.4946 0.4946 0.459 0.459 0.501 0.501 0.557 0.557 0.557 0.5615 0.5615 0.5655 0.5655 0.566 0.566 0.566 0.5575 0.5575 0.5507 0.5507 0.5225 0.5225 0.5225
0.4065 0.406 0.406 0.406 0.4151 0.4151 0.4726 0.4726 0.4831 0.4831 0.4585 0.4585 0.4585 0.4515 0.4515 0.434 0.434 0.4606 0.4606 0.4606 0.4746 0.4746 0.4495 0.4495 0.4475 0.4475 0.4475 0.4155 0.4155 0.4175 0.4175 0.4376 0.4376 0.4376 0.359 0.359 0.4305 0.4305 0.5231 0.5231 0.5231 0.5526 0.5526 0.5711 0.5711 0.5901 0.5901 0.5625 0.5625 0.5625 0.549 0.549 0.5265 0.5265 0.531 0.531 0.531 0.487 0.487 0.546 0.546 0.5525 0.5525 0.5525 0.4875 0.4875 0.5296 0.5296 0.5655 0.5655 0.5655 0.557 0.557 0.5145 0.5145 0.526 0.526 0.526
0.4065 0.406 0.406 0.406 0.4151 0.4151 0.4726 0.4726 0.4831 0.4831 0.4585 0.4585 0.4585 0.4515 0.4515 0.434 0.434 0.4606 0.4606 0.4606 0.4746 0.4746 0.4495 0.4495 0.4475 0.4475 0.4475 0.4155 0.4155 0.4175 0.4175 0.4376 0.4376 0.4376 0.359 0.359 0.4305 0.4305 0.5231 0.5231 0.5231 0.5526 0.5526 0.5711 0.5711 0.5901 0.5901 0.5625 0.5625 0.5625 0.549 0.549 0.5265 0.5265 0.531 0.531 0.531 0.487 0.487 0.546 0.546 0.5525 0.5525 0.5525 0.4875 0.4875 0.5296 0.5296 0.5655 0.5655 0.5655 0.557 0.557 0.5145 0.5145 0.526 0.526 0.526
0.434 0.3885 0.3885 0.3885 0.4336 0.4336 0.4331 0.4331 0.4667 0.4667 0.5055 0.5055 0.5055 0.481 0.481 0.5315 0.5315 0.479 0.479 0.479 0.509 0.509 0.521 0.521 0.4925 0.4925 0.4925 0.4255 0.4255 0.412 0.412 0.375 0.375 0.375 0.387 0.387 0.4031 0.4031 0.4895 0.4895 0.4895 0.4895 0.4895 0.577 0.577 0.571 0.571 0.595 0.595 0.595 0.5355 0.5355 0.513 0.513 0.521 0.521 0.521 0.501 0.501 0.56 0.56 0.4975 0.4975 0.4975 0.4725 0.4725 0.446 0.446 0.533 0.533 0.533 0.53 0.53 0.548 0.548 0.4855 0.4855 0.4855
0.434 0.3885 0.3885 0.3885 0.4336 0.4336 0.4331 0.4331 0.4667 0.4667 0.5055 0.5055 0.5055 0.481 0.481 0.5315 0.5315 0.479 0.479 0.479 0.509 0.509 0.521 0.521 0.4925 0.4925 0.4925 0.4255 0.4255 0.412 0.412 0.375 0.375 0.375 0.387 0.387 0.4031 0.4031 0.4895 0.4895 0.4895 0.4895 0.4895 0.577 0.577 0.571 0.571 0.595 0.595 0.595 0.5355 0.5355 0.513 0.513 0.521 0.521 0.521 0.501 0.501 0.56 0.56 0.4975 0.4975 0.4975 0.4725 0.4725 0.446 0.446 0.533 0.533 0.533 0.53 0.53 0.548 0.548 0.4855 0.4855 0.4855
0.434 0.3885 0.3885 0.3885 0.4336 0.4336 0.4331 0.4331 0.4667 0.4667 0.5055 0.5055 0.5055 0.481 0.481 0.5315 0.5315 0.479 0.479 0.479 0.509 0.509 0.521 0.521 0.4925 0.4925 0.4925 0.4255 0.4255 0.412 0.412 0.375 0.375 0.375 0.387 0.387 0.4031 0.4031 0.4895 0.4895 0.4895 0.4895 0.4895 0.577 0.577 0.571 0.571 0.595 0.595 0.595 0.5355 0.5355 0.513 0.513 0.521 0.521 0.521 0.501 0.501 0.56 0.56 0.4975 0.4975 0.4975 0.4725 0.4725 0.446 0.446 0.533 0.533 0.533 0.53 0.53 0.548 0.548 0.4855 0.4855 0.4855
0.4451 0.424 0.424 0.424 0.4295 0.4295 0.4665 0.4665 0.5011 0.5011 0.5171 0.5171 0.5171 0.5036 0.5036 0.479 0.479 0.502 0.502 0.502 0.5495 0.5495 0.5595 0.5595 0.5965 0.5965 0.5965 0.6016 0.6016 0.477 0.477 0.4055 0.4055 0.4055 0.4601 0.4601 0.4915 0.4915 0.5585 0.5585 0.5585 0.5945 0.5945 0.641 0.641 0.587 0.587 0.5875 0.5875 0.5875 0.537 0.537 0.5015 0.5015 0.4945 0.4945 0.4945 0.554 0.554 0.551 0.551 0.5115 0.5115 0.5115 0.573 0.573 0.5715 0.5715 0.581 0.581 0.581 0.538 0.538 0.5755 0.5755 0.568 0.568 0.568
0.4451 0.424 0.424 0.424 0.4295 0.4295 0.4665 0.4665 0.5011 0.5011 0.5171 0.5171 0.5171 0.5036 0.5036 0.479 0.479 0.502 0.502 0.502 0.5495 0.5495 0.5595 0.5595 0.5965 0.5965 0.5965 0.6016 0.6016 0.477 0.477 0.4055 0.4055 0.4055 0.4601 0.4601 0.4915 0.4915 0.5585 0.5585 0.5585 0.5945 0.5945 0.641 0.641 0.587 0.587 0.5875 0.5875 0.5875 0.537 0.537 0.5015 0.5015 0.4945 0.4945 0.4945 0.554 0.554 0.551 0.551 0.5115 0.5115 0.5115 0.573 0.573 0.5715 0.5715 0.581 0.581 0.581 0.538 0.538 0.5755 0.5755 0.568 0.568 0.568
0.5641 0.4951 0.4951 0.4951 0.4895 0.4895 0.5236 0.5236 0.501 0.501 0.5015 0.5015 0.5015 0.5256 0.5256 0.486 0.486 0.4976 0.4976 0.4976 0.5435 0.5435 0.5751 0.5751 0.636 0.636 0.636 0.6111 0.6111 0.607 0.607 0.5855 0.5855 0.5855 0.605 0.605 0.5641 0.5641 0.6235 0.6235 0.6235 0.65 0.65 0.6720001 0.6720001 0.6625 0.6625 0.69 0.69 0.69 0.671 0.671 0.668 0.668 0.686 0.686 0.686 0.657 0.657 0.5945 0.5945 0.576 0.576 0.576 0.5635 0.5635 0.584 0.584 0.572 0.572 0.572 0.599 0.599 0.6035 0.6035 0.5985 0.5985 0.5985
0.5641 0.4951 0.4951 0.4951 0.4895 0.4895 0.5236 0.5236 0.501 0.501 0.5015 0.5015 0.5015 0.5256 0.5256 0.486 0.486 0.4976 0.4976 0.4976 0.5435 0.5435 0.5751 0.5751 0.636 0.636 0.636 0.6111 0.6111 0.607 0.607 0.5855 0.5855 0.5855 0.605 0.605 0.5641 0.5641 0.6235 0.6235 0.6235 0.65 0.65 0.6720001 0.6720001 0.6625 0.6625 0.69 0.69 0.69 0.671 0.671 0.668 0.668 0.686 0.686 0.686 0.657 0.657 0.5945 0.5945 0.576 0.576 0.576 0.5635 0.5635 0.584 0.584 0.572 0.572 0.572 0.599 0.599 0.6035 0.6035 0.5985 0.5985 0.5985
0.5266 0.5476 0.5476 0.5476 0.5011 0.5011 0.5057 0.5057 0.5241 0.5241 0.5505 0.5505 0.5505 0.546 0.546 0.5172 0.5172 0.573 0.573 0.573 0.5650001 0.5650001 0.658 0.658 0.6885 0.6885 0.6885 0.6715 0.6715 0.644 0.644 0.5945 0.5945 0.5945 0.612 0.612 0.614 0.614 0.5925 0.5925 0.5925 0.6195 0.6195 0.6195 0.6195 0.6485 0.6485 0.6935 0.6935 0.6935 0.672 0.672 0.6725 0.6725 0.651 0.651 0.651 0.6395 0.6395 0.6205 0.6205 0.6005 0.6005 0.6005 0.595 0.595 0.5945 0.5945 0.6165 0.6165 0.6165 0.603 0.603 0.6085 0.6085 0.6065 0.6065 0.6065
0.5266 0.5476 0.5476 0.5476 0.5011 0.5011 0.5057 0.5057 0.5241 0.5241 0.5505 0.5505 0.5505 0.546 0.546 0.5172 0.5172 0.573 0.573 0.573 0.5650001 0.5650001 0.658 0.658 0.6885 0.6885 0.6885 0.6715 0.6715 0.644 0.644 0.5945 0.5945 0.5945 0.612 0.612 0.614 0.614 0.5925 0.5925 0.5925 0.6195 0.6195 0.6195 0.6195 0.6485 0.6485 0.6935 0.6935 0.6935 0.672 0.672 0.6725 0.6725 0.651 0.651 0.651 0.6395 0.6395 0.6205 0.6205 0.6005 0.6005 0.6005 0.595 0.595 0.5945 0.5945 0.6165 0.6165 0.6165 0.603 0.603 0.6085 0.6085 0.6065 0.6065 0.6065
0.5266 0.5476 0.5476 0.5476 0.5011 0.5011 0.5057 0.5057 0.5241 0.5241 0.5505 0.5505 0.5505 0.546 0.546 0.5172 0.5172 0.573 0.573 0.573 0.5650001 0.5650001 0.658 0.658 0.6885 0.6885 0.6885 0.6715 0.6715 0.644 0.644 0.5945 0.5945 0.5945 0.612 0.612 0.614 0.614 0.5925 0.5925 0.5925 0.6195 0.6195 0.6195 0.6195 0.6485 0.6485 0.6935 0.6935 0.6935 0.672 0.672 0.6725 0.6725 0.651 0.651 0.651 0.6395 0.6395 0.6205 0.6205 0.6005 0.6005 0.6005 0.595 0.595 0.5945 0.5945 0.6165 0.6165 0.6165 0.603 0.603 0.6085 0.6085 0.6065 0.6065 0.6065
