ndvi/NOAA-195.asc
ncols         252
nrows         154
xllcorner     -18.017974
yllcorner     13.481982
cellsize      0.035948
NODATA_value  -9999
[rows 102 to 135 of 154, columns 77 to 153 of 252]
0.1835 0.1835 0.1895 0.1895 0.2125 0.2125 0.212 0.212 0.212 0.2235 0.2235 0.2045 0.2045 0.2005 0.2005 0.205 0.205 0.205 0.2135 0.2135 0.2085 0.2085 0.208 0.208 0.208 0.1895 0.1895 0.207 0.207 0.212 0.212 0.212 0.2175 0.2175 0.2305 0.2305 0.239 0.239 0.239 0.2395 0.2395 0.2465 0.2465 0.2445 0.2445 0.2445 0.2445 0.2445 0.244 0.244 0.25 0.25 0.2425 0.2425 0.2425 0.2555 0.2555 0.218 0.218 0.2185 0.2185 0.2185 0.2135 0.2135 0.226 0.226 0.24 0.24 0.24 0.2435 0.2435 0.2185 0.2185 0.2115 0.2115 0.2115 0.2095
0.211 0.211 0.214 0.214 0.2215 0.2215 0.214 0.214 0.214 0.21 0.21 0.2085 0.2085 0.187 0.187 0.2025 0.2025 0.2025 0.2025 0.2025 0.199 0.199 0.185 0.185 0.185 0.2065 0.2065 0.202 0.202 0.207 0.207 0.207 0.2225 0.2225 0.2385 0.2385 0.245 0.245 0.245 0.24 0.24 0.241 0.241 0.2445 0.2445 0.2445 0.234 0.234 0.2465 0.2465 0.2415 0.2415 0.251 0.251 0.251 0.2285 0.2285 0.2305 0.2305 0.213 0.213 0.213 0.2315 0.2315 0.2235 0.2235 0.224 0.224 0.224 0.225 0.225 0.2015 0.2015 0.2095 0.2095 0.2095 0.203
0.211 0.211 0.214 0.214 0.2215 0.2215 0.214 0.214 0.214 0.21 0.21 0.2085 0.2085 0.187 0.187 0.2025 0.2025 0.2025 0.2025 0.2025 0.199 0.199 0.185 0.185 0.185 0.2065 0.2065 0.202 0.202 0.207 0.207 0.207 0.2225 0.2225 0.2385 0.2385 0.245 0.245 0.245 0.24 0.24 0.241 0.241 0.2445 0.2445 0.2445 0.234 0.234 0.2465 0.2465 0.2415 0.2415 0.251 0.251 0.251 0.2285 0.2285 0.2305 0.2305 0.213 0.213 0.213 0.2315 0.2315 0.2235 0.2235 0.224 0.224 0.224 0.225 0.225 0.2015 0.2015 0.2095 0.2095 0.2095 0.203
0.211 0.211 0.214 0.214 0.2215 0.2215 0.214 0.214 0.214 0.21 0.21 0.2085 0.2085 0.187 0.187 0.2025 0.2025 0.2025 0.2025 0.2025 0.199 0.199 0.185 0.185 0.185 0.2065 0.2065 0.202 0.202 0.207 0.207 0.207 0.2225 0.2225 0.2385 0.2385 0.245 0.245 0.245 0.24 0.24 0.241 0.241 0.2445 0.2445 0.2445 0.234 0.234 0.2465 0.2465 0.2415 0.2415 0.251 0.251 0.251 0.2285 0.2285 0.2305 0.2305 0.213 0.213 0.213 0.2315 0.2315 0.2235 0.2235 0.224 0.224 0.224 0.225 0.225 0.2015 0.2015 0.2095 0.2095 0.2095 0.203
0.2095 0.2095 0.208 0.208 0.2145 0.2145 0.222 0.222 0.222 0.1985 0.1985 0.208 0.208 0.2095 0.2095 0.192 0.192 0.192 0.1925 0.1925 0.195 0.195 0.2115 0.2115 0.2115 0.227 0.227 0.235 0.235 0.2215 0.2215 0.2215 0.2305 0.2305 0.2235 0.2235 0.2315 0.2315 0.2315 0.2305 0.2305 0.233 0.233 0.2555 0.2555 0.2555 0.239 0.239 0.246 0.246 0.243 0.243 0.2475 0.2475 0.2475 0.247 0.247 0.228 0.228 0.225 0.225 0.225 0.2285 0.2285 0.2035 0.2035 0.219 0.219 0.219 0.2235 0.2235 0.1985 0.1985 0.2165 0.2165 0.2165 0.212
0.2095 0.2095 0.208 0.208 0.2145 0.2145 0.222 0.222 0.222 0.1985 0.1985 0.208 0.208 0.2095 0.2095 0.192 0.192 0.192 0.1925 0.1925 0.195 0.195 0.2115 0.2115 0.2115 0.227 0.227 0.235 0.235 0.2215 0.2215 0.2215 0.2305 0.2305 0.2235 0.2235 0.2315 0.2315 0.2315 0.2305 0.2305 0.233 0.233 0.2555 0.2555 0.2555 0.239 0.239 0.246 0.246 0.243 0.243 0.2475 0.2475 0.2475 0.247 0.247 0.228 0.228 0.225 0.225 0.225 0.2285 0.2285 0.2035 0.2035 0.219 0.219 0.219 0.2235 0.2235 0.1985 0.1985 0.2165 0.2165 0.2165 0.212
0.216 0.216 0.2175 0.2175 0.221 0.221 0.211 0.211 0.211 0.207 0.207 0.2175 0.2175 0.229 0.229 0.214 0.214 0.214 0.2275 0.2275 0.2285 0.2285 0.2225 0.2225 0.2225 0.2405 0.2405 0.2275 0.2275 0.2355 0.2355 0.2355 0.2385 0.2385 0.2195 0.2195 0.231 0.231 0.231 0.2315 0.2315 0.2325 0.2325 0.2345 0.2345 0.2345 0.232 0.232 0.2445 0.2445 0.2475 0.2475 0.2485 0.2485 0.2485 0.251 0.251 0.2395 0.2395 0.239 0.239 0.239 0.246 0.246 0.25 0.25 0.2515 0.2515 0.2515 0.213 0.213 0.2205 0.2205 0.21 0.21 0.21 0.2245
0.216 0.216 0.2175 0.2175 0.221 0.221 0.211 0.211 0.211 0.207 0.207 0.2175 0.2175 0.229 0.229 0.214 0.214 0.214 0.2275 0.2275 0.2285 0.2285 0.2225 0.2225 0.2225 0.2405 0.2405 0.2275 0.2275 0.2355 0.2355 0.2355 0.2385 0.2385 0.2195 0.2195 0.231 0.231 0.231 0.2315 0.2315 0.2325 0.2325 0.2345 0.2345 0.2345 0.232 0.232 0.2445 0.2445 0.2475 0.2475 0.2485 0.2485 0.2485 0.251 0.251 0.2395 0.2395 0.239 0.239 0.239 0.246 0.246 0.25 0.25 0.2515 0.2515 0.2515 0.213 0.213 0.2205 0.2205 0.21 0.21 0.21 0.2245
0.2255 0.2255 0.2285 0.2285 0.225 0.225 0.215 0.215 0.215 0.2315 0.2315 0.227 0.227 0.251 0.251 0.2495 0.2495 0.2495 0.2325 0.2325 0.2325 0.2325 0.2435 0.2435 0.2435 0.241 0.241 0.2475 0.2475 0.243 0.243 0.243 0.2415 0.2415 0.2475 0.2475 0.237 0.237 0.237 0.2275 0.2275 0.228 0.228 0.2225 0.2225 0.2225 0.2215 0.2215 0.241 0.241 0.2485 0.2485 0.2555 0.2555 0.2555 0.263 0.263 0.2565 0.2565 0.246 0.246 0.246 0.2445 0.2445 0.241 0.241 0.2575 0.2575 0.2575 0.255 0.255 0.251 0.251 0.2045 0.2045 0.2045 0.2115
0.2255 0.2255 0.2285 0.2285 0.225 0.225 0.215 0.215 0.215 0.2315 0.2315 0.227 0.227 0.251 0.251 0.2495 0.2495 0.2495 0.2325 0.2325 0.2325 0.2325 0.2435 0.2435 0.2435 0.241 0.241 0.2475 0.2475 0.243 0.243 0.243 0.2415 0.2415 0.2475 0.2475 0.237 0.237 0.237 0.2275 0.2275 0.228 0.228 0.2225 0.2225 0.2225 0.2215 0.2215 0.241 0.241 0.2485 0.2485 0.2555 0.2555 0.2555 0.263 0.263 0.2565 0.2565 0.246 0.246 0.246 0.2445 0.2445 0.241 0.241 0.2575 0.2575 0.2575 0.255 0.255 0.251 0.251 0.2045 0.2045 0.2045 0.2115
0.2255 0.2255 0.2285 0.2285 0.225 0.225 0.215 0.215 0.215 0.2315 0.2315 0.227 0.227 0.251 0.251 0.2495 0.2495 0.2495 0.2325 0.2325 0.2325 0.2325 0.2435 0.2435 0.2435 0.241 0.241 0.2475 0.2475 0.243 0.243 0.243 0.2415 0.2415 0.2475 0.2475 0.237 0.237 0.237 0.2275 0.2275 0.228 0.228 0.2225 0.2225 0.2225 0.2215 0.2215 0.241 0.241 0.2485 0.2485 0.2555 0.2555 0.2555 0.263 0.263 0.2565 0.2565 0.246 0.246 0.246 0.2445 0.2445 0.241 0.241 0.2575 0.2575 0.2575 0.255 0.255 0.251 0.251 0.2045 0.2045 0.2045 0.2115
0.226 0.226 0.239 0.239 0.244 0.244 0.2435 0.2435 0.2435 0.243 0.243 0.23 0.23 0.235 0.235 0.237 0.237 0.237 0.244 0.244 0.256 0.256 0.248 0.248 0.248 0.248 0.248 0.243 0.243 0.246 0.246 0.246 0.2515 0.2515 0.2515 0.2515 0.2455 0.2455 0.2455 0.261 0.261 0.2465 0.2465 0.257 0.257 0.257 0.254 0.254 0.2525 0.2525 0.2605 0.2605 0.251 0.251 0.251 0.253 0.253 0.244 0.244 0.2465 0.2465 0.2465 0.2465 0.2465 0.243 0.243 0.243 0.243 0.243 0.2495 0.2495 0.2535 0.2535 0.2335 0.2335 0.2335 0.17
0.226 0.226 0.239 0.239 0.244 0.244 0.2435 0.2435 0.2435 0.243 0.243 0.23 0.23 0.235 0.235 0.237 0.237 0.237 0.244 0.244 0.256 0.256 0.248 0.248 0.248 0.248 0.248 0.243 0.243 0.246 0.246 0.246 0.2515 0.2515 0.2515 0.2515 0.2455 0.2455 0.2455 0.261 0.261 0.2465 0.2465 0.257 0.257 0.257 0.254 0.254 0.2525 0.2525 0.2605 0.2605 0.251 0.251 0.251 0.253 0.253 0.244 0.244 0.2465 0.2465 0.2465 0.2465 0.2465 0.243 0.243 0.243 0.243 0.243 0.2495 0.2495 0.2535 0.2535 0.2335 0.2335 0.2335 0.17
0.2435 0.2435 0.2495 0.2495 0.2325 0.2325 0.2495 0.2495 0.2495 0.231 0.231 0.2405 0.2405 0.2435 0.2435 0.2385 0.2385 0.2385 0.237 0.237 0.244 0.244 0.2515 0.2515 0.2515 0.2475 0.2475 0.243 0.243 0.247 0.247 0.247 0.2635 0.2635 0.257 0.257 0.2445 0.2445 0.2445 0.24 0.24 0.248 0.248 0.2575 0.2575 0.2575 0.2605 0.2605 0.268 0.268 0.2615 0.2615 0.26 0.26 0.26 0.2485 0.2485 0.247 0.247 0.259 0.259 0.259 0.2575 0.2575 0.243 0.243 0.253 0.253 0.253 0.244 0.244 0.249 0.249 0.235 0.235 0.235 0.195
0.2435 0.2435 0.2495 0.2495 0.2325 0.2325 0.2495 0.2495 0.2495 0.231 0.231 0.2405 0.2405 0.2435 0.2435 0.2385 0.2385 0.2385 0.237 0.237 0.244 0.244 0.2515 0.2515 0.2515 0.2475 0.2475 0.243 0.243 0.247 0.247 0.247 0.2635 0.2635 0.257 0.257 0.2445 0.2445 0.2445 0.24 0.24 0.248 0.248 0.2575 0.2575 0.2575 0.2605 0.2605 0.268 0.268 0.2615 0.2615 0.26 0.26 0.26 0.2485 0.2485 0.247 0.247 0.259 0.259 0.259 0.2575 0.2575 0.243 0.243 0.253 0.253 0.253 0.244 0.244 0.249 0.249 0.235 0.235 0.235 0.195
0.2315 0.2315 0.227 0.227 0.218 0.218 0.2455 0.2455 0.2455 0.2465 0.2465 0.2375 0.2375 0.2415 0.2415 0.251 0.251 0.251 0.241 0.241 0.235 0.235 0.257 0.257 0.257 0.2485 0.2485 0.246 0.246 0.2455 0.2455 0.2455 0.2445 0.2445 0.249 0.249 0.2455 0.2455 0.2455 0.25 0.25 0.254 0.254 0.258 0.258 0.258 0.254 0.254 0.2585 0.2585 0.2605 0.2605 0.2695 0.2695 0.2695 0.2675 0.2675 0.2585 0.2585 0.2645 0.2645 0.2645 0.261 0.261 0.251 0.251 0.2465 0.2465 0.2465 0.246 0.246 0.2475 0.2475 0.245 0.245 0.245 0.233
0.2315 0.2315 0.227 0.227 0.218 0.218 0.2455 0.2455 0.2455 0.2465 0.2465 0.2375 0.2375 0.2415 0.2415 0.251 0.251 0.251 0.241 0.241 0.235 0.235 0.257 0.257 0.257 0.2485 0.2485 0.246 0.246 0.2455 0.2455 0.2455 0.2445 0.2445 0.249 0.249 0.2455 0.2455 0.2455 0.25 0.25 0.254 0.254 0.258 0.258 0.258 0.254 0.254 0.2585 0.2585 0.2605 0.2605 0.2695 0.2695 0.2695 0.2675 0.2675 0.2585 0.2585 0.2645 0.2645 0.2645 0.261 0.261 0.251 0.251 0.2465 0.2465 0.2465 0.246 0.246 0.2475 0.2475 0.245 0.245 0.245 0.233
0.2315 0.2315 0.227 0.227 0.218 0.218 0.2455 0.2455 0.2455 0.2465 0.2465 0.2375 0.2375 0.2415 0.2415 0.251 0.251 0.251 0.241 0.241 0.235 0.235 0.257 0.257 0.257 0.2485 0.2485 0.246 0.246 0.2455 0.2455 0.2455 0.2445 0.2445 0.249 0.249 0.2455 0.2455 0.2455 0.25 0.25 0.254 0.254 0.258 0.258 0.258 0.254 0.254 0.2585 0.2585 0.2605 0.2605 0.2695 0.2695 0.2695 0.2675 0.2675 0.2585 0.2585 0.2645 0.2645 0.2645 0.261 0.261 0.251 0.251 0.2465 0.2465 0.2465 0.246 0.246 0.2475 0.2475 0.245 0.245 0.245 0.233
0.2325 0.2325 0.205 0.205 0.207 0.207 0.2345 0.2345 0.2345 0.239 0.239 0.244 0.244 0.2545 0.2545 0.2485 0.2485 0.2485 0.252 0.252 0.247 0.247 0.249 0.249 0.249 0.2545 0.2545 0.2415 0.2415 0.255 0.255 0.255 0.254 0.254 0.2555 0.2555 0.256 0.256 0.256 0.2645 0.2645 0.267 0.267 0.267 0.267 0.267 0.256 0.256 0.26 0.26 0.2605 0.2605 0.2635 0.2635 0.2635 0.257 0.257 0.2565 0.2565 0.2545 0.2545 0.2545 0.265 0.265 0.254 0.254 0.2515 0.2515 0.2515 0.236 0.236 0.2285 0.2285 0.2215 0.2215 0.2215 0.224
0.2325 0.2325 0.205 0.205 0.207 0.207 0.2345 0.2345 0.2345 0.239 0.239 0.244 0.244 0.2545 0.2545 0.2485 0.2485 0.2485 0.252 0.252 0.247 0.247 0.249 0.249 0.249 0.2545 0.2545 0.2415 0.2415 0.255 0.255 0.255 0.254 0.254 0.2555 0.2555 0.256 0.256 0.256 0.2645 0.2645 0.267 0.267 0.267 0.267 0.267 0.256 0.256 0.26 0.26 0.2605 0.2605 0.2635 0.2635 0.2635 0.257 0.257 0.2565 0.2565 0.2545 0.2545 0.2545 0.265 0.265 0.254 0.254 0.2515 0.2515 0.2515 0.236 0.236 0.2285 0.2285 0.2215 0.2215 0.2215 0.224
0.2405 0.2405 0.2185 0.2185 0.2305 0.2305 0.2265 0.2265 0.2265 0.255 0.255 0.2315 0.2315 0.2275 0.2275 0.225 0.225 0.225 0.2455 0.2455 0.2535 0.2535 0.254 0.254 0.254 0.258 0.258 0.251 0.251 0.256 0.256 0.256 0.2555 0.2555 0.2565 0.2565 0.259 0.259 0.259 0.264 0.264 0.2495 0.2495 0.266 0.266 0.266 0.2765 0.2765 0.271 0.271 0.2585 0.2585 0.249 0.249 0.249 0.254 0.254 0.26 0.26 0.274 0.274 0.274 0.271 0.271 0.2725 0.2725 0.257 0.257 0.257 0.248 0.248 0.2395 0.2395 0.223 0.223 0.223 0.218
0.2405 0.2405 0.2185 0.2185 0.2305 0.2305 0.2265 0.2265 0.2265 0.255 0.255 0.2315 0.2315 0.2275 0.2275 0.225 0.225 0.225 0.2455 0.2455 0.2535 0.2535 0.254 0.254 0.254 0.258 0.258 0.251 0.251 0.256 0.256 0.256 0.2555 0.2555 0.2565 0.2565 0.259 0.259 0.259 0.264 0.264 0.2495 0.2495 0.266 0.266 0.266 0.2765 0.2765 0.271 0.271 0.2585 0.2585 0.249 0.249 0.249 0.254 0.254 0.26 0.26 0.274 0.274 0.274 0.271 0.271 0.2725 0.2725 0.257 0.257 0.257 0.248 0.248 0.2395 0.2395 0.223 0.223 0.223 0.218
0.252 0.252 0.216 0.216 0.213 0.213 0.224 0.224 0.224 0.233 0.233 0.2415 0.2415 0.228 0.228 0.2305 0.2305 0.2305 0.24 0.24 0.2375 0.2375 0.253 0.253 0.253 0.2535 0.2535 0.225 0.225 0.249 0.249 0.249 0.2405 0.2405 0.239 0.239 0.2445 0.2445 0.2445 0.245 0.245 0.258 0.258 0.2715 0.2715 0.2715 0.262 0.262 0.269 0.269 0.268 0.268 0.269 0.269 0.269 0.2445 0.2445 0.256 0.256 0.266 0.266 0.266 0.256 0.256 0.2605 0.2605 0.2395 0.2395 0.2395 0.247 0.247 0.248 0.248 0.2355 0.2355 0.2355 0.244
0.252 0.252 0.216 0.216 0.213 0.213 0.224 0.224 0.224 0.233 0.233 0.2415 0.2415 0.228 0.228 0.2305 0.2305 0.2305 0.24 0.24 0.2375 0.2375 0.253 0.253 0.253 0.2535 0.2535 0.225 0.225 0.249 0.249 0.249 0.2405 0.2405 0.239 0.239 0.2445 0.2445 0.2445 0.245 0.245 0.258 0.258 0.2715 0.2715 0.2715 0.262 0.262 0.269 0.269 0.268 0.268 0.269 0.269 0.269 0.2445 0.2445 0.256 0.256 0.266 0.266 0.266 0.256 0.256 0.2605 0.2605 0.2395 0.2395 0.2395 0.247 0.247 0.248 0.248 0.2355 0.2355 0.2355 0.244
0.2455 0.2455 0.2365 0.2365 0.2145 0.2145 0.226 0.226 0.226 0.232 0.232 0.239 0.239 0.2255 0.2255 0.24 0.24 0.24 0.222 0.222 0.24 0.24 0.2365 0.2365 0.2365 0.25 0.25 0.2375 0.2375 0.247 0.247 0.247 0.2445 0.2445 0.2575 0.2575 0.258 0.258 0.258 0.239 0.239 0.2435 0.2435 0.2515 0.2515 0.2515 0.2565 0.2565 0.271 0.271 0.271 0.271 0.271 0.271 0.271 0.2445 0.2445 0.2525 0.2525 0.245 0.245 0.245 0.2515 0.2515 0.2435 0.2435 0.243 0.243 0.243 0.242 0.242 0.2235 0.2235 0.2195 0.2195 0.2195 0.22
0.2455 0.2455 0.2365 0.2365 0.2145 0.2145 0.226 0.226 0.226 0.232 0.232 0.239 0.239 0.2255 0.2255 0.24 0.24 0.24 0.222 0.222 0.24 0.24 0.2365 0.2365 0.2365 0.25 0.25 0.2375 0.2375 0.247 0.247 0.247 0.2445 0.2445 0.2575 0.2575 0.258 0.258 0.258 0.239 0.239 0.2435 0.2435 0.2515 0.2515 0.2515 0.2565 0.2565 0.271 0.271 0.271 0.271 0.271 0.271 0.271 0.2445 0.2445 0.2525 0.2525 0.245 0.245 0.245 0.2515 0.2515 0.2435 0.2435 0.243 0.243 0.243 0.242 0.242 0.2235 0.2235 0.2195 0.2195 0.2195 0.22
0.2455 0.2455 0.2365 0.2365 0.2145 0.2145 0.226 0.226 0.226 0.232 0.232 0.239 0.239 0.2255 0.2255 0.24 0.24 0.24 0.222 0.222 0.24 0.24 0.2365 0.2365 0.2365 0.25 0.25 0.2375 0.2375 0.247 0.247 0.247 0.2445 0.2445 0.2575 0.2575 0.258 0.258 0.258 0.239 0.239 0.2435 0.2435 0.2515 0.2515 0.2515 0.2565 0.2565 0.271 0.271 0.271 0.271 0.271 0.271 0.271 0.2445 0.2445 0.2525 0.2525 0.245 0.245 0.245 0.2515 0.2515 0.2435 0.2435 0.243 0.243 0.243 0.242 0.242 0.2235 0.2235 0.2195 0.2195 0.2195 0.22
0.2455 0.2455 0.249 0.249 0.2585 0.2585 0.2445 0.2445 0.2445 0.243 0.243 0.235 0.235 0.231 0.231 0.233 0.233 0.233 0.2255 0.2255 0.254 0.254 0.258 0.258 0.258 0.2405 0.2405 0.2525 0.2525 0.234 0.234 0.234 0.2445 0.2445 0.2495 0.2495 0.2515 0.2515 0.2515 0.2555 0.2555 0.264 0.264 0.2415 0.2415 0.2415 0.252 0.252 0.249 0.249 0.2685 0.2685 0.275 0.275 0.275 0.259 0.259 0.257 0.257 0.2415 0.2415 0.2415 0.261 0.261 0.2485 0.2485 0.2355 0.2355 0.2355 0.2305 0.2305 0.2285 0.2285 0.224 0.224 0.224 0.2295
0.2455 0.2455 0.249 0.249 0.2585 0.2585 0.2445 0.2445 0.2445 0.243 0.243 0.235 0.235 0.231 0.231 0.233 0.233 0.233 0.2255 0.2255 0.254 0.254 0.258 0.258 0.258 0.2405 0.2405 0.2525 0.2525 0.234 0.234 0.234 0.2445 0.2445 0.2495 0.2495 0.2515 0.2515 0.2515 0.2555 0.2555 0.264 0.264 0.2415 0.2415 0.2415 0.252 0.252 0.249 0.249 0.2685 0.2685 0.275 0.275 0.275 0.259 0.259 0.257 0.257 0.2415 0.2415 0.2415 0.261 0.261 0.2485 0.2485 0.2355 0.2355 0.2355 0.2305 0.2305 0.2285 0.2285 0.224 0.224 0.224 0.2295
0.2615 0.2615 0.2555 0.2555 0.253 0.253 0.258 0.258 0.258 0.2565 0.2565 0.242 0.242 0.243 0.243 0.2475 0.2475 0.2475 0.2525 0.2525 0.2535 0.2535 0.2375 0.2375 0.2375 0.2465 0.2465 0.258 0.258 0.245 0.245 0.245 0.258 0.258 0.2575 0.2575 0.246 0.246 0.246 0.2595 0.2595 0.2685 0.2685 0.2555 0.2555 0.2555 0.26 0.26 0.254 0.254 0.257 0.257 0.228 0.228 0.228 0.2585 0.2585 0.26 0.26 0.241 0.241 0.241 0.2435 0.2435 0.236 0.236 0.238 0.238 0.238 0.241 0.241 0.2275 0.2275 0.23 0.23 0.23 0.2455
0.2615 0.2615 0.2555 0.2555 0.253 0.253 0.258 0.258 0.258 0.2565 0.2565 0.242 0.242 0.243 0.243 0.2475 0.2475 0.2475 0.2525 0.2525 0.2535 0.2535 0.2375 0.2375 0.2375 0.2465 0.2465 0.258 0.258 0.245 0.245 0.245 0.258 0.258 0.2575 0.2575 0.246 0.246 0.246 0.2595 0.2595 0.2685 0.2685 0.2555 0.2555 0.2555 0.26 0.26 0.254 0.254 0.257 0.257 0.228 0.228 0.228 0.2585 0.2585 0.26 0.26 0.241 0.241 0.241 0.2435 0.2435 0.236 0.236 0.238 0.238 0.238 0.241 0.241 0.2275 0.2275 0.23 0.23 0.23 0.2455
0.2425 0.2425 0.2475 0.2475 0.258 0.258 0.239 0.239 0.239 0.2255 0.2255 0.2355 0.2355 0.248 0.248 0.246 0.246 0.246 0.2555 0.2555 0.255 0.255 0.2705 0.2705 0.2705 0.253 0.253 0.2475 0.2475 0.2455 0.2455 0.2455 0.2575 0.2575 0.265 0.265 0.272 0.272 0.272 0.26 0.26 0.2675 0.2675 0.269 0.269 0.269 0.2795 0.2795 0.27 0.27 0.2825 0.2825 0.273 0.273 0.273 0.26 0.26 0.2785 0.2785 0.27 0.27 0.27 0.261 0.261 0.2625 0.2625 0.2675 0.2675 0.2675 0.275 0.275 0.243 0.243 0.2145 0.2145 0.2145 0.235
0.2425 0.2425 0.2475 0.2475 0.258 0.258 0.239 0.239 0.239 0.2255 0.2255 0.2355 0.2355 0.248 0.248 0.246 0.246 0.246 0.2555 0.2555 0.255 0.255 0.2705 0.2705 0.2705 0.253 0.253 0.2475 0.2475 0.2455 0.2455 0.2455 0.2575 0.2575 0.265 0.265 0.272 0.272 0.272 0.26 0.26 0.2675 0.2675 0.269 0.269 0.269 0.2795 0.2795 0.27 0.27 0.2825 0.2825 0.273 0.273 0.273 0.26 0.26 0.2785 0.2785 0.27 0.27 0.27 0.261 0.261 0.2625 0.2625 0.2675 0.2675 0.2675 0.275 0.275 0.243 0.243 0.2145 0.2145 0.2145 0.235
0.2425 0.2425 0.2475 0.2475 0.258 0.258 0.239 0.239 0.239 0.2255 0.2255 0.2355 0.2355 0.248 0.248 0.246 0.246 0.246 0.2555 0.2555 0.255 0.255 0.2705 0.2705 0.2705 0.253 0.253 0.2475 0.2475 0.2455 0.2455 0.2455 0.2575 0.2575 0.265 0.265 0.272 0.272 0.272 0.26 0.26 0.2675 0.2675 0.269 0.269 0.269 0.2795 0.2795 0.27 0.27 0.2825 0.2825 0.273 0.273 0.273 0.26 0.26 0.2785 0.2785 0.27 0.27 0.27 0.261 0.261 0.2625 0.2625 0.2675 0.2675 0.2675 0.275 0.275 0.243 0.243 0.2145 0.2145 0.2145 0.235
