ndvi/NOAA-354.asc
ncols         252
nrows         154
xllcorner     -18.017974
yllcorner     13.481982
cellsize      0.035948
NODATA_value  -9999
[rows 68 to 101 of 154, columns 77 to 153 of 252]
0.231 0.231 0.237 0.237 0.2145 0.2145 0.2445 0.2445 0.2445 0.2665 0.2665 0.279 0.279 0.247 0.247 0.264 0.264 0.264 0.247 0.247 0.2455 0.2455 0.183 0.183 0.183 0.181 0.181 0.1795 0.1795 0.1815 0.1815 0.1815 0.204 0.204 0.2115 0.2115 0.214 0.214 0.214 0.2025 0.2025 0.2 0.2 0.1617 0.1617 0.1617 0.098 0.098 0.135 0.135 0.173 0.173 0.202 0.202 0.202 0.1935 0.1935 0.1965 0.1965 0.1945 0.1945 0.1945 0.21 0.21 0.212 0.212 0.191 0.191 0.191 0.1935 0.1935 0.1725 0.1725 0.155 0.155 0.155 0.1045
0.1895 0.1895 0.195 0.195 0.2055 0.2055 0.224 0.224 0.224 0.231 0.231 0.229 0.229 0.2305 0.2305 0.2245 0.2245 0.2245 0.2115 0.2115 0.228 0.228 0.2615 0.2615 0.2615 0.243 0.243 0.189 0.189 0.181 0.181 0.181 0.1835 0.1835 0.2055 0.2055 0.207 0.207 0.207 0.199 0.199 0.166 0.166 0.16 0.16 0.16 0.1615 0.1615 0.1765 0.1765 0.168 0.168 0.17 0.17 0.17 0.204 0.204 0.1795 0.1795 0.21 0.21 0.21 0.221 0.221 0.2255 0.2255 0.2005 0.2005 0.2005 0.202 0.202 0.1905 0.1905 0.1985 0.1985 0.1985 0.146
0.1895 0.1895 0.195 0.195 0.2055 0.2055 0.224 0.224 0.224 0.231 0.231 0.229 0.229 0.2305 0.2305 0.2245 0.2245 0.2245 0.2115 0.2115 0.228 0.228 0.2615 0.2615 0.2615 0.243 0.243 0.189 0.189 0.181 0.181 0.181 0.1835 0.1835 0.2055 0.2055 0.207 0.207 0.207 0.199 0.199 0.166 0.166 0.16 0.16 0.16 0.1615 0.1615 0.1765 0.1765 0.168 0.168 0.17 0.17 0.17 0.204 0.204 0.1795 0.1795 0.21 0.21 0.21 0.221 0.221 0.2255 0.2255 0.2005 0.2005 0.2005 0.202 0.202 0.1905 0.1905 0.1985 0.1985 0.1985 0.146
0.1985 0.1985 0.2135 0.2135 0.2185 0.2185 0.2215 0.2215 0.2215 0.2285 0.2285 0.229 0.229 0.2225 0.2225 0.226 0.226 0.226 0.211 0.211 0.22 0.22 0.274 0.274 0.274 0.2585 0.2585 0.2615 0.2615 0.2095 0.2095 0.2095 0.1785 0.1785 0.1755 0.1755 0.216 0.216 0.216 0.226 0.226 0.225 0.225 0.1985 0.1985 0.1985 0.1065 0.1065 0.0825 0.0825 0.1605 0.1605 0.1975 0.1975 0.1975 0.211 0.211 0.228 0.228 0.214 0.214 0.214 0.2355 0.2355 0.226 0.226 0.2105 0.2105 0.2105 0.193 0.193 0.198 0.198 0.203 0.203 0.203 0.151
0.1985 0.1985 0.2135 0.2135 0.2185 0.2185 0.2215 0.2215 0.2215 0.2285 0.2285 0.229 0.229 0.2225 0.2225 0.226 0.226 0.226 0.211 0.211 0.22 0.22 0.274 0.274 0.274 0.2585 0.2585 0.2615 0.2615 0.2095 0.2095 0.2095 0.1785 0.1785 0.1755 0.1755 0.216 0.216 0.216 0.226 0.226 0.225 0.225 0.1985 0.1985 0.1985 0.1065 0.1065 0.0825 0.0825 0.1605 0.1605 0.1975 0.1975 0.1975 0.211 0.211 0.228 0.228 0.214 0.214 0.214 0.2355 0.2355 0.226 0.226 0.2105 0.2105 0.2105 0.193 0.193 0.198 0.198 0.203 0.203 0.203 0.151
0.1985 0.1985 0.2135 0.2135 0.2185 0.2185 0.2215 0.2215 0.2215 0.2285 0.2285 0.229 0.229 0.2225 0.2225 0.226 0.226 0.226 0.211 0.211 0.22 0.22 0.274 0.274 0.274 0.2585 0.2585 0.2615 0.2615 0.2095 0.2095 0.2095 0.1785 0.1785 0.1755 0.1755 0.216 0.216 0.216 0.226 0.226 0.225 0.225 0.1985 0.1985 0.1985 0.1065 0.1065 0.0825 0.0825 0.1605 0.1605 0.1975 0.1975 0.1975 0.211 0.211 0.228 0.228 0.214 0.214 0.214 0.2355 0.2355 0.226 0.226 0.2105 0.2105 0.2105 0.193 0.193 0.198 0.198 0.203 0.203 0.203 0.151
0.2455 0.2455 0.2225 0.2225 0.233 0.233 0.238 0.238 0.238 0.252 0.252 0.233 0.233 0.2205 0.2205 0.206 0.206 0.206 0.22 0.22 0.2325 0.2325 0.234 0.234 0.234 0.26 0.26 0.24 0.24 0.261 0.261 0.261 0.2505 0.2505 0.2105 0.2105 0.189 0.189 0.189 0.1905 0.1905 0.188 0.188 0.1315 0.1315 0.1315 0.1325 0.1325 0.2165 0.2165 0.203 0.203 0.206 0.206 0.206 0.2035 0.2035 0.2025 0.2025 0.202 0.202 0.202 0.2075 0.2075 0.197 0.197 0.2105 0.2105 0.2105 0.1835 0.1835 0.1795 0.1795 0.1507 0.1507 0.1507 0.1315
0.2455 0.2455 0.2225 0.2225 0.233 0.233 0.238 0.238 0.238 0.252 0.252 0.233 0.233 0.2205 0.2205 0.206 0.206 0.206 0.22 0.22 0.2325 0.2325 0.234 0.234 0.234 0.26 0.26 0.24 0.24 0.261 0.261 0.261 0.2505 0.2505 0.2105 0.2105 0.189 0.189 0.189 0.1905 0.1905 0.188 0.188 0.1315 0.1315 0.1315 0.1325 0.1325 0.2165 0.2165 0.203 0.203 0.206 0.206 0.206 0.2035 0.2035 0.2025 0.2025 0.202 0.202 0.202 0.2075 0.2075 0.197 0.197 0.2105 0.2105 0.2105 0.1835 0.1835 0.1795 0.1795 0.1507 0.1507 0.1507 0.1315
0.253 0.253 0.26 0.26 0.25 0.25 0.2565 0.2565 0.2565 0.2515 0.2515 0.2375 0.2375 0.225 0.225 0.2135 0.2135 0.2135 0.2025 0.2025 0.2265 0.2265 0.229 0.229 0.229 0.2375 0.2375 0.2215 0.2215 0.236 0.236 0.236 0.2565 0.2565 0.285 0.285 0.2145 0.2145 0.2145 0.2035 0.2035 0.176 0.176 0.1445 0.1445 0.1445 0.1455 0.1455 0.207 0.207 0.204 0.204 0.175 0.175 0.175 0.1875 0.1875 0.1805 0.1805 0.1825 0.1825 0.1825 0.1965 0.1965 0.204 0.204 0.195 0.195 0.195 0.168 0.168 0.2244 0.2244 0.1165 0.1165 0.1165 0.107
0.253 0.253 0.26 0.26 0.25 0.25 0.2565 0.2565 0.2565 0.2515 0.2515 0.2375 0.2375 0.225 0.225 0.2135 0.2135 0.2135 0.2025 0.2025 0.2265 0.2265 0.229 0.229 0.229 0.2375 0.2375 0.2215 0.2215 0.236 0.236 0.236 0.2565 0.2565 0.285 0.285 0.2145 0.2145 0.2145 0.2035 0.2035 0.176 0.176 0.1445 0.1445 0.1445 0.1455 0.1455 0.207 0.207 0.204 0.204 0.175 0.175 0.175 0.1875 0.1875 0.1805 0.1805 0.1825 0.1825 0.1825 0.1965 0.1965 0.204 0.204 0.195 0.195 0.195 0.168 0.168 0.2244 0.2244 0.1165 0.1165 0.1165 0.107
0.2455 0.2455 0.253 0.253 0.244 0.244 0.241 0.241 0.241 0.2285 0.2285 0.2005 0.2005 0.22 0.22 0.2045 0.2045 0.2045 0.2265 0.2265 0.227 0.227 0.21 0.21 0.21 0.227 0.227 0.231 0.231 0.224 0.224 0.224 0.2475 0.2475 0.2685 0.2685 0.2595 0.2595 0.2595 0.2265 0.2265 0.191 0.191 0.157 0.157 0.157 0.1535 0.1535 0.1835 0.1835 0.1985 0.1985 0.198 0.198 0.198 0.194 0.194 0.185 0.185 0.17 0.17 0.17 0.19 0.19 0.2005 0.2005 0.246 0.246 0.246 0.1645 0.1645 0.261 0.261 0.1035 0.1035 0.1035 0.1055
0.2455 0.2455 0.253 0.253 0.244 0.244 0.241 0.241 0.241 0.2285 0.2285 0.2005 0.2005 0.22 0.22 0.2045 0.2045 0.2045 0.2265 0.2265 0.227 0.227 0.21 0.21 0.21 0.227 0.227 0.231 0.231 0.224 0.224 0.224 0.2475 0.2475 0.2685 0.2685 0.2595 0.2595 0.2595 0.2265 0.2265 0.191 0.191 0.157 0.157 0.157 0.1535 0.1535 0.1835 0.1835 0.1985 0.1985 0.198 0.198 0.198 0.194 0.194 0.185 0.185 0.17 0.17 0.17 0.19 0.19 0.2005 0.2005 0.246 0.246 0.246 0.1645 0.1645 0.261 0.261 0.1035 0.1035 0.1035 0.1055
0.2455 0.2455 0.219 0.219 0.2255 0.2255 0.2235 0.2235 0.2235 0.208 0.208 0.2 0.2 0.2015 0.2015 0.1865 0.1865 0.1865 0.2055 0.2055 0.209 0.209 0.21 0.21 0.21 0.209 0.209 0.198 0.198 0.2115 0.2115 0.2115 0.241 0.241 0.268 0.268 0.2345 0.2345 0.2345 0.2245 0.2245 0.2075 0.2075 0.183 0.183 0.183 0.2265 0.2265 0.19 0.19 0.1955 0.1955 0.197 0.197 0.197 0.19 0.19 0.1995 0.1995 0.1935 0.1935 0.1935 0.1975 0.1975 0.166 0.166 0.1465 0.1465 0.1465 0.1395 0.1395 0.131 0.131 0.1492 0.1492 0.1492 0.0795
0.2455 0.2455 0.219 0.219 0.2255 0.2255 0.2235 0.2235 0.2235 0.208 0.208 0.2 0.2 0.2015 0.2015 0.1865 0.1865 0.1865 0.2055 0.2055 0.209 0.209 0.21 0.21 0.21 0.209 0.209 0.198 0.198 0.2115 0.2115 0.2115 0.241 0.241 0.268 0.268 0.2345 0.2345 0.2345 0.2245 0.2245 0.2075 0.2075 0.183 0.183 0.183 0.2265 0.2265 0.19 0.19 0.1955 0.1955 0.197 0.197 0.197 0.19 0.19 0.1995 0.1995 0.1935 0.1935 0.1935 0.1975 0.1975 0.166 0.166 0.1465 0.1465 0.1465 0.1395 0.1395 0.131 0.131 0.1492 0.1492 0.1492 0.0795
0.2455 0.2455 0.219 0.219 0.2255 0.2255 0.2235 0.2235 0.2235 0.208 0.208 0.2 0.2 0.2015 0.2015 0.1865 0.1865 0.1865 0.2055 0.2055 0.209 0.209 0.21 0.21 0.21 0.209 0.209 0.198 0.198 0.2115 0.2115 0.2115 0.241 0.241 0.268 0.268 0.2345 0.2345 0.2345 0.2245 0.2245 0.2075 0.2075 0.183 0.183 0.183 0.2265 0.2265 0.19 0.19 0.1955 0.1955 0.197 0.197 0.197 0.19 0.19 0.1995 0.1995 0.1935 0.1935 0.1935 0.1975 0.1975 0.166 0.166 0.1465 0.1465 0.1465 0.1395 0.1395 0.131 0.131 0.1492 0.1492 0.1492 0.0795
0.2235 0.2235 0.206 0.206 0.1975 0.1975 0.185 0.185 0.185 0.213 0.213 0.2125 0.2125 0.222 0.222 0.203 0.203 0.203 0.2135 0.2135 0.1945 0.1945 0.211 0.211 0.211 0.2135 0.2135 0.21 0.21 0.2165 0.2165 0.2165 0.2275 0.2275 0.226 0.226 0.231 0.231 0.231 0.215 0.215 0.225 0.225 0.22 0.22 0.22 0.23 0.23 0.2475 0.2475 0.1815 0.1815 0.212 0.212 0.212 0.2045 0.2045 0.205 0.205 0.191 0.191 0.191 0.2025 0.2025 0.1745 0.1745 0.1675 0.1675 0.1675 0.1645 0.1645 0.1645 0.1645 0.1425 0.1425 0.1425 0.0895
0.2235 0.2235 0.206 0.206 0.1975 0.1975 0.185 0.185 0.185 0.213 0.213 0.2125 0.2125 0.222 0.222 0.203 0.203 0.203 0.2135 0.2135 0.1945 0.1945 0.211 0.211 0.211 0.2135 0.2135 0.21 0.21 0.2165 0.2165 0.2165 0.2275 0.2275 0.226 0.226 0.231 0.231 0.231 0.215 0.215 0.225 0.225 0.22 0.22 0.22 0.23 0.23 0.2475 0.2475 0.1815 0.1815 0.212 0.212 0.212 0.2045 0.2045 0.205 0.205 0.191 0.191 0.191 0.2025 0.2025 0.1745 0.1745 0.1675 0.1675 0.1675 0.1645 0.1645 0.1645 0.1645 0.1425 0.1425 0.1425 0.0895
0.2245 0.2245 0.189 0.189 0.1715 0.1715 0.1885 0.1885 0.1885 0.196 0.196 0.221 0.221 0.2205 0.2205 0.237 0.237 0.237 0.22 0.22 0.2185 0.2185 0.211 0.211 0.211 0.207 0.207 0.205 0.205 0.1945 0.1945 0.1945 0.199 0.199 0.2095 0.2095 0.212 0.212 0.212 0.2085 0.2085 0.2035 0.2035 0.201 0.201 0.201 0.206 0.206 0.212 0.212 0.191 0.191 0.1895 0.1895 0.1895 0.195 0.195 0.2115 0.2115 0.2165 0.2165 0.2165 0.238 0.238 0.232 0.232 0.1735 0.1735 0.1735 0.155 0.155 0.1685 0.1685 0.1195 0.1195 0.1195 0.132
0.2245 0.2245 0.189 0.189 0.1715 0.1715 0.1885 0.1885 0.1885 0.196 0.196 0.221 0.221 0.2205 0.2205 0.237 0.237 0.237 0.22 0.22 0.2185 0.2185 0.211 0.211 0.211 0.207 0.207 0.205 0.205 0.1945 0.1945 0.1945 0.199 0.199 0.2095 0.2095 0.212 0.212 0.212 0.2085 0.2085 0.2035 0.2035 0.201 0.201 0.201 0.206 0.206 0.212 0.212 0.191 0.191 0.1895 0.1895 0.1895 0.195 0.195 0.2115 0.2115 0.2165 0.2165 0.2165 0.238 0.238 0.232 0.232 0.1735 0.1735 0.1735 0.155 0.155 0.1685 0.1685 0.1195 0.1195 0.1195 0.132
0.244 0.244 0.2335 0.2335 0.2435 0.2435 0.2165 0.2165 0.2165 0.2205 0.2205 0.2155 0.2155 0.2455 0.2455 0.23 0.23 0.23 0.221 0.221 0.2105 0.2105 0.2285 0.2285 0.2285 0.2125 0.2125 0.225 0.225 0.219 0.219 0.219 0.2105 0.2105 0.211 0.211 0.223 0.223 0.223 0.2275 0.2275 0.2075 0.2075 0.2165 0.2165 0.2165 0.2085 0.2085 0.201 0.201 0.1915 0.1915 0.1975 0.1975 0.1975 0.196 0.196 0.206 0.206 0.2155 0.2155 0.2155 0.2215 0.2215 0.247 0.247 0.174 0.174 0.174 0.1685 0.1685 0.1695 0.1695 0.1245 0.1245 0.1245 0.114
0.244 0.244 0.2335 0.2335 0.2435 0.2435 0.2165 0.2165 0.2165 0.2205 0.2205 0.2155 0.2155 0.2455 0.2455 0.23 0.23 0.23 0.221 0.221 0.2105 0.2105 0.2285 0.2285 0.2285 0.2125 0.2125 0.225 0.225 0.219 0.219 0.219 0.2105 0.2105 0.211 0.211 0.223 0.223 0.223 0.2275 0.2275 0.2075 0.2075 0.2165 0.2165 0.2165 0.2085 0.2085 0.201 0.201 0.1915 0.1915 0.1975 0.1975 0.1975 0.196 0.196 0.206 0.206 0.2155 0.2155 0.2155 0.2215 0.2215 0.247 0.247 0.174 0.174 0.174 0.1685 0.1685 0.1695 0.1695 0.1245 0.1245 0.1245 0.114
0.244 0.244 0.2335 0.2335 0.2435 0.2435 0.2165 0.2165 0.2165 0.2205 0.2205 0.2155 0.2155 0.2455 0.2455 0.23 0.23 0.23 0.221 0.221 0.2105 0.2105 0.2285 0.2285 0.2285 0.2125 0.2125 0.225 0.225 0.219 0.219 0.219 0.2105 0.2105 0.211 0.211 0.223 0.223 0.223 0.2275 0.2275 0.2075 0.2075 0.2165 0.2165 0.2165 0.2085 0.2085 0.201 0.201 0.1915 0.1915 0.1975 0.1975 0.1975 0.196 0.196 0.206 0.206 0.2155 0.2155 0.2155 0.2215 0.2215 0.247 0.247 0.174 0.174 0.174 0.1685 0.1685 0.1695 0.1695 0.1245 0.1245 0.1245 0.114
0.243 0.243 0.264 0.264 0.2625 0.2625 0.1975 0.1975 0.1975 0.2275 0.2275 0.2215 0.2215 0.2095 0.2095 0.2385 0.2385 0.2385 0.2425 0.2425 0.2315 0.2315 0.204 0.204 0.204 0.2095 0.2095 0.223 0.223 0.222 0.222 0.222 0.2005 0.2005 0.2175 0.2175 0.2315 0.2315 0.2315 0.2275 0.2275 0.2305 0.2305 0.2235 0.2235 0.2235 0.223 0.223 0.2075 0.2075 0.2195 0.2195 0.188 0.188 0.188 0.2225 0.2225 0.233 0.233 0.221 0.221 0.221 0.2285 0.2285 0.217 0.217 0.197 0.197 0.197 0.146 0.146 0.143 0.143 0.095 0.095 0.095 0.1425
0.243 0.243 0.264 0.264 0.2625 0.2625 0.1975 0.1975 0.1975 0.2275 0.2275 0.2215 0.2215 0.2095 0.2095 0.2385 0.2385 0.2385 0.2425 0.2425 0.2315 0.2315 0.204 0.204 0.204 0.2095 0.2095 0.223 0.223 0.222 0.222 0.222 0.2005 0.2005 0.2175 0.2175 0.2315 0.2315 0.2315 0.2275 0.2275 0.2305 0.2305 0.2235 0.2235 0.2235 0.223 0.223 0.2075 0.2075 0.2195 0.2195 0.188 0.188 0.188 0.2225 0.2225 0.233 0.233 0.221 0.221 0.221 0.2285 0.2285 0.217 0.217 0.197 0.197 0.197 0.146 0.146 0.143 0.143 0.095 0.095 0.095 0.1425
0.245 0.245 0.2645 0.2645 0.2265 0.2265 0.2205 0.2205 0.2205 0.226 0.226 0.214 0.214 0.225 0.225 0.228 0.228 0.228 0.2265 0.2265 0.241 0.241 0.232 0.232 0.232 0.216 0.216 0.24 0.24 0.22 0.22 0.22 0.2265 0.2265 0.216 0.216 0.218 0.218 0.218 0.2165 0.2165 0.238 0.238 0.229 0.229 0.229 0.2445 0.2445 0.241 0.241 0.224 0.224 0.2355 0.2355 0.2355 0.199 0.199 0.1935 0.1935 0.2175 0.2175 0.2175 0.2235 0.2235 0.218 0.218 0.201 0.201 0.201 0.1635 0.1635 0.1895 0.1895 0.135 0.135 0.135 0.097
0.245 0.245 0.2645 0.2645 0.2265 0.2265 0.2205 0.2205 0.2205 0.226 0.226 0.214 0.214 0.225 0.225 0.228 0.228 0.228 0.2265 0.2265 0.241 0.241 0.232 0.232 0.232 0.216 0.216 0.24 0.24 0.22 0.22 0.22 0.2265 0.2265 0.216 0.216 0.218 0.218 0.218 0.2165 0.2165 0.238 0.238 0.229 0.229 0.229 0.2445 0.2445 0.241 0.241 0.224 0.224 0.2355 0.2355 0.2355 0.199 0.199 0.1935 0.1935 0.2175 0.2175 0.2175 0.2235 0.2235 0.218 0.218 0.201 0.201 0.201 0.1635 0.1635 0.1895 0.1895 0.135 0.135 0.135 0.097
0.2475 0.2475 0.236 0.236 0.2225 0.2225 0.2235 0.2235 0.2235 0.2495 0.2495 0.237 0.237 0.2325 0.2325 0.229 0.229 0.229 0.244 0.244 0.2115 0.2115 0.2005 0.2005 0.2005 0.198 0.198 0.2325 0.2325 0.23 0.23 0.23 0.26 0.26 0.2515 0.2515 0.2275 0.2275 0.2275 0.221 0.221 0.2155 0.2155 0.2375 0.2375 0.2375 0.2515 0.2515 0.235 0.235 0.225 0.225 0.223 0.223 0.223 0.205 0.205 0.2 0.2 0.2115 0.2115 0.2115 0.1855 0.1855 0.2225 0.2225 0.191 0.191 0.191 0.2 0.2 0.205 0.205 0.205 0.205 0.205 0.1705
0.2475 0.2475 0.236 0.236 0.2225 0.2225 0.2235 0.2235 0.2235 0.2495 0.2495 0.237 0.237 0.2325 0.2325 0.229 0.229 0.229 0.244 0.244 0.2115 0.2115 0.2005 0.2005 0.2005 0.198 0.198 0.2325 0.2325 0.23 0.23 0.23 0.26 0.26 0.2515 0.2515 0.2275 0.2275 0.2275 0.221 0.221 0.2155 0.2155 0.2375 0.2375 0.2375 0.2515 0.2515 0.235 0.235 0.225 0.225 0.223 0.223 0.223 0.205 0.205 0.2 0.2 0.2115 0.2115 0.2115 0.1855 0.1855 0.2225 0.2225 0.191 0.191 0.191 0.2 0.2 0.205 0.205 0.205 0.205 0.205 0.1705
0.2475 0.2475 0.236 0.236 0.2225 0.2225 0.2235 0.2235 0.2235 0.2495 0.2495 0.237 0.237 0.2325 0.2325 0.229 0.229 0.229 0.244 0.244 0.2115 0.2115 0.2005 0.2005 0.2005 0.198 0.198 0.2325 0.2325 0.23 0.23 0.23 0.26 0.26 0.2515 0.2515 0.2275 0.2275 0.2275 0.221 0.221 0.2155 0.2155 0.2375 0.2375 0.2375 0.2515 0.2515 0.235 0.235 0.225 0.225 0.223 0.223 0.223 0.205 0.205 0.2 0.2 0.2115 0.2115 0.2115 0.1855 0.1855 0.2225 0.2225 0.191 0.191 0.191 0.2 0.2 0.205 0.205 0.205 0.205 0.205 0.1705
0.2355 0.2355 0.2505 0.2505 0.2355 0.2355 0.228 0.228 0.228 0.225 0.225 0.219 0.219 0.2225 0.2225 0.237 0.237 0.237 0.2205 0.2205 0.2145 0.2145 0.223 0.223 0.223 0.218 0.218 0.209 0.209 0.243 0.243 0.243 0.2335 0.2335 0.207 0.207 0.247 0.247 0.247 0.259 0.259 0.2565 0.2565 0.2625 0.2625 0.2625 0.227 0.227 0.244 0.244 0.2565 0.2565 0.2535 0.2535 0.2535 0.2125 0.2125 0.2295 0.2295 0.2485 0.2485 0.2485 0.1765 0.1765 0.1835 0.1835 0.2485 0.2485 0.2485 0.2575 0.2575 0.196 0.196 0.1765 0.1765 0.1765 0.1695
0.2355 0.2355 0.2505 0.2505 0.2355 0.2355 0.228 0.228 0.228 0.225 0.225 0.219 0.219 0.2225 0.2225 0.237 0.237 0.237 0.2205 0.2205 0.2145 0.2145 0.223 0.223 0.223 0.218 0.218 0.209 0.209 0.243 0.243 0.243 0.2335 0.2335 0.207 0.207 0.247 0.247 0.247 0.259 0.259 0.2565 0.2565 0.2625 0.2625 0.2625 0.227 0.227 0.244 0.244 0.2565 0.2565 0.2535 0.2535 0.2535 0.2125 0.2125 0.2295 0.2295 0.2485 0.2485 0.2485 0.1765 0.1765 0.1835 0.1835 0.2485 0.2485 0.2485 0.2575 0.2575 0.196 0.196 0.1765 0.1765 0.1765 0.1695
0.2355 0.2355 0.228 0.228 0.2435 0.2435 0.2515 0.2515 0.2515 0.253 0.253 0.2435 0.2435 0.26 0.26 0.2445 0.2445 0.2445 0.264 0.264 0.2575 0.2575 0.251 0.251 0.251 0.222 0.222 0.256 0.256 0.252 0.252 0.252 0.2325 0.2325 0.229 0.229 0.2245 0.2245 0.2245 0.24 0.24 0.2395 0.2395 0.227 0.227 0.227 0.2425 0.2425 0.2525 0.2525 0.268 0.268 0.26 0.26 0.26 0.2025 0.2025 0.2095 0.2095 0.2285 0.2285 0.2285 0.2185 0.2185 0.22 0.22 0.2195 0.2195 0.2195 0.256 0.256 0.2485 0.2485 0.2185 0.2185 0.2185 0.2145
0.2355 0.2355 0.228 0.228 0.2435 0.2435 0.2515 0.2515 0.2515 0.253 0.253 0.2435 0.2435 0.26 0.26 0.2445 0.2445 0.2445 0.264 0.264 0.2575 0.2575 0.251 0.251 0.251 0.222 0.222 0.256 0.256 0.252 0.252 0.252 0.2325 0.2325 0.229 0.229 0.2245 0.2245 0.2245 0.24 0.24 0.2395 0.2395 0.227 0.227 0.227 0.2425 0.2425 0.2525 0.2525 0.268 0.268 0.26 0.26 0.26 0.2025 0.2025 0.2095 0.2095 0.2285 0.2285 0.2285 0.2185 0.2185 0.22 0.22 0.2195 0.2195 0.2195 0.256 0.256 0.2485 0.2485 0.2185 0.2185 0.2185 0.2145
0.237 0.237 0.2495 0.2495 0.2465 0.2465 0.2825 0.2825 0.2825 0.2625 0.2625 0.255 0.255 0.2485 0.2485 0.2455 0.2455 0.2455 0.247 0.247 0.2585 0.2585 0.2655 0.2655 0.2655 0.249 0.249 0.247 0.247 0.24 0.24 0.24 0.2525 0.2525 0.244 0.244 0.224 0.224 0.224 0.2325 0.2325 0.251 0.251 0.247 0.247 0.247 0.2715 0.2715 0.268 0.268 0.275 0.275 0.251 0.251 0.251 0.226 0.226 0.2195 0.2195 0.223 0.223 0.223 0.24 0.24 0.2325 0.2325 0.247 0.247 0.247 0.2465 0.2465 0.2325 0.2325 0.2315 0.2315 0.2315 0.1965
