ndvi/NOAA-319.asc
ncols         252
nrows         154
xllcorner     -18.017974
yllcorner     13.481982
cellsize      0.035948
NODATA_value  -9999
[rows 68 to 101 of 154, columns 0 to 76 of 252]
-1 -1 -1 -1 -1 -1 -1 -1 -1 -1 -1 -1 -1 -1 -1 -1 -1 -1 -1 -1 -1 -1 -1 -1 -1 -1 -1 -1 -1 -1 -1 -1 -1 -1 -1 -1 -1 -1 -1 0.137 0.137 0.137 0.158 0.158 0.2015 0.2015 0.258 0.258 0.258 0.258 0.258 0.2145 0.2145 0.2245 0.2245 0.235 0.235 0.235 0.2945 0.2945 0.2215 0.2215 0.2215 0.2215 0.2215 0.3675 0.3675 0.296 0.296 0.248 0.248 0.248 0.2276 0.2276 0.234 0.234 0.217
-1 -1 -1 -1 -1 -1 -1 -1 -1 -1 -1 -1 -1 -1 -1 -1 -1 -1 -1 -1 -1 -1 -1 -1 -1 -1 -1 -1 -1 -1 -1 -1 -1 -1 -1 -1 -1 -1 -1 0.1865 0.1865 0.1865 0.2415 0.2415 0.2085 0.2085 0.2276 0.2276 0.2276 0.2235 0.2235 0.225 0.225 0.217 0.217 0.243 0.243 0.243 0.359 0.359 0.38 0.38 0.38 0.38 0.38 0.304 0.304 0.306 0.306 0.234 0.234 0.234 0.2175 0.2175 0.2235 0.2235 0.2475
-1 -1 -1 -1 -1 -1 -1 -1 -1 -1 -1 -1 -1 -1 -1 -1 -1 -1 -1 -1 -1 -1 -1 -1 -1 -1 -1 -1 -1 -1 -1 -1 -1 -1 -1 -1 -1 -1 -1 0.1865 0.1865 0.1865 0.2415 0.2415 0.2085 0.2085 0.2276 0.2276 0.2276 0.2235 0.2235 0.225 0.225 0.217 0.217 0.243 0.243 0.243 0.359 0.359 0.38 0.38 0.38 0.38 0.38 0.304 0.304 0.306 0.306 0.234 0.234 0.234 0.2175 0.2175 0.2235 0.2235 0.2475
-1 -1 -1 -1 -1 -1 -1 -1 -1 -1 -1 -1 -1 -1 -1 -1 -1 -1 -1 -1 -1 -1 -1 -1 -1 -1 -1 -1 -1 -1 -1 -1 -1 -1 -1 -1 -1 0.0472 0.0472 0.14 0.14 0.14 0.2685 0.2685 0.2681 0.2681 0.2411 0.2411 0.2411 0.202 0.202 0.182 0.182 0.232 0.232 0.247 0.247 0.247 0.3175 0.3175 0.3495 0.3495 0.3495 0.3495 0.3495 0.285 0.285 0.2765 0.2765 0.2155 0.2155 0.2155 0.206 0.206 0.2125 0.2125 0.2295
-1 -1 -1 -1 -1 -1 -1 -1 -1 -1 -1 -1 -1 -1 -1 -1 -1 -1 -1 -1 -1 -1 -1 -1 -1 -1 -1 -1 -1 -1 -1 -1 -1 -1 -1 -1 -1 0.0472 0.0472 0.14 0.14 0.14 0.2685 0.2685 0.2681 0.2681 0.2411 0.2411 0.2411 0.202 0.202 0.182 0.182 0.232 0.232 0.247 0.247 0.247 0.3175 0.3175 0.3495 0.3495 0.3495 0.3495 0.3495 0.285 0.285 0.2765 0.2765 0.2155 0.2155 0.2155 0.206 0.206 0.2125 0.2125 0.2295
-1 -1 -1 -1 -1 -1 -1 -1 -1 -1 -1 -1 -1 -1 -1 -1 -1 -1 -1 -1 -1 -1 -1 -1 -1 -1 -1 -1 -1 -1 -1 -1 -1 -1 -1 -1 -1 0.0472 0.0472 0.14 0.14 0.14 0.2685 0.2685 0.2681 0.2681 0.2411 0.2411 0.2411 0.202 0.202 0.182 0.182 0.232 0.232 0.247 0.247 0.247 0.3175 0.3175 0.3495 0.3495 0.3495 0.3495 0.3495 0.285 0.285 0.2765 0.2765 0.2155 0.2155 0.2155 0.206 0.206 0.2125 0.2125 0.2295
-1 -1 -1 -1 -1 -1 -1 -1 -1 -1 -1 -1 -1 -1 -1 -1 -1 -1 -1 -1 -1 -1 -1 -1 -1 -1 -1 -1 -1 -1 -1 -1 -1 -1 -1 -1 -1 0.0362 0.0362 0.1415 0.1415 0.1415 0.241 0.241 0.2481 0.2481 0.222 0.222 0.222 0.2026 0.2026 0.221 0.221 0.226 0.226 0.2195 0.2195 0.2195 0.231 0.231 0.303 0.303 0.303 0.303 0.303 0.284 0.284 0.2805 0.2805 0.237 0.237 0.237 0.2175 0.2175 0.2555 0.2555 0.22
-1 -1 -1 -1 -1 -1 -1 -1 -1 -1 -1 -1 -1 -1 -1 -1 -1 -1 -1 -1 -1 -1 -1 -1 -1 -1 -1 -1 -1 -1 -1 -1 -1 -1 -1 -1 -1 0.0362 0.0362 0.1415 0.1415 0.1415 0.241 0.241 0.2481 0.2481 0.222 0.222 0.222 0.2026 0.2026 0.221 0.221 0.226 0.226 0.2195 0.2195 0.2195 0.231 0.231 0.303 0.303 0.303 0.303 0.303 0.284 0.284 0.2805 0.2805 0.237 0.237 0.237 0.2175 0.2175 0.2555 0.2555 0.22
-1 -1 -1 -1 -1 -1 -1 -1 -1 -1 -1 -1 -1 -1 -1 -1 -1 -1 -1 -1 -1 -1 -1 -1 -1 -1 -1 -1 -1 -1 -1 -1 -1 -1 -1 -1 -1 0.0007 0.0007 0.1035 0.1035 0.1035 0.234 0.234 0.2495 0.2495 0.2395 0.2395 0.2395 0.2345 0.2345 0.2371 0.2371 0.2125 0.2125 0.24 0.24 0.24 0.2795 0.2795 0.2615 0.2615 0.2615 0.2615 0.2615 0.2685 0.2685 0.2765 0.2765 0.2595 0.2595 0.2595 0.27 0.27 0.263 0.263 0.273
-1 -1 -1 -1 -1 -1 -1 -1 -1 -1 -1 -1 -1 -1 -1 -1 -1 -1 -1 -1 -1 -1 -1 -1 -1 -1 -1 -1 -1 -1 -1 -1 -1 -1 -1 -1 -1 0.0007 0.0007 0.1035 0.1035 0.1035 0.234 0.234 0.2495 0.2495 0.2395 0.2395 0.2395 0.2345 0.2345 0.2371 0.2371 0.2125 0.2125 0.24 0.24 0.24 0.2795 0.2795 0.2615 0.2615 0.2615 0.2615 0.2615 0.2685 0.2685 0.2765 0.2765 0.2595 0.2595 0.2595 0.27 0.27 0.263 0.263 0.273
-1 -1 -1 -1 -1 -1 -1 -1 -1 -1 -1 -1 -1 -1 -1 -1 -1 -1 -1 -1 -1 -1 -1 -1 -1 -1 -1 -1 -1 -1 -1 -1 -1 -1 -1 -1 -1 0.1237 0.1237 0.0895 0.0895 0.0895 0.147 0.147 0.214 0.214 0.2341 0.2341 0.2341 0.2275 0.2275 0.2355 0.2355 0.238 0.238 0.244 0.244 0.244 0.2645 0.2645 0.2735 0.2735 0.2735 0.2735 0.2735 0.2675 0.2675 0.22 0.22 0.2435 0.2435 0.2435 0.282 0.282 0.2755 0.2755 0.2425
-1 -1 -1 -1 -1 -1 -1 -1 -1 -1 -1 -1 -1 -1 -1 -1 -1 -1 -1 -1 -1 -1 -1 -1 -1 -1 -1 -1 -1 -1 -1 -1 -1 -1 -1 -1 -1 0.1237 0.1237 0.0895 0.0895 0.0895 0.147 0.147 0.214 0.214 0.2341 0.2341 0.2341 0.2275 0.2275 0.2355 0.2355 0.238 0.238 0.244 0.244 0.244 0.2645 0.2645 0.2735 0.2735 0.2735 0.2735 0.2735 0.2675 0.2675 0.22 0.22 0.2435 0.2435 0.2435 0.282 0.282 0.2755 0.2755 0.2425
-1 -1 -1 -1 -1 -1 -1 -1 -1 -1 -1 -1 -1 -1 -1 -1 -1 -1 -1 -1 -1 -1 -1 -1 -1 -1 -1 -1 -1 -1 -1 -1 -1 -1 -1 -1 -1 -0.0068 -0.0068 0.172 0.172 0.172 0.193 0.193 0.215 0.215 0.219 0.219 0.219 0.2315 0.2315 0.233 0.233 0.2605 0.2605 0.2505 0.2505 0.2505 0.2665 0.2665 0.262 0.262 0.262 0.262 0.262 0.267 0.267 0.2815 0.2815 0.251 0.251 0.251 0.231 0.231 0.2665 0.2665 0.2605
-1 -1 -1 -1 -1 -1 -1 -1 -1 -1 -1 -1 -1 -1 -1 -1 -1 -1 -1 -1 -1 -1 -1 -1 -1 -1 -1 -1 -1 -1 -1 -1 -1 -1 -1 -1 -1 -0.0068 -0.0068 0.172 0.172 0.172 0.193 0.193 0.215 0.215 0.219 0.219 0.219 0.2315 0.2315 0.233 0.233 0.2605 0.2605 0.2505 0.2505 0.2505 0.2665 0.2665 0.262 0.262 0.262 0.262 0.262 0.267 0.267 0.2815 0.2815 0.251 0.251 0.251 0.231 0.231 0.2665 0.2665 0.2605
-1 -1 -1 -1 -1 -1 -1 -1 -1 -1 -1 -1 -1 -1 -1 -1 -1 -1 -1 -1 -1 -1 -1 -1 -1 -1 -1 -1 -1 -1 -1 -1 -1 -1 -1 -1 -1 -0.0068 -0.0068 0.172 0.172 0.172 0.193 0.193 0.215 0.215 0.219 0.219 0.219 0.2315 0.2315 0.233 0.233 0.2605 0.2605 0.2505 0.2505 0.2505 0.2665 0.2665 0.262 0.262 0.262 0.262 0.262 0.267 0.267 0.2815 0.2815 0.251 0.251 0.251 0.231 0.231 0.2665 0.2665 0.2605
-1 -1 -1 -1 -1 -1 -1 -1 -1 -1 -1 -1 -1 -1 -1 -1 -1 -1 -1 -1 -1 -1 -1 -1 -1 -1 -1 -1 -1 -1 -1 -1 -1 -1 -1 -1 -1 0.0232 0.0232 0.2055 0.2055 0.2055 0.1975 0.1975 0.199 0.199 0.2265 0.2265 0.2265 0.2531 0.2531 0.2415 0.2415 0.2405 0.2405 0.236 0.236 0.236 0.2235 0.2235 0.2285 0.2285 0.2285 0.2285 0.2285 0.265 0.265 0.2575 0.2575 0.265 0.265 0.265 0.269 0.269 0.2355 0.2355 0.2335
-1 -1 -1 -1 -1 -1 -1 -1 -1 -1 -1 -1 -1 -1 -1 -1 -1 -1 -1 -1 -1 -1 -1 -1 -1 -1 -1 -1 -1 -1 -1 -1 -1 -1 -1 -1 -1 0.0232 0.0232 0.2055 0.2055 0.2055 0.1975 0.1975 0.199 0.199 0.2265 0.2265 0.2265 0.2531 0.2531 0.2415 0.2415 0.2405 0.2405 0.236 0.236 0.236 0.2235 0.2235 0.2285 0.2285 0.2285 0.2285 0.2285 0.265 0.265 0.2575 0.2575 0.265 0.265 0.265 0.269 0.269 0.2355 0.2355 0.2335
-1 -1 -1 -1 -1 -1 -1 -1 -1 -1 -1 -1 -1 -1 -1 -1 -1 -1 -1 -1 -1 -1 -1 -1 -1 -1 -1 -1 -1 -1 -1 -1 -1 -1 -1 -1 -1 0.0927 0.0927 0.246 0.246 0.246 0.2001 0.2001 0.22 0.22 0.2225 0.2225 0.2225 0.254 0.254 0.2395 0.2395 0.2295 0.2295 0.267 0.267 0.267 0.2215 0.2215 0.2755 0.2755 0.2755 0.2755 0.2755 0.275 0.275 0.2895 0.2895 0.263 0.263 0.263 0.256 0.256 0.2645 0.2645 0.243
-1 -1 -1 -1 -1 -1 -1 -1 -1 -1 -1 -1 -1 -1 -1 -1 -1 -1 -1 -1 -1 -1 -1 -1 -1 -1 -1 -1 -1 -1 -1 -1 -1 -1 -1 -1 -1 0.0927 0.0927 0.246 0.246 0.246 0.2001 0.2001 0.22 0.22 0.2225 0.2225 0.2225 0.254 0.254 0.2395 0.2395 0.2295 0.2295 0.267 0.267 0.267 0.2215 0.2215 0.2755 0.2755 0.2755 0.2755 0.2755 0.275 0.275 0.2895 0.2895 0.263 0.263 0.263 0.256 0.256 0.2645 0.2645 0.243
-1 -1 -1 -1 -1 -1 -1 -1 -1 -1 -1 -1 -1 -1 -1 -1 -1 -1 -1 -1 -1 -1 -1 -1 -1 -1 -1 -1 -1 -1 -1 -1 -1 -1 -1 0.0487 0.0487 0.162 0.162 0.2131 0.2131 0.2131 0.2236 0.2236 0.2156 0.2156 0.201 0.201 0.201 0.217 0.217 0.228 0.228 0.2325 0.2325 0.2545 0.2545 0.2545 0.2945 0.2945 0.281 0.281 0.281 0.281 0.281 0.284 0.284 0.2995 0.2995 0.292 0.292 0.292 0.279 0.279 0.299 0.299 0.294
-1 -1 -1 -1 -1 -1 -1 -1 -1 -1 -1 -1 -1 -1 -1 -1 -1 -1 -1 -1 -1 -1 -1 -1 -1 -1 -1 -1 -1 -1 -1 -1 -1 -1 -1 0.0487 0.0487 0.162 0.162 0.2131 0.2131 0.2131 0.2236 0.2236 0.2156 0.2156 0.201 0.201 0.201 0.217 0.217 0.228 0.228 0.2325 0.2325 0.2545 0.2545 0.2545 0.2945 0.2945 0.281 0.281 0.281 0.281 0.281 0.284 0.284 0.2995 0.2995 0.292 0.292 0.292 0.279 0.279 0.299 0.299 0.294
-1 -1 -1 -1 -1 -1 -1 -1 -1 -1 -1 -1 -1 -1 -1 -1 -1 -1 -1 -1 -1 -1 -1 -1 -1 -1 -1 -1 -1 -1 -1 -1 -1 -1 -1 0.0487 0.0487 0.162 0.162 0.2131 0.2131 0.2131 0.2236 0.2236 0.2156 0.2156 0.201 0.201 0.201 0.217 0.217 0.228 0.228 0.2325 0.2325 0.2545 0.2545 0.2545 0.2945 0.2945 0.281 0.281 0.281 0.281 0.281 0.284 0.284 0.2995 0.2995 0.292 0.292 0.292 0.279 0.279 0.299 0.299 0.294
-1 -1 -1 -1 -1 -1 -1 -1 -1 -1 -1 -1 -1 -1 -1 -1 -1 -1 -1 -1 -1 -1 -1 -1 -1 -1 -1 -1 -1 -1 -1 -1 -1 -1 -1 0.0635 0.0635 0.233 0.233 0.218 0.218 0.218 0.207 0.207 0.2045 0.2045 0.225 0.225 0.225 0.229 0.229 0.237 0.237 0.265 0.265 0.308 0.308 0.308 0.333 0.333 0.4095 0.4095 0.4095 0.4095 0.4095 0.379 0.379 0.4165 0.4165 0.3875 0.3875 0.3875 0.3485 0.3485 0.3135 0.3135 0.3165
-1 -1 -1 -1 -1 -1 -1 -1 -1 -1 -1 -1 -1 -1 -1 -1 -1 -1 -1 -1 -1 -1 -1 -1 -1 -1 -1 -1 -1 -1 -1 -1 -1 -1 -1 0.0635 0.0635 0.233 0.233 0.218 0.218 0.218 0.207 0.207 0.2045 0.2045 0.225 0.225 0.225 0.229 0.229 0.237 0.237 0.265 0.265 0.308 0.308 0.308 0.333 0.333 0.4095 0.4095 0.4095 0.4095 0.4095 0.379 0.379 0.4165 0.4165 0.3875 0.3875 0.3875 0.3485 0.3485 0.3135 0.3135 0.3165
-1 -1 -1 -1 -1 -1 -1 -1 -1 -1 -1 -1 -1 -1 -1 -1 -1 -1 -1 -1 -1 -1 -1 -1 -1 -1 -1 -1 -1 -1 -1 -1 0.0397 0.0397 0.0397 0.2205 0.2205 0.209 0.209 0.2025 0.2025 0.2025 0.224 0.224 0.2295 0.2295 0.2555 0.2555 0.2555 0.252 0.252 0.27 0.27 0.293 0.293 0.2905 0.2905 0.2905 0.3535 0.3535 0.436 0.436 0.436 0.436 0.436 0.4545 0.4545 0.436 0.436 0.435 0.435 0.435 0.377 0.377 0.3665 0.3665 0.359
-1 -1 -1 -1 -1 -1 -1 -1 -1 -1 -1 -1 -1 -1 -1 -1 -1 -1 -1 -1 -1 -1 -1 -1 -1 -1 -1 -1 -1 -1 -1 -1 0.0397 0.0397 0.0397 0.2205 0.2205 0.209 0.209 0.2025 0.2025 0.2025 0.224 0.224 0.2295 0.2295 0.2555 0.2555 0.2555 0.252 0.252 0.27 0.27 0.293 0.293 0.2905 0.2905 0.2905 0.3535 0.3535 0.436 0.436 0.436 0.436 0.436 0.4545 0.4545 0.436 0.436 0.435 0.435 0.435 0.377 0.377 0.3665 0.3665 0.359
-1 -1 -1 -1 -1 -1 -1 -1 -1 -1 -1 -1 -1 -1 -1 -1 -1 -1 -1 -1 -1 -1 -1 -1 -1 -1 -1 -1 -1 -1 0.0057 0.0057 0.2685 0.2685 0.2685 0.2155 0.2155 0.2035 0.2035 0.206 0.206 0.206 0.209 0.209 0.227 0.227 0.271 0.271 0.271 0.266 0.266 0.275 0.275 0.322 0.322 0.313 0.313 0.313 0.3595 0.3595 0.4375 0.4375 0.4375 0.4375 0.4375 0.4515 0.4515 0.436 0.436 0.4155 0.4155 0.4155 0.4005 0.4005 0.362 0.362 0.3235
-1 -1 -1 -1 -1 -1 -1 -1 -1 -1 -1 -1 -1 -1 -1 -1 -1 -1 -1 -1 -1 -1 -1 -1 -1 -1 -1 -1 -1 -1 0.0057 0.0057 0.2685 0.2685 0.2685 0.2155 0.2155 0.2035 0.2035 0.206 0.206 0.206 0.209 0.209 0.227 0.227 0.271 0.271 0.271 0.266 0.266 0.275 0.275 0.322 0.322 0.313 0.313 0.313 0.3595 0.3595 0.4375 0.4375 0.4375 0.4375 0.4375 0.4515 0.4515 0.436 0.436 0.4155 0.4155 0.4155 0.4005 0.4005 0.362 0.362 0.3235
-1 -1 -1 -1 -1 -1 -1 -1 -1 -1 -1 -1 -1 -1 -1 -1 -1 -1 -1 -1 -1 -1 -1 -1 -1 -1 -1 -1 -1 -1 0.0057 0.0057 0.2685 0.2685 0.2685 0.2155 0.2155 0.2035 0.2035 0.206 0.206 0.206 0.209 0.209 0.227 0.227 0.271 0.271 0.271 0.266 0.266 0.275 0.275 0.322 0.322 0.313 0.313 0.313 0.3595 0.3595 0.4375 0.4375 0.4375 0.4375 0.4375 0.4515 0.4515 0.436 0.436 0.4155 0.4155 0.4155 0.4005 0.4005 0.362 0.362 0.3235
-1 -1 -1 -1 -1 -1 -1 -1 -1 -1 -1 -1 -1 -1 -1 -1 -1 -1 -1 -1 -1 -1 -1 -1 -1 -1 -1 -1 -1 -1 0.0546 0.0546 0.205 0.205 0.205 0.222 0.222 0.217 0.217 0.2115 0.2115 0.2115 0.22 0.22 0.2345 0.2345 0.267 0.267 0.267 0.2825 0.2825 0.317 0.317 0.3475 0.3475 0.356 0.356 0.356 0.3915 0.3915 0.4365 0.4365 0.4365 0.4365 0.4365 0.435 0.435 0.4065 0.4065 0.3695 0.3695 0.3695 0.35 0.35 0.316 0.316 0.2805
-1 -1 -1 -1 -1 -1 -1 -1 -1 -1 -1 -1 -1 -1 -1 -1 -1 -1 -1 -1 -1 -1 -1 -1 -1 -1 -1 -1 -1 -1 0.0546 0.0546 0.205 0.205 0.205 0.222 0.222 0.217 0.217 0.2115 0.2115 0.2115 0.22 0.22 0.2345 0.2345 0.267 0.267 0.267 0.2825 0.2825 0.317 0.317 0.3475 0.3475 0.356 0.356 0.356 0.3915 0.3915 0.4365 0.4365 0.4365 0.4365 0.4365 0.435 0.435 0.4065 0.4065 0.3695 0.3695 0.3695 0.35 0.35 0.316 0.316 0.2805
-1 -1 -1 -1 -1 -1 -1 -1 -1 -1 -1 -1 -1 -1 -1 -1 -1 -1 -1 -1 -1 -1 -1 -1 -1 -1 -1 -1 0.0077 0.0077 0.19 0.19 0.244 0.244 0.244 0.235 0.235 0.2275 0.2275 0.233 0.233 0.233 0.2465 0.2465 0.2395 0.2395 0.293 0.293 0.293 0.3235 0.3235 0.3415 0.3415 0.365 0.365 0.383 0.383 0.383 0.3885 0.3885 0.41 0.41 0.41 0.41 0.41 0.4225 0.4225 0.3455 0.3455 0.3345 0.3345 0.3345 0.327 0.327 0.291 0.291 0.2855
-1 -1 -1 -1 -1 -1 -1 -1 -1 -1 -1 -1 -1 -1 -1 -1 -1 -1 -1 -1 -1 -1 -1 -1 -1 -1 -1 -1 0.0077 0.0077 0.19 0.19 0.244 0.244 0.244 0.235 0.235 0.2275 0.2275 0.233 0.233 0.233 0.2465 0.2465 0.2395 0.2395 0.293 0.293 0.293 0.3235 0.3235 0.3415 0.3415 0.365 0.365 0.383 0.383 0.383 0.3885 0.3885 0.41 0.41 0.41 0.41 0.41 0.4225 0.4225 0.3455 0.3455 0.3345 0.3345 0.3345 0.327 0.327 0.291 0.291 0.2855
-1 -1 -1 -1 -1 -1 -1 -1 -1 -1 -1 -1 -1 -1 -1 -1 -1 -1 -1 -1 -1 -1 -1 -1 -1 0.0727 0.0727 0.0727 0.1415 0.1415 0.2485 0.2485 0.237 0.237 0.237 0.2465 0.2465 0.2325 0.2325 0.243 0.243 0.243 0.253 0.253 0.266 0.266 0.295 0.295 0.295 0.319 0.319 0.3355 0.3355 0.387 0.387 0.382 0.382 0.382 0.3495 0.3495 0.375 0.375 0.375 0.375 0.375 0.3715 0.3715 0.362 0.362 0.325 0.325 0.325 0.3105 0.3105 0.2995 0.2995 0.2785
