ndvi/NOAA-218.asc
ncols         252
nrows         154
xllcorner     -18.017974
yllcorner     13.481982
cellsize      0.035948
NODATA_value  -9999
[rows 34 to 67 of 154, columns 154 to 230 of 252]
0.139 0.136 0.136 0.14 0.14 0.14 0.14 0.14 0.1245 0.1245 0.121 0.121 0.108 0.108 0.108 0.111 0.111 0.121 0.121 0.1135 0.1135 0.1135 0.117 0.117 0.141 0.141 0.146 0.146 0.146 0.145 0.145 0.146 0.146 0.135 0.135 0.135 0.1355 0.1355 0.1405 0.1405 0.1425 0.1425 0.1425 0.138 0.138 0.135 0.135 0.1465 0.1465 0.1405 0.1405 0.1405 0.145 0.145 0.153 0.153 0.15 0.15 0.15 0.1545 0.1545 0.1485 0.1485 0.1525 0.1525 0.1525 0.1505 0.1505 0.1545 0.1545 0.1405 0.1405 0.1405 0.1415 0.1415 0.1425 0.1425
0.139 0.136 0.136 0.14 0.14 0.14 0.14 0.14 0.1245 0.1245 0.121 0.121 0.108 0.108 0.108 0.111 0.111 0.121 0.121 0.1135 0.1135 0.1135 0.117 0.117 0.141 0.141 0.146 0.146 0.146 0.145 0.145 0.146 0.146 0.135 0.135 0.135 0.1355 0.1355 0.1405 0.1405 0.1425 0.1425 0.1425 0.138 0.138 0.135 0.135 0.1465 0.1465 0.1405 0.1405 0.1405 0.145 0.145 0.153 0.153 0.15 0.15 0.15 0.1545 0.1545 0.1485 0.1485 0.1525 0.1525 0.1525 0.1505 0.1505 0.1545 0.1545 0.1405 0.1405 0.1405 0.1415 0.1415 0.1425 0.1425
0.139 0.136 0.136 0.14 0.14 0.14 0.14 0.14 0.1245 0.1245 0.121 0.121 0.108 0.108 0.108 0.111 0.111 0.121 0.121 0.1135 0.1135 0.1135 0.117 0.117 0.141 0.141 0.146 0.146 0.146 0.145 0.145 0.146 0.146 0.135 0.135 0.135 0.1355 0.1355 0.1405 0.1405 0.1425 0.1425 0.1425 0.138 0.138 0.135 0.135 0.1465 0.1465 0.1405 0.1405 0.1405 0.145 0.145 0.153 0.153 0.15 0.15 0.15 0.1545 0.1545 0.1485 0.1485 0.1525 0.1525 0.1525 0.1505 0.1505 0.1545 0.1545 0.1405 0.1405 0.1405 0.1415 0.1415 0.1425 0.1425
0.1375 0.1285 0.1285 0.1365 0.1365 0.1365 0.147 0.147 0.112 0.112 0.11 0.11 0.1125 0.1125 0.1125 0.116 0.116 0.1185 0.1185 0.109 0.109 0.109 0.1185 0.1185 0.148 0.148 0.155 0.155 0.155 0.1575 0.1575 0.149 0.149 0.145 0.145 0.145 0.139 0.139 0.1375 0.1375 0.133 0.133 0.133 0.131 0.131 0.135 0.135 0.1415 0.1415 0.1415 0.1415 0.1415 0.1475 0.1475 0.1525 0.1525 0.1425 0.1425 0.1425 0.1475 0.1475 0.1535 0.1535 0.153 0.153 0.153 0.147 0.147 0.1455 0.1455 0.139 0.139 0.139 0.155 0.155 0.156 0.156
0.1375 0.1285 0.1285 0.1365 0.1365 0.1365 0.147 0.147 0.112 0.112 0.11 0.11 0.1125 0.1125 0.1125 0.116 0.116 0.1185 0.1185 0.109 0.109 0.109 0.1185 0.1185 0.148 0.148 0.155 0.155 0.155 0.1575 0.1575 0.149 0.149 0.145 0.145 0.145 0.139 0.139 0.1375 0.1375 0.133 0.133 0.133 0.131 0.131 0.135 0.135 0.1415 0.1415 0.1415 0.1415 0.1415 0.1475 0.1475 0.1525 0.1525 0.1425 0.1425 0.1425 0.1475 0.1475 0.1535 0.1535 0.153 0.153 0.153 0.147 0.147 0.1455 0.1455 0.139 0.139 0.139 0.155 0.155 0.156 0.156
0.1505 0.1255 0.1255 0.1115 0.1115 0.1115 0.1065 0.1065 0.1095 0.1095 0.111 0.111 0.1165 0.1165 0.1165 0.113 0.113 0.1105 0.1105 0.102 0.102 0.102 0.1185 0.1185 0.149 0.149 0.1665 0.1665 0.1665 0.1625 0.1625 0.167 0.167 0.157 0.157 0.157 0.144 0.144 0.1345 0.1345 0.134 0.134 0.134 0.135 0.135 0.137 0.137 0.138 0.138 0.149 0.149 0.149 0.142 0.142 0.1445 0.1445 0.153 0.153 0.153 0.156 0.156 0.152 0.152 0.155 0.155 0.155 0.1445 0.1445 0.154 0.154 0.1505 0.1505 0.1505 0.1595 0.1595 0.1545 0.1545
0.1505 0.1255 0.1255 0.1115 0.1115 0.1115 0.1065 0.1065 0.1095 0.1095 0.111 0.111 0.1165 0.1165 0.1165 0.113 0.113 0.1105 0.1105 0.102 0.102 0.102 0.1185 0.1185 0.149 0.149 0.1665 0.1665 0.1665 0.1625 0.1625 0.167 0.167 0.157 0.157 0.157 0.144 0.144 0.1345 0.1345 0.134 0.134 0.134 0.135 0.135 0.137 0.137 0.138 0.138 0.149 0.149 0.149 0.142 0.142 0.1445 0.1445 0.153 0.153 0.153 0.156 0.156 0.152 0.152 0.155 0.155 0.155 0.1445 0.1445 0.154 0.154 0.1505 0.1505 0.1505 0.1595 0.1595 0.1545 0.1545
0.1295 0.1295 0.1295 0.114 0.114 0.114 0.1065 0.1065 0.11 0.11 0.11 0.11 0.115 0.115 0.115 0.119 0.119 0.117 0.117 0.1175 0.1175 0.1175 0.118 0.118 0.1555 0.1555 0.148 0.148 0.148 0.1625 0.1625 0.1655 0.1655 0.152 0.152 0.152 0.151 0.151 0.141 0.141 0.1405 0.1405 0.1405 0.139 0.139 0.145 0.145 0.1575 0.1575 0.1435 0.1435 0.1435 0.1345 0.1345 0.143 0.143 0.149 0.149 0.149 0.1495 0.1495 0.148 0.148 0.1565 0.1565 0.1565 0.154 0.154 0.1545 0.1545 0.1585 0.1585 0.1585 0.1495 0.1495 0.161 0.161
0.1295 0.1295 0.1295 0.114 0.114 0.114 0.1065 0.1065 0.11 0.11 0.11 0.11 0.115 0.115 0.115 0.119 0.119 0.117 0.117 0.1175 0.1175 0.1175 0.118 0.118 0.1555 0.1555 0.148 0.148 0.148 0.1625 0.1625 0.1655 0.1655 0.152 0.152 0.152 0.151 0.151 0.141 0.141 0.1405 0.1405 0.1405 0.139 0.139 0.145 0.145 0.1575 0.1575 0.1435 0.1435 0.1435 0.1345 0.1345 0.143 0.143 0.149 0.149 0.149 0.1495 0.1495 0.148 0.148 0.1565 0.1565 0.1565 0.154 0.154 0.1545 0.1545 0.1585 0.1585 0.1585 0.1495 0.1495 0.161 0.161
0.1295 0.1295 0.1295 0.114 0.114 0.114 0.1065 0.1065 0.11 0.11 0.11 0.11 0.115 0.115 0.115 0.119 0.119 0.117 0.117 0.1175 0.1175 0.1175 0.118 0.118 0.1555 0.1555 0.148 0.148 0.148 0.1625 0.1625 0.1655 0.1655 0.152 0.152 0.152 0.151 0.151 0.141 0.141 0.1405 0.1405 0.1405 0.139 0.139 0.145 0.145 0.1575 0.1575 0.1435 0.1435 0.1435 0.1345 0.1345 0.143 0.143 0.149 0.149 0.149 0.1495 0.1495 0.148 0.148 0.1565 0.1565 0.1565 0.154 0.154 0.1545 0.1545 0.1585 0.1585 0.1585 0.1495 0.1495 0.161 0.161
0.118 0.144 0.144 0.137 0.137 0.137 0.127 0.127 0.131 0.131 0.1275 0.1275 0.132 0.132 0.132 0.119 0.119 0.176 0.176 0.158 0.158 0.158 0.1475 0.1475 0.1415 0.1415 0.1475 0.1475 0.1475 0.1535 0.1535 0.156 0.156 0.1575 0.1575 0.1575 0.1505 0.1505 0.144 0.144 0.1425 0.1425 0.1425 0.1435 0.1435 0.147 0.147 0.146 0.146 0.1615 0.1615 0.1615 0.136 0.136 0.146 0.146 0.1495 0.1495 0.1495 0.155 0.155 0.159 0.159 0.1555 0.1555 0.1555 0.1665 0.1665 0.1555 0.1555 0.1585 0.1585 0.1585 0.158 0.158 0.1505 0.1505
0.118 0.144 0.144 0.137 0.137 0.137 0.127 0.127 0.131 0.131 0.1275 0.1275 0.132 0.132 0.132 0.119 0.119 0.176 0.176 0.158 0.158 0.158 0.1475 0.1475 0.1415 0.1415 0.1475 0.1475 0.1475 0.1535 0.1535 0.156 0.156 0.1575 0.1575 0.1575 0.1505 0.1505 0.144 0.144 0.1425 0.1425 0.1425 0.1435 0.1435 0.147 0.147 0.146 0.146 0.1615 0.1615 0.1615 0.136 0.136 0.146 0.146 0.1495 0.1495 0.1495 0.155 0.155 0.159 0.159 0.1555 0.1555 0.1555 0.1665 0.1665 0.1555 0.1555 0.1585 0.1585 0.1585 0.158 0.158 0.1505 0.1505
0.14 0.143 0.143 0.161 0.161 0.161 0.1715 0.1715 0.1665 0.1665 0.159 0.159 0.168 0.168 0.168 0.1735 0.1735 0.17 0.17 0.159 0.159 0.159 0.1645 0.1645 0.161 0.161 0.1555 0.1555 0.1555 0.1525 0.1525 0.161 0.161 0.1585 0.1585 0.1585 0.1535 0.1535 0.1455 0.1455 0.152 0.152 0.152 0.151 0.151 0.1545 0.1545 0.161 0.161 0.1585 0.1585 0.1585 0.1515 0.1515 0.144 0.144 0.1575 0.1575 0.1575 0.1615 0.1615 0.167 0.167 0.165 0.165 0.165 0.1665 0.1665 0.1565 0.1565 0.154 0.154 0.154 0.158 0.158 0.1635 0.1635
0.14 0.143 0.143 0.161 0.161 0.161 0.1715 0.1715 0.1665 0.1665 0.159 0.159 0.168 0.168 0.168 0.1735 0.1735 0.17 0.17 0.159 0.159 0.159 0.1645 0.1645 0.161 0.161 0.1555 0.1555 0.1555 0.1525 0.1525 0.161 0.161 0.1585 0.1585 0.1585 0.1535 0.1535 0.1455 0.1455 0.152 0.152 0.152 0.151 0.151 0.1545 0.1545 0.161 0.161 0.1585 0.1585 0.1585 0.1515 0.1515 0.144 0.144 0.1575 0.1575 0.1575 0.1615 0.1615 0.167 0.167 0.165 0.165 0.165 0.1665 0.1665 0.1565 0.1565 0.154 0.154 0.154 0.158 0.158 0.1635 0.1635
0.1305 0.142 0.142 0.1635 0.1635 0.1635 0.163 0.163 0.184 0.184 0.166 0.166 0.1635 0.1635 0.1635 0.1685 0.1685 0.16 0.16 0.158 0.158 0.158 0.158 0.158 0.169 0.169 0.16 0.16 0.16 0.1575 0.1575 0.155 0.155 0.1625 0.1625 0.1625 0.159 0.159 0.166 0.166 0.162 0.162 0.162 0.1675 0.1675 0.1565 0.1565 0.165 0.165 0.154 0.154 0.154 0.14 0.14 0.1495 0.1495 0.157 0.157 0.157 0.1595 0.1595 0.1605 0.1605 0.1515 0.1515 0.1515 0.15 0.15 0.1565 0.1565 0.1625 0.1625 0.1625 0.161 0.161 0.1535 0.1535
0.1305 0.142 0.142 0.1635 0.1635 0.1635 0.163 0.163 0.184 0.184 0.166 0.166 0.1635 0.1635 0.1635 0.1685 0.1685 0.16 0.16 0.158 0.158 0.158 0.158 0.158 0.169 0.169 0.16 0.16 0.16 0.1575 0.1575 0.155 0.155 0.1625 0.1625 0.1625 0.159 0.159 0.166 0.166 0.162 0.162 0.162 0.1675 0.1675 0.1565 0.1565 0.165 0.165 0.154 0.154 0.154 0.14 0.14 0.1495 0.1495 0.157 0.157 0.157 0.1595 0.1595 0.1605 0.1605 0.1515 0.1515 0.1515 0.15 0.15 0.1565 0.1565 0.1625 0.1625 0.1625 0.161 0.161 0.1535 0.1535
0.1305 0.142 0.142 0.1635 0.1635 0.1635 0.163 0.163 0.184 0.184 0.166 0.166 0.1635 0.1635 0.1635 0.1685 0.1685 0.16 0.16 0.158 0.158 0.158 0.158 0.158 0.169 0.169 0.16 0.16 0.16 0.1575 0.1575 0.155 0.155 0.1625 0.1625 0.1625 0.159 0.159 0.166 0.166 0.162 0.162 0.162 0.1675 0.1675 0.1565 0.1565 0.165 0.165 0.154 0.154 0.154 0.14 0.14 0.1495 0.1495 0.157 0.157 0.157 0.1595 0.1595 0.1605 0.1605 0.1515 0.1515 0.1515 0.15 0.15 0.1565 0.1565 0.1625 0.1625 0.1625 0.161 0.161 0.1535 0.1535
0.127 0.1365 0.1365 0.162 0.162 0.162 0.184 0.184 0.1985 0.1985 0.189 0.189 0.174 0.174 0.174 0.1595 0.1595 0.158 0.158 0.1635 0.1635 0.1635 0.167 0.167 0.168 0.168 0.171 0.171 0.171 0.1745 0.1745 0.165 0.165 0.173 0.173 0.173 0.176 0.176 0.178 0.178 0.169 0.169 0.169 0.1625 0.1625 0.1545 0.1545 0.149 0.149 0.146 0.146 0.146 0.139 0.139 0.1495 0.1495 0.1625 0.1625 0.1625 0.1625 0.1625 0.159 0.159 0.1655 0.1655 0.1655 0.156 0.156 0.1575 0.1575 0.1595 0.1595 0.1595 0.1615 0.1615 0.1555 0.1555
0.127 0.1365 0.1365 0.162 0.162 0.162 0.184 0.184 0.1985 0.1985 0.189 0.189 0.174 0.174 0.174 0.1595 0.1595 0.158 0.158 0.1635 0.1635 0.1635 0.167 0.167 0.168 0.168 0.171 0.171 0.171 0.1745 0.1745 0.165 0.165 0.173 0.173 0.173 0.176 0.176 0.178 0.178 0.169 0.169 0.169 0.1625 0.1625 0.1545 0.1545 0.149 0.149 0.146 0.146 0.146 0.139 0.139 0.1495 0.1495 0.1625 0.1625 0.1625 0.1625 0.1625 0.159 0.159 0.1655 0.1655 0.1655 0.156 0.156 0.1575 0.1575 0.1595 0.1595 0.1595 0.1615 0.1615 0.1555 0.1555
0.1255 0.122 0.122 0.1645 0.1645 0.1645 0.194 0.194 0.1955 0.1955 0.1925 0.1925 0.177 0.177 0.177 0.1635 0.1635 0.1675 0.1675 0.1695 0.1695 0.1695 0.1705 0.1705 0.1955 0.1955 0.1915 0.1915 0.1915 0.1935 0.1935 0.187 0.187 0.189 0.189 0.189 0.19 0.19 0.1855 0.1855 0.167 0.167 0.167 0.169 0.169 0.1535 0.1535 0.1635 0.1635 0.1525 0.1525 0.1525 0.1455 0.1455 0.154 0.154 0.17 0.17 0.17 0.1735 0.1735 0.1695 0.1695 0.173 0.173 0.173 0.1755 0.1755 0.1675 0.1675 0.1665 0.1665 0.1665 0.1715 0.1715 0.1805 0.1805
0.1255 0.122 0.122 0.1645 0.1645 0.1645 0.194 0.194 0.1955 0.1955 0.1925 0.1925 0.177 0.177 0.177 0.1635 0.1635 0.1675 0.1675 0.1695 0.1695 0.1695 0.1705 0.1705 0.1955 0.1955 0.1915 0.1915 0.1915 0.1935 0.1935 0.187 0.187 0.189 0.189 0.189 0.19 0.19 0.1855 0.1855 0.167 0.167 0.167 0.169 0.169 0.1535 0.1535 0.1635 0.1635 0.1525 0.1525 0.1525 0.1455 0.1455 0.154 0.154 0.17 0.17 0.17 0.1735 0.1735 0.1695 0.1695 0.173 0.173 0.173 0.1755 0.1755 0.1675 0.1675 0.1665 0.1665 0.1665 0.1715 0.1715 0.1805 0.1805
0.118 0.1185 0.1185 0.1765 0.1765 0.1765 0.17 0.17 0.188 0.188 0.1885 0.1885 0.19 0.19 0.19 0.199 0.199 0.191 0.191 0.202 0.202 0.202 0.203 0.203 0.211 0.211 0.204 0.204 0.204 0.203 0.203 0.1955 0.1955 0.1835 0.1835 0.1835 0.1905 0.1905 0.177 0.177 0.159 0.159 0.159 0.1595 0.1595 0.169 0.169 0.1595 0.1595 0.1545 0.1545 0.1545 0.1465 0.1465 0.1515 0.1515 0.155 0.155 0.155 0.16 0.16 0.171 0.171 0.1705 0.1705 0.1705 0.166 0.166 0.1635 0.1635 0.1765 0.1765 0.1765 0.171 0.171 0.1705 0.1705
0.118 0.1185 0.1185 0.1765 0.1765 0.1765 0.17 0.17 0.188 0.188 0.1885 0.1885 0.19 0.19 0.19 0.199 0.199 0.191 0.191 0.202 0.202 0.202 0.203 0.203 0.211 0.211 0.204 0.204 0.204 0.203 0.203 0.1955 0.1955 0.1835 0.1835 0.1835 0.1905 0.1905 0.177 0.177 0.159 0.159 0.159 0.1595 0.1595 0.169 0.169 0.1595 0.1595 0.1545 0.1545 0.1545 0.1465 0.1465 0.1515 0.1515 0.155 0.155 0.155 0.16 0.16 0.171 0.171 0.1705 0.1705 0.1705 0.166 0.166 0.1635 0.1635 0.1765 0.1765 0.1765 0.171 0.171 0.1705 0.1705
0.109 0.135 0.135 0.1425 0.1425 0.1425 0.172 0.172 0.182 0.182 0.1785 0.1785 0.1685 0.1685 0.1685 0.1855 0.1855 0.2035 0.2035 0.216 0.216 0.216 0.2125 0.2125 0.211 0.211 0.1935 0.1935 0.1935 0.196 0.196 0.192 0.192 0.1795 0.1795 0.1795 0.1845 0.1845 0.183 0.183 0.163 0.163 0.163 0.161 0.161 0.1475 0.1475 0.151 0.151 0.154 0.154 0.154 0.1445 0.1445 0.1395 0.1395 0.148 0.148 0.148 0.158 0.158 0.172 0.172 0.1655 0.1655 0.1655 0.171 0.171 0.168 0.168 0.177 0.177 0.177 0.1665 0.1665 0.175 0.175
0.109 0.135 0.135 0.1425 0.1425 0.1425 0.172 0.172 0.182 0.182 0.1785 0.1785 0.1685 0.1685 0.1685 0.1855 0.1855 0.2035 0.2035 0.216 0.216 0.216 0.2125 0.2125 0.211 0.211 0.1935 0.1935 0.1935 0.196 0.196 0.192 0.192 0.1795 0.1795 0.1795 0.1845 0.1845 0.183 0.183 0.163 0.163 0.163 0.161 0.161 0.1475 0.1475 0.151 0.151 0.154 0.154 0.154 0.1445 0.1445 0.1395 0.1395 0.148 0.148 0.148 0.158 0.158 0.172 0.172 0.1655 0.1655 0.1655 0.171 0.171 0.168 0.168 0.177 0.177 0.177 0.1665 0.1665 0.175 0.175
0.109 0.135 0.135 0.1425 0.1425 0.1425 0.172 0.172 0.182 0.182 0.1785 0.1785 0.1685 0.1685 0.1685 0.1855 0.1855 0.2035 0.2035 0.216 0.216 0.216 0.2125 0.2125 0.211 0.211 0.1935 0.1935 0.1935 0.196 0.196 0.192 0.192 0.1795 0.1795 0.1795 0.1845 0.1845 0.183 0.183 0.163 0.163 0.163 0.161 0.161 0.1475 0.1475 0.151 0.151 0.154 0.154 0.154 0.1445 0.1445 0.1395 0.1395 0.148 0.148 0.148 0.158 0.158 0.172 0.172 0.1655 0.1655 0.1655 0.171 0.171 0.168 0.168 0.177 0.177 0.177 0.1665 0.1665 0.175 0.175
0.138 0.135 0.135 0.1265 0.1265 0.1265 0.1405 0.1405 0.169 0.169 0.17 0.17 0.1775 0.1775 0.1775 0.184 0.184 0.218 0.218 0.2205 0.2205 0.2205 0.2285 0.2285 0.214 0.214 0.205 0.205 0.205 0.193 0.193 0.187 0.187 0.1875 0.1875 0.1875 0.1905 0.1905 0.1815 0.1815 0.183 0.183 0.183 0.16 0.16 0.1565 0.1565 0.1495 0.1495 0.157 0.157 0.157 0.149 0.149 0.1285 0.1285 0.1465 0.1465 0.1465 0.143 0.143 0.1575 0.1575 0.1595 0.1595 0.1595 0.1715 0.1715 0.1615 0.1615 0.156 0.156 0.156 0.1535 0.1535 0.159 0.159
0.138 0.135 0.135 0.1265 0.1265 0.1265 0.1405 0.1405 0.169 0.169 0.17 0.17 0.1775 0.1775 0.1775 0.184 0.184 0.218 0.218 0.2205 0.2205 0.2205 0.2285 0.2285 0.214 0.214 0.205 0.205 0.205 0.193 0.193 0.187 0.187 0.1875 0.1875 0.1875 0.1905 0.1905 0.1815 0.1815 0.183 0.183 0.183 0.16 0.16 0.1565 0.1565 0.1495 0.1495 0.157 0.157 0.157 0.149 0.149 0.1285 0.1285 0.1465 0.1465 0.1465 0.143 0.143 0.1575 0.1575 0.1595 0.1595 0.1595 0.1715 0.1715 0.1615 0.1615 0.156 0.156 0.156 0.1535 0.1535 0.159 0.159
0.1285 0.133 0.133 0.1335 0.1335 0.1335 0.1275 0.1275 0.138 0.138 0.168 0.168 0.1855 0.1855 0.1855 0.208 0.208 0.228 0.228 0.2305 0.2305 0.2305 0.223 0.223 0.2195 0.2195 0.1945 0.1945 0.1945 0.192 0.192 0.204 0.204 0.1965 0.1965 0.1965 0.22 0.22 0.1985 0.1985 0.195 0.195 0.195 0.185 0.185 0.176 0.176 0.155 0.155 0.157 0.157 0.157 0.1675 0.1675 0.168 0.168 0.1515 0.1515 0.1515 0.1515 0.1515 0.1605 0.1605 0.1705 0.1705 0.1705 0.1735 0.1735 0.1565 0.1565 0.154 0.154 0.154 0.1455 0.1455 0.1645 0.1645
0.1285 0.133 0.133 0.1335 0.1335 0.1335 0.1275 0.1275 0.138 0.138 0.168 0.168 0.1855 0.1855 0.1855 0.208 0.208 0.228 0.228 0.2305 0.2305 0.2305 0.223 0.223 0.2195 0.2195 0.1945 0.1945 0.1945 0.192 0.192 0.204 0.204 0.1965 0.1965 0.1965 0.22 0.22 0.1985 0.1985 0.195 0.195 0.195 0.185 0.185 0.176 0.176 0.155 0.155 0.157 0.157 0.157 0.1675 0.1675 0.168 0.168 0.1515 0.1515 0.1515 0.1515 0.1515 0.1605 0.1605 0.1705 0.1705 0.1705 0.1735 0.1735 0.1565 0.1565 0.154 0.154 0.154 0.1455 0.1455 0.1645 0.1645
0.14 0.1515 0.1515 0.1425 0.1425 0.1425 0.1345 0.1345 0.153 0.153 0.187 0.187 0.201 0.201 0.201 0.219 0.219 0.2215 0.2215 0.2225 0.2225 0.2225 0.2195 0.2195 0.215 0.215 0.195 0.195 0.195 0.193 0.193 0.2045 0.2045 0.212 0.212 0.212 0.2145 0.2145 0.212 0.212 0.2155 0.2155 0.2155 0.2025 0.2025 0.2085 0.2085 0.198 0.198 0.199 0.199 0.199 0.2055 0.2055 0.219 0.219 0.191 0.191 0.191 0.1725 0.1725 0.1735 0.1735 0.19 0.19 0.19 0.1875 0.1875 0.1685 0.1685 0.1745 0.1745 0.1745 0.1745 0.1745 0.177 0.177
0.14 0.1515 0.1515 0.1425 0.1425 0.1425 0.1345 0.1345 0.153 0.153 0.187 0.187 0.201 0.201 0.201 0.219 0.219 0.2215 0.2215 0.2225 0.2225 0.2225 0.2195 0.2195 0.215 0.215 0.195 0.195 0.195 0.193 0.193 0.2045 0.2045 0.212 0.212 0.212 0.2145 0.2145 0.212 0.212 0.2155 0.2155 0.2155 0.2025 0.2025 0.2085 0.2085 0.198 0.198 0.199 0.199 0.199 0.2055 0.2055 0.219 0.219 0.191 0.191 0.191 0.1725 0.1725 0.1735 0.1735 0.19 0.19 0.19 0.1875 0.1875 0.1685 0.1685 0.1745 0.1745 0.1745 0.1745 0.1745 0.177 0.177
0.14 0.1515 0.1515 0.1425 0.1425 0.1425 0.1345 0.1345 0.153 0.153 0.187 0.187 0.201 0.201 0.201 0.219 0.219 0.2215 0.2215 0.2225 0.2225 0.2225 0.2195 0.2195 0.215 0.215 0.195 0.195 0.195 0.193 0.193 0.2045 0.2045 0.212 0.212 0.212 0.2145 0.2145 0.212 0.212 0.2155 0.2155 0.2155 0.2025 0.2025 0.2085 0.2085 0.198 0.198 0.199 0.199 0.199 0.2055 0.2055 0.219 0.219 0.191 0.191 0.191 0.1725 0.1725 0.1735 0.1735 0.19 0.19 0.19 0.1875 0.1875 0.1685 0.1685 0.1745 0.1745 0.1745 0.1745 0.1745 0.177 0.177
0.141 0.156 0.156 0.149 0.149 0.149 0.152 0.152 0.155 0.155 0.188 0.188 0.1985 0.1985 0.1985 0.223 0.223 0.2215 0.2215 0.2335 0.2335 0.2335 0.229 0.229 0.227 0.227 0.205 0.205 0.205 0.2215 0.2215 0.2135 0.2135 0.2105 0.2105 0.2105 0.21 0.21 0.2055 0.2055 0.208 0.208 0.208 0.207 0.207 0.215 0.215 0.203 0.203 0.216 0.216 0.216 0.2125 0.2125 0.209 0.209 0.2145 0.2145 0.2145 0.223 0.223 0.2175 0.2175 0.2195 0.2195 0.2195 0.2065 0.2065 0.2285 0.2285 0.2125 0.2125 0.2125 0.2035 0.2035 0.1915 0.1915
