ndvi/NOAA-267.asc
ncols         252
nrows         154
xllcorner     -18.017974
yllcorner     13.481982
cellsize      0.035948
NODATA_value  -9999
[rows 34 to 67 of 154, columns 77 to 153 of 252]
0.1645 0.1645 0.1665 0.1665 0.164 0.164 0.1615 0.1615 0.1615 0.152 0.152 0.173 0.173 0.163 0.163 0.1595 0.1595 0.1595 0.1615 0.1615 0.1635 0.1635 0.17 0.17 0.17 0.171 0.171 0.1715 0.1715 0.1775 0.1775 0.1775 0.1675 0.1675 0.182 0.182 0.167 0.167 0.167 0.157 0.157 0.1565 0.1565 0.1745 0.1745 0.1745 0.171 0.171 0.142 0.142 0.1495 0.1495 0.1535 0.1535 0.1535 0.158 0.158 0.169 0.169 0.17 0.17 0.17 0.1715 0.1715 0.18 0.18 0.1715 0.1715 0.1715 0.167 0.167 0.133 0.133 0.119 0.119 0.119 0.1355
0.1645 0.1645 0.1665 0.1665 0.164 0.164 0.1615 0.1615 0.1615 0.152 0.152 0.173 0.173 0.163 0.163 0.1595 0.1595 0.1595 0.1615 0.1615 0.1635 0.1635 0.17 0.17 0.17 0.171 0.171 0.1715 0.1715 0.1775 0.1775 0.1775 0.1675 0.1675 0.182 0.182 0.167 0.167 0.167 0.157 0.157 0.1565 0.1565 0.1745 0.1745 0.1745 0.171 0.171 0.142 0.142 0.1495 0.1495 0.1535 0.1535 0.1535 0.158 0.158 0.169 0.169 0.17 0.17 0.17 0.1715 0.1715 0.18 0.18 0.1715 0.1715 0.1715 0.167 0.167 0.133 0.133 0.119 0.119 0.119 0.1355
0.1645 0.1645 0.1665 0.1665 0.164 0.164 0.1615 0.1615 0.1615 0.152 0.152 0.173 0.173 0.163 0.163 0.1595 0.1595 0.1595 0.1615 0.1615 0.1635 0.1635 0.17 0.17 0.17 0.171 0.171 0.1715 0.1715 0.1775 0.1775 0.1775 0.1675 0.1675 0.182 0.182 0.167 0.167 0.167 0.157 0.157 0.1565 0.1565 0.1745 0.1745 0.1745 0.171 0.171 0.142 0.142 0.1495 0.1495 0.1535 0.1535 0.1535 0.158 0.158 0.169 0.169 0.17 0.17 0.17 0.1715 0.1715 0.18 0.18 0.1715 0.1715 0.1715 0.167 0.167 0.133 0.133 0.119 0.119 0.119 0.1355
0.1705 0.1705 0.1655 0.1655 0.165 0.165 0.174 0.174 0.174 0.159 0.159 0.162 0.162 0.1655 0.1655 0.1725 0.1725 0.1725 0.175 0.175 0.1685 0.1685 0.178 0.178 0.178 0.182 0.182 0.183 0.183 0.1945 0.1945 0.1945 0.1725 0.1725 0.174 0.174 0.171 0.171 0.171 0.1755 0.1755 0.1735 0.1735 0.1775 0.1775 0.1775 0.1515 0.1515 0.158 0.158 0.1625 0.1625 0.1695 0.1695 0.1695 0.1745 0.1745 0.2005 0.2005 0.1895 0.1895 0.1895 0.1765 0.1765 0.176 0.176 0.16 0.16 0.16 0.157 0.157 0.146 0.146 0.141 0.141 0.141 0.1385
0.1705 0.1705 0.1655 0.1655 0.165 0.165 0.174 0.174 0.174 0.159 0.159 0.162 0.162 0.1655 0.1655 0.1725 0.1725 0.1725 0.175 0.175 0.1685 0.1685 0.178 0.178 0.178 0.182 0.182 0.183 0.183 0.1945 0.1945 0.1945 0.1725 0.1725 0.174 0.174 0.171 0.171 0.171 0.1755 0.1755 0.1735 0.1735 0.1775 0.1775 0.1775 0.1515 0.1515 0.158 0.158 0.1625 0.1625 0.1695 0.1695 0.1695 0.1745 0.1745 0.2005 0.2005 0.1895 0.1895 0.1895 0.1765 0.1765 0.176 0.176 0.16 0.16 0.16 0.157 0.157 0.146 0.146 0.141 0.141 0.141 0.1385
0.1665 0.1665 0.1635 0.1635 0.1575 0.1575 0.16 0.16 0.16 0.162 0.162 0.162 0.162 0.165 0.165 0.17 0.17 0.17 0.171 0.171 0.1765 0.1765 0.181 0.181 0.181 0.17 0.17 0.1785 0.1785 0.1975 0.1975 0.1975 0.1955 0.1955 0.1735 0.1735 0.1845 0.1845 0.1845 0.188 0.188 0.1765 0.1765 0.1795 0.1795 0.1795 0.184 0.184 0.191 0.191 0.19 0.19 0.2165 0.2165 0.2165 0.1995 0.1995 0.1915 0.1915 0.188 0.188 0.188 0.1565 0.1565 0.1655 0.1655 0.1475 0.1475 0.1475 0.147 0.147 0.1125 0.1125 0.128 0.128 0.128 0.1265
0.1665 0.1665 0.1635 0.1635 0.1575 0.1575 0.16 0.16 0.16 0.162 0.162 0.162 0.162 0.165 0.165 0.17 0.17 0.17 0.171 0.171 0.1765 0.1765 0.181 0.181 0.181 0.17 0.17 0.1785 0.1785 0.1975 0.1975 0.1975 0.1955 0.1955 0.1735 0.1735 0.1845 0.1845 0.1845 0.188 0.188 0.1765 0.1765 0.1795 0.1795 0.1795 0.184 0.184 0.191 0.191 0.19 0.19 0.2165 0.2165 0.2165 0.1995 0.1995 0.1915 0.1915 0.188 0.188 0.188 0.1565 0.1565 0.1655 0.1655 0.1475 0.1475 0.1475 0.147 0.147 0.1125 0.1125 0.128 0.128 0.128 0.1265
0.175 0.175 0.1645 0.1645 0.1595 0.1595 0.163 0.163 0.163 0.162 0.162 0.166 0.166 0.1705 0.1705 0.174 0.174 0.174 0.166 0.166 0.1765 0.1765 0.184 0.184 0.184 0.2025 0.2025 0.19 0.19 0.1925 0.1925 0.1925 0.185 0.185 0.187 0.187 0.186 0.186 0.186 0.181 0.181 0.192 0.192 0.1815 0.1815 0.1815 0.1815 0.1815 0.1885 0.1885 0.1795 0.1795 0.2125 0.2125 0.2125 0.1885 0.1885 0.179 0.179 0.166 0.166 0.166 0.164 0.164 0.152 0.152 0.125 0.125 0.125 0.1395 0.1395 0.1305 0.1305 0.1245 0.1245 0.1245 0.1265
0.175 0.175 0.1645 0.1645 0.1595 0.1595 0.163 0.163 0.163 0.162 0.162 0.166 0.166 0.1705 0.1705 0.174 0.174 0.174 0.166 0.166 0.1765 0.1765 0.184 0.184 0.184 0.2025 0.2025 0.19 0.19 0.1925 0.1925 0.1925 0.185 0.185 0.187 0.187 0.186 0.186 0.186 0.181 0.181 0.192 0.192 0.1815 0.1815 0.1815 0.1815 0.1815 0.1885 0.1885 0.1795 0.1795 0.2125 0.2125 0.2125 0.1885 0.1885 0.179 0.179 0.166 0.166 0.166 0.164 0.164 0.152 0.152 0.125 0.125 0.125 0.1395 0.1395 0.1305 0.1305 0.1245 0.1245 0.1245 0.1265
0.175 0.175 0.1645 0.1645 0.1595 0.1595 0.163 0.163 0.163 0.162 0.162 0.166 0.166 0.1705 0.1705 0.174 0.174 0.174 0.166 0.166 0.1765 0.1765 0.184 0.184 0.184 0.2025 0.2025 0.19 0.19 0.1925 0.1925 0.1925 0.185 0.185 0.187 0.187 0.186 0.186 0.186 0.181 0.181 0.192 0.192 0.1815 0.1815 0.1815 0.1815 0.1815 0.1885 0.1885 0.1795 0.1795 0.2125 0.2125 0.2125 0.1885 0.1885 0.179 0.179 0.166 0.166 0.166 0.164 0.164 0.152 0.152 0.125 0.125 0.125 0.1395 0.1395 0.1305 0.1305 0.1245 0.1245 0.1245 0.1265
0.1855 0.1855 0.171 0.171 0.1615 0.1615 0.1575 0.1575 0.1575 0.16 0.16 0.168 0.168 0.174 0.174 0.168 0.168 0.168 0.16 0.16 0.177 0.177 0.188 0.188 0.188 0.193 0.193 0.195 0.195 0.1895 0.1895 0.1895 0.2 0.2 0.2015 0.2015 0.2065 0.2065 0.2065 0.1845 0.1845 0.1885 0.1885 0.1885 0.1885 0.1885 0.165 0.165 0.1565 0.1565 0.1655 0.1655 0.1845 0.1845 0.1845 0.1745 0.1745 0.1675 0.1675 0.156 0.156 0.156 0.158 0.158 0.128 0.128 0.1405 0.1405 0.1405 0.1355 0.1355 0.125 0.125 0.1225 0.1225 0.1225 0.118
0.1855 0.1855 0.171 0.171 0.1615 0.1615 0.1575 0.1575 0.1575 0.16 0.16 0.168 0.168 0.174 0.174 0.168 0.168 0.168 0.16 0.16 0.177 0.177 0.188 0.188 0.188 0.193 0.193 0.195 0.195 0.1895 0.1895 0.1895 0.2 0.2 0.2015 0.2015 0.2065 0.2065 0.2065 0.1845 0.1845 0.1885 0.1885 0.1885 0.1885 0.1885 0.165 0.165 0.1565 0.1565 0.1655 0.1655 0.1845 0.1845 0.1845 0.1745 0.1745 0.1675 0.1675 0.156 0.156 0.156 0.158 0.158 0.128 0.128 0.1405 0.1405 0.1405 0.1355 0.1355 0.125 0.125 0.1225 0.1225 0.1225 0.118
0.1865 0.1865 0.184 0.184 0.1665 0.1665 0.162 0.162 0.162 0.1595 0.1595 0.1595 0.1595 0.1605 0.1605 0.157 0.157 0.157 0.167 0.167 0.189 0.189 0.1845 0.1845 0.1845 0.1995 0.1995 0.19 0.19 0.2025 0.2025 0.2025 0.224 0.224 0.2165 0.2165 0.19 0.19 0.19 0.1395 0.1395 0.1435 0.1435 0.1535 0.1535 0.1535 0.161 0.161 0.1875 0.1875 0.1745 0.1745 0.1675 0.1675 0.1675 0.164 0.164 0.1695 0.1695 0.166 0.166 0.166 0.15 0.15 0.135 0.135 0.138 0.138 0.138 0.1365 0.1365 0.134 0.134 0.1355 0.1355 0.1355 0.121
0.1865 0.1865 0.184 0.184 0.1665 0.1665 0.162 0.162 0.162 0.1595 0.1595 0.1595 0.1595 0.1605 0.1605 0.157 0.157 0.157 0.167 0.167 0.189 0.189 0.1845 0.1845 0.1845 0.1995 0.1995 0.19 0.19 0.2025 0.2025 0.2025 0.224 0.224 0.2165 0.2165 0.19 0.19 0.19 0.1395 0.1395 0.1435 0.1435 0.1535 0.1535 0.1535 0.161 0.161 0.1875 0.1875 0.1745 0.1745 0.1675 0.1675 0.1675 0.164 0.164 0.1695 0.1695 0.166 0.166 0.166 0.15 0.15 0.135 0.135 0.138 0.138 0.138 0.1365 0.1365 0.134 0.134 0.1355 0.1355 0.1355 0.121
0.1955 0.1955 0.171 0.171 0.181 0.181 0.1595 0.1595 0.1595 0.162 0.162 0.1575 0.1575 0.1835 0.1835 0.184 0.184 0.184 0.1895 0.1895 0.1995 0.1995 0.1995 0.1995 0.1995 0.1935 0.1935 0.2035 0.2035 0.202 0.202 0.202 0.269 0.269 0.2225 0.2225 0.159 0.159 0.159 0.152 0.152 0.141 0.141 0.1525 0.1525 0.1525 0.1685 0.1685 0.1785 0.1785 0.1745 0.1745 0.165 0.165 0.165 0.159 0.159 0.1545 0.1545 0.141 0.141 0.141 0.166 0.166 0.1505 0.1505 0.162 0.162 0.162 0.147 0.147 0.1565 0.1565 0.135 0.135 0.135 0.121
0.1955 0.1955 0.171 0.171 0.181 0.181 0.1595 0.1595 0.1595 0.162 0.162 0.1575 0.1575 0.1835 0.1835 0.184 0.184 0.184 0.1895 0.1895 0.1995 0.1995 0.1995 0.1995 0.1995 0.1935 0.1935 0.2035 0.2035 0.202 0.202 0.202 0.269 0.269 0.2225 0.2225 0.159 0.159 0.159 0.152 0.152 0.141 0.141 0.1525 0.1525 0.1525 0.1685 0.1685 0.1785 0.1785 0.1745 0.1745 0.165 0.165 0.165 0.159 0.159 0.1545 0.1545 0.141 0.141 0.141 0.166 0.166 0.1505 0.1505 0.162 0.162 0.162 0.147 0.147 0.1565 0.1565 0.135 0.135 0.135 0.121
0.1955 0.1955 0.171 0.171 0.181 0.181 0.1595 0.1595 0.1595 0.162 0.162 0.1575 0.1575 0.1835 0.1835 0.184 0.184 0.184 0.1895 0.1895 0.1995 0.1995 0.1995 0.1995 0.1995 0.1935 0.1935 0.2035 0.2035 0.202 0.202 0.202 0.269 0.269 0.2225 0.2225 0.159 0.159 0.159 0.152 0.152 0.141 0.141 0.1525 0.1525 0.1525 0.1685 0.1685 0.1785 0.1785 0.1745 0.1745 0.165 0.165 0.165 0.159 0.159 0.1545 0.1545 0.141 0.141 0.141 0.166 0.166 0.1505 0.1505 0.162 0.162 0.162 0.147 0.147 0.1565 0.1565 0.135 0.135 0.135 0.121
0.179 0.179 0.1865 0.1865 0.189 0.189 0.196 0.196 0.196 0.197 0.197 0.199 0.199 0.2005 0.2005 0.212 0.212 0.212 0.2065 0.2065 0.204 0.204 0.211 0.211 0.211 0.197 0.197 0.1965 0.1965 0.186 0.186 0.186 0.168 0.168 0.1905 0.1905 0.1945 0.1945 0.1945 0.136 0.136 0.15 0.15 0.1425 0.1425 0.1425 0.1725 0.1725 0.138 0.138 0.171 0.171 0.173 0.173 0.173 0.167 0.167 0.166 0.166 0.1565 0.1565 0.1565 0.177 0.177 0.1805 0.1805 0.179 0.179 0.179 0.1705 0.1705 0.195 0.195 0.1565 0.1565 0.1565 0.1295
0.179 0.179 0.1865 0.1865 0.189 0.189 0.196 0.196 0.196 0.197 0.197 0.199 0.199 0.2005 0.2005 0.212 0.212 0.212 0.2065 0.2065 0.204 0.204 0.211 0.211 0.211 0.197 0.197 0.1965 0.1965 0.186 0.186 0.186 0.168 0.168 0.1905 0.1905 0.1945 0.1945 0.1945 0.136 0.136 0.15 0.15 0.1425 0.1425 0.1425 0.1725 0.1725 0.138 0.138 0.171 0.171 0.173 0.173 0.173 0.167 0.167 0.166 0.166 0.1565 0.1565 0.1565 0.177 0.177 0.1805 0.1805 0.179 0.179 0.179 0.1705 0.1705 0.195 0.195 0.1565 0.1565 0.1565 0.1295
0.197 0.197 0.21 0.21 0.205 0.205 0.1925 0.1925 0.1925 0.201 0.201 0.2145 0.2145 0.218 0.218 0.2315 0.2315 0.2315 0.2265 0.2265 0.209 0.209 0.212 0.212 0.212 0.1975 0.1975 0.1875 0.1875 0.1965 0.1965 0.1965 0.1865 0.1865 0.21 0.21 0.1995 0.1995 0.1995 0.182 0.182 0.1575 0.1575 0.137 0.137 0.137 0.125 0.125 0.1425 0.1425 0.183 0.183 0.178 0.178 0.178 0.1775 0.1775 0.203 0.203 0.217 0.217 0.217 0.21 0.21 0.2045 0.2045 0.174 0.174 0.174 0.1865 0.1865 0.1745 0.1745 0.158 0.158 0.158 0.1115
0.197 0.197 0.21 0.21 0.205 0.205 0.1925 0.1925 0.1925 0.201 0.201 0.2145 0.2145 0.218 0.218 0.2315 0.2315 0.2315 0.2265 0.2265 0.209 0.209 0.212 0.212 0.212 0.1975 0.1975 0.1875 0.1875 0.1965 0.1965 0.1965 0.1865 0.1865 0.21 0.21 0.1995 0.1995 0.1995 0.182 0.182 0.1575 0.1575 0.137 0.137 0.137 0.125 0.125 0.1425 0.1425 0.183 0.183 0.178 0.178 0.178 0.1775 0.1775 0.203 0.203 0.217 0.217 0.217 0.21 0.21 0.2045 0.2045 0.174 0.174 0.174 0.1865 0.1865 0.1745 0.1745 0.158 0.158 0.158 0.1115
0.231 0.231 0.2275 0.2275 0.2205 0.2205 0.224 0.224 0.224 0.209 0.209 0.2185 0.2185 0.225 0.225 0.232 0.232 0.232 0.224 0.224 0.219 0.219 0.194 0.194 0.194 0.1895 0.1895 0.186 0.186 0.2005 0.2005 0.2005 0.189 0.189 0.191 0.191 0.174 0.174 0.174 0.178 0.178 0.13 0.13 0.143 0.143 0.143 0.1305 0.1305 0.147 0.147 0.181 0.181 0.1835 0.1835 0.1835 0.205 0.205 0.2055 0.2055 0.211 0.211 0.211 0.2105 0.2105 0.211 0.211 0.184 0.184 0.184 0.162 0.162 0.1605 0.1605 0.151 0.151 0.151 0.1175
0.231 0.231 0.2275 0.2275 0.2205 0.2205 0.224 0.224 0.224 0.209 0.209 0.2185 0.2185 0.225 0.225 0.232 0.232 0.232 0.224 0.224 0.219 0.219 0.194 0.194 0.194 0.1895 0.1895 0.186 0.186 0.2005 0.2005 0.2005 0.189 0.189 0.191 0.191 0.174 0.174 0.174 0.178 0.178 0.13 0.13 0.143 0.143 0.143 0.1305 0.1305 0.147 0.147 0.181 0.181 0.1835 0.1835 0.1835 0.205 0.205 0.2055 0.2055 0.211 0.211 0.211 0.2105 0.2105 0.211 0.211 0.184 0.184 0.184 0.162 0.162 0.1605 0.1605 0.151 0.151 0.151 0.1175
0.2375 0.2375 0.2145 0.2145 0.2195 0.2195 0.2275 0.2275 0.2275 0.233 0.233 0.221 0.221 0.226 0.226 0.227 0.227 0.227 0.23 0.23 0.213 0.213 0.205 0.205 0.205 0.1955 0.1955 0.1905 0.1905 0.2015 0.2015 0.2015 0.178 0.178 0.202 0.202 0.179 0.179 0.179 0.18 0.18 0.1605 0.1605 0.183 0.183 0.183 0.1415 0.1415 0.145 0.145 0.1565 0.1565 0.1855 0.1855 0.1855 0.209 0.209 0.1975 0.1975 0.223 0.223 0.223 0.211 0.211 0.2185 0.2185 0.195 0.195 0.195 0.1835 0.1835 0.1545 0.1545 0.145 0.145 0.145 0.1065
0.2375 0.2375 0.2145 0.2145 0.2195 0.2195 0.2275 0.2275 0.2275 0.233 0.233 0.221 0.221 0.226 0.226 0.227 0.227 0.227 0.23 0.23 0.213 0.213 0.205 0.205 0.205 0.1955 0.1955 0.1905 0.1905 0.2015 0.2015 0.2015 0.178 0.178 0.202 0.202 0.179 0.179 0.179 0.18 0.18 0.1605 0.1605 0.183 0.183 0.183 0.1415 0.1415 0.145 0.145 0.1565 0.1565 0.1855 0.1855 0.1855 0.209 0.209 0.1975 0.1975 0.223 0.223 0.223 0.211 0.211 0.2185 0.2185 0.195 0.195 0.195 0.1835 0.1835 0.1545 0.1545 0.145 0.145 0.145 0.1065
0.2375 0.2375 0.2145 0.2145 0.2195 0.2195 0.2275 0.2275 0.2275 0.233 0.233 0.221 0.221 0.226 0.226 0.227 0.227 0.227 0.23 0.23 0.213 0.213 0.205 0.205 0.205 0.1955 0.1955 0.1905 0.1905 0.2015 0.2015 0.2015 0.178 0.178 0.202 0.202 0.179 0.179 0.179 0.18 0.18 0.1605 0.1605 0.183 0.183 0.183 0.1415 0.1415 0.145 0.145 0.1565 0.1565 0.1855 0.1855 0.1855 0.209 0.209 0.1975 0.1975 0.223 0.223 0.223 0.211 0.211 0.2185 0.2185 0.195 0.195 0.195 0.1835 0.1835 0.1545 0.1545 0.145 0.145 0.145 0.1065
0.2305 0.2305 0.2295 0.2295 0.2325 0.2325 0.2345 0.2345 0.2345 0.235 0.235 0.214 0.214 0.21 0.21 0.226 0.226 0.226 0.1865 0.1865 0.1965 0.1965 0.202 0.202 0.202 0.2235 0.2235 0.234 0.234 0.2005 0.2005 0.2005 0.212 0.212 0.219 0.219 0.19 0.19 0.19 0.174 0.174 0.157 0.157 0.18 0.18 0.18 0.1835 0.1835 0.1275 0.1275 0.128 0.128 0.1205 0.1205 0.1205 0.142 0.142 0.2105 0.2105 0.23 0.23 0.23 0.224 0.224 0.2125 0.2125 0.226 0.226 0.226 0.1935 0.1935 0.1935 0.1935 0.1485 0.1485 0.1485 0.139
0.2305 0.2305 0.2295 0.2295 0.2325 0.2325 0.2345 0.2345 0.2345 0.235 0.235 0.214 0.214 0.21 0.21 0.226 0.226 0.226 0.1865 0.1865 0.1965 0.1965 0.202 0.202 0.202 0.2235 0.2235 0.234 0.234 0.2005 0.2005 0.2005 0.212 0.212 0.219 0.219 0.19 0.19 0.19 0.174 0.174 0.157 0.157 0.18 0.18 0.18 0.1835 0.1835 0.1275 0.1275 0.128 0.128 0.1205 0.1205 0.1205 0.142 0.142 0.2105 0.2105 0.23 0.23 0.23 0.224 0.224 0.2125 0.2125 0.226 0.226 0.226 0.1935 0.1935 0.1935 0.1935 0.1485 0.1485 0.1485 0.139
0.3075 0.3075 0.382 0.382 0.334 0.334 0.3385 0.3385 0.3385 0.29 0.29 0.348 0.348 0.268 0.268 0.2315 0.2315 0.2315 0.2315 0.2315 0.2135 0.2135 0.234 0.234 0.234 0.2085 0.2085 0.2355 0.2355 0.2055 0.2055 0.2055 0.216 0.216 0.21 0.21 0.2045 0.2045 0.2045 0.178 0.178 0.152 0.152 0.1745 0.1745 0.1745 0.1455 0.1455 0.1235 0.1235 0.1205 0.1205 0.1245 0.1245 0.1245 0.177 0.177 0.1735 0.1735 0.2415 0.2415 0.2415 0.229 0.229 0.2135 0.2135 0.2215 0.2215 0.2215 0.1805 0.1805 0.167 0.167 0.1675 0.1675 0.1675 0.127
0.3075 0.3075 0.382 0.382 0.334 0.334 0.3385 0.3385 0.3385 0.29 0.29 0.348 0.348 0.268 0.268 0.2315 0.2315 0.2315 0.2315 0.2315 0.2135 0.2135 0.234 0.234 0.234 0.2085 0.2085 0.2355 0.2355 0.2055 0.2055 0.2055 0.216 0.216 0.21 0.21 0.2045 0.2045 0.2045 0.178 0.178 0.152 0.152 0.1745 0.1745 0.1745 0.1455 0.1455 0.1235 0.1235 0.1205 0.1205 0.1245 0.1245 0.1245 0.177 0.177 0.1735 0.1735 0.2415 0.2415 0.2415 0.229 0.229 0.2135 0.2135 0.2215 0.2215 0.2215 0.1805 0.1805 0.167 0.167 0.1675 0.1675 0.1675 0.127
0.3195 0.3195 0.3345 0.3345 0.3215 0.3215 0.2235 0.2235 0.2235 0.2795 0.2795 0.265 0.265 0.3415 0.3415 0.2455 0.2455 0.2455 0.2635 0.2635 0.2845 0.2845 0.2565 0.2565 0.2565 0.223 0.223 0.2375 0.2375 0.2085 0.2085 0.2085 0.2215 0.2215 0.197 0.197 0.215 0.215 0.215 0.1925 0.1925 0.1835 0.1835 0.127 0.127 0.127 0.127 0.127 0.117 0.117 0.121 0.121 0.185 0.185 0.185 0.173 0.173 0.196 0.196 0.235 0.235 0.235 0.248 0.248 0.2045 0.2045 0.191 0.191 0.191 0.2015 0.2015 0.179 0.179 0.1735 0.1735 0.1735 0.1425
0.3195 0.3195 0.3345 0.3345 0.3215 0.3215 0.2235 0.2235 0.2235 0.2795 0.2795 0.265 0.265 0.3415 0.3415 0.2455 0.2455 0.2455 0.2635 0.2635 0.2845 0.2845 0.2565 0.2565 0.2565 0.223 0.223 0.2375 0.2375 0.2085 0.2085 0.2085 0.2215 0.2215 0.197 0.197 0.215 0.215 0.215 0.1925 0.1925 0.1835 0.1835 0.127 0.127 0.127 0.127 0.127 0.117 0.117 0.121 0.121 0.185 0.185 0.185 0.173 0.173 0.196 0.196 0.235 0.235 0.235 0.248 0.248 0.2045 0.2045 0.191 0.191 0.191 0.2015 0.2015 0.179 0.179 0.1735 0.1735 0.1735 0.1425
0.3195 0.3195 0.3345 0.3345 0.3215 0.3215 0.2235 0.2235 0.2235 0.2795 0.2795 0.265 0.265 0.3415 0.3415 0.2455 0.2455 0.2455 0.2635 0.2635 0.2845 0.2845 0.2565 0.2565 0.2565 0.223 0.223 0.2375 0.2375 0.2085 0.2085 0.2085 0.2215 0.2215 0.197 0.197 0.215 0.215 0.215 0.1925 0.1925 0.1835 0.1835 0.127 0.127 0.127 0.127 0.127 0.117 0.117 0.121 0.121 0.185 0.185 0.185 0.173 0.173 0.196 0.196 0.235 0.235 0.235 0.248 0.248 0.2045 0.2045 0.191 0.191 0.191 0.2015 0.2015 0.179 0.179 0.1735 0.1735 0.1735 0.1425
0.246 0.246 0.267 0.267 0.2555 0.2555 0.224 0.224 0.224 0.246 0.246 0.2085 0.2085 0.229 0.229 0.2215 0.2215 0.2215 0.2425 0.2425 0.2545 0.2545 0.292 0.292 0.292 0.2755 0.2755 0.2675 0.2675 0.215 0.215 0.215 0.2005 0.2005 0.2175 0.2175 0.195 0.195 0.195 0.1925 0.1925 0.202 0.202 0.1915 0.1915 0.1915 0.1565 0.1565 0.168 0.168 0.18 0.18 0.1845 0.1845 0.1845 0.1805 0.1805 0.198 0.198 0.213 0.213 0.213 0.204 0.204 0.2015 0.2015 0.235 0.235 0.235 0.204 0.204 0.213 0.213 0.1715 0.1715 0.1715 0.1405
