ndvi/NOAA-183.asc
ncols         252
nrows         154
xllcorner     -18.017974
yllcorner     13.481982
cellsize      0.035948
NODATA_value  -9999
[rows 70 to 104 of 154, columns 154 to 230 of 252]
0.1565 0.1695 0.1695 0.1625 0.1625 0.1625 0.16 0.16 0.163 0.163 0.173 0.173 0.2245 0.2245 0.2245 0.221 0.221 0.2135 0.2135 0.22 0.22 0.22 0.2105 0.2105 0.2335 0.2335 0.222 0.222 0.222 0.2135 0.2135 0.2155 0.2155 0.2175 0.2175 0.2175 0.218 0.218 0.2195 0.2195 0.2195 0.2195 0.2195 0.21 0.21 0.2015 0.2015 0.207 0.207 0.204 0.204 0.204 0.2115 0.2115 0.225 0.225 0.2305 0.2305 0.2305 0.2165 0.2165 0.2395 0.2395 0.214 0.214 0.214 0.202 0.202 0.2005 0.2005 0.207 0.207 0.207 0.1985 0.1985 0.1965 0.1965
0.175 0.1875 0.1875 0.177 0.177 0.177 0.1745 0.1745 0.178 0.178 0.174 0.174 0.2115 0.2115 0.2115 0.2185 0.2185 0.215 0.215 0.224 0.224 0.224 0.211 0.211 0.205 0.205 0.21 0.21 0.21 0.2155 0.2155 0.2095 0.2095 0.212 0.212 0.212 0.2045 0.2045 0.206 0.206 0.21 0.21 0.21 0.218 0.218 0.2165 0.2165 0.2105 0.2105 0.213 0.213 0.213 0.224 0.224 0.2255 0.2255 0.2145 0.2145 0.2145 0.2305 0.2305 0.2325 0.2325 0.22 0.22 0.22 0.205 0.205 0.1955 0.1955 0.2025 0.2025 0.2025 0.2025 0.2025 0.221 0.221
0.175 0.1875 0.1875 0.177 0.177 0.177 0.1745 0.1745 0.178 0.178 0.174 0.174 0.2115 0.2115 0.2115 0.2185 0.2185 0.215 0.215 0.224 0.224 0.224 0.211 0.211 0.205 0.205 0.21 0.21 0.21 0.2155 0.2155 0.2095 0.2095 0.212 0.212 0.212 0.2045 0.2045 0.206 0.206 0.21 0.21 0.21 0.218 0.218 0.2165 0.2165 0.2105 0.2105 0.213 0.213 0.213 0.224 0.224 0.2255 0.2255 0.2145 0.2145 0.2145 0.2305 0.2305 0.2325 0.2325 0.22 0.22 0.22 0.205 0.205 0.1955 0.1955 0.2025 0.2025 0.2025 0.2025 0.2025 0.221 0.221
0.175 0.1875 0.1875 0.177 0.177 0.177 0.1745 0.1745 0.178 0.178 0.174 0.174 0.2115 0.2115 0.2115 0.2185 0.2185 0.215 0.215 0.224 0.224 0.224 0.211 0.211 0.205 0.205 0.21 0.21 0.21 0.2155 0.2155 0.2095 0.2095 0.212 0.212 0.212 0.2045 0.2045 0.206 0.206 0.21 0.21 0.21 0.218 0.218 0.2165 0.2165 0.2105 0.2105 0.213 0.213 0.213 0.224 0.224 0.2255 0.2255 0.2145 0.2145 0.2145 0.2305 0.2305 0.2325 0.2325 0.22 0.22 0.22 0.205 0.205 0.1955 0.1955 0.2025 0.2025 0.2025 0.2025 0.2025 0.221 0.221
0.176 0.1875 0.1875 0.1905 0.1905 0.1905 0.1895 0.1895 0.183 0.183 0.176 0.176 0.2115 0.2115 0.2115 0.225 0.225 0.215 0.215 0.2155 0.2155 0.2155 0.2075 0.2075 0.22 0.22 0.2285 0.2285 0.2285 0.224 0.224 0.2295 0.2295 0.232 0.232 0.232 0.2205 0.2205 0.2205 0.2205 0.233 0.233 0.233 0.235 0.235 0.2235 0.2235 0.2165 0.2165 0.222 0.222 0.222 0.224 0.224 0.214 0.214 0.207 0.207 0.207 0.2115 0.2115 0.2165 0.2165 0.2205 0.2205 0.2205 0.21 0.21 0.1955 0.1955 0.2095 0.2095 0.2095 0.209 0.209 0.218 0.218
0.176 0.1875 0.1875 0.1905 0.1905 0.1905 0.1895 0.1895 0.183 0.183 0.176 0.176 0.2115 0.2115 0.2115 0.225 0.225 0.215 0.215 0.2155 0.2155 0.2155 0.2075 0.2075 0.22 0.22 0.2285 0.2285 0.2285 0.224 0.224 0.2295 0.2295 0.232 0.232 0.232 0.2205 0.2205 0.2205 0.2205 0.233 0.233 0.233 0.235 0.235 0.2235 0.2235 0.2165 0.2165 0.222 0.222 0.222 0.224 0.224 0.214 0.214 0.207 0.207 0.207 0.2115 0.2115 0.2165 0.2165 0.2205 0.2205 0.2205 0.21 0.21 0.1955 0.1955 0.2095 0.2095 0.2095 0.209 0.209 0.218 0.218
0.1535 0.171 0.171 0.1855 0.1855 0.1855 0.181 0.181 0.198 0.198 0.167 0.167 0.2065 0.2065 0.2065 0.2245 0.2245 0.2225 0.2225 0.234 0.234 0.234 0.2245 0.2245 0.224 0.224 0.234 0.234 0.234 0.231 0.231 0.2355 0.2355 0.233 0.233 0.233 0.227 0.227 0.229 0.229 0.2365 0.2365 0.2365 0.233 0.233 0.239 0.239 0.219 0.219 0.2305 0.2305 0.2305 0.225 0.225 0.2215 0.2215 0.219 0.219 0.219 0.2125 0.2125 0.219 0.219 0.2185 0.2185 0.2185 0.2445 0.2445 0.2205 0.2205 0.2035 0.2035 0.2035 0.204 0.204 0.2115 0.2115
0.1535 0.171 0.171 0.1855 0.1855 0.1855 0.181 0.181 0.198 0.198 0.167 0.167 0.2065 0.2065 0.2065 0.2245 0.2245 0.2225 0.2225 0.234 0.234 0.234 0.2245 0.2245 0.224 0.224 0.234 0.234 0.234 0.231 0.231 0.2355 0.2355 0.233 0.233 0.233 0.227 0.227 0.229 0.229 0.2365 0.2365 0.2365 0.233 0.233 0.239 0.239 0.219 0.219 0.2305 0.2305 0.2305 0.225 0.225 0.2215 0.2215 0.219 0.219 0.219 0.2125 0.2125 0.219 0.219 0.2185 0.2185 0.2185 0.2445 0.2445 0.2205 0.2205 0.2035 0.2035 0.2035 0.204 0.204 0.2115 0.2115
0.143 0.162 0.162 0.164 0.164 0.164 0.158 0.158 0.167 0.167 0.1745 0.1745 0.201 0.201 0.201 0.2095 0.2095 0.2225 0.2225 0.2145 0.2145 0.2145 0.2145 0.2145 0.2135 0.2135 0.2215 0.2215 0.2215 0.2235 0.2235 0.226 0.226 0.22 0.22 0.22 0.2185 0.2185 0.227 0.227 0.2225 0.2225 0.2225 0.2245 0.2245 0.2195 0.2195 0.2135 0.2135 0.216 0.216 0.216 0.221 0.221 0.2265 0.2265 0.2245 0.2245 0.2245 0.227 0.227 0.231 0.231 0.232 0.232 0.232 0.2295 0.2295 0.2255 0.2255 0.214 0.214 0.214 0.201 0.201 0.2165 0.2165
0.143 0.162 0.162 0.164 0.164 0.164 0.158 0.158 0.167 0.167 0.1745 0.1745 0.201 0.201 0.201 0.2095 0.2095 0.2225 0.2225 0.2145 0.2145 0.2145 0.2145 0.2145 0.2135 0.2135 0.2215 0.2215 0.2215 0.2235 0.2235 0.226 0.226 0.22 0.22 0.22 0.2185 0.2185 0.227 0.227 0.2225 0.2225 0.2225 0.2245 0.2245 0.2195 0.2195 0.2135 0.2135 0.216 0.216 0.216 0.221 0.221 0.2265 0.2265 0.2245 0.2245 0.2245 0.227 0.227 0.231 0.231 0.232 0.232 0.232 0.2295 0.2295 0.2255 0.2255 0.214 0.214 0.214 0.201 0.201 0.2165 0.2165
0.142 0.148 0.148 0.155 0.155 0.155 0.1555 0.1555 0.156 0.156 0.163 0.163 0.201 0.201 0.201 0.2065 0.2065 0.218 0.218 0.2195 0.2195 0.2195 0.21 0.21 0.222 0.222 0.2265 0.2265 0.2265 0.226 0.226 0.2225 0.2225 0.221 0.221 0.221 0.217 0.217 0.218 0.218 0.2185 0.2185 0.2185 0.2175 0.2175 0.213 0.213 0.21 0.21 0.217 0.217 0.217 0.224 0.224 0.2475 0.2475 0.2275 0.2275 0.2275 0.2255 0.2255 0.2275 0.2275 0.226 0.226 0.226 0.224 0.224 0.239 0.239 0.2225 0.2225 0.2225 0.2205 0.2205 0.218 0.218
0.142 0.148 0.148 0.155 0.155 0.155 0.1555 0.1555 0.156 0.156 0.163 0.163 0.201 0.201 0.201 0.2065 0.2065 0.218 0.218 0.2195 0.2195 0.2195 0.21 0.21 0.222 0.222 0.2265 0.2265 0.2265 0.226 0.226 0.2225 0.2225 0.221 0.221 0.221 0.217 0.217 0.218 0.218 0.2185 0.2185 0.2185 0.2175 0.2175 0.213 0.213 0.21 0.21 0.217 0.217 0.217 0.224 0.224 0.2475 0.2475 0.2275 0.2275 0.2275 0.2255 0.2255 0.2275 0.2275 0.226 0.226 0.226 0.224 0.224 0.239 0.239 0.2225 0.2225 0.2225 0.2205 0.2205 0.218 0.218
0.142 0.148 0.148 0.155 0.155 0.155 0.1555 0.1555 0.156 0.156 0.163 0.163 0.201 0.201 0.201 0.2065 0.2065 0.218 0.218 0.2195 0.2195 0.2195 0.21 0.21 0.222 0.222 0.2265 0.2265 0.2265 0.226 0.226 0.2225 0.2225 0.221 0.221 0.221 0.217 0.217 0.218 0.218 0.2185 0.2185 0.2185 0.2175 0.2175 0.213 0.213 0.21 0.21 0.217 0.217 0.217 0.224 0.224 0.2475 0.2475 0.2275 0.2275 0.2275 0.2255 0.2255 0.2275 0.2275 0.226 0.226 0.226 0.224 0.224 0.239 0.239 0.2225 0.2225 0.2225 0.2205 0.2205 0.218 0.218
0.154 0.1695 0.1695 0.166 0.166 0.166 0.159 0.159 0.1425 0.1425 0.205 0.205 0.2115 0.2115 0.2115 0.2165 0.2165 0.2515 0.2515 0.2445 0.2445 0.2445 0.236 0.236 0.2295 0.2295 0.2185 0.2185 0.2185 0.2155 0.2155 0.208 0.208 0.2075 0.2075 0.2075 0.21 0.21 0.2185 0.2185 0.2105 0.2105 0.2105 0.209 0.209 0.217 0.217 0.223 0.223 0.229 0.229 0.229 0.2385 0.2385 0.2475 0.2475 0.2245 0.2245 0.2245 0.228 0.228 0.231 0.231 0.2295 0.2295 0.2295 0.228 0.228 0.23 0.23 0.2305 0.2305 0.2305 0.227 0.227 0.217 0.217
0.154 0.1695 0.1695 0.166 0.166 0.166 0.159 0.159 0.1425 0.1425 0.205 0.205 0.2115 0.2115 0.2115 0.2165 0.2165 0.2515 0.2515 0.2445 0.2445 0.2445 0.236 0.236 0.2295 0.2295 0.2185 0.2185 0.2185 0.2155 0.2155 0.208 0.208 0.2075 0.2075 0.2075 0.21 0.21 0.2185 0.2185 0.2105 0.2105 0.2105 0.209 0.209 0.217 0.217 0.223 0.223 0.229 0.229 0.229 0.2385 0.2385 0.2475 0.2475 0.2245 0.2245 0.2245 0.228 0.228 0.231 0.231 0.2295 0.2295 0.2295 0.228 0.228 0.23 0.23 0.2305 0.2305 0.2305 0.227 0.227 0.217 0.217
0.1575 0.1725 0.1725 0.1775 0.1775 0.1775 0.1605 0.1605 0.19 0.19 0.207 0.207 0.223 0.223 0.223 0.2285 0.2285 0.235 0.235 0.252 0.252 0.252 0.243 0.243 0.2325 0.2325 0.2215 0.2215 0.2215 0.2245 0.2245 0.209 0.209 0.2075 0.2075 0.2075 0.2155 0.2155 0.2095 0.2095 0.231 0.231 0.231 0.2225 0.2225 0.234 0.234 0.2315 0.2315 0.236 0.236 0.236 0.226 0.226 0.241 0.241 0.23 0.23 0.23 0.2245 0.2245 0.2185 0.2185 0.2285 0.2285 0.2285 0.238 0.238 0.2445 0.2445 0.236 0.236 0.236 0.238 0.238 0.237 0.237
0.1575 0.1725 0.1725 0.1775 0.1775 0.1775 0.1605 0.1605 0.19 0.19 0.207 0.207 0.223 0.223 0.223 0.2285 0.2285 0.235 0.235 0.252 0.252 0.252 0.243 0.243 0.2325 0.2325 0.2215 0.2215 0.2215 0.2245 0.2245 0.209 0.209 0.2075 0.2075 0.2075 0.2155 0.2155 0.2095 0.2095 0.231 0.231 0.231 0.2225 0.2225 0.234 0.234 0.2315 0.2315 0.236 0.236 0.236 0.226 0.226 0.241 0.241 0.23 0.23 0.23 0.2245 0.2245 0.2185 0.2185 0.2285 0.2285 0.2285 0.238 0.238 0.2445 0.2445 0.236 0.236 0.236 0.238 0.238 0.237 0.237
0.2 0.182 0.182 0.188 0.188 0.188 0.1695 0.1695 0.182 0.182 0.2255 0.2255 0.227 0.227 0.227 0.225 0.225 0.2355 0.2355 0.2385 0.2385 0.2385 0.2505 0.2505 0.241 0.241 0.236 0.236 0.236 0.2245 0.2245 0.205 0.205 0.212 0.212 0.212 0.2045 0.2045 0.2115 0.2115 0.2245 0.2245 0.2245 0.2285 0.2285 0.223 0.223 0.232 0.232 0.227 0.227 0.227 0.2285 0.2285 0.225 0.225 0.2195 0.2195 0.2195 0.2205 0.2205 0.2125 0.2125 0.238 0.238 0.238 0.2425 0.2425 0.2275 0.2275 0.2285 0.2285 0.2285 0.241 0.241 0.2245 0.2245
0.2 0.182 0.182 0.188 0.188 0.188 0.1695 0.1695 0.182 0.182 0.2255 0.2255 0.227 0.227 0.227 0.225 0.225 0.2355 0.2355 0.2385 0.2385 0.2385 0.2505 0.2505 0.241 0.241 0.236 0.236 0.236 0.2245 0.2245 0.205 0.205 0.212 0.212 0.212 0.2045 0.2045 0.2115 0.2115 0.2245 0.2245 0.2245 0.2285 0.2285 0.223 0.223 0.232 0.232 0.227 0.227 0.227 0.2285 0.2285 0.225 0.225 0.2195 0.2195 0.2195 0.2205 0.2205 0.2125 0.2125 0.238 0.238 0.238 0.2425 0.2425 0.2275 0.2275 0.2285 0.2285 0.2285 0.241 0.241 0.2245 0.2245
0.2 0.182 0.182 0.188 0.188 0.188 0.1695 0.1695 0.182 0.182 0.2255 0.2255 0.227 0.227 0.227 0.225 0.225 0.2355 0.2355 0.2385 0.2385 0.2385 0.2505 0.2505 0.241 0.241 0.236 0.236 0.236 0.2245 0.2245 0.205 0.205 0.212 0.212 0.212 0.2045 0.2045 0.2115 0.2115 0.2245 0.2245 0.2245 0.2285 0.2285 0.223 0.223 0.232 0.232 0.227 0.227 0.227 0.2285 0.2285 0.225 0.225 0.2195 0.2195 0.2195 0.2205 0.2205 0.2125 0.2125 0.238 0.238 0.238 0.2425 0.2425 0.2275 0.2275 0.2285 0.2285 0.2285 0.241 0.241 0.2245 0.2245
0.1685 0.177 0.177 0.1985 0.1985 0.1985 0.1855 0.1855 0.1955 0.1955 0.22 0.22 0.2285 0.2285 0.2285 0.2275 0.2275 0.2445 0.2445 0.2385 0.2385 0.2385 0.238 0.238 0.2395 0.2395 0.2365 0.2365 0.2365 0.2015 0.2015 0.21 0.21 0.212 0.212 0.212 0.237 0.237 0.2305 0.2305 0.2325 0.2325 0.2325 0.227 0.227 0.234 0.234 0.2345 0.2345 0.2305 0.2305 0.2305 0.23 0.23 0.2205 0.2205 0.228 0.228 0.228 0.217 0.217 0.2175 0.2175 0.216 0.216 0.216 0.235 0.235 0.236 0.236 0.2255 0.2255 0.2255 0.245 0.245 0.232 0.232
0.1685 0.177 0.177 0.1985 0.1985 0.1985 0.1855 0.1855 0.1955 0.1955 0.22 0.22 0.2285 0.2285 0.2285 0.2275 0.2275 0.2445 0.2445 0.2385 0.2385 0.2385 0.238 0.238 0.2395 0.2395 0.2365 0.2365 0.2365 0.2015 0.2015 0.21 0.21 0.212 0.212 0.212 0.237 0.237 0.2305 0.2305 0.2325 0.2325 0.2325 0.227 0.227 0.234 0.234 0.2345 0.2345 0.2305 0.2305 0.2305 0.23 0.23 0.2205 0.2205 0.228 0.228 0.228 0.217 0.217 0.2175 0.2175 0.216 0.216 0.216 0.235 0.235 0.236 0.236 0.2255 0.2255 0.2255 0.245 0.245 0.232 0.232
0.215 0.1895 0.1895 0.179 0.179 0.179 0.1925 0.1925 0.212 0.212 0.2115 0.2115 0.217 0.217 0.217 0.234 0.234 0.2405 0.2405 0.238 0.238 0.238 0.244 0.244 0.25 0.25 0.206 0.206 0.206 0.207 0.207 0.204 0.204 0.216 0.216 0.216 0.24 0.24 0.2405 0.2405 0.237 0.237 0.237 0.2405 0.2405 0.228 0.228 0.2315 0.2315 0.2275 0.2275 0.2275 0.2245 0.2245 0.2275 0.2275 0.223 0.223 0.223 0.2245 0.2245 0.22 0.22 0.236 0.236 0.236 0.243 0.243 0.238 0.238 0.2445 0.2445 0.2445 0.256 0.256 0.2455 0.2455
0.215 0.1895 0.1895 0.179 0.179 0.179 0.1925 0.1925 0.212 0.212 0.2115 0.2115 0.217 0.217 0.217 0.234 0.234 0.2405 0.2405 0.238 0.238 0.238 0.244 0.244 0.25 0.25 0.206 0.206 0.206 0.207 0.207 0.204 0.204 0.216 0.216 0.216 0.24 0.24 0.2405 0.2405 0.237 0.237 0.237 0.2405 0.2405 0.228 0.228 0.2315 0.2315 0.2275 0.2275 0.2275 0.2245 0.2245 0.2275 0.2275 0.223 0.223 0.223 0.2245 0.2245 0.22 0.22 0.236 0.236 0.236 0.243 0.243 0.238 0.238 0.2445 0.2445 0.2445 0.256 0.256 0.2455 0.2455
0.195 0.1955 0.1955 0.211 0.211 0.211 0.2125 0.2125 0.223 0.223 0.217 0.217 0.23 0.23 0.23 0.2265 0.2265 0.2335 0.2335 0.2355 0.2355 0.2355 0.2195 0.2195 0.2165 0.2165 0.2195 0.2195 0.2195 0.2175 0.2175 0.234 0.234 0.241 0.241 0.241 0.2445 0.2445 0.247 0.247 0.243 0.243 0.243 0.247 0.247 0.246 0.246 0.245 0.245 0.2265 0.2265 0.2265 0.2275 0.2275 0.216 0.216 0.226 0.226 0.226 0.2275 0.2275 0.221 0.221 0.239 0.239 0.239 0.241 0.241 0.237 0.237 0.2435 0.2435 0.2435 0.237 0.237 0.2645 0.2645
0.195 0.1955 0.1955 0.211 0.211 0.211 0.2125 0.2125 0.223 0.223 0.217 0.217 0.23 0.23 0.23 0.2265 0.2265 0.2335 0.2335 0.2355 0.2355 0.2355 0.2195 0.2195 0.2165 0.2165 0.2195 0.2195 0.2195 0.2175 0.2175 0.234 0.234 0.241 0.241 0.241 0.2445 0.2445 0.247 0.247 0.243 0.243 0.243 0.247 0.247 0.246 0.246 0.245 0.245 0.2265 0.2265 0.2265 0.2275 0.2275 0.216 0.216 0.226 0.226 0.226 0.2275 0.2275 0.221 0.221 0.239 0.239 0.239 0.241 0.241 0.237 0.237 0.2435 0.2435 0.2435 0.237 0.237 0.2645 0.2645
0.195 0.1955 0.1955 0.211 0.211 0.211 0.2125 0.2125 0.223 0.223 0.217 0.217 0.23 0.23 0.23 0.2265 0.2265 0.2335 0.2335 0.2355 0.2355 0.2355 0.2195 0.2195 0.2165 0.2165 0.2195 0.2195 0.2195 0.2175 0.2175 0.234 0.234 0.241 0.241 0.241 0.2445 0.2445 0.247 0.247 0.243 0.243 0.243 0.247 0.247 0.246 0.246 0.245 0.245 0.2265 0.2265 0.2265 0.2275 0.2275 0.216 0.216 0.226 0.226 0.226 0.2275 0.2275 0.221 0.221 0.239 0.239 0.239 0.241 0.241 0.237 0.237 0.2435 0.2435 0.2435 0.237 0.237 0.2645 0.2645
0.222 0.191 0.191 0.2165 0.2165 0.2165 0.214 0.214 0.217 0.217 0.2085 0.2085 0.216 0.216 0.216 0.2125 0.2125 0.2085 0.2085 0.2325 0.2325 0.2325 0.227 0.227 0.21 0.21 0.216 0.216 0.216 0.224 0.224 0.225 0.225 0.234 0.234 0.234 0.231 0.231 0.242 0.242 0.24 0.24 0.24 0.238 0.238 0.248 0.248 0.2365 0.2365 0.2245 0.2245 0.2245 0.2345 0.2345 0.206 0.206 0.2045 0.2045 0.2045 0.2485 0.2485 0.2285 0.2285 0.237 0.237 0.237 0.217 0.217 0.2285 0.2285 0.2335 0.2335 0.2335 0.229 0.229 0.2635 0.2635
0.222 0.191 0.191 0.2165 0.2165 0.2165 0.214 0.214 0.217 0.217 0.2085 0.2085 0.216 0.216 0.216 0.2125 0.2125 0.2085 0.2085 0.2325 0.2325 0.2325 0.227 0.227 0.21 0.21 0.216 0.216 0.216 0.224 0.224 0.225 0.225 0.234 0.234 0.234 0.231 0.231 0.242 0.242 0.24 0.24 0.24 0.238 0.238 0.248 0.248 0.2365 0.2365 0.2245 0.2245 0.2245 0.2345 0.2345 0.206 0.206 0.2045 0.2045 0.2045 0.2485 0.2485 0.2285 0.2285 0.237 0.237 0.237 0.217 0.217 0.2285 0.2285 0.2335 0.2335 0.2335 0.229 0.229 0.2635 0.2635
0.218 0.202 0.202 0.2145 0.2145 0.2145 0.1875 0.1875 0.217 0.217 0.2255 0.2255 0.209 0.209 0.209 0.201 0.201 0.226 0.226 0.2395 0.2395 0.2395 0.23 0.23 0.2215 0.2215 0.223 0.223 0.223 0.218 0.218 0.2305 0.2305 0.226 0.226 0.226 0.2325 0.2325 0.2255 0.2255 0.2405 0.2405 0.2405 0.2415 0.2415 0.2335 0.2335 0.231 0.231 0.237 0.237 0.237 0.2105 0.2105 0.2055 0.2055 0.2105 0.2105 0.2105 0.204 0.204 0.214 0.214 0.215 0.215 0.215 0.1995 0.1995 0.209 0.209 0.217 0.217 0.217 0.221 0.221 0.23 0.23
0.218 0.202 0.202 0.2145 0.2145 0.2145 0.1875 0.1875 0.217 0.217 0.2255 0.2255 0.209 0.209 0.209 0.201 0.201 0.226 0.226 0.2395 0.2395 0.2395 0.23 0.23 0.2215 0.2215 0.223 0.223 0.223 0.218 0.218 0.2305 0.2305 0.226 0.226 0.226 0.2325 0.2325 0.2255 0.2255 0.2405 0.2405 0.2405 0.2415 0.2415 0.2335 0.2335 0.231 0.231 0.237 0.237 0.237 0.2105 0.2105 0.2055 0.2055 0.2105 0.2105 0.2105 0.204 0.204 0.214 0.214 0.215 0.215 0.215 0.1995 0.1995 0.209 0.209 0.217 0.217 0.217 0.221 0.221 0.23 0.23
0.223 0.205 0.205 0.2195 0.2195 0.2195 0.206 0.206 0.212 0.212 0.231 0.231 0.24 0.24 0.24 0.2225 0.2225 0.229 0.229 0.243 0.243 0.243 0.229 0.229 0.2225 0.2225 0.2305 0.2305 0.2305 0.23 0.23 0.2215 0.2215 0.222 0.222 0.222 0.216 0.216 0.2255 0.2255 0.2225 0.2225 0.2225 0.2335 0.2335 0.2285 0.2285 0.2395 0.2395 0.233 0.233 0.233 0.21 0.21 0.2115 0.2115 0.201 0.201 0.201 0.2105 0.2105 0.2085 0.2085 0.2085 0.2085 0.2085 0.2075 0.2075 0.205 0.205 0.19 0.19 0.19 0.216 0.216 0.2185 0.2185
0.223 0.205 0.205 0.2195 0.2195 0.2195 0.206 0.206 0.212 0.212 0.231 0.231 0.24 0.24 0.24 0.2225 0.2225 0.229 0.229 0.243 0.243 0.243 0.229 0.229 0.2225 0.2225 0.2305 0.2305 0.2305 0.23 0.23 0.2215 0.2215 0.222 0.222 0.222 0.216 0.216 0.2255 0.2255 0.2225 0.2225 0.2225 0.2335 0.2335 0.2285 0.2285 0.2395 0.2395 0.233 0.233 0.233 0.21 0.21 0.2115 0.2115 0.201 0.201 0.201 0.2105 0.2105 0.2085 0.2085 0.2085 0.2085 0.2085 0.2075 0.2075 0.205 0.205 0.19 0.19 0.19 0.216 0.216 0.2185 0.2185
0.2165 0.214 0.214 0.2095 0.2095 0.2095 0.2165 0.2165 0.212 0.212 0.2365 0.2365 0.2325 0.2325 0.2325 0.2225 0.2225 0.2215 0.2215 0.2375 0.2375 0.2375 0.2295 0.2295 0.226 0.226 0.218 0.218 0.218 0.243 0.243 0.2325 0.2325 0.2265 0.2265 0.2265 0.212 0.212 0.2225 0.2225 0.226 0.226 0.226 0.236 0.236 0.2375 0.2375 0.2645 0.2645 0.272 0.272 0.272 0.2395 0.2395 0.216 0.216 0.2105 0.2105 0.2105 0.205 0.205 0.2105 0.2105 0.2245 0.2245 0.2245 0.2265 0.2265 0.2315 0.2315 0.228 0.228 0.228 0.2095 0.2095 0.215 0.215
0.2165 0.214 0.214 0.2095 0.2095 0.2095 0.2165 0.2165 0.212 0.212 0.2365 0.2365 0.2325 0.2325 0.2325 0.2225 0.2225 0.2215 0.2215 0.2375 0.2375 0.2375 0.2295 0.2295 0.226 0.226 0.218 0.218 0.218 0.243 0.243 0.2325 0.2325 0.2265 0.2265 0.2265 0.212 0.212 0.2225 0.2225 0.226 0.226 0.226 0.236 0.236 0.2375 0.2375 0.2645 0.2645 0.272 0.272 0.272 0.2395 0.2395 0.216 0.216 0.2105 0.2105 0.2105 0.205 0.205 0.2105 0.2105 0.2245 0.2245 0.2245 0.2265 0.2265 0.2315 0.2315 0.228 0.228 0.228 0.2095 0.2095 0.215 0.215
