ndvi/NOAA-13.asc
ncols         252
nrows         154
xllcorner     -18.017974
yllcorner     13.481982
cellsize      0.035948
NODATA_value  -9999
[rows 102 to 135 of 154, columns 0 to 77 of 252]
-1 -1 -1 -1 -1 -1 -1 -1 -1 -1 -1 -1 -1 -1 -1 -1 -1 -1 -1 -1 -1 -1 -1 -1 -1 0.0182 0.0182 0.0182 0.187 0.187 0.3035 0.3035 0.279 0.279 0.279 0.255 0.255 0.2615 0.2615 0.2725 0.2725 0.2725 0.267 0.267 0.255 0.255 0.2455 0.2455 0.2455 0.262 0.262 0.2675 0.2675 0.2725 0.2725 0.272 0.272 0.272 0.2735 0.2735 0.272 0.272 0.272 0.272 0.272 0.277 0.277 0.2785 0.2785 0.262 0.262 0.262 0.247 0.247 0.2515 0.2515 0.269 0.269
-1 -1 -1 -1 -1 -1 -1 -1 -1 -1 -1 -1 -1 -1 -1 -1 -1 -1 -1 -1 -1 -1 -1 0.01 0.01 0.224 0.224 0.224 0.302 0.302 0.2725 0.2725 0.2575 0.2575 0.2575 0.2705 0.2705 0.2735 0.2735 0.2895 0.2895 0.2895 0.269 0.269 0.27 0.27 0.265 0.265 0.265 0.268 0.268 0.2665 0.2665 0.2675 0.2675 0.2665 0.2665 0.2665 0.2815 0.2815 0.2755 0.2755 0.2755 0.2755 0.2755 0.2675 0.2675 0.273 0.273 0.27 0.27 0.27 0.2635 0.2635 0.264 0.264 0.266 0.266
-1 -1 -1 -1 -1 -1 -1 -1 -1 -1 -1 -1 -1 -1 -1 -1 -1 -1 -1 -1 -1 -1 -1 0.01 0.01 0.224 0.224 0.224 0.302 0.302 0.2725 0.2725 0.2575 0.2575 0.2575 0.2705 0.2705 0.2735 0.2735 0.2895 0.2895 0.2895 0.269 0.269 0.27 0.27 0.265 0.265 0.265 0.268 0.268 0.2665 0.2665 0.2675 0.2675 0.2665 0.2665 0.2665 0.2815 0.2815 0.2755 0.2755 0.2755 0.2755 0.2755 0.2675 0.2675 0.273 0.273 0.27 0.27 0.27 0.2635 0.2635 0.264 0.264 0.266 0.266
-1 -1 -1 -1 -1 -1 -1 -1 -1 -1 -1 -1 -1 -1 -1 -1 -1 -1 -1 -1 -1 -1 -1 0.01 0.01 0.224 0.224 0.224 0.302 0.302 0.2725 0.2725 0.2575 0.2575 0.2575 0.2705 0.2705 0.2735 0.2735 0.2895 0.2895 0.2895 0.269 0.269 0.27 0.27 0.265 0.265 0.265 0.268 0.268 0.2665 0.2665 0.2675 0.2675 0.2665 0.2665 0.2665 0.2815 0.2815 0.2755 0.2755 0.2755 0.2755 0.2755 0.2675 0.2675 0.273 0.273 0.27 0.27 0.27 0.2635 0.2635 0.264 0.264 0.266 0.266
-1 -1 -1 -1 -1 -1 -1 -1 -1 -1 -1 -1 -1 -1 -1 -1 -1 -1 -1 -1 -1 0.0126 0.0126 0.1905 0.1905 0.3145 0.3145 0.3145 0.279 0.279 0.2835 0.2835 0.283 0.283 0.283 0.285 0.285 0.2825 0.2825 0.2825 0.2825 0.2825 0.2775 0.2775 0.275 0.275 0.2655 0.2655 0.2655 0.258 0.258 0.2645 0.2645 0.2635 0.2635 0.2635 0.2635 0.2635 0.2635 0.2635 0.27 0.27 0.27 0.27 0.27 0.2705 0.2705 0.295 0.295 0.285 0.285 0.285 0.28 0.28 0.2685 0.2685 0.262 0.262
-1 -1 -1 -1 -1 -1 -1 -1 -1 -1 -1 -1 -1 -1 -1 -1 -1 -1 -1 -1 -1 0.0126 0.0126 0.1905 0.1905 0.3145 0.3145 0.3145 0.279 0.279 0.2835 0.2835 0.283 0.283 0.283 0.285 0.285 0.2825 0.2825 0.2825 0.2825 0.2825 0.2775 0.2775 0.275 0.275 0.2655 0.2655 0.2655 0.258 0.258 0.2645 0.2645 0.2635 0.2635 0.2635 0.2635 0.2635 0.2635 0.2635 0.27 0.27 0.27 0.27 0.27 0.2705 0.2705 0.295 0.295 0.285 0.285 0.285 0.28 0.28 0.2685 0.2685 0.262 0.262
-1 -1 -1 -1 -1 -1 -1 -1 -1 -1 -1 -1 -1 -1 -1 -1 -1 -1 -1 -1 -1 0.179 0.179 0.3325 0.3325 0.3095 0.3095 0.3095 0.311 0.311 0.2965 0.2965 0.2805 0.2805 0.2805 0.2815 0.2815 0.284 0.284 0.281 0.281 0.281 0.289 0.289 0.293 0.293 0.284 0.284 0.284 0.2725 0.2725 0.278 0.278 0.261 0.261 0.261 0.261 0.261 0.2615 0.2615 0.2765 0.2765 0.2765 0.2765 0.2765 0.277 0.277 0.2925 0.2925 0.285 0.285 0.285 0.278 0.278 0.2745 0.2745 0.2625 0.2625
-1 -1 -1 -1 -1 -1 -1 -1 -1 -1 -1 -1 -1 -1 -1 -1 -1 -1 -1 -1 -1 0.179 0.179 0.3325 0.3325 0.3095 0.3095 0.3095 0.311 0.311 0.2965 0.2965 0.2805 0.2805 0.2805 0.2815 0.2815 0.284 0.284 0.281 0.281 0.281 0.289 0.289 0.293 0.293 0.284 0.284 0.284 0.2725 0.2725 0.278 0.278 0.261 0.261 0.261 0.261 0.261 0.2615 0.2615 0.2765 0.2765 0.2765 0.2765 0.2765 0.277 0.277 0.2925 0.2925 0.285 0.285 0.285 0.278 0.278 0.2745 0.2745 0.2625 0.2625
-1 -1 -1 -1 -1 -1 -1 -1 -1 -1 -1 -1 -1 -1 -1 -1 -1 -1 0.202 0.202 0.202 0.323 0.323 0.315 0.315 0.2995 0.2995 0.2995 0.316 0.316 0.3055 0.3055 0.285 0.285 0.285 0.284 0.284 0.278 0.278 0.278 0.278 0.278 0.279 0.279 0.277 0.277 0.282 0.282 0.282 0.2805 0.2805 0.2805 0.2805 0.2655 0.2655 0.2645 0.2645 0.2645 0.267 0.267 0.272 0.272 0.272 0.272 0.272 0.2675 0.2675 0.2675 0.2675 0.2815 0.2815 0.2815 0.27 0.27 0.263 0.263 0.2935 0.2935
-1 -1 -1 -1 -1 -1 -1 -1 -1 -1 -1 -1 -1 -1 -1 -1 -1 -1 0.202 0.202 0.202 0.323 0.323 0.315 0.315 0.2995 0.2995 0.2995 0.316 0.316 0.3055 0.3055 0.285 0.285 0.285 0.284 0.284 0.278 0.278 0.278 0.278 0.278 0.279 0.279 0.277 0.277 0.282 0.282 0.282 0.2805 0.2805 0.2805 0.2805 0.2655 0.2655 0.2645 0.2645 0.2645 0.267 0.267 0.272 0.272 0.272 0.272 0.272 0.2675 0.2675 0.2675 0.2675 0.2815 0.2815 0.2815 0.27 0.27 0.263 0.263 0.2935 0.2935
-1 -1 -1 -1 -1 -1 -1 -1 -1 -1 -1 -1 -1 -1 -1 -1 -1 -1 0.202 0.202 0.202 0.323 0.323 0.315 0.315 0.2995 0.2995 0.2995 0.316 0.316 0.3055 0.3055 0.285 0.285 0.285 0.284 0.284 0.278 0.278 0.278 0.278 0.278 0.279 0.279 0.277 0.277 0.282 0.282 0.282 0.2805 0.2805 0.2805 0.2805 0.2655 0.2655 0.2645 0.2645 0.2645 0.267 0.267 0.272 0.272 0.272 0.272 0.272 0.2675 0.2675 0.2675 0.2675 0.2815 0.2815 0.2815 0.27 0.27 0.263 0.263 0.2935 0.2935
-1 -1 -1 -1 -1 -1 -1 -1 -1 -1 -1 -1 -1 -1 -1 -1 0.3725 0.3725 0.36 0.36 0.36 0.3295 0.3295 0.3105 0.3105 0.3175 0.3175 0.3175 0.3145 0.3145 0.3045 0.3045 0.3 0.3 0.3 0.288 0.288 0.284 0.284 0.2825 0.2825 0.2825 0.278 0.278 0.273 0.273 0.2765 0.2765 0.2765 0.282 0.282 0.2735 0.2735 0.27 0.27 0.271 0.271 0.271 0.283 0.283 0.2775 0.2775 0.2775 0.2775 0.2775 0.2745 0.2745 0.259 0.259 0.259 0.259 0.259 0.2715 0.2715 0.2705 0.2705 0.2765 0.2765
-1 -1 -1 -1 -1 -1 -1 -1 -1 -1 -1 -1 -1 -1 -1 -1 0.3725 0.3725 0.36 0.36 0.36 0.3295 0.3295 0.3105 0.3105 0.3175 0.3175 0.3175 0.3145 0.3145 0.3045 0.3045 0.3 0.3 0.3 0.288 0.288 0.284 0.284 0.2825 0.2825 0.2825 0.278 0.278 0.273 0.273 0.2765 0.2765 0.2765 0.282 0.282 0.2735 0.2735 0.27 0.27 0.271 0.271 0.271 0.283 0.283 0.2775 0.2775 0.2775 0.2775 0.2775 0.2745 0.2745 0.259 0.259 0.259 0.259 0.259 0.2715 0.2715 0.2705 0.2705 0.2765 0.2765
-1 -1 -1 -1 -1 -1 -1 -1 -1 -1 -1 -1 0.246 0.246 0.195 0.195 0.2015 0.2015 0.3425 0.3425 0.3425 0.349 0.349 0.331 0.331 0.3225 0.3225 0.3225 0.3145 0.3145 0.3195 0.3195 0.2875 0.2875 0.2875 0.3005 0.3005 0.2945 0.2945 0.299 0.299 0.299 0.29 0.29 0.28 0.28 0.274 0.274 0.274 0.2695 0.2695 0.2685 0.2685 0.273 0.273 0.276 0.276 0.276 0.277 0.277 0.27 0.27 0.27 0.27 0.27 0.2695 0.2695 0.261 0.261 0.2555 0.2555 0.2555 0.2655 0.2655 0.258 0.258 0.2885 0.2885
-1 -1 -1 -1 -1 -1 -1 -1 -1 -1 -1 -1 0.246 0.246 0.195 0.195 0.2015 0.2015 0.3425 0.3425 0.3425 0.349 0.349 0.331 0.331 0.3225 0.3225 0.3225 0.3145 0.3145 0.3195 0.3195 0.2875 0.2875 0.2875 0.3005 0.3005 0.2945 0.2945 0.299 0.299 0.299 0.29 0.29 0.28 0.28 0.274 0.274 0.274 0.2695 0.2695 0.2685 0.2685 0.273 0.273 0.276 0.276 0.276 0.277 0.277 0.27 0.27 0.27 0.27 0.27 0.2695 0.2695 0.261 0.261 0.2555 0.2555 0.2555 0.2655 0.2655 0.258 0.258 0.2885 0.2885
-1 -1 -1 -1 -1 -1 -1 -1 -1 0.1397 0.1397 0.1397 0.1136 0.1136 0.08499999 0.08499999 0.1427 0.1427 0.1055 0.1055 0.1055 0.281 0.281 0.3095 0.3095 0.314 0.314 0.314 0.31 0.31 0.313 0.313 0.291 0.291 0.291 0.2875 0.2875 0.294 0.294 0.282 0.282 0.282 0.29 0.29 0.2815 0.2815 0.2645 0.2645 0.2645 0.261 0.261 0.2595 0.2595 0.2595 0.2595 0.2605 0.2605 0.2605 0.2775 0.2775 0.2745 0.2745 0.2745 0.2745 0.2745 0.2695 0.2695 0.2805 0.2805 0.284 0.284 0.284 0.273 0.273 0.273 0.273 0.2745 0.2745
-1 -1 -1 -1 -1 -1 -1 -1 -1 0.1397 0.1397 0.1397 0.1136 0.1136 0.08499999 0.08499999 0.1427 0.1427 0.1055 0.1055 0.1055 0.281 0.281 0.3095 0.3095 0.314 0.314 0.314 0.31 0.31 0.313 0.313 0.291 0.291 0.291 0.2875 0.2875 0.294 0.294 0.282 0.282 0.282 0.29 0.29 0.2815 0.2815 0.2645 0.2645 0.2645 0.261 0.261 0.2595 0.2595 0.2595 0.2595 0.2605 0.2605 0.2605 0.2775 0.2775 0.2745 0.2745 0.2745 0.2745 0.2745 0.2695 0.2695 0.2805 0.2805 0.284 0.284 0.284 0.273 0.273 0.273 0.273 0.2745 0.2745
-1 -1 -1 -1 -1 -1 -1 -1 -1 0.1397 0.1397 0.1397 0.1136 0.1136 0.08499999 0.08499999 0.1427 0.1427 0.1055 0.1055 0.1055 0.281 0.281 0.3095 0.3095 0.314 0.314 0.314 0.31 0.31 0.313 0.313 0.291 0.291 0.291 0.2875 0.2875 0.294 0.294 0.282 0.282 0.282 0.29 0.29 0.2815 0.2815 0.2645 0.2645 0.2645 0.261 0.261 0.2595 0.2595 0.2595 0.2595 0.2605 0.2605 0.2605 0.2775 0.2775 0.2745 0.2745 0.2745 0.2745 0.2745 0.2695 0.2695 0.2805 0.2805 0.284 0.284 0.284 0.273 0.273 0.273 0.273 0.2745 0.2745
-1 -1 -1 -1 -1 -1 -1 -1 -1 -1 -1 -1 0.1132 0.1132 0.1762 0.1762 0.1842 0.1842 0.1426 0.1426 0.1426 0.249 0.249 0.2785 0.2785 0.317 0.317 0.317 0.3115 0.3115 0.313 0.313 0.3055 0.3055 0.3055 0.2875 0.2875 0.2875 0.2875 0.279 0.279 0.279 0.287 0.287 0.2835 0.2835 0.2845 0.2845 0.2845 0.266 0.266 0.2565 0.2565 0.2565 0.2565 0.2625 0.2625 0.2625 0.27 0.27 0.2665 0.2665 0.2665 0.2665 0.2665 0.2625 0.2625 0.266 0.266 0.268 0.268 0.268 0.2915 0.2915 0.282 0.282 0.275 0.275
-1 -1 -1 -1 -1 -1 -1 -1 -1 -1 -1 -1 0.1132 0.1132 0.1762 0.1762 0.1842 0.1842 0.1426 0.1426 0.1426 0.249 0.249 0.2785 0.2785 0.317 0.317 0.317 0.3115 0.3115 0.313 0.313 0.3055 0.3055 0.3055 0.2875 0.2875 0.2875 0.2875 0.279 0.279 0.279 0.287 0.287 0.2835 0.2835 0.2845 0.2845 0.2845 0.266 0.266 0.2565 0.2565 0.2565 0.2565 0.2625 0.2625 0.2625 0.27 0.27 0.2665 0.2665 0.2665 0.2665 0.2665 0.2625 0.2625 0.266 0.266 0.268 0.268 0.268 0.2915 0.2915 0.282 0.282 0.275 0.275
-1 -1 -1 -1 -1 -1 -1 -1 -1 -1 -1 -1 -1 -1 -1 -1 -1 -1 0.1697 0.1697 0.1697 0.165 0.165 0.267 0.267 0.297 0.297 0.297 0.32 0.32 0.3165 0.3165 0.293 0.293 0.293 0.282 0.282 0.28 0.28 0.2755 0.2755 0.2755 0.277 0.277 0.279 0.279 0.284 0.284 0.284 0.2905 0.2905 0.2835 0.2835 0.2835 0.2835 0.2765 0.2765 0.2765 0.2825 0.2825 0.277 0.277 0.277 0.277 0.277 0.273 0.273 0.267 0.267 0.2785 0.2785 0.2785 0.292 0.292 0.2745 0.2745 0.2765 0.2765
-1 -1 -1 -1 -1 -1 -1 -1 -1 -1 -1 -1 -1 -1 -1 -1 -1 -1 0.1697 0.1697 0.1697 0.165 0.165 0.267 0.267 0.297 0.297 0.297 0.32 0.32 0.3165 0.3165 0.293 0.293 0.293 0.282 0.282 0.28 0.28 0.2755 0.2755 0.2755 0.277 0.277 0.279 0.279 0.284 0.284 0.284 0.2905 0.2905 0.2835 0.2835 0.2835 0.2835 0.2765 0.2765 0.2765 0.2825 0.2825 0.277 0.277 0.277 0.277 0.277 0.273 0.273 0.267 0.267 0.2785 0.2785 0.2785 0.292 0.292 0.2745 0.2745 0.2765 0.2765
-1 -1 -1 -1 -1 -1 -1 -1 -1 -1 -1 -1 -1 -1 -1 -1 -1 -1 -1 -1 -1 0.1607 0.1607 0.1455 0.1455 0.3015 0.3015 0.3015 0.3105 0.3105 0.313 0.313 0.2955 0.2955 0.2955 0.2755 0.2755 0.279 0.279 0.2755 0.2755 0.2755 0.2815 0.2815 0.2755 0.2755 0.2905 0.2905 0.2905 0.295 0.295 0.294 0.294 0.2925 0.2925 0.299 0.299 0.299 0.296 0.296 0.2855 0.2855 0.2855 0.2855 0.2855 0.2715 0.2715 0.2735 0.2735 0.275 0.275 0.275 0.2585 0.2585 0.2775 0.2775 0.278 0.278
-1 -1 -1 -1 -1 -1 -1 -1 -1 -1 -1 -1 -1 -1 -1 -1 -1 -1 -1 -1 -1 0.1607 0.1607 0.1455 0.1455 0.3015 0.3015 0.3015 0.3105 0.3105 0.313 0.313 0.2955 0.2955 0.2955 0.2755 0.2755 0.279 0.279 0.2755 0.2755 0.2755 0.2815 0.2815 0.2755 0.2755 0.2905 0.2905 0.2905 0.295 0.295 0.294 0.294 0.2925 0.2925 0.299 0.299 0.299 0.296 0.296 0.2855 0.2855 0.2855 0.2855 0.2855 0.2715 0.2715 0.2735 0.2735 0.275 0.275 0.275 0.2585 0.2585 0.2775 0.2775 0.278 0.278
-1 -1 -1 -1 -1 -1 -1 -1 -1 -1 -1 -1 -1 -1 -1 -1 -1 -1 -1 -1 -1 0.1287 0.1287 0.1295 0.1295 0.224 0.224 0.224 0.298 0.298 0.321 0.321 0.3115 0.3115 0.3115 0.302 0.302 0.2585 0.2585 0.232 0.232 0.232 0.234 0.234 0.2705 0.2705 0.288 0.288 0.288 0.2855 0.2855 0.294 0.294 0.3085 0.3085 0.3115 0.3115 0.3115 0.3035 0.3035 0.2975 0.2975 0.2975 0.2975 0.2975 0.2935 0.2935 0.287 0.287 0.294 0.294 0.294 0.2755 0.2755 0.265 0.265 0.272 0.272
-1 -1 -1 -1 -1 -1 -1 -1 -1 -1 -1 -1 -1 -1 -1 -1 -1 -1 -1 -1 -1 0.1287 0.1287 0.1295 0.1295 0.224 0.224 0.224 0.298 0.298 0.321 0.321 0.3115 0.3115 0.3115 0.302 0.302 0.2585 0.2585 0.232 0.232 0.232 0.234 0.234 0.2705 0.2705 0.288 0.288 0.288 0.2855 0.2855 0.294 0.294 0.3085 0.3085 0.3115 0.3115 0.3115 0.3035 0.3035 0.2975 0.2975 0.2975 0.2975 0.2975 0.2935 0.2935 0.287 0.287 0.294 0.294 0.294 0.2755 0.2755 0.265 0.265 0.272 0.272
-1 -1 -1 -1 -1 -1 -1 -1 -1 -1 -1 -1 -1 -1 -1 -1 -1 -1 -1 -1 -1 0.1287 0.1287 0.1295 0.1295 0.224 0.224 0.224 0.298 0.298 0.321 0.321 0.3115 0.3115 0.3115 0.302 0.302 0.2585 0.2585 0.232 0.232 0.232 0.234 0.234 0.2705 0.2705 0.288 0.288 0.288 0.2855 0.2855 0.294 0.294 0.3085 0.3085 0.3115 0.3115 0.3115 0.3035 0.3035 0.2975 0.2975 0.2975 0.2975 0.2975 0.2935 0.2935 0.287 0.287 0.294 0.294 0.294 0.2755 0.2755 0.265 0.265 0.272 0.272
-1 -1 -1 -1 -1 -1 -1 -1 -1 -1 -1 -1 -1 -1 -1 -1 -1 -1 -1 -1 -1 -1 -1 0.2167 0.2167 0.06 0.06 0.06 0.302 0.302 0.328 0.328 0.31 0.31 0.31 0.287 0.287 0.187 0.187 0.1215 0.1215 0.1215 0.218 0.218 0.251 0.251 0.271 0.271 0.271 0.287 0.287 0.322 0.322 0.325 0.325 0.332 0.332 0.332 0.306 0.306 0.296 0.296 0.296 0.296 0.296 0.303 0.303 0.3015 0.3015 0.303 0.303 0.303 0.287 0.287 0.2855 0.2855 0.283 0.283
-1 -1 -1 -1 -1 -1 -1 -1 -1 -1 -1 -1 -1 -1 -1 -1 -1 -1 -1 -1 -1 -1 -1 0.2167 0.2167 0.06 0.06 0.06 0.302 0.302 0.328 0.328 0.31 0.31 0.31 0.287 0.287 0.187 0.187 0.1215 0.1215 0.1215 0.218 0.218 0.251 0.251 0.271 0.271 0.271 0.287 0.287 0.322 0.322 0.325 0.325 0.332 0.332 0.332 0.306 0.306 0.296 0.296 0.296 0.296 0.296 0.303 0.303 0.3015 0.3015 0.303 0.303 0.303 0.287 0.287 0.2855 0.2855 0.283 0.283
-1 -1 -1 -1 -1 -1 -1 -1 -1 -1 -1 -1 -1 -1 -1 -1 -1 -1 -1 -1 -1 -1 -1 -1 -1 0.1267 0.1267 0.1267 0.1875 0.1875 0.2915 0.2915 0.3025 0.3025 0.3025 0.1915 0.1915 0.138 0.138 0.167 0.167 0.167 0.1955 0.1955 0.207 0.207 0.1565 0.1565 0.1565 0.2625 0.2625 0.299 0.299 0.3065 0.3065 0.313 0.313 0.313 0.3075 0.3075 0.3075 0.3075 0.3075 0.3075 0.3075 0.2895 0.2895 0.2955 0.2955 0.301 0.301 0.301 0.297 0.297 0.292 0.292 0.296 0.296
-1 -1 -1 -1 -1 -1 -1 -1 -1 -1 -1 -1 -1 -1 -1 -1 -1 -1 -1 -1 -1 -1 -1 -1 -1 0.1267 0.1267 0.1267 0.1875 0.1875 0.2915 0.2915 0.3025 0.3025 0.3025 0.1915 0.1915 0.138 0.138 0.167 0.167 0.167 0.1955 0.1955 0.207 0.207 0.1565 0.1565 0.1565 0.2625 0.2625 0.299 0.299 0.3065 0.3065 0.313 0.313 0.313 0.3075 0.3075 0.3075 0.3075 0.3075 0.3075 0.3075 0.2895 0.2895 0.2955 0.2955 0.301 0.301 0.301 0.297 0.297 0.292 0.292 0.296 0.296
-1 -1 -1 -1 -1 -1 -1 -1 -1 -1 -1 -1 -1 -1 -1 -1 -1 -1 -1 -1 -1 -1 -1 -1 -1 0.1061 0.1061 0.1061 0.1741 0.1741 0.2155 0.2155 0.2265 0.2265 0.2265 0.2885 0.2885 0.229 0.229 0.2715 0.2715 0.2715 0.31 0.31 0.301 0.301 0.2885 0.2885 0.2885 0.2255 0.2255 0.291 0.291 0.283 0.283 0.293 0.293 0.293 0.2975 0.2975 0.3005 0.3005 0.3005 0.3005 0.3005 0.2885 0.2885 0.2815 0.2815 0.283 0.283 0.283 0.282 0.282 0.2685 0.2685 0.275 0.275
-1 -1 -1 -1 -1 -1 -1 -1 -1 -1 -1 -1 -1 -1 -1 -1 -1 -1 -1 -1 -1 -1 -1 -1 -1 0.1061 0.1061 0.1061 0.1741 0.1741 0.2155 0.2155 0.2265 0.2265 0.2265 0.2885 0.2885 0.229 0.229 0.2715 0.2715 0.2715 0.31 0.31 0.301 0.301 0.2885 0.2885 0.2885 0.2255 0.2255 0.291 0.291 0.283 0.283 0.293 0.293 0.293 0.2975 0.2975 0.3005 0.3005 0.3005 0.3005 0.3005 0.2885 0.2885 0.2815 0.2815 0.283 0.283 0.283 0.282 0.282 0.2685 0.2685 0.275 0.275
-1 -1 -1 -1 -1 -1 -1 -1 -1 -1 -1 -1 -1 -1 -1 -1 -1 -1 -1 -1 -1 -1 -1 -1 -1 0.1061 0.1061 0.1061 0.1741 0.1741 0.2155 0.2155 0.2265 0.2265 0.2265 0.2885 0.2885 0.229 0.229 0.2715 0.2715 0.2715 0.31 0.31 0.301 0.301 0.2885 0.2885 0.2885 0.2255 0.2255 0.291 0.291 0.283 0.283 0.293 0.293 0.293 0.2975 0.2975 0.3005 0.3005 0.3005 0.3005 0.3005 0.2885 0.2885 0.2815 0.2815 0.283 0.283 0.283 0.282 0.282 0.2685 0.2685 0.275 0.275
