ndvi/NOAA-204.asc
ncols         252
nrows         154
xllcorner     -18.017974
yllcorner     13.481982
cellsize      0.035948
NODATA_value  -9999
[rows 102 to 135 of 154, columns 77 to 153 of 252]
0.236 0.236 0.2435 0.2435 0.244 0.244 0.242 0.242 0.242 0.256 0.256 0.239 0.239 0.233 0.233 0.249 0.249 0.249 0.267 0.267 0.2575 0.2575 0.259 0.259 0.259 0.251 0.251 0.2565 0.2565 0.2595 0.2595 0.2595 0.275 0.275 0.2885 0.2885 0.2905 0.2905 0.2905 0.294 0.294 0.289 0.289 0.299 0.299 0.299 0.314 0.314 0.3005 0.3005 0.2985 0.2985 0.314 0.314 0.314 0.293 0.293 0.248 0.248 0.2355 0.2355 0.2355 0.2455 0.2455 0.255 0.255 0.2575 0.2575 0.2575 0.2815 0.2815 0.2625 0.2625 0.238 0.238 0.238 0.2315
0.2475 0.2475 0.254 0.254 0.2535 0.2535 0.2425 0.2425 0.2425 0.245 0.245 0.2435 0.2435 0.235 0.235 0.2545 0.2545 0.2545 0.254 0.254 0.2575 0.2575 0.2615 0.2615 0.2615 0.267 0.267 0.2625 0.2625 0.2765 0.2765 0.2765 0.2915 0.2915 0.2825 0.2825 0.301 0.301 0.301 0.291 0.291 0.2935 0.2935 0.303 0.303 0.303 0.2955 0.2955 0.2925 0.2925 0.2965 0.2965 0.307 0.307 0.307 0.2965 0.2965 0.2785 0.2785 0.248 0.248 0.248 0.2615 0.2615 0.2905 0.2905 0.2725 0.2725 0.2725 0.2525 0.2525 0.254 0.254 0.2315 0.2315 0.2315 0.239
0.2475 0.2475 0.254 0.254 0.2535 0.2535 0.2425 0.2425 0.2425 0.245 0.245 0.2435 0.2435 0.235 0.235 0.2545 0.2545 0.2545 0.254 0.254 0.2575 0.2575 0.2615 0.2615 0.2615 0.267 0.267 0.2625 0.2625 0.2765 0.2765 0.2765 0.2915 0.2915 0.2825 0.2825 0.301 0.301 0.301 0.291 0.291 0.2935 0.2935 0.303 0.303 0.303 0.2955 0.2955 0.2925 0.2925 0.2965 0.2965 0.307 0.307 0.307 0.2965 0.2965 0.2785 0.2785 0.248 0.248 0.248 0.2615 0.2615 0.2905 0.2905 0.2725 0.2725 0.2725 0.2525 0.2525 0.254 0.254 0.2315 0.2315 0.2315 0.239
0.2475 0.2475 0.254 0.254 0.2535 0.2535 0.2425 0.2425 0.2425 0.245 0.245 0.2435 0.2435 0.235 0.235 0.2545 0.2545 0.2545 0.254 0.254 0.2575 0.2575 0.2615 0.2615 0.2615 0.267 0.267 0.2625 0.2625 0.2765 0.2765 0.2765 0.2915 0.2915 0.2825 0.2825 0.301 0.301 0.301 0.291 0.291 0.2935 0.2935 0.303 0.303 0.303 0.2955 0.2955 0.2925 0.2925 0.2965 0.2965 0.307 0.307 0.307 0.2965 0.2965 0.2785 0.2785 0.248 0.248 0.248 0.2615 0.2615 0.2905 0.2905 0.2725 0.2725 0.2725 0.2525 0.2525 0.254 0.254 0.2315 0.2315 0.2315 0.239
0.238 0.238 0.2495 0.2495 0.2515 0.2515 0.255 0.255 0.255 0.2455 0.2455 0.249 0.249 0.252 0.252 0.2605 0.2605 0.2605 0.2585 0.2585 0.2805 0.2805 0.2885 0.2885 0.2885 0.286 0.286 0.2885 0.2885 0.2935 0.2935 0.2935 0.2985 0.2985 0.255 0.255 0.2695 0.2695 0.2695 0.291 0.291 0.289 0.289 0.304 0.304 0.304 0.29 0.29 0.295 0.295 0.301 0.301 0.308 0.308 0.308 0.299 0.299 0.285 0.285 0.313 0.313 0.313 0.279 0.279 0.274 0.274 0.2865 0.2865 0.2865 0.261 0.261 0.2425 0.2425 0.2425 0.2425 0.2425 0.2615
0.238 0.238 0.2495 0.2495 0.2515 0.2515 0.255 0.255 0.255 0.2455 0.2455 0.249 0.249 0.252 0.252 0.2605 0.2605 0.2605 0.2585 0.2585 0.2805 0.2805 0.2885 0.2885 0.2885 0.286 0.286 0.2885 0.2885 0.2935 0.2935 0.2935 0.2985 0.2985 0.255 0.255 0.2695 0.2695 0.2695 0.291 0.291 0.289 0.289 0.304 0.304 0.304 0.29 0.29 0.295 0.295 0.301 0.301 0.308 0.308 0.308 0.299 0.299 0.285 0.285 0.313 0.313 0.313 0.279 0.279 0.274 0.274 0.2865 0.2865 0.2865 0.261 0.261 0.2425 0.2425 0.2425 0.2425 0.2425 0.2615
0.2465 0.2465 0.2555 0.2555 0.261 0.261 0.2525 0.2525 0.2525 0.254 0.254 0.269 0.269 0.274 0.274 0.2845 0.2845 0.2845 0.3 0.3 0.3045 0.3045 0.3085 0.3085 0.3085 0.3175 0.3175 0.282 0.282 0.301 0.301 0.301 0.298 0.298 0.2545 0.2545 0.2435 0.2435 0.2435 0.277 0.277 0.276 0.276 0.276 0.276 0.276 0.287 0.287 0.3155 0.3155 0.3055 0.3055 0.311 0.311 0.311 0.3035 0.3035 0.3025 0.3025 0.309 0.309 0.309 0.3005 0.3005 0.297 0.297 0.3155 0.3155 0.3155 0.289 0.289 0.2665 0.2665 0.2775 0.2775 0.2775 0.265
0.2465 0.2465 0.2555 0.2555 0.261 0.261 0.2525 0.2525 0.2525 0.254 0.254 0.269 0.269 0.274 0.274 0.2845 0.2845 0.2845 0.3 0.3 0.3045 0.3045 0.3085 0.3085 0.3085 0.3175 0.3175 0.282 0.282 0.301 0.301 0.301 0.298 0.298 0.2545 0.2545 0.2435 0.2435 0.2435 0.277 0.277 0.276 0.276 0.276 0.276 0.276 0.287 0.287 0.3155 0.3155 0.3055 0.3055 0.311 0.311 0.311 0.3035 0.3035 0.3025 0.3025 0.309 0.309 0.309 0.3005 0.3005 0.297 0.297 0.3155 0.3155 0.3155 0.289 0.289 0.2665 0.2665 0.2775 0.2775 0.2775 0.265
0.2505 0.2505 0.271 0.271 0.2595 0.2595 0.266 0.266 0.266 0.276 0.276 0.292 0.292 0.3035 0.3035 0.302 0.302 0.302 0.312 0.312 0.3175 0.3175 0.317 0.317 0.317 0.3185 0.3185 0.305 0.305 0.306 0.306 0.306 0.298 0.298 0.2995 0.2995 0.28 0.28 0.28 0.2825 0.2825 0.287 0.287 0.2925 0.2925 0.2925 0.2915 0.2915 0.3 0.3 0.314 0.314 0.3215 0.3215 0.3215 0.326 0.326 0.3245 0.3245 0.31 0.31 0.31 0.317 0.317 0.3305 0.3305 0.3145 0.3145 0.3145 0.3295 0.3295 0.284 0.284 0.2465 0.2465 0.2465 0.26
0.2505 0.2505 0.271 0.271 0.2595 0.2595 0.266 0.266 0.266 0.276 0.276 0.292 0.292 0.3035 0.3035 0.302 0.302 0.302 0.312 0.312 0.3175 0.3175 0.317 0.317 0.317 0.3185 0.3185 0.305 0.305 0.306 0.306 0.306 0.298 0.298 0.2995 0.2995 0.28 0.28 0.28 0.2825 0.2825 0.287 0.287 0.2925 0.2925 0.2925 0.2915 0.2915 0.3 0.3 0.314 0.314 0.3215 0.3215 0.3215 0.326 0.326 0.3245 0.3245 0.31 0.31 0.31 0.317 0.317 0.3305 0.3305 0.3145 0.3145 0.3145 0.3295 0.3295 0.284 0.284 0.2465 0.2465 0.2465 0.26
0.2505 0.2505 0.271 0.271 0.2595 0.2595 0.266 0.266 0.266 0.276 0.276 0.292 0.292 0.3035 0.3035 0.302 0.302 0.302 0.312 0.312 0.3175 0.3175 0.317 0.317 0.317 0.3185 0.3185 0.305 0.305 0.306 0.306 0.306 0.298 0.298 0.2995 0.2995 0.28 0.28 0.28 0.2825 0.2825 0.287 0.287 0.2925 0.2925 0.2925 0.2915 0.2915 0.3 0.3 0.314 0.314 0.3215 0.3215 0.3215 0.326 0.326 0.3245 0.3245 0.31 0.31 0.31 0.317 0.317 0.3305 0.3305 0.3145 0.3145 0.3145 0.3295 0.3295 0.284 0.284 0.2465 0.2465 0.2465 0.26
0.2415 0.2415 0.275 0.275 0.2855 0.2855 0.292 0.292 0.292 0.293 0.293 0.3005 0.3005 0.2895 0.2895 0.3115 0.3115 0.3115 0.3055 0.3055 0.309 0.309 0.3075 0.3075 0.3075 0.3245 0.3245 0.311 0.311 0.321 0.321 0.321 0.3055 0.3055 0.305 0.305 0.3 0.3 0.3 0.311 0.311 0.303 0.303 0.317 0.317 0.317 0.345 0.345 0.315 0.315 0.325 0.325 0.32 0.32 0.32 0.3305 0.3305 0.322 0.322 0.326 0.326 0.326 0.3145 0.3145 0.3215 0.3215 0.3225 0.3225 0.3225 0.306 0.306 0.303 0.303 0.2715 0.2715 0.2715 0.2575
0.2415 0.2415 0.275 0.275 0.2855 0.2855 0.292 0.292 0.292 0.293 0.293 0.3005 0.3005 0.2895 0.2895 0.3115 0.3115 0.3115 0.3055 0.3055 0.309 0.309 0.3075 0.3075 0.3075 0.3245 0.3245 0.311 0.311 0.321 0.321 0.321 0.3055 0.3055 0.305 0.305 0.3 0.3 0.3 0.311 0.311 0.303 0.303 0.317 0.317 0.317 0.345 0.345 0.315 0.315 0.325 0.325 0.32 0.32 0.32 0.3305 0.3305 0.322 0.322 0.326 0.326 0.326 0.3145 0.3145 0.3215 0.3215 0.3225 0.3225 0.3225 0.306 0.306 0.303 0.303 0.2715 0.2715 0.2715 0.2575
0.2725 0.2725 0.2775 0.2775 0.2815 0.2815 0.291 0.291 0.291 0.289 0.289 0.297 0.297 0.2915 0.2915 0.2875 0.2875 0.2875 0.295 0.295 0.285 0.285 0.291 0.291 0.291 0.3035 0.3035 0.3075 0.3075 0.3115 0.3115 0.3115 0.314 0.314 0.3035 0.3035 0.317 0.317 0.317 0.2945 0.2945 0.304 0.304 0.3175 0.3175 0.3175 0.322 0.322 0.3275 0.3275 0.3355 0.3355 0.328 0.328 0.328 0.3095 0.3095 0.3265 0.3265 0.3265 0.3265 0.3265 0.315 0.315 0.3205 0.3205 0.317 0.317 0.317 0.305 0.305 0.3025 0.3025 0.2745 0.2745 0.2745 0.2595
0.2725 0.2725 0.2775 0.2775 0.2815 0.2815 0.291 0.291 0.291 0.289 0.289 0.297 0.297 0.2915 0.2915 0.2875 0.2875 0.2875 0.295 0.295 0.285 0.285 0.291 0.291 0.291 0.3035 0.3035 0.3075 0.3075 0.3115 0.3115 0.3115 0.314 0.314 0.3035 0.3035 0.317 0.317 0.317 0.2945 0.2945 0.304 0.304 0.3175 0.3175 0.3175 0.322 0.322 0.3275 0.3275 0.3355 0.3355 0.328 0.328 0.328 0.3095 0.3095 0.3265 0.3265 0.3265 0.3265 0.3265 0.315 0.315 0.3205 0.3205 0.317 0.317 0.317 0.305 0.305 0.3025 0.3025 0.2745 0.2745 0.2745 0.2595
0.261 0.261 0.2635 0.2635 0.2615 0.2615 0.2885 0.2885 0.2885 0.298 0.298 0.2885 0.2885 0.2765 0.2765 0.289 0.289 0.289 0.306 0.306 0.3045 0.3045 0.293 0.293 0.293 0.304 0.304 0.298 0.298 0.33 0.33 0.33 0.31 0.31 0.299 0.299 0.309 0.309 0.309 0.308 0.308 0.3235 0.3235 0.3225 0.3225 0.3225 0.316 0.316 0.3225 0.3225 0.3175 0.3175 0.336 0.336 0.336 0.3285 0.3285 0.308 0.308 0.3165 0.3165 0.3165 0.334 0.334 0.3205 0.3205 0.3125 0.3125 0.3125 0.313 0.313 0.2995 0.2995 0.2845 0.2845 0.2845 0.2695
0.261 0.261 0.2635 0.2635 0.2615 0.2615 0.2885 0.2885 0.2885 0.298 0.298 0.2885 0.2885 0.2765 0.2765 0.289 0.289 0.289 0.306 0.306 0.3045 0.3045 0.293 0.293 0.293 0.304 0.304 0.298 0.298 0.33 0.33 0.33 0.31 0.31 0.299 0.299 0.309 0.309 0.309 0.308 0.308 0.3235 0.3235 0.3225 0.3225 0.3225 0.316 0.316 0.3225 0.3225 0.3175 0.3175 0.336 0.336 0.336 0.3285 0.3285 0.308 0.308 0.3165 0.3165 0.3165 0.334 0.334 0.3205 0.3205 0.3125 0.3125 0.3125 0.313 0.313 0.2995 0.2995 0.2845 0.2845 0.2845 0.2695
0.261 0.261 0.2635 0.2635 0.2615 0.2615 0.2885 0.2885 0.2885 0.298 0.298 0.2885 0.2885 0.2765 0.2765 0.289 0.289 0.289 0.306 0.306 0.3045 0.3045 0.293 0.293 0.293 0.304 0.304 0.298 0.298 0.33 0.33 0.33 0.31 0.31 0.299 0.299 0.309 0.309 0.309 0.308 0.308 0.3235 0.3235 0.3225 0.3225 0.3225 0.316 0.316 0.3225 0.3225 0.3175 0.3175 0.336 0.336 0.336 0.3285 0.3285 0.308 0.308 0.3165 0.3165 0.3165 0.334 0.334 0.3205 0.3205 0.3125 0.3125 0.3125 0.313 0.313 0.2995 0.2995 0.2845 0.2845 0.2845 0.2695
0.2475 0.2475 0.236 0.236 0.249 0.249 0.2835 0.2835 0.2835 0.29 0.29 0.295 0.295 0.298 0.298 0.297 0.297 0.297 0.306 0.306 0.3055 0.3055 0.3105 0.3105 0.3105 0.306 0.306 0.3195 0.3195 0.3305 0.3305 0.3305 0.339 0.339 0.326 0.326 0.3275 0.3275 0.3275 0.3355 0.3355 0.331 0.331 0.3365 0.3365 0.3365 0.3325 0.3325 0.316 0.316 0.332 0.332 0.323 0.323 0.323 0.314 0.314 0.3135 0.3135 0.3175 0.3175 0.3175 0.323 0.323 0.3185 0.3185 0.325 0.325 0.325 0.302 0.302 0.2855 0.2855 0.277 0.277 0.277 0.276
0.2475 0.2475 0.236 0.236 0.249 0.249 0.2835 0.2835 0.2835 0.29 0.29 0.295 0.295 0.298 0.298 0.297 0.297 0.297 0.306 0.306 0.3055 0.3055 0.3105 0.3105 0.3105 0.306 0.306 0.3195 0.3195 0.3305 0.3305 0.3305 0.339 0.339 0.326 0.326 0.3275 0.3275 0.3275 0.3355 0.3355 0.331 0.331 0.3365 0.3365 0.3365 0.3325 0.3325 0.316 0.316 0.332 0.332 0.323 0.323 0.323 0.314 0.314 0.3135 0.3135 0.3175 0.3175 0.3175 0.323 0.323 0.3185 0.3185 0.325 0.325 0.325 0.302 0.302 0.2855 0.2855 0.277 0.277 0.277 0.276
0.2625 0.2625 0.241 0.241 0.2635 0.2635 0.269 0.269 0.269 0.2975 0.2975 0.2935 0.2935 0.2945 0.2945 0.2885 0.2885 0.2885 0.2965 0.2965 0.305 0.305 0.314 0.314 0.314 0.319 0.319 0.3185 0.3185 0.3365 0.3365 0.3365 0.3225 0.3225 0.3155 0.3155 0.3255 0.3255 0.3255 0.3325 0.3325 0.3175 0.3175 0.3295 0.3295 0.3295 0.331 0.331 0.333 0.333 0.3215 0.3215 0.315 0.315 0.315 0.3035 0.3035 0.3155 0.3155 0.326 0.326 0.326 0.3355 0.3355 0.317 0.317 0.318 0.318 0.318 0.3085 0.3085 0.2995 0.2995 0.285 0.285 0.285 0.2735
0.2625 0.2625 0.241 0.241 0.2635 0.2635 0.269 0.269 0.269 0.2975 0.2975 0.2935 0.2935 0.2945 0.2945 0.2885 0.2885 0.2885 0.2965 0.2965 0.305 0.305 0.314 0.314 0.314 0.319 0.319 0.3185 0.3185 0.3365 0.3365 0.3365 0.3225 0.3225 0.3155 0.3155 0.3255 0.3255 0.3255 0.3325 0.3325 0.3175 0.3175 0.3295 0.3295 0.3295 0.331 0.331 0.333 0.333 0.3215 0.3215 0.315 0.315 0.315 0.3035 0.3035 0.3155 0.3155 0.326 0.326 0.326 0.3355 0.3355 0.317 0.317 0.318 0.318 0.318 0.3085 0.3085 0.2995 0.2995 0.285 0.285 0.285 0.2735
0.286 0.286 0.2825 0.2825 0.256 0.256 0.258 0.258 0.258 0.2765 0.2765 0.2785 0.2785 0.2985 0.2985 0.293 0.293 0.293 0.2855 0.2855 0.3 0.3 0.3215 0.3215 0.3215 0.315 0.315 0.3035 0.3035 0.3165 0.3165 0.3165 0.317 0.317 0.3035 0.3035 0.3045 0.3045 0.3045 0.318 0.318 0.328 0.328 0.3245 0.3245 0.3245 0.3095 0.3095 0.3255 0.3255 0.3225 0.3225 0.3175 0.3175 0.3175 0.312 0.312 0.31 0.31 0.3255 0.3255 0.3255 0.3185 0.3185 0.3375 0.3375 0.3065 0.3065 0.3065 0.3145 0.3145 0.306 0.306 0.2975 0.2975 0.2975 0.295
0.286 0.286 0.2825 0.2825 0.256 0.256 0.258 0.258 0.258 0.2765 0.2765 0.2785 0.2785 0.2985 0.2985 0.293 0.293 0.293 0.2855 0.2855 0.3 0.3 0.3215 0.3215 0.3215 0.315 0.315 0.3035 0.3035 0.3165 0.3165 0.3165 0.317 0.317 0.3035 0.3035 0.3045 0.3045 0.3045 0.318 0.318 0.328 0.328 0.3245 0.3245 0.3245 0.3095 0.3095 0.3255 0.3255 0.3225 0.3225 0.3175 0.3175 0.3175 0.312 0.312 0.31 0.31 0.3255 0.3255 0.3255 0.3185 0.3185 0.3375 0.3375 0.3065 0.3065 0.3065 0.3145 0.3145 0.306 0.306 0.2975 0.2975 0.2975 0.295
0.289 0.289 0.292 0.292 0.273 0.273 0.2815 0.2815 0.2815 0.2785 0.2785 0.2885 0.2885 0.282 0.282 0.297 0.297 0.297 0.2825 0.2825 0.3075 0.3075 0.3125 0.3125 0.3125 0.3105 0.3105 0.3185 0.3185 0.3155 0.3155 0.3155 0.331 0.331 0.3185 0.3185 0.3335 0.3335 0.3335 0.312 0.312 0.318 0.318 0.311 0.311 0.311 0.324 0.324 0.3225 0.3225 0.318 0.318 0.324 0.324 0.324 0.3105 0.3105 0.314 0.314 0.3065 0.3065 0.3065 0.313 0.313 0.316 0.316 0.307 0.307 0.307 0.3 0.3 0.2865 0.2865 0.291 0.291 0.291 0.291
0.289 0.289 0.292 0.292 0.273 0.273 0.2815 0.2815 0.2815 0.2785 0.2785 0.2885 0.2885 0.282 0.282 0.297 0.297 0.297 0.2825 0.2825 0.3075 0.3075 0.3125 0.3125 0.3125 0.3105 0.3105 0.3185 0.3185 0.3155 0.3155 0.3155 0.331 0.331 0.3185 0.3185 0.3335 0.3335 0.3335 0.312 0.312 0.318 0.318 0.311 0.311 0.311 0.324 0.324 0.3225 0.3225 0.318 0.318 0.324 0.324 0.324 0.3105 0.3105 0.314 0.314 0.3065 0.3065 0.3065 0.313 0.313 0.316 0.316 0.307 0.307 0.307 0.3 0.3 0.2865 0.2865 0.291 0.291 0.291 0.291
0.289 0.289 0.292 0.292 0.273 0.273 0.2815 0.2815 0.2815 0.2785 0.2785 0.2885 0.2885 0.282 0.282 0.297 0.297 0.297 0.2825 0.2825 0.3075 0.3075 0.3125 0.3125 0.3125 0.3105 0.3105 0.3185 0.3185 0.3155 0.3155 0.3155 0.331 0.331 0.3185 0.3185 0.3335 0.3335 0.3335 0.312 0.312 0.318 0.318 0.311 0.311 0.311 0.324 0.324 0.3225 0.3225 0.318 0.318 0.324 0.324 0.324 0.3105 0.3105 0.314 0.314 0.3065 0.3065 0.3065 0.313 0.313 0.316 0.316 0.307 0.307 0.307 0.3 0.3 0.2865 0.2865 0.291 0.291 0.291 0.291
0.2955 0.2955 0.305 0.305 0.3055 0.3055 0.2995 0.2995 0.2995 0.294 0.294 0.291 0.291 0.2895 0.2895 0.296 0.296 0.296 0.296 0.296 0.3125 0.3125 0.3165 0.3165 0.3165 0.3175 0.3175 0.3235 0.3235 0.334 0.334 0.334 0.31 0.31 0.316 0.316 0.319 0.319 0.319 0.3115 0.3115 0.3195 0.3195 0.3175 0.3175 0.3175 0.3195 0.3195 0.31 0.31 0.3175 0.3175 0.3135 0.3135 0.3135 0.3275 0.3275 0.317 0.317 0.324 0.324 0.324 0.3195 0.3195 0.3075 0.3075 0.334 0.334 0.334 0.3115 0.3115 0.305 0.305 0.2905 0.2905 0.2905 0.2935
0.2955 0.2955 0.305 0.305 0.3055 0.3055 0.2995 0.2995 0.2995 0.294 0.294 0.291 0.291 0.2895 0.2895 0.296 0.296 0.296 0.296 0.296 0.3125 0.3125 0.3165 0.3165 0.3165 0.3175 0.3175 0.3235 0.3235 0.334 0.334 0.334 0.31 0.31 0.316 0.316 0.319 0.319 0.319 0.3115 0.3115 0.3195 0.3195 0.3175 0.3175 0.3175 0.3195 0.3195 0.31 0.31 0.3175 0.3175 0.3135 0.3135 0.3135 0.3275 0.3275 0.317 0.317 0.324 0.324 0.324 0.3195 0.3195 0.3075 0.3075 0.334 0.334 0.334 0.3115 0.3115 0.305 0.305 0.2905 0.2905 0.2905 0.2935
0.298 0.298 0.3155 0.3155 0.306 0.306 0.301 0.301 0.301 0.3065 0.3065 0.301 0.301 0.314 0.314 0.3075 0.3075 0.3075 0.317 0.317 0.3205 0.3205 0.3235 0.3235 0.3235 0.316 0.316 0.3165 0.3165 0.316 0.316 0.316 0.3065 0.3065 0.315 0.315 0.3165 0.3165 0.3165 0.3075 0.3075 0.3255 0.3255 0.319 0.319 0.319 0.319 0.319 0.312 0.312 0.311 0.311 0.292 0.292 0.292 0.3155 0.3155 0.3115 0.3115 0.316 0.316 0.316 0.308 0.308 0.317 0.317 0.3155 0.3155 0.3155 0.3325 0.3325 0.3065 0.3065 0.3035 0.3035 0.3035 0.3155
0.298 0.298 0.3155 0.3155 0.306 0.306 0.301 0.301 0.301 0.3065 0.3065 0.301 0.301 0.314 0.314 0.3075 0.3075 0.3075 0.317 0.317 0.3205 0.3205 0.3235 0.3235 0.3235 0.316 0.316 0.3165 0.3165 0.316 0.316 0.316 0.3065 0.3065 0.315 0.315 0.3165 0.3165 0.3165 0.3075 0.3075 0.3255 0.3255 0.319 0.319 0.319 0.319 0.319 0.312 0.312 0.311 0.311 0.292 0.292 0.292 0.3155 0.3155 0.3115 0.3115 0.316 0.316 0.316 0.308 0.308 0.317 0.317 0.3155 0.3155 0.3155 0.3325 0.3325 0.3065 0.3065 0.3035 0.3035 0.3035 0.3155
0.29 0.29 0.3005 0.3005 0.306 0.306 0.289 0.289 0.289 0.2885 0.2885 0.294 0.294 0.3005 0.3005 0.303 0.303 0.303 0.306 0.306 0.3315 0.3315 0.3465 0.3465 0.3465 0.3095 0.3095 0.3065 0.3065 0.307 0.307 0.307 0.31 0.31 0.324 0.324 0.3155 0.3155 0.3155 0.347 0.347 0.317 0.317 0.338 0.338 0.338 0.332 0.332 0.3295 0.3295 0.3375 0.3375 0.328 0.328 0.328 0.3315 0.3315 0.327 0.327 0.3305 0.3305 0.3305 0.3405 0.3405 0.327 0.327 0.3435 0.3435 0.3435 0.347 0.347 0.3085 0.3085 0.285 0.285 0.285 0.3175
0.29 0.29 0.3005 0.3005 0.306 0.306 0.289 0.289 0.289 0.2885 0.2885 0.294 0.294 0.3005 0.3005 0.303 0.303 0.303 0.306 0.306 0.3315 0.3315 0.3465 0.3465 0.3465 0.3095 0.3095 0.3065 0.3065 0.307 0.307 0.307 0.31 0.31 0.324 0.324 0.3155 0.3155 0.3155 0.347 0.347 0.317 0.317 0.338 0.338 0.338 0.332 0.332 0.3295 0.3295 0.3375 0.3375 0.328 0.328 0.328 0.3315 0.3315 0.327 0.327 0.3305 0.3305 0.3305 0.3405 0.3405 0.327 0.327 0.3435 0.3435 0.3435 0.347 0.347 0.3085 0.3085 0.285 0.285 0.285 0.3175
0.29 0.29 0.3005 0.3005 0.306 0.306 0.289 0.289 0.289 0.2885 0.2885 0.294 0.294 0.3005 0.3005 0.303 0.303 0.303 0.306 0.306 0.3315 0.3315 0.3465 0.3465 0.3465 0.3095 0.3095 0.3065 0.3065 0.307 0.307 0.307 0.31 0.31 0.324 0.324 0.3155 0.3155 0.3155 0.347 0.347 0.317 0.317 0.338 0.338 0.338 0.332 0.332 0.3295 0.3295 0.3375 0.3375 0.328 0.328 0.328 0.3315 0.3315 0.327 0.327 0.3305 0.3305 0.3305 0.3405 0.3405 0.327 0.327 0.3435 0.3435 0.3435 0.347 0.347 0.3085 0.3085 0.285 0.285 0.285 0.3175
