ndvi/NOAA-224.asc
ncols         252
nrows         154
xllcorner     -18.017974
yllcorner     13.481982
cellsize      0.035948
NODATA_value  -9999
[rows 0 to 33 of 154, columns 77 to 153 of 252]
0.076 0.076 0.0735 0.0735 0.077 0.077 0.0795 0.0795 0.0795 0.079 0.079 0.0865 0.0865 0.082 0.082 0.08 0.08 0.08 0.083 0.083 0.07 0.07 0.0765 0.0765 0.0765 0.07099999 0.07099999 0.0825 0.0825 0.08 0.08 0.08 0.074 0.074 0.077 0.077 0.07 0.07 0.07 0.0635 0.0635 0.065 0.065 0.068 0.068 0.068 0.083 0.083 0.0765 0.0765 0.0775 0.0775 0.0755 0.0755 0.0755 0.0735 0.0735 0.0825 0.0825 0.0805 0.0805 0.0805 0.0825 0.0825 0.087 0.087 0.0845 0.0845 0.0845 0.074 0.074 0.0785 0.0785 0.079 0.079 0.079 0.0845
0.076 0.076 0.0735 0.0735 0.077 0.077 0.0795 0.0795 0.0795 0.079 0.079 0.0865 0.0865 0.082 0.082 0.08 0.08 0.08 0.083 0.083 0.07 0.07 0.0765 0.0765 0.0765 0.07099999 0.07099999 0.0825 0.0825 0.08 0.08 0.08 0.074 0.074 0.077 0.077 0.07 0.07 0.07 0.0635 0.0635 0.065 0.065 0.068 0.068 0.068 0.083 0.083 0.0765 0.0765 0.0775 0.0775 0.0755 0.0755 0.0755 0.0735 0.0735 0.0825 0.0825 0.0805 0.0805 0.0805 0.0825 0.0825 0.087 0.087 0.0845 0.0845 0.0845 0.074 0.074 0.0785 0.0785 0.079 0.079 0.079 0.0845
0.07799999 0.07799999 0.0765 0.0765 0.0755 0.0755 0.0805 0.0805 0.0805 0.0785 0.0785 0.0795 0.0795 0.0895 0.0895 0.083 0.083 0.083 0.074 0.074 0.0835 0.0835 0.085 0.085 0.085 0.078 0.078 0.0845 0.0845 0.07449999 0.07449999 0.07449999 0.0645 0.0645 0.0615 0.0615 0.074 0.074 0.074 0.07 0.07 0.066 0.066 0.078 0.078 0.078 0.0755 0.0755 0.0805 0.0805 0.0865 0.0865 0.09100001 0.09100001 0.09100001 0.0905 0.0905 0.088 0.088 0.084 0.084 0.084 0.09100001 0.09100001 0.0825 0.0825 0.085 0.085 0.085 0.0795 0.0795 0.08 0.08 0.079 0.079 0.079 0.082
0.07799999 0.07799999 0.0765 0.0765 0.0755 0.0755 0.0805 0.0805 0.0805 0.0785 0.0785 0.0795 0.0795 0.0895 0.0895 0.083 0.083 0.083 0.074 0.074 0.0835 0.0835 0.085 0.085 0.085 0.078 0.078 0.0845 0.0845 0.07449999 0.07449999 0.07449999 0.0645 0.0645 0.0615 0.0615 0.074 0.074 0.074 0.07 0.07 0.066 0.066 0.078 0.078 0.078 0.0755 0.0755 0.0805 0.0805 0.0865 0.0865 0.09100001 0.09100001 0.09100001 0.0905 0.0905 0.088 0.088 0.084 0.084 0.084 0.09100001 0.09100001 0.0825 0.0825 0.085 0.085 0.085 0.0795 0.0795 0.08 0.08 0.079 0.079 0.079 0.082
0.07799999 0.07799999 0.0765 0.0765 0.0755 0.0755 0.0805 0.0805 0.0805 0.0785 0.0785 0.0795 0.0795 0.0895 0.0895 0.083 0.083 0.083 0.074 0.074 0.0835 0.0835 0.085 0.085 0.085 0.078 0.078 0.0845 0.0845 0.07449999 0.07449999 0.07449999 0.0645 0.0645 0.0615 0.0615 0.074 0.074 0.074 0.07 0.07 0.066 0.066 0.078 0.078 0.078 0.0755 0.0755 0.0805 0.0805 0.0865 0.0865 0.09100001 0.09100001 0.09100001 0.0905 0.0905 0.088 0.088 0.084 0.084 0.084 0.09100001 0.09100001 0.0825 0.0825 0.085 0.085 0.085 0.0795 0.0795 0.08 0.08 0.079 0.079 0.079 0.082
0.08 0.08 0.07600001 0.07600001 0.08149999 0.08149999 0.081 0.081 0.081 0.0895 0.0895 0.083 0.083 0.09 0.09 0.0775 0.0775 0.0775 0.0825 0.0825 0.073 0.073 0.0775 0.0775 0.0775 0.0685 0.0685 0.07099999 0.07099999 0.07 0.07 0.07 0.0755 0.0755 0.073 0.073 0.0745 0.0745 0.0745 0.06900001 0.06900001 0.0655 0.0655 0.075 0.075 0.075 0.08400001 0.08400001 0.0895 0.0895 0.0845 0.0845 0.086 0.086 0.086 0.0855 0.0855 0.0905 0.0905 0.07700001 0.07700001 0.07700001 0.084 0.084 0.088 0.088 0.087 0.087 0.087 0.0835 0.0835 0.082 0.082 0.085 0.085 0.085 0.087
0.08 0.08 0.07600001 0.07600001 0.08149999 0.08149999 0.081 0.081 0.081 0.0895 0.0895 0.083 0.083 0.09 0.09 0.0775 0.0775 0.0775 0.0825 0.0825 0.073 0.073 0.0775 0.0775 0.0775 0.0685 0.0685 0.07099999 0.07099999 0.07 0.07 0.07 0.0755 0.0755 0.073 0.073 0.0745 0.0745 0.0745 0.06900001 0.06900001 0.0655 0.0655 0.075 0.075 0.075 0.08400001 0.08400001 0.0895 0.0895 0.0845 0.0845 0.086 0.086 0.086 0.0855 0.0855 0.0905 0.0905 0.07700001 0.07700001 0.07700001 0.084 0.084 0.088 0.088 0.087 0.087 0.087 0.0835 0.0835 0.082 0.082 0.085 0.085 0.085 0.087
0.0775 0.0775 0.0775 0.0775 0.08 0.08 0.074 0.074 0.074 0.078 0.078 0.077 0.077 0.07600001 0.07600001 0.082 0.082 0.082 0.079 0.079 0.08 0.08 0.07449999 0.07449999 0.07449999 0.0735 0.0735 0.07099999 0.07099999 0.0795 0.0795 0.0795 0.0855 0.0855 0.07099999 0.07099999 0.082 0.082 0.082 0.078 0.078 0.079 0.079 0.0785 0.0785 0.0785 0.0815 0.0815 0.09 0.09 0.087 0.087 0.092 0.092 0.092 0.0905 0.0905 0.08750001 0.08750001 0.086 0.086 0.086 0.08400001 0.08400001 0.0865 0.0865 0.088 0.088 0.088 0.085 0.085 0.0825 0.0825 0.084 0.084 0.084 0.0895
0.0775 0.0775 0.0775 0.0775 0.08 0.08 0.074 0.074 0.074 0.078 0.078 0.077 0.077 0.07600001 0.07600001 0.082 0.082 0.082 0.079 0.079 0.08 0.08 0.07449999 0.07449999 0.07449999 0.0735 0.0735 0.07099999 0.07099999 0.0795 0.0795 0.0795 0.0855 0.0855 0.07099999 0.07099999 0.082 0.082 0.082 0.078 0.078 0.079 0.079 0.0785 0.0785 0.0785 0.0815 0.0815 0.09 0.09 0.087 0.087 0.092 0.092 0.092 0.0905 0.0905 0.08750001 0.08750001 0.086 0.086 0.086 0.08400001 0.08400001 0.0865 0.0865 0.088 0.088 0.088 0.085 0.085 0.0825 0.0825 0.084 0.084 0.084 0.0895
0.0825 0.0825 0.082 0.082 0.0765 0.0765 0.083 0.083 0.083 0.084 0.084 0.084 0.084 0.0765 0.0765 0.0795 0.0795 0.0795 0.084 0.084 0.07600001 0.07600001 0.08400001 0.08400001 0.08400001 0.08400001 0.08400001 0.0865 0.0865 0.087 0.087 0.087 0.087 0.087 0.0895 0.0895 0.0785 0.0785 0.0785 0.07799999 0.07799999 0.0865 0.0865 0.087 0.087 0.087 0.08750001 0.08750001 0.0895 0.0895 0.086 0.086 0.09 0.09 0.09 0.0905 0.0905 0.091 0.091 0.0915 0.0915 0.0915 0.09 0.09 0.083 0.083 0.081 0.081 0.081 0.0855 0.0855 0.0865 0.0865 0.087 0.087 0.087 0.092
0.0825 0.0825 0.082 0.082 0.0765 0.0765 0.083 0.083 0.083 0.084 0.084 0.084 0.084 0.0765 0.0765 0.0795 0.0795 0.0795 0.084 0.084 0.07600001 0.07600001 0.08400001 0.08400001 0.08400001 0.08400001 0.08400001 0.0865 0.0865 0.087 0.087 0.087 0.087 0.087 0.0895 0.0895 0.0785 0.0785 0.0785 0.07799999 0.07799999 0.0865 0.0865 0.087 0.087 0.087 0.08750001 0.08750001 0.0895 0.0895 0.086 0.086 0.09 0.09 0.09 0.0905 0.0905 0.091 0.091 0.0915 0.0915 0.0915 0.09 0.09 0.083 0.083 0.081 0.081 0.081 0.0855 0.0855 0.0865 0.0865 0.087 0.087 0.087 0.092
0.08050001 0.08050001 0.0815 0.0815 0.08 0.08 0.083 0.083 0.083 0.088 0.088 0.0845 0.0845 0.0835 0.0835 0.0885 0.0885 0.0885 0.08400001 0.08400001 0.092 0.092 0.0795 0.0795 0.0795 0.086 0.086 0.0925 0.0925 0.0785 0.0785 0.0785 0.0805 0.0805 0.083 0.083 0.07700001 0.07700001 0.07700001 0.0905 0.0905 0.081 0.081 0.082 0.082 0.082 0.09 0.09 0.0985 0.0985 0.086 0.086 0.098 0.098 0.098 0.098 0.098 0.0975 0.0975 0.088 0.088 0.088 0.099 0.099 0.094 0.094 0.0865 0.0865 0.0865 0.093 0.093 0.088 0.088 0.0935 0.0935 0.0935 0.09299999
0.08050001 0.08050001 0.0815 0.0815 0.08 0.08 0.083 0.083 0.083 0.088 0.088 0.0845 0.0845 0.0835 0.0835 0.0885 0.0885 0.0885 0.08400001 0.08400001 0.092 0.092 0.0795 0.0795 0.0795 0.086 0.086 0.0925 0.0925 0.0785 0.0785 0.0785 0.0805 0.0805 0.083 0.083 0.07700001 0.07700001 0.07700001 0.0905 0.0905 0.081 0.081 0.082 0.082 0.082 0.09 0.09 0.0985 0.0985 0.086 0.086 0.098 0.098 0.098 0.098 0.098 0.0975 0.0975 0.088 0.088 0.088 0.099 0.099 0.094 0.094 0.0865 0.0865 0.0865 0.093 0.093 0.088 0.088 0.0935 0.0935 0.0935 0.09299999
0.08050001 0.08050001 0.0815 0.0815 0.08 0.08 0.083 0.083 0.083 0.088 0.088 0.0845 0.0845 0.0835 0.0835 0.0885 0.0885 0.0885 0.08400001 0.08400001 0.092 0.092 0.0795 0.0795 0.0795 0.086 0.086 0.0925 0.0925 0.0785 0.0785 0.0785 0.0805 0.0805 0.083 0.083 0.07700001 0.07700001 0.07700001 0.0905 0.0905 0.081 0.081 0.082 0.082 0.082 0.09 0.09 0.0985 0.0985 0.086 0.086 0.098 0.098 0.098 0.098 0.098 0.0975 0.0975 0.088 0.088 0.088 0.099 0.099 0.094 0.094 0.0865 0.0865 0.0865 0.093 0.093 0.088 0.088 0.0935 0.0935 0.0935 0.09299999
0.082 0.082 0.092 0.092 0.079 0.079 0.081 0.081 0.081 0.0785 0.0785 0.0855 0.0855 0.088 0.088 0.081 0.081 0.081 0.08149999 0.08149999 0.0915 0.0915 0.088 0.088 0.088 0.09 0.09 0.0905 0.0905 0.07600001 0.07600001 0.07600001 0.079 0.079 0.0805 0.0805 0.0835 0.0835 0.0835 0.087 0.087 0.09 0.09 0.089 0.089 0.089 0.094 0.094 0.092 0.092 0.09 0.09 0.096 0.096 0.096 0.09999999 0.09999999 0.1015 0.1015 0.1 0.1 0.1 0.097 0.097 0.095 0.095 0.09 0.09 0.09 0.089 0.089 0.08849999 0.08849999 0.0915 0.0915 0.0915 0.082
0.082 0.082 0.092 0.092 0.079 0.079 0.081 0.081 0.081 0.0785 0.0785 0.0855 0.0855 0.088 0.088 0.081 0.081 0.081 0.08149999 0.08149999 0.0915 0.0915 0.088 0.088 0.088 0.09 0.09 0.0905 0.0905 0.07600001 0.07600001 0.07600001 0.079 0.079 0.0805 0.0805 0.0835 0.0835 0.0835 0.087 0.087 0.09 0.09 0.089 0.089 0.089 0.094 0.094 0.092 0.092 0.09 0.09 0.096 0.096 0.096 0.09999999 0.09999999 0.1015 0.1015 0.1 0.1 0.1 0.097 0.097 0.095 0.095 0.09 0.09 0.09 0.089 0.089 0.08849999 0.08849999 0.0915 0.0915 0.0915 0.082
0.0835 0.0835 0.0825 0.0825 0.0945 0.0945 0.089 0.089 0.089 0.0935 0.0935 0.08050001 0.08050001 0.0845 0.0845 0.09 0.09 0.09 0.096 0.096 0.0895 0.0895 0.085 0.085 0.085 0.0845 0.0845 0.0785 0.0785 0.078 0.078 0.078 0.07799999 0.07799999 0.0775 0.0775 0.085 0.085 0.085 0.089 0.089 0.088 0.088 0.089 0.089 0.089 0.099 0.099 0.0925 0.0925 0.0985 0.0985 0.097 0.097 0.097 0.107 0.107 0.109 0.109 0.11 0.11 0.11 0.095 0.095 0.0905 0.0905 0.0895 0.0895 0.0895 0.088 0.088 0.094 0.094 0.0855 0.0855 0.0855 0.092
0.0835 0.0835 0.0825 0.0825 0.0945 0.0945 0.089 0.089 0.089 0.0935 0.0935 0.08050001 0.08050001 0.0845 0.0845 0.09 0.09 0.09 0.096 0.096 0.0895 0.0895 0.085 0.085 0.085 0.0845 0.0845 0.0785 0.0785 0.078 0.078 0.078 0.07799999 0.07799999 0.0775 0.0775 0.085 0.085 0.085 0.089 0.089 0.088 0.088 0.089 0.089 0.089 0.099 0.099 0.0925 0.0925 0.0985 0.0985 0.097 0.097 0.097 0.107 0.107 0.109 0.109 0.11 0.11 0.11 0.095 0.095 0.0905 0.0905 0.0895 0.0895 0.0895 0.088 0.088 0.094 0.094 0.0855 0.0855 0.0855 0.092
0.08750001 0.08750001 0.09 0.09 0.084 0.084 0.0935 0.0935 0.0935 0.081 0.081 0.089 0.089 0.0905 0.0905 0.089 0.089 0.089 0.0845 0.0845 0.08849999 0.08849999 0.087 0.087 0.087 0.092 0.092 0.0865 0.0865 0.0915 0.0915 0.0915 0.0925 0.0925 0.095 0.095 0.088 0.088 0.088 0.0885 0.0885 0.0925 0.0925 0.0985 0.0985 0.0985 0.09450001 0.09450001 0.101 0.101 0.111 0.111 0.102 0.102 0.102 0.1095 0.1095 0.114 0.114 0.1145 0.1145 0.1145 0.1055 0.1055 0.0905 0.0905 0.0935 0.0935 0.0935 0.1065 0.1065 0.0955 0.0955 0.085 0.085 0.085 0.086
0.08750001 0.08750001 0.09 0.09 0.084 0.084 0.0935 0.0935 0.0935 0.081 0.081 0.089 0.089 0.0905 0.0905 0.089 0.089 0.089 0.0845 0.0845 0.08849999 0.08849999 0.087 0.087 0.087 0.092 0.092 0.0865 0.0865 0.0915 0.0915 0.0915 0.0925 0.0925 0.095 0.095 0.088 0.088 0.088 0.0885 0.0885 0.0925 0.0925 0.0985 0.0985 0.0985 0.09450001 0.09450001 0.101 0.101 0.111 0.111 0.102 0.102 0.102 0.1095 0.1095 0.114 0.114 0.1145 0.1145 0.1145 0.1055 0.1055 0.0905 0.0905 0.0935 0.0935 0.0935 0.1065 0.1065 0.0955 0.0955 0.085 0.085 0.085 0.086
0.08750001 0.08750001 0.09 0.09 0.084 0.084 0.0935 0.0935 0.0935 0.081 0.081 0.089 0.089 0.0905 0.0905 0.089 0.089 0.089 0.0845 0.0845 0.08849999 0.08849999 0.087 0.087 0.087 0.092 0.092 0.0865 0.0865 0.0915 0.0915 0.0915 0.0925 0.0925 0.095 0.095 0.088 0.088 0.088 0.0885 0.0885 0.0925 0.0925 0.0985 0.0985 0.0985 0.09450001 0.09450001 0.101 0.101 0.111 0.111 0.102 0.102 0.102 0.1095 0.1095 0.114 0.114 0.1145 0.1145 0.1145 0.1055 0.1055 0.0905 0.0905 0.0935 0.0935 0.0935 0.1065 0.1065 0.0955 0.0955 0.085 0.085 0.085 0.086
0.0865 0.0865 0.0905 0.0905 0.089 0.089 0.08849999 0.08849999 0.08849999 0.0895 0.0895 0.0915 0.0915 0.0975 0.0975 0.0935 0.0935 0.0935 0.0865 0.0865 0.094 0.094 0.094 0.094 0.094 0.096 0.096 0.0975 0.0975 0.1055 0.1055 0.1055 0.106 0.106 0.1055 0.1055 0.09649999 0.09649999 0.09649999 0.0915 0.0915 0.101 0.101 0.101 0.101 0.101 0.0985 0.0985 0.1005 0.1005 0.09450001 0.09450001 0.099 0.099 0.099 0.1085 0.1085 0.121 0.121 0.129 0.129 0.129 0.1335 0.1335 0.098 0.098 0.101 0.101 0.101 0.098 0.098 0.0985 0.0985 0.0925 0.0925 0.0925 0.0845
0.0865 0.0865 0.0905 0.0905 0.089 0.089 0.08849999 0.08849999 0.08849999 0.0895 0.0895 0.0915 0.0915 0.0975 0.0975 0.0935 0.0935 0.0935 0.0865 0.0865 0.094 0.094 0.094 0.094 0.094 0.096 0.096 0.0975 0.0975 0.1055 0.1055 0.1055 0.106 0.106 0.1055 0.1055 0.09649999 0.09649999 0.09649999 0.0915 0.0915 0.101 0.101 0.101 0.101 0.101 0.0985 0.0985 0.1005 0.1005 0.09450001 0.09450001 0.099 0.099 0.099 0.1085 0.1085 0.121 0.121 0.129 0.129 0.129 0.1335 0.1335 0.098 0.098 0.101 0.101 0.101 0.098 0.098 0.0985 0.0985 0.0925 0.0925 0.0925 0.0845
0.0875 0.0875 0.0895 0.0895 0.0915 0.0915 0.097 0.097 0.097 0.102 0.102 0.106 0.106 0.113 0.113 0.1135 0.1135 0.1135 0.1 0.1 0.1085 0.1085 0.101 0.101 0.101 0.0975 0.0975 0.1025 0.1025 0.119 0.119 0.119 0.116 0.116 0.117 0.117 0.0955 0.0955 0.0955 0.094 0.094 0.1075 0.1075 0.107 0.107 0.107 0.1205 0.1205 0.1025 0.1025 0.0975 0.0975 0.083 0.083 0.083 0.09 0.09 0.101 0.101 0.126 0.126 0.126 0.1335 0.1335 0.125 0.125 0.0975 0.0975 0.0975 0.101 0.101 0.0915 0.0915 0.092 0.092 0.092 0.083
0.0875 0.0875 0.0895 0.0895 0.0915 0.0915 0.097 0.097 0.097 0.102 0.102 0.106 0.106 0.113 0.113 0.1135 0.1135 0.1135 0.1 0.1 0.1085 0.1085 0.101 0.101 0.101 0.0975 0.0975 0.1025 0.1025 0.119 0.119 0.119 0.116 0.116 0.117 0.117 0.0955 0.0955 0.0955 0.094 0.094 0.1075 0.1075 0.107 0.107 0.107 0.1205 0.1205 0.1025 0.1025 0.0975 0.0975 0.083 0.083 0.083 0.09 0.09 0.101 0.101 0.126 0.126 0.126 0.1335 0.1335 0.125 0.125 0.0975 0.0975 0.0975 0.101 0.101 0.0915 0.0915 0.092 0.092 0.092 0.083
0.097 0.097 0.0935 0.0935 0.0925 0.0925 0.1285 0.1285 0.1285 0.1325 0.1325 0.134 0.134 0.1245 0.1245 0.127 0.127 0.127 0.1025 0.1025 0.109 0.109 0.099 0.099 0.099 0.103 0.103 0.1095 0.1095 0.1215 0.1215 0.1215 0.104 0.104 0.1055 0.1055 0.0945 0.0945 0.0945 0.095 0.095 0.101 0.101 0.1255 0.1255 0.1255 0.1255 0.1255 0.124 0.124 0.098 0.098 0.09999999 0.09999999 0.09999999 0.0915 0.0915 0.111 0.111 0.128 0.128 0.128 0.138 0.138 0.139 0.139 0.1305 0.1305 0.1305 0.0985 0.0985 0.0905 0.0905 0.0975 0.0975 0.0975 0.0925
0.097 0.097 0.0935 0.0935 0.0925 0.0925 0.1285 0.1285 0.1285 0.1325 0.1325 0.134 0.134 0.1245 0.1245 0.127 0.127 0.127 0.1025 0.1025 0.109 0.109 0.099 0.099 0.099 0.103 0.103 0.1095 0.1095 0.1215 0.1215 0.1215 0.104 0.104 0.1055 0.1055 0.0945 0.0945 0.0945 0.095 0.095 0.101 0.101 0.1255 0.1255 0.1255 0.1255 0.1255 0.124 0.124 0.098 0.098 0.09999999 0.09999999 0.09999999 0.0915 0.0915 0.111 0.111 0.128 0.128 0.128 0.138 0.138 0.139 0.139 0.1305 0.1305 0.1305 0.0985 0.0985 0.0905 0.0905 0.0975 0.0975 0.0975 0.0925
0.097 0.097 0.0935 0.0935 0.0925 0.0925 0.1285 0.1285 0.1285 0.1325 0.1325 0.134 0.134 0.1245 0.1245 0.127 0.127 0.127 0.1025 0.1025 0.109 0.109 0.099 0.099 0.099 0.103 0.103 0.1095 0.1095 0.1215 0.1215 0.1215 0.104 0.104 0.1055 0.1055 0.0945 0.0945 0.0945 0.095 0.095 0.101 0.101 0.1255 0.1255 0.1255 0.1255 0.1255 0.124 0.124 0.098 0.098 0.09999999 0.09999999 0.09999999 0.0915 0.0915 0.111 0.111 0.128 0.128 0.128 0.138 0.138 0.139 0.139 0.1305 0.1305 0.1305 0.0985 0.0985 0.0905 0.0905 0.0975 0.0975 0.0975 0.0925
0.098 0.098 0.1115 0.1115 0.1225 0.1225 0.134 0.134 0.134 0.135 0.135 0.1415 0.1415 0.1355 0.1355 0.146 0.146 0.146 0.1295 0.1295 0.1055 0.1055 0.107 0.107 0.107 0.1035 0.1035 0.1055 0.1055 0.105 0.105 0.105 0.125 0.125 0.0995 0.0995 0.1045 0.1045 0.1045 0.0975 0.0975 0.107 0.107 0.1225 0.1225 0.1225 0.1315 0.1315 0.1235 0.1235 0.1055 0.1055 0.0995 0.0995 0.0995 0.1025 0.1025 0.1205 0.1205 0.135 0.135 0.135 0.1295 0.1295 0.1365 0.1365 0.137 0.137 0.137 0.126 0.126 0.09299999 0.09299999 0.0995 0.0995 0.0995 0.0905
0.098 0.098 0.1115 0.1115 0.1225 0.1225 0.134 0.134 0.134 0.135 0.135 0.1415 0.1415 0.1355 0.1355 0.146 0.146 0.146 0.1295 0.1295 0.1055 0.1055 0.107 0.107 0.107 0.1035 0.1035 0.1055 0.1055 0.105 0.105 0.105 0.125 0.125 0.0995 0.0995 0.1045 0.1045 0.1045 0.0975 0.0975 0.107 0.107 0.1225 0.1225 0.1225 0.1315 0.1315 0.1235 0.1235 0.1055 0.1055 0.0995 0.0995 0.0995 0.1025 0.1025 0.1205 0.1205 0.135 0.135 0.135 0.1295 0.1295 0.1365 0.1365 0.137 0.137 0.137 0.126 0.126 0.09299999 0.09299999 0.0995 0.0995 0.0995 0.0905
0.1335 0.1335 0.117 0.117 0.124 0.124 0.1235 0.1235 0.1235 0.136 0.136 0.144 0.144 0.1455 0.1455 0.159 0.159 0.159 0.142 0.142 0.132 0.132 0.125 0.125 0.125 0.122 0.122 0.1095 0.1095 0.1145 0.1145 0.1145 0.1125 0.1125 0.129 0.129 0.1265 0.1265 0.1265 0.107 0.107 0.119 0.119 0.1285 0.1285 0.1285 0.1315 0.1315 0.135 0.135 0.1375 0.1375 0.1375 0.1375 0.1375 0.1445 0.1445 0.136 0.136 0.1375 0.1375 0.1375 0.1355 0.1355 0.1385 0.1385 0.126 0.126 0.126 0.1105 0.1105 0.0995 0.0995 0.097 0.097 0.097 0.1035
0.1335 0.1335 0.117 0.117 0.124 0.124 0.1235 0.1235 0.1235 0.136 0.136 0.144 0.144 0.1455 0.1455 0.159 0.159 0.159 0.142 0.142 0.132 0.132 0.125 0.125 0.125 0.122 0.122 0.1095 0.1095 0.1145 0.1145 0.1145 0.1125 0.1125 0.129 0.129 0.1265 0.1265 0.1265 0.107 0.107 0.119 0.119 0.1285 0.1285 0.1285 0.1315 0.1315 0.135 0.135 0.1375 0.1375 0.1375 0.1375 0.1375 0.1445 0.1445 0.136 0.136 0.1375 0.1375 0.1375 0.1355 0.1355 0.1385 0.1385 0.126 0.126 0.126 0.1105 0.1105 0.0995 0.0995 0.097 0.097 0.097 0.1035
0.1385 0.1385 0.138 0.138 0.1055 0.1055 0.1085 0.1085 0.1085 0.123 0.123 0.1335 0.1335 0.1455 0.1455 0.15 0.15 0.15 0.142 0.142 0.1395 0.1395 0.147 0.147 0.147 0.141 0.141 0.14 0.14 0.1385 0.1385 0.1385 0.136 0.136 0.137 0.137 0.1245 0.1245 0.1245 0.1305 0.1305 0.1255 0.1255 0.15 0.15 0.15 0.147 0.147 0.1545 0.1545 0.1465 0.1465 0.143 0.143 0.143 0.142 0.142 0.156 0.156 0.1355 0.1355 0.1355 0.145 0.145 0.149 0.149 0.1655 0.1655 0.1655 0.1335 0.1335 0.13 0.13 0.1325 0.1325 0.1325 0.1245
0.1385 0.1385 0.138 0.138 0.1055 0.1055 0.1085 0.1085 0.1085 0.123 0.123 0.1335 0.1335 0.1455 0.1455 0.15 0.15 0.15 0.142 0.142 0.1395 0.1395 0.147 0.147 0.147 0.141 0.141 0.14 0.14 0.1385 0.1385 0.1385 0.136 0.136 0.137 0.137 0.1245 0.1245 0.1245 0.1305 0.1305 0.1255 0.1255 0.15 0.15 0.15 0.147 0.147 0.1545 0.1545 0.1465 0.1465 0.143 0.143 0.143 0.142 0.142 0.156 0.156 0.1355 0.1355 0.1355 0.145 0.145 0.149 0.149 0.1655 0.1655 0.1655 0.1335 0.1335 0.13 0.13 0.1325 0.1325 0.1325 0.1245
