ndvi/NOAA-307.asc
ncols         252
nrows         154
xllcorner     -18.017974
yllcorner     13.481982
cellsize      0.035948
NODATA_value  -9999
[rows 102 to 135 of 154, columns 154 to 230 of 252]
0.2905 0.284 0.284 0.3176 0.3176 0.3176 0.183 0.183 0.185 0.185 0.2035 0.2035 0.2315 0.2315 0.2315 0.254 0.254 0.295 0.295 0.3 0.3 0.3 0.2975 0.2975 0.2725 0.2725 0.254 0.254 0.254 0.3416 0.3416 0.283 0.283 0.2645 0.2645 0.2645 0.2901 0.2901 0.3326 0.3326 0.2991 0.2991 0.2991 0.2901 0.2901 0.3166 0.3166 0.2715 0.2715 0.249 0.249 0.249 0.2205 0.2205 0.237 0.237 0.3436 0.3436 0.3436 0.2085 0.2085 0.1975 0.1975 0.247 0.247 0.247 0.2255 0.2255 0.22 0.22 0.252 0.252 0.252 0.252 0.252 0.2755 0.2755
0.2135 0.227 0.227 0.222 0.222 0.222 0.1805 0.1805 0.196 0.196 0.238 0.238 0.26 0.26 0.26 0.2805 0.2805 0.313 0.313 0.2985 0.2985 0.2985 0.2906 0.2906 0.268 0.268 0.298 0.298 0.298 0.3106 0.3106 0.3326 0.3326 0.3511 0.3511 0.3511 0.3701 0.3701 0.3696 0.3696 0.3411 0.3411 0.3411 0.3316 0.3316 0.282 0.282 0.3195 0.3195 0.288 0.288 0.288 0.2375 0.2375 0.3491 0.3491 0.33 0.33 0.33 0.234 0.234 0.238 0.238 0.2325 0.2325 0.2325 0.232 0.232 0.2215 0.2215 0.2425 0.2425 0.2425 0.2765 0.2765 0.2615 0.2615
0.2135 0.227 0.227 0.222 0.222 0.222 0.1805 0.1805 0.196 0.196 0.238 0.238 0.26 0.26 0.26 0.2805 0.2805 0.313 0.313 0.2985 0.2985 0.2985 0.2906 0.2906 0.268 0.268 0.298 0.298 0.298 0.3106 0.3106 0.3326 0.3326 0.3511 0.3511 0.3511 0.3701 0.3701 0.3696 0.3696 0.3411 0.3411 0.3411 0.3316 0.3316 0.282 0.282 0.3195 0.3195 0.288 0.288 0.288 0.2375 0.2375 0.3491 0.3491 0.33 0.33 0.33 0.234 0.234 0.238 0.238 0.2325 0.2325 0.2325 0.232 0.232 0.2215 0.2215 0.2425 0.2425 0.2425 0.2765 0.2765 0.2615 0.2615
0.2135 0.227 0.227 0.222 0.222 0.222 0.1805 0.1805 0.196 0.196 0.238 0.238 0.26 0.26 0.26 0.2805 0.2805 0.313 0.313 0.2985 0.2985 0.2985 0.2906 0.2906 0.268 0.268 0.298 0.298 0.298 0.3106 0.3106 0.3326 0.3326 0.3511 0.3511 0.3511 0.3701 0.3701 0.3696 0.3696 0.3411 0.3411 0.3411 0.3316 0.3316 0.282 0.282 0.3195 0.3195 0.288 0.288 0.288 0.2375 0.2375 0.3491 0.3491 0.33 0.33 0.33 0.234 0.234 0.238 0.238 0.2325 0.2325 0.2325 0.232 0.232 0.2215 0.2215 0.2425 0.2425 0.2425 0.2765 0.2765 0.2615 0.2615
0.257 0.2075 0.2075 0.2295 0.2295 0.2295 0.2425 0.2425 0.269 0.269 0.2815 0.2815 0.284 0.284 0.284 0.277 0.277 0.259 0.259 0.2515 0.2515 0.2515 0.3235 0.3235 0.3115 0.3115 0.3265 0.3265 0.3265 0.337 0.337 0.3115 0.3115 0.2975 0.2975 0.2975 0.3035 0.3035 0.2825 0.2825 0.3266 0.3266 0.3266 0.2921 0.2921 0.3056 0.3056 0.2855 0.2855 0.2815 0.2815 0.2815 0.2945 0.2945 0.3975 0.3975 0.3926 0.3926 0.3926 0.3361 0.3361 0.2805 0.2805 0.265 0.265 0.265 0.2255 0.2255 0.1965 0.1965 0.1955 0.1955 0.1955 0.275 0.275 0.3391 0.3391
0.257 0.2075 0.2075 0.2295 0.2295 0.2295 0.2425 0.2425 0.269 0.269 0.2815 0.2815 0.284 0.284 0.284 0.277 0.277 0.259 0.259 0.2515 0.2515 0.2515 0.3235 0.3235 0.3115 0.3115 0.3265 0.3265 0.3265 0.337 0.337 0.3115 0.3115 0.2975 0.2975 0.2975 0.3035 0.3035 0.2825 0.2825 0.3266 0.3266 0.3266 0.2921 0.2921 0.3056 0.3056 0.2855 0.2855 0.2815 0.2815 0.2815 0.2945 0.2945 0.3975 0.3975 0.3926 0.3926 0.3926 0.3361 0.3361 0.2805 0.2805 0.265 0.265 0.265 0.2255 0.2255 0.1965 0.1965 0.1955 0.1955 0.1955 0.275 0.275 0.3391 0.3391
0.226 0.2685 0.2685 0.3106 0.3106 0.3106 0.2915 0.2915 0.2785 0.2785 0.319 0.319 0.28 0.28 0.28 0.2625 0.2625 0.2135 0.2135 0.2705 0.2705 0.2705 0.264 0.264 0.2405 0.2405 0.2845 0.2845 0.2845 0.3482 0.3482 0.3753 0.3753 0.3492 0.3492 0.3492 0.3607 0.3607 0.3722 0.3722 0.2866 0.2866 0.2866 0.3161 0.3161 0.3191 0.3191 0.3466 0.3466 0.3821 0.3821 0.3821 0.3956 0.3956 0.4626 0.4626 0.4211 0.4211 0.4211 0.3542 0.3542 0.3551 0.3551 0.2955 0.2955 0.2955 0.306 0.306 0.283 0.283 0.272 0.272 0.272 0.32 0.32 0.3225 0.3225
0.226 0.2685 0.2685 0.3106 0.3106 0.3106 0.2915 0.2915 0.2785 0.2785 0.319 0.319 0.28 0.28 0.28 0.2625 0.2625 0.2135 0.2135 0.2705 0.2705 0.2705 0.264 0.264 0.2405 0.2405 0.2845 0.2845 0.2845 0.3482 0.3482 0.3753 0.3753 0.3492 0.3492 0.3492 0.3607 0.3607 0.3722 0.3722 0.2866 0.2866 0.2866 0.3161 0.3161 0.3191 0.3191 0.3466 0.3466 0.3821 0.3821 0.3821 0.3956 0.3956 0.4626 0.4626 0.4211 0.4211 0.4211 0.3542 0.3542 0.3551 0.3551 0.2955 0.2955 0.2955 0.306 0.306 0.283 0.283 0.272 0.272 0.272 0.32 0.32 0.3225 0.3225
0.226 0.2635 0.2635 0.226 0.226 0.226 0.283 0.283 0.2775 0.2775 0.2555 0.2555 0.257 0.257 0.257 0.2325 0.2325 0.236 0.236 0.2385 0.2385 0.2385 0.2775 0.2775 0.294 0.294 0.2985 0.2985 0.2985 0.3507 0.3507 0.3492 0.3492 0.2965 0.2965 0.2965 0.3977 0.3977 0.3452 0.3452 0.3301 0.3301 0.3301 0.3556 0.3556 0.3527 0.3527 0.3346 0.3346 0.3706 0.3706 0.3706 0.4301 0.4301 0.4541 0.4541 0.4321 0.4321 0.4321 0.3981 0.3981 0.3666 0.3666 0.297 0.297 0.297 0.3621 0.3621 0.3076 0.3076 0.3116 0.3116 0.3116 0.3461 0.3461 0.3601 0.3601
0.226 0.2635 0.2635 0.226 0.226 0.226 0.283 0.283 0.2775 0.2775 0.2555 0.2555 0.257 0.257 0.257 0.2325 0.2325 0.236 0.236 0.2385 0.2385 0.2385 0.2775 0.2775 0.294 0.294 0.2985 0.2985 0.2985 0.3507 0.3507 0.3492 0.3492 0.2965 0.2965 0.2965 0.3977 0.3977 0.3452 0.3452 0.3301 0.3301 0.3301 0.3556 0.3556 0.3527 0.3527 0.3346 0.3346 0.3706 0.3706 0.3706 0.4301 0.4301 0.4541 0.4541 0.4321 0.4321 0.4321 0.3981 0.3981 0.3666 0.3666 0.297 0.297 0.297 0.3621 0.3621 0.3076 0.3076 0.3116 0.3116 0.3116 0.3461 0.3461 0.3601 0.3601
0.226 0.2635 0.2635 0.226 0.226 0.226 0.283 0.283 0.2775 0.2775 0.2555 0.2555 0.257 0.257 0.257 0.2325 0.2325 0.236 0.236 0.2385 0.2385 0.2385 0.2775 0.2775 0.294 0.294 0.2985 0.2985 0.2985 0.3507 0.3507 0.3492 0.3492 0.2965 0.2965 0.2965 0.3977 0.3977 0.3452 0.3452 0.3301 0.3301 0.3301 0.3556 0.3556 0.3527 0.3527 0.3346 0.3346 0.3706 0.3706 0.3706 0.4301 0.4301 0.4541 0.4541 0.4321 0.4321 0.4321 0.3981 0.3981 0.3666 0.3666 0.297 0.297 0.297 0.3621 0.3621 0.3076 0.3076 0.3116 0.3116 0.3116 0.3461 0.3461 0.3601 0.3601
0.258 0.257 0.257 0.2735 0.2735 0.2735 0.274 0.274 0.2785 0.2785 0.283 0.283 0.2485 0.2485 0.2485 0.3055 0.3055 0.3135 0.3135 0.316 0.316 0.316 0.3095 0.3095 0.326 0.326 0.3155 0.3155 0.3155 0.306 0.306 0.3812 0.3812 0.3857 0.3857 0.3857 0.3627 0.3627 0.3651 0.3651 0.3518 0.3518 0.3518 0.3616 0.3616 0.3686 0.3686 0.3731 0.3731 0.4137 0.4137 0.4137 0.3985 0.3985 0.427 0.427 0.4436 0.4436 0.4436 0.3766 0.3766 0.3646 0.3646 0.319 0.319 0.319 0.273 0.273 0.3146 0.3146 0.2805 0.2805 0.2805 0.3221 0.3221 0.3553 0.3553
0.258 0.257 0.257 0.2735 0.2735 0.2735 0.274 0.274 0.2785 0.2785 0.283 0.283 0.2485 0.2485 0.2485 0.3055 0.3055 0.3135 0.3135 0.316 0.316 0.316 0.3095 0.3095 0.326 0.326 0.3155 0.3155 0.3155 0.306 0.306 0.3812 0.3812 0.3857 0.3857 0.3857 0.3627 0.3627 0.3651 0.3651 0.3518 0.3518 0.3518 0.3616 0.3616 0.3686 0.3686 0.3731 0.3731 0.4137 0.4137 0.4137 0.3985 0.3985 0.427 0.427 0.4436 0.4436 0.4436 0.3766 0.3766 0.3646 0.3646 0.319 0.319 0.319 0.273 0.273 0.3146 0.3146 0.2805 0.2805 0.2805 0.3221 0.3221 0.3553 0.3553
0.2185 0.2725 0.2725 0.274 0.274 0.274 0.295 0.295 0.285 0.285 0.2935 0.2935 0.2965 0.2965 0.2965 0.345 0.345 0.3681 0.3681 0.3701 0.3701 0.3701 0.3581 0.3581 0.3741 0.3741 0.4112 0.4112 0.4112 0.3912 0.3912 0.3245 0.3245 0.3866 0.3866 0.3866 0.3841 0.3841 0.3346 0.3346 0.3085 0.3085 0.3085 0.3195 0.3195 0.3025 0.3025 0.4267 0.4267 0.4521 0.4521 0.4521 0.4106 0.4106 0.3755 0.3755 0.346 0.346 0.346 0.3375 0.3375 0.3205 0.3205 0.3461 0.3461 0.3461 0.3646 0.3646 0.3196 0.3196 0.3823 0.3823 0.3823 0.272 0.272 0.2875 0.2875
0.2185 0.2725 0.2725 0.274 0.274 0.274 0.295 0.295 0.285 0.285 0.2935 0.2935 0.2965 0.2965 0.2965 0.345 0.345 0.3681 0.3681 0.3701 0.3701 0.3701 0.3581 0.3581 0.3741 0.3741 0.4112 0.4112 0.4112 0.3912 0.3912 0.3245 0.3245 0.3866 0.3866 0.3866 0.3841 0.3841 0.3346 0.3346 0.3085 0.3085 0.3085 0.3195 0.3195 0.3025 0.3025 0.4267 0.4267 0.4521 0.4521 0.4521 0.4106 0.4106 0.3755 0.3755 0.346 0.346 0.346 0.3375 0.3375 0.3205 0.3205 0.3461 0.3461 0.3461 0.3646 0.3646 0.3196 0.3196 0.3823 0.3823 0.3823 0.272 0.272 0.2875 0.2875
0.2455 0.275 0.275 0.278 0.278 0.278 0.284 0.284 0.2595 0.2595 0.3221 0.3221 0.3315 0.3315 0.3315 0.3836 0.3836 0.3746 0.3746 0.3816 0.3816 0.3816 0.336 0.336 0.3345 0.3345 0.3862 0.3862 0.3862 0.3355 0.3355 0.3361 0.3361 0.285 0.285 0.285 0.2915 0.2915 0.2705 0.2705 0.3215 0.3215 0.3215 0.3837 0.3837 0.4332 0.4332 0.3861 0.3861 0.3825 0.3825 0.3825 0.4235 0.4235 0.459 0.459 0.432 0.432 0.432 0.376 0.376 0.3715 0.3715 0.3935 0.3935 0.3935 0.34 0.34 0.313 0.313 0.323 0.323 0.323 0.37 0.37 0.3936 0.3936
0.2455 0.275 0.275 0.278 0.278 0.278 0.284 0.284 0.2595 0.2595 0.3221 0.3221 0.3315 0.3315 0.3315 0.3836 0.3836 0.3746 0.3746 0.3816 0.3816 0.3816 0.336 0.336 0.3345 0.3345 0.3862 0.3862 0.3862 0.3355 0.3355 0.3361 0.3361 0.285 0.285 0.285 0.2915 0.2915 0.2705 0.2705 0.3215 0.3215 0.3215 0.3837 0.3837 0.4332 0.4332 0.3861 0.3861 0.3825 0.3825 0.3825 0.4235 0.4235 0.459 0.459 0.432 0.432 0.432 0.376 0.376 0.3715 0.3715 0.3935 0.3935 0.3935 0.34 0.34 0.313 0.313 0.323 0.323 0.323 0.37 0.37 0.3936 0.3936
0.2455 0.275 0.275 0.278 0.278 0.278 0.284 0.284 0.2595 0.2595 0.3221 0.3221 0.3315 0.3315 0.3315 0.3836 0.3836 0.3746 0.3746 0.3816 0.3816 0.3816 0.336 0.336 0.3345 0.3345 0.3862 0.3862 0.3862 0.3355 0.3355 0.3361 0.3361 0.285 0.285 0.285 0.2915 0.2915 0.2705 0.2705 0.3215 0.3215 0.3215 0.3837 0.3837 0.4332 0.4332 0.3861 0.3861 0.3825 0.3825 0.3825 0.4235 0.4235 0.459 0.459 0.432 0.432 0.432 0.376 0.376 0.3715 0.3715 0.3935 0.3935 0.3935 0.34 0.34 0.313 0.313 0.323 0.323 0.323 0.37 0.37 0.3936 0.3936
0.272 0.3126 0.3126 0.2865 0.2865 0.2865 0.283 0.283 0.4521 0.4521 0.386 0.386 0.3865 0.3865 0.3865 0.4285 0.4285 0.4566 0.4566 0.4276 0.4276 0.4276 0.3906 0.3906 0.3806 0.3806 0.3836 0.3836 0.3836 0.3105 0.3105 0.334 0.334 0.352 0.352 0.352 0.3876 0.3876 0.3572 0.3572 0.4022 0.4022 0.4022 0.4402 0.4402 0.4042 0.4042 0.4055 0.4055 0.4541 0.4541 0.4541 0.441 0.441 0.422 0.422 0.4495 0.4495 0.4495 0.4065 0.4065 0.404 0.404 0.3915 0.3915 0.3915 0.346 0.346 0.416 0.416 0.3415 0.3415 0.3415 0.4081 0.4081 0.4151 0.4151
0.272 0.3126 0.3126 0.2865 0.2865 0.2865 0.283 0.283 0.4521 0.4521 0.386 0.386 0.3865 0.3865 0.3865 0.4285 0.4285 0.4566 0.4566 0.4276 0.4276 0.4276 0.3906 0.3906 0.3806 0.3806 0.3836 0.3836 0.3836 0.3105 0.3105 0.334 0.334 0.352 0.352 0.352 0.3876 0.3876 0.3572 0.3572 0.4022 0.4022 0.4022 0.4402 0.4402 0.4042 0.4042 0.4055 0.4055 0.4541 0.4541 0.4541 0.441 0.441 0.422 0.422 0.4495 0.4495 0.4495 0.4065 0.4065 0.404 0.404 0.3915 0.3915 0.3915 0.346 0.346 0.416 0.416 0.3415 0.3415 0.3415 0.4081 0.4081 0.4151 0.4151
0.3456 0.3535 0.3535 0.3015 0.3015 0.3015 0.3868 0.3868 0.4307 0.4307 0.4652 0.4652 0.402 0.402 0.402 0.4585 0.4585 0.475 0.475 0.4616 0.4616 0.4616 0.401 0.401 0.327 0.327 0.3435 0.3435 0.3435 0.3195 0.3195 0.4076 0.4076 0.3986 0.3986 0.3986 0.4307 0.4307 0.381 0.381 0.4137 0.4137 0.4137 0.4521 0.4521 0.3725 0.3725 0.4085 0.4085 0.4621 0.4621 0.4621 0.424 0.424 0.4655 0.4655 0.413 0.413 0.413 0.3765 0.3765 0.4151 0.4151 0.389 0.389 0.389 0.4045 0.4045 0.385 0.385 0.4075 0.4075 0.4075 0.4 0.4 0.4381 0.4381
0.3456 0.3535 0.3535 0.3015 0.3015 0.3015 0.3868 0.3868 0.4307 0.4307 0.4652 0.4652 0.402 0.402 0.402 0.4585 0.4585 0.475 0.475 0.4616 0.4616 0.4616 0.401 0.401 0.327 0.327 0.3435 0.3435 0.3435 0.3195 0.3195 0.4076 0.4076 0.3986 0.3986 0.3986 0.4307 0.4307 0.381 0.381 0.4137 0.4137 0.4137 0.4521 0.4521 0.3725 0.3725 0.4085 0.4085 0.4621 0.4621 0.4621 0.424 0.424 0.4655 0.4655 0.413 0.413 0.413 0.3765 0.3765 0.4151 0.4151 0.389 0.389 0.389 0.4045 0.4045 0.385 0.385 0.4075 0.4075 0.4075 0.4 0.4 0.4381 0.4381
0.43 0.3435 0.3435 0.352 0.352 0.352 0.4106 0.4106 0.4271 0.4271 0.4546 0.4546 0.4496 0.4496 0.4496 0.4335 0.4335 0.4571 0.4571 0.4686 0.4686 0.4686 0.466 0.466 0.409 0.409 0.296 0.296 0.296 0.305 0.305 0.371 0.371 0.401 0.401 0.401 0.342 0.342 0.3921 0.3921 0.3965 0.3965 0.3965 0.3815 0.3815 0.3785 0.3785 0.4441 0.4441 0.4405 0.4405 0.4405 0.443 0.443 0.426 0.426 0.389 0.389 0.389 0.4126 0.4126 0.3435 0.3435 0.3705 0.3705 0.3705 0.429 0.429 0.4245 0.4245 0.393 0.393 0.393 0.397 0.397 0.384 0.384
0.43 0.3435 0.3435 0.352 0.352 0.352 0.4106 0.4106 0.4271 0.4271 0.4546 0.4546 0.4496 0.4496 0.4496 0.4335 0.4335 0.4571 0.4571 0.4686 0.4686 0.4686 0.466 0.466 0.409 0.409 0.296 0.296 0.296 0.305 0.305 0.371 0.371 0.401 0.401 0.401 0.342 0.342 0.3921 0.3921 0.3965 0.3965 0.3965 0.3815 0.3815 0.3785 0.3785 0.4441 0.4441 0.4405 0.4405 0.4405 0.443 0.443 0.426 0.426 0.389 0.389 0.389 0.4126 0.4126 0.3435 0.3435 0.3705 0.3705 0.3705 0.429 0.429 0.4245 0.4245 0.393 0.393 0.393 0.397 0.397 0.384 0.384
0.4835 0.409 0.409 0.3585 0.3585 0.3585 0.383 0.383 0.4436 0.4436 0.5001 0.5001 0.4766 0.4766 0.4766 0.4005 0.4005 0.4025 0.4025 0.4325 0.4325 0.4325 0.478 0.478 0.3755 0.3755 0.4165 0.4165 0.4165 0.3911 0.3911 0.4206 0.4206 0.4526 0.4526 0.4526 0.4516 0.4516 0.433 0.433 0.421 0.421 0.421 0.4006 0.4006 0.412 0.412 0.4055 0.4055 0.4515 0.4515 0.4515 0.4371 0.4371 0.399 0.399 0.3715 0.3715 0.3715 0.3885 0.3885 0.3615 0.3615 0.403 0.403 0.403 0.413 0.413 0.4115 0.4115 0.4225 0.4225 0.4225 0.4085 0.4085 0.3625 0.3625
0.4835 0.409 0.409 0.3585 0.3585 0.3585 0.383 0.383 0.4436 0.4436 0.5001 0.5001 0.4766 0.4766 0.4766 0.4005 0.4005 0.4025 0.4025 0.4325 0.4325 0.4325 0.478 0.478 0.3755 0.3755 0.4165 0.4165 0.4165 0.3911 0.3911 0.4206 0.4206 0.4526 0.4526 0.4526 0.4516 0.4516 0.433 0.433 0.421 0.421 0.421 0.4006 0.4006 0.412 0.412 0.4055 0.4055 0.4515 0.4515 0.4515 0.4371 0.4371 0.399 0.399 0.3715 0.3715 0.3715 0.3885 0.3885 0.3615 0.3615 0.403 0.403 0.403 0.413 0.413 0.4115 0.4115 0.4225 0.4225 0.4225 0.4085 0.4085 0.3625 0.3625
0.4835 0.409 0.409 0.3585 0.3585 0.3585 0.383 0.383 0.4436 0.4436 0.5001 0.5001 0.4766 0.4766 0.4766 0.4005 0.4005 0.4025 0.4025 0.4325 0.4325 0.4325 0.478 0.478 0.3755 0.3755 0.4165 0.4165 0.4165 0.3911 0.3911 0.4206 0.4206 0.4526 0.4526 0.4526 0.4516 0.4516 0.433 0.433 0.421 0.421 0.421 0.4006 0.4006 0.412 0.412 0.4055 0.4055 0.4515 0.4515 0.4515 0.4371 0.4371 0.399 0.399 0.3715 0.3715 0.3715 0.3885 0.3885 0.3615 0.3615 0.403 0.403 0.403 0.413 0.413 0.4115 0.4115 0.4225 0.4225 0.4225 0.4085 0.4085 0.3625 0.3625
0.498 0.45 0.45 0.4195 0.4195 0.4195 0.4641 0.4641 0.4711 0.4711 0.452 0.452 0.4255 0.4255 0.4255 0.4175 0.4175 0.46 0.46 0.4175 0.4175 0.4175 0.3825 0.3825 0.386 0.386 0.4435 0.4435 0.4435 0.4545 0.4545 0.446 0.446 0.4145 0.4145 0.4145 0.4305 0.4305 0.4285 0.4285 0.4381 0.4381 0.4381 0.393 0.393 0.4065 0.4065 0.4165 0.4165 0.445 0.445 0.445 0.334 0.334 0.4298 0.4298 0.3405 0.3405 0.3405 0.3715 0.3715 0.432 0.432 0.453 0.453 0.453 0.4876 0.4876 0.4085 0.4085 0.3665 0.3665 0.3665 0.393 0.393 0.3425 0.3425
0.498 0.45 0.45 0.4195 0.4195 0.4195 0.4641 0.4641 0.4711 0.4711 0.452 0.452 0.4255 0.4255 0.4255 0.4175 0.4175 0.46 0.46 0.4175 0.4175 0.4175 0.3825 0.3825 0.386 0.386 0.4435 0.4435 0.4435 0.4545 0.4545 0.446 0.446 0.4145 0.4145 0.4145 0.4305 0.4305 0.4285 0.4285 0.4381 0.4381 0.4381 0.393 0.393 0.4065 0.4065 0.4165 0.4165 0.445 0.445 0.445 0.334 0.334 0.4298 0.4298 0.3405 0.3405 0.3405 0.3715 0.3715 0.432 0.432 0.453 0.453 0.453 0.4876 0.4876 0.4085 0.4085 0.3665 0.3665 0.3665 0.393 0.393 0.3425 0.3425
0.4 0.4176 0.4176 0.4281 0.4281 0.4281 0.402 0.402 0.4195 0.4195 0.454 0.454 0.4876 0.4876 0.4876 0.4871 0.4871 0.4746 0.4746 0.443 0.443 0.443 0.4825 0.4825 0.49 0.49 0.5516 0.5516 0.5516 0.5781 0.5781 0.4795 0.4795 0.426 0.426 0.426 0.427 0.427 0.4931 0.4931 0.4501 0.4501 0.4501 0.4561 0.4561 0.439 0.439 0.4395 0.4395 0.4795 0.4795 0.4795 0.465 0.465 0.4495 0.4495 0.424 0.424 0.424 0.4355 0.4355 0.427 0.427 0.4651 0.4651 0.4651 0.3665 0.3665 0.3845 0.3845 0.4145 0.4145 0.4145 0.413 0.413 0.364 0.364
0.4 0.4176 0.4176 0.4281 0.4281 0.4281 0.402 0.402 0.4195 0.4195 0.454 0.454 0.4876 0.4876 0.4876 0.4871 0.4871 0.4746 0.4746 0.443 0.443 0.443 0.4825 0.4825 0.49 0.49 0.5516 0.5516 0.5516 0.5781 0.5781 0.4795 0.4795 0.426 0.426 0.426 0.427 0.427 0.4931 0.4931 0.4501 0.4501 0.4501 0.4561 0.4561 0.439 0.439 0.4395 0.4395 0.4795 0.4795 0.4795 0.465 0.465 0.4495 0.4495 0.424 0.424 0.424 0.4355 0.4355 0.427 0.427 0.4651 0.4651 0.4651 0.3665 0.3665 0.3845 0.3845 0.4145 0.4145 0.4145 0.413 0.413 0.364 0.364
0.445 0.4711 0.4711 0.4385 0.4385 0.4385 0.4425 0.4425 0.449 0.449 0.4905 0.4905 0.5296 0.5296 0.5296 0.5366 0.5366 0.5106 0.5106 0.5331 0.5331 0.5331 0.4975 0.4975 0.5311 0.5311 0.5676 0.5676 0.5676 0.528 0.528 0.5066 0.5066 0.4635 0.4635 0.4635 0.5221 0.5221 0.5326 0.5326 0.463 0.463 0.463 0.4075 0.4075 0.4205 0.4205 0.4555 0.4555 0.458 0.458 0.458 0.4475 0.4475 0.4525 0.4525 0.4425 0.4425 0.4425 0.402 0.402 0.43 0.43 0.388 0.388 0.388 0.453 0.453 0.4105 0.4105 0.3715 0.3715 0.3715 0.3875 0.3875 0.389 0.389
0.445 0.4711 0.4711 0.4385 0.4385 0.4385 0.4425 0.4425 0.449 0.449 0.4905 0.4905 0.5296 0.5296 0.5296 0.5366 0.5366 0.5106 0.5106 0.5331 0.5331 0.5331 0.4975 0.4975 0.5311 0.5311 0.5676 0.5676 0.5676 0.528 0.528 0.5066 0.5066 0.4635 0.4635 0.4635 0.5221 0.5221 0.5326 0.5326 0.463 0.463 0.463 0.4075 0.4075 0.4205 0.4205 0.4555 0.4555 0.458 0.458 0.458 0.4475 0.4475 0.4525 0.4525 0.4425 0.4425 0.4425 0.402 0.402 0.43 0.43 0.388 0.388 0.388 0.453 0.453 0.4105 0.4105 0.3715 0.3715 0.3715 0.3875 0.3875 0.389 0.389
0.445 0.4711 0.4711 0.4385 0.4385 0.4385 0.4425 0.4425 0.449 0.449 0.4905 0.4905 0.5296 0.5296 0.5296 0.5366 0.5366 0.5106 0.5106 0.5331 0.5331 0.5331 0.4975 0.4975 0.5311 0.5311 0.5676 0.5676 0.5676 0.528 0.528 0.5066 0.5066 0.4635 0.4635 0.4635 0.5221 0.5221 0.5326 0.5326 0.463 0.463 0.463 0.4075 0.4075 0.4205 0.4205 0.4555 0.4555 0.458 0.458 0.458 0.4475 0.4475 0.4525 0.4525 0.4425 0.4425 0.4425 0.402 0.402 0.43 0.43 0.388 0.388 0.388 0.453 0.453 0.4105 0.4105 0.3715 0.3715 0.3715 0.3875 0.3875 0.389 0.389
