ndvi/NOAA-230.asc
ncols         252
nrows         154
xllcorner     -18.017974
yllcorner     13.481982
cellsize      0.035948
NODATA_value  -9999
[rows 70 to 104 of 154, columns 154 to 230 of 252]
0.1565 0.161 0.161 0.1595 0.1595 0.1595 0.1735 0.1735 0.1755 0.1755 0.1705 0.1705 0.213 0.213 0.213 0.209 0.209 0.213 0.213 0.211 0.211 0.211 0.2185 0.2185 0.2265 0.2265 0.227 0.227 0.227 0.2315 0.2315 0.2265 0.2265 0.2385 0.2385 0.2385 0.2145 0.2145 0.211 0.211 0.217 0.217 0.217 0.2205 0.2205 0.2175 0.2175 0.2165 0.2165 0.2205 0.2205 0.2205 0.2145 0.2145 0.2225 0.2225 0.227 0.227 0.227 0.228 0.228 0.2355 0.2355 0.209 0.209 0.209 0.1845 0.1845 0.199 0.199 0.2045 0.2045 0.2045 0.207 0.207 0.213 0.213
0.175 0.187 0.187 0.1765 0.1765 0.1765 0.175 0.175 0.1725 0.1725 0.1775 0.1775 0.212 0.212 0.212 0.2255 0.2255 0.2225 0.2225 0.203 0.203 0.203 0.2095 0.2095 0.2175 0.2175 0.2175 0.2175 0.2175 0.228 0.228 0.228 0.228 0.229 0.229 0.229 0.21 0.21 0.22 0.22 0.236 0.236 0.236 0.2295 0.2295 0.2115 0.2115 0.217 0.217 0.2305 0.2305 0.2305 0.222 0.222 0.219 0.219 0.216 0.216 0.216 0.2215 0.2215 0.2165 0.2165 0.217 0.217 0.217 0.197 0.197 0.211 0.211 0.2145 0.2145 0.2145 0.2215 0.2215 0.229 0.229
0.175 0.187 0.187 0.1765 0.1765 0.1765 0.175 0.175 0.1725 0.1725 0.1775 0.1775 0.212 0.212 0.212 0.2255 0.2255 0.2225 0.2225 0.203 0.203 0.203 0.2095 0.2095 0.2175 0.2175 0.2175 0.2175 0.2175 0.228 0.228 0.228 0.228 0.229 0.229 0.229 0.21 0.21 0.22 0.22 0.236 0.236 0.236 0.2295 0.2295 0.2115 0.2115 0.217 0.217 0.2305 0.2305 0.2305 0.222 0.222 0.219 0.219 0.216 0.216 0.216 0.2215 0.2215 0.2165 0.2165 0.217 0.217 0.217 0.197 0.197 0.211 0.211 0.2145 0.2145 0.2145 0.2215 0.2215 0.229 0.229
0.175 0.187 0.187 0.1765 0.1765 0.1765 0.175 0.175 0.1725 0.1725 0.1775 0.1775 0.212 0.212 0.212 0.2255 0.2255 0.2225 0.2225 0.203 0.203 0.203 0.2095 0.2095 0.2175 0.2175 0.2175 0.2175 0.2175 0.228 0.228 0.228 0.228 0.229 0.229 0.229 0.21 0.21 0.22 0.22 0.236 0.236 0.236 0.2295 0.2295 0.2115 0.2115 0.217 0.217 0.2305 0.2305 0.2305 0.222 0.222 0.219 0.219 0.216 0.216 0.216 0.2215 0.2215 0.2165 0.2165 0.217 0.217 0.217 0.197 0.197 0.211 0.211 0.2145 0.2145 0.2145 0.2215 0.2215 0.229 0.229
0.181 0.1775 0.1775 0.1815 0.1815 0.1815 0.184 0.184 0.175 0.175 0.171 0.171 0.216 0.216 0.216 0.2205 0.2205 0.218 0.218 0.2085 0.2085 0.2085 0.214 0.214 0.222 0.222 0.223 0.223 0.223 0.23 0.23 0.229 0.229 0.2275 0.2275 0.2275 0.2275 0.2275 0.231 0.231 0.234 0.234 0.234 0.24 0.24 0.222 0.222 0.219 0.219 0.2235 0.2235 0.2235 0.2235 0.2235 0.224 0.224 0.215 0.215 0.215 0.212 0.212 0.2265 0.2265 0.2165 0.2165 0.2165 0.2165 0.2165 0.212 0.212 0.2025 0.2025 0.2025 0.21 0.21 0.2225 0.2225
0.181 0.1775 0.1775 0.1815 0.1815 0.1815 0.184 0.184 0.175 0.175 0.171 0.171 0.216 0.216 0.216 0.2205 0.2205 0.218 0.218 0.2085 0.2085 0.2085 0.214 0.214 0.222 0.222 0.223 0.223 0.223 0.23 0.23 0.229 0.229 0.2275 0.2275 0.2275 0.2275 0.2275 0.231 0.231 0.234 0.234 0.234 0.24 0.24 0.222 0.222 0.219 0.219 0.2235 0.2235 0.2235 0.2235 0.2235 0.224 0.224 0.215 0.215 0.215 0.212 0.212 0.2265 0.2265 0.2165 0.2165 0.2165 0.2165 0.2165 0.212 0.212 0.2025 0.2025 0.2025 0.21 0.21 0.2225 0.2225
0.156 0.179 0.179 0.184 0.184 0.184 0.175 0.175 0.1745 0.1745 0.1715 0.1715 0.21 0.21 0.21 0.229 0.229 0.235 0.235 0.226 0.226 0.226 0.2135 0.2135 0.217 0.217 0.2245 0.2245 0.2245 0.2245 0.2245 0.245 0.245 0.2425 0.2425 0.2425 0.246 0.246 0.2465 0.2465 0.2455 0.2455 0.2455 0.256 0.256 0.24 0.24 0.219 0.219 0.224 0.224 0.224 0.2235 0.2235 0.223 0.223 0.227 0.227 0.227 0.2205 0.2205 0.2205 0.2205 0.2215 0.2215 0.2215 0.2355 0.2355 0.233 0.233 0.234 0.234 0.234 0.224 0.224 0.2345 0.2345
0.156 0.179 0.179 0.184 0.184 0.184 0.175 0.175 0.1745 0.1745 0.1715 0.1715 0.21 0.21 0.21 0.229 0.229 0.235 0.235 0.226 0.226 0.226 0.2135 0.2135 0.217 0.217 0.2245 0.2245 0.2245 0.2245 0.2245 0.245 0.245 0.2425 0.2425 0.2425 0.246 0.246 0.2465 0.2465 0.2455 0.2455 0.2455 0.256 0.256 0.24 0.24 0.219 0.219 0.224 0.224 0.224 0.2235 0.2235 0.223 0.223 0.227 0.227 0.227 0.2205 0.2205 0.2205 0.2205 0.2215 0.2215 0.2215 0.2355 0.2355 0.233 0.233 0.234 0.234 0.234 0.224 0.224 0.2345 0.2345
0.143 0.1625 0.1625 0.165 0.165 0.165 0.1635 0.1635 0.1605 0.1605 0.1695 0.1695 0.204 0.204 0.204 0.216 0.216 0.211 0.211 0.2125 0.2125 0.2125 0.2095 0.2095 0.228 0.228 0.2325 0.2325 0.2325 0.238 0.238 0.235 0.235 0.246 0.246 0.246 0.246 0.246 0.2405 0.2405 0.249 0.249 0.249 0.2515 0.2515 0.2245 0.2245 0.2135 0.2135 0.2195 0.2195 0.2195 0.2135 0.2135 0.2295 0.2295 0.24 0.24 0.24 0.241 0.241 0.248 0.248 0.2455 0.2455 0.2455 0.2425 0.2425 0.24 0.24 0.24 0.24 0.24 0.2475 0.2475 0.2455 0.2455
0.143 0.1625 0.1625 0.165 0.165 0.165 0.1635 0.1635 0.1605 0.1605 0.1695 0.1695 0.204 0.204 0.204 0.216 0.216 0.211 0.211 0.2125 0.2125 0.2125 0.2095 0.2095 0.228 0.228 0.2325 0.2325 0.2325 0.238 0.238 0.235 0.235 0.246 0.246 0.246 0.246 0.246 0.2405 0.2405 0.249 0.249 0.249 0.2515 0.2515 0.2245 0.2245 0.2135 0.2135 0.2195 0.2195 0.2195 0.2135 0.2135 0.2295 0.2295 0.24 0.24 0.24 0.241 0.241 0.248 0.248 0.2455 0.2455 0.2455 0.2425 0.2425 0.24 0.24 0.24 0.24 0.24 0.2475 0.2475 0.2455 0.2455
0.148 0.154 0.154 0.1695 0.1695 0.1695 0.1535 0.1535 0.153 0.153 0.172 0.172 0.198 0.198 0.198 0.213 0.213 0.2165 0.2165 0.2145 0.2145 0.2145 0.2075 0.2075 0.222 0.222 0.231 0.231 0.231 0.236 0.236 0.2365 0.2365 0.2125 0.2125 0.2125 0.2375 0.2375 0.2355 0.2355 0.243 0.243 0.243 0.247 0.247 0.236 0.236 0.218 0.218 0.227 0.227 0.227 0.245 0.245 0.253 0.253 0.249 0.249 0.249 0.2345 0.2345 0.238 0.238 0.2475 0.2475 0.2475 0.2455 0.2455 0.257 0.257 0.2515 0.2515 0.2515 0.229 0.229 0.2275 0.2275
0.148 0.154 0.154 0.1695 0.1695 0.1695 0.1535 0.1535 0.153 0.153 0.172 0.172 0.198 0.198 0.198 0.213 0.213 0.2165 0.2165 0.2145 0.2145 0.2145 0.2075 0.2075 0.222 0.222 0.231 0.231 0.231 0.236 0.236 0.2365 0.2365 0.2125 0.2125 0.2125 0.2375 0.2375 0.2355 0.2355 0.243 0.243 0.243 0.247 0.247 0.236 0.236 0.218 0.218 0.227 0.227 0.227 0.245 0.245 0.253 0.253 0.249 0.249 0.249 0.2345 0.2345 0.238 0.238 0.2475 0.2475 0.2475 0.2455 0.2455 0.257 0.257 0.2515 0.2515 0.2515 0.229 0.229 0.2275 0.2275
0.148 0.154 0.154 0.1695 0.1695 0.1695 0.1535 0.1535 0.153 0.153 0.172 0.172 0.198 0.198 0.198 0.213 0.213 0.2165 0.2165 0.2145 0.2145 0.2145 0.2075 0.2075 0.222 0.222 0.231 0.231 0.231 0.236 0.236 0.2365 0.2365 0.2125 0.2125 0.2125 0.2375 0.2375 0.2355 0.2355 0.243 0.243 0.243 0.247 0.247 0.236 0.236 0.218 0.218 0.227 0.227 0.227 0.245 0.245 0.253 0.253 0.249 0.249 0.249 0.2345 0.2345 0.238 0.238 0.2475 0.2475 0.2475 0.2455 0.2455 0.257 0.257 0.2515 0.2515 0.2515 0.229 0.229 0.2275 0.2275
0.1605 0.1645 0.1645 0.167 0.167 0.167 0.159 0.159 0.152 0.152 0.2135 0.2135 0.2185 0.2185 0.2185 0.2145 0.2145 0.225 0.225 0.2425 0.2425 0.2425 0.23 0.23 0.227 0.227 0.222 0.222 0.222 0.232 0.232 0.204 0.204 0.2115 0.2115 0.2115 0.2165 0.2165 0.2275 0.2275 0.2335 0.2335 0.2335 0.225 0.225 0.232 0.232 0.2225 0.2225 0.23 0.23 0.23 0.239 0.239 0.254 0.254 0.247 0.247 0.247 0.2555 0.2555 0.258 0.258 0.2555 0.2555 0.2555 0.2505 0.2505 0.2435 0.2435 0.247 0.247 0.247 0.2315 0.2315 0.243 0.243
0.1605 0.1645 0.1645 0.167 0.167 0.167 0.159 0.159 0.152 0.152 0.2135 0.2135 0.2185 0.2185 0.2185 0.2145 0.2145 0.225 0.225 0.2425 0.2425 0.2425 0.23 0.23 0.227 0.227 0.222 0.222 0.222 0.232 0.232 0.204 0.204 0.2115 0.2115 0.2115 0.2165 0.2165 0.2275 0.2275 0.2335 0.2335 0.2335 0.225 0.225 0.232 0.232 0.2225 0.2225 0.23 0.23 0.23 0.239 0.239 0.254 0.254 0.247 0.247 0.247 0.2555 0.2555 0.258 0.258 0.2555 0.2555 0.2555 0.2505 0.2505 0.2435 0.2435 0.247 0.247 0.247 0.2315 0.2315 0.243 0.243
0.1805 0.1875 0.1875 0.179 0.179 0.179 0.175 0.175 0.1865 0.1865 0.2235 0.2235 0.227 0.227 0.227 0.229 0.229 0.2525 0.2525 0.24 0.24 0.24 0.2385 0.2385 0.224 0.224 0.2265 0.2265 0.2265 0.232 0.232 0.2215 0.2215 0.2215 0.2215 0.2215 0.223 0.223 0.2285 0.2285 0.2405 0.2405 0.2405 0.241 0.241 0.2535 0.2535 0.2355 0.2355 0.237 0.237 0.237 0.2315 0.2315 0.2465 0.2465 0.266 0.266 0.266 0.2605 0.2605 0.265 0.265 0.2545 0.2545 0.2545 0.2615 0.2615 0.2705 0.2705 0.2815 0.2815 0.2815 0.2815 0.2815 0.265 0.265
0.1805 0.1875 0.1875 0.179 0.179 0.179 0.175 0.175 0.1865 0.1865 0.2235 0.2235 0.227 0.227 0.227 0.229 0.229 0.2525 0.2525 0.24 0.24 0.24 0.2385 0.2385 0.224 0.224 0.2265 0.2265 0.2265 0.232 0.232 0.2215 0.2215 0.2215 0.2215 0.2215 0.223 0.223 0.2285 0.2285 0.2405 0.2405 0.2405 0.241 0.241 0.2535 0.2535 0.2355 0.2355 0.237 0.237 0.237 0.2315 0.2315 0.2465 0.2465 0.266 0.266 0.266 0.2605 0.2605 0.265 0.265 0.2545 0.2545 0.2545 0.2615 0.2615 0.2705 0.2705 0.2815 0.2815 0.2815 0.2815 0.2815 0.265 0.265
0.1835 0.193 0.193 0.1925 0.1925 0.1925 0.1695 0.1695 0.197 0.197 0.2165 0.2165 0.23 0.23 0.23 0.233 0.233 0.253 0.253 0.2505 0.2505 0.2505 0.2445 0.2445 0.2425 0.2425 0.239 0.239 0.239 0.22 0.22 0.216 0.216 0.2245 0.2245 0.2245 0.221 0.221 0.218 0.218 0.2485 0.2485 0.2485 0.243 0.243 0.2335 0.2335 0.219 0.219 0.231 0.231 0.231 0.244 0.244 0.253 0.253 0.2565 0.2565 0.2565 0.261 0.261 0.262 0.262 0.252 0.252 0.252 0.26 0.26 0.2755 0.2755 0.2845 0.2845 0.2845 0.284 0.284 0.274 0.274
0.1835 0.193 0.193 0.1925 0.1925 0.1925 0.1695 0.1695 0.197 0.197 0.2165 0.2165 0.23 0.23 0.23 0.233 0.233 0.253 0.253 0.2505 0.2505 0.2505 0.2445 0.2445 0.2425 0.2425 0.239 0.239 0.239 0.22 0.22 0.216 0.216 0.2245 0.2245 0.2245 0.221 0.221 0.218 0.218 0.2485 0.2485 0.2485 0.243 0.243 0.2335 0.2335 0.219 0.219 0.231 0.231 0.231 0.244 0.244 0.253 0.253 0.2565 0.2565 0.2565 0.261 0.261 0.262 0.262 0.252 0.252 0.252 0.26 0.26 0.2755 0.2755 0.2845 0.2845 0.2845 0.284 0.284 0.274 0.274
0.1835 0.193 0.193 0.1925 0.1925 0.1925 0.1695 0.1695 0.197 0.197 0.2165 0.2165 0.23 0.23 0.23 0.233 0.233 0.253 0.253 0.2505 0.2505 0.2505 0.2445 0.2445 0.2425 0.2425 0.239 0.239 0.239 0.22 0.22 0.216 0.216 0.2245 0.2245 0.2245 0.221 0.221 0.218 0.218 0.2485 0.2485 0.2485 0.243 0.243 0.2335 0.2335 0.219 0.219 0.231 0.231 0.231 0.244 0.244 0.253 0.253 0.2565 0.2565 0.2565 0.261 0.261 0.262 0.262 0.252 0.252 0.252 0.26 0.26 0.2755 0.2755 0.2845 0.2845 0.2845 0.284 0.284 0.274 0.274
0.175 0.195 0.195 0.1955 0.1955 0.1955 0.1875 0.1875 0.1955 0.1955 0.2275 0.2275 0.2385 0.2385 0.2385 0.2315 0.2315 0.2395 0.2395 0.25 0.25 0.25 0.236 0.236 0.2365 0.2365 0.224 0.224 0.224 0.225 0.225 0.222 0.222 0.218 0.218 0.218 0.2425 0.2425 0.2405 0.2405 0.2505 0.2505 0.2505 0.235 0.235 0.2345 0.2345 0.247 0.247 0.2505 0.2505 0.2505 0.2445 0.2445 0.2455 0.2455 0.2435 0.2435 0.2435 0.2425 0.2425 0.244 0.244 0.2475 0.2475 0.2475 0.265 0.265 0.2745 0.2745 0.274 0.274 0.274 0.289 0.289 0.2895 0.2895
0.175 0.195 0.195 0.1955 0.1955 0.1955 0.1875 0.1875 0.1955 0.1955 0.2275 0.2275 0.2385 0.2385 0.2385 0.2315 0.2315 0.2395 0.2395 0.25 0.25 0.25 0.236 0.236 0.2365 0.2365 0.224 0.224 0.224 0.225 0.225 0.222 0.222 0.218 0.218 0.218 0.2425 0.2425 0.2405 0.2405 0.2505 0.2505 0.2505 0.235 0.235 0.2345 0.2345 0.247 0.247 0.2505 0.2505 0.2505 0.2445 0.2445 0.2455 0.2455 0.2435 0.2435 0.2435 0.2425 0.2425 0.244 0.244 0.2475 0.2475 0.2475 0.265 0.265 0.2745 0.2745 0.274 0.274 0.274 0.289 0.289 0.2895 0.2895
0.2275 0.186 0.186 0.181 0.181 0.181 0.187 0.187 0.1985 0.1985 0.2175 0.2175 0.2355 0.2355 0.2355 0.2495 0.2495 0.2465 0.2465 0.2655 0.2655 0.2655 0.2585 0.2585 0.253 0.253 0.223 0.223 0.223 0.227 0.227 0.2165 0.2165 0.215 0.215 0.215 0.2435 0.2435 0.238 0.238 0.231 0.231 0.231 0.239 0.239 0.2325 0.2325 0.2505 0.2505 0.249 0.249 0.249 0.2305 0.2305 0.2405 0.2405 0.236 0.236 0.236 0.235 0.235 0.254 0.254 0.2475 0.2475 0.2475 0.2685 0.2685 0.267 0.267 0.281 0.281 0.281 0.272 0.272 0.2915 0.2915
0.2275 0.186 0.186 0.181 0.181 0.181 0.187 0.187 0.1985 0.1985 0.2175 0.2175 0.2355 0.2355 0.2355 0.2495 0.2495 0.2465 0.2465 0.2655 0.2655 0.2655 0.2585 0.2585 0.253 0.253 0.223 0.223 0.223 0.227 0.227 0.2165 0.2165 0.215 0.215 0.215 0.2435 0.2435 0.238 0.238 0.231 0.231 0.231 0.239 0.239 0.2325 0.2325 0.2505 0.2505 0.249 0.249 0.249 0.2305 0.2305 0.2405 0.2405 0.236 0.236 0.236 0.235 0.235 0.254 0.254 0.2475 0.2475 0.2475 0.2685 0.2685 0.267 0.267 0.281 0.281 0.281 0.272 0.272 0.2915 0.2915
0.207 0.212 0.212 0.202 0.202 0.202 0.202 0.202 0.2 0.2 0.214 0.214 0.2365 0.2365 0.2365 0.228 0.228 0.244 0.244 0.221 0.221 0.221 0.2215 0.2215 0.229 0.229 0.2315 0.2315 0.2315 0.222 0.222 0.2265 0.2265 0.24 0.24 0.24 0.2375 0.2375 0.2555 0.2555 0.276 0.276 0.276 0.255 0.255 0.2525 0.2525 0.2535 0.2535 0.235 0.235 0.235 0.2305 0.2305 0.2185 0.2185 0.228 0.228 0.228 0.239 0.239 0.231 0.231 0.2465 0.2465 0.2465 0.271 0.271 0.26 0.26 0.262 0.262 0.262 0.274 0.274 0.2995 0.2995
0.207 0.212 0.212 0.202 0.202 0.202 0.202 0.202 0.2 0.2 0.214 0.214 0.2365 0.2365 0.2365 0.228 0.228 0.244 0.244 0.221 0.221 0.221 0.2215 0.2215 0.229 0.229 0.2315 0.2315 0.2315 0.222 0.222 0.2265 0.2265 0.24 0.24 0.24 0.2375 0.2375 0.2555 0.2555 0.276 0.276 0.276 0.255 0.255 0.2525 0.2525 0.2535 0.2535 0.235 0.235 0.235 0.2305 0.2305 0.2185 0.2185 0.228 0.228 0.228 0.239 0.239 0.231 0.231 0.2465 0.2465 0.2465 0.271 0.271 0.26 0.26 0.262 0.262 0.262 0.274 0.274 0.2995 0.2995
0.207 0.212 0.212 0.202 0.202 0.202 0.202 0.202 0.2 0.2 0.214 0.214 0.2365 0.2365 0.2365 0.228 0.228 0.244 0.244 0.221 0.221 0.221 0.2215 0.2215 0.229 0.229 0.2315 0.2315 0.2315 0.222 0.222 0.2265 0.2265 0.24 0.24 0.24 0.2375 0.2375 0.2555 0.2555 0.276 0.276 0.276 0.255 0.255 0.2525 0.2525 0.2535 0.2535 0.235 0.235 0.235 0.2305 0.2305 0.2185 0.2185 0.228 0.228 0.228 0.239 0.239 0.231 0.231 0.2465 0.2465 0.2465 0.271 0.271 0.26 0.26 0.262 0.262 0.262 0.274 0.274 0.2995 0.2995
0.218 0.199 0.199 0.219 0.219 0.219 0.2175 0.2175 0.2135 0.2135 0.211 0.211 0.2195 0.2195 0.2195 0.218 0.218 0.222 0.222 0.229 0.229 0.229 0.232 0.232 0.216 0.216 0.216 0.216 0.216 0.226 0.226 0.232 0.232 0.2355 0.2355 0.2355 0.234 0.234 0.238 0.238 0.267 0.267 0.267 0.25 0.25 0.256 0.256 0.241 0.241 0.2355 0.2355 0.2355 0.2355 0.2355 0.2215 0.2215 0.212 0.212 0.212 0.243 0.243 0.2305 0.2305 0.2415 0.2415 0.2415 0.253 0.253 0.2535 0.2535 0.259 0.259 0.259 0.2795 0.2795 0.2905 0.2905
0.218 0.199 0.199 0.219 0.219 0.219 0.2175 0.2175 0.2135 0.2135 0.211 0.211 0.2195 0.2195 0.2195 0.218 0.218 0.222 0.222 0.229 0.229 0.229 0.232 0.232 0.216 0.216 0.216 0.216 0.216 0.226 0.226 0.232 0.232 0.2355 0.2355 0.2355 0.234 0.234 0.238 0.238 0.267 0.267 0.267 0.25 0.25 0.256 0.256 0.241 0.241 0.2355 0.2355 0.2355 0.2355 0.2355 0.2215 0.2215 0.212 0.212 0.212 0.243 0.243 0.2305 0.2305 0.2415 0.2415 0.2415 0.253 0.253 0.2535 0.2535 0.259 0.259 0.259 0.2795 0.2795 0.2905 0.2905
0.2405 0.232 0.232 0.243 0.243 0.243 0.2185 0.2185 0.222 0.222 0.2175 0.2175 0.2055 0.2055 0.2055 0.2055 0.2055 0.236 0.236 0.2455 0.2455 0.2455 0.229 0.229 0.231 0.231 0.2225 0.2225 0.2225 0.222 0.222 0.2375 0.2375 0.2375 0.2375 0.2375 0.2335 0.2335 0.2265 0.2265 0.241 0.241 0.241 0.2455 0.2455 0.2485 0.2485 0.2415 0.2415 0.235 0.235 0.235 0.2445 0.2445 0.229 0.229 0.227 0.227 0.227 0.224 0.224 0.234 0.234 0.24 0.24 0.24 0.2365 0.2365 0.2365 0.2365 0.2435 0.2435 0.2435 0.2435 0.2435 0.254 0.254
0.2405 0.232 0.232 0.243 0.243 0.243 0.2185 0.2185 0.222 0.222 0.2175 0.2175 0.2055 0.2055 0.2055 0.2055 0.2055 0.236 0.236 0.2455 0.2455 0.2455 0.229 0.229 0.231 0.231 0.2225 0.2225 0.2225 0.222 0.222 0.2375 0.2375 0.2375 0.2375 0.2375 0.2335 0.2335 0.2265 0.2265 0.241 0.241 0.241 0.2455 0.2455 0.2485 0.2485 0.2415 0.2415 0.235 0.235 0.235 0.2445 0.2445 0.229 0.229 0.227 0.227 0.227 0.224 0.224 0.234 0.234 0.24 0.24 0.24 0.2365 0.2365 0.2365 0.2365 0.2435 0.2435 0.2435 0.2435 0.2435 0.254 0.254
0.239 0.2285 0.2285 0.2675 0.2675 0.2675 0.204 0.204 0.2055 0.2055 0.2155 0.2155 0.2175 0.2175 0.2175 0.2485 0.2485 0.2395 0.2395 0.247 0.247 0.247 0.2355 0.2355 0.238 0.238 0.2485 0.2485 0.2485 0.2245 0.2245 0.241 0.241 0.2295 0.2295 0.2295 0.2325 0.2325 0.233 0.233 0.2365 0.2365 0.2365 0.241 0.241 0.2475 0.2475 0.2425 0.2425 0.229 0.229 0.229 0.218 0.218 0.2105 0.2105 0.209 0.209 0.209 0.217 0.217 0.224 0.224 0.23 0.23 0.23 0.2485 0.2485 0.2385 0.2385 0.237 0.237 0.237 0.239 0.239 0.2485 0.2485
0.239 0.2285 0.2285 0.2675 0.2675 0.2675 0.204 0.204 0.2055 0.2055 0.2155 0.2155 0.2175 0.2175 0.2175 0.2485 0.2485 0.2395 0.2395 0.247 0.247 0.247 0.2355 0.2355 0.238 0.238 0.2485 0.2485 0.2485 0.2245 0.2245 0.241 0.241 0.2295 0.2295 0.2295 0.2325 0.2325 0.233 0.233 0.2365 0.2365 0.2365 0.241 0.241 0.2475 0.2475 0.2425 0.2425 0.229 0.229 0.229 0.218 0.218 0.2105 0.2105 0.209 0.209 0.209 0.217 0.217 0.224 0.224 0.23 0.23 0.23 0.2485 0.2485 0.2385 0.2385 0.237 0.237 0.237 0.239 0.239 0.2485 0.2485
0.2425 0.227 0.227 0.237 0.237 0.237 0.218 0.218 0.2195 0.2195 0.232 0.232 0.2315 0.2315 0.2315 0.2325 0.2325 0.257 0.257 0.262 0.262 0.262 0.244 0.244 0.237 0.237 0.2305 0.2305 0.2305 0.255 0.255 0.24 0.24 0.2325 0.2325 0.2325 0.2275 0.2275 0.2335 0.2335 0.256 0.256 0.256 0.257 0.257 0.253 0.253 0.2625 0.2625 0.26 0.26 0.26 0.2465 0.2465 0.223 0.223 0.2595 0.2595 0.2595 0.219 0.219 0.255 0.255 0.245 0.245 0.245 0.253 0.253 0.2495 0.2495 0.2465 0.2465 0.2465 0.2395 0.2395 0.225 0.225
0.2425 0.227 0.227 0.237 0.237 0.237 0.218 0.218 0.2195 0.2195 0.232 0.232 0.2315 0.2315 0.2315 0.2325 0.2325 0.257 0.257 0.262 0.262 0.262 0.244 0.244 0.237 0.237 0.2305 0.2305 0.2305 0.255 0.255 0.24 0.24 0.2325 0.2325 0.2325 0.2275 0.2275 0.2335 0.2335 0.256 0.256 0.256 0.257 0.257 0.253 0.253 0.2625 0.2625 0.26 0.26 0.26 0.2465 0.2465 0.223 0.223 0.2595 0.2595 0.2595 0.219 0.219 0.255 0.255 0.245 0.245 0.245 0.253 0.253 0.2495 0.2495 0.2465 0.2465 0.2465 0.2395 0.2395 0.225 0.225
