ndvi/NOAA-83.asc
ncols         252
nrows         154
xllcorner     -18.017974
yllcorner     13.481982
cellsize      0.035948
NODATA_value  -9999
[rows 102 to 135 of 154, columns 77 to 153 of 252]
0.2815 0.2815 0.294 0.294 0.293 0.293 0.3245 0.3245 0.3245 0.323 0.323 0.315 0.315 0.316 0.316 0.3165 0.3165 0.3165 0.346 0.346 0.349 0.349 0.372 0.372 0.372 0.3821 0.3821 0.324 0.324 0.336 0.336 0.336 0.3255 0.3255 0.3575 0.3575 0.355 0.355 0.355 0.365 0.365 0.3325 0.3325 0.342 0.342 0.342 0.3575 0.3575 0.3345 0.3345 0.3305 0.3305 0.352 0.352 0.352 0.3325 0.3325 0.3605 0.3605 0.317 0.317 0.317 0.3305 0.3305 0.375 0.375 0.315 0.315 0.315 0.3605 0.3605 0.2935 0.2935 0.306 0.306 0.306 0.2745
0.335 0.335 0.3235 0.3235 0.305 0.305 0.3045 0.3045 0.3045 0.3165 0.3165 0.3646 0.3646 0.349 0.349 0.3215 0.3215 0.3215 0.3215 0.3215 0.343 0.343 0.362 0.362 0.362 0.3395 0.3395 0.33 0.33 0.32 0.32 0.32 0.309 0.309 0.3045 0.3045 0.333 0.333 0.333 0.33 0.33 0.308 0.308 0.3645 0.3645 0.3645 0.3605 0.3605 0.3185 0.3185 0.3235 0.3235 0.329 0.329 0.329 0.3485 0.3485 0.342 0.342 0.3355 0.3355 0.3355 0.328 0.328 0.3005 0.3005 0.334 0.334 0.334 0.2975 0.2975 0.2845 0.2845 0.278 0.278 0.278 0.272
0.335 0.335 0.3235 0.3235 0.305 0.305 0.3045 0.3045 0.3045 0.3165 0.3165 0.3646 0.3646 0.349 0.349 0.3215 0.3215 0.3215 0.3215 0.3215 0.343 0.343 0.362 0.362 0.362 0.3395 0.3395 0.33 0.33 0.32 0.32 0.32 0.309 0.309 0.3045 0.3045 0.333 0.333 0.333 0.33 0.33 0.308 0.308 0.3645 0.3645 0.3645 0.3605 0.3605 0.3185 0.3185 0.3235 0.3235 0.329 0.329 0.329 0.3485 0.3485 0.342 0.342 0.3355 0.3355 0.3355 0.328 0.328 0.3005 0.3005 0.334 0.334 0.334 0.2975 0.2975 0.2845 0.2845 0.278 0.278 0.278 0.272
0.335 0.335 0.3235 0.3235 0.305 0.305 0.3045 0.3045 0.3045 0.3165 0.3165 0.3646 0.3646 0.349 0.349 0.3215 0.3215 0.3215 0.3215 0.3215 0.343 0.343 0.362 0.362 0.362 0.3395 0.3395 0.33 0.33 0.32 0.32 0.32 0.309 0.309 0.3045 0.3045 0.333 0.333 0.333 0.33 0.33 0.308 0.308 0.3645 0.3645 0.3645 0.3605 0.3605 0.3185 0.3185 0.3235 0.3235 0.329 0.329 0.329 0.3485 0.3485 0.342 0.342 0.3355 0.3355 0.3355 0.328 0.328 0.3005 0.3005 0.334 0.334 0.334 0.2975 0.2975 0.2845 0.2845 0.278 0.278 0.278 0.272
0.3415 0.3415 0.3305 0.3305 0.2985 0.2985 0.3035 0.3035 0.3035 0.2905 0.2905 0.295 0.295 0.3435 0.3435 0.339 0.339 0.339 0.322 0.322 0.3325 0.3325 0.3435 0.3435 0.3435 0.3545 0.3545 0.3445 0.3445 0.324 0.324 0.324 0.3155 0.3155 0.311 0.311 0.369 0.369 0.369 0.3235 0.3235 0.3235 0.3235 0.318 0.318 0.318 0.3245 0.3245 0.3305 0.3305 0.3465 0.3465 0.3265 0.3265 0.3265 0.3335 0.3335 0.32 0.32 0.3385 0.3385 0.3385 0.337 0.337 0.3455 0.3455 0.308 0.308 0.308 0.2755 0.2755 0.2725 0.2725 0.262 0.262 0.262 0.2565
0.3415 0.3415 0.3305 0.3305 0.2985 0.2985 0.3035 0.3035 0.3035 0.2905 0.2905 0.295 0.295 0.3435 0.3435 0.339 0.339 0.339 0.322 0.322 0.3325 0.3325 0.3435 0.3435 0.3435 0.3545 0.3545 0.3445 0.3445 0.324 0.324 0.324 0.3155 0.3155 0.311 0.311 0.369 0.369 0.369 0.3235 0.3235 0.3235 0.3235 0.318 0.318 0.318 0.3245 0.3245 0.3305 0.3305 0.3465 0.3465 0.3265 0.3265 0.3265 0.3335 0.3335 0.32 0.32 0.3385 0.3385 0.3385 0.337 0.337 0.3455 0.3455 0.308 0.308 0.308 0.2755 0.2755 0.2725 0.2725 0.262 0.262 0.262 0.2565
0.3285 0.3285 0.318 0.318 0.3005 0.3005 0.301 0.301 0.301 0.2895 0.2895 0.335 0.335 0.329 0.329 0.3936 0.3936 0.3936 0.3996 0.3996 0.3651 0.3651 0.3355 0.3355 0.3355 0.3656 0.3656 0.3345 0.3345 0.336 0.336 0.336 0.34 0.34 0.335 0.335 0.343 0.343 0.343 0.3075 0.3075 0.3355 0.3355 0.33 0.33 0.33 0.3235 0.3235 0.3315 0.3315 0.356 0.356 0.3425 0.3425 0.3425 0.3535 0.3535 0.34 0.34 0.334 0.334 0.334 0.3745 0.3745 0.3605 0.3605 0.3545 0.3545 0.3545 0.2685 0.2685 0.2875 0.2875 0.3035 0.3035 0.3035 0.296
0.3285 0.3285 0.318 0.318 0.3005 0.3005 0.301 0.301 0.301 0.2895 0.2895 0.335 0.335 0.329 0.329 0.3936 0.3936 0.3936 0.3996 0.3996 0.3651 0.3651 0.3355 0.3355 0.3355 0.3656 0.3656 0.3345 0.3345 0.336 0.336 0.336 0.34 0.34 0.335 0.335 0.343 0.343 0.343 0.3075 0.3075 0.3355 0.3355 0.33 0.33 0.33 0.3235 0.3235 0.3315 0.3315 0.356 0.356 0.3425 0.3425 0.3425 0.3535 0.3535 0.34 0.34 0.334 0.334 0.334 0.3745 0.3745 0.3605 0.3605 0.3545 0.3545 0.3545 0.2685 0.2685 0.2875 0.2875 0.3035 0.3035 0.3035 0.296
0.3355 0.3355 0.324 0.324 0.312 0.312 0.315 0.315 0.315 0.334 0.334 0.333 0.333 0.3405 0.3405 0.3355 0.3355 0.3355 0.346 0.346 0.348 0.348 0.3425 0.3425 0.3425 0.3455 0.3455 0.341 0.341 0.335 0.335 0.335 0.3195 0.3195 0.339 0.339 0.347 0.347 0.347 0.387 0.387 0.3971 0.3971 0.4111 0.4111 0.4111 0.4036 0.4036 0.3986 0.3986 0.3825 0.3825 0.383 0.383 0.383 0.3871 0.3871 0.4056 0.4056 0.3575 0.3575 0.3575 0.349 0.349 0.3645 0.3645 0.3345 0.3345 0.3345 0.3545 0.3545 0.364 0.364 0.306 0.306 0.306 0.2845
0.3355 0.3355 0.324 0.324 0.312 0.312 0.315 0.315 0.315 0.334 0.334 0.333 0.333 0.3405 0.3405 0.3355 0.3355 0.3355 0.346 0.346 0.348 0.348 0.3425 0.3425 0.3425 0.3455 0.3455 0.341 0.341 0.335 0.335 0.335 0.3195 0.3195 0.339 0.339 0.347 0.347 0.347 0.387 0.387 0.3971 0.3971 0.4111 0.4111 0.4111 0.4036 0.4036 0.3986 0.3986 0.3825 0.3825 0.383 0.383 0.383 0.3871 0.3871 0.4056 0.4056 0.3575 0.3575 0.3575 0.349 0.349 0.3645 0.3645 0.3345 0.3345 0.3345 0.3545 0.3545 0.364 0.364 0.306 0.306 0.306 0.2845
0.3355 0.3355 0.324 0.324 0.312 0.312 0.315 0.315 0.315 0.334 0.334 0.333 0.333 0.3405 0.3405 0.3355 0.3355 0.3355 0.346 0.346 0.348 0.348 0.3425 0.3425 0.3425 0.3455 0.3455 0.341 0.341 0.335 0.335 0.335 0.3195 0.3195 0.339 0.339 0.347 0.347 0.347 0.387 0.387 0.3971 0.3971 0.4111 0.4111 0.4111 0.4036 0.4036 0.3986 0.3986 0.3825 0.3825 0.383 0.383 0.383 0.3871 0.3871 0.4056 0.4056 0.3575 0.3575 0.3575 0.349 0.349 0.3645 0.3645 0.3345 0.3345 0.3345 0.3545 0.3545 0.364 0.364 0.306 0.306 0.306 0.2845
0.333 0.333 0.3465 0.3465 0.3815 0.3815 0.4171 0.4171 0.4171 0.3735 0.3735 0.3685 0.3685 0.3635 0.3635 0.338 0.338 0.338 0.3 0.3 0.34 0.34 0.3455 0.3455 0.3455 0.3415 0.3415 0.3515 0.3515 0.3365 0.3365 0.3365 0.3375 0.3375 0.356 0.356 0.4196 0.4196 0.4196 0.3646 0.3646 0.3765 0.3765 0.4096 0.4096 0.4096 0.4316 0.4316 0.4001 0.4001 0.3846 0.3846 0.3605 0.3605 0.3605 0.4016 0.4016 0.4101 0.4101 0.391 0.391 0.391 0.367 0.367 0.339 0.339 0.335 0.335 0.335 0.324 0.324 0.3295 0.3295 0.323 0.323 0.323 0.339
0.333 0.333 0.3465 0.3465 0.3815 0.3815 0.4171 0.4171 0.4171 0.3735 0.3735 0.3685 0.3685 0.3635 0.3635 0.338 0.338 0.338 0.3 0.3 0.34 0.34 0.3455 0.3455 0.3455 0.3415 0.3415 0.3515 0.3515 0.3365 0.3365 0.3365 0.3375 0.3375 0.356 0.356 0.4196 0.4196 0.4196 0.3646 0.3646 0.3765 0.3765 0.4096 0.4096 0.4096 0.4316 0.4316 0.4001 0.4001 0.3846 0.3846 0.3605 0.3605 0.3605 0.4016 0.4016 0.4101 0.4101 0.391 0.391 0.391 0.367 0.367 0.339 0.339 0.335 0.335 0.335 0.324 0.324 0.3295 0.3295 0.323 0.323 0.323 0.339
0.3375 0.3375 0.336 0.336 0.343 0.343 0.3986 0.3986 0.3986 0.3505 0.3505 0.337 0.337 0.3455 0.3455 0.3555 0.3555 0.3555 0.339 0.339 0.3085 0.3085 0.3215 0.3215 0.3215 0.324 0.324 0.356 0.356 0.3345 0.3345 0.3345 0.3375 0.3375 0.3841 0.3841 0.3991 0.3991 0.3991 0.339 0.339 0.357 0.357 0.3781 0.3781 0.3781 0.3635 0.3635 0.3856 0.3856 0.4071 0.4071 0.4236 0.4236 0.4236 0.355 0.355 0.3845 0.3845 0.3996 0.3996 0.3996 0.385 0.385 0.3455 0.3455 0.3375 0.3375 0.3375 0.3485 0.3485 0.3575 0.3575 0.3415 0.3415 0.3415 0.2945
0.3375 0.3375 0.336 0.336 0.343 0.343 0.3986 0.3986 0.3986 0.3505 0.3505 0.337 0.337 0.3455 0.3455 0.3555 0.3555 0.3555 0.339 0.339 0.3085 0.3085 0.3215 0.3215 0.3215 0.324 0.324 0.356 0.356 0.3345 0.3345 0.3345 0.3375 0.3375 0.3841 0.3841 0.3991 0.3991 0.3991 0.339 0.339 0.357 0.357 0.3781 0.3781 0.3781 0.3635 0.3635 0.3856 0.3856 0.4071 0.4071 0.4236 0.4236 0.4236 0.355 0.355 0.3845 0.3845 0.3996 0.3996 0.3996 0.385 0.385 0.3455 0.3455 0.3375 0.3375 0.3375 0.3485 0.3485 0.3575 0.3575 0.3415 0.3415 0.3415 0.2945
0.3565 0.3565 0.3495 0.3495 0.354 0.354 0.362 0.362 0.362 0.332 0.332 0.337 0.337 0.367 0.367 0.3355 0.3355 0.3355 0.356 0.356 0.3245 0.3245 0.3115 0.3115 0.3115 0.372 0.372 0.3485 0.3485 0.3626 0.3626 0.3626 0.3761 0.3761 0.365 0.365 0.3756 0.3756 0.3756 0.3911 0.3911 0.4011 0.4011 0.3946 0.3946 0.3946 0.361 0.361 0.4101 0.4101 0.3871 0.3871 0.3916 0.3916 0.3916 0.4081 0.4081 0.391 0.391 0.368 0.368 0.368 0.3921 0.3921 0.3805 0.3805 0.3905 0.3905 0.3905 0.3435 0.3435 0.3625 0.3625 0.3991 0.3991 0.3991 0.3245
0.3565 0.3565 0.3495 0.3495 0.354 0.354 0.362 0.362 0.362 0.332 0.332 0.337 0.337 0.367 0.367 0.3355 0.3355 0.3355 0.356 0.356 0.3245 0.3245 0.3115 0.3115 0.3115 0.372 0.372 0.3485 0.3485 0.3626 0.3626 0.3626 0.3761 0.3761 0.365 0.365 0.3756 0.3756 0.3756 0.3911 0.3911 0.4011 0.4011 0.3946 0.3946 0.3946 0.361 0.361 0.4101 0.4101 0.3871 0.3871 0.3916 0.3916 0.3916 0.4081 0.4081 0.391 0.391 0.368 0.368 0.368 0.3921 0.3921 0.3805 0.3805 0.3905 0.3905 0.3905 0.3435 0.3435 0.3625 0.3625 0.3991 0.3991 0.3991 0.3245
0.3565 0.3565 0.3495 0.3495 0.354 0.354 0.362 0.362 0.362 0.332 0.332 0.337 0.337 0.367 0.367 0.3355 0.3355 0.3355 0.356 0.356 0.3245 0.3245 0.3115 0.3115 0.3115 0.372 0.372 0.3485 0.3485 0.3626 0.3626 0.3626 0.3761 0.3761 0.365 0.365 0.3756 0.3756 0.3756 0.3911 0.3911 0.4011 0.4011 0.3946 0.3946 0.3946 0.361 0.361 0.4101 0.4101 0.3871 0.3871 0.3916 0.3916 0.3916 0.4081 0.4081 0.391 0.391 0.368 0.368 0.368 0.3921 0.3921 0.3805 0.3805 0.3905 0.3905 0.3905 0.3435 0.3435 0.3625 0.3625 0.3991 0.3991 0.3991 0.3245
0.377 0.377 0.3861 0.3861 0.364 0.364 0.332 0.332 0.332 0.3325 0.3325 0.335 0.335 0.3315 0.3315 0.337 0.337 0.337 0.344 0.344 0.3576 0.3576 0.3445 0.3445 0.3445 0.3601 0.3601 0.3495 0.3495 0.3611 0.3611 0.3611 0.3941 0.3941 0.4041 0.4041 0.4096 0.4096 0.4096 0.3886 0.3886 0.4216 0.4216 0.3901 0.3901 0.3901 0.3715 0.3715 0.4026 0.4026 0.3936 0.3936 0.3675 0.3675 0.3675 0.366 0.366 0.4046 0.4046 0.3595 0.3595 0.3595 0.375 0.375 0.3655 0.3655 0.3455 0.3455 0.3455 0.3355 0.3355 0.324 0.324 0.309 0.309 0.309 0.297
0.377 0.377 0.3861 0.3861 0.364 0.364 0.332 0.332 0.332 0.3325 0.3325 0.335 0.335 0.3315 0.3315 0.337 0.337 0.337 0.344 0.344 0.3576 0.3576 0.3445 0.3445 0.3445 0.3601 0.3601 0.3495 0.3495 0.3611 0.3611 0.3611 0.3941 0.3941 0.4041 0.4041 0.4096 0.4096 0.4096 0.3886 0.3886 0.4216 0.4216 0.3901 0.3901 0.3901 0.3715 0.3715 0.4026 0.4026 0.3936 0.3936 0.3675 0.3675 0.3675 0.366 0.366 0.4046 0.4046 0.3595 0.3595 0.3595 0.375 0.375 0.3655 0.3655 0.3455 0.3455 0.3455 0.3355 0.3355 0.324 0.324 0.309 0.309 0.309 0.297
0.358 0.358 0.354 0.354 0.3245 0.3245 0.2975 0.2975 0.2975 0.332 0.332 0.307 0.307 0.3135 0.3135 0.353 0.353 0.353 0.349 0.349 0.3665 0.3665 0.354 0.354 0.354 0.3796 0.3796 0.3886 0.3886 0.4156 0.4156 0.4156 0.3731 0.3731 0.3866 0.3866 0.4316 0.4316 0.4316 0.3841 0.3841 0.3696 0.3696 0.3991 0.3991 0.3991 0.3831 0.3831 0.4256 0.4256 0.4206 0.4206 0.3791 0.3791 0.3791 0.358 0.358 0.356 0.356 0.36 0.36 0.36 0.376 0.376 0.3485 0.3485 0.3875 0.3875 0.3875 0.3565 0.3565 0.33 0.33 0.3205 0.3205 0.3205 0.3315
0.358 0.358 0.354 0.354 0.3245 0.3245 0.2975 0.2975 0.2975 0.332 0.332 0.307 0.307 0.3135 0.3135 0.353 0.353 0.353 0.349 0.349 0.3665 0.3665 0.354 0.354 0.354 0.3796 0.3796 0.3886 0.3886 0.4156 0.4156 0.4156 0.3731 0.3731 0.3866 0.3866 0.4316 0.4316 0.4316 0.3841 0.3841 0.3696 0.3696 0.3991 0.3991 0.3991 0.3831 0.3831 0.4256 0.4256 0.4206 0.4206 0.3791 0.3791 0.3791 0.358 0.358 0.356 0.356 0.36 0.36 0.36 0.376 0.376 0.3485 0.3485 0.3875 0.3875 0.3875 0.3565 0.3565 0.33 0.33 0.3205 0.3205 0.3205 0.3315
0.3796 0.3796 0.3555 0.3555 0.325 0.325 0.3475 0.3475 0.3475 0.3365 0.3365 0.352 0.352 0.357 0.357 0.349 0.349 0.349 0.359 0.359 0.356 0.356 0.3681 0.3681 0.3681 0.4136 0.4136 0.3941 0.3941 0.3516 0.3516 0.3516 0.3816 0.3816 0.3781 0.3781 0.3971 0.3971 0.3971 0.3631 0.3631 0.3676 0.3676 0.3665 0.3665 0.3665 0.355 0.355 0.4026 0.4026 0.4066 0.4066 0.3671 0.3671 0.3671 0.3515 0.3515 0.3535 0.3535 0.3595 0.3595 0.3595 0.3725 0.3725 0.35 0.35 0.3245 0.3245 0.3245 0.335 0.335 0.3155 0.3155 0.3245 0.3245 0.3245 0.3285
0.3796 0.3796 0.3555 0.3555 0.325 0.325 0.3475 0.3475 0.3475 0.3365 0.3365 0.352 0.352 0.357 0.357 0.349 0.349 0.349 0.359 0.359 0.356 0.356 0.3681 0.3681 0.3681 0.4136 0.4136 0.3941 0.3941 0.3516 0.3516 0.3516 0.3816 0.3816 0.3781 0.3781 0.3971 0.3971 0.3971 0.3631 0.3631 0.3676 0.3676 0.3665 0.3665 0.3665 0.355 0.355 0.4026 0.4026 0.4066 0.4066 0.3671 0.3671 0.3671 0.3515 0.3515 0.3535 0.3535 0.3595 0.3595 0.3595 0.3725 0.3725 0.35 0.35 0.3245 0.3245 0.3245 0.335 0.335 0.3155 0.3155 0.3245 0.3245 0.3245 0.3285
0.369 0.369 0.4236 0.4236 0.3806 0.3806 0.3791 0.3791 0.3791 0.347 0.347 0.3656 0.3656 0.3525 0.3525 0.3565 0.3565 0.3565 0.3676 0.3676 0.3751 0.3751 0.3861 0.3861 0.3861 0.3631 0.3631 0.309 0.309 0.3645 0.3645 0.3645 0.3661 0.3661 0.362 0.362 0.3711 0.3711 0.3711 0.36 0.36 0.3646 0.3646 0.3495 0.3495 0.3495 0.3761 0.3761 0.365 0.365 0.361 0.361 0.3505 0.3505 0.3505 0.378 0.378 0.3515 0.3515 0.353 0.353 0.353 0.3585 0.3585 0.3245 0.3245 0.3315 0.3315 0.3315 0.3255 0.3255 0.3205 0.3205 0.3685 0.3685 0.3685 0.3375
0.369 0.369 0.4236 0.4236 0.3806 0.3806 0.3791 0.3791 0.3791 0.347 0.347 0.3656 0.3656 0.3525 0.3525 0.3565 0.3565 0.3565 0.3676 0.3676 0.3751 0.3751 0.3861 0.3861 0.3861 0.3631 0.3631 0.309 0.309 0.3645 0.3645 0.3645 0.3661 0.3661 0.362 0.362 0.3711 0.3711 0.3711 0.36 0.36 0.3646 0.3646 0.3495 0.3495 0.3495 0.3761 0.3761 0.365 0.365 0.361 0.361 0.3505 0.3505 0.3505 0.378 0.378 0.3515 0.3515 0.353 0.353 0.353 0.3585 0.3585 0.3245 0.3245 0.3315 0.3315 0.3315 0.3255 0.3255 0.3205 0.3205 0.3685 0.3685 0.3685 0.3375
0.369 0.369 0.4236 0.4236 0.3806 0.3806 0.3791 0.3791 0.3791 0.347 0.347 0.3656 0.3656 0.3525 0.3525 0.3565 0.3565 0.3565 0.3676 0.3676 0.3751 0.3751 0.3861 0.3861 0.3861 0.3631 0.3631 0.309 0.309 0.3645 0.3645 0.3645 0.3661 0.3661 0.362 0.362 0.3711 0.3711 0.3711 0.36 0.36 0.3646 0.3646 0.3495 0.3495 0.3495 0.3761 0.3761 0.365 0.365 0.361 0.361 0.3505 0.3505 0.3505 0.378 0.378 0.3515 0.3515 0.353 0.353 0.353 0.3585 0.3585 0.3245 0.3245 0.3315 0.3315 0.3315 0.3255 0.3255 0.3205 0.3205 0.3685 0.3685 0.3685 0.3375
0.3851 0.3851 0.4066 0.4066 0.3931 0.3931 0.3706 0.3706 0.3706 0.3741 0.3741 0.3535 0.3535 0.3576 0.3576 0.3761 0.3761 0.3761 0.338 0.338 0.3866 0.3866 0.352 0.352 0.352 0.3636 0.3636 0.341 0.341 0.37 0.37 0.37 0.343 0.343 0.3711 0.3711 0.344 0.344 0.344 0.3646 0.3646 0.3681 0.3681 0.331 0.331 0.331 0.3696 0.3696 0.3766 0.3766 0.4046 0.4046 0.3706 0.3706 0.3706 0.3746 0.3746 0.366 0.366 0.3695 0.3695 0.3695 0.3275 0.3275 0.337 0.337 0.397 0.397 0.397 0.3575 0.3575 0.3295 0.3295 0.3345 0.3345 0.3345 0.35
0.3851 0.3851 0.4066 0.4066 0.3931 0.3931 0.3706 0.3706 0.3706 0.3741 0.3741 0.3535 0.3535 0.3576 0.3576 0.3761 0.3761 0.3761 0.338 0.338 0.3866 0.3866 0.352 0.352 0.352 0.3636 0.3636 0.341 0.341 0.37 0.37 0.37 0.343 0.343 0.3711 0.3711 0.344 0.344 0.344 0.3646 0.3646 0.3681 0.3681 0.331 0.331 0.331 0.3696 0.3696 0.3766 0.3766 0.4046 0.4046 0.3706 0.3706 0.3706 0.3746 0.3746 0.366 0.366 0.3695 0.3695 0.3695 0.3275 0.3275 0.337 0.337 0.397 0.397 0.397 0.3575 0.3575 0.3295 0.3295 0.3345 0.3345 0.3345 0.35
0.3986 0.3986 0.4071 0.4071 0.3761 0.3761 0.3731 0.3731 0.3731 0.3556 0.3556 0.352 0.352 0.3746 0.3746 0.3646 0.3646 0.3646 0.3726 0.3726 0.3676 0.3676 0.3611 0.3611 0.3611 0.3861 0.3861 0.3275 0.3275 0.3665 0.3665 0.3665 0.3585 0.3585 0.356 0.356 0.334 0.334 0.334 0.3335 0.3335 0.34 0.34 0.3856 0.3856 0.3856 0.3826 0.3826 0.347 0.347 0.3465 0.3465 0.327 0.327 0.327 0.3781 0.3781 0.348 0.348 0.3525 0.3525 0.3525 0.3385 0.3385 0.3295 0.3295 0.344 0.344 0.344 0.4186 0.4186 0.3876 0.3876 0.3575 0.3575 0.3575 0.351
0.3986 0.3986 0.4071 0.4071 0.3761 0.3761 0.3731 0.3731 0.3731 0.3556 0.3556 0.352 0.352 0.3746 0.3746 0.3646 0.3646 0.3646 0.3726 0.3726 0.3676 0.3676 0.3611 0.3611 0.3611 0.3861 0.3861 0.3275 0.3275 0.3665 0.3665 0.3665 0.3585 0.3585 0.356 0.356 0.334 0.334 0.334 0.3335 0.3335 0.34 0.34 0.3856 0.3856 0.3856 0.3826 0.3826 0.347 0.347 0.3465 0.3465 0.327 0.327 0.327 0.3781 0.3781 0.348 0.348 0.3525 0.3525 0.3525 0.3385 0.3385 0.3295 0.3295 0.344 0.344 0.344 0.4186 0.4186 0.3876 0.3876 0.3575 0.3575 0.3575 0.351
0.3515 0.3515 0.3711 0.3711 0.3876 0.3876 0.3736 0.3736 0.3736 0.3545 0.3545 0.3681 0.3681 0.3796 0.3796 0.3826 0.3826 0.3826 0.3625 0.3625 0.3856 0.3856 0.3841 0.3841 0.3841 0.3726 0.3726 0.3345 0.3345 0.3805 0.3805 0.3805 0.3565 0.3565 0.356 0.356 0.381 0.381 0.381 0.338 0.338 0.364 0.364 0.362 0.362 0.362 0.3765 0.3765 0.3575 0.3575 0.3961 0.3961 0.3796 0.3796 0.3796 0.3675 0.3675 0.3845 0.3845 0.382 0.382 0.382 0.358 0.358 0.367 0.367 0.3665 0.3665 0.3665 0.3956 0.3956 0.3926 0.3926 0.3745 0.3745 0.3745 0.335
0.3515 0.3515 0.3711 0.3711 0.3876 0.3876 0.3736 0.3736 0.3736 0.3545 0.3545 0.3681 0.3681 0.3796 0.3796 0.3826 0.3826 0.3826 0.3625 0.3625 0.3856 0.3856 0.3841 0.3841 0.3841 0.3726 0.3726 0.3345 0.3345 0.3805 0.3805 0.3805 0.3565 0.3565 0.356 0.356 0.381 0.381 0.381 0.338 0.338 0.364 0.364 0.362 0.362 0.362 0.3765 0.3765 0.3575 0.3575 0.3961 0.3961 0.3796 0.3796 0.3796 0.3675 0.3675 0.3845 0.3845 0.382 0.382 0.382 0.358 0.358 0.367 0.367 0.3665 0.3665 0.3665 0.3956 0.3956 0.3926 0.3926 0.3745 0.3745 0.3745 0.335
0.3515 0.3515 0.3711 0.3711 0.3876 0.3876 0.3736 0.3736 0.3736 0.3545 0.3545 0.3681 0.3681 0.3796 0.3796 0.3826 0.3826 0.3826 0.3625 0.3625 0.3856 0.3856 0.3841 0.3841 0.3841 0.3726 0.3726 0.3345 0.3345 0.3805 0.3805 0.3805 0.3565 0.3565 0.356 0.356 0.381 0.381 0.381 0.338 0.338 0.364 0.364 0.362 0.362 0.362 0.3765 0.3765 0.3575 0.3575 0.3961 0.3961 0.3796 0.3796 0.3796 0.3675 0.3675 0.3845 0.3845 0.382 0.382 0.382 0.358 0.358 0.367 0.367 0.3665 0.3665 0.3665 0.3956 0.3956 0.3926 0.3926 0.3745 0.3745 0.3745 0.335
