ndvi/NOAA-322.asc
ncols         252
nrows         154
xllcorner     -18.017974
yllcorner     13.481982
cellsize      0.035948
NODATA_value  -9999
[rows 105 to 139 of 154, columns 154 to 230 of 252]
0.344 0.2905 0.2905 0.2375 0.2375 0.2375 0.2985 0.2985 0.287 0.287 0.316 0.316 0.2845 0.2845 0.2845 0.3165 0.3165 0.301 0.301 0.3295 0.3295 0.3295 0.386 0.386 0.402 0.402 0.399 0.399 0.399 0.4015 0.4015 0.41 0.41 0.3955 0.3955 0.3955 0.4255 0.4255 0.413 0.413 0.4315 0.4315 0.4315 0.3465 0.3465 0.3835 0.3835 0.419 0.419 0.43 0.43 0.43 0.3715 0.3715 0.4065 0.4065 0.409 0.409 0.409 0.424 0.424 0.4005 0.4005 0.436 0.436 0.436 0.411 0.411 0.3855 0.3855 0.3785 0.3785 0.3785 0.429 0.429 0.402 0.402
0.32 0.314 0.314 0.3295 0.3295 0.3295 0.2725 0.2725 0.3055 0.3055 0.321 0.321 0.3445 0.3445 0.3445 0.318 0.318 0.3215 0.3215 0.372 0.372 0.372 0.399 0.399 0.3915 0.3915 0.38 0.38 0.38 0.4135 0.4135 0.4045 0.4045 0.4525 0.4525 0.4525 0.4025 0.4025 0.431 0.431 0.437 0.437 0.437 0.43 0.43 0.491 0.491 0.528 0.528 0.515 0.515 0.515 0.464 0.464 0.4555 0.4555 0.4855 0.4855 0.4855 0.3885 0.3885 0.395 0.395 0.4225 0.4225 0.4225 0.4055 0.4055 0.3875 0.3875 0.379 0.379 0.379 0.4325 0.4325 0.4525 0.4525
0.32 0.314 0.314 0.3295 0.3295 0.3295 0.2725 0.2725 0.3055 0.3055 0.321 0.321 0.3445 0.3445 0.3445 0.318 0.318 0.3215 0.3215 0.372 0.372 0.372 0.399 0.399 0.3915 0.3915 0.38 0.38 0.38 0.4135 0.4135 0.4045 0.4045 0.4525 0.4525 0.4525 0.4025 0.4025 0.431 0.431 0.437 0.437 0.437 0.43 0.43 0.491 0.491 0.528 0.528 0.515 0.515 0.515 0.464 0.464 0.4555 0.4555 0.4855 0.4855 0.4855 0.3885 0.3885 0.395 0.395 0.4225 0.4225 0.4225 0.4055 0.4055 0.3875 0.3875 0.379 0.379 0.379 0.4325 0.4325 0.4525 0.4525
0.375 0.3925 0.3925 0.3385 0.3385 0.3385 0.3175 0.3175 0.3745 0.3745 0.36 0.36 0.3595 0.3595 0.3595 0.339 0.339 0.366 0.366 0.3205 0.3205 0.3205 0.333 0.333 0.4 0.4 0.4145 0.4145 0.4145 0.398 0.398 0.4145 0.4145 0.42 0.42 0.42 0.4615 0.4615 0.4495 0.4495 0.4795 0.4795 0.4795 0.4185 0.4185 0.448 0.448 0.468 0.468 0.459 0.459 0.459 0.514 0.514 0.4205 0.4205 0.426 0.426 0.426 0.417 0.417 0.413 0.413 0.431 0.431 0.431 0.4075 0.4075 0.4075 0.4075 0.4195 0.4195 0.4195 0.4565 0.4565 0.449 0.449
0.375 0.3925 0.3925 0.3385 0.3385 0.3385 0.3175 0.3175 0.3745 0.3745 0.36 0.36 0.3595 0.3595 0.3595 0.339 0.339 0.366 0.366 0.3205 0.3205 0.3205 0.333 0.333 0.4 0.4 0.4145 0.4145 0.4145 0.398 0.398 0.4145 0.4145 0.42 0.42 0.42 0.4615 0.4615 0.4495 0.4495 0.4795 0.4795 0.4795 0.4185 0.4185 0.448 0.448 0.468 0.468 0.459 0.459 0.459 0.514 0.514 0.4205 0.4205 0.426 0.426 0.426 0.417 0.417 0.413 0.413 0.431 0.431 0.431 0.4075 0.4075 0.4075 0.4075 0.4195 0.4195 0.4195 0.4565 0.4565 0.449 0.449
0.3025 0.3675 0.3675 0.391 0.391 0.391 0.4135 0.4135 0.368 0.368 0.353 0.353 0.343 0.343 0.343 0.3665 0.3665 0.375 0.375 0.398 0.398 0.398 0.3745 0.3745 0.3655 0.3655 0.4055 0.4055 0.4055 0.3725 0.3725 0.416 0.416 0.427 0.427 0.427 0.4265 0.4265 0.4215 0.4215 0.411 0.411 0.411 0.447 0.447 0.458 0.458 0.4605 0.4605 0.45 0.45 0.45 0.498 0.498 0.5145 0.5145 0.4925 0.4925 0.4925 0.4715 0.4715 0.418 0.418 0.424 0.424 0.424 0.4 0.4 0.428 0.428 0.433 0.433 0.433 0.477 0.477 0.48 0.48
0.3025 0.3675 0.3675 0.391 0.391 0.391 0.4135 0.4135 0.368 0.368 0.353 0.353 0.343 0.343 0.343 0.3665 0.3665 0.375 0.375 0.398 0.398 0.398 0.3745 0.3745 0.3655 0.3655 0.4055 0.4055 0.4055 0.3725 0.3725 0.416 0.416 0.427 0.427 0.427 0.4265 0.4265 0.4215 0.4215 0.411 0.411 0.411 0.447 0.447 0.458 0.458 0.4605 0.4605 0.45 0.45 0.45 0.498 0.498 0.5145 0.5145 0.4925 0.4925 0.4925 0.4715 0.4715 0.418 0.418 0.424 0.424 0.424 0.4 0.4 0.428 0.428 0.433 0.433 0.433 0.477 0.477 0.48 0.48
0.3025 0.3675 0.3675 0.391 0.391 0.391 0.4135 0.4135 0.368 0.368 0.353 0.353 0.343 0.343 0.343 0.3665 0.3665 0.375 0.375 0.398 0.398 0.398 0.3745 0.3745 0.3655 0.3655 0.4055 0.4055 0.4055 0.3725 0.3725 0.416 0.416 0.427 0.427 0.427 0.4265 0.4265 0.4215 0.4215 0.411 0.411 0.411 0.447 0.447 0.458 0.458 0.4605 0.4605 0.45 0.45 0.45 0.498 0.498 0.5145 0.5145 0.4925 0.4925 0.4925 0.4715 0.4715 0.418 0.418 0.424 0.424 0.424 0.4 0.4 0.428 0.428 0.433 0.433 0.433 0.477 0.477 0.48 0.48
0.3455 0.391 0.391 0.4125 0.4125 0.4125 0.397 0.397 0.3655 0.3655 0.326 0.326 0.38 0.38 0.38 0.396 0.396 0.3445 0.3445 0.3905 0.3905 0.3905 0.346 0.346 0.372 0.372 0.4171 0.4171 0.4171 0.4081 0.4081 0.401 0.401 0.441 0.441 0.441 0.4685 0.4685 0.471 0.471 0.432 0.432 0.432 0.4045 0.4045 0.3995 0.3995 0.478 0.478 0.533 0.533 0.533 0.5065 0.5065 0.536 0.536 0.513 0.513 0.513 0.4855 0.4855 0.451 0.451 0.4105 0.4105 0.4105 0.43 0.43 0.4425 0.4425 0.4675 0.4675 0.4675 0.45 0.45 0.475 0.475
0.3455 0.391 0.391 0.4125 0.4125 0.4125 0.397 0.397 0.3655 0.3655 0.326 0.326 0.38 0.38 0.38 0.396 0.396 0.3445 0.3445 0.3905 0.3905 0.3905 0.346 0.346 0.372 0.372 0.4171 0.4171 0.4171 0.4081 0.4081 0.401 0.401 0.441 0.441 0.441 0.4685 0.4685 0.471 0.471 0.432 0.432 0.432 0.4045 0.4045 0.3995 0.3995 0.478 0.478 0.533 0.533 0.533 0.5065 0.5065 0.536 0.536 0.513 0.513 0.513 0.4855 0.4855 0.451 0.451 0.4105 0.4105 0.4105 0.43 0.43 0.4425 0.4425 0.4675 0.4675 0.4675 0.45 0.45 0.475 0.475
0.348 0.4235 0.4235 0.378 0.378 0.378 0.414 0.414 0.343 0.343 0.3665 0.3665 0.383 0.383 0.383 0.3895 0.3895 0.389 0.389 0.378 0.378 0.378 0.3635 0.3635 0.36 0.36 0.391 0.391 0.391 0.4215 0.4215 0.455 0.455 0.4505 0.4505 0.4505 0.4455 0.4455 0.4025 0.4025 0.3915 0.3915 0.3915 0.4165 0.4165 0.3865 0.3865 0.5195 0.5195 0.513 0.513 0.513 0.482 0.482 0.5085 0.5085 0.5105 0.5105 0.5105 0.538 0.538 0.484 0.484 0.459 0.459 0.459 0.478 0.478 0.47 0.47 0.469 0.469 0.469 0.4935 0.4935 0.4915 0.4915
0.348 0.4235 0.4235 0.378 0.378 0.378 0.414 0.414 0.343 0.343 0.3665 0.3665 0.383 0.383 0.383 0.3895 0.3895 0.389 0.389 0.378 0.378 0.378 0.3635 0.3635 0.36 0.36 0.391 0.391 0.391 0.4215 0.4215 0.455 0.455 0.4505 0.4505 0.4505 0.4455 0.4455 0.4025 0.4025 0.3915 0.3915 0.3915 0.4165 0.4165 0.3865 0.3865 0.5195 0.5195 0.513 0.513 0.513 0.482 0.482 0.5085 0.5085 0.5105 0.5105 0.5105 0.538 0.538 0.484 0.484 0.459 0.459 0.459 0.478 0.478 0.47 0.47 0.469 0.469 0.469 0.4935 0.4935 0.4915 0.4915
0.3485 0.373 0.373 0.4125 0.4125 0.4125 0.4205 0.4205 0.42 0.42 0.4295 0.4295 0.4295 0.4295 0.4295 0.408 0.408 0.4355 0.4355 0.423 0.423 0.423 0.422 0.422 0.415 0.415 0.4155 0.4155 0.4155 0.4455 0.4455 0.4735 0.4735 0.447 0.447 0.447 0.3985 0.3985 0.3855 0.3855 0.4345 0.4345 0.4345 0.495 0.495 0.487 0.487 0.5395 0.5395 0.5626 0.5626 0.5626 0.5245 0.5245 0.4885 0.4885 0.519 0.519 0.519 0.5 0.5 0.5225 0.5225 0.5275 0.5275 0.5275 0.5145 0.5145 0.5135 0.5135 0.5125 0.5125 0.5125 0.498 0.498 0.522 0.522
0.3485 0.373 0.373 0.4125 0.4125 0.4125 0.4205 0.4205 0.42 0.42 0.4295 0.4295 0.4295 0.4295 0.4295 0.408 0.408 0.4355 0.4355 0.423 0.423 0.423 0.422 0.422 0.415 0.415 0.4155 0.4155 0.4155 0.4455 0.4455 0.4735 0.4735 0.447 0.447 0.447 0.3985 0.3985 0.3855 0.3855 0.4345 0.4345 0.4345 0.495 0.495 0.487 0.487 0.5395 0.5395 0.5626 0.5626 0.5626 0.5245 0.5245 0.4885 0.4885 0.519 0.519 0.519 0.5 0.5 0.5225 0.5225 0.5275 0.5275 0.5275 0.5145 0.5145 0.5135 0.5135 0.5125 0.5125 0.5125 0.498 0.498 0.522 0.522
0.3485 0.373 0.373 0.4125 0.4125 0.4125 0.4205 0.4205 0.42 0.42 0.4295 0.4295 0.4295 0.4295 0.4295 0.408 0.408 0.4355 0.4355 0.423 0.423 0.423 0.422 0.422 0.415 0.415 0.4155 0.4155 0.4155 0.4455 0.4455 0.4735 0.4735 0.447 0.447 0.447 0.3985 0.3985 0.3855 0.3855 0.4345 0.4345 0.4345 0.495 0.495 0.487 0.487 0.5395 0.5395 0.5626 0.5626 0.5626 0.5245 0.5245 0.4885 0.4885 0.519 0.519 0.519 0.5 0.5 0.5225 0.5225 0.5275 0.5275 0.5275 0.5145 0.5145 0.5135 0.5135 0.5125 0.5125 0.5125 0.498 0.498 0.522 0.522
0.499 0.5135 0.5135 0.5 0.5 0.5 0.481 0.481 0.466 0.466 0.4885 0.4885 0.5085 0.5085 0.5085 0.4895 0.4895 0.5005 0.5005 0.463 0.463 0.463 0.521 0.521 0.4755 0.4755 0.5 0.5 0.5 0.431 0.431 0.414 0.414 0.3885 0.3885 0.3885 0.42 0.42 0.4825 0.4825 0.4795 0.4795 0.4795 0.54 0.54 0.533 0.533 0.5525 0.5525 0.5615 0.5615 0.5615 0.536 0.536 0.529 0.529 0.556 0.556 0.556 0.5015 0.5015 0.5455 0.5455 0.5785 0.5785 0.5785 0.56 0.56 0.537 0.537 0.516 0.516 0.516 0.507 0.507 0.527 0.527
0.499 0.5135 0.5135 0.5 0.5 0.5 0.481 0.481 0.466 0.466 0.4885 0.4885 0.5085 0.5085 0.5085 0.4895 0.4895 0.5005 0.5005 0.463 0.463 0.463 0.521 0.521 0.4755 0.4755 0.5 0.5 0.5 0.431 0.431 0.414 0.414 0.3885 0.3885 0.3885 0.42 0.42 0.4825 0.4825 0.4795 0.4795 0.4795 0.54 0.54 0.533 0.533 0.5525 0.5525 0.5615 0.5615 0.5615 0.536 0.536 0.529 0.529 0.556 0.556 0.556 0.5015 0.5015 0.5455 0.5455 0.5785 0.5785 0.5785 0.56 0.56 0.537 0.537 0.516 0.516 0.516 0.507 0.507 0.527 0.527
0.5005 0.4705 0.4705 0.4675 0.4675 0.4675 0.448 0.448 0.5266 0.5266 0.5415 0.5415 0.562 0.562 0.562 0.586 0.586 0.5615 0.5615 0.496 0.496 0.496 0.5475 0.5475 0.52 0.52 0.49 0.49 0.49 0.417 0.417 0.391 0.391 0.4455 0.4455 0.4455 0.456 0.456 0.502 0.502 0.4725 0.4725 0.4725 0.5595 0.5595 0.5545 0.5545 0.5975 0.5975 0.5741 0.5741 0.5741 0.5595 0.5595 0.5565 0.5565 0.5235 0.5235 0.5235 0.5165 0.5165 0.5785 0.5785 0.5664999 0.5664999 0.5664999 0.5755 0.5755 0.553 0.553 0.5355 0.5355 0.5355 0.545 0.545 0.5675 0.5675
0.5005 0.4705 0.4705 0.4675 0.4675 0.4675 0.448 0.448 0.5266 0.5266 0.5415 0.5415 0.562 0.562 0.562 0.586 0.586 0.5615 0.5615 0.496 0.496 0.496 0.5475 0.5475 0.52 0.52 0.49 0.49 0.49 0.417 0.417 0.391 0.391 0.4455 0.4455 0.4455 0.456 0.456 0.502 0.502 0.4725 0.4725 0.4725 0.5595 0.5595 0.5545 0.5545 0.5975 0.5975 0.5741 0.5741 0.5741 0.5595 0.5595 0.5565 0.5565 0.5235 0.5235 0.5235 0.5165 0.5165 0.5785 0.5785 0.5664999 0.5664999 0.5664999 0.5755 0.5755 0.553 0.553 0.5355 0.5355 0.5355 0.545 0.545 0.5675 0.5675
0.457 0.4595 0.4595 0.4745 0.4745 0.4745 0.528 0.528 0.54 0.54 0.584 0.584 0.572 0.572 0.572 0.5825 0.5825 0.56 0.56 0.5185 0.5185 0.5185 0.57 0.57 0.5355 0.5355 0.488 0.488 0.488 0.4105 0.4105 0.445 0.445 0.452 0.452 0.452 0.4666 0.4666 0.4941 0.4941 0.5415 0.5415 0.5415 0.5515 0.5515 0.5695 0.5695 0.5625 0.5625 0.573 0.573 0.573 0.56 0.56 0.5495 0.5495 0.5425 0.5425 0.5425 0.572 0.572 0.574 0.574 0.578 0.578 0.578 0.56 0.56 0.529 0.529 0.527 0.527 0.527 0.4995 0.4995 0.5515 0.5515
0.457 0.4595 0.4595 0.4745 0.4745 0.4745 0.528 0.528 0.54 0.54 0.584 0.584 0.572 0.572 0.572 0.5825 0.5825 0.56 0.56 0.5185 0.5185 0.5185 0.57 0.57 0.5355 0.5355 0.488 0.488 0.488 0.4105 0.4105 0.445 0.445 0.452 0.452 0.452 0.4666 0.4666 0.4941 0.4941 0.5415 0.5415 0.5415 0.5515 0.5515 0.5695 0.5695 0.5625 0.5625 0.573 0.573 0.573 0.56 0.56 0.5495 0.5495 0.5425 0.5425 0.5425 0.572 0.572 0.574 0.574 0.578 0.578 0.578 0.56 0.56 0.529 0.529 0.527 0.527 0.527 0.4995 0.4995 0.5515 0.5515
0.459 0.466 0.466 0.4685 0.4685 0.4685 0.5345 0.5345 0.545 0.545 0.573 0.573 0.5965 0.5965 0.5965 0.5815 0.5815 0.6045 0.6045 0.5515 0.5515 0.5515 0.5655 0.5655 0.5005 0.5005 0.5675 0.5675 0.5675 0.548 0.548 0.532 0.532 0.444 0.444 0.444 0.4936 0.4936 0.518 0.518 0.527 0.527 0.527 0.5775 0.5775 0.6015 0.6015 0.5925 0.5925 0.587 0.587 0.587 0.5845 0.5845 0.5895 0.5895 0.5715 0.5715 0.5715 0.5345 0.5345 0.563 0.563 0.631 0.631 0.631 0.5925 0.5925 0.5405 0.5405 0.533 0.533 0.533 0.551 0.551 0.5775 0.5775
0.459 0.466 0.466 0.4685 0.4685 0.4685 0.5345 0.5345 0.545 0.545 0.573 0.573 0.5965 0.5965 0.5965 0.5815 0.5815 0.6045 0.6045 0.5515 0.5515 0.5515 0.5655 0.5655 0.5005 0.5005 0.5675 0.5675 0.5675 0.548 0.548 0.532 0.532 0.444 0.444 0.444 0.4936 0.4936 0.518 0.518 0.527 0.527 0.527 0.5775 0.5775 0.6015 0.6015 0.5925 0.5925 0.587 0.587 0.587 0.5845 0.5845 0.5895 0.5895 0.5715 0.5715 0.5715 0.5345 0.5345 0.563 0.563 0.631 0.631 0.631 0.5925 0.5925 0.5405 0.5405 0.533 0.533 0.533 0.551 0.551 0.5775 0.5775
0.459 0.466 0.466 0.4685 0.4685 0.4685 0.5345 0.5345 0.545 0.545 0.573 0.573 0.5965 0.5965 0.5965 0.5815 0.5815 0.6045 0.6045 0.5515 0.5515 0.5515 0.5655 0.5655 0.5005 0.5005 0.5675 0.5675 0.5675 0.548 0.548 0.532 0.532 0.444 0.444 0.444 0.4936 0.4936 0.518 0.518 0.527 0.527 0.527 0.5775 0.5775 0.6015 0.6015 0.5925 0.5925 0.587 0.587 0.587 0.5845 0.5845 0.5895 0.5895 0.5715 0.5715 0.5715 0.5345 0.5345 0.563 0.563 0.631 0.631 0.631 0.5925 0.5925 0.5405 0.5405 0.533 0.533 0.533 0.551 0.551 0.5775 0.5775
0.4811 0.5301 0.5301 0.4921 0.4921 0.4921 0.552 0.552 0.603 0.603 0.614 0.614 0.579 0.579 0.579 0.5365 0.5365 0.519 0.519 0.563 0.563 0.563 0.5865 0.5865 0.6005 0.6005 0.55 0.55 0.55 0.5135 0.5135 0.502 0.502 0.4745 0.4745 0.4745 0.489 0.489 0.5095 0.5095 0.546 0.546 0.546 0.5885 0.5885 0.5995 0.5995 0.5695 0.5695 0.595 0.595 0.595 0.5565 0.5565 0.567 0.567 0.5565 0.5565 0.5565 0.5295 0.5295 0.5885 0.5885 0.581 0.581 0.581 0.572 0.572 0.6315 0.6315 0.5515 0.5515 0.5515 0.5575 0.5575 0.557 0.557
0.4811 0.5301 0.5301 0.4921 0.4921 0.4921 0.552 0.552 0.603 0.603 0.614 0.614 0.579 0.579 0.579 0.5365 0.5365 0.519 0.519 0.563 0.563 0.563 0.5865 0.5865 0.6005 0.6005 0.55 0.55 0.55 0.5135 0.5135 0.502 0.502 0.4745 0.4745 0.4745 0.489 0.489 0.5095 0.5095 0.546 0.546 0.546 0.5885 0.5885 0.5995 0.5995 0.5695 0.5695 0.595 0.595 0.595 0.5565 0.5565 0.567 0.567 0.5565 0.5565 0.5565 0.5295 0.5295 0.5885 0.5885 0.581 0.581 0.581 0.572 0.572 0.6315 0.6315 0.5515 0.5515 0.5515 0.5575 0.5575 0.557 0.557
0.553 0.5805 0.5805 0.5675 0.5675 0.5675 0.5855 0.5855 0.627 0.627 0.6275 0.6275 0.669 0.669 0.669 0.6305 0.6305 0.5715 0.5715 0.584 0.584 0.584 0.5865 0.5865 0.5615 0.5615 0.5165 0.5165 0.5165 0.4735 0.4735 0.5525 0.5525 0.5085 0.5085 0.5085 0.553 0.553 0.543 0.543 0.5561 0.5561 0.5561 0.5895 0.5895 0.6295 0.6295 0.654 0.654 0.6145 0.6145 0.6145 0.589 0.589 0.6055 0.6055 0.602 0.602 0.602 0.6205 0.6205 0.6235 0.6235 0.5615 0.5615 0.5615 0.588 0.588 0.5265 0.5265 0.569 0.569 0.569 0.6 0.6 0.6105 0.6105
0.553 0.5805 0.5805 0.5675 0.5675 0.5675 0.5855 0.5855 0.627 0.627 0.6275 0.6275 0.669 0.669 0.669 0.6305 0.6305 0.5715 0.5715 0.584 0.584 0.584 0.5865 0.5865 0.5615 0.5615 0.5165 0.5165 0.5165 0.4735 0.4735 0.5525 0.5525 0.5085 0.5085 0.5085 0.553 0.553 0.543 0.543 0.5561 0.5561 0.5561 0.5895 0.5895 0.6295 0.6295 0.654 0.654 0.6145 0.6145 0.6145 0.589 0.589 0.6055 0.6055 0.602 0.602 0.602 0.6205 0.6205 0.6235 0.6235 0.5615 0.5615 0.5615 0.588 0.588 0.5265 0.5265 0.569 0.569 0.569 0.6 0.6 0.6105 0.6105
0.5965 0.641 0.641 0.58 0.58 0.58 0.607 0.607 0.616 0.616 0.632 0.632 0.623 0.623 0.623 0.621 0.621 0.5551 0.5551 0.5865 0.5865 0.5865 0.599 0.599 0.5775 0.5775 0.467 0.467 0.467 0.495 0.495 0.5735 0.5735 0.518 0.518 0.518 0.5715 0.5715 0.5515 0.5515 0.6145 0.6145 0.6145 0.6495 0.6495 0.6505 0.6505 0.622 0.622 0.642 0.642 0.642 0.65 0.65 0.6725 0.6725 0.695 0.695 0.695 0.6825 0.6825 0.6705 0.6705 0.612 0.612 0.612 0.5945 0.5945 0.5645 0.5645 0.5905 0.5905 0.5905 0.5665 0.5665 0.6285 0.6285
0.5965 0.641 0.641 0.58 0.58 0.58 0.607 0.607 0.616 0.616 0.632 0.632 0.623 0.623 0.623 0.621 0.621 0.5551 0.5551 0.5865 0.5865 0.5865 0.599 0.599 0.5775 0.5775 0.467 0.467 0.467 0.495 0.495 0.5735 0.5735 0.518 0.518 0.518 0.5715 0.5715 0.5515 0.5515 0.6145 0.6145 0.6145 0.6495 0.6495 0.6505 0.6505 0.622 0.622 0.642 0.642 0.642 0.65 0.65 0.6725 0.6725 0.695 0.695 0.695 0.6825 0.6825 0.6705 0.6705 0.612 0.612 0.612 0.5945 0.5945 0.5645 0.5645 0.5905 0.5905 0.5905 0.5665 0.5665 0.6285 0.6285
0.5965 0.641 0.641 0.58 0.58 0.58 0.607 0.607 0.616 0.616 0.632 0.632 0.623 0.623 0.623 0.621 0.621 0.5551 0.5551 0.5865 0.5865 0.5865 0.599 0.599 0.5775 0.5775 0.467 0.467 0.467 0.495 0.495 0.5735 0.5735 0.518 0.518 0.518 0.5715 0.5715 0.5515 0.5515 0.6145 0.6145 0.6145 0.6495 0.6495 0.6505 0.6505 0.622 0.622 0.642 0.642 0.642 0.65 0.65 0.6725 0.6725 0.695 0.695 0.695 0.6825 0.6825 0.6705 0.6705 0.612 0.612 0.612 0.5945 0.5945 0.5645 0.5645 0.5905 0.5905 0.5905 0.5665 0.5665 0.6285 0.6285
0.608 0.621 0.621 0.6295 0.6295 0.6295 0.614 0.614 0.635 0.635 0.6475 0.6475 0.63 0.63 0.63 0.6235 0.6235 0.6210001 0.6210001 0.6005 0.6005 0.6005 0.5486 0.5486 0.5176 0.5176 0.5275 0.5275 0.5275 0.5405 0.5405 0.522 0.522 0.5245 0.5245 0.5245 0.582 0.582 0.5735 0.5735 0.6175 0.6175 0.6175 0.6365 0.6365 0.673 0.673 0.6695 0.6695 0.603 0.603 0.603 0.6605 0.6605 0.659 0.659 0.651 0.651 0.651 0.658 0.658 0.659 0.659 0.6575 0.6575 0.6575 0.612 0.612 0.589 0.589 0.5985 0.5985 0.5985 0.6025 0.6025 0.6055 0.6055
0.608 0.621 0.621 0.6295 0.6295 0.6295 0.614 0.614 0.635 0.635 0.6475 0.6475 0.63 0.63 0.63 0.6235 0.6235 0.6210001 0.6210001 0.6005 0.6005 0.6005 0.5486 0.5486 0.5176 0.5176 0.5275 0.5275 0.5275 0.5405 0.5405 0.522 0.522 0.5245 0.5245 0.5245 0.582 0.582 0.5735 0.5735 0.6175 0.6175 0.6175 0.6365 0.6365 0.673 0.673 0.6695 0.6695 0.603 0.603 0.603 0.6605 0.6605 0.659 0.659 0.651 0.651 0.651 0.658 0.658 0.659 0.659 0.6575 0.6575 0.6575 0.612 0.612 0.589 0.589 0.5985 0.5985 0.5985 0.6025 0.6025 0.6055 0.6055
0.657 0.628 0.628 0.617 0.617 0.617 0.673 0.673 0.625 0.625 0.6525 0.6525 0.632 0.632 0.632 0.6345 0.6345 0.637 0.637 0.566 0.566 0.566 0.5555 0.5555 0.5944999 0.5944999 0.5515 0.5515 0.5515 0.598 0.598 0.5845 0.5845 0.5515 0.5515 0.5515 0.5825 0.5825 0.602 0.602 0.635 0.635 0.635 0.642 0.642 0.637 0.637 0.6495 0.6495 0.6715 0.6715 0.6715 0.726 0.726 0.713 0.713 0.6900001 0.6900001 0.6900001 0.7455 0.7455 0.6485 0.6485 0.6145 0.6145 0.6145 0.6055 0.6055 0.6325 0.6325 0.642 0.642 0.642 0.605 0.605 0.6285 0.6285
0.657 0.628 0.628 0.617 0.617 0.617 0.673 0.673 0.625 0.625 0.6525 0.6525 0.632 0.632 0.632 0.6345 0.6345 0.637 0.637 0.566 0.566 0.566 0.5555 0.5555 0.5944999 0.5944999 0.5515 0.5515 0.5515 0.598 0.598 0.5845 0.5845 0.5515 0.5515 0.5515 0.5825 0.5825 0.602 0.602 0.635 0.635 0.635 0.642 0.642 0.637 0.637 0.6495 0.6495 0.6715 0.6715 0.6715 0.726 0.726 0.713 0.713 0.6900001 0.6900001 0.6900001 0.7455 0.7455 0.6485 0.6485 0.6145 0.6145 0.6145 0.6055 0.6055 0.6325 0.6325 0.642 0.642 0.642 0.605 0.605 0.6285 0.6285
