ndvi/NOAA-276.asc
ncols         252
nrows         154
xllcorner     -18.017974
yllcorner     13.481982
cellsize      0.035948
NODATA_value  -9999
[rows 0 to 33 of 154, columns 78 to 155 of 252]
0.1035 0.0975 0.0975 0.1015 0.1015 0.104 0.104 0.104 0.1005 0.1005 0.102 0.102 0.0985 0.0985 0.097 0.097 0.097 0.1005 0.1005 0.098 0.098 0.0985 0.0985 0.0985 0.0995 0.0995 0.096 0.096 0.0935 0.0935 0.0935 0.0895 0.0895 0.0905 0.0905 0.0845 0.0845 0.0845 0.0885 0.0885 0.0875 0.0875 0.089 0.089 0.089 0.0845 0.0845 0.0745 0.0745 0.085 0.085 0.09 0.09 0.09 0.0905 0.0905 0.09450001 0.09450001 0.09649999 0.09649999 0.09649999 0.0985 0.0985 0.0965 0.0965 0.103 0.103 0.103 0.09100001 0.09100001 0.0935 0.0935 0.095 0.095 0.095 0.0915 0.0915 0.0845
0.1035 0.0975 0.0975 0.1015 0.1015 0.104 0.104 0.104 0.1005 0.1005 0.102 0.102 0.0985 0.0985 0.097 0.097 0.097 0.1005 0.1005 0.098 0.098 0.0985 0.0985 0.0985 0.0995 0.0995 0.096 0.096 0.0935 0.0935 0.0935 0.0895 0.0895 0.0905 0.0905 0.0845 0.0845 0.0845 0.0885 0.0885 0.0875 0.0875 0.089 0.089 0.089 0.0845 0.0845 0.0745 0.0745 0.085 0.085 0.09 0.09 0.09 0.0905 0.0905 0.09450001 0.09450001 0.09649999 0.09649999 0.09649999 0.0985 0.0985 0.0965 0.0965 0.103 0.103 0.103 0.09100001 0.09100001 0.0935 0.0935 0.095 0.095 0.095 0.0915 0.0915 0.0845
0.103 0.104 0.104 0.102 0.102 0.1025 0.1025 0.1025 0.101 0.101 0.101 0.101 0.1035 0.1035 0.1045 0.1045 0.1045 0.104 0.104 0.101 0.101 0.096 0.096 0.096 0.09299999 0.09299999 0.09299999 0.09299999 0.0895 0.0895 0.0895 0.08750001 0.08750001 0.0885 0.0885 0.0865 0.0865 0.0865 0.0855 0.0855 0.082 0.082 0.083 0.083 0.083 0.0885 0.0885 0.094 0.094 0.09450001 0.09450001 0.1075 0.1075 0.1075 0.103 0.103 0.1025 0.1025 0.102 0.102 0.102 0.09900001 0.09900001 0.1025 0.1025 0.1005 0.1005 0.1005 0.0935 0.0935 0.092 0.092 0.089 0.089 0.089 0.088 0.088 0.092
0.103 0.104 0.104 0.102 0.102 0.1025 0.1025 0.1025 0.101 0.101 0.101 0.101 0.1035 0.1035 0.1045 0.1045 0.1045 0.104 0.104 0.101 0.101 0.096 0.096 0.096 0.09299999 0.09299999 0.09299999 0.09299999 0.0895 0.0895 0.0895 0.08750001 0.08750001 0.0885 0.0885 0.0865 0.0865 0.0865 0.0855 0.0855 0.082 0.082 0.083 0.083 0.083 0.0885 0.0885 0.094 0.094 0.09450001 0.09450001 0.1075 0.1075 0.1075 0.103 0.103 0.1025 0.1025 0.102 0.102 0.102 0.09900001 0.09900001 0.1025 0.1025 0.1005 0.1005 0.1005 0.0935 0.0935 0.092 0.092 0.089 0.089 0.089 0.088 0.088 0.092
0.103 0.104 0.104 0.102 0.102 0.1025 0.1025 0.1025 0.101 0.101 0.101 0.101 0.1035 0.1035 0.1045 0.1045 0.1045 0.104 0.104 0.101 0.101 0.096 0.096 0.096 0.09299999 0.09299999 0.09299999 0.09299999 0.0895 0.0895 0.0895 0.08750001 0.08750001 0.0885 0.0885 0.0865 0.0865 0.0865 0.0855 0.0855 0.082 0.082 0.083 0.083 0.083 0.0885 0.0885 0.094 0.094 0.09450001 0.09450001 0.1075 0.1075 0.1075 0.103 0.103 0.1025 0.1025 0.102 0.102 0.102 0.09900001 0.09900001 0.1025 0.1025 0.1005 0.1005 0.1005 0.0935 0.0935 0.092 0.092 0.089 0.089 0.089 0.088 0.088 0.092
0.102 0.105 0.105 0.1015 0.1015 0.097 0.097 0.097 0.1005 0.1005 0.1005 0.1005 0.1055 0.1055 0.09999999 0.09999999 0.09999999 0.0985 0.0985 0.0925 0.0925 0.098 0.098 0.098 0.0915 0.0915 0.089 0.089 0.087 0.087 0.087 0.088 0.088 0.0855 0.0855 0.09299999 0.09299999 0.09299999 0.0915 0.0915 0.082 0.082 0.095 0.095 0.095 0.094 0.094 0.1 0.1 0.1005 0.1005 0.103 0.103 0.103 0.103 0.103 0.1025 0.1025 0.0995 0.0995 0.0995 0.09649999 0.09649999 0.1005 0.1005 0.101 0.101 0.101 0.1035 0.1035 0.0995 0.0995 0.0955 0.0955 0.0955 0.09450001 0.09450001 0.0935
0.102 0.105 0.105 0.1015 0.1015 0.097 0.097 0.097 0.1005 0.1005 0.1005 0.1005 0.1055 0.1055 0.09999999 0.09999999 0.09999999 0.0985 0.0985 0.0925 0.0925 0.098 0.098 0.098 0.0915 0.0915 0.089 0.089 0.087 0.087 0.087 0.088 0.088 0.0855 0.0855 0.09299999 0.09299999 0.09299999 0.0915 0.0915 0.082 0.082 0.095 0.095 0.095 0.094 0.094 0.1 0.1 0.1005 0.1005 0.103 0.103 0.103 0.103 0.103 0.1025 0.1025 0.0995 0.0995 0.0995 0.09649999 0.09649999 0.1005 0.1005 0.101 0.101 0.101 0.1035 0.1035 0.0995 0.0995 0.0955 0.0955 0.0955 0.09450001 0.09450001 0.0935
0.1025 0.09999999 0.09999999 0.098 0.098 0.1045 0.1045 0.1045 0.1045 0.1045 0.104 0.104 0.1005 0.1005 0.0985 0.0985 0.0985 0.1035 0.1035 0.1005 0.1005 0.0985 0.0985 0.0985 0.09100001 0.09100001 0.088 0.088 0.088 0.088 0.088 0.09649999 0.09649999 0.095 0.095 0.0925 0.0925 0.0925 0.0915 0.0915 0.094 0.094 0.1 0.1 0.1 0.112 0.112 0.1055 0.1055 0.1005 0.1005 0.1085 0.1085 0.1085 0.104 0.104 0.104 0.104 0.103 0.103 0.103 0.098 0.098 0.1 0.1 0.102 0.102 0.102 0.1075 0.1075 0.1015 0.1015 0.09900001 0.09900001 0.09900001 0.0965 0.0965 0.097
0.1025 0.09999999 0.09999999 0.098 0.098 0.1045 0.1045 0.1045 0.1045 0.1045 0.104 0.104 0.1005 0.1005 0.0985 0.0985 0.0985 0.1035 0.1035 0.1005 0.1005 0.0985 0.0985 0.0985 0.09100001 0.09100001 0.088 0.088 0.088 0.088 0.088 0.09649999 0.09649999 0.095 0.095 0.0925 0.0925 0.0925 0.0915 0.0915 0.094 0.094 0.1 0.1 0.1 0.112 0.112 0.1055 0.1055 0.1005 0.1005 0.1085 0.1085 0.1085 0.104 0.104 0.104 0.104 0.103 0.103 0.103 0.098 0.098 0.1 0.1 0.102 0.102 0.102 0.1075 0.1075 0.1015 0.1015 0.09900001 0.09900001 0.09900001 0.0965 0.0965 0.097
0.0975 0.104 0.104 0.1055 0.1055 0.1055 0.1055 0.1055 0.1005 0.1005 0.09649999 0.09649999 0.1 0.1 0.104 0.104 0.104 0.09999999 0.09999999 0.098 0.098 0.0935 0.0935 0.0935 0.103 0.103 0.101 0.101 0.103 0.103 0.103 0.102 0.102 0.1065 0.1065 0.101 0.101 0.101 0.096 0.096 0.1025 0.1025 0.1125 0.1125 0.1125 0.113 0.113 0.1165 0.1165 0.111 0.111 0.109 0.109 0.109 0.1125 0.1125 0.107 0.107 0.1035 0.1035 0.1035 0.1075 0.1075 0.102 0.102 0.1045 0.1045 0.1045 0.1075 0.1075 0.1055 0.1055 0.0965 0.0965 0.0965 0.1 0.1 0.1065
0.0975 0.104 0.104 0.1055 0.1055 0.1055 0.1055 0.1055 0.1005 0.1005 0.09649999 0.09649999 0.1 0.1 0.104 0.104 0.104 0.09999999 0.09999999 0.098 0.098 0.0935 0.0935 0.0935 0.103 0.103 0.101 0.101 0.103 0.103 0.103 0.102 0.102 0.1065 0.1065 0.101 0.101 0.101 0.096 0.096 0.1025 0.1025 0.1125 0.1125 0.1125 0.113 0.113 0.1165 0.1165 0.111 0.111 0.109 0.109 0.109 0.1125 0.1125 0.107 0.107 0.1035 0.1035 0.1035 0.1075 0.1075 0.102 0.102 0.1045 0.1045 0.1045 0.1075 0.1075 0.1055 0.1055 0.0965 0.0965 0.0965 0.1 0.1 0.1065
0.107 0.1065 0.1065 0.103 0.103 0.108 0.108 0.108 0.1015 0.1015 0.1015 0.1015 0.106 0.106 0.1085 0.1085 0.1085 0.0995 0.0995 0.1005 0.1005 0.104 0.104 0.104 0.1035 0.1035 0.1035 0.1035 0.102 0.102 0.102 0.1015 0.1015 0.1025 0.1025 0.101 0.101 0.101 0.103 0.103 0.1125 0.1125 0.1145 0.1145 0.1145 0.1125 0.1125 0.116 0.116 0.118 0.118 0.1225 0.1225 0.1225 0.114 0.114 0.114 0.114 0.1125 0.1125 0.1125 0.107 0.107 0.1095 0.1095 0.1085 0.1085 0.1085 0.103 0.103 0.101 0.101 0.111 0.111 0.111 0.1095 0.1095 0.1125
0.107 0.1065 0.1065 0.103 0.103 0.108 0.108 0.108 0.1015 0.1015 0.1015 0.1015 0.106 0.106 0.1085 0.1085 0.1085 0.0995 0.0995 0.1005 0.1005 0.104 0.104 0.104 0.1035 0.1035 0.1035 0.1035 0.102 0.102 0.102 0.1015 0.1015 0.1025 0.1025 0.101 0.101 0.101 0.103 0.103 0.1125 0.1125 0.1145 0.1145 0.1145 0.1125 0.1125 0.116 0.116 0.118 0.118 0.1225 0.1225 0.1225 0.114 0.114 0.114 0.114 0.1125 0.1125 0.1125 0.107 0.107 0.1095 0.1095 0.1085 0.1085 0.1085 0.103 0.103 0.101 0.101 0.111 0.111 0.111 0.1095 0.1095 0.1125
0.107 0.1065 0.1065 0.103 0.103 0.108 0.108 0.108 0.1015 0.1015 0.1015 0.1015 0.106 0.106 0.1085 0.1085 0.1085 0.0995 0.0995 0.1005 0.1005 0.104 0.104 0.104 0.1035 0.1035 0.1035 0.1035 0.102 0.102 0.102 0.1015 0.1015 0.1025 0.1025 0.101 0.101 0.101 0.103 0.103 0.1125 0.1125 0.1145 0.1145 0.1145 0.1125 0.1125 0.116 0.116 0.118 0.118 0.1225 0.1225 0.1225 0.114 0.114 0.114 0.114 0.1125 0.1125 0.1125 0.107 0.107 0.1095 0.1095 0.1085 0.1085 0.1085 0.103 0.103 0.101 0.101 0.111 0.111 0.111 0.1095 0.1095 0.1125
0.112 0.11 0.11 0.1145 0.1145 0.1045 0.1045 0.1045 0.102 0.102 0.105 0.105 0.106 0.106 0.107 0.107 0.107 0.106 0.106 0.107 0.107 0.1035 0.1035 0.1035 0.1035 0.1035 0.104 0.104 0.1005 0.1005 0.1005 0.101 0.101 0.0985 0.0985 0.0965 0.0965 0.0965 0.098 0.098 0.1075 0.1075 0.1115 0.1115 0.1115 0.114 0.114 0.119 0.119 0.1215 0.1215 0.1225 0.1225 0.1225 0.119 0.119 0.1135 0.1135 0.119 0.119 0.119 0.112 0.112 0.115 0.115 0.113 0.113 0.113 0.1055 0.1055 0.1055 0.1055 0.1065 0.1065 0.1065 0.111 0.111 0.115
0.112 0.11 0.11 0.1145 0.1145 0.1045 0.1045 0.1045 0.102 0.102 0.105 0.105 0.106 0.106 0.107 0.107 0.107 0.106 0.106 0.107 0.107 0.1035 0.1035 0.1035 0.1035 0.1035 0.104 0.104 0.1005 0.1005 0.1005 0.101 0.101 0.0985 0.0985 0.0965 0.0965 0.0965 0.098 0.098 0.1075 0.1075 0.1115 0.1115 0.1115 0.114 0.114 0.119 0.119 0.1215 0.1215 0.1225 0.1225 0.1225 0.119 0.119 0.1135 0.1135 0.119 0.119 0.119 0.112 0.112 0.115 0.115 0.113 0.113 0.113 0.1055 0.1055 0.1055 0.1055 0.1065 0.1065 0.1065 0.111 0.111 0.115
0.1085 0.108 0.108 0.1115 0.1115 0.106 0.106 0.106 0.108 0.108 0.1055 0.1055 0.112 0.112 0.104 0.104 0.104 0.105 0.105 0.1065 0.1065 0.1055 0.1055 0.1055 0.105 0.105 0.1025 0.1025 0.103 0.103 0.103 0.09999999 0.09999999 0.103 0.103 0.097 0.097 0.097 0.0995 0.0995 0.106 0.106 0.117 0.117 0.117 0.121 0.121 0.125 0.125 0.114 0.114 0.12 0.12 0.12 0.0965 0.0965 0.1065 0.1065 0.1045 0.1045 0.1045 0.122 0.122 0.12 0.12 0.1155 0.1155 0.1155 0.1015 0.1015 0.104 0.104 0.1095 0.1095 0.1095 0.1145 0.1145 0.1085
0.1085 0.108 0.108 0.1115 0.1115 0.106 0.106 0.106 0.108 0.108 0.1055 0.1055 0.112 0.112 0.104 0.104 0.104 0.105 0.105 0.1065 0.1065 0.1055 0.1055 0.1055 0.105 0.105 0.1025 0.1025 0.103 0.103 0.103 0.09999999 0.09999999 0.103 0.103 0.097 0.097 0.097 0.0995 0.0995 0.106 0.106 0.117 0.117 0.117 0.121 0.121 0.125 0.125 0.114 0.114 0.12 0.12 0.12 0.0965 0.0965 0.1065 0.1065 0.1045 0.1045 0.1045 0.122 0.122 0.12 0.12 0.1155 0.1155 0.1155 0.1015 0.1015 0.104 0.104 0.1095 0.1095 0.1095 0.1145 0.1145 0.1085
0.109 0.1095 0.1095 0.109 0.109 0.1115 0.1115 0.1115 0.1185 0.1185 0.112 0.112 0.1095 0.1095 0.1075 0.1075 0.1075 0.1075 0.1075 0.105 0.105 0.104 0.104 0.104 0.102 0.102 0.106 0.106 0.105 0.105 0.105 0.109 0.109 0.1065 0.1065 0.102 0.102 0.102 0.1035 0.1035 0.109 0.109 0.117 0.117 0.117 0.119 0.119 0.123 0.123 0.112 0.112 0.1175 0.1175 0.1175 0.112 0.112 0.106 0.106 0.0995 0.0995 0.0995 0.127 0.127 0.123 0.123 0.1155 0.1155 0.1155 0.114 0.114 0.1175 0.1175 0.106 0.106 0.106 0.1155 0.1155 0.152
0.109 0.1095 0.1095 0.109 0.109 0.1115 0.1115 0.1115 0.1185 0.1185 0.112 0.112 0.1095 0.1095 0.1075 0.1075 0.1075 0.1075 0.1075 0.105 0.105 0.104 0.104 0.104 0.102 0.102 0.106 0.106 0.105 0.105 0.105 0.109 0.109 0.1065 0.1065 0.102 0.102 0.102 0.1035 0.1035 0.109 0.109 0.117 0.117 0.117 0.119 0.119 0.123 0.123 0.112 0.112 0.1175 0.1175 0.1175 0.112 0.112 0.106 0.106 0.0995 0.0995 0.0995 0.127 0.127 0.123 0.123 0.1155 0.1155 0.1155 0.114 0.114 0.1175 0.1175 0.106 0.106 0.106 0.1155 0.1155 0.152
0.109 0.1095 0.1095 0.109 0.109 0.1115 0.1115 0.1115 0.1185 0.1185 0.112 0.112 0.1095 0.1095 0.1075 0.1075 0.1075 0.1075 0.1075 0.105 0.105 0.104 0.104 0.104 0.102 0.102 0.106 0.106 0.105 0.105 0.105 0.109 0.109 0.1065 0.1065 0.102 0.102 0.102 0.1035 0.1035 0.109 0.109 0.117 0.117 0.117 0.119 0.119 0.123 0.123 0.112 0.112 0.1175 0.1175 0.1175 0.112 0.112 0.106 0.106 0.0995 0.0995 0.0995 0.127 0.127 0.123 0.123 0.1155 0.1155 0.1155 0.114 0.114 0.1175 0.1175 0.106 0.106 0.106 0.1155 0.1155 0.152
0.1075 0.113 0.113 0.115 0.115 0.1135 0.1135 0.1135 0.1145 0.1145 0.1105 0.1105 0.106 0.106 0.11 0.11 0.11 0.1065 0.1065 0.1065 0.1065 0.1035 0.1035 0.1035 0.107 0.107 0.113 0.113 0.1145 0.1145 0.1145 0.12 0.12 0.118 0.118 0.108 0.108 0.108 0.103 0.103 0.1305 0.1305 0.1315 0.1315 0.1315 0.135 0.135 0.13 0.13 0.114 0.114 0.1115 0.1115 0.1115 0.1145 0.1145 0.117 0.117 0.11 0.11 0.11 0.126 0.126 0.1205 0.1205 0.119 0.119 0.119 0.1155 0.1155 0.114 0.114 0.1165 0.1165 0.1165 0.1035 0.1035 0.12
0.1075 0.113 0.113 0.115 0.115 0.1135 0.1135 0.1135 0.1145 0.1145 0.1105 0.1105 0.106 0.106 0.11 0.11 0.11 0.1065 0.1065 0.1065 0.1065 0.1035 0.1035 0.1035 0.107 0.107 0.113 0.113 0.1145 0.1145 0.1145 0.12 0.12 0.118 0.118 0.108 0.108 0.108 0.103 0.103 0.1305 0.1305 0.1315 0.1315 0.1315 0.135 0.135 0.13 0.13 0.114 0.114 0.1115 0.1115 0.1115 0.1145 0.1145 0.117 0.117 0.11 0.11 0.11 0.126 0.126 0.1205 0.1205 0.119 0.119 0.119 0.1155 0.1155 0.114 0.114 0.1165 0.1165 0.1165 0.1035 0.1035 0.12
0.1125 0.11 0.11 0.1115 0.1115 0.114 0.114 0.114 0.117 0.117 0.116 0.116 0.113 0.113 0.114 0.114 0.114 0.1195 0.1195 0.116 0.116 0.112 0.112 0.112 0.112 0.112 0.12 0.12 0.1075 0.1075 0.1075 0.104 0.104 0.1165 0.1165 0.1075 0.1075 0.1075 0.107 0.107 0.126 0.126 0.13 0.13 0.13 0.105 0.105 0.133 0.133 0.132 0.132 0.1135 0.1135 0.1135 0.11 0.11 0.1155 0.1155 0.108 0.108 0.108 0.1175 0.1175 0.118 0.118 0.1225 0.1225 0.1225 0.1175 0.1175 0.115 0.115 0.1105 0.1105 0.1105 0.111 0.111 0.115
0.1125 0.11 0.11 0.1115 0.1115 0.114 0.114 0.114 0.117 0.117 0.116 0.116 0.113 0.113 0.114 0.114 0.114 0.1195 0.1195 0.116 0.116 0.112 0.112 0.112 0.112 0.112 0.12 0.12 0.1075 0.1075 0.1075 0.104 0.104 0.1165 0.1165 0.1075 0.1075 0.1075 0.107 0.107 0.126 0.126 0.13 0.13 0.13 0.105 0.105 0.133 0.133 0.132 0.132 0.1135 0.1135 0.1135 0.11 0.11 0.1155 0.1155 0.108 0.108 0.108 0.1175 0.1175 0.118 0.118 0.1225 0.1225 0.1225 0.1175 0.1175 0.115 0.115 0.1105 0.1105 0.1105 0.111 0.111 0.115
0.1175 0.1185 0.1185 0.1175 0.1175 0.1105 0.1105 0.1105 0.1115 0.1115 0.112 0.112 0.117 0.117 0.1145 0.1145 0.1145 0.119 0.119 0.12 0.12 0.115 0.115 0.115 0.1195 0.1195 0.1185 0.1185 0.109 0.109 0.109 0.122 0.122 0.124 0.124 0.1095 0.1095 0.1095 0.107 0.107 0.124 0.124 0.12 0.12 0.12 0.1095 0.1095 0.109 0.109 0.133 0.133 0.123 0.123 0.123 0.112 0.112 0.105 0.105 0.1 0.1 0.1 0.122 0.122 0.103 0.103 0.11 0.11 0.11 0.1145 0.1145 0.1155 0.1155 0.1035 0.1035 0.1035 0.114 0.114 0.115
0.1175 0.1185 0.1185 0.1175 0.1175 0.1105 0.1105 0.1105 0.1115 0.1115 0.112 0.112 0.117 0.117 0.1145 0.1145 0.1145 0.119 0.119 0.12 0.12 0.115 0.115 0.115 0.1195 0.1195 0.1185 0.1185 0.109 0.109 0.109 0.122 0.122 0.124 0.124 0.1095 0.1095 0.1095 0.107 0.107 0.124 0.124 0.12 0.12 0.12 0.1095 0.1095 0.109 0.109 0.133 0.133 0.123 0.123 0.123 0.112 0.112 0.105 0.105 0.1 0.1 0.1 0.122 0.122 0.103 0.103 0.11 0.11 0.11 0.1145 0.1145 0.1155 0.1155 0.1035 0.1035 0.1035 0.114 0.114 0.115
0.1175 0.1185 0.1185 0.1175 0.1175 0.1105 0.1105 0.1105 0.1115 0.1115 0.112 0.112 0.117 0.117 0.1145 0.1145 0.1145 0.119 0.119 0.12 0.12 0.115 0.115 0.115 0.1195 0.1195 0.1185 0.1185 0.109 0.109 0.109 0.122 0.122 0.124 0.124 0.1095 0.1095 0.1095 0.107 0.107 0.124 0.124 0.12 0.12 0.12 0.1095 0.1095 0.109 0.109 0.133 0.133 0.123 0.123 0.123 0.112 0.112 0.105 0.105 0.1 0.1 0.1 0.122 0.122 0.103 0.103 0.11 0.11 0.11 0.1145 0.1145 0.1155 0.1155 0.1035 0.1035 0.1035 0.114 0.114 0.115
0.1235 0.125 0.125 0.1135 0.1135 0.115 0.115 0.115 0.114 0.114 0.122 0.122 0.123 0.123 0.1275 0.1275 0.1275 0.118 0.118 0.1215 0.1215 0.121 0.121 0.121 0.122 0.122 0.12 0.12 0.122 0.122 0.122 0.1065 0.1065 0.1195 0.1195 0.124 0.124 0.124 0.1205 0.1205 0.1265 0.1265 0.1105 0.1105 0.1105 0.105 0.105 0.113 0.113 0.1285 0.1285 0.1255 0.1255 0.1255 0.1215 0.1215 0.0975 0.0975 0.0915 0.0915 0.0915 0.1025 0.1025 0.1155 0.1155 0.103 0.103 0.103 0.1125 0.1125 0.11 0.11 0.108 0.108 0.108 0.1065 0.1065 0.098
0.1235 0.125 0.125 0.1135 0.1135 0.115 0.115 0.115 0.114 0.114 0.122 0.122 0.123 0.123 0.1275 0.1275 0.1275 0.118 0.118 0.1215 0.1215 0.121 0.121 0.121 0.122 0.122 0.12 0.12 0.122 0.122 0.122 0.1065 0.1065 0.1195 0.1195 0.124 0.124 0.124 0.1205 0.1205 0.1265 0.1265 0.1105 0.1105 0.1105 0.105 0.105 0.113 0.113 0.1285 0.1285 0.1255 0.1255 0.1255 0.1215 0.1215 0.0975 0.0975 0.0915 0.0915 0.0915 0.1025 0.1025 0.1155 0.1155 0.103 0.103 0.103 0.1125 0.1125 0.11 0.11 0.108 0.108 0.108 0.1065 0.1065 0.098
0.122 0.127 0.127 0.112 0.112 0.1105 0.1105 0.1105 0.117 0.117 0.117 0.117 0.123 0.123 0.1265 0.1265 0.1265 0.119 0.119 0.1165 0.1165 0.11 0.11 0.11 0.114 0.114 0.127 0.127 0.123 0.123 0.123 0.1255 0.1255 0.1205 0.1205 0.1205 0.1205 0.1205 0.1305 0.1305 0.1095 0.1095 0.1125 0.1125 0.1125 0.1125 0.1125 0.1085 0.1085 0.1205 0.1205 0.1245 0.1245 0.1245 0.1105 0.1105 0.1285 0.1285 0.1085 0.1085 0.1085 0.1185 0.1185 0.1105 0.1105 0.11 0.11 0.11 0.1195 0.1195 0.1105 0.1105 0.114 0.114 0.114 0.1165 0.1165 0.109
0.122 0.127 0.127 0.112 0.112 0.1105 0.1105 0.1105 0.117 0.117 0.117 0.117 0.123 0.123 0.1265 0.1265 0.1265 0.119 0.119 0.1165 0.1165 0.11 0.11 0.11 0.114 0.114 0.127 0.127 0.123 0.123 0.123 0.1255 0.1255 0.1205 0.1205 0.1205 0.1205 0.1205 0.1305 0.1305 0.1095 0.1095 0.1125 0.1125 0.1125 0.1125 0.1125 0.1085 0.1085 0.1205 0.1205 0.1245 0.1245 0.1245 0.1105 0.1105 0.1285 0.1285 0.1085 0.1085 0.1085 0.1185 0.1185 0.1105 0.1105 0.11 0.11 0.11 0.1195 0.1195 0.1105 0.1105 0.114 0.114 0.114 0.1165 0.1165 0.109
0.1105 0.116 0.116 0.1255 0.1255 0.1245 0.1245 0.1245 0.1125 0.1125 0.124 0.124 0.1225 0.1225 0.1235 0.1235 0.1235 0.1185 0.1185 0.117 0.117 0.122 0.122 0.122 0.119 0.119 0.12 0.12 0.1265 0.1265 0.1265 0.128 0.128 0.124 0.124 0.117 0.117 0.117 0.114 0.114 0.111 0.111 0.1105 0.1105 0.1105 0.123 0.123 0.106 0.106 0.112 0.112 0.1145 0.1145 0.1145 0.1175 0.1175 0.1165 0.1165 0.121 0.121 0.121 0.12 0.12 0.1235 0.1235 0.121 0.121 0.121 0.1225 0.1225 0.108 0.108 0.098 0.098 0.098 0.1005 0.1005 0.1025
0.1105 0.116 0.116 0.1255 0.1255 0.1245 0.1245 0.1245 0.1125 0.1125 0.124 0.124 0.1225 0.1225 0.1235 0.1235 0.1235 0.1185 0.1185 0.117 0.117 0.122 0.122 0.122 0.119 0.119 0.12 0.12 0.1265 0.1265 0.1265 0.128 0.128 0.124 0.124 0.117 0.117 0.117 0.114 0.114 0.111 0.111 0.1105 0.1105 0.1105 0.123 0.123 0.106 0.106 0.112 0.112 0.1145 0.1145 0.1145 0.1175 0.1175 0.1165 0.1165 0.121 0.121 0.121 0.12 0.12 0.1235 0.1235 0.121 0.121 0.121 0.1225 0.1225 0.108 0.108 0.098 0.098 0.098 0.1005 0.1005 0.1025
