ndvi/NOAA-42.asc
ncols         252
nrows         154
xllcorner     -18.017974
yllcorner     13.481982
cellsize      0.035948
NODATA_value  -9999
[rows 70 to 104 of 154, columns 154 to 230 of 252]
0.15 0.1585 0.1585 0.151 0.151 0.151 0.1635 0.1635 0.172 0.172 0.1705 0.1705 0.187 0.187 0.187 0.2265 0.2265 0.223 0.223 0.2185 0.2185 0.2185 0.228 0.228 0.2285 0.2285 0.2345 0.2345 0.2345 0.2265 0.2265 0.221 0.221 0.2055 0.2055 0.2055 0.2125 0.2125 0.213 0.213 0.227 0.227 0.227 0.223 0.223 0.212 0.212 0.2105 0.2105 0.2085 0.2085 0.2085 0.211 0.211 0.2315 0.2315 0.226 0.226 0.226 0.2275 0.2275 0.209 0.209 0.205 0.205 0.205 0.195 0.195 0.205 0.205 0.2225 0.2225 0.2225 0.2205 0.2205 0.213 0.213
0.159 0.1755 0.1755 0.2125 0.2125 0.2125 0.1865 0.1865 0.177 0.177 0.1445 0.1445 0.185 0.185 0.185 0.1945 0.1945 0.216 0.216 0.205 0.205 0.205 0.216 0.216 0.216 0.216 0.2215 0.2215 0.2215 0.225 0.225 0.2425 0.2425 0.2225 0.2225 0.2225 0.217 0.217 0.2135 0.2135 0.2125 0.2125 0.2125 0.2085 0.2085 0.1995 0.1995 0.23 0.23 0.229 0.229 0.229 0.2345 0.2345 0.241 0.241 0.237 0.237 0.237 0.2435 0.2435 0.227 0.227 0.2265 0.2265 0.2265 0.2165 0.2165 0.2055 0.2055 0.2105 0.2105 0.2105 0.2225 0.2225 0.238 0.238
0.159 0.1755 0.1755 0.2125 0.2125 0.2125 0.1865 0.1865 0.177 0.177 0.1445 0.1445 0.185 0.185 0.185 0.1945 0.1945 0.216 0.216 0.205 0.205 0.205 0.216 0.216 0.216 0.216 0.2215 0.2215 0.2215 0.225 0.225 0.2425 0.2425 0.2225 0.2225 0.2225 0.217 0.217 0.2135 0.2135 0.2125 0.2125 0.2125 0.2085 0.2085 0.1995 0.1995 0.23 0.23 0.229 0.229 0.229 0.2345 0.2345 0.241 0.241 0.237 0.237 0.237 0.2435 0.2435 0.227 0.227 0.2265 0.2265 0.2265 0.2165 0.2165 0.2055 0.2055 0.2105 0.2105 0.2105 0.2225 0.2225 0.238 0.238
0.159 0.1755 0.1755 0.2125 0.2125 0.2125 0.1865 0.1865 0.177 0.177 0.1445 0.1445 0.185 0.185 0.185 0.1945 0.1945 0.216 0.216 0.205 0.205 0.205 0.216 0.216 0.216 0.216 0.2215 0.2215 0.2215 0.225 0.225 0.2425 0.2425 0.2225 0.2225 0.2225 0.217 0.217 0.2135 0.2135 0.2125 0.2125 0.2125 0.2085 0.2085 0.1995 0.1995 0.23 0.23 0.229 0.229 0.229 0.2345 0.2345 0.241 0.241 0.237 0.237 0.237 0.2435 0.2435 0.227 0.227 0.2265 0.2265 0.2265 0.2165 0.2165 0.2055 0.2055 0.2105 0.2105 0.2105 0.2225 0.2225 0.238 0.238
0.169 0.1875 0.1875 0.189 0.189 0.189 0.185 0.185 0.1765 0.1765 0.1645 0.1645 0.18 0.18 0.18 0.2 0.2 0.2195 0.2195 0.208 0.208 0.208 0.205 0.205 0.21 0.21 0.2225 0.2225 0.2225 0.225 0.225 0.2185 0.2185 0.2415 0.2415 0.2415 0.26 0.26 0.2525 0.2525 0.259 0.259 0.259 0.254 0.254 0.252 0.252 0.253 0.253 0.2415 0.2415 0.2415 0.243 0.243 0.237 0.237 0.2235 0.2235 0.2235 0.2315 0.2315 0.243 0.243 0.2245 0.2245 0.2245 0.2275 0.2275 0.2005 0.2005 0.227 0.227 0.227 0.2245 0.2245 0.241 0.241
0.169 0.1875 0.1875 0.189 0.189 0.189 0.185 0.185 0.1765 0.1765 0.1645 0.1645 0.18 0.18 0.18 0.2 0.2 0.2195 0.2195 0.208 0.208 0.208 0.205 0.205 0.21 0.21 0.2225 0.2225 0.2225 0.225 0.225 0.2185 0.2185 0.2415 0.2415 0.2415 0.26 0.26 0.2525 0.2525 0.259 0.259 0.259 0.254 0.254 0.252 0.252 0.253 0.253 0.2415 0.2415 0.2415 0.243 0.243 0.237 0.237 0.2235 0.2235 0.2235 0.2315 0.2315 0.243 0.243 0.2245 0.2245 0.2245 0.2275 0.2275 0.2005 0.2005 0.227 0.227 0.227 0.2245 0.2245 0.241 0.241
0.1265 0.1745 0.1745 0.1885 0.1885 0.1885 0.1615 0.1615 0.161 0.161 0.1535 0.1535 0.188 0.188 0.188 0.2135 0.2135 0.227 0.227 0.222 0.222 0.222 0.218 0.218 0.215 0.215 0.204 0.204 0.204 0.2415 0.2415 0.236 0.236 0.2395 0.2395 0.2395 0.2435 0.2435 0.2455 0.2455 0.2465 0.2465 0.2465 0.246 0.246 0.238 0.238 0.2575 0.2575 0.25 0.25 0.25 0.255 0.255 0.236 0.236 0.2415 0.2415 0.2415 0.2405 0.2405 0.2455 0.2455 0.255 0.255 0.255 0.238 0.238 0.2145 0.2145 0.2085 0.2085 0.2085 0.2255 0.2255 0.2195 0.2195
0.1265 0.1745 0.1745 0.1885 0.1885 0.1885 0.1615 0.1615 0.161 0.161 0.1535 0.1535 0.188 0.188 0.188 0.2135 0.2135 0.227 0.227 0.222 0.222 0.222 0.218 0.218 0.215 0.215 0.204 0.204 0.204 0.2415 0.2415 0.236 0.236 0.2395 0.2395 0.2395 0.2435 0.2435 0.2455 0.2455 0.2465 0.2465 0.2465 0.246 0.246 0.238 0.238 0.2575 0.2575 0.25 0.25 0.25 0.255 0.255 0.236 0.236 0.2415 0.2415 0.2415 0.2405 0.2405 0.2455 0.2455 0.255 0.255 0.255 0.238 0.238 0.2145 0.2145 0.2085 0.2085 0.2085 0.2255 0.2255 0.2195 0.2195
0.1205 0.137 0.137 0.16 0.16 0.16 0.142 0.142 0.147 0.147 0.1645 0.1645 0.2025 0.2025 0.2025 0.2035 0.2035 0.2065 0.2065 0.213 0.213 0.213 0.2075 0.2075 0.215 0.215 0.219 0.219 0.219 0.227 0.227 0.23 0.23 0.232 0.232 0.232 0.233 0.233 0.2485 0.2485 0.245 0.245 0.245 0.2475 0.2475 0.243 0.243 0.2335 0.2335 0.249 0.249 0.249 0.243 0.243 0.2385 0.2385 0.24 0.24 0.24 0.2515 0.2515 0.248 0.248 0.266 0.266 0.266 0.2715 0.2715 0.244 0.244 0.2425 0.2425 0.2425 0.216 0.216 0.225 0.225
0.1205 0.137 0.137 0.16 0.16 0.16 0.142 0.142 0.147 0.147 0.1645 0.1645 0.2025 0.2025 0.2025 0.2035 0.2035 0.2065 0.2065 0.213 0.213 0.213 0.2075 0.2075 0.215 0.215 0.219 0.219 0.219 0.227 0.227 0.23 0.23 0.232 0.232 0.232 0.233 0.233 0.2485 0.2485 0.245 0.245 0.245 0.2475 0.2475 0.243 0.243 0.2335 0.2335 0.249 0.249 0.249 0.243 0.243 0.2385 0.2385 0.24 0.24 0.24 0.2515 0.2515 0.248 0.248 0.266 0.266 0.266 0.2715 0.2715 0.244 0.244 0.2425 0.2425 0.2425 0.216 0.216 0.225 0.225
0.1215 0.135 0.135 0.1375 0.1375 0.1375 0.139 0.139 0.139 0.139 0.161 0.161 0.1955 0.1955 0.1955 0.2025 0.2025 0.2125 0.2125 0.2295 0.2295 0.2295 0.2365 0.2365 0.2215 0.2215 0.2345 0.2345 0.2345 0.2285 0.2285 0.235 0.235 0.242 0.242 0.242 0.236 0.236 0.231 0.231 0.2485 0.2485 0.2485 0.25 0.25 0.2355 0.2355 0.222 0.222 0.2405 0.2405 0.2405 0.246 0.246 0.234 0.234 0.257 0.257 0.257 0.248 0.248 0.27 0.27 0.283 0.283 0.283 0.2595 0.2595 0.245 0.245 0.2385 0.2385 0.2385 0.252 0.252 0.2545 0.2545
0.1215 0.135 0.135 0.1375 0.1375 0.1375 0.139 0.139 0.139 0.139 0.161 0.161 0.1955 0.1955 0.1955 0.2025 0.2025 0.2125 0.2125 0.2295 0.2295 0.2295 0.2365 0.2365 0.2215 0.2215 0.2345 0.2345 0.2345 0.2285 0.2285 0.235 0.235 0.242 0.242 0.242 0.236 0.236 0.231 0.231 0.2485 0.2485 0.2485 0.25 0.25 0.2355 0.2355 0.222 0.222 0.2405 0.2405 0.2405 0.246 0.246 0.234 0.234 0.257 0.257 0.257 0.248 0.248 0.27 0.27 0.283 0.283 0.283 0.2595 0.2595 0.245 0.245 0.2385 0.2385 0.2385 0.252 0.252 0.2545 0.2545
0.1215 0.135 0.135 0.1375 0.1375 0.1375 0.139 0.139 0.139 0.139 0.161 0.161 0.1955 0.1955 0.1955 0.2025 0.2025 0.2125 0.2125 0.2295 0.2295 0.2295 0.2365 0.2365 0.2215 0.2215 0.2345 0.2345 0.2345 0.2285 0.2285 0.235 0.235 0.242 0.242 0.242 0.236 0.236 0.231 0.231 0.2485 0.2485 0.2485 0.25 0.25 0.2355 0.2355 0.222 0.222 0.2405 0.2405 0.2405 0.246 0.246 0.234 0.234 0.257 0.257 0.257 0.248 0.248 0.27 0.27 0.283 0.283 0.283 0.2595 0.2595 0.245 0.245 0.2385 0.2385 0.2385 0.252 0.252 0.2545 0.2545
0.133 0.142 0.142 0.146 0.146 0.146 0.1425 0.1425 0.1585 0.1585 0.197 0.197 0.2105 0.2105 0.2105 0.235 0.235 0.244 0.244 0.246 0.246 0.246 0.2405 0.2405 0.2365 0.2365 0.216 0.216 0.216 0.2205 0.2205 0.209 0.209 0.223 0.223 0.223 0.221 0.221 0.231 0.231 0.235 0.235 0.235 0.2405 0.2405 0.243 0.243 0.24 0.24 0.261 0.261 0.261 0.2635 0.2635 0.2515 0.2515 0.2615 0.2615 0.2615 0.269 0.269 0.267 0.267 0.274 0.274 0.274 0.2735 0.2735 0.2585 0.2585 0.257 0.257 0.257 0.248 0.248 0.2585 0.2585
0.133 0.142 0.142 0.146 0.146 0.146 0.1425 0.1425 0.1585 0.1585 0.197 0.197 0.2105 0.2105 0.2105 0.235 0.235 0.244 0.244 0.246 0.246 0.246 0.2405 0.2405 0.2365 0.2365 0.216 0.216 0.216 0.2205 0.2205 0.209 0.209 0.223 0.223 0.223 0.221 0.221 0.231 0.231 0.235 0.235 0.235 0.2405 0.2405 0.243 0.243 0.24 0.24 0.261 0.261 0.261 0.2635 0.2635 0.2515 0.2515 0.2615 0.2615 0.2615 0.269 0.269 0.267 0.267 0.274 0.274 0.274 0.2735 0.2735 0.2585 0.2585 0.257 0.257 0.257 0.248 0.248 0.2585 0.2585
0.152 0.1525 0.1525 0.1615 0.1615 0.1615 0.151 0.151 0.179 0.179 0.2 0.2 0.22 0.22 0.22 0.228 0.228 0.248 0.248 0.2585 0.2585 0.2585 0.2505 0.2505 0.2455 0.2455 0.2185 0.2185 0.2185 0.223 0.223 0.2135 0.2135 0.2195 0.2195 0.2195 0.2205 0.2205 0.23 0.23 0.252 0.252 0.252 0.2385 0.2385 0.241 0.241 0.255 0.255 0.258 0.258 0.258 0.2695 0.2695 0.26 0.26 0.263 0.263 0.263 0.266 0.266 0.272 0.272 0.2865 0.2865 0.2865 0.286 0.286 0.264 0.264 0.2655 0.2655 0.2655 0.2655 0.2655 0.264 0.264
0.152 0.1525 0.1525 0.1615 0.1615 0.1615 0.151 0.151 0.179 0.179 0.2 0.2 0.22 0.22 0.22 0.228 0.228 0.248 0.248 0.2585 0.2585 0.2585 0.2505 0.2505 0.2455 0.2455 0.2185 0.2185 0.2185 0.223 0.223 0.2135 0.2135 0.2195 0.2195 0.2195 0.2205 0.2205 0.23 0.23 0.252 0.252 0.252 0.2385 0.2385 0.241 0.241 0.255 0.255 0.258 0.258 0.258 0.2695 0.2695 0.26 0.26 0.263 0.263 0.263 0.266 0.266 0.272 0.272 0.2865 0.2865 0.2865 0.286 0.286 0.264 0.264 0.2655 0.2655 0.2655 0.2655 0.2655 0.264 0.264
0.1575 0.16 0.16 0.178 0.178 0.178 0.169 0.169 0.181 0.181 0.208 0.208 0.223 0.223 0.223 0.2445 0.2445 0.245 0.245 0.2415 0.2415 0.2415 0.237 0.237 0.224 0.224 0.225 0.225 0.225 0.2065 0.2065 0.2295 0.2295 0.218 0.218 0.218 0.2075 0.2075 0.2235 0.2235 0.241 0.241 0.241 0.237 0.237 0.2435 0.2435 0.2395 0.2395 0.249 0.249 0.249 0.262 0.262 0.2655 0.2655 0.2715 0.2715 0.2715 0.2605 0.2605 0.26 0.26 0.266 0.266 0.266 0.2725 0.2725 0.27 0.27 0.27 0.27 0.27 0.282 0.282 0.27 0.27
0.1575 0.16 0.16 0.178 0.178 0.178 0.169 0.169 0.181 0.181 0.208 0.208 0.223 0.223 0.223 0.2445 0.2445 0.245 0.245 0.2415 0.2415 0.2415 0.237 0.237 0.224 0.224 0.225 0.225 0.225 0.2065 0.2065 0.2295 0.2295 0.218 0.218 0.218 0.2075 0.2075 0.2235 0.2235 0.241 0.241 0.241 0.237 0.237 0.2435 0.2435 0.2395 0.2395 0.249 0.249 0.249 0.262 0.262 0.2655 0.2655 0.2715 0.2715 0.2715 0.2605 0.2605 0.26 0.26 0.266 0.266 0.266 0.2725 0.2725 0.27 0.27 0.27 0.27 0.27 0.282 0.282 0.27 0.27
0.1575 0.16 0.16 0.178 0.178 0.178 0.169 0.169 0.181 0.181 0.208 0.208 0.223 0.223 0.223 0.2445 0.2445 0.245 0.245 0.2415 0.2415 0.2415 0.237 0.237 0.224 0.224 0.225 0.225 0.225 0.2065 0.2065 0.2295 0.2295 0.218 0.218 0.218 0.2075 0.2075 0.2235 0.2235 0.241 0.241 0.241 0.237 0.237 0.2435 0.2435 0.2395 0.2395 0.249 0.249 0.249 0.262 0.262 0.2655 0.2655 0.2715 0.2715 0.2715 0.2605 0.2605 0.26 0.26 0.266 0.266 0.266 0.2725 0.2725 0.27 0.27 0.27 0.27 0.27 0.282 0.282 0.27 0.27
0.167 0.177 0.177 0.1835 0.1835 0.1835 0.1905 0.1905 0.197 0.197 0.228 0.228 0.239 0.239 0.239 0.2475 0.2475 0.244 0.244 0.2365 0.2365 0.2365 0.2275 0.2275 0.2105 0.2105 0.198 0.198 0.198 0.2165 0.2165 0.2215 0.2215 0.218 0.218 0.218 0.2365 0.2365 0.2585 0.2585 0.2575 0.2575 0.2575 0.241 0.241 0.243 0.243 0.2355 0.2355 0.2575 0.2575 0.2575 0.2525 0.2525 0.2585 0.2585 0.258 0.258 0.258 0.2515 0.2515 0.2575 0.2575 0.254 0.254 0.254 0.2685 0.2685 0.2575 0.2575 0.2725 0.2725 0.2725 0.2475 0.2475 0.2465 0.2465
0.167 0.177 0.177 0.1835 0.1835 0.1835 0.1905 0.1905 0.197 0.197 0.228 0.228 0.239 0.239 0.239 0.2475 0.2475 0.244 0.244 0.2365 0.2365 0.2365 0.2275 0.2275 0.2105 0.2105 0.198 0.198 0.198 0.2165 0.2165 0.2215 0.2215 0.218 0.218 0.218 0.2365 0.2365 0.2585 0.2585 0.2575 0.2575 0.2575 0.241 0.241 0.243 0.243 0.2355 0.2355 0.2575 0.2575 0.2575 0.2525 0.2525 0.2585 0.2585 0.258 0.258 0.258 0.2515 0.2515 0.2575 0.2575 0.254 0.254 0.254 0.2685 0.2685 0.2575 0.2575 0.2725 0.2725 0.2725 0.2475 0.2475 0.2465 0.2465
0.182 0.195 0.195 0.194 0.194 0.194 0.2105 0.2105 0.19 0.19 0.2305 0.2305 0.2435 0.2435 0.2435 0.2375 0.2375 0.247 0.247 0.229 0.229 0.229 0.221 0.221 0.218 0.218 0.1995 0.1995 0.1995 0.226 0.226 0.2235 0.2235 0.2375 0.2375 0.2375 0.273 0.273 0.2575 0.2575 0.2345 0.2345 0.2345 0.2255 0.2255 0.239 0.239 0.247 0.247 0.252 0.252 0.252 0.2485 0.2485 0.2425 0.2425 0.25 0.25 0.25 0.2515 0.2515 0.2525 0.2525 0.2525 0.2525 0.2525 0.263 0.263 0.2665 0.2665 0.253 0.253 0.253 0.233 0.233 0.244 0.244
0.182 0.195 0.195 0.194 0.194 0.194 0.2105 0.2105 0.19 0.19 0.2305 0.2305 0.2435 0.2435 0.2435 0.2375 0.2375 0.247 0.247 0.229 0.229 0.229 0.221 0.221 0.218 0.218 0.1995 0.1995 0.1995 0.226 0.226 0.2235 0.2235 0.2375 0.2375 0.2375 0.273 0.273 0.2575 0.2575 0.2345 0.2345 0.2345 0.2255 0.2255 0.239 0.239 0.247 0.247 0.252 0.252 0.252 0.2485 0.2485 0.2425 0.2425 0.25 0.25 0.25 0.2515 0.2515 0.2525 0.2525 0.2525 0.2525 0.2525 0.263 0.263 0.2665 0.2665 0.253 0.253 0.253 0.233 0.233 0.244 0.244
0.189 0.193 0.193 0.2045 0.2045 0.2045 0.2085 0.2085 0.1965 0.1965 0.212 0.212 0.2255 0.2255 0.2255 0.2335 0.2335 0.2385 0.2385 0.2205 0.2205 0.2205 0.1935 0.1935 0.194 0.194 0.213 0.213 0.213 0.225 0.225 0.2205 0.2205 0.243 0.243 0.243 0.2335 0.2335 0.2355 0.2355 0.2395 0.2395 0.2395 0.2365 0.2365 0.243 0.243 0.2545 0.2545 0.2285 0.2285 0.2285 0.2375 0.2375 0.2365 0.2365 0.24 0.24 0.24 0.2405 0.2405 0.2455 0.2455 0.2495 0.2495 0.2495 0.2575 0.2575 0.2565 0.2565 0.2605 0.2605 0.2605 0.245 0.245 0.2565 0.2565
0.189 0.193 0.193 0.2045 0.2045 0.2045 0.2085 0.2085 0.1965 0.1965 0.212 0.212 0.2255 0.2255 0.2255 0.2335 0.2335 0.2385 0.2385 0.2205 0.2205 0.2205 0.1935 0.1935 0.194 0.194 0.213 0.213 0.213 0.225 0.225 0.2205 0.2205 0.243 0.243 0.243 0.2335 0.2335 0.2355 0.2355 0.2395 0.2395 0.2395 0.2365 0.2365 0.243 0.243 0.2545 0.2545 0.2285 0.2285 0.2285 0.2375 0.2375 0.2365 0.2365 0.24 0.24 0.24 0.2405 0.2405 0.2455 0.2455 0.2495 0.2495 0.2495 0.2575 0.2575 0.2565 0.2565 0.2605 0.2605 0.2605 0.245 0.245 0.2565 0.2565
0.189 0.193 0.193 0.2045 0.2045 0.2045 0.2085 0.2085 0.1965 0.1965 0.212 0.212 0.2255 0.2255 0.2255 0.2335 0.2335 0.2385 0.2385 0.2205 0.2205 0.2205 0.1935 0.1935 0.194 0.194 0.213 0.213 0.213 0.225 0.225 0.2205 0.2205 0.243 0.243 0.243 0.2335 0.2335 0.2355 0.2355 0.2395 0.2395 0.2395 0.2365 0.2365 0.243 0.243 0.2545 0.2545 0.2285 0.2285 0.2285 0.2375 0.2375 0.2365 0.2365 0.24 0.24 0.24 0.2405 0.2405 0.2455 0.2455 0.2495 0.2495 0.2495 0.2575 0.2575 0.2565 0.2565 0.2605 0.2605 0.2605 0.245 0.245 0.2565 0.2565
0.206 0.2155 0.2155 0.218 0.218 0.218 0.224 0.224 0.213 0.213 0.2105 0.2105 0.2095 0.2095 0.2095 0.224 0.224 0.2205 0.2205 0.217 0.217 0.217 0.2145 0.2145 0.192 0.192 0.212 0.212 0.212 0.23 0.23 0.23 0.23 0.236 0.236 0.236 0.2245 0.2245 0.24 0.24 0.243 0.243 0.243 0.253 0.253 0.2435 0.2435 0.259 0.259 0.2245 0.2245 0.2245 0.2215 0.2215 0.2115 0.2115 0.23 0.23 0.23 0.2225 0.2225 0.2275 0.2275 0.2305 0.2305 0.2305 0.237 0.237 0.2455 0.2455 0.2555 0.2555 0.2555 0.2595 0.2595 0.2505 0.2505
0.206 0.2155 0.2155 0.218 0.218 0.218 0.224 0.224 0.213 0.213 0.2105 0.2105 0.2095 0.2095 0.2095 0.224 0.224 0.2205 0.2205 0.217 0.217 0.217 0.2145 0.2145 0.192 0.192 0.212 0.212 0.212 0.23 0.23 0.23 0.23 0.236 0.236 0.236 0.2245 0.2245 0.24 0.24 0.243 0.243 0.243 0.253 0.253 0.2435 0.2435 0.259 0.259 0.2245 0.2245 0.2245 0.2215 0.2215 0.2115 0.2115 0.23 0.23 0.23 0.2225 0.2225 0.2275 0.2275 0.2305 0.2305 0.2305 0.237 0.237 0.2455 0.2455 0.2555 0.2555 0.2555 0.2595 0.2595 0.2505 0.2505
0.229 0.2285 0.2285 0.219 0.219 0.219 0.203 0.203 0.2105 0.2105 0.2285 0.2285 0.214 0.214 0.214 0.2385 0.2385 0.2495 0.2495 0.2685 0.2685 0.2685 0.2485 0.2485 0.2155 0.2155 0.2345 0.2345 0.2345 0.237 0.237 0.2315 0.2315 0.229 0.229 0.229 0.2305 0.2305 0.2355 0.2355 0.2455 0.2455 0.2455 0.2455 0.2455 0.2465 0.2465 0.2195 0.2195 0.224 0.224 0.224 0.2255 0.2255 0.218 0.218 0.233 0.233 0.233 0.225 0.225 0.2205 0.2205 0.2225 0.2225 0.2225 0.235 0.235 0.2175 0.2175 0.2415 0.2415 0.2415 0.2535 0.2535 0.2075 0.2075
0.229 0.2285 0.2285 0.219 0.219 0.219 0.203 0.203 0.2105 0.2105 0.2285 0.2285 0.214 0.214 0.214 0.2385 0.2385 0.2495 0.2495 0.2685 0.2685 0.2685 0.2485 0.2485 0.2155 0.2155 0.2345 0.2345 0.2345 0.237 0.237 0.2315 0.2315 0.229 0.229 0.229 0.2305 0.2305 0.2355 0.2355 0.2455 0.2455 0.2455 0.2455 0.2455 0.2465 0.2465 0.2195 0.2195 0.224 0.224 0.224 0.2255 0.2255 0.218 0.218 0.233 0.233 0.233 0.225 0.225 0.2205 0.2205 0.2225 0.2225 0.2225 0.235 0.235 0.2175 0.2175 0.2415 0.2415 0.2415 0.2535 0.2535 0.2075 0.2075
0.2205 0.2135 0.2135 0.1865 0.1865 0.1865 0.1945 0.1945 0.209 0.209 0.216 0.216 0.224 0.224 0.224 0.245 0.245 0.25 0.25 0.259 0.259 0.259 0.2615 0.2615 0.233 0.233 0.2395 0.2395 0.2395 0.242 0.242 0.238 0.238 0.24 0.24 0.24 0.231 0.231 0.2315 0.2315 0.2395 0.2395 0.2395 0.24 0.24 0.2365 0.2365 0.229 0.229 0.2125 0.2125 0.2125 0.2155 0.2155 0.2365 0.2365 0.2395 0.2395 0.2395 0.2355 0.2355 0.2325 0.2325 0.24 0.24 0.24 0.2355 0.2355 0.2175 0.2175 0.211 0.211 0.211 0.2195 0.2195 0.204 0.204
0.2205 0.2135 0.2135 0.1865 0.1865 0.1865 0.1945 0.1945 0.209 0.209 0.216 0.216 0.224 0.224 0.224 0.245 0.245 0.25 0.25 0.259 0.259 0.259 0.2615 0.2615 0.233 0.233 0.2395 0.2395 0.2395 0.242 0.242 0.238 0.238 0.24 0.24 0.24 0.231 0.231 0.2315 0.2315 0.2395 0.2395 0.2395 0.24 0.24 0.2365 0.2365 0.229 0.229 0.2125 0.2125 0.2125 0.2155 0.2155 0.2365 0.2365 0.2395 0.2395 0.2395 0.2355 0.2355 0.2325 0.2325 0.24 0.24 0.24 0.2355 0.2355 0.2175 0.2175 0.211 0.211 0.211 0.2195 0.2195 0.204 0.204
0.229 0.227 0.227 0.239 0.239 0.239 0.2165 0.2165 0.219 0.219 0.239 0.239 0.236 0.236 0.236 0.2275 0.2275 0.2265 0.2265 0.243 0.243 0.243 0.2285 0.2285 0.2295 0.2295 0.2465 0.2465 0.2465 0.2425 0.2425 0.235 0.235 0.243 0.243 0.243 0.234 0.234 0.231 0.231 0.2445 0.2445 0.2445 0.2395 0.2395 0.247 0.247 0.2425 0.2425 0.2375 0.2375 0.2375 0.2355 0.2355 0.295 0.295 0.265 0.265 0.265 0.206 0.206 0.2305 0.2305 0.2345 0.2345 0.2345 0.242 0.242 0.235 0.235 0.2205 0.2205 0.2205 0.207 0.207 0.167 0.167
0.229 0.227 0.227 0.239 0.239 0.239 0.2165 0.2165 0.219 0.219 0.239 0.239 0.236 0.236 0.236 0.2275 0.2275 0.2265 0.2265 0.243 0.243 0.243 0.2285 0.2285 0.2295 0.2295 0.2465 0.2465 0.2465 0.2425 0.2425 0.235 0.235 0.243 0.243 0.243 0.234 0.234 0.231 0.231 0.2445 0.2445 0.2445 0.2395 0.2395 0.247 0.247 0.2425 0.2425 0.2375 0.2375 0.2375 0.2355 0.2355 0.295 0.295 0.265 0.265 0.265 0.206 0.206 0.2305 0.2305 0.2345 0.2345 0.2345 0.242 0.242 0.235 0.235 0.2205 0.2205 0.2205 0.207 0.207 0.167 0.167
