ndvi/NOAA-174.asc
ncols         252
nrows         154
xllcorner     -18.017974
yllcorner     13.481982
cellsize      0.035948
NODATA_value  -9999
[rows 34 to 67 of 154, columns 78 to 155 of 252]
0.166 0.154 0.154 0.1515 0.1515 0.1475 0.1475 0.1475 0.143 0.143 0.1445 0.1445 0.1475 0.1475 0.153 0.153 0.153 0.1625 0.1625 0.169 0.169 0.1655 0.1655 0.1655 0.17 0.17 0.165 0.165 0.1635 0.1635 0.1635 0.1775 0.1775 0.1705 0.1705 0.1655 0.1655 0.1655 0.1675 0.1675 0.1735 0.1735 0.1795 0.1795 0.1795 0.17 0.17 0.163 0.163 0.163 0.163 0.161 0.161 0.161 0.157 0.157 0.15 0.15 0.1365 0.1365 0.1365 0.143 0.143 0.159 0.159 0.1655 0.1655 0.1655 0.159 0.159 0.1375 0.1375 0.1315 0.1315 0.1315 0.1375 0.1375 0.134
0.166 0.154 0.154 0.1515 0.1515 0.1475 0.1475 0.1475 0.143 0.143 0.1445 0.1445 0.1475 0.1475 0.153 0.153 0.153 0.1625 0.1625 0.169 0.169 0.1655 0.1655 0.1655 0.17 0.17 0.165 0.165 0.1635 0.1635 0.1635 0.1775 0.1775 0.1705 0.1705 0.1655 0.1655 0.1655 0.1675 0.1675 0.1735 0.1735 0.1795 0.1795 0.1795 0.17 0.17 0.163 0.163 0.163 0.163 0.161 0.161 0.161 0.157 0.157 0.15 0.15 0.1365 0.1365 0.1365 0.143 0.143 0.159 0.159 0.1655 0.1655 0.1655 0.159 0.159 0.1375 0.1375 0.1315 0.1315 0.1315 0.1375 0.1375 0.134
0.166 0.154 0.154 0.1515 0.1515 0.1475 0.1475 0.1475 0.143 0.143 0.1445 0.1445 0.1475 0.1475 0.153 0.153 0.153 0.1625 0.1625 0.169 0.169 0.1655 0.1655 0.1655 0.17 0.17 0.165 0.165 0.1635 0.1635 0.1635 0.1775 0.1775 0.1705 0.1705 0.1655 0.1655 0.1655 0.1675 0.1675 0.1735 0.1735 0.1795 0.1795 0.1795 0.17 0.17 0.163 0.163 0.163 0.163 0.161 0.161 0.161 0.157 0.157 0.15 0.15 0.1365 0.1365 0.1365 0.143 0.143 0.159 0.159 0.1655 0.1655 0.1655 0.159 0.159 0.1375 0.1375 0.1315 0.1315 0.1315 0.1375 0.1375 0.134
0.1795 0.183 0.183 0.1795 0.1795 0.174 0.174 0.174 0.1855 0.1855 0.181 0.181 0.1755 0.1755 0.1565 0.1565 0.1565 0.171 0.171 0.1705 0.1705 0.1865 0.1865 0.1865 0.1895 0.1895 0.185 0.185 0.193 0.193 0.193 0.192 0.192 0.183 0.183 0.1825 0.1825 0.1825 0.1825 0.1825 0.1875 0.1875 0.2015 0.2015 0.2015 0.19 0.19 0.1855 0.1855 0.1825 0.1825 0.178 0.178 0.178 0.174 0.174 0.1705 0.1705 0.173 0.173 0.173 0.1695 0.1695 0.165 0.165 0.1655 0.1655 0.1655 0.155 0.155 0.1235 0.1235 0.131 0.131 0.131 0.13 0.13 0.144
0.1795 0.183 0.183 0.1795 0.1795 0.174 0.174 0.174 0.1855 0.1855 0.181 0.181 0.1755 0.1755 0.1565 0.1565 0.1565 0.171 0.171 0.1705 0.1705 0.1865 0.1865 0.1865 0.1895 0.1895 0.185 0.185 0.193 0.193 0.193 0.192 0.192 0.183 0.183 0.1825 0.1825 0.1825 0.1825 0.1825 0.1875 0.1875 0.2015 0.2015 0.2015 0.19 0.19 0.1855 0.1855 0.1825 0.1825 0.178 0.178 0.178 0.174 0.174 0.1705 0.1705 0.173 0.173 0.173 0.1695 0.1695 0.165 0.165 0.1655 0.1655 0.1655 0.155 0.155 0.1235 0.1235 0.131 0.131 0.131 0.13 0.13 0.144
0.1835 0.183 0.183 0.187 0.187 0.1855 0.1855 0.1855 0.1815 0.1815 0.177 0.177 0.1855 0.1855 0.172 0.172 0.172 0.162 0.162 0.17 0.17 0.1795 0.1795 0.1795 0.182 0.182 0.188 0.188 0.1865 0.1865 0.1865 0.193 0.193 0.1995 0.1995 0.192 0.192 0.192 0.1935 0.1935 0.2045 0.2045 0.2125 0.2125 0.2125 0.2095 0.2095 0.1865 0.1865 0.1825 0.1825 0.246 0.246 0.246 0.218 0.218 0.2255 0.2255 0.202 0.202 0.202 0.181 0.181 0.164 0.164 0.164 0.164 0.164 0.133 0.133 0.122 0.122 0.134 0.134 0.134 0.1385 0.1385 0.1405
0.1835 0.183 0.183 0.187 0.187 0.1855 0.1855 0.1855 0.1815 0.1815 0.177 0.177 0.1855 0.1855 0.172 0.172 0.172 0.162 0.162 0.17 0.17 0.1795 0.1795 0.1795 0.182 0.182 0.188 0.188 0.1865 0.1865 0.1865 0.193 0.193 0.1995 0.1995 0.192 0.192 0.192 0.1935 0.1935 0.2045 0.2045 0.2125 0.2125 0.2125 0.2095 0.2095 0.1865 0.1865 0.1825 0.1825 0.246 0.246 0.246 0.218 0.218 0.2255 0.2255 0.202 0.202 0.202 0.181 0.181 0.164 0.164 0.164 0.164 0.164 0.133 0.133 0.122 0.122 0.134 0.134 0.134 0.1385 0.1385 0.1405
0.19 0.1735 0.1735 0.176 0.176 0.1785 0.1785 0.1785 0.1765 0.1765 0.181 0.181 0.1945 0.1945 0.197 0.197 0.197 0.1725 0.1725 0.173 0.173 0.183 0.183 0.183 0.198 0.198 0.2085 0.2085 0.203 0.203 0.203 0.2085 0.2085 0.199 0.199 0.2085 0.2085 0.2085 0.2025 0.2025 0.2165 0.2165 0.2175 0.2175 0.2175 0.197 0.197 0.2 0.2 0.214 0.214 0.243 0.243 0.243 0.218 0.218 0.2105 0.2105 0.1875 0.1875 0.1875 0.1535 0.1535 0.1535 0.1535 0.127 0.127 0.127 0.14 0.14 0.14 0.14 0.1275 0.1275 0.1275 0.134 0.134 0.136
0.19 0.1735 0.1735 0.176 0.176 0.1785 0.1785 0.1785 0.1765 0.1765 0.181 0.181 0.1945 0.1945 0.197 0.197 0.197 0.1725 0.1725 0.173 0.173 0.183 0.183 0.183 0.198 0.198 0.2085 0.2085 0.203 0.203 0.203 0.2085 0.2085 0.199 0.199 0.2085 0.2085 0.2085 0.2025 0.2025 0.2165 0.2165 0.2175 0.2175 0.2175 0.197 0.197 0.2 0.2 0.214 0.214 0.243 0.243 0.243 0.218 0.218 0.2105 0.2105 0.1875 0.1875 0.1875 0.1535 0.1535 0.1535 0.1535 0.127 0.127 0.127 0.14 0.14 0.14 0.14 0.1275 0.1275 0.1275 0.134 0.134 0.136
0.19 0.1735 0.1735 0.176 0.176 0.1785 0.1785 0.1785 0.1765 0.1765 0.181 0.181 0.1945 0.1945 0.197 0.197 0.197 0.1725 0.1725 0.173 0.173 0.183 0.183 0.183 0.198 0.198 0.2085 0.2085 0.203 0.203 0.203 0.2085 0.2085 0.199 0.199 0.2085 0.2085 0.2085 0.2025 0.2025 0.2165 0.2165 0.2175 0.2175 0.2175 0.197 0.197 0.2 0.2 0.214 0.214 0.243 0.243 0.243 0.218 0.218 0.2105 0.2105 0.1875 0.1875 0.1875 0.1535 0.1535 0.1535 0.1535 0.127 0.127 0.127 0.14 0.14 0.14 0.14 0.1275 0.1275 0.1275 0.134 0.134 0.136
0.197 0.173 0.173 0.1775 0.1775 0.182 0.182 0.182 0.1765 0.1765 0.176 0.176 0.1855 0.1855 0.1995 0.1995 0.1995 0.197 0.197 0.173 0.173 0.1775 0.1775 0.1775 0.194 0.194 0.2015 0.2015 0.205 0.205 0.205 0.224 0.224 0.23 0.23 0.213 0.213 0.213 0.213 0.213 0.202 0.202 0.2035 0.2035 0.2035 0.1945 0.1945 0.2025 0.2025 0.179 0.179 0.1935 0.1935 0.1935 0.1945 0.1945 0.1895 0.1895 0.154 0.154 0.154 0.1485 0.1485 0.1325 0.1325 0.1305 0.1305 0.1305 0.133 0.133 0.136 0.136 0.1085 0.1085 0.1085 0.128 0.128 0.1485
0.197 0.173 0.173 0.1775 0.1775 0.182 0.182 0.182 0.1765 0.1765 0.176 0.176 0.1855 0.1855 0.1995 0.1995 0.1995 0.197 0.197 0.173 0.173 0.1775 0.1775 0.1775 0.194 0.194 0.2015 0.2015 0.205 0.205 0.205 0.224 0.224 0.23 0.23 0.213 0.213 0.213 0.213 0.213 0.202 0.202 0.2035 0.2035 0.2035 0.1945 0.1945 0.2025 0.2025 0.179 0.179 0.1935 0.1935 0.1935 0.1945 0.1945 0.1895 0.1895 0.154 0.154 0.154 0.1485 0.1485 0.1325 0.1325 0.1305 0.1305 0.1305 0.133 0.133 0.136 0.136 0.1085 0.1085 0.1085 0.128 0.128 0.1485
0.2195 0.2115 0.2115 0.201 0.201 0.1875 0.1875 0.1875 0.184 0.184 0.17 0.17 0.1785 0.1785 0.1955 0.1955 0.1955 0.193 0.193 0.211 0.211 0.197 0.197 0.197 0.2005 0.2005 0.2165 0.2165 0.2115 0.2115 0.2115 0.229 0.229 0.225 0.225 0.231 0.231 0.231 0.1915 0.1915 0.196 0.196 0.19 0.19 0.19 0.207 0.207 0.232 0.232 0.1995 0.1995 0.202 0.202 0.202 0.183 0.183 0.1715 0.1715 0.166 0.166 0.166 0.159 0.159 0.1535 0.1535 0.154 0.154 0.154 0.1475 0.1475 0.153 0.153 0.1155 0.1155 0.1155 0.1485 0.1485 0.1715
0.2195 0.2115 0.2115 0.201 0.201 0.1875 0.1875 0.1875 0.184 0.184 0.17 0.17 0.1785 0.1785 0.1955 0.1955 0.1955 0.193 0.193 0.211 0.211 0.197 0.197 0.197 0.2005 0.2005 0.2165 0.2165 0.2115 0.2115 0.2115 0.229 0.229 0.225 0.225 0.231 0.231 0.231 0.1915 0.1915 0.196 0.196 0.19 0.19 0.19 0.207 0.207 0.232 0.232 0.1995 0.1995 0.202 0.202 0.202 0.183 0.183 0.1715 0.1715 0.166 0.166 0.166 0.159 0.159 0.1535 0.1535 0.154 0.154 0.154 0.1475 0.1475 0.153 0.153 0.1155 0.1155 0.1155 0.1485 0.1485 0.1715
0.2295 0.218 0.218 0.218 0.218 0.1965 0.1965 0.1965 0.191 0.191 0.1825 0.1825 0.222 0.222 0.2125 0.2125 0.2125 0.2205 0.2205 0.225 0.225 0.223 0.223 0.223 0.2105 0.2105 0.227 0.227 0.228 0.228 0.228 0.2355 0.2355 0.237 0.237 0.2025 0.2025 0.2025 0.1865 0.1865 0.194 0.194 0.1925 0.1925 0.1925 0.21 0.21 0.205 0.205 0.1865 0.1865 0.198 0.198 0.198 0.2 0.2 0.1865 0.1865 0.174 0.174 0.174 0.181 0.181 0.1675 0.1675 0.18 0.18 0.18 0.1735 0.1735 0.1735 0.1735 0.15 0.15 0.15 0.1535 0.1535 0.158
0.2295 0.218 0.218 0.218 0.218 0.1965 0.1965 0.1965 0.191 0.191 0.1825 0.1825 0.222 0.222 0.2125 0.2125 0.2125 0.2205 0.2205 0.225 0.225 0.223 0.223 0.223 0.2105 0.2105 0.227 0.227 0.228 0.228 0.228 0.2355 0.2355 0.237 0.237 0.2025 0.2025 0.2025 0.1865 0.1865 0.194 0.194 0.1925 0.1925 0.1925 0.21 0.21 0.205 0.205 0.1865 0.1865 0.198 0.198 0.198 0.2 0.2 0.1865 0.1865 0.174 0.174 0.174 0.181 0.181 0.1675 0.1675 0.18 0.18 0.18 0.1735 0.1735 0.1735 0.1735 0.15 0.15 0.15 0.1535 0.1535 0.158
0.2295 0.218 0.218 0.218 0.218 0.1965 0.1965 0.1965 0.191 0.191 0.1825 0.1825 0.222 0.222 0.2125 0.2125 0.2125 0.2205 0.2205 0.225 0.225 0.223 0.223 0.223 0.2105 0.2105 0.227 0.227 0.228 0.228 0.228 0.2355 0.2355 0.237 0.237 0.2025 0.2025 0.2025 0.1865 0.1865 0.194 0.194 0.1925 0.1925 0.1925 0.21 0.21 0.205 0.205 0.1865 0.1865 0.198 0.198 0.198 0.2 0.2 0.1865 0.1865 0.174 0.174 0.174 0.181 0.181 0.1675 0.1675 0.18 0.18 0.18 0.1735 0.1735 0.1735 0.1735 0.15 0.15 0.15 0.1535 0.1535 0.158
0.2065 0.21 0.21 0.201 0.201 0.21 0.21 0.21 0.2275 0.2275 0.224 0.224 0.242 0.242 0.232 0.232 0.232 0.2235 0.2235 0.2195 0.2195 0.2205 0.2205 0.2205 0.226 0.226 0.2125 0.2125 0.2145 0.2145 0.2145 0.236 0.236 0.2425 0.2425 0.2215 0.2215 0.2215 0.184 0.184 0.195 0.195 0.189 0.189 0.189 0.2025 0.2025 0.1655 0.1655 0.1875 0.1875 0.198 0.198 0.198 0.2085 0.2085 0.194 0.194 0.184 0.184 0.184 0.196 0.196 0.213 0.213 0.209 0.209 0.209 0.2175 0.2175 0.2205 0.2205 0.167 0.167 0.167 0.1455 0.1455 0.148
0.2065 0.21 0.21 0.201 0.201 0.21 0.21 0.21 0.2275 0.2275 0.224 0.224 0.242 0.242 0.232 0.232 0.232 0.2235 0.2235 0.2195 0.2195 0.2205 0.2205 0.2205 0.226 0.226 0.2125 0.2125 0.2145 0.2145 0.2145 0.236 0.236 0.2425 0.2425 0.2215 0.2215 0.2215 0.184 0.184 0.195 0.195 0.189 0.189 0.189 0.2025 0.2025 0.1655 0.1655 0.1875 0.1875 0.198 0.198 0.198 0.2085 0.2085 0.194 0.194 0.184 0.184 0.184 0.196 0.196 0.213 0.213 0.209 0.209 0.209 0.2175 0.2175 0.2205 0.2205 0.167 0.167 0.167 0.1455 0.1455 0.148
0.2175 0.202 0.202 0.233 0.233 0.234 0.234 0.234 0.244 0.244 0.2465 0.2465 0.252 0.252 0.245 0.245 0.245 0.234 0.234 0.2195 0.2195 0.2085 0.2085 0.2085 0.207 0.207 0.193 0.193 0.1925 0.1925 0.1925 0.186 0.186 0.227 0.227 0.2225 0.2225 0.2225 0.205 0.205 0.1875 0.1875 0.1835 0.1835 0.1835 0.175 0.175 0.1515 0.1515 0.1965 0.1965 0.193 0.193 0.193 0.2025 0.2025 0.2135 0.2135 0.23 0.23 0.23 0.224 0.224 0.2185 0.2185 0.2145 0.2145 0.2145 0.2105 0.2105 0.2025 0.2025 0.2025 0.2025 0.2025 0.1325 0.1325 0.1415
0.2175 0.202 0.202 0.233 0.233 0.234 0.234 0.234 0.244 0.244 0.2465 0.2465 0.252 0.252 0.245 0.245 0.245 0.234 0.234 0.2195 0.2195 0.2085 0.2085 0.2085 0.207 0.207 0.193 0.193 0.1925 0.1925 0.1925 0.186 0.186 0.227 0.227 0.2225 0.2225 0.2225 0.205 0.205 0.1875 0.1875 0.1835 0.1835 0.1835 0.175 0.175 0.1515 0.1515 0.1965 0.1965 0.193 0.193 0.193 0.2025 0.2025 0.2135 0.2135 0.23 0.23 0.23 0.224 0.224 0.2185 0.2185 0.2145 0.2145 0.2145 0.2105 0.2105 0.2025 0.2025 0.2025 0.2025 0.2025 0.1325 0.1325 0.1415
0.2395 0.244 0.244 0.2445 0.2445 0.2525 0.2525 0.2525 0.257 0.257 0.2605 0.2605 0.2555 0.2555 0.25 0.25 0.25 0.2405 0.2405 0.228 0.228 0.2145 0.2145 0.2145 0.2035 0.2035 0.1975 0.1975 0.1835 0.1835 0.1835 0.182 0.182 0.1975 0.1975 0.191 0.191 0.191 0.202 0.202 0.17 0.17 0.1715 0.1715 0.1715 0.1675 0.1675 0.1745 0.1745 0.1755 0.1755 0.1825 0.1825 0.1825 0.2075 0.2075 0.218 0.218 0.239 0.239 0.239 0.2165 0.2165 0.212 0.212 0.203 0.203 0.203 0.1855 0.1855 0.167 0.167 0.1475 0.1475 0.1475 0.12 0.12 0.1355
0.2395 0.244 0.244 0.2445 0.2445 0.2525 0.2525 0.2525 0.257 0.257 0.2605 0.2605 0.2555 0.2555 0.25 0.25 0.25 0.2405 0.2405 0.228 0.228 0.2145 0.2145 0.2145 0.2035 0.2035 0.1975 0.1975 0.1835 0.1835 0.1835 0.182 0.182 0.1975 0.1975 0.191 0.191 0.191 0.202 0.202 0.17 0.17 0.1715 0.1715 0.1715 0.1675 0.1675 0.1745 0.1745 0.1755 0.1755 0.1825 0.1825 0.1825 0.2075 0.2075 0.218 0.218 0.239 0.239 0.239 0.2165 0.2165 0.212 0.212 0.203 0.203 0.203 0.1855 0.1855 0.167 0.167 0.1475 0.1475 0.1475 0.12 0.12 0.1355
0.2485 0.236 0.236 0.244 0.244 0.2545 0.2545 0.2545 0.246 0.246 0.2385 0.2385 0.246 0.246 0.2445 0.2445 0.2445 0.248 0.248 0.2355 0.2355 0.229 0.229 0.229 0.2145 0.2145 0.2035 0.2035 0.195 0.195 0.195 0.1835 0.1835 0.195 0.195 0.1835 0.1835 0.1835 0.1965 0.1965 0.1795 0.1795 0.1875 0.1875 0.1875 0.1865 0.1865 0.1495 0.1495 0.147 0.147 0.1745 0.1745 0.1745 0.189 0.189 0.196 0.196 0.2175 0.2175 0.2175 0.2145 0.2145 0.218 0.218 0.184 0.184 0.184 0.187 0.187 0.163 0.163 0.159 0.159 0.159 0.1085 0.1085 0.129
0.2485 0.236 0.236 0.244 0.244 0.2545 0.2545 0.2545 0.246 0.246 0.2385 0.2385 0.246 0.246 0.2445 0.2445 0.2445 0.248 0.248 0.2355 0.2355 0.229 0.229 0.229 0.2145 0.2145 0.2035 0.2035 0.195 0.195 0.195 0.1835 0.1835 0.195 0.195 0.1835 0.1835 0.1835 0.1965 0.1965 0.1795 0.1795 0.1875 0.1875 0.1875 0.1865 0.1865 0.1495 0.1495 0.147 0.147 0.1745 0.1745 0.1745 0.189 0.189 0.196 0.196 0.2175 0.2175 0.2175 0.2145 0.2145 0.218 0.218 0.184 0.184 0.184 0.187 0.187 0.163 0.163 0.159 0.159 0.159 0.1085 0.1085 0.129
0.2485 0.236 0.236 0.244 0.244 0.2545 0.2545 0.2545 0.246 0.246 0.2385 0.2385 0.246 0.246 0.2445 0.2445 0.2445 0.248 0.248 0.2355 0.2355 0.229 0.229 0.229 0.2145 0.2145 0.2035 0.2035 0.195 0.195 0.195 0.1835 0.1835 0.195 0.195 0.1835 0.1835 0.1835 0.1965 0.1965 0.1795 0.1795 0.1875 0.1875 0.1875 0.1865 0.1865 0.1495 0.1495 0.147 0.147 0.1745 0.1745 0.1745 0.189 0.189 0.196 0.196 0.2175 0.2175 0.2175 0.2145 0.2145 0.218 0.218 0.184 0.184 0.184 0.187 0.187 0.163 0.163 0.159 0.159 0.159 0.1085 0.1085 0.129
0.229 0.226 0.226 0.2325 0.2325 0.234 0.234 0.234 0.195 0.195 0.199 0.199 0.193 0.193 0.238 0.238 0.238 0.162 0.162 0.2095 0.2095 0.1985 0.1985 0.1985 0.2225 0.2225 0.222 0.222 0.2095 0.2095 0.2095 0.2105 0.2105 0.2135 0.2135 0.205 0.205 0.205 0.171 0.171 0.174 0.174 0.191 0.191 0.191 0.184 0.184 0.13 0.13 0.1195 0.1195 0.127 0.127 0.127 0.139 0.139 0.181 0.181 0.233 0.233 0.233 0.23 0.23 0.214 0.214 0.2135 0.2135 0.2135 0.2135 0.2135 0.1925 0.1925 0.1645 0.1645 0.1645 0.128 0.128 0.1455
0.229 0.226 0.226 0.2325 0.2325 0.234 0.234 0.234 0.195 0.195 0.199 0.199 0.193 0.193 0.238 0.238 0.238 0.162 0.162 0.2095 0.2095 0.1985 0.1985 0.1985 0.2225 0.2225 0.222 0.222 0.2095 0.2095 0.2095 0.2105 0.2105 0.2135 0.2135 0.205 0.205 0.205 0.171 0.171 0.174 0.174 0.191 0.191 0.191 0.184 0.184 0.13 0.13 0.1195 0.1195 0.127 0.127 0.127 0.139 0.139 0.181 0.181 0.233 0.233 0.233 0.23 0.23 0.214 0.214 0.2135 0.2135 0.2135 0.2135 0.2135 0.1925 0.1925 0.1645 0.1645 0.1645 0.128 0.128 0.1455
0.2345 0.218 0.218 0.2265 0.2265 0.223 0.223 0.223 0.2365 0.2365 0.2345 0.2345 0.224 0.224 0.1975 0.1975 0.1975 0.168 0.168 0.199 0.199 0.2075 0.2075 0.2075 0.2115 0.2115 0.2035 0.2035 0.2105 0.2105 0.2105 0.231 0.231 0.227 0.227 0.2085 0.2085 0.2085 0.213 0.213 0.1695 0.1695 0.1805 0.1805 0.1805 0.1555 0.1555 0.119 0.119 0.153 0.153 0.146 0.146 0.146 0.1775 0.1775 0.1745 0.1745 0.2165 0.2165 0.2165 0.224 0.224 0.228 0.228 0.21 0.21 0.21 0.2205 0.2205 0.209 0.209 0.166 0.166 0.166 0.1485 0.1485 0.1425
0.2345 0.218 0.218 0.2265 0.2265 0.223 0.223 0.223 0.2365 0.2365 0.2345 0.2345 0.224 0.224 0.1975 0.1975 0.1975 0.168 0.168 0.199 0.199 0.2075 0.2075 0.2075 0.2115 0.2115 0.2035 0.2035 0.2105 0.2105 0.2105 0.231 0.231 0.227 0.227 0.2085 0.2085 0.2085 0.213 0.213 0.1695 0.1695 0.1805 0.1805 0.1805 0.1555 0.1555 0.119 0.119 0.153 0.153 0.146 0.146 0.146 0.1775 0.1775 0.1745 0.1745 0.2165 0.2165 0.2165 0.224 0.224 0.228 0.228 0.21 0.21 0.21 0.2205 0.2205 0.209 0.209 0.166 0.166 0.166 0.1485 0.1485 0.1425
0.2345 0.2385 0.2385 0.2635 0.2635 0.26 0.26 0.26 0.279 0.279 0.2805 0.2805 0.27 0.27 0.251 0.251 0.251 0.2205 0.2205 0.2155 0.2155 0.1975 0.1975 0.1975 0.1775 0.1775 0.1935 0.1935 0.1985 0.1985 0.1985 0.2205 0.2205 0.227 0.227 0.225 0.225 0.225 0.2215 0.2215 0.2095 0.2095 0.1585 0.1585 0.1585 0.1555 0.1555 0.1145 0.1145 0.141 0.141 0.1835 0.1835 0.1835 0.178 0.178 0.2085 0.2085 0.23 0.23 0.23 0.23 0.23 0.236 0.236 0.227 0.227 0.227 0.2105 0.2105 0.2355 0.2355 0.187 0.187 0.187 0.162 0.162 0.167
0.2345 0.2385 0.2385 0.2635 0.2635 0.26 0.26 0.26 0.279 0.279 0.2805 0.2805 0.27 0.27 0.251 0.251 0.251 0.2205 0.2205 0.2155 0.2155 0.1975 0.1975 0.1975 0.1775 0.1775 0.1935 0.1935 0.1985 0.1985 0.1985 0.2205 0.2205 0.227 0.227 0.225 0.225 0.225 0.2215 0.2215 0.2095 0.2095 0.1585 0.1585 0.1585 0.1555 0.1555 0.1145 0.1145 0.141 0.141 0.1835 0.1835 0.1835 0.178 0.178 0.2085 0.2085 0.23 0.23 0.23 0.23 0.23 0.236 0.236 0.227 0.227 0.227 0.2105 0.2105 0.2355 0.2355 0.187 0.187 0.187 0.162 0.162 0.167
0.2345 0.2385 0.2385 0.2635 0.2635 0.26 0.26 0.26 0.279 0.279 0.2805 0.2805 0.27 0.27 0.251 0.251 0.251 0.2205 0.2205 0.2155 0.2155 0.1975 0.1975 0.1975 0.1775 0.1775 0.1935 0.1935 0.1985 0.1985 0.1985 0.2205 0.2205 0.227 0.227 0.225 0.225 0.225 0.2215 0.2215 0.2095 0.2095 0.1585 0.1585 0.1585 0.1555 0.1555 0.1145 0.1145 0.141 0.141 0.1835 0.1835 0.1835 0.178 0.178 0.2085 0.2085 0.23 0.23 0.23 0.23 0.23 0.236 0.236 0.227 0.227 0.227 0.2105 0.2105 0.2355 0.2355 0.187 0.187 0.187 0.162 0.162 0.167
0.2165 0.2235 0.2235 0.227 0.227 0.251 0.251 0.251 0.2735 0.2735 0.2695 0.2695 0.262 0.262 0.262 0.262 0.262 0.2685 0.2685 0.266 0.266 0.238 0.238 0.238 0.1905 0.1905 0.1975 0.1975 0.1865 0.1865 0.1865 0.219 0.219 0.222 0.222 0.23 0.23 0.23 0.2375 0.2375 0.2485 0.2485 0.2105 0.2105 0.2105 0.149 0.149 0.1725 0.1725 0.1905 0.1905 0.206 0.206 0.206 0.207 0.207 0.217 0.217 0.229 0.229 0.229 0.2265 0.2265 0.234 0.234 0.2355 0.2355 0.2355 0.2255 0.2255 0.225 0.225 0.204 0.204 0.204 0.137 0.137 0.154
