ndvi/NOAA-287.asc
ncols         252
nrows         154
xllcorner     -18.017974
yllcorner     13.481982
cellsize      0.035948
NODATA_value  -9999
[rows 102 to 135 of 154, columns 0 to 76 of 252]
-1 -1 -1 -1 -1 -1 -1 -1 -1 -1 -1 -1 -1 -1 -1 -1 -1 -1 -1 -1 -1 -1 -1 -1 -1 0.0117 0.0117 0.0117 0.1795 0.1795 0.341 0.341 0.3165 0.3165 0.3165 0.315 0.315 0.3 0.3 0.2895 0.2895 0.2895 0.317 0.317 0.3435 0.3435 0.3625 0.3625 0.3625 0.3415 0.3415 0.367 0.367 0.376 0.376 0.3845 0.3845 0.3845 0.334 0.334 0.332 0.332 0.332 0.332 0.332 0.3375 0.3375 0.327 0.327 0.317 0.317 0.317 0.309 0.309 0.3145 0.3145 0.3215
-1 -1 -1 -1 -1 -1 -1 -1 -1 -1 -1 -1 -1 -1 -1 -1 -1 -1 -1 -1 -1 -1 -1 0.0177 0.0177 0.228 0.228 0.228 0.364 0.364 0.314 0.314 0.318 0.318 0.318 0.3305 0.3305 0.319 0.319 0.3325 0.3325 0.3325 0.324 0.324 0.335 0.335 0.331 0.331 0.331 0.342 0.342 0.3455 0.3455 0.387 0.387 0.4155 0.4155 0.4155 0.392 0.392 0.3345 0.3345 0.3345 0.3345 0.3345 0.3385 0.3385 0.3305 0.3305 0.3015 0.3015 0.3015 0.3315 0.3315 0.3385 0.3385 0.335
-1 -1 -1 -1 -1 -1 -1 -1 -1 -1 -1 -1 -1 -1 -1 -1 -1 -1 -1 -1 -1 -1 -1 0.0177 0.0177 0.228 0.228 0.228 0.364 0.364 0.314 0.314 0.318 0.318 0.318 0.3305 0.3305 0.319 0.319 0.3325 0.3325 0.3325 0.324 0.324 0.335 0.335 0.331 0.331 0.331 0.342 0.342 0.3455 0.3455 0.387 0.387 0.4155 0.4155 0.4155 0.392 0.392 0.3345 0.3345 0.3345 0.3345 0.3345 0.3385 0.3385 0.3305 0.3305 0.3015 0.3015 0.3015 0.3315 0.3315 0.3385 0.3385 0.335
-1 -1 -1 -1 -1 -1 -1 -1 -1 -1 -1 -1 -1 -1 -1 -1 -1 -1 -1 -1 -1 -1 -1 0.0177 0.0177 0.228 0.228 0.228 0.364 0.364 0.314 0.314 0.318 0.318 0.318 0.3305 0.3305 0.319 0.319 0.3325 0.3325 0.3325 0.324 0.324 0.335 0.335 0.331 0.331 0.331 0.342 0.342 0.3455 0.3455 0.387 0.387 0.4155 0.4155 0.4155 0.392 0.392 0.3345 0.3345 0.3345 0.3345 0.3345 0.3385 0.3385 0.3305 0.3305 0.3015 0.3015 0.3015 0.3315 0.3315 0.3385 0.3385 0.335
-1 -1 -1 -1 -1 -1 -1 -1 -1 -1 -1 -1 -1 -1 -1 -1 -1 -1 -1 -1 -1 0.0197 0.0197 0.2155 0.2155 0.3525 0.3525 0.3525 0.3725 0.3725 0.329 0.329 0.346 0.346 0.346 0.3095 0.3095 0.3215 0.3215 0.334 0.334 0.334 0.3425 0.3425 0.2985 0.2985 0.34 0.34 0.34 0.3725 0.3725 0.3785 0.3785 0.3795 0.3795 0.379 0.379 0.379 0.411 0.411 0.3465 0.3465 0.3465 0.3465 0.3465 0.306 0.306 0.316 0.316 0.3355 0.3355 0.3355 0.365 0.365 0.3625 0.3625 0.3545
-1 -1 -1 -1 -1 -1 -1 -1 -1 -1 -1 -1 -1 -1 -1 -1 -1 -1 -1 -1 -1 0.0197 0.0197 0.2155 0.2155 0.3525 0.3525 0.3525 0.3725 0.3725 0.329 0.329 0.346 0.346 0.346 0.3095 0.3095 0.3215 0.3215 0.334 0.334 0.334 0.3425 0.3425 0.2985 0.2985 0.34 0.34 0.34 0.3725 0.3725 0.3785 0.3785 0.3795 0.3795 0.379 0.379 0.379 0.411 0.411 0.3465 0.3465 0.3465 0.3465 0.3465 0.306 0.306 0.316 0.316 0.3355 0.3355 0.3355 0.365 0.365 0.3625 0.3625 0.3545
-1 -1 -1 -1 -1 -1 -1 -1 -1 -1 -1 -1 -1 -1 -1 -1 -1 -1 -1 -1 -1 0.1935 0.1935 0.3635 0.3635 0.3835 0.3835 0.3835 0.3755 0.3755 0.3935 0.3935 0.367 0.367 0.367 0.314 0.314 0.324 0.324 0.3595 0.3595 0.3595 0.37 0.37 0.3775 0.3775 0.3745 0.3745 0.3745 0.4165 0.4165 0.3845 0.3845 0.348 0.348 0.385 0.385 0.385 0.39 0.39 0.397 0.397 0.397 0.397 0.397 0.347 0.347 0.3505 0.3505 0.3685 0.3685 0.3685 0.361 0.361 0.3375 0.3375 0.341
-1 -1 -1 -1 -1 -1 -1 -1 -1 -1 -1 -1 -1 -1 -1 -1 -1 -1 -1 -1 -1 0.1935 0.1935 0.3635 0.3635 0.3835 0.3835 0.3835 0.3755 0.3755 0.3935 0.3935 0.367 0.367 0.367 0.314 0.314 0.324 0.324 0.3595 0.3595 0.3595 0.37 0.37 0.3775 0.3775 0.3745 0.3745 0.3745 0.4165 0.4165 0.3845 0.3845 0.348 0.348 0.385 0.385 0.385 0.39 0.39 0.397 0.397 0.397 0.397 0.397 0.347 0.347 0.3505 0.3505 0.3685 0.3685 0.3685 0.361 0.361 0.3375 0.3375 0.341
-1 -1 -1 -1 -1 -1 -1 -1 -1 -1 -1 -1 -1 -1 -1 -1 -1 -1 0.1412 0.1412 0.1412 0.379 0.379 0.4045 0.4045 0.407 0.407 0.407 0.409 0.409 0.38 0.38 0.3745 0.3745 0.3745 0.3185 0.3185 0.309 0.309 0.3305 0.3305 0.3305 0.3405 0.3405 0.3735 0.3735 0.4535 0.4535 0.4535 0.45 0.45 0.4375 0.4375 0.4115 0.4115 0.366 0.366 0.366 0.3735 0.3735 0.359 0.359 0.359 0.359 0.359 0.3655 0.3655 0.3365 0.3365 0.3365 0.3365 0.3365 0.3365 0.3365 0.3545 0.3545 0.3535
-1 -1 -1 -1 -1 -1 -1 -1 -1 -1 -1 -1 -1 -1 -1 -1 -1 -1 0.1412 0.1412 0.1412 0.379 0.379 0.4045 0.4045 0.407 0.407 0.407 0.409 0.409 0.38 0.38 0.3745 0.3745 0.3745 0.3185 0.3185 0.309 0.309 0.3305 0.3305 0.3305 0.3405 0.3405 0.3735 0.3735 0.4535 0.4535 0.4535 0.45 0.45 0.4375 0.4375 0.4115 0.4115 0.366 0.366 0.366 0.3735 0.3735 0.359 0.359 0.359 0.359 0.359 0.3655 0.3655 0.3365 0.3365 0.3365 0.3365 0.3365 0.3365 0.3365 0.3545 0.3545 0.3535
-1 -1 -1 -1 -1 -1 -1 -1 -1 -1 -1 -1 -1 -1 -1 -1 -1 -1 0.1412 0.1412 0.1412 0.379 0.379 0.4045 0.4045 0.407 0.407 0.407 0.409 0.409 0.38 0.38 0.3745 0.3745 0.3745 0.3185 0.3185 0.309 0.309 0.3305 0.3305 0.3305 0.3405 0.3405 0.3735 0.3735 0.4535 0.4535 0.4535 0.45 0.45 0.4375 0.4375 0.4115 0.4115 0.366 0.366 0.366 0.3735 0.3735 0.359 0.359 0.359 0.359 0.359 0.3655 0.3655 0.3365 0.3365 0.3365 0.3365 0.3365 0.3365 0.3365 0.3545 0.3545 0.3535
-1 -1 -1 -1 -1 -1 -1 -1 -1 -1 -1 -1 -1 -1 -1 -1 0.2407 0.2407 0.3905 0.3905 0.3905 0.423 0.423 0.375 0.375 0.388 0.388 0.388 0.4015 0.4015 0.3735 0.3735 0.3715 0.3715 0.3715 0.362 0.362 0.317 0.317 0.355 0.355 0.355 0.353 0.353 0.395 0.395 0.4485 0.4485 0.4485 0.4545 0.4545 0.4635 0.4635 0.4245 0.4245 0.388 0.388 0.388 0.427 0.427 0.4355 0.4355 0.4355 0.4355 0.4355 0.3885 0.3885 0.3355 0.3355 0.3055 0.3055 0.3055 0.3325 0.3325 0.3445 0.3445 0.35
-1 -1 -1 -1 -1 -1 -1 -1 -1 -1 -1 -1 -1 -1 -1 -1 0.2407 0.2407 0.3905 0.3905 0.3905 0.423 0.423 0.375 0.375 0.388 0.388 0.388 0.4015 0.4015 0.3735 0.3735 0.3715 0.3715 0.3715 0.362 0.362 0.317 0.317 0.355 0.355 0.355 0.353 0.353 0.395 0.395 0.4485 0.4485 0.4485 0.4545 0.4545 0.4635 0.4635 0.4245 0.4245 0.388 0.388 0.388 0.427 0.427 0.4355 0.4355 0.4355 0.4355 0.4355 0.3885 0.3885 0.3355 0.3355 0.3055 0.3055 0.3055 0.3325 0.3325 0.3445 0.3445 0.35
-1 -1 -1 -1 -1 -1 -1 -1 -1 -1 -1 -1 0.1827 0.1827 0.168 0.168 0.2475 0.2475 0.4285 0.4285 0.4285 0.4445 0.4445 0.427 0.427 0.407 0.407 0.407 0.4115 0.4115 0.379 0.379 0.3915 0.3915 0.3915 0.396 0.396 0.3905 0.3905 0.401 0.401 0.401 0.4325 0.4325 0.463 0.463 0.384 0.384 0.384 0.419 0.419 0.405 0.405 0.417 0.417 0.3955 0.3955 0.3955 0.432 0.432 0.409 0.409 0.409 0.409 0.409 0.355 0.355 0.3275 0.3275 0.323 0.323 0.323 0.342 0.342 0.3665 0.3665 0.344
-1 -1 -1 -1 -1 -1 -1 -1 -1 -1 -1 -1 0.1827 0.1827 0.168 0.168 0.2475 0.2475 0.4285 0.4285 0.4285 0.4445 0.4445 0.427 0.427 0.407 0.407 0.407 0.4115 0.4115 0.379 0.379 0.3915 0.3915 0.3915 0.396 0.396 0.3905 0.3905 0.401 0.401 0.401 0.4325 0.4325 0.463 0.463 0.384 0.384 0.384 0.419 0.419 0.405 0.405 0.417 0.417 0.3955 0.3955 0.3955 0.432 0.432 0.409 0.409 0.409 0.409 0.409 0.355 0.355 0.3275 0.3275 0.323 0.323 0.323 0.342 0.342 0.3665 0.3665 0.344
-1 -1 -1 -1 -1 -1 -1 -1 -1 0.1397 0.1397 0.1397 0.1195 0.1195 0.1527 0.1527 0.0687 0.0687 0.1915 0.1915 0.1915 0.4025 0.4025 0.443 0.443 0.437 0.437 0.437 0.416 0.416 0.4295 0.4295 0.382 0.382 0.382 0.377 0.377 0.431 0.431 0.459 0.459 0.459 0.446 0.446 0.4585 0.4585 0.421 0.421 0.421 0.3985 0.3985 0.392 0.392 0.4075 0.4075 0.382 0.382 0.382 0.404 0.404 0.3955 0.3955 0.3955 0.3955 0.3955 0.397 0.397 0.3725 0.3725 0.3645 0.3645 0.3645 0.368 0.368 0.387 0.387 0.3705
-1 -1 -1 -1 -1 -1 -1 -1 -1 0.1397 0.1397 0.1397 0.1195 0.1195 0.1527 0.1527 0.0687 0.0687 0.1915 0.1915 0.1915 0.4025 0.4025 0.443 0.443 0.437 0.437 0.437 0.416 0.416 0.4295 0.4295 0.382 0.382 0.382 0.377 0.377 0.431 0.431 0.459 0.459 0.459 0.446 0.446 0.4585 0.4585 0.421 0.421 0.421 0.3985 0.3985 0.392 0.392 0.4075 0.4075 0.382 0.382 0.382 0.404 0.404 0.3955 0.3955 0.3955 0.3955 0.3955 0.397 0.397 0.3725 0.3725 0.3645 0.3645 0.3645 0.368 0.368 0.387 0.387 0.3705
-1 -1 -1 -1 -1 -1 -1 -1 -1 0.1397 0.1397 0.1397 0.1195 0.1195 0.1527 0.1527 0.0687 0.0687 0.1915 0.1915 0.1915 0.4025 0.4025 0.443 0.443 0.437 0.437 0.437 0.416 0.416 0.4295 0.4295 0.382 0.382 0.382 0.377 0.377 0.431 0.431 0.459 0.459 0.459 0.446 0.446 0.4585 0.4585 0.421 0.421 0.421 0.3985 0.3985 0.392 0.392 0.4075 0.4075 0.382 0.382 0.382 0.404 0.404 0.3955 0.3955 0.3955 0.3955 0.3955 0.397 0.397 0.3725 0.3725 0.3645 0.3645 0.3645 0.368 0.368 0.387 0.387 0.3705
-1 -1 -1 -1 -1 -1 -1 -1 -1 -1 -1 -1 0.0972 0.0972 0.0907 0.0907 0.0757 0.0757 0.1227 0.1227 0.1227 0.4165 0.4165 0.449 0.449 0.44 0.44 0.44 0.4455 0.4455 0.4325 0.4325 0.4085 0.4085 0.4085 0.39 0.39 0.416 0.416 0.453 0.453 0.453 0.425 0.425 0.4385 0.4385 0.424 0.424 0.424 0.386 0.386 0.348 0.348 0.3805 0.3805 0.3965 0.3965 0.3965 0.409 0.409 0.391 0.391 0.391 0.391 0.391 0.4085 0.4085 0.372 0.372 0.3805 0.3805 0.3805 0.3945 0.3945 0.429 0.429 0.411
-1 -1 -1 -1 -1 -1 -1 -1 -1 -1 -1 -1 0.0972 0.0972 0.0907 0.0907 0.0757 0.0757 0.1227 0.1227 0.1227 0.4165 0.4165 0.449 0.449 0.44 0.44 0.44 0.4455 0.4455 0.4325 0.4325 0.4085 0.4085 0.4085 0.39 0.39 0.416 0.416 0.453 0.453 0.453 0.425 0.425 0.4385 0.4385 0.424 0.424 0.424 0.386 0.386 0.348 0.348 0.3805 0.3805 0.3965 0.3965 0.3965 0.409 0.409 0.391 0.391 0.391 0.391 0.391 0.4085 0.4085 0.372 0.372 0.3805 0.3805 0.3805 0.3945 0.3945 0.429 0.429 0.411
-1 -1 -1 -1 -1 -1 -1 -1 -1 -1 -1 -1 -1 -1 -1 -1 -1 -1 0.0442 0.0442 0.0442 0.284 0.284 0.41 0.41 0.471 0.471 0.471 0.457 0.457 0.457 0.457 0.415 0.415 0.415 0.3905 0.3905 0.4285 0.4285 0.4515 0.4515 0.4515 0.406 0.406 0.443 0.443 0.455 0.455 0.455 0.4345 0.4345 0.392 0.392 0.3895 0.3895 0.38 0.38 0.38 0.4175 0.4175 0.4415 0.4415 0.4415 0.4415 0.4415 0.3775 0.3775 0.424 0.424 0.4155 0.4155 0.4155 0.422 0.422 0.4115 0.4115 0.412
-1 -1 -1 -1 -1 -1 -1 -1 -1 -1 -1 -1 -1 -1 -1 -1 -1 -1 0.0442 0.0442 0.0442 0.284 0.284 0.41 0.41 0.471 0.471 0.471 0.457 0.457 0.457 0.457 0.415 0.415 0.415 0.3905 0.3905 0.4285 0.4285 0.4515 0.4515 0.4515 0.406 0.406 0.443 0.443 0.455 0.455 0.455 0.4345 0.4345 0.392 0.392 0.3895 0.3895 0.38 0.38 0.38 0.4175 0.4175 0.4415 0.4415 0.4415 0.4415 0.4415 0.3775 0.3775 0.424 0.424 0.4155 0.4155 0.4155 0.422 0.422 0.4115 0.4115 0.412
-1 -1 -1 -1 -1 -1 -1 -1 -1 -1 -1 -1 -1 -1 -1 -1 -1 -1 -1 -1 -1 0.06370001 0.06370001 0.273 0.273 0.4275 0.4275 0.4275 0.473 0.473 0.4555 0.4555 0.446 0.446 0.446 0.409 0.409 0.412 0.412 0.447 0.447 0.447 0.413 0.413 0.445 0.445 0.4625 0.4625 0.4625 0.4315 0.4315 0.424 0.424 0.3935 0.3935 0.412 0.412 0.412 0.414 0.414 0.4185 0.4185 0.4185 0.4185 0.4185 0.433 0.433 0.424 0.424 0.4365 0.4365 0.4365 0.4435 0.4435 0.4705 0.4705 0.4395
-1 -1 -1 -1 -1 -1 -1 -1 -1 -1 -1 -1 -1 -1 -1 -1 -1 -1 -1 -1 -1 0.06370001 0.06370001 0.273 0.273 0.4275 0.4275 0.4275 0.473 0.473 0.4555 0.4555 0.446 0.446 0.446 0.409 0.409 0.412 0.412 0.447 0.447 0.447 0.413 0.413 0.445 0.445 0.4625 0.4625 0.4625 0.4315 0.4315 0.424 0.424 0.3935 0.3935 0.412 0.412 0.412 0.414 0.414 0.4185 0.4185 0.4185 0.4185 0.4185 0.433 0.433 0.424 0.424 0.4365 0.4365 0.4365 0.4435 0.4435 0.4705 0.4705 0.4395
-1 -1 -1 -1 -1 -1 -1 -1 -1 -1 -1 -1 -1 -1 -1 -1 -1 -1 -1 -1 -1 0.0912 0.0912 0.1977 0.1977 0.3875 0.3875 0.3875 0.503 0.503 0.489 0.489 0.495 0.495 0.495 0.4735 0.4735 0.4105 0.4105 0.404 0.404 0.404 0.4035 0.4035 0.4475 0.4475 0.44 0.44 0.44 0.435 0.435 0.394 0.394 0.423 0.423 0.4235 0.4235 0.4235 0.437 0.437 0.448 0.448 0.448 0.448 0.448 0.4345 0.4345 0.45 0.45 0.445 0.445 0.445 0.4425 0.4425 0.4335 0.4335 0.437
-1 -1 -1 -1 -1 -1 -1 -1 -1 -1 -1 -1 -1 -1 -1 -1 -1 -1 -1 -1 -1 0.0912 0.0912 0.1977 0.1977 0.3875 0.3875 0.3875 0.503 0.503 0.489 0.489 0.495 0.495 0.495 0.4735 0.4735 0.4105 0.4105 0.404 0.404 0.404 0.4035 0.4035 0.4475 0.4475 0.44 0.44 0.44 0.435 0.435 0.394 0.394 0.423 0.423 0.4235 0.4235 0.4235 0.437 0.437 0.448 0.448 0.448 0.448 0.448 0.4345 0.4345 0.45 0.45 0.445 0.445 0.445 0.4425 0.4425 0.4335 0.4335 0.437
-1 -1 -1 -1 -1 -1 -1 -1 -1 -1 -1 -1 -1 -1 -1 -1 -1 -1 -1 -1 -1 0.0912 0.0912 0.1977 0.1977 0.3875 0.3875 0.3875 0.503 0.503 0.489 0.489 0.495 0.495 0.495 0.4735 0.4735 0.4105 0.4105 0.404 0.404 0.404 0.4035 0.4035 0.4475 0.4475 0.44 0.44 0.44 0.435 0.435 0.394 0.394 0.423 0.423 0.4235 0.4235 0.4235 0.437 0.437 0.448 0.448 0.448 0.448 0.448 0.4345 0.4345 0.45 0.45 0.445 0.445 0.445 0.4425 0.4425 0.4335 0.4335 0.437
-1 -1 -1 -1 -1 -1 -1 -1 -1 -1 -1 -1 -1 -1 -1 -1 -1 -1 -1 -1 -1 -1 -1 0.0842 0.0842 0.2161 0.2161 0.2161 0.5685 0.5685 0.4835 0.4835 0.417 0.417 0.417 0.3965 0.3965 0.2455 0.2455 0.187 0.187 0.187 0.3845 0.3845 0.4115 0.4115 0.447 0.447 0.447 0.431 0.431 0.4595 0.4595 0.4435 0.4435 0.435 0.435 0.435 0.431 0.431 0.456 0.456 0.456 0.456 0.456 0.4775 0.4775 0.463 0.463 0.4475 0.4475 0.4475 0.4495 0.4495 0.4215 0.4215 0.444
-1 -1 -1 -1 -1 -1 -1 -1 -1 -1 -1 -1 -1 -1 -1 -1 -1 -1 -1 -1 -1 -1 -1 0.0842 0.0842 0.2161 0.2161 0.2161 0.5685 0.5685 0.4835 0.4835 0.417 0.417 0.417 0.3965 0.3965 0.2455 0.2455 0.187 0.187 0.187 0.3845 0.3845 0.4115 0.4115 0.447 0.447 0.447 0.431 0.431 0.4595 0.4595 0.4435 0.4435 0.435 0.435 0.435 0.431 0.431 0.456 0.456 0.456 0.456 0.456 0.4775 0.4775 0.463 0.463 0.4475 0.4475 0.4475 0.4495 0.4495 0.4215 0.4215 0.444
-1 -1 -1 -1 -1 -1 -1 -1 -1 -1 -1 -1 -1 -1 -1 -1 -1 -1 -1 -1 -1 -1 -1 -1 -1 0.2432 0.2432 0.2432 0.3585 0.3585 0.4485 0.4485 0.402 0.402 0.402 0.256 0.256 0.1757 0.1757 0.1485 0.1485 0.1485 0.3265 0.3265 0.4075 0.4075 0.396 0.396 0.396 0.4265 0.4265 0.4475 0.4475 0.4745 0.4745 0.4915 0.4915 0.4915 0.4815 0.4815 0.487 0.487 0.487 0.487 0.487 0.465 0.465 0.4655 0.4655 0.462 0.462 0.462 0.476 0.476 0.4495 0.4495 0.483
-1 -1 -1 -1 -1 -1 -1 -1 -1 -1 -1 -1 -1 -1 -1 -1 -1 -1 -1 -1 -1 -1 -1 -1 -1 0.2432 0.2432 0.2432 0.3585 0.3585 0.4485 0.4485 0.402 0.402 0.402 0.256 0.256 0.1757 0.1757 0.1485 0.1485 0.1485 0.3265 0.3265 0.4075 0.4075 0.396 0.396 0.396 0.4265 0.4265 0.4475 0.4475 0.4745 0.4745 0.4915 0.4915 0.4915 0.4815 0.4815 0.487 0.487 0.487 0.487 0.487 0.465 0.465 0.4655 0.4655 0.462 0.462 0.462 0.476 0.476 0.4495 0.4495 0.483
-1 -1 -1 -1 -1 -1 -1 -1 -1 -1 -1 -1 -1 -1 -1 -1 -1 -1 -1 -1 -1 -1 -1 -1 -1 0.06820001 0.06820001 0.06820001 0.1389 0.1389 0.3195 0.3195 0.3175 0.3175 0.3175 0.3215 0.3215 0.2375 0.2375 0.3775 0.3775 0.3775 0.461 0.461 0.4485 0.4485 0.4555 0.4555 0.4555 0.4245 0.4245 0.476 0.476 0.502 0.502 0.4905 0.4905 0.4905 0.48 0.48 0.468 0.468 0.468 0.468 0.468 0.4775 0.4775 0.476 0.476 0.454 0.454 0.454 0.469 0.469 0.459 0.459 0.438
-1 -1 -1 -1 -1 -1 -1 -1 -1 -1 -1 -1 -1 -1 -1 -1 -1 -1 -1 -1 -1 -1 -1 -1 -1 0.06820001 0.06820001 0.06820001 0.1389 0.1389 0.3195 0.3195 0.3175 0.3175 0.3175 0.3215 0.3215 0.2375 0.2375 0.3775 0.3775 0.3775 0.461 0.461 0.4485 0.4485 0.4555 0.4555 0.4555 0.4245 0.4245 0.476 0.476 0.502 0.502 0.4905 0.4905 0.4905 0.48 0.48 0.468 0.468 0.468 0.468 0.468 0.4775 0.4775 0.476 0.476 0.454 0.454 0.454 0.469 0.469 0.459 0.459 0.438
-1 -1 -1 -1 -1 -1 -1 -1 -1 -1 -1 -1 -1 -1 -1 -1 -1 -1 -1 -1 -1 -1 -1 -1 -1 0.06820001 0.06820001 0.06820001 0.1389 0.1389 0.3195 0.3195 0.3175 0.3175 0.3175 0.3215 0.3215 0.2375 0.2375 0.3775 0.3775 0.3775 0.461 0.461 0.4485 0.4485 0.4555 0.4555 0.4555 0.4245 0.4245 0.476 0.476 0.502 0.502 0.4905 0.4905 0.4905 0.48 0.48 0.468 0.468 0.468 0.468 0.468 0.4775 0.4775 0.476 0.476 0.454 0.454 0.454 0.469 0.469 0.459 0.459 0.438
