ndvi/NOAA-82.asc
ncols         252
nrows         154
xllcorner     -18.017974
yllcorner     13.481982
cellsize      0.035948
NODATA_value  -9999
[rows 34 to 67 of 154, columns 154 to 230 of 252]
0.127 0.121 0.121 0.1205 0.1205 0.1205 0.128 0.128 0.1115 0.1115 0.102 0.102 0.088 0.088 0.088 0.1005 0.1005 0.1035 0.1035 0.1045 0.1045 0.1045 0.113 0.113 0.13 0.13 0.13 0.13 0.13 0.125 0.125 0.1285 0.1285 0.119 0.119 0.119 0.114 0.114 0.1195 0.1195 0.118 0.118 0.118 0.113 0.113 0.119 0.119 0.128 0.128 0.1275 0.1275 0.1275 0.123 0.123 0.1195 0.1195 0.116 0.116 0.116 0.112 0.112 0.1045 0.1045 0.1075 0.1075 0.1075 0.112 0.112 0.111 0.111 0.113 0.113 0.113 0.108 0.108 0.0965 0.0965
0.127 0.121 0.121 0.1205 0.1205 0.1205 0.128 0.128 0.1115 0.1115 0.102 0.102 0.088 0.088 0.088 0.1005 0.1005 0.1035 0.1035 0.1045 0.1045 0.1045 0.113 0.113 0.13 0.13 0.13 0.13 0.13 0.125 0.125 0.1285 0.1285 0.119 0.119 0.119 0.114 0.114 0.1195 0.1195 0.118 0.118 0.118 0.113 0.113 0.119 0.119 0.128 0.128 0.1275 0.1275 0.1275 0.123 0.123 0.1195 0.1195 0.116 0.116 0.116 0.112 0.112 0.1045 0.1045 0.1075 0.1075 0.1075 0.112 0.112 0.111 0.111 0.113 0.113 0.113 0.108 0.108 0.0965 0.0965
0.127 0.121 0.121 0.1205 0.1205 0.1205 0.128 0.128 0.1115 0.1115 0.102 0.102 0.088 0.088 0.088 0.1005 0.1005 0.1035 0.1035 0.1045 0.1045 0.1045 0.113 0.113 0.13 0.13 0.13 0.13 0.13 0.125 0.125 0.1285 0.1285 0.119 0.119 0.119 0.114 0.114 0.1195 0.1195 0.118 0.118 0.118 0.113 0.113 0.119 0.119 0.128 0.128 0.1275 0.1275 0.1275 0.123 0.123 0.1195 0.1195 0.116 0.116 0.116 0.112 0.112 0.1045 0.1045 0.1075 0.1075 0.1075 0.112 0.112 0.111 0.111 0.113 0.113 0.113 0.108 0.108 0.0965 0.0965
0.119 0.1195 0.1195 0.1205 0.1205 0.1205 0.1245 0.1245 0.1005 0.1005 0.1025 0.1025 0.102 0.102 0.102 0.09649999 0.09649999 0.0995 0.0995 0.112 0.112 0.112 0.104 0.104 0.1325 0.1325 0.131 0.131 0.131 0.1375 0.1375 0.126 0.126 0.1275 0.1275 0.1275 0.1185 0.1185 0.122 0.122 0.112 0.112 0.112 0.1245 0.1245 0.1155 0.1155 0.132 0.132 0.128 0.128 0.128 0.1115 0.1115 0.1155 0.1155 0.121 0.121 0.121 0.1205 0.1205 0.115 0.115 0.1085 0.1085 0.1085 0.1125 0.1125 0.1105 0.1105 0.107 0.107 0.107 0.1135 0.1135 0.1125 0.1125
0.119 0.1195 0.1195 0.1205 0.1205 0.1205 0.1245 0.1245 0.1005 0.1005 0.1025 0.1025 0.102 0.102 0.102 0.09649999 0.09649999 0.0995 0.0995 0.112 0.112 0.112 0.104 0.104 0.1325 0.1325 0.131 0.131 0.131 0.1375 0.1375 0.126 0.126 0.1275 0.1275 0.1275 0.1185 0.1185 0.122 0.122 0.112 0.112 0.112 0.1245 0.1245 0.1155 0.1155 0.132 0.132 0.128 0.128 0.128 0.1115 0.1115 0.1155 0.1155 0.121 0.121 0.121 0.1205 0.1205 0.115 0.115 0.1085 0.1085 0.1085 0.1125 0.1125 0.1105 0.1105 0.107 0.107 0.107 0.1135 0.1135 0.1125 0.1125
0.1245 0.123 0.123 0.0915 0.0915 0.0915 0.1025 0.1025 0.1015 0.1015 0.099 0.099 0.1025 0.1025 0.1025 0.0985 0.0985 0.097 0.097 0.094 0.094 0.094 0.0925 0.0925 0.133 0.133 0.153 0.153 0.153 0.1455 0.1455 0.147 0.147 0.139 0.139 0.139 0.134 0.134 0.1265 0.1265 0.1195 0.1195 0.1195 0.1135 0.1135 0.1115 0.1115 0.1265 0.1265 0.1215 0.1215 0.1215 0.1285 0.1285 0.115 0.115 0.128 0.128 0.128 0.124 0.124 0.128 0.128 0.115 0.115 0.115 0.1125 0.1125 0.11 0.11 0.111 0.111 0.111 0.1145 0.1145 0.1135 0.1135
0.1245 0.123 0.123 0.0915 0.0915 0.0915 0.1025 0.1025 0.1015 0.1015 0.099 0.099 0.1025 0.1025 0.1025 0.0985 0.0985 0.097 0.097 0.094 0.094 0.094 0.0925 0.0925 0.133 0.133 0.153 0.153 0.153 0.1455 0.1455 0.147 0.147 0.139 0.139 0.139 0.134 0.134 0.1265 0.1265 0.1195 0.1195 0.1195 0.1135 0.1135 0.1115 0.1115 0.1265 0.1265 0.1215 0.1215 0.1215 0.1285 0.1285 0.115 0.115 0.128 0.128 0.128 0.124 0.124 0.128 0.128 0.115 0.115 0.115 0.1125 0.1125 0.11 0.11 0.111 0.111 0.111 0.1145 0.1145 0.1135 0.1135
0.1175 0.1075 0.1075 0.0975 0.0975 0.0975 0.09100001 0.09100001 0.099 0.099 0.103 0.103 0.1085 0.1085 0.1085 0.1055 0.1055 0.108 0.108 0.1105 0.1105 0.1105 0.1115 0.1115 0.1245 0.1245 0.1375 0.1375 0.1375 0.1525 0.1525 0.1575 0.1575 0.143 0.143 0.143 0.1445 0.1445 0.124 0.124 0.123 0.123 0.123 0.1205 0.1205 0.12 0.12 0.119 0.119 0.13 0.13 0.13 0.129 0.129 0.131 0.131 0.134 0.134 0.134 0.1365 0.1365 0.134 0.134 0.135 0.135 0.135 0.129 0.129 0.128 0.128 0.131 0.131 0.131 0.129 0.129 0.122 0.122
0.1175 0.1075 0.1075 0.0975 0.0975 0.0975 0.09100001 0.09100001 0.099 0.099 0.103 0.103 0.1085 0.1085 0.1085 0.1055 0.1055 0.108 0.108 0.1105 0.1105 0.1105 0.1115 0.1115 0.1245 0.1245 0.1375 0.1375 0.1375 0.1525 0.1525 0.1575 0.1575 0.143 0.143 0.143 0.1445 0.1445 0.124 0.124 0.123 0.123 0.123 0.1205 0.1205 0.12 0.12 0.119 0.119 0.13 0.13 0.13 0.129 0.129 0.131 0.131 0.134 0.134 0.134 0.1365 0.1365 0.134 0.134 0.135 0.135 0.135 0.129 0.129 0.128 0.128 0.131 0.131 0.131 0.129 0.129 0.122 0.122
0.1175 0.1075 0.1075 0.0975 0.0975 0.0975 0.09100001 0.09100001 0.099 0.099 0.103 0.103 0.1085 0.1085 0.1085 0.1055 0.1055 0.108 0.108 0.1105 0.1105 0.1105 0.1115 0.1115 0.1245 0.1245 0.1375 0.1375 0.1375 0.1525 0.1525 0.1575 0.1575 0.143 0.143 0.143 0.1445 0.1445 0.124 0.124 0.123 0.123 0.123 0.1205 0.1205 0.12 0.12 0.119 0.119 0.13 0.13 0.13 0.129 0.129 0.131 0.131 0.134 0.134 0.134 0.1365 0.1365 0.134 0.134 0.135 0.135 0.135 0.129 0.129 0.128 0.128 0.131 0.131 0.131 0.129 0.129 0.122 0.122
0.105 0.123 0.123 0.1215 0.1215 0.1215 0.1125 0.1125 0.1195 0.1195 0.1215 0.1215 0.117 0.117 0.117 0.111 0.111 0.139 0.139 0.152 0.152 0.152 0.1345 0.1345 0.1305 0.1305 0.133 0.133 0.133 0.1435 0.1435 0.145 0.145 0.1495 0.1495 0.1495 0.147 0.147 0.1385 0.1385 0.1335 0.1335 0.1335 0.129 0.129 0.135 0.135 0.1255 0.1255 0.1465 0.1465 0.1465 0.1255 0.1255 0.1375 0.1375 0.1415 0.1415 0.1415 0.1445 0.1445 0.1505 0.1505 0.151 0.151 0.151 0.1395 0.1395 0.1375 0.1375 0.135 0.135 0.135 0.135 0.135 0.1265 0.1265
0.105 0.123 0.123 0.1215 0.1215 0.1215 0.1125 0.1125 0.1195 0.1195 0.1215 0.1215 0.117 0.117 0.117 0.111 0.111 0.139 0.139 0.152 0.152 0.152 0.1345 0.1345 0.1305 0.1305 0.133 0.133 0.133 0.1435 0.1435 0.145 0.145 0.1495 0.1495 0.1495 0.147 0.147 0.1385 0.1385 0.1335 0.1335 0.1335 0.129 0.129 0.135 0.135 0.1255 0.1255 0.1465 0.1465 0.1465 0.1255 0.1255 0.1375 0.1375 0.1415 0.1415 0.1415 0.1445 0.1445 0.1505 0.1505 0.151 0.151 0.151 0.1395 0.1395 0.1375 0.1375 0.135 0.135 0.135 0.135 0.135 0.1265 0.1265
0.151 0.1345 0.1345 0.1665 0.1665 0.1665 0.1505 0.1505 0.1645 0.1645 0.1615 0.1615 0.179 0.179 0.179 0.158 0.158 0.165 0.165 0.165 0.165 0.165 0.142 0.142 0.1455 0.1455 0.1425 0.1425 0.1425 0.156 0.156 0.1625 0.1625 0.1645 0.1645 0.1645 0.158 0.158 0.145 0.145 0.1345 0.1345 0.1345 0.142 0.142 0.1405 0.1405 0.136 0.136 0.151 0.151 0.151 0.133 0.133 0.129 0.129 0.1415 0.1415 0.1415 0.149 0.149 0.155 0.155 0.1515 0.1515 0.1515 0.148 0.148 0.1395 0.1395 0.146 0.146 0.146 0.1405 0.1405 0.138 0.138
0.151 0.1345 0.1345 0.1665 0.1665 0.1665 0.1505 0.1505 0.1645 0.1645 0.1615 0.1615 0.179 0.179 0.179 0.158 0.158 0.165 0.165 0.165 0.165 0.165 0.142 0.142 0.1455 0.1455 0.1425 0.1425 0.1425 0.156 0.156 0.1625 0.1625 0.1645 0.1645 0.1645 0.158 0.158 0.145 0.145 0.1345 0.1345 0.1345 0.142 0.142 0.1405 0.1405 0.136 0.136 0.151 0.151 0.151 0.133 0.133 0.129 0.129 0.1415 0.1415 0.1415 0.149 0.149 0.155 0.155 0.1515 0.1515 0.1515 0.148 0.148 0.1395 0.1395 0.146 0.146 0.146 0.1405 0.1405 0.138 0.138
0.1405 0.151 0.151 0.1915 0.1915 0.1915 0.1785 0.1785 0.1895 0.1895 0.17 0.17 0.175 0.175 0.175 0.1735 0.1735 0.1645 0.1645 0.156 0.156 0.156 0.1535 0.1535 0.171 0.171 0.167 0.167 0.167 0.1545 0.1545 0.164 0.164 0.1645 0.1645 0.1645 0.1675 0.1675 0.161 0.161 0.1605 0.1605 0.1605 0.168 0.168 0.1595 0.1595 0.138 0.138 0.145 0.145 0.145 0.1435 0.1435 0.1505 0.1505 0.153 0.153 0.153 0.15 0.15 0.161 0.161 0.147 0.147 0.147 0.13 0.13 0.1325 0.1325 0.1375 0.1375 0.1375 0.1415 0.1415 0.1375 0.1375
0.1405 0.151 0.151 0.1915 0.1915 0.1915 0.1785 0.1785 0.1895 0.1895 0.17 0.17 0.175 0.175 0.175 0.1735 0.1735 0.1645 0.1645 0.156 0.156 0.156 0.1535 0.1535 0.171 0.171 0.167 0.167 0.167 0.1545 0.1545 0.164 0.164 0.1645 0.1645 0.1645 0.1675 0.1675 0.161 0.161 0.1605 0.1605 0.1605 0.168 0.168 0.1595 0.1595 0.138 0.138 0.145 0.145 0.145 0.1435 0.1435 0.1505 0.1505 0.153 0.153 0.153 0.15 0.15 0.161 0.161 0.147 0.147 0.147 0.13 0.13 0.1325 0.1325 0.1375 0.1375 0.1375 0.1415 0.1415 0.1375 0.1375
0.1405 0.151 0.151 0.1915 0.1915 0.1915 0.1785 0.1785 0.1895 0.1895 0.17 0.17 0.175 0.175 0.175 0.1735 0.1735 0.1645 0.1645 0.156 0.156 0.156 0.1535 0.1535 0.171 0.171 0.167 0.167 0.167 0.1545 0.1545 0.164 0.164 0.1645 0.1645 0.1645 0.1675 0.1675 0.161 0.161 0.1605 0.1605 0.1605 0.168 0.168 0.1595 0.1595 0.138 0.138 0.145 0.145 0.145 0.1435 0.1435 0.1505 0.1505 0.153 0.153 0.153 0.15 0.15 0.161 0.161 0.147 0.147 0.147 0.13 0.13 0.1325 0.1325 0.1375 0.1375 0.1375 0.1415 0.1415 0.1375 0.1375
0.123 0.136 0.136 0.167 0.167 0.167 0.203 0.203 0.2085 0.2085 0.1845 0.1845 0.153 0.153 0.153 0.177 0.177 0.162 0.162 0.161 0.161 0.161 0.1755 0.1755 0.1685 0.1685 0.1955 0.1955 0.1955 0.196 0.196 0.1775 0.1775 0.176 0.176 0.176 0.188 0.188 0.1735 0.1735 0.1675 0.1675 0.1675 0.1805 0.1805 0.166 0.166 0.1505 0.1505 0.128 0.128 0.128 0.136 0.136 0.1525 0.1525 0.1555 0.1555 0.1555 0.1595 0.1595 0.155 0.155 0.1495 0.1495 0.1495 0.1375 0.1375 0.135 0.135 0.135 0.135 0.135 0.1415 0.1415 0.1405 0.1405
0.123 0.136 0.136 0.167 0.167 0.167 0.203 0.203 0.2085 0.2085 0.1845 0.1845 0.153 0.153 0.153 0.177 0.177 0.162 0.162 0.161 0.161 0.161 0.1755 0.1755 0.1685 0.1685 0.1955 0.1955 0.1955 0.196 0.196 0.1775 0.1775 0.176 0.176 0.176 0.188 0.188 0.1735 0.1735 0.1675 0.1675 0.1675 0.1805 0.1805 0.166 0.166 0.1505 0.1505 0.128 0.128 0.128 0.136 0.136 0.1525 0.1525 0.1555 0.1555 0.1555 0.1595 0.1595 0.155 0.155 0.1495 0.1495 0.1495 0.1375 0.1375 0.135 0.135 0.135 0.135 0.135 0.1415 0.1415 0.1405 0.1405
0.1195 0.135 0.135 0.164 0.164 0.164 0.1995 0.1995 0.211 0.211 0.202 0.202 0.1785 0.1785 0.1785 0.162 0.162 0.173 0.173 0.161 0.161 0.161 0.17 0.17 0.205 0.205 0.2115 0.2115 0.2115 0.1895 0.1895 0.206 0.206 0.226 0.226 0.226 0.216 0.216 0.1815 0.1815 0.156 0.156 0.156 0.1405 0.1405 0.155 0.155 0.152 0.152 0.152 0.152 0.152 0.154 0.154 0.159 0.159 0.155 0.155 0.155 0.166 0.166 0.157 0.157 0.1625 0.1625 0.1625 0.15 0.15 0.1555 0.1555 0.1575 0.1575 0.1575 0.158 0.158 0.1595 0.1595
0.1195 0.135 0.135 0.164 0.164 0.164 0.1995 0.1995 0.211 0.211 0.202 0.202 0.1785 0.1785 0.1785 0.162 0.162 0.173 0.173 0.161 0.161 0.161 0.17 0.17 0.205 0.205 0.2115 0.2115 0.2115 0.1895 0.1895 0.206 0.206 0.226 0.226 0.226 0.216 0.216 0.1815 0.1815 0.156 0.156 0.156 0.1405 0.1405 0.155 0.155 0.152 0.152 0.152 0.152 0.152 0.154 0.154 0.159 0.159 0.155 0.155 0.155 0.166 0.166 0.157 0.157 0.1625 0.1625 0.1625 0.15 0.15 0.1555 0.1555 0.1575 0.1575 0.1575 0.158 0.158 0.1595 0.1595
0.1215 0.1325 0.1325 0.159 0.159 0.159 0.1685 0.1685 0.1955 0.1955 0.1985 0.1985 0.2 0.2 0.2 0.1865 0.1865 0.1995 0.1995 0.2035 0.2035 0.2035 0.217 0.217 0.22 0.22 0.1995 0.1995 0.1995 0.1755 0.1755 0.1885 0.1885 0.18 0.18 0.18 0.2055 0.2055 0.19 0.19 0.163 0.163 0.163 0.1505 0.1505 0.139 0.139 0.155 0.155 0.143 0.143 0.143 0.129 0.129 0.145 0.145 0.17 0.17 0.17 0.159 0.159 0.1575 0.1575 0.156 0.156 0.156 0.1555 0.1555 0.1595 0.1595 0.1605 0.1605 0.1605 0.1575 0.1575 0.1625 0.1625
0.1215 0.1325 0.1325 0.159 0.159 0.159 0.1685 0.1685 0.1955 0.1955 0.1985 0.1985 0.2 0.2 0.2 0.1865 0.1865 0.1995 0.1995 0.2035 0.2035 0.2035 0.217 0.217 0.22 0.22 0.1995 0.1995 0.1995 0.1755 0.1755 0.1885 0.1885 0.18 0.18 0.18 0.2055 0.2055 0.19 0.19 0.163 0.163 0.163 0.1505 0.1505 0.139 0.139 0.155 0.155 0.143 0.143 0.143 0.129 0.129 0.145 0.145 0.17 0.17 0.17 0.159 0.159 0.1575 0.1575 0.156 0.156 0.156 0.1555 0.1555 0.1595 0.1595 0.1605 0.1605 0.1605 0.1575 0.1575 0.1625 0.1625
0.11 0.1125 0.1125 0.1575 0.1575 0.1575 0.1795 0.1795 0.1655 0.1655 0.1635 0.1635 0.1835 0.1835 0.1835 0.193 0.193 0.2195 0.2195 0.208 0.208 0.208 0.223 0.223 0.2375 0.2375 0.2145 0.2145 0.2145 0.202 0.202 0.206 0.206 0.2095 0.2095 0.2095 0.1935 0.1935 0.1765 0.1765 0.1525 0.1525 0.1525 0.1575 0.1575 0.15 0.15 0.158 0.158 0.1695 0.1695 0.1695 0.14 0.14 0.1495 0.1495 0.153 0.153 0.153 0.153 0.153 0.177 0.177 0.166 0.166 0.166 0.1705 0.1705 0.165 0.165 0.165 0.165 0.165 0.155 0.155 0.16 0.16
0.11 0.1125 0.1125 0.1575 0.1575 0.1575 0.1795 0.1795 0.1655 0.1655 0.1635 0.1635 0.1835 0.1835 0.1835 0.193 0.193 0.2195 0.2195 0.208 0.208 0.208 0.223 0.223 0.2375 0.2375 0.2145 0.2145 0.2145 0.202 0.202 0.206 0.206 0.2095 0.2095 0.2095 0.1935 0.1935 0.1765 0.1765 0.1525 0.1525 0.1525 0.1575 0.1575 0.15 0.15 0.158 0.158 0.1695 0.1695 0.1695 0.14 0.14 0.1495 0.1495 0.153 0.153 0.153 0.153 0.153 0.177 0.177 0.166 0.166 0.166 0.1705 0.1705 0.165 0.165 0.165 0.165 0.165 0.155 0.155 0.16 0.16
0.11 0.1125 0.1125 0.1575 0.1575 0.1575 0.1795 0.1795 0.1655 0.1655 0.1635 0.1635 0.1835 0.1835 0.1835 0.193 0.193 0.2195 0.2195 0.208 0.208 0.208 0.223 0.223 0.2375 0.2375 0.2145 0.2145 0.2145 0.202 0.202 0.206 0.206 0.2095 0.2095 0.2095 0.1935 0.1935 0.1765 0.1765 0.1525 0.1525 0.1525 0.1575 0.1575 0.15 0.15 0.158 0.158 0.1695 0.1695 0.1695 0.14 0.14 0.1495 0.1495 0.153 0.153 0.153 0.153 0.153 0.177 0.177 0.166 0.166 0.166 0.1705 0.1705 0.165 0.165 0.165 0.165 0.165 0.155 0.155 0.16 0.16
0.1095 0.121 0.121 0.1355 0.1355 0.1355 0.1375 0.1375 0.15 0.15 0.156 0.156 0.17 0.17 0.17 0.197 0.197 0.2425 0.2425 0.241 0.241 0.241 0.246 0.246 0.231 0.231 0.219 0.219 0.219 0.234 0.234 0.204 0.204 0.212 0.212 0.212 0.205 0.205 0.193 0.193 0.1745 0.1745 0.1745 0.174 0.174 0.1645 0.1645 0.14 0.14 0.1295 0.1295 0.1295 0.133 0.133 0.137 0.137 0.1425 0.1425 0.1425 0.1525 0.1525 0.1735 0.1735 0.159 0.159 0.159 0.179 0.179 0.1645 0.1645 0.152 0.152 0.152 0.1395 0.1395 0.1465 0.1465
0.1095 0.121 0.121 0.1355 0.1355 0.1355 0.1375 0.1375 0.15 0.15 0.156 0.156 0.17 0.17 0.17 0.197 0.197 0.2425 0.2425 0.241 0.241 0.241 0.246 0.246 0.231 0.231 0.219 0.219 0.219 0.234 0.234 0.204 0.204 0.212 0.212 0.212 0.205 0.205 0.193 0.193 0.1745 0.1745 0.1745 0.174 0.174 0.1645 0.1645 0.14 0.14 0.1295 0.1295 0.1295 0.133 0.133 0.137 0.137 0.1425 0.1425 0.1425 0.1525 0.1525 0.1735 0.1735 0.159 0.159 0.159 0.179 0.179 0.1645 0.1645 0.152 0.152 0.152 0.1395 0.1395 0.1465 0.1465
0.122 0.1425 0.1425 0.1375 0.1375 0.1375 0.1335 0.1335 0.1355 0.1355 0.162 0.162 0.1795 0.1795 0.1795 0.2295 0.2295 0.247 0.247 0.2635 0.2635 0.2635 0.2555 0.2555 0.2315 0.2315 0.21 0.21 0.21 0.1955 0.1955 0.2195 0.2195 0.205 0.205 0.205 0.192 0.192 0.186 0.186 0.181 0.181 0.181 0.154 0.154 0.1485 0.1485 0.133 0.133 0.1325 0.1325 0.1325 0.1465 0.1465 0.1315 0.1315 0.137 0.137 0.137 0.157 0.157 0.1715 0.1715 0.1785 0.1785 0.1785 0.1825 0.1825 0.1675 0.1675 0.159 0.159 0.159 0.143 0.143 0.1605 0.1605
0.122 0.1425 0.1425 0.1375 0.1375 0.1375 0.1335 0.1335 0.1355 0.1355 0.162 0.162 0.1795 0.1795 0.1795 0.2295 0.2295 0.247 0.247 0.2635 0.2635 0.2635 0.2555 0.2555 0.2315 0.2315 0.21 0.21 0.21 0.1955 0.1955 0.2195 0.2195 0.205 0.205 0.205 0.192 0.192 0.186 0.186 0.181 0.181 0.181 0.154 0.154 0.1485 0.1485 0.133 0.133 0.1325 0.1325 0.1325 0.1465 0.1465 0.1315 0.1315 0.137 0.137 0.137 0.157 0.157 0.1715 0.1715 0.1785 0.1785 0.1785 0.1825 0.1825 0.1675 0.1675 0.159 0.159 0.159 0.143 0.143 0.1605 0.1605
0.1585 0.156 0.156 0.1525 0.1525 0.1525 0.1135 0.1135 0.144 0.144 0.1735 0.1735 0.196 0.196 0.196 0.221 0.221 0.2525 0.2525 0.249 0.249 0.249 0.252 0.252 0.253 0.253 0.2185 0.2185 0.2185 0.2075 0.2075 0.2185 0.2185 0.243 0.243 0.243 0.2185 0.2185 0.2 0.2 0.2095 0.2095 0.2095 0.195 0.195 0.186 0.186 0.1905 0.1905 0.1835 0.1835 0.1835 0.2015 0.2015 0.1955 0.1955 0.1905 0.1905 0.1905 0.1705 0.1705 0.1825 0.1825 0.1925 0.1925 0.1925 0.197 0.197 0.1845 0.1845 0.17 0.17 0.17 0.1665 0.1665 0.1805 0.1805
0.1585 0.156 0.156 0.1525 0.1525 0.1525 0.1135 0.1135 0.144 0.144 0.1735 0.1735 0.196 0.196 0.196 0.221 0.221 0.2525 0.2525 0.249 0.249 0.249 0.252 0.252 0.253 0.253 0.2185 0.2185 0.2185 0.2075 0.2075 0.2185 0.2185 0.243 0.243 0.243 0.2185 0.2185 0.2 0.2 0.2095 0.2095 0.2095 0.195 0.195 0.186 0.186 0.1905 0.1905 0.1835 0.1835 0.1835 0.2015 0.2015 0.1955 0.1955 0.1905 0.1905 0.1905 0.1705 0.1705 0.1825 0.1825 0.1925 0.1925 0.1925 0.197 0.197 0.1845 0.1845 0.17 0.17 0.17 0.1665 0.1665 0.1805 0.1805
0.1585 0.156 0.156 0.1525 0.1525 0.1525 0.1135 0.1135 0.144 0.144 0.1735 0.1735 0.196 0.196 0.196 0.221 0.221 0.2525 0.2525 0.249 0.249 0.249 0.252 0.252 0.253 0.253 0.2185 0.2185 0.2185 0.2075 0.2075 0.2185 0.2185 0.243 0.243 0.243 0.2185 0.2185 0.2 0.2 0.2095 0.2095 0.2095 0.195 0.195 0.186 0.186 0.1905 0.1905 0.1835 0.1835 0.1835 0.2015 0.2015 0.1955 0.1955 0.1905 0.1905 0.1905 0.1705 0.1705 0.1825 0.1825 0.1925 0.1925 0.1925 0.197 0.197 0.1845 0.1845 0.17 0.17 0.17 0.1665 0.1665 0.1805 0.1805
0.1405 0.1325 0.1325 0.1315 0.1315 0.1315 0.1255 0.1255 0.1485 0.1485 0.2025 0.2025 0.2275 0.2275 0.2275 0.2525 0.2525 0.2525 0.2525 0.291 0.291 0.291 0.2645 0.2645 0.263 0.263 0.232 0.232 0.232 0.2515 0.2515 0.217 0.217 0.24 0.24 0.24 0.2305 0.2305 0.2 0.2 0.1935 0.1935 0.1935 0.242 0.242 0.2135 0.2135 0.1985 0.1985 0.2235 0.2235 0.2235 0.242 0.242 0.247 0.247 0.233 0.233 0.233 0.2265 0.2265 0.223 0.223 0.211 0.211 0.211 0.206 0.206 0.1935 0.1935 0.2325 0.2325 0.2325 0.227 0.227 0.2185 0.2185
