ndvi/NOAA-41.asc
ncols         252
nrows         154
xllcorner     -18.017974
yllcorner     13.481982
cellsize      0.035948
NODATA_value  -9999
[rows 102 to 135 of 154, columns 77 to 153 of 252]
0.2245 0.2245 0.231 0.231 0.2635 0.2635 0.2775 0.2775 0.2775 0.2585 0.2585 0.2365 0.2365 0.2475 0.2475 0.2375 0.2375 0.2375 0.257 0.257 0.238 0.238 0.2465 0.2465 0.2465 0.258 0.258 0.2475 0.2475 0.2565 0.2565 0.2565 0.273 0.273 0.2865 0.2865 0.264 0.264 0.264 0.2535 0.2535 0.25 0.25 0.2605 0.2605 0.2605 0.268 0.268 0.262 0.262 0.2715 0.2715 0.262 0.262 0.262 0.2745 0.2745 0.2595 0.2595 0.2585 0.2585 0.2585 0.262 0.262 0.2535 0.2535 0.2735 0.2735 0.2735 0.279 0.279 0.2785 0.2785 0.253 0.253 0.253 0.232
0.256 0.256 0.2545 0.2545 0.2485 0.2485 0.2525 0.2525 0.2525 0.2455 0.2455 0.235 0.235 0.2235 0.2235 0.219 0.219 0.219 0.211 0.211 0.2255 0.2255 0.2355 0.2355 0.2355 0.2675 0.2675 0.2555 0.2555 0.255 0.255 0.255 0.269 0.269 0.2765 0.2765 0.2745 0.2745 0.2745 0.2715 0.2715 0.267 0.267 0.265 0.265 0.265 0.2645 0.2645 0.2835 0.2835 0.2775 0.2775 0.273 0.273 0.273 0.257 0.257 0.279 0.279 0.257 0.257 0.257 0.265 0.265 0.2595 0.2595 0.2615 0.2615 0.2615 0.252 0.252 0.2465 0.2465 0.255 0.255 0.255 0.246
0.256 0.256 0.2545 0.2545 0.2485 0.2485 0.2525 0.2525 0.2525 0.2455 0.2455 0.235 0.235 0.2235 0.2235 0.219 0.219 0.219 0.211 0.211 0.2255 0.2255 0.2355 0.2355 0.2355 0.2675 0.2675 0.2555 0.2555 0.255 0.255 0.255 0.269 0.269 0.2765 0.2765 0.2745 0.2745 0.2745 0.2715 0.2715 0.267 0.267 0.265 0.265 0.265 0.2645 0.2645 0.2835 0.2835 0.2775 0.2775 0.273 0.273 0.273 0.257 0.257 0.279 0.279 0.257 0.257 0.257 0.265 0.265 0.2595 0.2595 0.2615 0.2615 0.2615 0.252 0.252 0.2465 0.2465 0.255 0.255 0.255 0.246
0.256 0.256 0.2545 0.2545 0.2485 0.2485 0.2525 0.2525 0.2525 0.2455 0.2455 0.235 0.235 0.2235 0.2235 0.219 0.219 0.219 0.211 0.211 0.2255 0.2255 0.2355 0.2355 0.2355 0.2675 0.2675 0.2555 0.2555 0.255 0.255 0.255 0.269 0.269 0.2765 0.2765 0.2745 0.2745 0.2745 0.2715 0.2715 0.267 0.267 0.265 0.265 0.265 0.2645 0.2645 0.2835 0.2835 0.2775 0.2775 0.273 0.273 0.273 0.257 0.257 0.279 0.279 0.257 0.257 0.257 0.265 0.265 0.2595 0.2595 0.2615 0.2615 0.2615 0.252 0.252 0.2465 0.2465 0.255 0.255 0.255 0.246
0.253 0.253 0.2525 0.2525 0.2585 0.2585 0.245 0.245 0.245 0.228 0.228 0.236 0.236 0.2325 0.2325 0.224 0.224 0.224 0.207 0.207 0.22 0.22 0.2445 0.2445 0.2445 0.2665 0.2665 0.2495 0.2495 0.241 0.241 0.241 0.264 0.264 0.2755 0.2755 0.267 0.267 0.267 0.262 0.262 0.258 0.258 0.2545 0.2545 0.2545 0.2685 0.2685 0.2735 0.2735 0.2605 0.2605 0.254 0.254 0.254 0.256 0.256 0.2635 0.2635 0.2405 0.2405 0.2405 0.26 0.26 0.268 0.268 0.267 0.267 0.267 0.2475 0.2475 0.241 0.241 0.2415 0.2415 0.2415 0.247
0.253 0.253 0.2525 0.2525 0.2585 0.2585 0.245 0.245 0.245 0.228 0.228 0.236 0.236 0.2325 0.2325 0.224 0.224 0.224 0.207 0.207 0.22 0.22 0.2445 0.2445 0.2445 0.2665 0.2665 0.2495 0.2495 0.241 0.241 0.241 0.264 0.264 0.2755 0.2755 0.267 0.267 0.267 0.262 0.262 0.258 0.258 0.2545 0.2545 0.2545 0.2685 0.2685 0.2735 0.2735 0.2605 0.2605 0.254 0.254 0.254 0.256 0.256 0.2635 0.2635 0.2405 0.2405 0.2405 0.26 0.26 0.268 0.268 0.267 0.267 0.267 0.2475 0.2475 0.241 0.241 0.2415 0.2415 0.2415 0.247
0.2555 0.2555 0.245 0.245 0.2565 0.2565 0.24 0.24 0.24 0.249 0.249 0.231 0.231 0.2515 0.2515 0.2355 0.2355 0.2355 0.2475 0.2475 0.2575 0.2575 0.2585 0.2585 0.2585 0.26 0.26 0.254 0.254 0.253 0.253 0.253 0.2625 0.2625 0.2685 0.2685 0.261 0.261 0.261 0.2535 0.2535 0.246 0.246 0.242 0.242 0.242 0.2345 0.2345 0.264 0.264 0.269 0.269 0.2755 0.2755 0.2755 0.251 0.251 0.2615 0.2615 0.253 0.253 0.253 0.2545 0.2545 0.2675 0.2675 0.2845 0.2845 0.2845 0.2725 0.2725 0.2325 0.2325 0.2335 0.2335 0.2335 0.2445
0.2555 0.2555 0.245 0.245 0.2565 0.2565 0.24 0.24 0.24 0.249 0.249 0.231 0.231 0.2515 0.2515 0.2355 0.2355 0.2355 0.2475 0.2475 0.2575 0.2575 0.2585 0.2585 0.2585 0.26 0.26 0.254 0.254 0.253 0.253 0.253 0.2625 0.2625 0.2685 0.2685 0.261 0.261 0.261 0.2535 0.2535 0.246 0.246 0.242 0.242 0.242 0.2345 0.2345 0.264 0.264 0.269 0.269 0.2755 0.2755 0.2755 0.251 0.251 0.2615 0.2615 0.253 0.253 0.253 0.2545 0.2545 0.2675 0.2675 0.2845 0.2845 0.2845 0.2725 0.2725 0.2325 0.2325 0.2335 0.2335 0.2335 0.2445
0.2485 0.2485 0.2525 0.2525 0.248 0.248 0.2375 0.2375 0.2375 0.2425 0.2425 0.2465 0.2465 0.266 0.266 0.28 0.28 0.28 0.268 0.268 0.2585 0.2585 0.2565 0.2565 0.2565 0.245 0.245 0.257 0.257 0.2725 0.2725 0.2725 0.2865 0.2865 0.2595 0.2595 0.2685 0.2685 0.2685 0.2445 0.2445 0.2335 0.2335 0.216 0.216 0.216 0.2455 0.2455 0.252 0.252 0.259 0.259 0.2765 0.2765 0.2765 0.26 0.26 0.2595 0.2595 0.2545 0.2545 0.2545 0.263 0.263 0.2735 0.2735 0.291 0.291 0.291 0.304 0.304 0.2945 0.2945 0.275 0.275 0.275 0.226
0.2485 0.2485 0.2525 0.2525 0.248 0.248 0.2375 0.2375 0.2375 0.2425 0.2425 0.2465 0.2465 0.266 0.266 0.28 0.28 0.28 0.268 0.268 0.2585 0.2585 0.2565 0.2565 0.2565 0.245 0.245 0.257 0.257 0.2725 0.2725 0.2725 0.2865 0.2865 0.2595 0.2595 0.2685 0.2685 0.2685 0.2445 0.2445 0.2335 0.2335 0.216 0.216 0.216 0.2455 0.2455 0.252 0.252 0.259 0.259 0.2765 0.2765 0.2765 0.26 0.26 0.2595 0.2595 0.2545 0.2545 0.2545 0.263 0.263 0.2735 0.2735 0.291 0.291 0.291 0.304 0.304 0.2945 0.2945 0.275 0.275 0.275 0.226
0.2485 0.2485 0.2525 0.2525 0.248 0.248 0.2375 0.2375 0.2375 0.2425 0.2425 0.2465 0.2465 0.266 0.266 0.28 0.28 0.28 0.268 0.268 0.2585 0.2585 0.2565 0.2565 0.2565 0.245 0.245 0.257 0.257 0.2725 0.2725 0.2725 0.2865 0.2865 0.2595 0.2595 0.2685 0.2685 0.2685 0.2445 0.2445 0.2335 0.2335 0.216 0.216 0.216 0.2455 0.2455 0.252 0.252 0.259 0.259 0.2765 0.2765 0.2765 0.26 0.26 0.2595 0.2595 0.2545 0.2545 0.2545 0.263 0.263 0.2735 0.2735 0.291 0.291 0.291 0.304 0.304 0.2945 0.2945 0.275 0.275 0.275 0.226
0.255 0.255 0.243 0.243 0.2555 0.2555 0.2655 0.2655 0.2655 0.263 0.263 0.255 0.255 0.248 0.248 0.2665 0.2665 0.2665 0.2685 0.2685 0.2765 0.2765 0.274 0.274 0.274 0.265 0.265 0.2745 0.2745 0.2585 0.2585 0.2585 0.272 0.272 0.274 0.274 0.264 0.264 0.264 0.2585 0.2585 0.2615 0.2615 0.2595 0.2595 0.2595 0.2755 0.2755 0.271 0.271 0.27 0.27 0.2735 0.2735 0.2735 0.2695 0.2695 0.2605 0.2605 0.2755 0.2755 0.2755 0.2645 0.2645 0.2595 0.2595 0.2735 0.2735 0.2735 0.275 0.275 0.2445 0.2445 0.265 0.265 0.265 0.221
0.255 0.255 0.243 0.243 0.2555 0.2555 0.2655 0.2655 0.2655 0.263 0.263 0.255 0.255 0.248 0.248 0.2665 0.2665 0.2665 0.2685 0.2685 0.2765 0.2765 0.274 0.274 0.274 0.265 0.265 0.2745 0.2745 0.2585 0.2585 0.2585 0.272 0.272 0.274 0.274 0.264 0.264 0.264 0.2585 0.2585 0.2615 0.2615 0.2595 0.2595 0.2595 0.2755 0.2755 0.271 0.271 0.27 0.27 0.2735 0.2735 0.2735 0.2695 0.2695 0.2605 0.2605 0.2755 0.2755 0.2755 0.2645 0.2645 0.2595 0.2595 0.2735 0.2735 0.2735 0.275 0.275 0.2445 0.2445 0.265 0.265 0.265 0.221
0.2465 0.2465 0.248 0.248 0.236 0.236 0.2385 0.2385 0.2385 0.2495 0.2495 0.2385 0.2385 0.254 0.254 0.2705 0.2705 0.2705 0.2845 0.2845 0.271 0.271 0.258 0.258 0.258 0.264 0.264 0.2705 0.2705 0.2535 0.2535 0.2535 0.265 0.265 0.272 0.272 0.2725 0.2725 0.2725 0.26 0.26 0.265 0.265 0.2615 0.2615 0.2615 0.271 0.271 0.2725 0.2725 0.2835 0.2835 0.2875 0.2875 0.2875 0.256 0.256 0.2735 0.2735 0.2585 0.2585 0.2585 0.2525 0.2525 0.2415 0.2415 0.2565 0.2565 0.2565 0.26 0.26 0.2635 0.2635 0.249 0.249 0.249 0.2135
0.2465 0.2465 0.248 0.248 0.236 0.236 0.2385 0.2385 0.2385 0.2495 0.2495 0.2385 0.2385 0.254 0.254 0.2705 0.2705 0.2705 0.2845 0.2845 0.271 0.271 0.258 0.258 0.258 0.264 0.264 0.2705 0.2705 0.2535 0.2535 0.2535 0.265 0.265 0.272 0.272 0.2725 0.2725 0.2725 0.26 0.26 0.265 0.265 0.2615 0.2615 0.2615 0.271 0.271 0.2725 0.2725 0.2835 0.2835 0.2875 0.2875 0.2875 0.256 0.256 0.2735 0.2735 0.2585 0.2585 0.2585 0.2525 0.2525 0.2415 0.2415 0.2565 0.2565 0.2565 0.26 0.26 0.2635 0.2635 0.249 0.249 0.249 0.2135
0.222 0.222 0.1995 0.1995 0.1915 0.1915 0.215 0.215 0.215 0.244 0.244 0.2495 0.2495 0.257 0.257 0.267 0.267 0.267 0.288 0.288 0.2775 0.2775 0.2675 0.2675 0.2675 0.273 0.273 0.2795 0.2795 0.2615 0.2615 0.2615 0.246 0.246 0.2885 0.2885 0.2805 0.2805 0.2805 0.2545 0.2545 0.251 0.251 0.269 0.269 0.269 0.2685 0.2685 0.282 0.282 0.275 0.275 0.2765 0.2765 0.2765 0.2685 0.2685 0.2635 0.2635 0.2685 0.2685 0.2685 0.2565 0.2565 0.2445 0.2445 0.2355 0.2355 0.2355 0.2655 0.2655 0.267 0.267 0.2765 0.2765 0.2765 0.2495
0.222 0.222 0.1995 0.1995 0.1915 0.1915 0.215 0.215 0.215 0.244 0.244 0.2495 0.2495 0.257 0.257 0.267 0.267 0.267 0.288 0.288 0.2775 0.2775 0.2675 0.2675 0.2675 0.273 0.273 0.2795 0.2795 0.2615 0.2615 0.2615 0.246 0.246 0.2885 0.2885 0.2805 0.2805 0.2805 0.2545 0.2545 0.251 0.251 0.269 0.269 0.269 0.2685 0.2685 0.282 0.282 0.275 0.275 0.2765 0.2765 0.2765 0.2685 0.2685 0.2635 0.2635 0.2685 0.2685 0.2685 0.2565 0.2565 0.2445 0.2445 0.2355 0.2355 0.2355 0.2655 0.2655 0.267 0.267 0.2765 0.2765 0.2765 0.2495
0.222 0.222 0.1995 0.1995 0.1915 0.1915 0.215 0.215 0.215 0.244 0.244 0.2495 0.2495 0.257 0.257 0.267 0.267 0.267 0.288 0.288 0.2775 0.2775 0.2675 0.2675 0.2675 0.273 0.273 0.2795 0.2795 0.2615 0.2615 0.2615 0.246 0.246 0.2885 0.2885 0.2805 0.2805 0.2805 0.2545 0.2545 0.251 0.251 0.269 0.269 0.269 0.2685 0.2685 0.282 0.282 0.275 0.275 0.2765 0.2765 0.2765 0.2685 0.2685 0.2635 0.2635 0.2685 0.2685 0.2685 0.2565 0.2565 0.2445 0.2445 0.2355 0.2355 0.2355 0.2655 0.2655 0.267 0.267 0.2765 0.2765 0.2765 0.2495
0.2365 0.2365 0.197 0.197 0.213 0.213 0.21 0.21 0.21 0.232 0.232 0.249 0.249 0.2515 0.2515 0.25 0.25 0.25 0.2865 0.2865 0.284 0.284 0.2645 0.2645 0.2645 0.271 0.271 0.2605 0.2605 0.2705 0.2705 0.2705 0.2805 0.2805 0.292 0.292 0.2665 0.2665 0.2665 0.2705 0.2705 0.289 0.289 0.2895 0.2895 0.2895 0.2865 0.2865 0.3025 0.3025 0.2905 0.2905 0.3075 0.3075 0.3075 0.278 0.278 0.2785 0.2785 0.267 0.267 0.267 0.25 0.25 0.256 0.256 0.2505 0.2505 0.2505 0.2535 0.2535 0.2665 0.2665 0.2725 0.2725 0.2725 0.2645
0.2365 0.2365 0.197 0.197 0.213 0.213 0.21 0.21 0.21 0.232 0.232 0.249 0.249 0.2515 0.2515 0.25 0.25 0.25 0.2865 0.2865 0.284 0.284 0.2645 0.2645 0.2645 0.271 0.271 0.2605 0.2605 0.2705 0.2705 0.2705 0.2805 0.2805 0.292 0.292 0.2665 0.2665 0.2665 0.2705 0.2705 0.289 0.289 0.2895 0.2895 0.2895 0.2865 0.2865 0.3025 0.3025 0.2905 0.2905 0.3075 0.3075 0.3075 0.278 0.278 0.2785 0.2785 0.267 0.267 0.267 0.25 0.25 0.256 0.256 0.2505 0.2505 0.2505 0.2535 0.2535 0.2665 0.2665 0.2725 0.2725 0.2725 0.2645
0.2155 0.2155 0.2185 0.2185 0.199 0.199 0.258 0.258 0.258 0.246 0.246 0.2525 0.2525 0.254 0.254 0.2455 0.2455 0.2455 0.267 0.267 0.2625 0.2625 0.273 0.273 0.273 0.275 0.275 0.273 0.273 0.256 0.256 0.256 0.273 0.273 0.2815 0.2815 0.2965 0.2965 0.2965 0.3155 0.3155 0.32 0.32 0.291 0.291 0.291 0.274 0.274 0.2915 0.2915 0.306 0.306 0.309 0.309 0.309 0.3015 0.3015 0.2835 0.2835 0.2835 0.2835 0.2835 0.2905 0.2905 0.281 0.281 0.276 0.276 0.276 0.2735 0.2735 0.284 0.284 0.2835 0.2835 0.2835 0.274
0.2155 0.2155 0.2185 0.2185 0.199 0.199 0.258 0.258 0.258 0.246 0.246 0.2525 0.2525 0.254 0.254 0.2455 0.2455 0.2455 0.267 0.267 0.2625 0.2625 0.273 0.273 0.273 0.275 0.275 0.273 0.273 0.256 0.256 0.256 0.273 0.273 0.2815 0.2815 0.2965 0.2965 0.2965 0.3155 0.3155 0.32 0.32 0.291 0.291 0.291 0.274 0.274 0.2915 0.2915 0.306 0.306 0.309 0.309 0.309 0.3015 0.3015 0.2835 0.2835 0.2835 0.2835 0.2835 0.2905 0.2905 0.281 0.281 0.276 0.276 0.276 0.2735 0.2735 0.284 0.284 0.2835 0.2835 0.2835 0.274
0.2375 0.2375 0.2195 0.2195 0.221 0.221 0.239 0.239 0.239 0.23 0.23 0.235 0.235 0.2505 0.2505 0.2355 0.2355 0.2355 0.271 0.271 0.2775 0.2775 0.2855 0.2855 0.2855 0.282 0.282 0.2785 0.2785 0.282 0.282 0.282 0.2965 0.2965 0.291 0.291 0.2995 0.2995 0.2995 0.3095 0.3095 0.312 0.312 0.3045 0.3045 0.3045 0.269 0.269 0.299 0.299 0.313 0.313 0.314 0.314 0.314 0.313 0.313 0.3025 0.3025 0.2785 0.2785 0.2785 0.2745 0.2745 0.2855 0.2855 0.287 0.287 0.287 0.2985 0.2985 0.3025 0.3025 0.295 0.295 0.295 0.293
0.2375 0.2375 0.2195 0.2195 0.221 0.221 0.239 0.239 0.239 0.23 0.23 0.235 0.235 0.2505 0.2505 0.2355 0.2355 0.2355 0.271 0.271 0.2775 0.2775 0.2855 0.2855 0.2855 0.282 0.282 0.2785 0.2785 0.282 0.282 0.282 0.2965 0.2965 0.291 0.291 0.2995 0.2995 0.2995 0.3095 0.3095 0.312 0.312 0.3045 0.3045 0.3045 0.269 0.269 0.299 0.299 0.313 0.313 0.314 0.314 0.314 0.313 0.313 0.3025 0.3025 0.2785 0.2785 0.2785 0.2745 0.2745 0.2855 0.2855 0.287 0.287 0.287 0.2985 0.2985 0.3025 0.3025 0.295 0.295 0.295 0.293
0.2715 0.2715 0.2165 0.2165 0.2555 0.2555 0.259 0.259 0.259 0.2655 0.2655 0.264 0.264 0.26 0.26 0.262 0.262 0.262 0.279 0.279 0.2855 0.2855 0.28 0.28 0.28 0.2855 0.2855 0.304 0.304 0.3 0.3 0.3 0.292 0.292 0.2875 0.2875 0.305 0.305 0.305 0.297 0.297 0.307 0.307 0.294 0.294 0.294 0.2935 0.2935 0.307 0.307 0.3045 0.3045 0.303 0.303 0.303 0.303 0.303 0.287 0.287 0.2865 0.2865 0.2865 0.2945 0.2945 0.2805 0.2805 0.2915 0.2915 0.2915 0.294 0.294 0.303 0.303 0.309 0.309 0.309 0.293
0.2715 0.2715 0.2165 0.2165 0.2555 0.2555 0.259 0.259 0.259 0.2655 0.2655 0.264 0.264 0.26 0.26 0.262 0.262 0.262 0.279 0.279 0.2855 0.2855 0.28 0.28 0.28 0.2855 0.2855 0.304 0.304 0.3 0.3 0.3 0.292 0.292 0.2875 0.2875 0.305 0.305 0.305 0.297 0.297 0.307 0.307 0.294 0.294 0.294 0.2935 0.2935 0.307 0.307 0.3045 0.3045 0.303 0.303 0.303 0.303 0.303 0.287 0.287 0.2865 0.2865 0.2865 0.2945 0.2945 0.2805 0.2805 0.2915 0.2915 0.2915 0.294 0.294 0.303 0.303 0.309 0.309 0.309 0.293
0.2715 0.2715 0.2165 0.2165 0.2555 0.2555 0.259 0.259 0.259 0.2655 0.2655 0.264 0.264 0.26 0.26 0.262 0.262 0.262 0.279 0.279 0.2855 0.2855 0.28 0.28 0.28 0.2855 0.2855 0.304 0.304 0.3 0.3 0.3 0.292 0.292 0.2875 0.2875 0.305 0.305 0.305 0.297 0.297 0.307 0.307 0.294 0.294 0.294 0.2935 0.2935 0.307 0.307 0.3045 0.3045 0.303 0.303 0.303 0.303 0.303 0.287 0.287 0.2865 0.2865 0.2865 0.2945 0.2945 0.2805 0.2805 0.2915 0.2915 0.2915 0.294 0.294 0.303 0.303 0.309 0.309 0.309 0.293
0.2725 0.2725 0.2535 0.2535 0.2725 0.2725 0.267 0.267 0.267 0.2795 0.2795 0.262 0.262 0.256 0.256 0.269 0.269 0.269 0.277 0.277 0.287 0.287 0.281 0.281 0.281 0.2855 0.2855 0.29 0.29 0.3 0.3 0.3 0.301 0.301 0.309 0.309 0.3145 0.3145 0.3145 0.323 0.323 0.317 0.317 0.304 0.304 0.304 0.297 0.297 0.297 0.297 0.301 0.301 0.3005 0.3005 0.3005 0.2965 0.2965 0.302 0.302 0.2875 0.2875 0.2875 0.276 0.276 0.287 0.287 0.314 0.314 0.314 0.3105 0.3105 0.3255 0.3255 0.3075 0.3075 0.3075 0.298
0.2725 0.2725 0.2535 0.2535 0.2725 0.2725 0.267 0.267 0.267 0.2795 0.2795 0.262 0.262 0.256 0.256 0.269 0.269 0.269 0.277 0.277 0.287 0.287 0.281 0.281 0.281 0.2855 0.2855 0.29 0.29 0.3 0.3 0.3 0.301 0.301 0.309 0.309 0.3145 0.3145 0.3145 0.323 0.323 0.317 0.317 0.304 0.304 0.304 0.297 0.297 0.297 0.297 0.301 0.301 0.3005 0.3005 0.3005 0.2965 0.2965 0.302 0.302 0.2875 0.2875 0.2875 0.276 0.276 0.287 0.287 0.314 0.314 0.314 0.3105 0.3105 0.3255 0.3255 0.3075 0.3075 0.3075 0.298
0.2505 0.2505 0.27 0.27 0.264 0.264 0.2665 0.2665 0.2665 0.2715 0.2715 0.288 0.288 0.284 0.284 0.286 0.286 0.286 0.2935 0.2935 0.295 0.295 0.282 0.282 0.282 0.295 0.295 0.297 0.297 0.295 0.295 0.295 0.3025 0.3025 0.3125 0.3125 0.326 0.326 0.326 0.328 0.328 0.3225 0.3225 0.305 0.305 0.305 0.286 0.286 0.3215 0.3215 0.307 0.307 0.3095 0.3095 0.3095 0.3065 0.3065 0.308 0.308 0.3175 0.3175 0.3175 0.3105 0.3105 0.314 0.314 0.3275 0.3275 0.3275 0.321 0.321 0.3145 0.3145 0.3285 0.3285 0.3285 0.315
0.2505 0.2505 0.27 0.27 0.264 0.264 0.2665 0.2665 0.2665 0.2715 0.2715 0.288 0.288 0.284 0.284 0.286 0.286 0.286 0.2935 0.2935 0.295 0.295 0.282 0.282 0.282 0.295 0.295 0.297 0.297 0.295 0.295 0.295 0.3025 0.3025 0.3125 0.3125 0.326 0.326 0.326 0.328 0.328 0.3225 0.3225 0.305 0.305 0.305 0.286 0.286 0.3215 0.3215 0.307 0.307 0.3095 0.3095 0.3095 0.3065 0.3065 0.308 0.308 0.3175 0.3175 0.3175 0.3105 0.3105 0.314 0.314 0.3275 0.3275 0.3275 0.321 0.321 0.3145 0.3145 0.3285 0.3285 0.3285 0.315
0.2595 0.2595 0.2695 0.2695 0.2805 0.2805 0.2825 0.2825 0.2825 0.277 0.277 0.285 0.285 0.2845 0.2845 0.2855 0.2855 0.2855 0.299 0.299 0.294 0.294 0.2945 0.2945 0.2945 0.3 0.3 0.3055 0.3055 0.305 0.305 0.305 0.3195 0.3195 0.333 0.333 0.332 0.332 0.332 0.3275 0.3275 0.339 0.339 0.3215 0.3215 0.3215 0.3225 0.3225 0.321 0.321 0.314 0.314 0.3035 0.3035 0.3035 0.29 0.29 0.312 0.312 0.322 0.322 0.322 0.3275 0.3275 0.316 0.316 0.315 0.315 0.315 0.3205 0.3205 0.328 0.328 0.3255 0.3255 0.3255 0.312
0.2595 0.2595 0.2695 0.2695 0.2805 0.2805 0.2825 0.2825 0.2825 0.277 0.277 0.285 0.285 0.2845 0.2845 0.2855 0.2855 0.2855 0.299 0.299 0.294 0.294 0.2945 0.2945 0.2945 0.3 0.3 0.3055 0.3055 0.305 0.305 0.305 0.3195 0.3195 0.333 0.333 0.332 0.332 0.332 0.3275 0.3275 0.339 0.339 0.3215 0.3215 0.3215 0.3225 0.3225 0.321 0.321 0.314 0.314 0.3035 0.3035 0.3035 0.29 0.29 0.312 0.312 0.322 0.322 0.322 0.3275 0.3275 0.316 0.316 0.315 0.315 0.315 0.3205 0.3205 0.328 0.328 0.3255 0.3255 0.3255 0.312
0.2595 0.2595 0.2695 0.2695 0.2805 0.2805 0.2825 0.2825 0.2825 0.277 0.277 0.285 0.285 0.2845 0.2845 0.2855 0.2855 0.2855 0.299 0.299 0.294 0.294 0.2945 0.2945 0.2945 0.3 0.3 0.3055 0.3055 0.305 0.305 0.305 0.3195 0.3195 0.333 0.333 0.332 0.332 0.332 0.3275 0.3275 0.339 0.339 0.3215 0.3215 0.3215 0.3225 0.3225 0.321 0.321 0.314 0.314 0.3035 0.3035 0.3035 0.29 0.29 0.312 0.312 0.322 0.322 0.322 0.3275 0.3275 0.316 0.316 0.315 0.315 0.315 0.3205 0.3205 0.328 0.328 0.3255 0.3255 0.3255 0.312
