ndvi/NOAA-54.asc
ncols         252
nrows         154
xllcorner     -18.017974
yllcorner     13.481982
cellsize      0.035948
NODATA_value  -9999
[rows 68 to 101 of 154, columns 156 to 233 of 252]
0.1615 0.1485 0.1485 0.1485 0.156 0.156 0.1935 0.1935 0.188 0.188 0.1895 0.1895 0.1895 0.2235 0.2235 0.2515 0.2515 0.2565 0.2565 0.2565 0.224 0.224 0.224 0.224 0.198 0.198 0.198 0.244 0.244 0.217 0.217 0.219 0.219 0.219 0.213 0.213 0.1975 0.1975 0.209 0.209 0.209 0.231 0.231 0.206 0.206 0.1975 0.1975 0.211 0.211 0.211 0.202 0.202 0.2365 0.2365 0.2335 0.2335 0.2335 0.217 0.217 0.224 0.224 0.217 0.217 0.217 0.1935 0.1935 0.21 0.21 0.234 0.234 0.234 0.229 0.229 0.236 0.236 0.2275 0.2275 0.2275
0.1745 0.1725 0.1725 0.1725 0.1865 0.1865 0.1905 0.1905 0.1795 0.1795 0.2095 0.2095 0.2095 0.238 0.238 0.2325 0.2325 0.2305 0.2305 0.2305 0.219 0.219 0.244 0.244 0.237 0.237 0.237 0.2235 0.2235 0.2265 0.2265 0.1995 0.1995 0.1995 0.212 0.212 0.206 0.206 0.235 0.235 0.235 0.221 0.221 0.2165 0.2165 0.2065 0.2065 0.2305 0.2305 0.2305 0.1965 0.1965 0.233 0.233 0.2295 0.2295 0.2295 0.2315 0.2315 0.2065 0.2065 0.2045 0.2045 0.2045 0.205 0.205 0.208 0.208 0.2285 0.2285 0.2285 0.226 0.226 0.224 0.224 0.1985 0.1985 0.1985
0.1745 0.1725 0.1725 0.1725 0.1865 0.1865 0.1905 0.1905 0.1795 0.1795 0.2095 0.2095 0.2095 0.238 0.238 0.2325 0.2325 0.2305 0.2305 0.2305 0.219 0.219 0.244 0.244 0.237 0.237 0.237 0.2235 0.2235 0.2265 0.2265 0.1995 0.1995 0.1995 0.212 0.212 0.206 0.206 0.235 0.235 0.235 0.221 0.221 0.2165 0.2165 0.2065 0.2065 0.2305 0.2305 0.2305 0.1965 0.1965 0.233 0.233 0.2295 0.2295 0.2295 0.2315 0.2315 0.2065 0.2065 0.2045 0.2045 0.2045 0.205 0.205 0.208 0.208 0.2285 0.2285 0.2285 0.226 0.226 0.224 0.224 0.1985 0.1985 0.1985
0.1825 0.213 0.213 0.213 0.2025 0.2025 0.181 0.181 0.1705 0.1705 0.1995 0.1995 0.1995 0.2125 0.2125 0.23 0.23 0.2295 0.2295 0.2295 0.2145 0.2145 0.2175 0.2175 0.2285 0.2285 0.2285 0.232 0.232 0.2425 0.2425 0.2275 0.2275 0.2275 0.211 0.211 0.211 0.211 0.221 0.221 0.221 0.2025 0.2025 0.2055 0.2055 0.2255 0.2255 0.2165 0.2165 0.2165 0.2255 0.2255 0.2315 0.2315 0.2285 0.2285 0.2285 0.2245 0.2245 0.238 0.238 0.2175 0.2175 0.2175 0.2145 0.2145 0.211 0.211 0.198 0.198 0.198 0.2125 0.2125 0.219 0.219 0.233 0.233 0.233
0.1825 0.213 0.213 0.213 0.2025 0.2025 0.181 0.181 0.1705 0.1705 0.1995 0.1995 0.1995 0.2125 0.2125 0.23 0.23 0.2295 0.2295 0.2295 0.2145 0.2145 0.2175 0.2175 0.2285 0.2285 0.2285 0.232 0.232 0.2425 0.2425 0.2275 0.2275 0.2275 0.211 0.211 0.211 0.211 0.221 0.221 0.221 0.2025 0.2025 0.2055 0.2055 0.2255 0.2255 0.2165 0.2165 0.2165 0.2255 0.2255 0.2315 0.2315 0.2285 0.2285 0.2285 0.2245 0.2245 0.238 0.238 0.2175 0.2175 0.2175 0.2145 0.2145 0.211 0.211 0.198 0.198 0.198 0.2125 0.2125 0.219 0.219 0.233 0.233 0.233
0.1825 0.213 0.213 0.213 0.2025 0.2025 0.181 0.181 0.1705 0.1705 0.1995 0.1995 0.1995 0.2125 0.2125 0.23 0.23 0.2295 0.2295 0.2295 0.2145 0.2145 0.2175 0.2175 0.2285 0.2285 0.2285 0.232 0.232 0.2425 0.2425 0.2275 0.2275 0.2275 0.211 0.211 0.211 0.211 0.221 0.221 0.221 0.2025 0.2025 0.2055 0.2055 0.2255 0.2255 0.2165 0.2165 0.2165 0.2255 0.2255 0.2315 0.2315 0.2285 0.2285 0.2285 0.2245 0.2245 0.238 0.238 0.2175 0.2175 0.2175 0.2145 0.2145 0.211 0.211 0.198 0.198 0.198 0.2125 0.2125 0.219 0.219 0.233 0.233 0.233
0.186 0.202 0.202 0.202 0.195 0.195 0.18 0.18 0.172 0.172 0.1905 0.1905 0.1905 0.226 0.226 0.2245 0.2245 0.1985 0.1985 0.1985 0.206 0.206 0.206 0.206 0.223 0.223 0.223 0.2145 0.2145 0.215 0.215 0.236 0.236 0.236 0.236 0.236 0.2425 0.2425 0.25 0.25 0.25 0.242 0.242 0.2415 0.2415 0.242 0.242 0.2295 0.2295 0.2295 0.232 0.232 0.238 0.238 0.2225 0.2225 0.2225 0.23 0.23 0.2325 0.2325 0.2165 0.2165 0.2165 0.221 0.221 0.203 0.203 0.2105 0.2105 0.2105 0.2325 0.2325 0.2335 0.2335 0.234 0.234 0.234
0.186 0.202 0.202 0.202 0.195 0.195 0.18 0.18 0.172 0.172 0.1905 0.1905 0.1905 0.226 0.226 0.2245 0.2245 0.1985 0.1985 0.1985 0.206 0.206 0.206 0.206 0.223 0.223 0.223 0.2145 0.2145 0.215 0.215 0.236 0.236 0.236 0.236 0.236 0.2425 0.2425 0.25 0.25 0.25 0.242 0.242 0.2415 0.2415 0.242 0.242 0.2295 0.2295 0.2295 0.232 0.232 0.238 0.238 0.2225 0.2225 0.2225 0.23 0.23 0.2325 0.2325 0.2165 0.2165 0.2165 0.221 0.221 0.203 0.203 0.2105 0.2105 0.2105 0.2325 0.2325 0.2335 0.2335 0.234 0.234 0.234
0.181 0.1915 0.1915 0.1915 0.177 0.177 0.182 0.182 0.1485 0.1485 0.193 0.193 0.193 0.2085 0.2085 0.217 0.217 0.208 0.208 0.208 0.2165 0.2165 0.2075 0.2075 0.2085 0.2085 0.2085 0.2215 0.2215 0.2265 0.2265 0.2335 0.2335 0.2335 0.234 0.234 0.2265 0.2265 0.234 0.234 0.234 0.2365 0.2365 0.2455 0.2455 0.2355 0.2355 0.2415 0.2415 0.2415 0.2635 0.2635 0.2335 0.2335 0.242 0.242 0.242 0.247 0.247 0.2405 0.2405 0.2485 0.2485 0.2485 0.2175 0.2175 0.22 0.22 0.199 0.199 0.199 0.2215 0.2215 0.219 0.219 0.2465 0.2465 0.2465
0.181 0.1915 0.1915 0.1915 0.177 0.177 0.182 0.182 0.1485 0.1485 0.193 0.193 0.193 0.2085 0.2085 0.217 0.217 0.208 0.208 0.208 0.2165 0.2165 0.2075 0.2075 0.2085 0.2085 0.2085 0.2215 0.2215 0.2265 0.2265 0.2335 0.2335 0.2335 0.234 0.234 0.2265 0.2265 0.234 0.234 0.234 0.2365 0.2365 0.2455 0.2455 0.2355 0.2355 0.2415 0.2415 0.2415 0.2635 0.2635 0.2335 0.2335 0.242 0.242 0.242 0.247 0.247 0.2405 0.2405 0.2485 0.2485 0.2485 0.2175 0.2175 0.22 0.22 0.199 0.199 0.199 0.2215 0.2215 0.219 0.219 0.2465 0.2465 0.2465
0.138 0.1685 0.1685 0.1685 0.145 0.145 0.1505 0.1505 0.1605 0.1605 0.19 0.19 0.19 0.197 0.197 0.2095 0.2095 0.2005 0.2005 0.2005 0.1995 0.1995 0.228 0.228 0.213 0.213 0.213 0.218 0.218 0.2175 0.2175 0.221 0.221 0.221 0.2245 0.2245 0.2255 0.2255 0.2355 0.2355 0.2355 0.2385 0.2385 0.249 0.249 0.237 0.237 0.247 0.247 0.247 0.247 0.247 0.2295 0.2295 0.225 0.225 0.225 0.244 0.244 0.2415 0.2415 0.2695 0.2695 0.2695 0.261 0.261 0.233 0.233 0.2425 0.2425 0.2425 0.225 0.225 0.2245 0.2245 0.218 0.218 0.218
0.138 0.1685 0.1685 0.1685 0.145 0.145 0.1505 0.1505 0.1605 0.1605 0.19 0.19 0.19 0.197 0.197 0.2095 0.2095 0.2005 0.2005 0.2005 0.1995 0.1995 0.228 0.228 0.213 0.213 0.213 0.218 0.218 0.2175 0.2175 0.221 0.221 0.221 0.2245 0.2245 0.2255 0.2255 0.2355 0.2355 0.2355 0.2385 0.2385 0.249 0.249 0.237 0.237 0.247 0.247 0.247 0.247 0.247 0.2295 0.2295 0.225 0.225 0.225 0.244 0.244 0.2415 0.2415 0.2695 0.2695 0.2695 0.261 0.261 0.233 0.233 0.2425 0.2425 0.2425 0.225 0.225 0.2245 0.2245 0.218 0.218 0.218
0.144 0.1475 0.1475 0.1475 0.143 0.143 0.148 0.148 0.1565 0.1565 0.191 0.191 0.191 0.204 0.204 0.216 0.216 0.2325 0.2325 0.2325 0.2345 0.2345 0.225 0.225 0.228 0.228 0.228 0.231 0.231 0.219 0.219 0.2295 0.2295 0.2295 0.245 0.245 0.229 0.229 0.2485 0.2485 0.2485 0.2525 0.2525 0.2525 0.2525 0.2225 0.2225 0.237 0.237 0.237 0.228 0.228 0.2305 0.2305 0.249 0.249 0.249 0.2555 0.2555 0.26 0.26 0.26 0.26 0.26 0.2645 0.2645 0.25 0.25 0.2485 0.2485 0.2485 0.2585 0.2585 0.2505 0.2505 0.25 0.25 0.25
0.144 0.1475 0.1475 0.1475 0.143 0.143 0.148 0.148 0.1565 0.1565 0.191 0.191 0.191 0.204 0.204 0.216 0.216 0.2325 0.2325 0.2325 0.2345 0.2345 0.225 0.225 0.228 0.228 0.228 0.231 0.231 0.219 0.219 0.2295 0.2295 0.2295 0.245 0.245 0.229 0.229 0.2485 0.2485 0.2485 0.2525 0.2525 0.2525 0.2525 0.2225 0.2225 0.237 0.237 0.237 0.228 0.228 0.2305 0.2305 0.249 0.249 0.249 0.2555 0.2555 0.26 0.26 0.26 0.26 0.26 0.2645 0.2645 0.25 0.25 0.2485 0.2485 0.2485 0.2585 0.2585 0.2505 0.2505 0.25 0.25 0.25
0.144 0.1475 0.1475 0.1475 0.143 0.143 0.148 0.148 0.1565 0.1565 0.191 0.191 0.191 0.204 0.204 0.216 0.216 0.2325 0.2325 0.2325 0.2345 0.2345 0.225 0.225 0.228 0.228 0.228 0.231 0.231 0.219 0.219 0.2295 0.2295 0.2295 0.245 0.245 0.229 0.229 0.2485 0.2485 0.2485 0.2525 0.2525 0.2525 0.2525 0.2225 0.2225 0.237 0.237 0.237 0.228 0.228 0.2305 0.2305 0.249 0.249 0.249 0.2555 0.2555 0.26 0.26 0.26 0.26 0.26 0.2645 0.2645 0.25 0.25 0.2485 0.2485 0.2485 0.2585 0.2585 0.2505 0.2505 0.25 0.25 0.25
0.1445 0.1545 0.1545 0.1545 0.153 0.153 0.1525 0.1525 0.1905 0.1905 0.202 0.202 0.202 0.2185 0.2185 0.236 0.236 0.2345 0.2345 0.2345 0.2325 0.2325 0.2375 0.2375 0.207 0.207 0.207 0.2195 0.2195 0.204 0.204 0.2205 0.2205 0.2205 0.2165 0.2165 0.232 0.232 0.2145 0.2145 0.2145 0.222 0.222 0.2175 0.2175 0.2235 0.2235 0.2415 0.2415 0.2415 0.251 0.251 0.25 0.25 0.2605 0.2605 0.2605 0.2555 0.2555 0.255 0.255 0.269 0.269 0.269 0.269 0.269 0.258 0.258 0.2645 0.2645 0.2645 0.26 0.26 0.263 0.263 0.274 0.274 0.274
0.1445 0.1545 0.1545 0.1545 0.153 0.153 0.1525 0.1525 0.1905 0.1905 0.202 0.202 0.202 0.2185 0.2185 0.236 0.236 0.2345 0.2345 0.2345 0.2325 0.2325 0.2375 0.2375 0.207 0.207 0.207 0.2195 0.2195 0.204 0.204 0.2205 0.2205 0.2205 0.2165 0.2165 0.232 0.232 0.2145 0.2145 0.2145 0.222 0.222 0.2175 0.2175 0.2235 0.2235 0.2415 0.2415 0.2415 0.251 0.251 0.25 0.25 0.2605 0.2605 0.2605 0.2555 0.2555 0.255 0.255 0.269 0.269 0.269 0.269 0.269 0.258 0.258 0.2645 0.2645 0.2645 0.26 0.26 0.263 0.263 0.274 0.274 0.274
0.167 0.1695 0.1695 0.1695 0.1615 0.1615 0.188 0.188 0.2 0.2 0.213 0.213 0.213 0.217 0.217 0.243 0.243 0.2455 0.2455 0.2455 0.2445 0.2445 0.242 0.242 0.219 0.219 0.219 0.232 0.232 0.2205 0.2205 0.214 0.214 0.214 0.215 0.215 0.224 0.224 0.242 0.242 0.242 0.2365 0.2365 0.2235 0.2235 0.242 0.242 0.2395 0.2395 0.2395 0.246 0.246 0.2595 0.2595 0.27 0.27 0.27 0.253 0.253 0.2575 0.2575 0.263 0.263 0.263 0.2765 0.2765 0.2615 0.2615 0.265 0.265 0.265 0.2745 0.2745 0.262 0.262 0.266 0.266 0.266
0.167 0.1695 0.1695 0.1695 0.1615 0.1615 0.188 0.188 0.2 0.2 0.213 0.213 0.213 0.217 0.217 0.243 0.243 0.2455 0.2455 0.2455 0.2445 0.2445 0.242 0.242 0.219 0.219 0.219 0.232 0.232 0.2205 0.2205 0.214 0.214 0.214 0.215 0.215 0.224 0.224 0.242 0.242 0.242 0.2365 0.2365 0.2235 0.2235 0.242 0.242 0.2395 0.2395 0.2395 0.246 0.246 0.2595 0.2595 0.27 0.27 0.27 0.253 0.253 0.2575 0.2575 0.263 0.263 0.263 0.2765 0.2765 0.2615 0.2615 0.265 0.265 0.265 0.2745 0.2745 0.262 0.262 0.266 0.266 0.266
0.165 0.187 0.187 0.187 0.184 0.184 0.1925 0.1925 0.2025 0.2025 0.2195 0.2195 0.2195 0.233 0.233 0.24 0.24 0.2435 0.2435 0.2435 0.233 0.233 0.224 0.224 0.221 0.221 0.221 0.217 0.217 0.2135 0.2135 0.2055 0.2055 0.2055 0.199 0.199 0.2305 0.2305 0.237 0.237 0.237 0.227 0.227 0.2335 0.2335 0.237 0.237 0.229 0.229 0.229 0.238 0.238 0.267 0.267 0.261 0.261 0.261 0.244 0.244 0.246 0.246 0.2595 0.2595 0.2595 0.2685 0.2685 0.268 0.268 0.271 0.271 0.271 0.283 0.283 0.262 0.262 0.2615 0.2615 0.2615
0.165 0.187 0.187 0.187 0.184 0.184 0.1925 0.1925 0.2025 0.2025 0.2195 0.2195 0.2195 0.233 0.233 0.24 0.24 0.2435 0.2435 0.2435 0.233 0.233 0.224 0.224 0.221 0.221 0.221 0.217 0.217 0.2135 0.2135 0.2055 0.2055 0.2055 0.199 0.199 0.2305 0.2305 0.237 0.237 0.237 0.227 0.227 0.2335 0.2335 0.237 0.237 0.229 0.229 0.229 0.238 0.238 0.267 0.267 0.261 0.261 0.261 0.244 0.244 0.246 0.246 0.2595 0.2595 0.2595 0.2685 0.2685 0.268 0.268 0.271 0.271 0.271 0.283 0.283 0.262 0.262 0.2615 0.2615 0.2615
0.165 0.187 0.187 0.187 0.184 0.184 0.1925 0.1925 0.2025 0.2025 0.2195 0.2195 0.2195 0.233 0.233 0.24 0.24 0.2435 0.2435 0.2435 0.233 0.233 0.224 0.224 0.221 0.221 0.221 0.217 0.217 0.2135 0.2135 0.2055 0.2055 0.2055 0.199 0.199 0.2305 0.2305 0.237 0.237 0.237 0.227 0.227 0.2335 0.2335 0.237 0.237 0.229 0.229 0.229 0.238 0.238 0.267 0.267 0.261 0.261 0.261 0.244 0.244 0.246 0.246 0.2595 0.2595 0.2595 0.2685 0.2685 0.268 0.268 0.271 0.271 0.271 0.283 0.283 0.262 0.262 0.2615 0.2615 0.2615
0.185 0.196 0.196 0.196 0.194 0.194 0.2 0.2 0.222 0.222 0.229 0.229 0.229 0.249 0.249 0.245 0.245 0.2375 0.2375 0.2375 0.2245 0.2245 0.21 0.21 0.2015 0.2015 0.2015 0.2115 0.2115 0.2225 0.2225 0.2185 0.2185 0.2185 0.233 0.233 0.259 0.259 0.2535 0.2535 0.2535 0.237 0.237 0.232 0.232 0.2245 0.2245 0.247 0.247 0.247 0.232 0.232 0.2395 0.2395 0.261 0.261 0.261 0.248 0.248 0.2465 0.2465 0.2545 0.2545 0.2545 0.275 0.275 0.262 0.262 0.2655 0.2655 0.2655 0.2385 0.2385 0.2465 0.2465 0.2335 0.2335 0.2335
0.185 0.196 0.196 0.196 0.194 0.194 0.2 0.2 0.222 0.222 0.229 0.229 0.229 0.249 0.249 0.245 0.245 0.2375 0.2375 0.2375 0.2245 0.2245 0.21 0.21 0.2015 0.2015 0.2015 0.2115 0.2115 0.2225 0.2225 0.2185 0.2185 0.2185 0.233 0.233 0.259 0.259 0.2535 0.2535 0.2535 0.237 0.237 0.232 0.232 0.2245 0.2245 0.247 0.247 0.247 0.232 0.232 0.2395 0.2395 0.261 0.261 0.261 0.248 0.248 0.2465 0.2465 0.2545 0.2545 0.2545 0.275 0.275 0.262 0.262 0.2655 0.2655 0.2655 0.2385 0.2385 0.2465 0.2465 0.2335 0.2335 0.2335
0.1975 0.2075 0.2075 0.2075 0.2145 0.2145 0.1925 0.1925 0.2145 0.2145 0.2375 0.2375 0.2375 0.247 0.247 0.245 0.245 0.23 0.23 0.23 0.2255 0.2255 0.223 0.223 0.199 0.199 0.199 0.2115 0.2115 0.228 0.228 0.231 0.231 0.231 0.2645 0.2645 0.2545 0.2545 0.233 0.233 0.233 0.2285 0.2285 0.238 0.238 0.238 0.238 0.2405 0.2405 0.2405 0.2415 0.2415 0.24 0.24 0.2495 0.2495 0.2495 0.243 0.243 0.246 0.246 0.248 0.248 0.248 0.2525 0.2525 0.2595 0.2595 0.264 0.264 0.264 0.238 0.238 0.2285 0.2285 0.244 0.244 0.244
0.1975 0.2075 0.2075 0.2075 0.2145 0.2145 0.1925 0.1925 0.2145 0.2145 0.2375 0.2375 0.2375 0.247 0.247 0.245 0.245 0.23 0.23 0.23 0.2255 0.2255 0.223 0.223 0.199 0.199 0.199 0.2115 0.2115 0.228 0.228 0.231 0.231 0.231 0.2645 0.2645 0.2545 0.2545 0.233 0.233 0.233 0.2285 0.2285 0.238 0.238 0.238 0.238 0.2405 0.2405 0.2405 0.2415 0.2415 0.24 0.24 0.2495 0.2495 0.2495 0.243 0.243 0.246 0.246 0.248 0.248 0.248 0.2525 0.2525 0.2595 0.2595 0.264 0.264 0.264 0.238 0.238 0.2285 0.2285 0.244 0.244 0.244
0.1955 0.2065 0.2065 0.2065 0.2145 0.2145 0.1925 0.1925 0.2045 0.2045 0.231 0.231 0.231 0.239 0.239 0.2385 0.2385 0.222 0.222 0.222 0.1995 0.1995 0.1895 0.1895 0.21 0.21 0.21 0.234 0.234 0.225 0.225 0.2575 0.2575 0.2575 0.223 0.223 0.2265 0.2265 0.2305 0.2305 0.2305 0.2335 0.2335 0.239 0.239 0.2515 0.2515 0.229 0.229 0.229 0.238 0.238 0.23 0.23 0.2545 0.2545 0.2545 0.2405 0.2405 0.249 0.249 0.246 0.246 0.246 0.264 0.264 0.2645 0.2645 0.2795 0.2795 0.2795 0.2575 0.2575 0.252 0.252 0.2345 0.2345 0.2345
0.1955 0.2065 0.2065 0.2065 0.2145 0.2145 0.1925 0.1925 0.2045 0.2045 0.231 0.231 0.231 0.239 0.239 0.2385 0.2385 0.222 0.222 0.222 0.1995 0.1995 0.1895 0.1895 0.21 0.21 0.21 0.234 0.234 0.225 0.225 0.2575 0.2575 0.2575 0.223 0.223 0.2265 0.2265 0.2305 0.2305 0.2305 0.2335 0.2335 0.239 0.239 0.2515 0.2515 0.229 0.229 0.229 0.238 0.238 0.23 0.23 0.2545 0.2545 0.2545 0.2405 0.2405 0.249 0.249 0.246 0.246 0.246 0.264 0.264 0.2645 0.2645 0.2795 0.2795 0.2795 0.2575 0.2575 0.252 0.252 0.2345 0.2345 0.2345
0.1955 0.2065 0.2065 0.2065 0.2145 0.2145 0.1925 0.1925 0.2045 0.2045 0.231 0.231 0.231 0.239 0.239 0.2385 0.2385 0.222 0.222 0.222 0.1995 0.1995 0.1895 0.1895 0.21 0.21 0.21 0.234 0.234 0.225 0.225 0.2575 0.2575 0.2575 0.223 0.223 0.2265 0.2265 0.2305 0.2305 0.2305 0.2335 0.2335 0.239 0.239 0.2515 0.2515 0.229 0.229 0.229 0.238 0.238 0.23 0.23 0.2545 0.2545 0.2545 0.2405 0.2405 0.249 0.249 0.246 0.246 0.246 0.264 0.264 0.2645 0.2645 0.2795 0.2795 0.2795 0.2575 0.2575 0.252 0.252 0.2345 0.2345 0.2345
0.2155 0.215 0.215 0.215 0.226 0.226 0.2145 0.2145 0.2135 0.2135 0.229 0.229 0.229 0.2225 0.2225 0.2325 0.2325 0.2235 0.2235 0.2235 0.226 0.226 0.2065 0.2065 0.2085 0.2085 0.2085 0.2325 0.2325 0.2235 0.2235 0.2205 0.2205 0.2205 0.2275 0.2275 0.2435 0.2435 0.244 0.244 0.244 0.2615 0.2615 0.241 0.241 0.2535 0.2535 0.2365 0.2365 0.2365 0.2265 0.2265 0.212 0.212 0.251 0.251 0.251 0.224 0.224 0.2345 0.2345 0.242 0.242 0.242 0.2465 0.2465 0.24 0.24 0.253 0.253 0.253 0.274 0.274 0.257 0.257 0.2545 0.2545 0.2545
0.2155 0.215 0.215 0.215 0.226 0.226 0.2145 0.2145 0.2135 0.2135 0.229 0.229 0.229 0.2225 0.2225 0.2325 0.2325 0.2235 0.2235 0.2235 0.226 0.226 0.2065 0.2065 0.2085 0.2085 0.2085 0.2325 0.2325 0.2235 0.2235 0.2205 0.2205 0.2205 0.2275 0.2275 0.2435 0.2435 0.244 0.244 0.244 0.2615 0.2615 0.241 0.241 0.2535 0.2535 0.2365 0.2365 0.2365 0.2265 0.2265 0.212 0.212 0.251 0.251 0.251 0.224 0.224 0.2345 0.2345 0.242 0.242 0.242 0.2465 0.2465 0.24 0.24 0.253 0.253 0.253 0.274 0.274 0.257 0.257 0.2545 0.2545 0.2545
0.2315 0.222 0.222 0.222 0.203 0.203 0.2065 0.2065 0.2275 0.2275 0.2135 0.2135 0.2135 0.242 0.242 0.248 0.248 0.249 0.249 0.249 0.233 0.233 0.2115 0.2115 0.2265 0.2265 0.2265 0.2195 0.2195 0.2245 0.2245 0.2245 0.2245 0.2245 0.237 0.237 0.2355 0.2355 0.248 0.248 0.248 0.2495 0.2495 0.2455 0.2455 0.219 0.219 0.231 0.231 0.231 0.242 0.242 0.227 0.227 0.233 0.233 0.233 0.227 0.227 0.239 0.239 0.23 0.23 0.23 0.248 0.248 0.2345 0.2345 0.246 0.246 0.246 0.2555 0.2555 0.2355 0.2355 0.2405 0.2405 0.2405
0.2315 0.222 0.222 0.222 0.203 0.203 0.2065 0.2065 0.2275 0.2275 0.2135 0.2135 0.2135 0.242 0.242 0.248 0.248 0.249 0.249 0.249 0.233 0.233 0.2115 0.2115 0.2265 0.2265 0.2265 0.2195 0.2195 0.2245 0.2245 0.2245 0.2245 0.2245 0.237 0.237 0.2355 0.2355 0.248 0.248 0.248 0.2495 0.2495 0.2455 0.2455 0.219 0.219 0.231 0.231 0.231 0.242 0.242 0.227 0.227 0.233 0.233 0.233 0.227 0.227 0.239 0.239 0.23 0.23 0.23 0.248 0.248 0.2345 0.2345 0.246 0.246 0.246 0.2555 0.2555 0.2355 0.2355 0.2405 0.2405 0.2405
0.217 0.199 0.199 0.199 0.2 0.2 0.213 0.213 0.213 0.213 0.232 0.232 0.232 0.235 0.235 0.2335 0.2335 0.2505 0.2505 0.2505 0.246 0.246 0.229 0.229 0.2255 0.2255 0.2255 0.2335 0.2335 0.239 0.239 0.2325 0.2325 0.2325 0.2295 0.2295 0.228 0.228 0.2345 0.2345 0.2345 0.234 0.234 0.2315 0.2315 0.229 0.229 0.227 0.227 0.227 0.225 0.225 0.2185 0.2185 0.2525 0.2525 0.2525 0.2295 0.2295 0.2335 0.2335 0.236 0.236 0.236 0.2455 0.2455 0.2365 0.2365 0.2155 0.2155 0.2155 0.216 0.216 0.2145 0.2145 0.213 0.213 0.213
