ndvi/NOAA-160.asc
ncols         252
nrows         154
xllcorner     -18.017974
yllcorner     13.481982
cellsize      0.035948
NODATA_value  -9999
[rows 102 to 135 of 154, columns 154 to 230 of 252]
0.215 0.1945 0.1945 0.181 0.181 0.181 0.1895 0.1895 0.198 0.198 0.2175 0.2175 0.222 0.222 0.222 0.2205 0.2205 0.2275 0.2275 0.248 0.248 0.248 0.237 0.237 0.235 0.235 0.2335 0.2335 0.2335 0.221 0.221 0.219 0.219 0.2175 0.2175 0.2175 0.2235 0.2235 0.2285 0.2285 0.219 0.219 0.219 0.2265 0.2265 0.2145 0.2145 0.226 0.226 0.21 0.21 0.21 0.2 0.2 0.197 0.197 0.1965 0.1965 0.1965 0.1925 0.1925 0.208 0.208 0.201 0.201 0.201 0.1955 0.1955 0.201 0.201 0.1885 0.1885 0.1885 0.201 0.201 0.212 0.212
0.202 0.2015 0.2015 0.1975 0.1975 0.1975 0.201 0.201 0.2105 0.2105 0.2245 0.2245 0.2215 0.2215 0.2215 0.2285 0.2285 0.2265 0.2265 0.2395 0.2395 0.2395 0.2335 0.2335 0.2335 0.2335 0.229 0.229 0.229 0.235 0.235 0.232 0.232 0.2375 0.2375 0.2375 0.2 0.2 0.2165 0.2165 0.2255 0.2255 0.2255 0.2335 0.2335 0.227 0.227 0.24 0.24 0.255 0.255 0.255 0.2225 0.2225 0.2085 0.2085 0.21 0.21 0.21 0.192 0.192 0.196 0.196 0.2015 0.2015 0.2015 0.208 0.208 0.215 0.215 0.211 0.211 0.211 0.1985 0.1985 0.194 0.194
0.202 0.2015 0.2015 0.1975 0.1975 0.1975 0.201 0.201 0.2105 0.2105 0.2245 0.2245 0.2215 0.2215 0.2215 0.2285 0.2285 0.2265 0.2265 0.2395 0.2395 0.2395 0.2335 0.2335 0.2335 0.2335 0.229 0.229 0.229 0.235 0.235 0.232 0.232 0.2375 0.2375 0.2375 0.2 0.2 0.2165 0.2165 0.2255 0.2255 0.2255 0.2335 0.2335 0.227 0.227 0.24 0.24 0.255 0.255 0.255 0.2225 0.2225 0.2085 0.2085 0.21 0.21 0.21 0.192 0.192 0.196 0.196 0.2015 0.2015 0.2015 0.208 0.208 0.215 0.215 0.211 0.211 0.211 0.1985 0.1985 0.194 0.194
0.202 0.2015 0.2015 0.1975 0.1975 0.1975 0.201 0.201 0.2105 0.2105 0.2245 0.2245 0.2215 0.2215 0.2215 0.2285 0.2285 0.2265 0.2265 0.2395 0.2395 0.2395 0.2335 0.2335 0.2335 0.2335 0.229 0.229 0.229 0.235 0.235 0.232 0.232 0.2375 0.2375 0.2375 0.2 0.2 0.2165 0.2165 0.2255 0.2255 0.2255 0.2335 0.2335 0.227 0.227 0.24 0.24 0.255 0.255 0.255 0.2225 0.2225 0.2085 0.2085 0.21 0.21 0.21 0.192 0.192 0.196 0.196 0.2015 0.2015 0.2015 0.208 0.208 0.215 0.215 0.211 0.211 0.211 0.1985 0.1985 0.194 0.194
0.208 0.22 0.22 0.2175 0.2175 0.2175 0.2015 0.2015 0.2075 0.2075 0.2375 0.2375 0.2255 0.2255 0.2255 0.2235 0.2235 0.2255 0.2255 0.199 0.199 0.199 0.2085 0.2085 0.228 0.228 0.236 0.236 0.236 0.2185 0.2185 0.22 0.22 0.23 0.23 0.23 0.2475 0.2475 0.237 0.237 0.226 0.226 0.226 0.2295 0.2295 0.2275 0.2275 0.226 0.226 0.226 0.226 0.226 0.2305 0.2305 0.2385 0.2385 0.2385 0.2385 0.2385 0.1975 0.1975 0.203 0.203 0.1955 0.1955 0.1955 0.197 0.197 0.209 0.209 0.195 0.195 0.195 0.221 0.221 0.2065 0.2065
0.208 0.22 0.22 0.2175 0.2175 0.2175 0.2015 0.2015 0.2075 0.2075 0.2375 0.2375 0.2255 0.2255 0.2255 0.2235 0.2235 0.2255 0.2255 0.199 0.199 0.199 0.2085 0.2085 0.228 0.228 0.236 0.236 0.236 0.2185 0.2185 0.22 0.22 0.23 0.23 0.23 0.2475 0.2475 0.237 0.237 0.226 0.226 0.226 0.2295 0.2295 0.2275 0.2275 0.226 0.226 0.226 0.226 0.226 0.2305 0.2305 0.2385 0.2385 0.2385 0.2385 0.2385 0.1975 0.1975 0.203 0.203 0.1955 0.1955 0.1955 0.197 0.197 0.209 0.209 0.195 0.195 0.195 0.221 0.221 0.2065 0.2065
0.239 0.243 0.243 0.2355 0.2355 0.2355 0.228 0.228 0.2175 0.2175 0.2255 0.2255 0.2255 0.2255 0.2255 0.22 0.22 0.2145 0.2145 0.2185 0.2185 0.2185 0.216 0.216 0.214 0.214 0.2115 0.2115 0.2115 0.2335 0.2335 0.2315 0.2315 0.2325 0.2325 0.2325 0.219 0.219 0.233 0.233 0.2345 0.2345 0.2345 0.237 0.237 0.229 0.229 0.232 0.232 0.226 0.226 0.226 0.233 0.233 0.194 0.194 0.192 0.192 0.192 0.2235 0.2235 0.213 0.213 0.228 0.228 0.228 0.233 0.233 0.2135 0.2135 0.204 0.204 0.204 0.2225 0.2225 0.227 0.227
0.239 0.243 0.243 0.2355 0.2355 0.2355 0.228 0.228 0.2175 0.2175 0.2255 0.2255 0.2255 0.2255 0.2255 0.22 0.22 0.2145 0.2145 0.2185 0.2185 0.2185 0.216 0.216 0.214 0.214 0.2115 0.2115 0.2115 0.2335 0.2335 0.2315 0.2315 0.2325 0.2325 0.2325 0.219 0.219 0.233 0.233 0.2345 0.2345 0.2345 0.237 0.237 0.229 0.229 0.232 0.232 0.226 0.226 0.226 0.233 0.233 0.194 0.194 0.192 0.192 0.192 0.2235 0.2235 0.213 0.213 0.228 0.228 0.228 0.233 0.233 0.2135 0.2135 0.204 0.204 0.204 0.2225 0.2225 0.227 0.227
0.2195 0.241 0.241 0.237 0.237 0.237 0.231 0.231 0.225 0.225 0.226 0.226 0.233 0.233 0.233 0.2185 0.2185 0.207 0.207 0.21 0.21 0.21 0.2115 0.2115 0.2425 0.2425 0.2335 0.2335 0.2335 0.249 0.249 0.249 0.249 0.2355 0.2355 0.2355 0.2305 0.2305 0.2485 0.2485 0.2345 0.2345 0.2345 0.2245 0.2245 0.228 0.228 0.2235 0.2235 0.2225 0.2225 0.2225 0.23 0.23 0.2185 0.2185 0.222 0.222 0.222 0.244 0.244 0.2465 0.2465 0.265 0.265 0.265 0.2435 0.2435 0.23 0.23 0.216 0.216 0.216 0.2205 0.2205 0.2395 0.2395
0.2195 0.241 0.241 0.237 0.237 0.237 0.231 0.231 0.225 0.225 0.226 0.226 0.233 0.233 0.233 0.2185 0.2185 0.207 0.207 0.21 0.21 0.21 0.2115 0.2115 0.2425 0.2425 0.2335 0.2335 0.2335 0.249 0.249 0.249 0.249 0.2355 0.2355 0.2355 0.2305 0.2305 0.2485 0.2485 0.2345 0.2345 0.2345 0.2245 0.2245 0.228 0.228 0.2235 0.2235 0.2225 0.2225 0.2225 0.23 0.23 0.2185 0.2185 0.222 0.222 0.222 0.244 0.244 0.2465 0.2465 0.265 0.265 0.265 0.2435 0.2435 0.23 0.23 0.216 0.216 0.216 0.2205 0.2205 0.2395 0.2395
0.2195 0.241 0.241 0.237 0.237 0.237 0.231 0.231 0.225 0.225 0.226 0.226 0.233 0.233 0.233 0.2185 0.2185 0.207 0.207 0.21 0.21 0.21 0.2115 0.2115 0.2425 0.2425 0.2335 0.2335 0.2335 0.249 0.249 0.249 0.249 0.2355 0.2355 0.2355 0.2305 0.2305 0.2485 0.2485 0.2345 0.2345 0.2345 0.2245 0.2245 0.228 0.228 0.2235 0.2235 0.2225 0.2225 0.2225 0.23 0.23 0.2185 0.2185 0.222 0.222 0.222 0.244 0.244 0.2465 0.2465 0.265 0.265 0.265 0.2435 0.2435 0.23 0.23 0.216 0.216 0.216 0.2205 0.2205 0.2395 0.2395
0.2235 0.2365 0.2365 0.229 0.229 0.229 0.2405 0.2405 0.242 0.242 0.2435 0.2435 0.2315 0.2315 0.2315 0.225 0.225 0.238 0.238 0.2205 0.2205 0.2205 0.214 0.214 0.222 0.222 0.2295 0.2295 0.2295 0.2405 0.2405 0.241 0.241 0.238 0.238 0.238 0.252 0.252 0.2215 0.2215 0.224 0.224 0.224 0.2215 0.2215 0.222 0.222 0.2415 0.2415 0.216 0.216 0.216 0.234 0.234 0.221 0.221 0.243 0.243 0.243 0.2425 0.2425 0.241 0.241 0.241 0.241 0.241 0.2485 0.2485 0.232 0.232 0.2285 0.2285 0.2285 0.226 0.226 0.2385 0.2385
0.2235 0.2365 0.2365 0.229 0.229 0.229 0.2405 0.2405 0.242 0.242 0.2435 0.2435 0.2315 0.2315 0.2315 0.225 0.225 0.238 0.238 0.2205 0.2205 0.2205 0.214 0.214 0.222 0.222 0.2295 0.2295 0.2295 0.2405 0.2405 0.241 0.241 0.238 0.238 0.238 0.252 0.252 0.2215 0.2215 0.224 0.224 0.224 0.2215 0.2215 0.222 0.222 0.2415 0.2415 0.216 0.216 0.216 0.234 0.234 0.221 0.221 0.243 0.243 0.243 0.2425 0.2425 0.241 0.241 0.241 0.241 0.241 0.2485 0.2485 0.232 0.232 0.2285 0.2285 0.2285 0.226 0.226 0.2385 0.2385
0.2045 0.217 0.217 0.2085 0.2085 0.2085 0.2415 0.2415 0.2275 0.2275 0.22 0.22 0.232 0.232 0.232 0.2335 0.2335 0.2315 0.2315 0.2265 0.2265 0.2265 0.236 0.236 0.233 0.233 0.2325 0.2325 0.2325 0.211 0.211 0.226 0.226 0.2325 0.2325 0.2325 0.208 0.208 0.1975 0.1975 0.2225 0.2225 0.2225 0.224 0.224 0.2475 0.2475 0.236 0.236 0.224 0.224 0.224 0.2345 0.2345 0.2325 0.2325 0.249 0.249 0.249 0.235 0.235 0.23 0.23 0.247 0.247 0.247 0.255 0.255 0.231 0.231 0.2325 0.2325 0.2325 0.226 0.226 0.239 0.239
0.2045 0.217 0.217 0.2085 0.2085 0.2085 0.2415 0.2415 0.2275 0.2275 0.22 0.22 0.232 0.232 0.232 0.2335 0.2335 0.2315 0.2315 0.2265 0.2265 0.2265 0.236 0.236 0.233 0.233 0.2325 0.2325 0.2325 0.211 0.211 0.226 0.226 0.2325 0.2325 0.2325 0.208 0.208 0.1975 0.1975 0.2225 0.2225 0.2225 0.224 0.224 0.2475 0.2475 0.236 0.236 0.224 0.224 0.224 0.2345 0.2345 0.2325 0.2325 0.249 0.249 0.249 0.235 0.235 0.23 0.23 0.247 0.247 0.247 0.255 0.255 0.231 0.231 0.2325 0.2325 0.2325 0.226 0.226 0.239 0.239
0.2395 0.221 0.221 0.231 0.231 0.231 0.2265 0.2265 0.2155 0.2155 0.2375 0.2375 0.2615 0.2615 0.2615 0.2515 0.2515 0.243 0.243 0.2375 0.2375 0.2375 0.2325 0.2325 0.226 0.226 0.249 0.249 0.249 0.224 0.224 0.2285 0.2285 0.223 0.223 0.223 0.2165 0.2165 0.226 0.226 0.2295 0.2295 0.2295 0.2275 0.2275 0.227 0.227 0.2095 0.2095 0.2205 0.2205 0.2205 0.243 0.243 0.2555 0.2555 0.234 0.234 0.234 0.239 0.239 0.257 0.257 0.2545 0.2545 0.2545 0.253 0.253 0.2625 0.2625 0.2525 0.2525 0.2525 0.227 0.227 0.2255 0.2255
0.2395 0.221 0.221 0.231 0.231 0.231 0.2265 0.2265 0.2155 0.2155 0.2375 0.2375 0.2615 0.2615 0.2615 0.2515 0.2515 0.243 0.243 0.2375 0.2375 0.2375 0.2325 0.2325 0.226 0.226 0.249 0.249 0.249 0.224 0.224 0.2285 0.2285 0.223 0.223 0.223 0.2165 0.2165 0.226 0.226 0.2295 0.2295 0.2295 0.2275 0.2275 0.227 0.227 0.2095 0.2095 0.2205 0.2205 0.2205 0.243 0.243 0.2555 0.2555 0.234 0.234 0.234 0.239 0.239 0.257 0.257 0.2545 0.2545 0.2545 0.253 0.253 0.2625 0.2625 0.2525 0.2525 0.2525 0.227 0.227 0.2255 0.2255
0.2395 0.221 0.221 0.231 0.231 0.231 0.2265 0.2265 0.2155 0.2155 0.2375 0.2375 0.2615 0.2615 0.2615 0.2515 0.2515 0.243 0.243 0.2375 0.2375 0.2375 0.2325 0.2325 0.226 0.226 0.249 0.249 0.249 0.224 0.224 0.2285 0.2285 0.223 0.223 0.223 0.2165 0.2165 0.226 0.226 0.2295 0.2295 0.2295 0.2275 0.2275 0.227 0.227 0.2095 0.2095 0.2205 0.2205 0.2205 0.243 0.243 0.2555 0.2555 0.234 0.234 0.234 0.239 0.239 0.257 0.257 0.2545 0.2545 0.2545 0.253 0.253 0.2625 0.2625 0.2525 0.2525 0.2525 0.227 0.227 0.2255 0.2255
0.235 0.235 0.235 0.238 0.238 0.238 0.221 0.221 0.227 0.227 0.2295 0.2295 0.2395 0.2395 0.2395 0.242 0.242 0.247 0.247 0.2615 0.2615 0.2615 0.259 0.259 0.2475 0.2475 0.2365 0.2365 0.2365 0.213 0.213 0.215 0.215 0.2165 0.2165 0.2165 0.212 0.212 0.203 0.203 0.218 0.218 0.218 0.222 0.222 0.253 0.253 0.221 0.221 0.2405 0.2405 0.2405 0.2405 0.2405 0.2455 0.2455 0.2375 0.2375 0.2375 0.249 0.249 0.2355 0.2355 0.2485 0.2485 0.2485 0.2705 0.2705 0.2655 0.2655 0.251 0.251 0.251 0.2295 0.2295 0.231 0.231
0.235 0.235 0.235 0.238 0.238 0.238 0.221 0.221 0.227 0.227 0.2295 0.2295 0.2395 0.2395 0.2395 0.242 0.242 0.247 0.247 0.2615 0.2615 0.2615 0.259 0.259 0.2475 0.2475 0.2365 0.2365 0.2365 0.213 0.213 0.215 0.215 0.2165 0.2165 0.2165 0.212 0.212 0.203 0.203 0.218 0.218 0.218 0.222 0.222 0.253 0.253 0.221 0.221 0.2405 0.2405 0.2405 0.2405 0.2405 0.2455 0.2455 0.2375 0.2375 0.2375 0.249 0.249 0.2355 0.2355 0.2485 0.2485 0.2485 0.2705 0.2705 0.2655 0.2655 0.251 0.251 0.251 0.2295 0.2295 0.231 0.231
0.24 0.2335 0.2335 0.245 0.245 0.245 0.228 0.228 0.2255 0.2255 0.238 0.238 0.23 0.23 0.23 0.2445 0.2445 0.254 0.254 0.2535 0.2535 0.2535 0.253 0.253 0.255 0.255 0.2245 0.2245 0.2245 0.2195 0.2195 0.217 0.217 0.21 0.21 0.21 0.207 0.207 0.212 0.212 0.2165 0.2165 0.2165 0.227 0.227 0.2865 0.2865 0.252 0.252 0.25 0.25 0.25 0.253 0.253 0.2505 0.2505 0.249 0.249 0.249 0.25 0.25 0.2395 0.2395 0.2545 0.2545 0.2545 0.266 0.266 0.232 0.232 0.227 0.227 0.227 0.242 0.242 0.246 0.246
0.24 0.2335 0.2335 0.245 0.245 0.245 0.228 0.228 0.2255 0.2255 0.238 0.238 0.23 0.23 0.23 0.2445 0.2445 0.254 0.254 0.2535 0.2535 0.2535 0.253 0.253 0.255 0.255 0.2245 0.2245 0.2245 0.2195 0.2195 0.217 0.217 0.21 0.21 0.21 0.207 0.207 0.212 0.212 0.2165 0.2165 0.2165 0.227 0.227 0.2865 0.2865 0.252 0.252 0.25 0.25 0.25 0.253 0.253 0.2505 0.2505 0.249 0.249 0.249 0.25 0.25 0.2395 0.2395 0.2545 0.2545 0.2545 0.266 0.266 0.232 0.232 0.227 0.227 0.227 0.242 0.242 0.246 0.246
0.2645 0.248 0.248 0.243 0.243 0.243 0.2245 0.2245 0.235 0.235 0.2565 0.2565 0.255 0.255 0.255 0.2425 0.2425 0.251 0.251 0.2415 0.2415 0.2415 0.24 0.24 0.252 0.252 0.2345 0.2345 0.2345 0.214 0.214 0.237 0.237 0.22 0.22 0.22 0.21 0.21 0.224 0.224 0.228 0.228 0.228 0.2125 0.2125 0.2595 0.2595 0.237 0.237 0.24 0.24 0.24 0.2625 0.2625 0.2365 0.2365 0.2495 0.2495 0.2495 0.2605 0.2605 0.2515 0.2515 0.2465 0.2465 0.2465 0.2345 0.2345 0.2455 0.2455 0.2465 0.2465 0.2465 0.2395 0.2395 0.237 0.237
0.2645 0.248 0.248 0.243 0.243 0.243 0.2245 0.2245 0.235 0.235 0.2565 0.2565 0.255 0.255 0.255 0.2425 0.2425 0.251 0.251 0.2415 0.2415 0.2415 0.24 0.24 0.252 0.252 0.2345 0.2345 0.2345 0.214 0.214 0.237 0.237 0.22 0.22 0.22 0.21 0.21 0.224 0.224 0.228 0.228 0.228 0.2125 0.2125 0.2595 0.2595 0.237 0.237 0.24 0.24 0.24 0.2625 0.2625 0.2365 0.2365 0.2495 0.2495 0.2495 0.2605 0.2605 0.2515 0.2515 0.2465 0.2465 0.2465 0.2345 0.2345 0.2455 0.2455 0.2465 0.2465 0.2465 0.2395 0.2395 0.237 0.237
0.243 0.238 0.238 0.2235 0.2235 0.2235 0.223 0.223 0.2265 0.2265 0.2485 0.2485 0.233 0.233 0.233 0.2505 0.2505 0.2365 0.2365 0.244 0.244 0.244 0.2505 0.2505 0.2415 0.2415 0.245 0.245 0.245 0.238 0.238 0.2285 0.2285 0.2315 0.2315 0.2315 0.23 0.23 0.226 0.226 0.2315 0.2315 0.2315 0.2185 0.2185 0.2845 0.2845 0.269 0.269 0.284 0.284 0.284 0.2535 0.2535 0.256 0.256 0.2455 0.2455 0.2455 0.2475 0.2475 0.2495 0.2495 0.2675 0.2675 0.2675 0.2365 0.2365 0.246 0.246 0.257 0.257 0.257 0.245 0.245 0.2325 0.2325
0.243 0.238 0.238 0.2235 0.2235 0.2235 0.223 0.223 0.2265 0.2265 0.2485 0.2485 0.233 0.233 0.233 0.2505 0.2505 0.2365 0.2365 0.244 0.244 0.244 0.2505 0.2505 0.2415 0.2415 0.245 0.245 0.245 0.238 0.238 0.2285 0.2285 0.2315 0.2315 0.2315 0.23 0.23 0.226 0.226 0.2315 0.2315 0.2315 0.2185 0.2185 0.2845 0.2845 0.269 0.269 0.284 0.284 0.284 0.2535 0.2535 0.256 0.256 0.2455 0.2455 0.2455 0.2475 0.2475 0.2495 0.2495 0.2675 0.2675 0.2675 0.2365 0.2365 0.246 0.246 0.257 0.257 0.257 0.245 0.245 0.2325 0.2325
0.243 0.238 0.238 0.2235 0.2235 0.2235 0.223 0.223 0.2265 0.2265 0.2485 0.2485 0.233 0.233 0.233 0.2505 0.2505 0.2365 0.2365 0.244 0.244 0.244 0.2505 0.2505 0.2415 0.2415 0.245 0.245 0.245 0.238 0.238 0.2285 0.2285 0.2315 0.2315 0.2315 0.23 0.23 0.226 0.226 0.2315 0.2315 0.2315 0.2185 0.2185 0.2845 0.2845 0.269 0.269 0.284 0.284 0.284 0.2535 0.2535 0.256 0.256 0.2455 0.2455 0.2455 0.2475 0.2475 0.2495 0.2495 0.2675 0.2675 0.2675 0.2365 0.2365 0.246 0.246 0.257 0.257 0.257 0.245 0.245 0.2325 0.2325
0.251 0.262 0.262 0.2345 0.2345 0.2345 0.2295 0.2295 0.2255 0.2255 0.2605 0.2605 0.246 0.246 0.246 0.2675 0.2675 0.244 0.244 0.2515 0.2515 0.2515 0.24 0.24 0.232 0.232 0.2475 0.2475 0.2475 0.2515 0.2515 0.247 0.247 0.2485 0.2485 0.2485 0.23 0.23 0.2365 0.2365 0.253 0.253 0.253 0.2505 0.2505 0.305 0.305 0.2645 0.2645 0.28 0.28 0.28 0.243 0.243 0.2545 0.2545 0.246 0.246 0.246 0.2605 0.2605 0.2605 0.2605 0.27 0.27 0.27 0.272 0.272 0.2585 0.2585 0.2545 0.2545 0.2545 0.24 0.24 0.241 0.241
0.251 0.262 0.262 0.2345 0.2345 0.2345 0.2295 0.2295 0.2255 0.2255 0.2605 0.2605 0.246 0.246 0.246 0.2675 0.2675 0.244 0.244 0.2515 0.2515 0.2515 0.24 0.24 0.232 0.232 0.2475 0.2475 0.2475 0.2515 0.2515 0.247 0.247 0.2485 0.2485 0.2485 0.23 0.23 0.2365 0.2365 0.253 0.253 0.253 0.2505 0.2505 0.305 0.305 0.2645 0.2645 0.28 0.28 0.28 0.243 0.243 0.2545 0.2545 0.246 0.246 0.246 0.2605 0.2605 0.2605 0.2605 0.27 0.27 0.27 0.272 0.272 0.2585 0.2585 0.2545 0.2545 0.2545 0.24 0.24 0.241 0.241
0.2835 0.239 0.239 0.2645 0.2645 0.2645 0.239 0.239 0.2415 0.2415 0.242 0.242 0.2375 0.2375 0.2375 0.242 0.242 0.239 0.239 0.261 0.261 0.261 0.241 0.241 0.265 0.265 0.2855 0.2855 0.2855 0.309 0.309 0.262 0.262 0.2505 0.2505 0.2505 0.258 0.258 0.2595 0.2595 0.2575 0.2575 0.2575 0.268 0.268 0.278 0.278 0.2775 0.2775 0.282 0.282 0.282 0.293 0.293 0.2955 0.2955 0.2985 0.2985 0.2985 0.2985 0.2985 0.2725 0.2725 0.2575 0.2575 0.2575 0.25 0.25 0.2715 0.2715 0.2675 0.2675 0.2675 0.259 0.259 0.2495 0.2495
0.2835 0.239 0.239 0.2645 0.2645 0.2645 0.239 0.239 0.2415 0.2415 0.242 0.242 0.2375 0.2375 0.2375 0.242 0.242 0.239 0.239 0.261 0.261 0.261 0.241 0.241 0.265 0.265 0.2855 0.2855 0.2855 0.309 0.309 0.262 0.262 0.2505 0.2505 0.2505 0.258 0.258 0.2595 0.2595 0.2575 0.2575 0.2575 0.268 0.268 0.278 0.278 0.2775 0.2775 0.282 0.282 0.282 0.293 0.293 0.2955 0.2955 0.2985 0.2985 0.2985 0.2985 0.2985 0.2725 0.2725 0.2575 0.2575 0.2575 0.25 0.25 0.2715 0.2715 0.2675 0.2675 0.2675 0.259 0.259 0.2495 0.2495
0.277 0.2705 0.2705 0.257 0.257 0.257 0.2275 0.2275 0.236 0.236 0.238 0.238 0.288 0.288 0.288 0.2685 0.2685 0.237 0.237 0.2495 0.2495 0.2495 0.26 0.26 0.258 0.258 0.3065 0.3065 0.3065 0.2765 0.2765 0.2715 0.2715 0.2395 0.2395 0.2395 0.259 0.259 0.2485 0.2485 0.2435 0.2435 0.2435 0.233 0.233 0.3165 0.3165 0.243 0.243 0.2765 0.2765 0.2765 0.2665 0.2665 0.2585 0.2585 0.269 0.269 0.269 0.287 0.287 0.307 0.307 0.2665 0.2665 0.2665 0.269 0.269 0.2765 0.2765 0.2695 0.2695 0.2695 0.265 0.265 0.26 0.26
0.277 0.2705 0.2705 0.257 0.257 0.257 0.2275 0.2275 0.236 0.236 0.238 0.238 0.288 0.288 0.288 0.2685 0.2685 0.237 0.237 0.2495 0.2495 0.2495 0.26 0.26 0.258 0.258 0.3065 0.3065 0.3065 0.2765 0.2765 0.2715 0.2715 0.2395 0.2395 0.2395 0.259 0.259 0.2485 0.2485 0.2435 0.2435 0.2435 0.233 0.233 0.3165 0.3165 0.243 0.243 0.2765 0.2765 0.2765 0.2665 0.2665 0.2585 0.2585 0.269 0.269 0.269 0.287 0.287 0.307 0.307 0.2665 0.2665 0.2665 0.269 0.269 0.2765 0.2765 0.2695 0.2695 0.2695 0.265 0.265 0.26 0.26
0.277 0.2705 0.2705 0.257 0.257 0.257 0.2275 0.2275 0.236 0.236 0.238 0.238 0.288 0.288 0.288 0.2685 0.2685 0.237 0.237 0.2495 0.2495 0.2495 0.26 0.26 0.258 0.258 0.3065 0.3065 0.3065 0.2765 0.2765 0.2715 0.2715 0.2395 0.2395 0.2395 0.259 0.259 0.2485 0.2485 0.2435 0.2435 0.2435 0.233 0.233 0.3165 0.3165 0.243 0.243 0.2765 0.2765 0.2765 0.2665 0.2665 0.2585 0.2585 0.269 0.269 0.269 0.287 0.287 0.307 0.307 0.2665 0.2665 0.2665 0.269 0.269 0.2765 0.2765 0.2695 0.2695 0.2695 0.265 0.265 0.26 0.26
