ndvi/NOAA-378.asc
ncols         252
nrows         154
xllcorner     -18.017974
yllcorner     13.481982
cellsize      0.035948
NODATA_value  -9999
[rows 34 to 67 of 154, columns 154 to 230 of 252]
0.126 0.123 0.123 0.1145 0.1145 0.1145 0.113 0.113 0.1175 0.1175 0.1155 0.1155 0.107 0.107 0.107 0.1205 0.1205 0.1135 0.1135 0.112 0.112 0.112 0.1105 0.1105 0.1355 0.1355 0.1345 0.1345 0.1345 0.1385 0.1385 0.1295 0.1295 0.133 0.133 0.133 0.14 0.14 0.136 0.136 0.132 0.132 0.132 0.124 0.124 0.1115 0.1115 0.1225 0.1225 0.1315 0.1315 0.1315 0.136 0.136 0.138 0.138 0.1345 0.1345 0.1345 0.122 0.122 0.1205 0.1205 0.1235 0.1235 0.1235 0.1255 0.1255 0.125 0.125 0.1245 0.1245 0.1245 0.1185 0.1185 0.125 0.125
0.126 0.123 0.123 0.1145 0.1145 0.1145 0.113 0.113 0.1175 0.1175 0.1155 0.1155 0.107 0.107 0.107 0.1205 0.1205 0.1135 0.1135 0.112 0.112 0.112 0.1105 0.1105 0.1355 0.1355 0.1345 0.1345 0.1345 0.1385 0.1385 0.1295 0.1295 0.133 0.133 0.133 0.14 0.14 0.136 0.136 0.132 0.132 0.132 0.124 0.124 0.1115 0.1115 0.1225 0.1225 0.1315 0.1315 0.1315 0.136 0.136 0.138 0.138 0.1345 0.1345 0.1345 0.122 0.122 0.1205 0.1205 0.1235 0.1235 0.1235 0.1255 0.1255 0.125 0.125 0.1245 0.1245 0.1245 0.1185 0.1185 0.125 0.125
0.126 0.123 0.123 0.1145 0.1145 0.1145 0.113 0.113 0.1175 0.1175 0.1155 0.1155 0.107 0.107 0.107 0.1205 0.1205 0.1135 0.1135 0.112 0.112 0.112 0.1105 0.1105 0.1355 0.1355 0.1345 0.1345 0.1345 0.1385 0.1385 0.1295 0.1295 0.133 0.133 0.133 0.14 0.14 0.136 0.136 0.132 0.132 0.132 0.124 0.124 0.1115 0.1115 0.1225 0.1225 0.1315 0.1315 0.1315 0.136 0.136 0.138 0.138 0.1345 0.1345 0.1345 0.122 0.122 0.1205 0.1205 0.1235 0.1235 0.1235 0.1255 0.1255 0.125 0.125 0.1245 0.1245 0.1245 0.1185 0.1185 0.125 0.125
0.1425 0.1065 0.1065 0.1055 0.1055 0.1055 0.1245 0.1245 0.128 0.128 0.1185 0.1185 0.123 0.123 0.123 0.109 0.109 0.116 0.116 0.1145 0.1145 0.1145 0.1135 0.1135 0.1215 0.1215 0.1365 0.1365 0.1365 0.132 0.132 0.1335 0.1335 0.134 0.134 0.134 0.1355 0.1355 0.1355 0.1355 0.132 0.132 0.132 0.128 0.128 0.115 0.115 0.1335 0.1335 0.139 0.139 0.139 0.132 0.132 0.125 0.125 0.132 0.132 0.132 0.128 0.128 0.128 0.128 0.127 0.127 0.127 0.1235 0.1235 0.127 0.127 0.1335 0.1335 0.1335 0.1315 0.1315 0.13 0.13
0.1425 0.1065 0.1065 0.1055 0.1055 0.1055 0.1245 0.1245 0.128 0.128 0.1185 0.1185 0.123 0.123 0.123 0.109 0.109 0.116 0.116 0.1145 0.1145 0.1145 0.1135 0.1135 0.1215 0.1215 0.1365 0.1365 0.1365 0.132 0.132 0.1335 0.1335 0.134 0.134 0.134 0.1355 0.1355 0.1355 0.1355 0.132 0.132 0.132 0.128 0.128 0.115 0.115 0.1335 0.1335 0.139 0.139 0.139 0.132 0.132 0.125 0.125 0.132 0.132 0.132 0.128 0.128 0.128 0.128 0.127 0.127 0.127 0.1235 0.1235 0.127 0.127 0.1335 0.1335 0.1335 0.1315 0.1315 0.13 0.13
0.107 0.1295 0.1295 0.1195 0.1195 0.1195 0.115 0.115 0.12 0.12 0.112 0.112 0.125 0.125 0.125 0.1255 0.1255 0.1105 0.1105 0.1165 0.1165 0.1165 0.115 0.115 0.127 0.127 0.1185 0.1185 0.1185 0.133 0.133 0.1265 0.1265 0.124 0.124 0.124 0.142 0.142 0.1285 0.1285 0.1295 0.1295 0.1295 0.1305 0.1305 0.139 0.139 0.1445 0.1445 0.146 0.146 0.146 0.1345 0.1345 0.138 0.138 0.1415 0.1415 0.1415 0.139 0.139 0.139 0.139 0.133 0.133 0.133 0.1265 0.1265 0.1315 0.1315 0.135 0.135 0.135 0.1365 0.1365 0.133 0.133
0.107 0.1295 0.1295 0.1195 0.1195 0.1195 0.115 0.115 0.12 0.12 0.112 0.112 0.125 0.125 0.125 0.1255 0.1255 0.1105 0.1105 0.1165 0.1165 0.1165 0.115 0.115 0.127 0.127 0.1185 0.1185 0.1185 0.133 0.133 0.1265 0.1265 0.124 0.124 0.124 0.142 0.142 0.1285 0.1285 0.1295 0.1295 0.1295 0.1305 0.1305 0.139 0.139 0.1445 0.1445 0.146 0.146 0.146 0.1345 0.1345 0.138 0.138 0.1415 0.1415 0.1415 0.139 0.139 0.139 0.139 0.133 0.133 0.133 0.1265 0.1265 0.1315 0.1315 0.135 0.135 0.135 0.1365 0.1365 0.133 0.133
0.1425 0.1385 0.1385 0.123 0.123 0.123 0.1345 0.1345 0.1195 0.1195 0.1175 0.1175 0.1295 0.1295 0.1295 0.1255 0.1255 0.1275 0.1275 0.1245 0.1245 0.1245 0.1385 0.1385 0.128 0.128 0.131 0.131 0.131 0.143 0.143 0.137 0.137 0.1295 0.1295 0.1295 0.129 0.129 0.123 0.123 0.12 0.12 0.12 0.141 0.141 0.12 0.12 0.1405 0.1405 0.1075 0.1075 0.1075 0.1305 0.1305 0.124 0.124 0.1375 0.1375 0.1375 0.1215 0.1215 0.134 0.134 0.14 0.14 0.14 0.144 0.144 0.139 0.139 0.136 0.136 0.136 0.1335 0.1335 0.135 0.135
0.1425 0.1385 0.1385 0.123 0.123 0.123 0.1345 0.1345 0.1195 0.1195 0.1175 0.1175 0.1295 0.1295 0.1295 0.1255 0.1255 0.1275 0.1275 0.1245 0.1245 0.1245 0.1385 0.1385 0.128 0.128 0.131 0.131 0.131 0.143 0.143 0.137 0.137 0.1295 0.1295 0.1295 0.129 0.129 0.123 0.123 0.12 0.12 0.12 0.141 0.141 0.12 0.12 0.1405 0.1405 0.1075 0.1075 0.1075 0.1305 0.1305 0.124 0.124 0.1375 0.1375 0.1375 0.1215 0.1215 0.134 0.134 0.14 0.14 0.14 0.144 0.144 0.139 0.139 0.136 0.136 0.136 0.1335 0.1335 0.135 0.135
0.1425 0.1385 0.1385 0.123 0.123 0.123 0.1345 0.1345 0.1195 0.1195 0.1175 0.1175 0.1295 0.1295 0.1295 0.1255 0.1255 0.1275 0.1275 0.1245 0.1245 0.1245 0.1385 0.1385 0.128 0.128 0.131 0.131 0.131 0.143 0.143 0.137 0.137 0.1295 0.1295 0.1295 0.129 0.129 0.123 0.123 0.12 0.12 0.12 0.141 0.141 0.12 0.12 0.1405 0.1405 0.1075 0.1075 0.1075 0.1305 0.1305 0.124 0.124 0.1375 0.1375 0.1375 0.1215 0.1215 0.134 0.134 0.14 0.14 0.14 0.144 0.144 0.139 0.139 0.136 0.136 0.136 0.1335 0.1335 0.135 0.135
0.127 0.115 0.115 0.1165 0.1165 0.1165 0.128 0.128 0.0995 0.0995 0.107 0.107 0.107 0.107 0.107 0.1085 0.1085 0.1275 0.1275 0.13 0.13 0.13 0.1385 0.1385 0.135 0.135 0.13 0.13 0.13 0.1335 0.1335 0.143 0.143 0.1515 0.1515 0.1515 0.132 0.132 0.132 0.132 0.1255 0.1255 0.1255 0.121 0.121 0.1345 0.1345 0.1525 0.1525 0.142 0.142 0.142 0.142 0.142 0.1305 0.1305 0.128 0.128 0.128 0.125 0.125 0.13 0.13 0.1375 0.1375 0.1375 0.132 0.132 0.1345 0.1345 0.135 0.135 0.135 0.142 0.142 0.1345 0.1345
0.127 0.115 0.115 0.1165 0.1165 0.1165 0.128 0.128 0.0995 0.0995 0.107 0.107 0.107 0.107 0.107 0.1085 0.1085 0.1275 0.1275 0.13 0.13 0.13 0.1385 0.1385 0.135 0.135 0.13 0.13 0.13 0.1335 0.1335 0.143 0.143 0.1515 0.1515 0.1515 0.132 0.132 0.132 0.132 0.1255 0.1255 0.1255 0.121 0.121 0.1345 0.1345 0.1525 0.1525 0.142 0.142 0.142 0.142 0.142 0.1305 0.1305 0.128 0.128 0.128 0.125 0.125 0.13 0.13 0.1375 0.1375 0.1375 0.132 0.132 0.1345 0.1345 0.135 0.135 0.135 0.142 0.142 0.1345 0.1345
0.122 0.131 0.131 0.1565 0.1565 0.1565 0.1385 0.1385 0.1585 0.1585 0.156 0.156 0.1535 0.1535 0.1535 0.157 0.157 0.1585 0.1585 0.171 0.171 0.171 0.14 0.14 0.136 0.136 0.138 0.138 0.138 0.14 0.14 0.1435 0.1435 0.1395 0.1395 0.1395 0.139 0.139 0.137 0.137 0.141 0.141 0.141 0.1495 0.1495 0.148 0.148 0.1475 0.1475 0.147 0.147 0.147 0.1275 0.1275 0.1225 0.1225 0.1405 0.1405 0.1405 0.121 0.121 0.133 0.133 0.1435 0.1435 0.1435 0.1395 0.1395 0.1415 0.1415 0.1435 0.1435 0.1435 0.136 0.136 0.131 0.131
0.122 0.131 0.131 0.1565 0.1565 0.1565 0.1385 0.1385 0.1585 0.1585 0.156 0.156 0.1535 0.1535 0.1535 0.157 0.157 0.1585 0.1585 0.171 0.171 0.171 0.14 0.14 0.136 0.136 0.138 0.138 0.138 0.14 0.14 0.1435 0.1435 0.1395 0.1395 0.1395 0.139 0.139 0.137 0.137 0.141 0.141 0.141 0.1495 0.1495 0.148 0.148 0.1475 0.1475 0.147 0.147 0.147 0.1275 0.1275 0.1225 0.1225 0.1405 0.1405 0.1405 0.121 0.121 0.133 0.133 0.1435 0.1435 0.1435 0.1395 0.1395 0.1415 0.1415 0.1435 0.1435 0.1435 0.136 0.136 0.131 0.131
0.098 0.063 0.063 0.1365 0.1365 0.1365 0.17 0.17 0.17 0.17 0.1485 0.1485 0.1625 0.1625 0.1625 0.164 0.164 0.1685 0.1685 0.1415 0.1415 0.1415 0.1475 0.1475 0.152 0.152 0.1575 0.1575 0.1575 0.152 0.152 0.1455 0.1455 0.1495 0.1495 0.1495 0.1505 0.1505 0.127 0.127 0.1465 0.1465 0.1465 0.139 0.139 0.1505 0.1505 0.141 0.141 0.163 0.163 0.163 0.1195 0.1195 0.132 0.132 0.138 0.138 0.138 0.1245 0.1245 0.133 0.133 0.1425 0.1425 0.1425 0.1345 0.1345 0.1455 0.1455 0.1485 0.1485 0.1485 0.1345 0.1345 0.135 0.135
0.098 0.063 0.063 0.1365 0.1365 0.1365 0.17 0.17 0.17 0.17 0.1485 0.1485 0.1625 0.1625 0.1625 0.164 0.164 0.1685 0.1685 0.1415 0.1415 0.1415 0.1475 0.1475 0.152 0.152 0.1575 0.1575 0.1575 0.152 0.152 0.1455 0.1455 0.1495 0.1495 0.1495 0.1505 0.1505 0.127 0.127 0.1465 0.1465 0.1465 0.139 0.139 0.1505 0.1505 0.141 0.141 0.163 0.163 0.163 0.1195 0.1195 0.132 0.132 0.138 0.138 0.138 0.1245 0.1245 0.133 0.133 0.1425 0.1425 0.1425 0.1345 0.1345 0.1455 0.1455 0.1485 0.1485 0.1485 0.1345 0.1345 0.135 0.135
0.098 0.063 0.063 0.1365 0.1365 0.1365 0.17 0.17 0.17 0.17 0.1485 0.1485 0.1625 0.1625 0.1625 0.164 0.164 0.1685 0.1685 0.1415 0.1415 0.1415 0.1475 0.1475 0.152 0.152 0.1575 0.1575 0.1575 0.152 0.152 0.1455 0.1455 0.1495 0.1495 0.1495 0.1505 0.1505 0.127 0.127 0.1465 0.1465 0.1465 0.139 0.139 0.1505 0.1505 0.141 0.141 0.163 0.163 0.163 0.1195 0.1195 0.132 0.132 0.138 0.138 0.138 0.1245 0.1245 0.133 0.133 0.1425 0.1425 0.1425 0.1345 0.1345 0.1455 0.1455 0.1485 0.1485 0.1485 0.1345 0.1345 0.135 0.135
0.1175 0.106 0.106 0.1475 0.1475 0.1475 0.1725 0.1725 0.177 0.177 0.1605 0.1605 0.1665 0.1665 0.1665 0.1475 0.1475 0.1465 0.1465 0.141 0.141 0.141 0.1545 0.1545 0.151 0.151 0.147 0.147 0.147 0.1655 0.1655 0.1605 0.1605 0.159 0.159 0.159 0.1365 0.1365 0.14 0.14 0.1525 0.1525 0.1525 0.1355 0.1355 0.1485 0.1485 0.126 0.126 0.1225 0.1225 0.1225 0.1095 0.1095 0.1105 0.1105 0.1365 0.1365 0.1365 0.1605 0.1605 0.136 0.136 0.1425 0.1425 0.1425 0.1635 0.1635 0.139 0.139 0.151 0.151 0.151 0.1385 0.1385 0.143 0.143
0.1175 0.106 0.106 0.1475 0.1475 0.1475 0.1725 0.1725 0.177 0.177 0.1605 0.1605 0.1665 0.1665 0.1665 0.1475 0.1475 0.1465 0.1465 0.141 0.141 0.141 0.1545 0.1545 0.151 0.151 0.147 0.147 0.147 0.1655 0.1655 0.1605 0.1605 0.159 0.159 0.159 0.1365 0.1365 0.14 0.14 0.1525 0.1525 0.1525 0.1355 0.1355 0.1485 0.1485 0.126 0.126 0.1225 0.1225 0.1225 0.1095 0.1095 0.1105 0.1105 0.1365 0.1365 0.1365 0.1605 0.1605 0.136 0.136 0.1425 0.1425 0.1425 0.1635 0.1635 0.139 0.139 0.151 0.151 0.151 0.1385 0.1385 0.143 0.143
0.128 0.0975 0.0975 0.1515 0.1515 0.1515 0.186 0.186 0.185 0.185 0.1655 0.1655 0.181 0.181 0.181 0.167 0.167 0.128 0.128 0.133 0.133 0.133 0.154 0.154 0.164 0.164 0.1845 0.1845 0.1845 0.179 0.179 0.174 0.174 0.1695 0.1695 0.1695 0.1665 0.1665 0.188 0.188 0.146 0.146 0.146 0.1485 0.1485 0.1515 0.1515 0.1405 0.1405 0.127 0.127 0.127 0.13 0.13 0.1565 0.1565 0.1715 0.1715 0.1715 0.162 0.162 0.151 0.151 0.1735 0.1735 0.1735 0.1475 0.1475 0.1705 0.1705 0.171 0.171 0.171 0.175 0.175 0.1555 0.1555
0.128 0.0975 0.0975 0.1515 0.1515 0.1515 0.186 0.186 0.185 0.185 0.1655 0.1655 0.181 0.181 0.181 0.167 0.167 0.128 0.128 0.133 0.133 0.133 0.154 0.154 0.164 0.164 0.1845 0.1845 0.1845 0.179 0.179 0.174 0.174 0.1695 0.1695 0.1695 0.1665 0.1665 0.188 0.188 0.146 0.146 0.146 0.1485 0.1485 0.1515 0.1515 0.1405 0.1405 0.127 0.127 0.127 0.13 0.13 0.1565 0.1565 0.1715 0.1715 0.1715 0.162 0.162 0.151 0.151 0.1735 0.1735 0.1735 0.1475 0.1475 0.1705 0.1705 0.171 0.171 0.171 0.175 0.175 0.1555 0.1555
0.133 0.1015 0.1015 0.1485 0.1485 0.1485 0.158 0.158 0.1745 0.1745 0.1725 0.1725 0.173 0.173 0.173 0.1765 0.1765 0.1675 0.1675 0.18 0.18 0.18 0.1785 0.1785 0.1955 0.1955 0.187 0.187 0.187 0.176 0.176 0.178 0.178 0.1775 0.1775 0.1775 0.1655 0.1655 0.1735 0.1735 0.1565 0.1565 0.1565 0.136 0.136 0.1315 0.1315 0.1365 0.1365 0.144 0.144 0.144 0.124 0.124 0.1395 0.1395 0.1435 0.1435 0.1435 0.1535 0.1535 0.156 0.156 0.1605 0.1605 0.1605 0.166 0.166 0.161 0.161 0.17 0.17 0.17 0.161 0.161 0.1625 0.1625
0.133 0.1015 0.1015 0.1485 0.1485 0.1485 0.158 0.158 0.1745 0.1745 0.1725 0.1725 0.173 0.173 0.173 0.1765 0.1765 0.1675 0.1675 0.18 0.18 0.18 0.1785 0.1785 0.1955 0.1955 0.187 0.187 0.187 0.176 0.176 0.178 0.178 0.1775 0.1775 0.1775 0.1655 0.1655 0.1735 0.1735 0.1565 0.1565 0.1565 0.136 0.136 0.1315 0.1315 0.1365 0.1365 0.144 0.144 0.144 0.124 0.124 0.1395 0.1395 0.1435 0.1435 0.1435 0.1535 0.1535 0.156 0.156 0.1605 0.1605 0.1605 0.166 0.166 0.161 0.161 0.17 0.17 0.17 0.161 0.161 0.1625 0.1625
0.1135 0.0725 0.0725 0.105 0.105 0.105 0.1725 0.1725 0.164 0.164 0.164 0.164 0.179 0.179 0.179 0.173 0.173 0.184 0.184 0.1865 0.1865 0.1865 0.196 0.196 0.204 0.204 0.182 0.182 0.182 0.1835 0.1835 0.182 0.182 0.1715 0.1715 0.1715 0.1605 0.1605 0.1705 0.1705 0.152 0.152 0.152 0.142 0.142 0.15 0.15 0.1125 0.1125 0.1345 0.1345 0.1345 0.125 0.125 0.1265 0.1265 0.13 0.13 0.13 0.141 0.141 0.158 0.158 0.177 0.177 0.177 0.1685 0.1685 0.1655 0.1655 0.165 0.165 0.165 0.1565 0.1565 0.1635 0.1635
0.1135 0.0725 0.0725 0.105 0.105 0.105 0.1725 0.1725 0.164 0.164 0.164 0.164 0.179 0.179 0.179 0.173 0.173 0.184 0.184 0.1865 0.1865 0.1865 0.196 0.196 0.204 0.204 0.182 0.182 0.182 0.1835 0.1835 0.182 0.182 0.1715 0.1715 0.1715 0.1605 0.1605 0.1705 0.1705 0.152 0.152 0.152 0.142 0.142 0.15 0.15 0.1125 0.1125 0.1345 0.1345 0.1345 0.125 0.125 0.1265 0.1265 0.13 0.13 0.13 0.141 0.141 0.158 0.158 0.177 0.177 0.177 0.1685 0.1685 0.1655 0.1655 0.165 0.165 0.165 0.1565 0.1565 0.1635 0.1635
0.1135 0.0725 0.0725 0.105 0.105 0.105 0.1725 0.1725 0.164 0.164 0.164 0.164 0.179 0.179 0.179 0.173 0.173 0.184 0.184 0.1865 0.1865 0.1865 0.196 0.196 0.204 0.204 0.182 0.182 0.182 0.1835 0.1835 0.182 0.182 0.1715 0.1715 0.1715 0.1605 0.1605 0.1705 0.1705 0.152 0.152 0.152 0.142 0.142 0.15 0.15 0.1125 0.1125 0.1345 0.1345 0.1345 0.125 0.125 0.1265 0.1265 0.13 0.13 0.13 0.141 0.141 0.158 0.158 0.177 0.177 0.177 0.1685 0.1685 0.1655 0.1655 0.165 0.165 0.165 0.1565 0.1565 0.1635 0.1635
0.0865 0.089 0.089 0.098 0.098 0.098 0.113 0.113 0.1505 0.1505 0.1645 0.1645 0.1605 0.1605 0.1605 0.171 0.171 0.201 0.201 0.206 0.206 0.206 0.211 0.211 0.2085 0.2085 0.196 0.196 0.196 0.1665 0.1665 0.154 0.154 0.1795 0.1795 0.1795 0.163 0.163 0.188 0.188 0.1785 0.1785 0.1785 0.134 0.134 0.1155 0.1155 0.1125 0.1125 0.1255 0.1255 0.1255 0.1145 0.1145 0.109 0.109 0.125 0.125 0.125 0.135 0.135 0.136 0.136 0.153 0.153 0.153 0.162 0.162 0.1585 0.1585 0.1535 0.1535 0.1535 0.148 0.148 0.144 0.144
0.0865 0.089 0.089 0.098 0.098 0.098 0.113 0.113 0.1505 0.1505 0.1645 0.1645 0.1605 0.1605 0.1605 0.171 0.171 0.201 0.201 0.206 0.206 0.206 0.211 0.211 0.2085 0.2085 0.196 0.196 0.196 0.1665 0.1665 0.154 0.154 0.1795 0.1795 0.1795 0.163 0.163 0.188 0.188 0.1785 0.1785 0.1785 0.134 0.134 0.1155 0.1155 0.1125 0.1125 0.1255 0.1255 0.1255 0.1145 0.1145 0.109 0.109 0.125 0.125 0.125 0.135 0.135 0.136 0.136 0.153 0.153 0.153 0.162 0.162 0.1585 0.1585 0.1535 0.1535 0.1535 0.148 0.148 0.144 0.144
0.1115 0.108 0.108 0.089 0.089 0.089 0.1045 0.1045 0.1245 0.1245 0.1485 0.1485 0.1615 0.1615 0.1615 0.193 0.193 0.225 0.225 0.2155 0.2155 0.2155 0.2145 0.2145 0.1925 0.1925 0.1685 0.1685 0.1685 0.172 0.172 0.1775 0.1775 0.1615 0.1615 0.1615 0.1795 0.1795 0.1675 0.1675 0.162 0.162 0.162 0.1395 0.1395 0.1525 0.1525 0.1235 0.1235 0.15 0.15 0.15 0.1545 0.1545 0.1345 0.1345 0.132 0.132 0.132 0.147 0.147 0.1505 0.1505 0.1725 0.1725 0.1725 0.1685 0.1685 0.14 0.14 0.098 0.098 0.098 0.137 0.137 0.1505 0.1505
0.1115 0.108 0.108 0.089 0.089 0.089 0.1045 0.1045 0.1245 0.1245 0.1485 0.1485 0.1615 0.1615 0.1615 0.193 0.193 0.225 0.225 0.2155 0.2155 0.2155 0.2145 0.2145 0.1925 0.1925 0.1685 0.1685 0.1685 0.172 0.172 0.1775 0.1775 0.1615 0.1615 0.1615 0.1795 0.1795 0.1675 0.1675 0.162 0.162 0.162 0.1395 0.1395 0.1525 0.1525 0.1235 0.1235 0.15 0.15 0.15 0.1545 0.1545 0.1345 0.1345 0.132 0.132 0.132 0.147 0.147 0.1505 0.1505 0.1725 0.1725 0.1725 0.1685 0.1685 0.14 0.14 0.098 0.098 0.098 0.137 0.137 0.1505 0.1505
0.1115 0.0915 0.0915 0.09450001 0.09450001 0.09450001 0.1 0.1 0.1295 0.1295 0.1605 0.1605 0.182 0.182 0.182 0.1955 0.1955 0.2175 0.2175 0.2105 0.2105 0.2105 0.192 0.192 0.1925 0.1925 0.166 0.166 0.166 0.1715 0.1715 0.166 0.166 0.171 0.171 0.171 0.169 0.169 0.177 0.177 0.1645 0.1645 0.1645 0.161 0.161 0.1425 0.1425 0.1505 0.1505 0.1675 0.1675 0.1675 0.1645 0.1645 0.1805 0.1805 0.1745 0.1745 0.1745 0.1555 0.1555 0.175 0.175 0.191 0.191 0.191 0.18 0.18 0.144 0.144 0.148 0.148 0.148 0.1525 0.1525 0.1495 0.1495
0.1115 0.0915 0.0915 0.09450001 0.09450001 0.09450001 0.1 0.1 0.1295 0.1295 0.1605 0.1605 0.182 0.182 0.182 0.1955 0.1955 0.2175 0.2175 0.2105 0.2105 0.2105 0.192 0.192 0.1925 0.1925 0.166 0.166 0.166 0.1715 0.1715 0.166 0.166 0.171 0.171 0.171 0.169 0.169 0.177 0.177 0.1645 0.1645 0.1645 0.161 0.161 0.1425 0.1425 0.1505 0.1505 0.1675 0.1675 0.1675 0.1645 0.1645 0.1805 0.1805 0.1745 0.1745 0.1745 0.1555 0.1555 0.175 0.175 0.191 0.191 0.191 0.18 0.18 0.144 0.144 0.148 0.148 0.148 0.1525 0.1525 0.1495 0.1495
0.1115 0.0915 0.0915 0.09450001 0.09450001 0.09450001 0.1 0.1 0.1295 0.1295 0.1605 0.1605 0.182 0.182 0.182 0.1955 0.1955 0.2175 0.2175 0.2105 0.2105 0.2105 0.192 0.192 0.1925 0.1925 0.166 0.166 0.166 0.1715 0.1715 0.166 0.166 0.171 0.171 0.171 0.169 0.169 0.177 0.177 0.1645 0.1645 0.1645 0.161 0.161 0.1425 0.1425 0.1505 0.1505 0.1675 0.1675 0.1675 0.1645 0.1645 0.1805 0.1805 0.1745 0.1745 0.1745 0.1555 0.1555 0.175 0.175 0.191 0.191 0.191 0.18 0.18 0.144 0.144 0.148 0.148 0.148 0.1525 0.1525 0.1495 0.1495
0.112 0.11 0.11 0.1065 0.1065 0.1065 0.129 0.129 0.167 0.167 0.1615 0.1615 0.1585 0.1585 0.1585 0.2005 0.2005 0.231 0.231 0.218 0.218 0.218 0.1835 0.1835 0.1875 0.1875 0.1695 0.1695 0.1695 0.173 0.173 0.1955 0.1955 0.1915 0.1915 0.1915 0.1735 0.1735 0.165 0.165 0.173 0.173 0.173 0.1755 0.1755 0.167 0.167 0.165 0.165 0.185 0.185 0.185 0.186 0.186 0.1935 0.1935 0.211 0.211 0.211 0.202 0.202 0.1815 0.1815 0.1825 0.1825 0.1825 0.181 0.181 0.176 0.176 0.1985 0.1985 0.1985 0.187 0.187 0.194 0.194
