ndvi/NOAA-73.asc
ncols         252
nrows         154
xllcorner     -18.017974
yllcorner     13.481982
cellsize      0.035948
NODATA_value  -9999
[rows 0 to 33 of 154, columns 156 to 233 of 252]
0.1015 0.107 0.107 0.107 0.108 0.108 0.111 0.111 0.1135 0.1135 0.108 0.108 0.108 0.1105 0.1105 0.1115 0.1115 0.111 0.111 0.111 0.1125 0.1125 0.112 0.112 0.1115 0.1115 0.1115 0.112 0.112 0.1105 0.1105 0.1105 0.1105 0.1105 0.11 0.11 0.1105 0.1105 0.1055 0.1055 0.1055 0.114 0.114 0.1115 0.1115 0.1135 0.1135 0.117 0.117 0.117 0.1175 0.1175 0.1185 0.1185 0.1195 0.1195 0.1195 0.117 0.117 0.116 0.116 0.1055 0.1055 0.1055 0.099 0.099 0.1035 0.1035 0.1015 0.1015 0.1015 0.1045 0.1045 0.092 0.092 0.094 0.094 0.094
0.1015 0.107 0.107 0.107 0.108 0.108 0.111 0.111 0.1135 0.1135 0.108 0.108 0.108 0.1105 0.1105 0.1115 0.1115 0.111 0.111 0.111 0.1125 0.1125 0.112 0.112 0.1115 0.1115 0.1115 0.112 0.112 0.1105 0.1105 0.1105 0.1105 0.1105 0.11 0.11 0.1105 0.1105 0.1055 0.1055 0.1055 0.114 0.114 0.1115 0.1115 0.1135 0.1135 0.117 0.117 0.117 0.1175 0.1175 0.1185 0.1185 0.1195 0.1195 0.1195 0.117 0.117 0.116 0.116 0.1055 0.1055 0.1055 0.099 0.099 0.1035 0.1035 0.1015 0.1015 0.1015 0.1045 0.1045 0.092 0.092 0.094 0.094 0.094
0.107 0.1065 0.1065 0.1065 0.1165 0.1165 0.1135 0.1135 0.113 0.113 0.113 0.113 0.113 0.114 0.114 0.1135 0.1135 0.12 0.12 0.12 0.1145 0.1145 0.112 0.112 0.1175 0.1175 0.1175 0.1185 0.1185 0.1155 0.1155 0.1185 0.1185 0.1185 0.119 0.119 0.1205 0.1205 0.1195 0.1195 0.1195 0.1275 0.1275 0.1225 0.1225 0.122 0.122 0.1265 0.1265 0.1265 0.121 0.121 0.1245 0.1245 0.12 0.12 0.12 0.1225 0.1225 0.111 0.111 0.106 0.106 0.106 0.1055 0.1055 0.0995 0.0995 0.099 0.099 0.099 0.0975 0.0975 0.0935 0.0935 0.093 0.093 0.093
0.107 0.1065 0.1065 0.1065 0.1165 0.1165 0.1135 0.1135 0.113 0.113 0.113 0.113 0.113 0.114 0.114 0.1135 0.1135 0.12 0.12 0.12 0.1145 0.1145 0.112 0.112 0.1175 0.1175 0.1175 0.1185 0.1185 0.1155 0.1155 0.1185 0.1185 0.1185 0.119 0.119 0.1205 0.1205 0.1195 0.1195 0.1195 0.1275 0.1275 0.1225 0.1225 0.122 0.122 0.1265 0.1265 0.1265 0.121 0.121 0.1245 0.1245 0.12 0.12 0.12 0.1225 0.1225 0.111 0.111 0.106 0.106 0.106 0.1055 0.1055 0.0995 0.0995 0.099 0.099 0.099 0.0975 0.0975 0.0935 0.0935 0.093 0.093 0.093
0.107 0.1065 0.1065 0.1065 0.1165 0.1165 0.1135 0.1135 0.113 0.113 0.113 0.113 0.113 0.114 0.114 0.1135 0.1135 0.12 0.12 0.12 0.1145 0.1145 0.112 0.112 0.1175 0.1175 0.1175 0.1185 0.1185 0.1155 0.1155 0.1185 0.1185 0.1185 0.119 0.119 0.1205 0.1205 0.1195 0.1195 0.1195 0.1275 0.1275 0.1225 0.1225 0.122 0.122 0.1265 0.1265 0.1265 0.121 0.121 0.1245 0.1245 0.12 0.12 0.12 0.1225 0.1225 0.111 0.111 0.106 0.106 0.106 0.1055 0.1055 0.0995 0.0995 0.099 0.099 0.099 0.0975 0.0975 0.0935 0.0935 0.093 0.093 0.093
0.1095 0.115 0.115 0.115 0.1165 0.1165 0.114 0.114 0.1085 0.1085 0.115 0.115 0.115 0.1195 0.1195 0.1155 0.1155 0.12 0.12 0.12 0.124 0.124 0.126 0.126 0.126 0.126 0.126 0.1275 0.1275 0.1265 0.1265 0.1245 0.1245 0.1245 0.1255 0.1255 0.1205 0.1205 0.128 0.128 0.128 0.1265 0.1265 0.1255 0.1255 0.1255 0.1255 0.1265 0.1265 0.1265 0.126 0.126 0.123 0.123 0.1205 0.1205 0.1205 0.118 0.118 0.1085 0.1085 0.1075 0.1075 0.1075 0.1015 0.1015 0.099 0.099 0.1 0.1 0.1 0.1005 0.1005 0.0995 0.0995 0.099 0.099 0.099
0.1095 0.115 0.115 0.115 0.1165 0.1165 0.114 0.114 0.1085 0.1085 0.115 0.115 0.115 0.1195 0.1195 0.1155 0.1155 0.12 0.12 0.12 0.124 0.124 0.126 0.126 0.126 0.126 0.126 0.1275 0.1275 0.1265 0.1265 0.1245 0.1245 0.1245 0.1255 0.1255 0.1205 0.1205 0.128 0.128 0.128 0.1265 0.1265 0.1255 0.1255 0.1255 0.1255 0.1265 0.1265 0.1265 0.126 0.126 0.123 0.123 0.1205 0.1205 0.1205 0.118 0.118 0.1085 0.1085 0.1075 0.1075 0.1075 0.1015 0.1015 0.099 0.099 0.1 0.1 0.1 0.1005 0.1005 0.0995 0.0995 0.099 0.099 0.099
0.1105 0.115 0.115 0.115 0.1215 0.1215 0.1145 0.1145 0.1165 0.1165 0.1165 0.1165 0.1165 0.114 0.114 0.122 0.122 0.121 0.121 0.121 0.125 0.125 0.1225 0.1225 0.1225 0.1225 0.1225 0.1225 0.1225 0.125 0.125 0.1205 0.1205 0.1205 0.119 0.119 0.121 0.121 0.1205 0.1205 0.1205 0.121 0.121 0.1205 0.1205 0.1245 0.1245 0.1265 0.1265 0.1265 0.124 0.124 0.121 0.121 0.122 0.122 0.122 0.1205 0.1205 0.117 0.117 0.109 0.109 0.109 0.1095 0.1095 0.1055 0.1055 0.1065 0.1065 0.1065 0.1065 0.1065 0.1005 0.1005 0.1015 0.1015 0.1015
0.1105 0.115 0.115 0.115 0.1215 0.1215 0.1145 0.1145 0.1165 0.1165 0.1165 0.1165 0.1165 0.114 0.114 0.122 0.122 0.121 0.121 0.121 0.125 0.125 0.1225 0.1225 0.1225 0.1225 0.1225 0.1225 0.1225 0.125 0.125 0.1205 0.1205 0.1205 0.119 0.119 0.121 0.121 0.1205 0.1205 0.1205 0.121 0.121 0.1205 0.1205 0.1245 0.1245 0.1265 0.1265 0.1265 0.124 0.124 0.121 0.121 0.122 0.122 0.122 0.1205 0.1205 0.117 0.117 0.109 0.109 0.109 0.1095 0.1095 0.1055 0.1055 0.1065 0.1065 0.1065 0.1065 0.1065 0.1005 0.1005 0.1015 0.1015 0.1015
0.1145 0.112 0.112 0.112 0.1175 0.1175 0.122 0.122 0.121 0.121 0.123 0.123 0.123 0.122 0.122 0.126 0.126 0.123 0.123 0.123 0.1245 0.1245 0.121 0.121 0.122 0.122 0.122 0.119 0.119 0.1285 0.1285 0.118 0.118 0.118 0.117 0.117 0.11 0.11 0.116 0.116 0.116 0.118 0.118 0.117 0.117 0.124 0.124 0.128 0.128 0.128 0.1265 0.1265 0.1235 0.1235 0.1225 0.1225 0.1225 0.117 0.117 0.114 0.114 0.1075 0.1075 0.1075 0.1135 0.1135 0.107 0.107 0.1065 0.1065 0.1065 0.102 0.102 0.1045 0.1045 0.102 0.102 0.102
0.1145 0.112 0.112 0.112 0.1175 0.1175 0.122 0.122 0.121 0.121 0.123 0.123 0.123 0.122 0.122 0.126 0.126 0.123 0.123 0.123 0.1245 0.1245 0.121 0.121 0.122 0.122 0.122 0.119 0.119 0.1285 0.1285 0.118 0.118 0.118 0.117 0.117 0.11 0.11 0.116 0.116 0.116 0.118 0.118 0.117 0.117 0.124 0.124 0.128 0.128 0.128 0.1265 0.1265 0.1235 0.1235 0.1225 0.1225 0.1225 0.117 0.117 0.114 0.114 0.1075 0.1075 0.1075 0.1135 0.1135 0.107 0.107 0.1065 0.1065 0.1065 0.102 0.102 0.1045 0.1045 0.102 0.102 0.102
0.1235 0.1145 0.1145 0.1145 0.113 0.113 0.121 0.121 0.119 0.119 0.1215 0.1215 0.1215 0.1215 0.1215 0.124 0.124 0.1205 0.1205 0.1205 0.118 0.118 0.1195 0.1195 0.12 0.12 0.12 0.1215 0.1215 0.1235 0.1235 0.118 0.118 0.118 0.12 0.12 0.117 0.117 0.1185 0.1185 0.1185 0.114 0.114 0.123 0.123 0.136 0.136 0.123 0.123 0.123 0.124 0.124 0.1235 0.1235 0.124 0.124 0.124 0.1135 0.1135 0.108 0.108 0.1015 0.1015 0.1015 0.0975 0.0975 0.0985 0.0985 0.099 0.099 0.099 0.097 0.097 0.104 0.104 0.1045 0.1045 0.1045
0.1235 0.1145 0.1145 0.1145 0.113 0.113 0.121 0.121 0.119 0.119 0.1215 0.1215 0.1215 0.1215 0.1215 0.124 0.124 0.1205 0.1205 0.1205 0.118 0.118 0.1195 0.1195 0.12 0.12 0.12 0.1215 0.1215 0.1235 0.1235 0.118 0.118 0.118 0.12 0.12 0.117 0.117 0.1185 0.1185 0.1185 0.114 0.114 0.123 0.123 0.136 0.136 0.123 0.123 0.123 0.124 0.124 0.1235 0.1235 0.124 0.124 0.124 0.1135 0.1135 0.108 0.108 0.1015 0.1015 0.1015 0.0975 0.0975 0.0985 0.0985 0.099 0.099 0.099 0.097 0.097 0.104 0.104 0.1045 0.1045 0.1045
0.1235 0.1145 0.1145 0.1145 0.113 0.113 0.121 0.121 0.119 0.119 0.1215 0.1215 0.1215 0.1215 0.1215 0.124 0.124 0.1205 0.1205 0.1205 0.118 0.118 0.1195 0.1195 0.12 0.12 0.12 0.1215 0.1215 0.1235 0.1235 0.118 0.118 0.118 0.12 0.12 0.117 0.117 0.1185 0.1185 0.1185 0.114 0.114 0.123 0.123 0.136 0.136 0.123 0.123 0.123 0.124 0.124 0.1235 0.1235 0.124 0.124 0.124 0.1135 0.1135 0.108 0.108 0.1015 0.1015 0.1015 0.0975 0.0975 0.0985 0.0985 0.099 0.099 0.099 0.097 0.097 0.104 0.104 0.1045 0.1045 0.1045
0.1235 0.12 0.12 0.12 0.121 0.121 0.1265 0.1265 0.1165 0.1165 0.124 0.124 0.124 0.1335 0.1335 0.1245 0.1245 0.131 0.131 0.131 0.121 0.121 0.117 0.117 0.1255 0.1255 0.1255 0.1195 0.1195 0.1205 0.1205 0.118 0.118 0.118 0.1145 0.1145 0.114 0.114 0.113 0.113 0.113 0.123 0.123 0.122 0.122 0.1205 0.1205 0.107 0.107 0.107 0.1065 0.1065 0.1245 0.1245 0.115 0.115 0.115 0.1085 0.1085 0.1005 0.1005 0.0935 0.0935 0.0935 0.0975 0.0975 0.094 0.094 0.098 0.098 0.098 0.0955 0.0955 0.1075 0.1075 0.1035 0.1035 0.1035
0.1235 0.12 0.12 0.12 0.121 0.121 0.1265 0.1265 0.1165 0.1165 0.124 0.124 0.124 0.1335 0.1335 0.1245 0.1245 0.131 0.131 0.131 0.121 0.121 0.117 0.117 0.1255 0.1255 0.1255 0.1195 0.1195 0.1205 0.1205 0.118 0.118 0.118 0.1145 0.1145 0.114 0.114 0.113 0.113 0.113 0.123 0.123 0.122 0.122 0.1205 0.1205 0.107 0.107 0.107 0.1065 0.1065 0.1245 0.1245 0.115 0.115 0.115 0.1085 0.1085 0.1005 0.1005 0.0935 0.0935 0.0935 0.0975 0.0975 0.094 0.094 0.098 0.098 0.098 0.0955 0.0955 0.1075 0.1075 0.1035 0.1035 0.1035
0.1225 0.121 0.121 0.121 0.1235 0.1235 0.123 0.123 0.1295 0.1295 0.124 0.124 0.124 0.124 0.124 0.127 0.127 0.1275 0.1275 0.1275 0.1195 0.1195 0.1225 0.1225 0.116 0.116 0.116 0.113 0.113 0.116 0.116 0.114 0.114 0.114 0.1145 0.1145 0.1065 0.1065 0.1065 0.1065 0.1065 0.098 0.098 0.095 0.095 0.0885 0.0885 0.0905 0.0905 0.0905 0.1025 0.1025 0.1015 0.1015 0.1045 0.1045 0.1045 0.1015 0.1015 0.106 0.106 0.0995 0.0995 0.0995 0.099 0.099 0.0985 0.0985 0.102 0.102 0.102 0.101 0.101 0.108 0.108 0.1065 0.1065 0.1065
0.1225 0.121 0.121 0.121 0.1235 0.1235 0.123 0.123 0.1295 0.1295 0.124 0.124 0.124 0.124 0.124 0.127 0.127 0.1275 0.1275 0.1275 0.1195 0.1195 0.1225 0.1225 0.116 0.116 0.116 0.113 0.113 0.116 0.116 0.114 0.114 0.114 0.1145 0.1145 0.1065 0.1065 0.1065 0.1065 0.1065 0.098 0.098 0.095 0.095 0.0885 0.0885 0.0905 0.0905 0.0905 0.1025 0.1025 0.1015 0.1015 0.1045 0.1045 0.1045 0.1015 0.1015 0.106 0.106 0.0995 0.0995 0.0995 0.099 0.099 0.0985 0.0985 0.102 0.102 0.102 0.101 0.101 0.108 0.108 0.1065 0.1065 0.1065
0.1375 0.1615 0.1615 0.1615 0.117 0.117 0.1095 0.1095 0.1075 0.1075 0.108 0.108 0.108 0.113 0.113 0.1185 0.1185 0.119 0.119 0.119 0.1075 0.1075 0.104 0.104 0.098 0.098 0.098 0.0985 0.0985 0.097 0.097 0.101 0.101 0.101 0.106 0.106 0.117 0.117 0.118 0.118 0.118 0.113 0.113 0.1155 0.1155 0.107 0.107 0.0985 0.0985 0.0985 0.102 0.102 0.11 0.11 0.11 0.11 0.11 0.1025 0.1025 0.1075 0.1075 0.0975 0.0975 0.0975 0.098 0.098 0.105 0.105 0.0995 0.0995 0.0995 0.105 0.105 0.105 0.105 0.105 0.105 0.105
0.1375 0.1615 0.1615 0.1615 0.117 0.117 0.1095 0.1095 0.1075 0.1075 0.108 0.108 0.108 0.113 0.113 0.1185 0.1185 0.119 0.119 0.119 0.1075 0.1075 0.104 0.104 0.098 0.098 0.098 0.0985 0.0985 0.097 0.097 0.101 0.101 0.101 0.106 0.106 0.117 0.117 0.118 0.118 0.118 0.113 0.113 0.1155 0.1155 0.107 0.107 0.0985 0.0985 0.0985 0.102 0.102 0.11 0.11 0.11 0.11 0.11 0.1025 0.1025 0.1075 0.1075 0.0975 0.0975 0.0975 0.098 0.098 0.105 0.105 0.0995 0.0995 0.0995 0.105 0.105 0.105 0.105 0.105 0.105 0.105
0.1375 0.1615 0.1615 0.1615 0.117 0.117 0.1095 0.1095 0.1075 0.1075 0.108 0.108 0.108 0.113 0.113 0.1185 0.1185 0.119 0.119 0.119 0.1075 0.1075 0.104 0.104 0.098 0.098 0.098 0.0985 0.0985 0.097 0.097 0.101 0.101 0.101 0.106 0.106 0.117 0.117 0.118 0.118 0.118 0.113 0.113 0.1155 0.1155 0.107 0.107 0.0985 0.0985 0.0985 0.102 0.102 0.11 0.11 0.11 0.11 0.11 0.1025 0.1025 0.1075 0.1075 0.0975 0.0975 0.0975 0.098 0.098 0.105 0.105 0.0995 0.0995 0.0995 0.105 0.105 0.105 0.105 0.105 0.105 0.105
0.1375 0.1505 0.1505 0.1505 0.115 0.115 0.1105 0.1105 0.115 0.115 0.108 0.108 0.108 0.1205 0.1205 0.1215 0.1215 0.12 0.12 0.12 0.1195 0.1195 0.1095 0.1095 0.106 0.106 0.106 0.1025 0.1025 0.0975 0.0975 0.106 0.106 0.106 0.122 0.122 0.123 0.123 0.113 0.113 0.113 0.119 0.119 0.121 0.121 0.1175 0.1175 0.115 0.115 0.115 0.11 0.11 0.104 0.104 0.104 0.104 0.104 0.1085 0.1085 0.112 0.112 0.1055 0.1055 0.1055 0.107 0.107 0.1115 0.1115 0.1075 0.1075 0.1075 0.108 0.108 0.1025 0.1025 0.0955 0.0955 0.0955
0.1375 0.1505 0.1505 0.1505 0.115 0.115 0.1105 0.1105 0.115 0.115 0.108 0.108 0.108 0.1205 0.1205 0.1215 0.1215 0.12 0.12 0.12 0.1195 0.1195 0.1095 0.1095 0.106 0.106 0.106 0.1025 0.1025 0.0975 0.0975 0.106 0.106 0.106 0.122 0.122 0.123 0.123 0.113 0.113 0.113 0.119 0.119 0.121 0.121 0.1175 0.1175 0.115 0.115 0.115 0.11 0.11 0.104 0.104 0.104 0.104 0.104 0.1085 0.1085 0.112 0.112 0.1055 0.1055 0.1055 0.107 0.107 0.1115 0.1115 0.1075 0.1075 0.1075 0.108 0.108 0.1025 0.1025 0.0955 0.0955 0.0955
0.1395 0.1485 0.1485 0.1485 0.1425 0.1425 0.1265 0.1265 0.1235 0.1235 0.1205 0.1205 0.1205 0.119 0.119 0.1225 0.1225 0.1395 0.1395 0.1395 0.1435 0.1435 0.1385 0.1385 0.1355 0.1355 0.1355 0.1305 0.1305 0.139 0.139 0.136 0.136 0.136 0.1335 0.1335 0.1235 0.1235 0.119 0.119 0.119 0.113 0.113 0.116 0.116 0.121 0.121 0.106 0.106 0.106 0.11 0.11 0.1055 0.1055 0.105 0.105 0.105 0.113 0.113 0.1125 0.1125 0.11 0.11 0.11 0.1205 0.1205 0.12 0.12 0.112 0.112 0.112 0.117 0.117 0.098 0.098 0.098 0.098 0.098
0.1395 0.1485 0.1485 0.1485 0.1425 0.1425 0.1265 0.1265 0.1235 0.1235 0.1205 0.1205 0.1205 0.119 0.119 0.1225 0.1225 0.1395 0.1395 0.1395 0.1435 0.1435 0.1385 0.1385 0.1355 0.1355 0.1355 0.1305 0.1305 0.139 0.139 0.136 0.136 0.136 0.1335 0.1335 0.1235 0.1235 0.119 0.119 0.119 0.113 0.113 0.116 0.116 0.121 0.121 0.106 0.106 0.106 0.11 0.11 0.1055 0.1055 0.105 0.105 0.105 0.113 0.113 0.1125 0.1125 0.11 0.11 0.11 0.1205 0.1205 0.12 0.12 0.112 0.112 0.112 0.117 0.117 0.098 0.098 0.098 0.098 0.098
0.1385 0.148 0.148 0.148 0.1855 0.1855 0.155 0.155 0.147 0.147 0.1415 0.1415 0.1415 0.1375 0.1375 0.1455 0.1455 0.145 0.145 0.145 0.134 0.134 0.136 0.136 0.1365 0.1365 0.1365 0.132 0.132 0.139 0.139 0.134 0.134 0.134 0.1295 0.1295 0.1175 0.1175 0.1175 0.1175 0.1175 0.113 0.113 0.115 0.115 0.1195 0.1195 0.123 0.123 0.123 0.1185 0.1185 0.114 0.114 0.1125 0.1125 0.1125 0.1175 0.1175 0.1145 0.1145 0.1125 0.1125 0.1125 0.122 0.122 0.1105 0.1105 0.115 0.115 0.115 0.114 0.114 0.107 0.107 0.107 0.107 0.107
0.1385 0.148 0.148 0.148 0.1855 0.1855 0.155 0.155 0.147 0.147 0.1415 0.1415 0.1415 0.1375 0.1375 0.1455 0.1455 0.145 0.145 0.145 0.134 0.134 0.136 0.136 0.1365 0.1365 0.1365 0.132 0.132 0.139 0.139 0.134 0.134 0.134 0.1295 0.1295 0.1175 0.1175 0.1175 0.1175 0.1175 0.113 0.113 0.115 0.115 0.1195 0.1195 0.123 0.123 0.123 0.1185 0.1185 0.114 0.114 0.1125 0.1125 0.1125 0.1175 0.1175 0.1145 0.1145 0.1125 0.1125 0.1125 0.122 0.122 0.1105 0.1105 0.115 0.115 0.115 0.114 0.114 0.107 0.107 0.107 0.107 0.107
0.1385 0.148 0.148 0.148 0.1855 0.1855 0.155 0.155 0.147 0.147 0.1415 0.1415 0.1415 0.1375 0.1375 0.1455 0.1455 0.145 0.145 0.145 0.134 0.134 0.136 0.136 0.1365 0.1365 0.1365 0.132 0.132 0.139 0.139 0.134 0.134 0.134 0.1295 0.1295 0.1175 0.1175 0.1175 0.1175 0.1175 0.113 0.113 0.115 0.115 0.1195 0.1195 0.123 0.123 0.123 0.1185 0.1185 0.114 0.114 0.1125 0.1125 0.1125 0.1175 0.1175 0.1145 0.1145 0.1125 0.1125 0.1125 0.122 0.122 0.1105 0.1105 0.115 0.115 0.115 0.114 0.114 0.107 0.107 0.107 0.107 0.107
0.1205 0.148 0.148 0.148 0.171 0.171 0.1785 0.1785 0.1415 0.1415 0.142 0.142 0.142 0.1485 0.1485 0.1435 0.1435 0.135 0.135 0.135 0.1345 0.1345 0.133 0.133 0.128 0.128 0.128 0.137 0.137 0.134 0.134 0.126 0.126 0.126 0.1275 0.1275 0.125 0.125 0.12 0.12 0.12 0.1205 0.1205 0.1245 0.1245 0.1305 0.1305 0.1245 0.1245 0.1245 0.127 0.127 0.119 0.119 0.1105 0.1105 0.1105 0.1155 0.1155 0.129 0.129 0.1285 0.1285 0.1285 0.121 0.121 0.123 0.123 0.1165 0.1165 0.1165 0.115 0.115 0.112 0.112 0.1135 0.1135 0.1135
0.1205 0.148 0.148 0.148 0.171 0.171 0.1785 0.1785 0.1415 0.1415 0.142 0.142 0.142 0.1485 0.1485 0.1435 0.1435 0.135 0.135 0.135 0.1345 0.1345 0.133 0.133 0.128 0.128 0.128 0.137 0.137 0.134 0.134 0.126 0.126 0.126 0.1275 0.1275 0.125 0.125 0.12 0.12 0.12 0.1205 0.1205 0.1245 0.1245 0.1305 0.1305 0.1245 0.1245 0.1245 0.127 0.127 0.119 0.119 0.1105 0.1105 0.1105 0.1155 0.1155 0.129 0.129 0.1285 0.1285 0.1285 0.121 0.121 0.123 0.123 0.1165 0.1165 0.1165 0.115 0.115 0.112 0.112 0.1135 0.1135 0.1135
0.125 0.129 0.129 0.129 0.15 0.15 0.148 0.148 0.127 0.127 0.1295 0.1295 0.1295 0.129 0.129 0.131 0.131 0.1345 0.1345 0.1345 0.126 0.126 0.1355 0.1355 0.136 0.136 0.136 0.146 0.146 0.133 0.133 0.128 0.128 0.128 0.1275 0.1275 0.13 0.13 0.1325 0.1325 0.1325 0.1305 0.1305 0.131 0.131 0.134 0.134 0.1345 0.1345 0.1345 0.1375 0.1375 0.1345 0.1345 0.129 0.129 0.129 0.1245 0.1245 0.1235 0.1235 0.1285 0.1285 0.1285 0.1315 0.1315 0.1325 0.1325 0.124 0.124 0.124 0.118 0.118 0.114 0.114 0.1125 0.1125 0.1125
0.125 0.129 0.129 0.129 0.15 0.15 0.148 0.148 0.127 0.127 0.1295 0.1295 0.1295 0.129 0.129 0.131 0.131 0.1345 0.1345 0.1345 0.126 0.126 0.1355 0.1355 0.136 0.136 0.136 0.146 0.146 0.133 0.133 0.128 0.128 0.128 0.1275 0.1275 0.13 0.13 0.1325 0.1325 0.1325 0.1305 0.1305 0.131 0.131 0.134 0.134 0.1345 0.1345 0.1345 0.1375 0.1375 0.1345 0.1345 0.129 0.129 0.129 0.1245 0.1245 0.1235 0.1235 0.1285 0.1285 0.1285 0.1315 0.1315 0.1325 0.1325 0.124 0.124 0.124 0.118 0.118 0.114 0.114 0.1125 0.1125 0.1125
0.127 0.156 0.156 0.156 0.12 0.12 0.1285 0.1285 0.1195 0.1195 0.1165 0.1165 0.1165 0.1155 0.1155 0.121 0.121 0.1215 0.1215 0.1215 0.109 0.109 0.143 0.143 0.135 0.135 0.135 0.1435 0.1435 0.14 0.14 0.1325 0.1325 0.1325 0.1305 0.1305 0.129 0.129 0.1375 0.1375 0.1375 0.1255 0.1255 0.1245 0.1245 0.1285 0.1285 0.131 0.131 0.131 0.1465 0.1465 0.1405 0.1405 0.1365 0.1365 0.1365 0.1385 0.1385 0.1295 0.1295 0.135 0.135 0.135 0.135 0.135 0.133 0.133 0.127 0.127 0.127 0.1215 0.1215 0.116 0.116 0.1135 0.1135 0.1135
0.127 0.156 0.156 0.156 0.12 0.12 0.1285 0.1285 0.1195 0.1195 0.1165 0.1165 0.1165 0.1155 0.1155 0.121 0.121 0.1215 0.1215 0.1215 0.109 0.109 0.143 0.143 0.135 0.135 0.135 0.1435 0.1435 0.14 0.14 0.1325 0.1325 0.1325 0.1305 0.1305 0.129 0.129 0.1375 0.1375 0.1375 0.1255 0.1255 0.1245 0.1245 0.1285 0.1285 0.131 0.131 0.131 0.1465 0.1465 0.1405 0.1405 0.1365 0.1365 0.1365 0.1385 0.1385 0.1295 0.1295 0.135 0.135 0.135 0.135 0.135 0.133 0.133 0.127 0.127 0.127 0.1215 0.1215 0.116 0.116 0.1135 0.1135 0.1135
