ndvi/NOAA-329.asc
ncols         252
nrows         154
xllcorner     -18.017974
yllcorner     13.481982
cellsize      0.035948
NODATA_value  -9999
[rows 34 to 67 of 154, columns 77 to 153 of 252]
0.111 0.111 0.133 0.133 0.139 0.139 0.1325 0.1325 0.1325 0.1365 0.1365 0.1145 0.1145 0.1105 0.1105 0.139 0.139 0.139 0.127 0.127 0.1435 0.1435 0.145 0.145 0.145 0.1415 0.1415 0.147 0.147 0.138 0.138 0.138 0.15 0.15 0.1405 0.1405 0.1545 0.1545 0.1545 0.1325 0.1325 0.142 0.142 0.16 0.16 0.16 0.1605 0.1605 0.152 0.152 0.1565 0.1565 0.1565 0.1565 0.1565 0.154 0.154 0.17 0.17 0.174 0.174 0.174 0.145 0.145 0.1595 0.1595 0.1745 0.1745 0.1745 0.164 0.164 0.0985 0.0985 0.0905 0.0905 0.0905 0.1105
0.111 0.111 0.133 0.133 0.139 0.139 0.1325 0.1325 0.1325 0.1365 0.1365 0.1145 0.1145 0.1105 0.1105 0.139 0.139 0.139 0.127 0.127 0.1435 0.1435 0.145 0.145 0.145 0.1415 0.1415 0.147 0.147 0.138 0.138 0.138 0.15 0.15 0.1405 0.1405 0.1545 0.1545 0.1545 0.1325 0.1325 0.142 0.142 0.16 0.16 0.16 0.1605 0.1605 0.152 0.152 0.1565 0.1565 0.1565 0.1565 0.1565 0.154 0.154 0.17 0.17 0.174 0.174 0.174 0.145 0.145 0.1595 0.1595 0.1745 0.1745 0.1745 0.164 0.164 0.0985 0.0985 0.0905 0.0905 0.0905 0.1105
0.111 0.111 0.133 0.133 0.139 0.139 0.1325 0.1325 0.1325 0.1365 0.1365 0.1145 0.1145 0.1105 0.1105 0.139 0.139 0.139 0.127 0.127 0.1435 0.1435 0.145 0.145 0.145 0.1415 0.1415 0.147 0.147 0.138 0.138 0.138 0.15 0.15 0.1405 0.1405 0.1545 0.1545 0.1545 0.1325 0.1325 0.142 0.142 0.16 0.16 0.16 0.1605 0.1605 0.152 0.152 0.1565 0.1565 0.1565 0.1565 0.1565 0.154 0.154 0.17 0.17 0.174 0.174 0.174 0.145 0.145 0.1595 0.1595 0.1745 0.1745 0.1745 0.164 0.164 0.0985 0.0985 0.0905 0.0905 0.0905 0.1105
0.148 0.148 0.1715 0.1715 0.141 0.141 0.131 0.131 0.131 0.1395 0.1395 0.145 0.145 0.1805 0.1805 0.1215 0.1215 0.1215 0.139 0.139 0.14 0.14 0.1585 0.1585 0.1585 0.1665 0.1665 0.1495 0.1495 0.153 0.153 0.153 0.1535 0.1535 0.154 0.154 0.1525 0.1525 0.1525 0.1475 0.1475 0.1615 0.1615 0.181 0.181 0.181 0.173 0.173 0.171 0.171 0.1685 0.1685 0.162 0.162 0.162 0.175 0.175 0.1885 0.1885 0.166 0.166 0.166 0.1335 0.1335 0.156 0.156 0.1435 0.1435 0.1435 0.111 0.111 0.1067 0.1067 0.1005 0.1005 0.1005 0.102
0.148 0.148 0.1715 0.1715 0.141 0.141 0.131 0.131 0.131 0.1395 0.1395 0.145 0.145 0.1805 0.1805 0.1215 0.1215 0.1215 0.139 0.139 0.14 0.14 0.1585 0.1585 0.1585 0.1665 0.1665 0.1495 0.1495 0.153 0.153 0.153 0.1535 0.1535 0.154 0.154 0.1525 0.1525 0.1525 0.1475 0.1475 0.1615 0.1615 0.181 0.181 0.181 0.173 0.173 0.171 0.171 0.1685 0.1685 0.162 0.162 0.162 0.175 0.175 0.1885 0.1885 0.166 0.166 0.166 0.1335 0.1335 0.156 0.156 0.1435 0.1435 0.1435 0.111 0.111 0.1067 0.1067 0.1005 0.1005 0.1005 0.102
0.156 0.156 0.1475 0.1475 0.1595 0.1595 0.1515 0.1515 0.1515 0.146 0.146 0.155 0.155 0.1515 0.1515 0.1375 0.1375 0.1375 0.1355 0.1355 0.1525 0.1525 0.1585 0.1585 0.1585 0.1615 0.1615 0.162 0.162 0.161 0.161 0.161 0.1605 0.1605 0.173 0.173 0.1615 0.1615 0.1615 0.166 0.166 0.1715 0.1715 0.195 0.195 0.195 0.184 0.184 0.176 0.176 0.2035 0.2035 0.198 0.198 0.198 0.2 0.2 0.179 0.179 0.1825 0.1825 0.1825 0.151 0.151 0.1395 0.1395 0.142 0.142 0.142 0.085 0.085 0.069 0.069 0.1045 0.1045 0.1045 0.106
0.156 0.156 0.1475 0.1475 0.1595 0.1595 0.1515 0.1515 0.1515 0.146 0.146 0.155 0.155 0.1515 0.1515 0.1375 0.1375 0.1375 0.1355 0.1355 0.1525 0.1525 0.1585 0.1585 0.1585 0.1615 0.1615 0.162 0.162 0.161 0.161 0.161 0.1605 0.1605 0.173 0.173 0.1615 0.1615 0.1615 0.166 0.166 0.1715 0.1715 0.195 0.195 0.195 0.184 0.184 0.176 0.176 0.2035 0.2035 0.198 0.198 0.198 0.2 0.2 0.179 0.179 0.1825 0.1825 0.1825 0.151 0.151 0.1395 0.1395 0.142 0.142 0.142 0.085 0.085 0.069 0.069 0.1045 0.1045 0.1045 0.106
0.163 0.163 0.146 0.146 0.151 0.151 0.1445 0.1445 0.1445 0.15 0.15 0.157 0.157 0.157 0.157 0.1695 0.1695 0.1695 0.158 0.158 0.1465 0.1465 0.1575 0.1575 0.1575 0.1715 0.1715 0.1815 0.1815 0.182 0.182 0.182 0.1795 0.1795 0.177 0.177 0.1705 0.1705 0.1705 0.1805 0.1805 0.184 0.184 0.198 0.198 0.198 0.2025 0.2025 0.195 0.195 0.178 0.178 0.232 0.232 0.232 0.193 0.193 0.188 0.188 0.1675 0.1675 0.1675 0.141 0.141 0.1065 0.1065 0.1145 0.1145 0.1145 0.124 0.124 0.1115 0.1115 0.0985 0.0985 0.0985 0.1475
0.163 0.163 0.146 0.146 0.151 0.151 0.1445 0.1445 0.1445 0.15 0.15 0.157 0.157 0.157 0.157 0.1695 0.1695 0.1695 0.158 0.158 0.1465 0.1465 0.1575 0.1575 0.1575 0.1715 0.1715 0.1815 0.1815 0.182 0.182 0.182 0.1795 0.1795 0.177 0.177 0.1705 0.1705 0.1705 0.1805 0.1805 0.184 0.184 0.198 0.198 0.198 0.2025 0.2025 0.195 0.195 0.178 0.178 0.232 0.232 0.232 0.193 0.193 0.188 0.188 0.1675 0.1675 0.1675 0.141 0.141 0.1065 0.1065 0.1145 0.1145 0.1145 0.124 0.124 0.1115 0.1115 0.0985 0.0985 0.0985 0.1475
0.163 0.163 0.146 0.146 0.151 0.151 0.1445 0.1445 0.1445 0.15 0.15 0.157 0.157 0.157 0.157 0.1695 0.1695 0.1695 0.158 0.158 0.1465 0.1465 0.1575 0.1575 0.1575 0.1715 0.1715 0.1815 0.1815 0.182 0.182 0.182 0.1795 0.1795 0.177 0.177 0.1705 0.1705 0.1705 0.1805 0.1805 0.184 0.184 0.198 0.198 0.198 0.2025 0.2025 0.195 0.195 0.178 0.178 0.232 0.232 0.232 0.193 0.193 0.188 0.188 0.1675 0.1675 0.1675 0.141 0.141 0.1065 0.1065 0.1145 0.1145 0.1145 0.124 0.124 0.1115 0.1115 0.0985 0.0985 0.0985 0.1475
0.1715 0.1715 0.1615 0.1615 0.158 0.158 0.156 0.156 0.156 0.1565 0.1565 0.15 0.15 0.1615 0.1615 0.171 0.171 0.171 0.1585 0.1585 0.1595 0.1595 0.1595 0.1595 0.1595 0.173 0.173 0.1755 0.1755 0.1825 0.1825 0.1825 0.193 0.193 0.2015 0.2015 0.1945 0.1945 0.1945 0.1925 0.1925 0.188 0.188 0.182 0.182 0.182 0.168 0.168 0.184 0.184 0.1805 0.1805 0.1965 0.1965 0.1965 0.2165 0.2165 0.187 0.187 0.1865 0.1865 0.1865 0.1775 0.1775 0.133 0.133 0.142 0.142 0.142 0.0995 0.0995 0.109 0.109 0.1205 0.1205 0.1205 0.094
0.1715 0.1715 0.1615 0.1615 0.158 0.158 0.156 0.156 0.156 0.1565 0.1565 0.15 0.15 0.1615 0.1615 0.171 0.171 0.171 0.1585 0.1585 0.1595 0.1595 0.1595 0.1595 0.1595 0.173 0.173 0.1755 0.1755 0.1825 0.1825 0.1825 0.193 0.193 0.2015 0.2015 0.1945 0.1945 0.1945 0.1925 0.1925 0.188 0.188 0.182 0.182 0.182 0.168 0.168 0.184 0.184 0.1805 0.1805 0.1965 0.1965 0.1965 0.2165 0.2165 0.187 0.187 0.1865 0.1865 0.1865 0.1775 0.1775 0.133 0.133 0.142 0.142 0.142 0.0995 0.0995 0.109 0.109 0.1205 0.1205 0.1205 0.094
0.1905 0.1905 0.1935 0.1935 0.171 0.171 0.166 0.166 0.166 0.168 0.168 0.1355 0.1355 0.1575 0.1575 0.164 0.164 0.164 0.1795 0.1795 0.19 0.19 0.176 0.176 0.176 0.185 0.185 0.1795 0.1795 0.1925 0.1925 0.1925 0.1985 0.1985 0.1905 0.1905 0.175 0.175 0.175 0.1685 0.1685 0.169 0.169 0.102 0.102 0.102 0.132 0.132 0.1985 0.1985 0.178 0.178 0.183 0.183 0.183 0.192 0.192 0.207 0.207 0.1945 0.1945 0.1945 0.1425 0.1425 0.142 0.142 0.1155 0.1155 0.1155 0.129 0.129 0.1265 0.1265 0.1041 0.1041 0.1041 0.124
0.1905 0.1905 0.1935 0.1935 0.171 0.171 0.166 0.166 0.166 0.168 0.168 0.1355 0.1355 0.1575 0.1575 0.164 0.164 0.164 0.1795 0.1795 0.19 0.19 0.176 0.176 0.176 0.185 0.185 0.1795 0.1795 0.1925 0.1925 0.1925 0.1985 0.1985 0.1905 0.1905 0.175 0.175 0.175 0.1685 0.1685 0.169 0.169 0.102 0.102 0.102 0.132 0.132 0.1985 0.1985 0.178 0.178 0.183 0.183 0.183 0.192 0.192 0.207 0.207 0.1945 0.1945 0.1945 0.1425 0.1425 0.142 0.142 0.1155 0.1155 0.1155 0.129 0.129 0.1265 0.1265 0.1041 0.1041 0.1041 0.124
0.2075 0.2075 0.2035 0.2035 0.1995 0.1995 0.158 0.158 0.158 0.165 0.165 0.164 0.164 0.1895 0.1895 0.191 0.191 0.191 0.1895 0.1895 0.2 0.2 0.192 0.192 0.192 0.181 0.181 0.201 0.201 0.195 0.195 0.195 0.1845 0.1845 0.2075 0.2075 0.131 0.131 0.131 0.122 0.122 0.1215 0.1215 0.1555 0.1555 0.1555 0.1825 0.1825 0.1935 0.1935 0.1915 0.1915 0.1875 0.1875 0.1875 0.221 0.221 0.183 0.183 0.173 0.173 0.173 0.16 0.16 0.1305 0.1305 0.144 0.144 0.144 0.136 0.136 0.161 0.161 0.116 0.116 0.116 0.11
0.2075 0.2075 0.2035 0.2035 0.1995 0.1995 0.158 0.158 0.158 0.165 0.165 0.164 0.164 0.1895 0.1895 0.191 0.191 0.191 0.1895 0.1895 0.2 0.2 0.192 0.192 0.192 0.181 0.181 0.201 0.201 0.195 0.195 0.195 0.1845 0.1845 0.2075 0.2075 0.131 0.131 0.131 0.122 0.122 0.1215 0.1215 0.1555 0.1555 0.1555 0.1825 0.1825 0.1935 0.1935 0.1915 0.1915 0.1875 0.1875 0.1875 0.221 0.221 0.183 0.183 0.173 0.173 0.173 0.16 0.16 0.1305 0.1305 0.144 0.144 0.144 0.136 0.136 0.161 0.161 0.116 0.116 0.116 0.11
0.2075 0.2075 0.2035 0.2035 0.1995 0.1995 0.158 0.158 0.158 0.165 0.165 0.164 0.164 0.1895 0.1895 0.191 0.191 0.191 0.1895 0.1895 0.2 0.2 0.192 0.192 0.192 0.181 0.181 0.201 0.201 0.195 0.195 0.195 0.1845 0.1845 0.2075 0.2075 0.131 0.131 0.131 0.122 0.122 0.1215 0.1215 0.1555 0.1555 0.1555 0.1825 0.1825 0.1935 0.1935 0.1915 0.1915 0.1875 0.1875 0.1875 0.221 0.221 0.183 0.183 0.173 0.173 0.173 0.16 0.16 0.1305 0.1305 0.144 0.144 0.144 0.136 0.136 0.161 0.161 0.116 0.116 0.116 0.11
0.201 0.201 0.1975 0.1975 0.192 0.192 0.1915 0.1915 0.1915 0.2015 0.2015 0.1985 0.1985 0.2075 0.2075 0.2115 0.2115 0.2115 0.207 0.207 0.188 0.188 0.2045 0.2045 0.2045 0.193 0.193 0.1915 0.1915 0.205 0.205 0.205 0.227 0.227 0.218 0.218 0.1715 0.1715 0.1715 0.1745 0.1745 0.158 0.158 0.17 0.17 0.17 0.141 0.141 0.1405 0.1405 0.185 0.185 0.1725 0.1725 0.1725 0.202 0.202 0.1925 0.1925 0.177 0.177 0.177 0.19 0.19 0.22 0.22 0.213 0.213 0.213 0.2135 0.2135 0.2085 0.2085 0.151 0.151 0.151 0.1425
0.201 0.201 0.1975 0.1975 0.192 0.192 0.1915 0.1915 0.1915 0.2015 0.2015 0.1985 0.1985 0.2075 0.2075 0.2115 0.2115 0.2115 0.207 0.207 0.188 0.188 0.2045 0.2045 0.2045 0.193 0.193 0.1915 0.1915 0.205 0.205 0.205 0.227 0.227 0.218 0.218 0.1715 0.1715 0.1715 0.1745 0.1745 0.158 0.158 0.17 0.17 0.17 0.141 0.141 0.1405 0.1405 0.185 0.185 0.1725 0.1725 0.1725 0.202 0.202 0.1925 0.1925 0.177 0.177 0.177 0.19 0.19 0.22 0.22 0.213 0.213 0.213 0.2135 0.2135 0.2085 0.2085 0.151 0.151 0.151 0.1425
0.1965 0.1965 0.2 0.2 0.2185 0.2185 0.2135 0.2135 0.2135 0.213 0.213 0.2125 0.2125 0.2125 0.2125 0.216 0.216 0.216 0.21 0.21 0.2015 0.2015 0.1945 0.1945 0.1945 0.181 0.181 0.1805 0.1805 0.1825 0.1825 0.1825 0.169 0.169 0.1995 0.1995 0.171 0.171 0.171 0.1815 0.1815 0.1475 0.1475 0.142 0.142 0.142 0.1265 0.1265 0.1385 0.1385 0.1615 0.1615 0.186 0.186 0.186 0.1925 0.1925 0.2095 0.2095 0.217 0.217 0.217 0.2195 0.2195 0.2135 0.2135 0.212 0.212 0.212 0.208 0.208 0.1965 0.1965 0.194 0.194 0.194 0.0885
0.1965 0.1965 0.2 0.2 0.2185 0.2185 0.2135 0.2135 0.2135 0.213 0.213 0.2125 0.2125 0.2125 0.2125 0.216 0.216 0.216 0.21 0.21 0.2015 0.2015 0.1945 0.1945 0.1945 0.181 0.181 0.1805 0.1805 0.1825 0.1825 0.1825 0.169 0.169 0.1995 0.1995 0.171 0.171 0.171 0.1815 0.1815 0.1475 0.1475 0.142 0.142 0.142 0.1265 0.1265 0.1385 0.1385 0.1615 0.1615 0.186 0.186 0.186 0.1925 0.1925 0.2095 0.2095 0.217 0.217 0.217 0.2195 0.2195 0.2135 0.2135 0.212 0.212 0.212 0.208 0.208 0.1965 0.1965 0.194 0.194 0.194 0.0885
0.2205 0.2205 0.2205 0.2205 0.241 0.241 0.224 0.224 0.224 0.225 0.225 0.2355 0.2355 0.225 0.225 0.232 0.232 0.232 0.2275 0.2275 0.1965 0.1965 0.189 0.189 0.189 0.1895 0.1895 0.1945 0.1945 0.1785 0.1785 0.1785 0.1525 0.1525 0.155 0.155 0.1625 0.1625 0.1625 0.135 0.135 0.1395 0.1395 0.126 0.126 0.126 0.16 0.16 0.158 0.158 0.172 0.172 0.1955 0.1955 0.1955 0.2095 0.2095 0.218 0.218 0.2455 0.2455 0.2455 0.2225 0.2225 0.2235 0.2235 0.218 0.218 0.218 0.175 0.175 0.1675 0.1675 0.169 0.169 0.169 0.0665
0.2205 0.2205 0.2205 0.2205 0.241 0.241 0.224 0.224 0.224 0.225 0.225 0.2355 0.2355 0.225 0.225 0.232 0.232 0.232 0.2275 0.2275 0.1965 0.1965 0.189 0.189 0.189 0.1895 0.1895 0.1945 0.1945 0.1785 0.1785 0.1785 0.1525 0.1525 0.155 0.155 0.1625 0.1625 0.1625 0.135 0.135 0.1395 0.1395 0.126 0.126 0.126 0.16 0.16 0.158 0.158 0.172 0.172 0.1955 0.1955 0.1955 0.2095 0.2095 0.218 0.218 0.2455 0.2455 0.2455 0.2225 0.2225 0.2235 0.2235 0.218 0.218 0.218 0.175 0.175 0.1675 0.1675 0.169 0.169 0.169 0.0665
0.2285 0.2285 0.224 0.224 0.2275 0.2275 0.231 0.231 0.231 0.229 0.229 0.225 0.225 0.2235 0.2235 0.231 0.231 0.231 0.2325 0.2325 0.216 0.216 0.196 0.196 0.196 0.198 0.198 0.178 0.178 0.185 0.185 0.185 0.158 0.158 0.1685 0.1685 0.134 0.134 0.134 0.154 0.154 0.138 0.138 0.14 0.14 0.14 0.1705 0.1705 0.145 0.145 0.142 0.142 0.1775 0.1775 0.1775 0.1945 0.1945 0.2075 0.2075 0.2285 0.2285 0.2285 0.2405 0.2405 0.2415 0.2415 0.214 0.214 0.214 0.153 0.153 0.1775 0.1775 0.1085 0.1085 0.1085 0.055
0.2285 0.2285 0.224 0.224 0.2275 0.2275 0.231 0.231 0.231 0.229 0.229 0.225 0.225 0.2235 0.2235 0.231 0.231 0.231 0.2325 0.2325 0.216 0.216 0.196 0.196 0.196 0.198 0.198 0.178 0.178 0.185 0.185 0.185 0.158 0.158 0.1685 0.1685 0.134 0.134 0.134 0.154 0.154 0.138 0.138 0.14 0.14 0.14 0.1705 0.1705 0.145 0.145 0.142 0.142 0.1775 0.1775 0.1775 0.1945 0.1945 0.2075 0.2075 0.2285 0.2285 0.2285 0.2405 0.2405 0.2415 0.2415 0.214 0.214 0.214 0.153 0.153 0.1775 0.1775 0.1085 0.1085 0.1085 0.055
0.2285 0.2285 0.224 0.224 0.2275 0.2275 0.231 0.231 0.231 0.229 0.229 0.225 0.225 0.2235 0.2235 0.231 0.231 0.231 0.2325 0.2325 0.216 0.216 0.196 0.196 0.196 0.198 0.198 0.178 0.178 0.185 0.185 0.185 0.158 0.158 0.1685 0.1685 0.134 0.134 0.134 0.154 0.154 0.138 0.138 0.14 0.14 0.14 0.1705 0.1705 0.145 0.145 0.142 0.142 0.1775 0.1775 0.1775 0.1945 0.1945 0.2075 0.2075 0.2285 0.2285 0.2285 0.2405 0.2405 0.2415 0.2415 0.214 0.214 0.214 0.153 0.153 0.1775 0.1775 0.1085 0.1085 0.1085 0.055
0.2135 0.2135 0.2145 0.2145 0.2065 0.2065 0.214 0.214 0.214 0.1925 0.1925 0.1985 0.1985 0.1935 0.1935 0.222 0.222 0.222 0.142 0.142 0.19 0.19 0.1955 0.1955 0.1955 0.2035 0.2035 0.186 0.186 0.191 0.191 0.191 0.197 0.197 0.182 0.182 0.198 0.198 0.198 0.144 0.144 0.161 0.161 0.171 0.171 0.171 0.179 0.179 0.118 0.118 0.1045 0.1045 0.0655 0.0655 0.0655 0.156 0.156 0.1925 0.1925 0.2255 0.2255 0.2255 0.231 0.231 0.214 0.214 0.207 0.207 0.207 0.1825 0.1825 0.172 0.172 0.166 0.166 0.166 0.042
0.2135 0.2135 0.2145 0.2145 0.2065 0.2065 0.214 0.214 0.214 0.1925 0.1925 0.1985 0.1985 0.1935 0.1935 0.222 0.222 0.222 0.142 0.142 0.19 0.19 0.1955 0.1955 0.1955 0.2035 0.2035 0.186 0.186 0.191 0.191 0.191 0.197 0.197 0.182 0.182 0.198 0.198 0.198 0.144 0.144 0.161 0.161 0.171 0.171 0.171 0.179 0.179 0.118 0.118 0.1045 0.1045 0.0655 0.0655 0.0655 0.156 0.156 0.1925 0.1925 0.2255 0.2255 0.2255 0.231 0.231 0.214 0.214 0.207 0.207 0.207 0.1825 0.1825 0.172 0.172 0.166 0.166 0.166 0.042
0.222 0.222 0.244 0.244 0.2875 0.2875 0.248 0.248 0.248 0.2455 0.2455 0.2415 0.2415 0.1965 0.1965 0.174 0.174 0.174 0.1815 0.1815 0.188 0.188 0.1975 0.1975 0.1975 0.1955 0.1955 0.2015 0.2015 0.205 0.205 0.205 0.2285 0.2285 0.2165 0.2165 0.1845 0.1845 0.1845 0.201 0.201 0.127 0.127 0.1605 0.1605 0.1605 0.1505 0.1505 0.1325 0.1325 0.1115 0.1115 0.1475 0.1475 0.1475 0.172 0.172 0.1915 0.1915 0.2365 0.2365 0.2365 0.2405 0.2405 0.219 0.219 0.2055 0.2055 0.2055 0.2 0.2 0.199 0.199 0.1515 0.1515 0.1515 0.127
0.222 0.222 0.244 0.244 0.2875 0.2875 0.248 0.248 0.248 0.2455 0.2455 0.2415 0.2415 0.1965 0.1965 0.174 0.174 0.174 0.1815 0.1815 0.188 0.188 0.1975 0.1975 0.1975 0.1955 0.1955 0.2015 0.2015 0.205 0.205 0.205 0.2285 0.2285 0.2165 0.2165 0.1845 0.1845 0.1845 0.201 0.201 0.127 0.127 0.1605 0.1605 0.1605 0.1505 0.1505 0.1325 0.1325 0.1115 0.1115 0.1475 0.1475 0.1475 0.172 0.172 0.1915 0.1915 0.2365 0.2365 0.2365 0.2405 0.2405 0.219 0.219 0.2055 0.2055 0.2055 0.2 0.2 0.199 0.199 0.1515 0.1515 0.1515 0.127
0.2685 0.2685 0.2395 0.2395 0.291 0.291 0.2585 0.2585 0.2585 0.2375 0.2375 0.2725 0.2725 0.233 0.233 0.257 0.257 0.257 0.226 0.226 0.215 0.215 0.1685 0.1685 0.1685 0.179 0.179 0.1945 0.1945 0.2015 0.2015 0.2015 0.225 0.225 0.191 0.191 0.1805 0.1805 0.1805 0.182 0.182 0.1805 0.1805 0.143 0.143 0.143 0.138 0.138 0.1075 0.1075 0.12 0.12 0.155 0.155 0.155 0.18 0.18 0.223 0.223 0.246 0.246 0.246 0.245 0.245 0.2255 0.2255 0.2275 0.2275 0.2275 0.2255 0.2255 0.238 0.238 0.191 0.191 0.191 0.1295
0.2685 0.2685 0.2395 0.2395 0.291 0.291 0.2585 0.2585 0.2585 0.2375 0.2375 0.2725 0.2725 0.233 0.233 0.257 0.257 0.257 0.226 0.226 0.215 0.215 0.1685 0.1685 0.1685 0.179 0.179 0.1945 0.1945 0.2015 0.2015 0.2015 0.225 0.225 0.191 0.191 0.1805 0.1805 0.1805 0.182 0.182 0.1805 0.1805 0.143 0.143 0.143 0.138 0.138 0.1075 0.1075 0.12 0.12 0.155 0.155 0.155 0.18 0.18 0.223 0.223 0.246 0.246 0.246 0.245 0.245 0.2255 0.2255 0.2275 0.2275 0.2275 0.2255 0.2255 0.238 0.238 0.191 0.191 0.191 0.1295
0.2685 0.2685 0.2395 0.2395 0.291 0.291 0.2585 0.2585 0.2585 0.2375 0.2375 0.2725 0.2725 0.233 0.233 0.257 0.257 0.257 0.226 0.226 0.215 0.215 0.1685 0.1685 0.1685 0.179 0.179 0.1945 0.1945 0.2015 0.2015 0.2015 0.225 0.225 0.191 0.191 0.1805 0.1805 0.1805 0.182 0.182 0.1805 0.1805 0.143 0.143 0.143 0.138 0.138 0.1075 0.1075 0.12 0.12 0.155 0.155 0.155 0.18 0.18 0.223 0.223 0.246 0.246 0.246 0.245 0.245 0.2255 0.2255 0.2275 0.2275 0.2275 0.2255 0.2255 0.238 0.238 0.191 0.191 0.191 0.1295
0.219 0.219 0.238 0.238 0.228 0.228 0.2555 0.2555 0.2555 0.2685 0.2685 0.2655 0.2655 0.2575 0.2575 0.2635 0.2635 0.2635 0.2645 0.2645 0.2555 0.2555 0.223 0.223 0.223 0.2065 0.2065 0.1855 0.1855 0.192 0.192 0.192 0.212 0.212 0.216 0.216 0.2185 0.2185 0.2185 0.207 0.207 0.2465 0.2465 0.124 0.124 0.124 0.1285 0.1285 0.1455 0.1455 0.165 0.165 0.198 0.198 0.198 0.191 0.191 0.2105 0.2105 0.2075 0.2075 0.2075 0.227 0.227 0.2335 0.2335 0.215 0.215 0.215 0.224 0.224 0.1935 0.1935 0.1785 0.1785 0.1785 0.1325
