ndvi/NOAA-351.asc
ncols         252
nrows         154
xllcorner     -18.017974
yllcorner     13.481982
cellsize      0.035948
NODATA_value  -9999
[rows 0 to 33 of 154, columns 156 to 233 of 252]
0.101 0.105 0.105 0.105 0.109 0.109 0.1115 0.1115 0.1095 0.1095 0.1085 0.1085 0.1085 0.112 0.112 0.112 0.112 0.1145 0.1145 0.1145 0.1205 0.1205 0.1165 0.1165 0.1125 0.1125 0.1125 0.1165 0.1165 0.117 0.117 0.1135 0.1135 0.1135 0.1095 0.1095 0.1065 0.1065 0.108 0.108 0.108 0.119 0.119 0.114 0.114 0.11 0.11 0.113 0.113 0.113 0.114 0.114 0.112 0.112 0.11 0.11 0.11 0.1105 0.1105 0.107 0.107 0.104 0.104 0.104 0.1025 0.1025 0.0985 0.0985 0.0995 0.0995 0.0995 0.1 0.1 0.09299999 0.09299999 0.092 0.092 0.092
0.101 0.105 0.105 0.105 0.109 0.109 0.1115 0.1115 0.1095 0.1095 0.1085 0.1085 0.1085 0.112 0.112 0.112 0.112 0.1145 0.1145 0.1145 0.1205 0.1205 0.1165 0.1165 0.1125 0.1125 0.1125 0.1165 0.1165 0.117 0.117 0.1135 0.1135 0.1135 0.1095 0.1095 0.1065 0.1065 0.108 0.108 0.108 0.119 0.119 0.114 0.114 0.11 0.11 0.113 0.113 0.113 0.114 0.114 0.112 0.112 0.11 0.11 0.11 0.1105 0.1105 0.107 0.107 0.104 0.104 0.104 0.1025 0.1025 0.0985 0.0985 0.0995 0.0995 0.0995 0.1 0.1 0.09299999 0.09299999 0.092 0.092 0.092
0.107 0.1095 0.1095 0.1095 0.116 0.116 0.111 0.111 0.114 0.114 0.112 0.112 0.112 0.1195 0.1195 0.119 0.119 0.1185 0.1185 0.1185 0.123 0.123 0.1195 0.1195 0.122 0.122 0.122 0.121 0.121 0.1195 0.1195 0.1205 0.1205 0.1205 0.1195 0.1195 0.122 0.122 0.1215 0.1215 0.1215 0.1355 0.1355 0.124 0.124 0.1245 0.1245 0.123 0.123 0.123 0.1275 0.1275 0.1365 0.1365 0.132 0.132 0.132 0.1315 0.1315 0.1225 0.1225 0.1105 0.1105 0.1105 0.1085 0.1085 0.105 0.105 0.103 0.103 0.103 0.099 0.099 0.09450001 0.09450001 0.0925 0.0925 0.0925
0.107 0.1095 0.1095 0.1095 0.116 0.116 0.111 0.111 0.114 0.114 0.112 0.112 0.112 0.1195 0.1195 0.119 0.119 0.1185 0.1185 0.1185 0.123 0.123 0.1195 0.1195 0.122 0.122 0.122 0.121 0.121 0.1195 0.1195 0.1205 0.1205 0.1205 0.1195 0.1195 0.122 0.122 0.1215 0.1215 0.1215 0.1355 0.1355 0.124 0.124 0.1245 0.1245 0.123 0.123 0.123 0.1275 0.1275 0.1365 0.1365 0.132 0.132 0.132 0.1315 0.1315 0.1225 0.1225 0.1105 0.1105 0.1105 0.1085 0.1085 0.105 0.105 0.103 0.103 0.103 0.099 0.099 0.09450001 0.09450001 0.0925 0.0925 0.0925
0.107 0.1095 0.1095 0.1095 0.116 0.116 0.111 0.111 0.114 0.114 0.112 0.112 0.112 0.1195 0.1195 0.119 0.119 0.1185 0.1185 0.1185 0.123 0.123 0.1195 0.1195 0.122 0.122 0.122 0.121 0.121 0.1195 0.1195 0.1205 0.1205 0.1205 0.1195 0.1195 0.122 0.122 0.1215 0.1215 0.1215 0.1355 0.1355 0.124 0.124 0.1245 0.1245 0.123 0.123 0.123 0.1275 0.1275 0.1365 0.1365 0.132 0.132 0.132 0.1315 0.1315 0.1225 0.1225 0.1105 0.1105 0.1105 0.1085 0.1085 0.105 0.105 0.103 0.103 0.103 0.099 0.099 0.09450001 0.09450001 0.0925 0.0925 0.0925
0.1165 0.1195 0.1195 0.1195 0.1255 0.1255 0.126 0.126 0.121 0.121 0.125 0.125 0.125 0.123 0.123 0.125 0.125 0.1215 0.1215 0.1215 0.124 0.124 0.1315 0.1315 0.134 0.134 0.134 0.1395 0.1395 0.141 0.141 0.1395 0.1395 0.1395 0.135 0.135 0.132 0.132 0.1365 0.1365 0.1365 0.131 0.131 0.13 0.13 0.1295 0.1295 0.1345 0.1345 0.1345 0.1355 0.1355 0.133 0.133 0.131 0.131 0.131 0.1245 0.1245 0.116 0.116 0.1175 0.1175 0.1175 0.1095 0.1095 0.109 0.109 0.103 0.103 0.103 0.1015 0.1015 0.098 0.098 0.09999999 0.09999999 0.09999999
0.1165 0.1195 0.1195 0.1195 0.1255 0.1255 0.126 0.126 0.121 0.121 0.125 0.125 0.125 0.123 0.123 0.125 0.125 0.1215 0.1215 0.1215 0.124 0.124 0.1315 0.1315 0.134 0.134 0.134 0.1395 0.1395 0.141 0.141 0.1395 0.1395 0.1395 0.135 0.135 0.132 0.132 0.1365 0.1365 0.1365 0.131 0.131 0.13 0.13 0.1295 0.1295 0.1345 0.1345 0.1345 0.1355 0.1355 0.133 0.133 0.131 0.131 0.131 0.1245 0.1245 0.116 0.116 0.1175 0.1175 0.1175 0.1095 0.1095 0.109 0.109 0.103 0.103 0.103 0.1015 0.1015 0.098 0.098 0.09999999 0.09999999 0.09999999
0.12 0.1265 0.1265 0.1265 0.1335 0.1335 0.127 0.127 0.1295 0.1295 0.1265 0.1265 0.1265 0.13 0.13 0.1295 0.1295 0.1295 0.1295 0.1295 0.132 0.132 0.133 0.133 0.1325 0.1325 0.1325 0.1345 0.1345 0.1385 0.1385 0.134 0.134 0.134 0.1325 0.1325 0.1305 0.1305 0.131 0.131 0.131 0.133 0.133 0.129 0.129 0.1365 0.1365 0.136 0.136 0.136 0.127 0.127 0.127 0.127 0.1205 0.1205 0.1205 0.1205 0.1205 0.116 0.116 0.116 0.116 0.116 0.1125 0.1125 0.109 0.109 0.108 0.108 0.108 0.1055 0.1055 0.1065 0.1065 0.104 0.104 0.104
0.12 0.1265 0.1265 0.1265 0.1335 0.1335 0.127 0.127 0.1295 0.1295 0.1265 0.1265 0.1265 0.13 0.13 0.1295 0.1295 0.1295 0.1295 0.1295 0.132 0.132 0.133 0.133 0.1325 0.1325 0.1325 0.1345 0.1345 0.1385 0.1385 0.134 0.134 0.134 0.1325 0.1325 0.1305 0.1305 0.131 0.131 0.131 0.133 0.133 0.129 0.129 0.1365 0.1365 0.136 0.136 0.136 0.127 0.127 0.127 0.127 0.1205 0.1205 0.1205 0.1205 0.1205 0.116 0.116 0.116 0.116 0.116 0.1125 0.1125 0.109 0.109 0.108 0.108 0.108 0.1055 0.1055 0.1065 0.1065 0.104 0.104 0.104
0.134 0.128 0.128 0.128 0.135 0.135 0.132 0.132 0.133 0.133 0.1335 0.1335 0.1335 0.1325 0.1325 0.1345 0.1345 0.138 0.138 0.138 0.1265 0.1265 0.1285 0.1285 0.1325 0.1325 0.1325 0.1285 0.1285 0.1355 0.1355 0.1355 0.1355 0.1355 0.1305 0.1305 0.1255 0.1255 0.1195 0.1195 0.1195 0.1185 0.1185 0.12 0.12 0.129 0.129 0.1245 0.1245 0.1245 0.1225 0.1225 0.121 0.121 0.1205 0.1205 0.1205 0.116 0.116 0.1165 0.1165 0.114 0.114 0.114 0.1145 0.1145 0.112 0.112 0.109 0.109 0.109 0.1075 0.1075 0.106 0.106 0.1045 0.1045 0.1045
0.134 0.128 0.128 0.128 0.135 0.135 0.132 0.132 0.133 0.133 0.1335 0.1335 0.1335 0.1325 0.1325 0.1345 0.1345 0.138 0.138 0.138 0.1265 0.1265 0.1285 0.1285 0.1325 0.1325 0.1325 0.1285 0.1285 0.1355 0.1355 0.1355 0.1355 0.1355 0.1305 0.1305 0.1255 0.1255 0.1195 0.1195 0.1195 0.1185 0.1185 0.12 0.12 0.129 0.129 0.1245 0.1245 0.1245 0.1225 0.1225 0.121 0.121 0.1205 0.1205 0.1205 0.116 0.116 0.1165 0.1165 0.114 0.114 0.114 0.1145 0.1145 0.112 0.112 0.109 0.109 0.109 0.1075 0.1075 0.106 0.106 0.1045 0.1045 0.1045
0.134 0.1265 0.1265 0.1265 0.1305 0.1305 0.128 0.128 0.1285 0.1285 0.1305 0.1305 0.1305 0.137 0.137 0.1355 0.1355 0.1295 0.1295 0.1295 0.127 0.127 0.1295 0.1295 0.1325 0.1325 0.1325 0.131 0.131 0.13 0.13 0.1245 0.1245 0.1245 0.127 0.127 0.123 0.123 0.123 0.123 0.123 0.122 0.122 0.121 0.121 0.1395 0.1395 0.1335 0.1335 0.1335 0.1205 0.1205 0.1195 0.1195 0.1195 0.1195 0.1195 0.1155 0.1155 0.1115 0.1115 0.105 0.105 0.105 0.103 0.103 0.101 0.101 0.1005 0.1005 0.1005 0.1025 0.1025 0.1055 0.1055 0.1085 0.1085 0.1085
0.134 0.1265 0.1265 0.1265 0.1305 0.1305 0.128 0.128 0.1285 0.1285 0.1305 0.1305 0.1305 0.137 0.137 0.1355 0.1355 0.1295 0.1295 0.1295 0.127 0.127 0.1295 0.1295 0.1325 0.1325 0.1325 0.131 0.131 0.13 0.13 0.1245 0.1245 0.1245 0.127 0.127 0.123 0.123 0.123 0.123 0.123 0.122 0.122 0.121 0.121 0.1395 0.1395 0.1335 0.1335 0.1335 0.1205 0.1205 0.1195 0.1195 0.1195 0.1195 0.1195 0.1155 0.1155 0.1115 0.1115 0.105 0.105 0.105 0.103 0.103 0.101 0.101 0.1005 0.1005 0.1005 0.1025 0.1025 0.1055 0.1055 0.1085 0.1085 0.1085
0.134 0.1265 0.1265 0.1265 0.1305 0.1305 0.128 0.128 0.1285 0.1285 0.1305 0.1305 0.1305 0.137 0.137 0.1355 0.1355 0.1295 0.1295 0.1295 0.127 0.127 0.1295 0.1295 0.1325 0.1325 0.1325 0.131 0.131 0.13 0.13 0.1245 0.1245 0.1245 0.127 0.127 0.123 0.123 0.123 0.123 0.123 0.122 0.122 0.121 0.121 0.1395 0.1395 0.1335 0.1335 0.1335 0.1205 0.1205 0.1195 0.1195 0.1195 0.1195 0.1195 0.1155 0.1155 0.1115 0.1115 0.105 0.105 0.105 0.103 0.103 0.101 0.101 0.1005 0.1005 0.1005 0.1025 0.1025 0.1055 0.1055 0.1085 0.1085 0.1085
0.1325 0.1335 0.1335 0.1335 0.132 0.132 0.142 0.142 0.1375 0.1375 0.1355 0.1355 0.1355 0.138 0.138 0.134 0.134 0.1365 0.1365 0.1365 0.124 0.124 0.1195 0.1195 0.128 0.128 0.128 0.126 0.126 0.1255 0.1255 0.124 0.124 0.124 0.129 0.129 0.124 0.124 0.1175 0.1175 0.1175 0.1265 0.1265 0.122 0.122 0.128 0.128 0.1155 0.1155 0.1155 0.1095 0.1095 0.1265 0.1265 0.1195 0.1195 0.1195 0.1095 0.1095 0.1015 0.1015 0.0965 0.0965 0.0965 0.0945 0.0945 0.09100001 0.09100001 0.0965 0.0965 0.0965 0.09649999 0.09649999 0.1055 0.1055 0.106 0.106 0.106
0.1325 0.1335 0.1335 0.1335 0.132 0.132 0.142 0.142 0.1375 0.1375 0.1355 0.1355 0.1355 0.138 0.138 0.134 0.134 0.1365 0.1365 0.1365 0.124 0.124 0.1195 0.1195 0.128 0.128 0.128 0.126 0.126 0.1255 0.1255 0.124 0.124 0.124 0.129 0.129 0.124 0.124 0.1175 0.1175 0.1175 0.1265 0.1265 0.122 0.122 0.128 0.128 0.1155 0.1155 0.1155 0.1095 0.1095 0.1265 0.1265 0.1195 0.1195 0.1195 0.1095 0.1095 0.1015 0.1015 0.0965 0.0965 0.0965 0.0945 0.0945 0.09100001 0.09100001 0.0965 0.0965 0.0965 0.09649999 0.09649999 0.1055 0.1055 0.106 0.106 0.106
0.133 0.126 0.126 0.126 0.1305 0.1305 0.1385 0.1385 0.141 0.141 0.1295 0.1295 0.1295 0.1395 0.1395 0.1335 0.1335 0.132 0.132 0.132 0.126 0.126 0.124 0.124 0.1275 0.1275 0.1275 0.1225 0.1225 0.1305 0.1305 0.121 0.121 0.121 0.1285 0.1285 0.116 0.116 0.1085 0.1085 0.1085 0.1035 0.1035 0.09 0.09 0.0775 0.0775 0.0945 0.0945 0.0945 0.0955 0.0955 0.099 0.099 0.1055 0.1055 0.1055 0.099 0.099 0.0985 0.0985 0.09299999 0.09299999 0.09299999 0.09450001 0.09450001 0.0935 0.0935 0.09550001 0.09550001 0.09550001 0.097 0.097 0.107 0.107 0.11 0.11 0.11
0.133 0.126 0.126 0.126 0.1305 0.1305 0.1385 0.1385 0.141 0.141 0.1295 0.1295 0.1295 0.1395 0.1395 0.1335 0.1335 0.132 0.132 0.132 0.126 0.126 0.124 0.124 0.1275 0.1275 0.1275 0.1225 0.1225 0.1305 0.1305 0.121 0.121 0.121 0.1285 0.1285 0.116 0.116 0.1085 0.1085 0.1085 0.1035 0.1035 0.09 0.09 0.0775 0.0775 0.0945 0.0945 0.0945 0.0955 0.0955 0.099 0.099 0.1055 0.1055 0.1055 0.099 0.099 0.0985 0.0985 0.09299999 0.09299999 0.09299999 0.09450001 0.09450001 0.0935 0.0935 0.09550001 0.09550001 0.09550001 0.097 0.097 0.107 0.107 0.11 0.11 0.11
0.1495 0.165 0.165 0.165 0.119 0.119 0.1135 0.1135 0.116 0.116 0.1215 0.1215 0.1215 0.114 0.114 0.121 0.121 0.117 0.117 0.117 0.1165 0.1165 0.11 0.11 0.1065 0.1065 0.1065 0.1015 0.1015 0.102 0.102 0.1015 0.1015 0.1015 0.0985 0.0985 0.119 0.119 0.1215 0.1215 0.1215 0.1165 0.1165 0.119 0.119 0.1105 0.1105 0.1075 0.1075 0.1075 0.104 0.104 0.0975 0.0975 0.0975 0.0975 0.0975 0.09999999 0.09999999 0.0985 0.0985 0.097 0.097 0.097 0.09299999 0.09299999 0.09450001 0.09450001 0.09450001 0.09450001 0.09450001 0.099 0.099 0.102 0.102 0.1035 0.1035 0.1035
0.1495 0.165 0.165 0.165 0.119 0.119 0.1135 0.1135 0.116 0.116 0.1215 0.1215 0.1215 0.114 0.114 0.121 0.121 0.117 0.117 0.117 0.1165 0.1165 0.11 0.11 0.1065 0.1065 0.1065 0.1015 0.1015 0.102 0.102 0.1015 0.1015 0.1015 0.0985 0.0985 0.119 0.119 0.1215 0.1215 0.1215 0.1165 0.1165 0.119 0.119 0.1105 0.1105 0.1075 0.1075 0.1075 0.104 0.104 0.0975 0.0975 0.0975 0.0975 0.0975 0.09999999 0.09999999 0.0985 0.0985 0.097 0.097 0.097 0.09299999 0.09299999 0.09450001 0.09450001 0.09450001 0.09450001 0.09450001 0.099 0.099 0.102 0.102 0.1035 0.1035 0.1035
0.1495 0.165 0.165 0.165 0.119 0.119 0.1135 0.1135 0.116 0.116 0.1215 0.1215 0.1215 0.114 0.114 0.121 0.121 0.117 0.117 0.117 0.1165 0.1165 0.11 0.11 0.1065 0.1065 0.1065 0.1015 0.1015 0.102 0.102 0.1015 0.1015 0.1015 0.0985 0.0985 0.119 0.119 0.1215 0.1215 0.1215 0.1165 0.1165 0.119 0.119 0.1105 0.1105 0.1075 0.1075 0.1075 0.104 0.104 0.0975 0.0975 0.0975 0.0975 0.0975 0.09999999 0.09999999 0.0985 0.0985 0.097 0.097 0.097 0.09299999 0.09299999 0.09450001 0.09450001 0.09450001 0.09450001 0.09450001 0.099 0.099 0.102 0.102 0.1035 0.1035 0.1035
0.1435 0.153 0.153 0.153 0.1285 0.1285 0.121 0.121 0.1155 0.1155 0.1165 0.1165 0.1165 0.131 0.131 0.125 0.125 0.124 0.124 0.124 0.1215 0.1215 0.115 0.115 0.111 0.111 0.111 0.113 0.113 0.0985 0.0985 0.116 0.116 0.116 0.1245 0.1245 0.13 0.13 0.121 0.121 0.121 0.1185 0.1185 0.1195 0.1195 0.114 0.114 0.11 0.11 0.11 0.1015 0.1015 0.0985 0.0985 0.09999999 0.09999999 0.09999999 0.104 0.104 0.101 0.101 0.099 0.099 0.099 0.09999999 0.09999999 0.097 0.097 0.098 0.098 0.098 0.0995 0.0995 0.097 0.097 0.092 0.092 0.092
0.1435 0.153 0.153 0.153 0.1285 0.1285 0.121 0.121 0.1155 0.1155 0.1165 0.1165 0.1165 0.131 0.131 0.125 0.125 0.124 0.124 0.124 0.1215 0.1215 0.115 0.115 0.111 0.111 0.111 0.113 0.113 0.0985 0.0985 0.116 0.116 0.116 0.1245 0.1245 0.13 0.13 0.121 0.121 0.121 0.1185 0.1185 0.1195 0.1195 0.114 0.114 0.11 0.11 0.11 0.1015 0.1015 0.0985 0.0985 0.09999999 0.09999999 0.09999999 0.104 0.104 0.101 0.101 0.099 0.099 0.099 0.09999999 0.09999999 0.097 0.097 0.098 0.098 0.098 0.0995 0.0995 0.097 0.097 0.092 0.092 0.092
0.1465 0.1505 0.1505 0.1505 0.141 0.141 0.119 0.119 0.1265 0.1265 0.1275 0.1275 0.1275 0.122 0.122 0.127 0.127 0.1435 0.1435 0.1435 0.146 0.146 0.14 0.14 0.134 0.134 0.134 0.131 0.131 0.1295 0.1295 0.1395 0.1395 0.1395 0.1375 0.1375 0.1275 0.1275 0.1215 0.1215 0.1215 0.1175 0.1175 0.107 0.107 0.1155 0.1155 0.107 0.107 0.107 0.101 0.101 0.099 0.099 0.098 0.098 0.098 0.106 0.106 0.1085 0.1085 0.104 0.104 0.104 0.101 0.101 0.1015 0.1015 0.0985 0.0985 0.0985 0.0975 0.0975 0.0945 0.0945 0.09100001 0.09100001 0.09100001
0.1465 0.1505 0.1505 0.1505 0.141 0.141 0.119 0.119 0.1265 0.1265 0.1275 0.1275 0.1275 0.122 0.122 0.127 0.127 0.1435 0.1435 0.1435 0.146 0.146 0.14 0.14 0.134 0.134 0.134 0.131 0.131 0.1295 0.1295 0.1395 0.1395 0.1395 0.1375 0.1375 0.1275 0.1275 0.1215 0.1215 0.1215 0.1175 0.1175 0.107 0.107 0.1155 0.1155 0.107 0.107 0.107 0.101 0.101 0.099 0.099 0.098 0.098 0.098 0.106 0.106 0.1085 0.1085 0.104 0.104 0.104 0.101 0.101 0.1015 0.1015 0.0985 0.0985 0.0985 0.0975 0.0975 0.0945 0.0945 0.09100001 0.09100001 0.09100001
0.132 0.149 0.149 0.149 0.169 0.169 0.1555 0.1555 0.127 0.127 0.1285 0.1285 0.1285 0.1315 0.1315 0.132 0.132 0.137 0.137 0.137 0.138 0.138 0.1365 0.1365 0.134 0.134 0.134 0.1355 0.1355 0.137 0.137 0.1375 0.1375 0.1375 0.1385 0.1385 0.1235 0.1235 0.121 0.121 0.121 0.1105 0.1105 0.116 0.116 0.1135 0.1135 0.1115 0.1115 0.1115 0.1075 0.1075 0.101 0.101 0.099 0.099 0.099 0.1015 0.1015 0.1035 0.1035 0.1055 0.1055 0.1055 0.103 0.103 0.1 0.1 0.097 0.097 0.097 0.0995 0.0995 0.104 0.104 0.0995 0.0995 0.0995
0.132 0.149 0.149 0.149 0.169 0.169 0.1555 0.1555 0.127 0.127 0.1285 0.1285 0.1285 0.1315 0.1315 0.132 0.132 0.137 0.137 0.137 0.138 0.138 0.1365 0.1365 0.134 0.134 0.134 0.1355 0.1355 0.137 0.137 0.1375 0.1375 0.1375 0.1385 0.1385 0.1235 0.1235 0.121 0.121 0.121 0.1105 0.1105 0.116 0.116 0.1135 0.1135 0.1115 0.1115 0.1115 0.1075 0.1075 0.101 0.101 0.099 0.099 0.099 0.1015 0.1015 0.1035 0.1035 0.1055 0.1055 0.1055 0.103 0.103 0.1 0.1 0.097 0.097 0.097 0.0995 0.0995 0.104 0.104 0.0995 0.0995 0.0995
0.132 0.149 0.149 0.149 0.169 0.169 0.1555 0.1555 0.127 0.127 0.1285 0.1285 0.1285 0.1315 0.1315 0.132 0.132 0.137 0.137 0.137 0.138 0.138 0.1365 0.1365 0.134 0.134 0.134 0.1355 0.1355 0.137 0.137 0.1375 0.1375 0.1375 0.1385 0.1385 0.1235 0.1235 0.121 0.121 0.121 0.1105 0.1105 0.116 0.116 0.1135 0.1135 0.1115 0.1115 0.1115 0.1075 0.1075 0.101 0.101 0.099 0.099 0.099 0.1015 0.1015 0.1035 0.1035 0.1055 0.1055 0.1055 0.103 0.103 0.1 0.1 0.097 0.097 0.097 0.0995 0.0995 0.104 0.104 0.0995 0.0995 0.0995
0.1215 0.163 0.163 0.163 0.1575 0.1575 0.1585 0.1585 0.129 0.129 0.1365 0.1365 0.1365 0.1265 0.1265 0.139 0.139 0.134 0.134 0.134 0.1365 0.1365 0.1275 0.1275 0.1355 0.1355 0.1355 0.1395 0.1395 0.136 0.136 0.131 0.131 0.131 0.1265 0.1265 0.122 0.122 0.1185 0.1185 0.1185 0.115 0.115 0.1225 0.1225 0.122 0.122 0.118 0.118 0.118 0.113 0.113 0.1065 0.1065 0.103 0.103 0.103 0.1045 0.1045 0.113 0.113 0.117 0.117 0.117 0.1155 0.1155 0.1155 0.1155 0.1155 0.1155 0.1155 0.1175 0.1175 0.1045 0.1045 0.103 0.103 0.103
0.1215 0.163 0.163 0.163 0.1575 0.1575 0.1585 0.1585 0.129 0.129 0.1365 0.1365 0.1365 0.1265 0.1265 0.139 0.139 0.134 0.134 0.134 0.1365 0.1365 0.1275 0.1275 0.1355 0.1355 0.1355 0.1395 0.1395 0.136 0.136 0.131 0.131 0.131 0.1265 0.1265 0.122 0.122 0.1185 0.1185 0.1185 0.115 0.115 0.1225 0.1225 0.122 0.122 0.118 0.118 0.118 0.113 0.113 0.1065 0.1065 0.103 0.103 0.103 0.1045 0.1045 0.113 0.113 0.117 0.117 0.117 0.1155 0.1155 0.1155 0.1155 0.1155 0.1155 0.1155 0.1175 0.1175 0.1045 0.1045 0.103 0.103 0.103
0.1305 0.1535 0.1535 0.1535 0.16 0.16 0.1365 0.1365 0.129 0.129 0.1245 0.1245 0.1245 0.1165 0.1165 0.1265 0.1265 0.135 0.135 0.135 0.137 0.137 0.1385 0.1385 0.1395 0.1395 0.1395 0.1475 0.1475 0.1285 0.1285 0.1285 0.1285 0.1285 0.1215 0.1215 0.125 0.125 0.1205 0.1205 0.1205 0.1275 0.1275 0.123 0.123 0.1175 0.1175 0.118 0.118 0.118 0.1215 0.1215 0.121 0.121 0.117 0.117 0.117 0.1135 0.1135 0.1215 0.1215 0.122 0.122 0.122 0.1245 0.1245 0.1215 0.1215 0.1165 0.1165 0.1165 0.11 0.11 0.1065 0.1065 0.108 0.108 0.108
0.1305 0.1535 0.1535 0.1535 0.16 0.16 0.1365 0.1365 0.129 0.129 0.1245 0.1245 0.1245 0.1165 0.1165 0.1265 0.1265 0.135 0.135 0.135 0.137 0.137 0.1385 0.1385 0.1395 0.1395 0.1395 0.1475 0.1475 0.1285 0.1285 0.1285 0.1285 0.1285 0.1215 0.1215 0.125 0.125 0.1205 0.1205 0.1205 0.1275 0.1275 0.123 0.123 0.1175 0.1175 0.118 0.118 0.118 0.1215 0.1215 0.121 0.121 0.117 0.117 0.117 0.1135 0.1135 0.1215 0.1215 0.122 0.122 0.122 0.1245 0.1245 0.1215 0.1215 0.1165 0.1165 0.1165 0.11 0.11 0.1065 0.1065 0.108 0.108 0.108
0.13 0.1625 0.1625 0.1625 0.116 0.116 0.1255 0.1255 0.121 0.121 0.114 0.114 0.114 0.1215 0.1215 0.1055 0.1055 0.108 0.108 0.108 0.1115 0.1115 0.138 0.138 0.1345 0.1345 0.1345 0.1445 0.1445 0.137 0.137 0.12 0.12 0.12 0.125 0.125 0.1145 0.1145 0.1145 0.1145 0.1145 0.119 0.119 0.1175 0.1175 0.1195 0.1195 0.1165 0.1165 0.1165 0.1295 0.1295 0.134 0.134 0.1265 0.1265 0.1265 0.129 0.129 0.13 0.13 0.1305 0.1305 0.1305 0.1315 0.1315 0.126 0.126 0.121 0.121 0.121 0.118 0.118 0.1145 0.1145 0.116 0.116 0.116
0.13 0.1625 0.1625 0.1625 0.116 0.116 0.1255 0.1255 0.121 0.121 0.114 0.114 0.114 0.1215 0.1215 0.1055 0.1055 0.108 0.108 0.108 0.1115 0.1115 0.138 0.138 0.1345 0.1345 0.1345 0.1445 0.1445 0.137 0.137 0.12 0.12 0.12 0.125 0.125 0.1145 0.1145 0.1145 0.1145 0.1145 0.119 0.119 0.1175 0.1175 0.1195 0.1195 0.1165 0.1165 0.1165 0.1295 0.1295 0.134 0.134 0.1265 0.1265 0.1265 0.129 0.129 0.13 0.13 0.1305 0.1305 0.1305 0.1315 0.1315 0.126 0.126 0.121 0.121 0.121 0.118 0.118 0.1145 0.1145 0.116 0.116 0.116
