ndvi/NOAA-10.asc
ncols         252
nrows         154
xllcorner     -18.017974
yllcorner     13.481982
cellsize      0.035948
NODATA_value  -9999
[rows 102 to 135 of 154, columns 154 to 230 of 252]
0.331 0.2995 0.2995 0.287 0.287 0.287 0.269 0.269 0.2795 0.2795 0.276 0.276 0.295 0.295 0.295 0.2715 0.2715 0.305 0.305 0.3155 0.3155 0.3155 0.3425 0.3425 0.3345 0.3345 0.3085 0.3085 0.3085 0.322 0.322 0.346 0.346 0.337 0.337 0.337 0.3345 0.3345 0.3665 0.3665 0.368 0.368 0.368 0.374 0.374 0.3325 0.3325 0.3445 0.3445 0.351 0.351 0.351 0.334 0.334 0.3205 0.3205 0.3345 0.3345 0.3345 0.3445 0.3445 0.337 0.337 0.348 0.348 0.348 0.3015 0.3015 0.2795 0.2795 0.321 0.321 0.321 0.315 0.315 0.3275 0.3275
0.301 0.322 0.322 0.3195 0.3195 0.3195 0.274 0.274 0.3 0.3 0.283 0.283 0.2885 0.2885 0.2885 0.2815 0.2815 0.303 0.303 0.318 0.318 0.318 0.3265 0.3265 0.3435 0.3435 0.338 0.338 0.338 0.33 0.33 0.3445 0.3445 0.361 0.361 0.361 0.337 0.337 0.304 0.304 0.3215 0.3215 0.3215 0.329 0.329 0.3 0.3 0.3535 0.3535 0.378 0.378 0.378 0.3815 0.3815 0.357 0.357 0.375 0.375 0.375 0.368 0.368 0.3085 0.3085 0.33 0.33 0.33 0.3275 0.3275 0.315 0.315 0.315 0.315 0.315 0.31 0.31 0.297 0.297
0.301 0.322 0.322 0.3195 0.3195 0.3195 0.274 0.274 0.3 0.3 0.283 0.283 0.2885 0.2885 0.2885 0.2815 0.2815 0.303 0.303 0.318 0.318 0.318 0.3265 0.3265 0.3435 0.3435 0.338 0.338 0.338 0.33 0.33 0.3445 0.3445 0.361 0.361 0.361 0.337 0.337 0.304 0.304 0.3215 0.3215 0.3215 0.329 0.329 0.3 0.3 0.3535 0.3535 0.378 0.378 0.378 0.3815 0.3815 0.357 0.357 0.375 0.375 0.375 0.368 0.368 0.3085 0.3085 0.33 0.33 0.33 0.3275 0.3275 0.315 0.315 0.315 0.315 0.315 0.31 0.31 0.297 0.297
0.301 0.322 0.322 0.3195 0.3195 0.3195 0.274 0.274 0.3 0.3 0.283 0.283 0.2885 0.2885 0.2885 0.2815 0.2815 0.303 0.303 0.318 0.318 0.318 0.3265 0.3265 0.3435 0.3435 0.338 0.338 0.338 0.33 0.33 0.3445 0.3445 0.361 0.361 0.361 0.337 0.337 0.304 0.304 0.3215 0.3215 0.3215 0.329 0.329 0.3 0.3 0.3535 0.3535 0.378 0.378 0.378 0.3815 0.3815 0.357 0.357 0.375 0.375 0.375 0.368 0.368 0.3085 0.3085 0.33 0.33 0.33 0.3275 0.3275 0.315 0.315 0.315 0.315 0.315 0.31 0.31 0.297 0.297
0.3245 0.33 0.33 0.333 0.333 0.333 0.3005 0.3005 0.2975 0.2975 0.3175 0.3175 0.3045 0.3045 0.3045 0.3245 0.3245 0.3315 0.3315 0.313 0.313 0.313 0.3085 0.3085 0.315 0.315 0.323 0.323 0.323 0.381 0.381 0.411 0.411 0.424 0.424 0.424 0.384 0.384 0.386 0.386 0.366 0.366 0.366 0.408 0.408 0.369 0.369 0.338 0.338 0.357 0.357 0.357 0.423 0.423 0.4495 0.4495 0.435 0.435 0.435 0.368 0.368 0.346 0.346 0.31 0.31 0.31 0.35 0.35 0.3245 0.3245 0.281 0.281 0.281 0.309 0.309 0.3365 0.3365
0.3245 0.33 0.33 0.333 0.333 0.333 0.3005 0.3005 0.2975 0.2975 0.3175 0.3175 0.3045 0.3045 0.3045 0.3245 0.3245 0.3315 0.3315 0.313 0.313 0.313 0.3085 0.3085 0.315 0.315 0.323 0.323 0.323 0.381 0.381 0.411 0.411 0.424 0.424 0.424 0.384 0.384 0.386 0.386 0.366 0.366 0.366 0.408 0.408 0.369 0.369 0.338 0.338 0.357 0.357 0.357 0.423 0.423 0.4495 0.4495 0.435 0.435 0.435 0.368 0.368 0.346 0.346 0.31 0.31 0.31 0.35 0.35 0.3245 0.3245 0.281 0.281 0.281 0.309 0.309 0.3365 0.3365
0.353 0.372 0.372 0.349 0.349 0.349 0.349 0.349 0.3615 0.3615 0.3415 0.3415 0.3415 0.3415 0.3415 0.311 0.311 0.314 0.314 0.355 0.355 0.355 0.3505 0.3505 0.3745 0.3745 0.385 0.385 0.385 0.397 0.397 0.4265 0.4265 0.423 0.423 0.423 0.387 0.387 0.416 0.416 0.4365 0.4365 0.4365 0.417 0.417 0.3915 0.3915 0.4155 0.4155 0.3865 0.3865 0.3865 0.4805 0.4805 0.381 0.381 0.4155 0.4155 0.4155 0.3755 0.3755 0.363 0.363 0.3325 0.3325 0.3325 0.319 0.319 0.325 0.325 0.3235 0.3235 0.3235 0.3595 0.3595 0.3675 0.3675
0.353 0.372 0.372 0.349 0.349 0.349 0.349 0.349 0.3615 0.3615 0.3415 0.3415 0.3415 0.3415 0.3415 0.311 0.311 0.314 0.314 0.355 0.355 0.355 0.3505 0.3505 0.3745 0.3745 0.385 0.385 0.385 0.397 0.397 0.4265 0.4265 0.423 0.423 0.423 0.387 0.387 0.416 0.416 0.4365 0.4365 0.4365 0.417 0.417 0.3915 0.3915 0.4155 0.4155 0.3865 0.3865 0.3865 0.4805 0.4805 0.381 0.381 0.4155 0.4155 0.4155 0.3755 0.3755 0.363 0.363 0.3325 0.3325 0.3325 0.319 0.319 0.325 0.325 0.3235 0.3235 0.3235 0.3595 0.3595 0.3675 0.3675
0.348 0.3735 0.3735 0.3525 0.3525 0.3525 0.3705 0.3705 0.335 0.335 0.3235 0.3235 0.3325 0.3325 0.3325 0.355 0.355 0.355 0.355 0.3825 0.3825 0.3825 0.356 0.356 0.3845 0.3845 0.386 0.386 0.386 0.4 0.4 0.417 0.417 0.3965 0.3965 0.3965 0.3865 0.3865 0.3955 0.3955 0.3955 0.3955 0.3955 0.346 0.346 0.354 0.354 0.369 0.369 0.357 0.357 0.357 0.4305 0.4305 0.444 0.444 0.4245 0.4245 0.4245 0.3795 0.3795 0.386 0.386 0.3255 0.3255 0.3255 0.3595 0.3595 0.3785 0.3785 0.4055 0.4055 0.4055 0.4085 0.4085 0.4035 0.4035
0.348 0.3735 0.3735 0.3525 0.3525 0.3525 0.3705 0.3705 0.335 0.335 0.3235 0.3235 0.3325 0.3325 0.3325 0.355 0.355 0.355 0.355 0.3825 0.3825 0.3825 0.356 0.356 0.3845 0.3845 0.386 0.386 0.386 0.4 0.4 0.417 0.417 0.3965 0.3965 0.3965 0.3865 0.3865 0.3955 0.3955 0.3955 0.3955 0.3955 0.346 0.346 0.354 0.354 0.369 0.369 0.357 0.357 0.357 0.4305 0.4305 0.444 0.444 0.4245 0.4245 0.4245 0.3795 0.3795 0.386 0.386 0.3255 0.3255 0.3255 0.3595 0.3595 0.3785 0.3785 0.4055 0.4055 0.4055 0.4085 0.4085 0.4035 0.4035
0.348 0.3735 0.3735 0.3525 0.3525 0.3525 0.3705 0.3705 0.335 0.335 0.3235 0.3235 0.3325 0.3325 0.3325 0.355 0.355 0.355 0.355 0.3825 0.3825 0.3825 0.356 0.356 0.3845 0.3845 0.386 0.386 0.386 0.4 0.4 0.417 0.417 0.3965 0.3965 0.3965 0.3865 0.3865 0.3955 0.3955 0.3955 0.3955 0.3955 0.346 0.346 0.354 0.354 0.369 0.369 0.357 0.357 0.357 0.4305 0.4305 0.444 0.444 0.4245 0.4245 0.4245 0.3795 0.3795 0.386 0.386 0.3255 0.3255 0.3255 0.3595 0.3595 0.3785 0.3785 0.4055 0.4055 0.4055 0.4085 0.4085 0.4035 0.4035
0.4315 0.3801 0.3801 0.366 0.366 0.366 0.3835 0.3835 0.3355 0.3355 0.3415 0.3415 0.3815 0.3815 0.3815 0.3815 0.3815 0.356 0.356 0.367 0.367 0.367 0.407 0.407 0.4455 0.4455 0.4495 0.4495 0.4495 0.441 0.441 0.43 0.43 0.476 0.476 0.476 0.4595 0.4595 0.3635 0.3635 0.3745 0.3745 0.3745 0.3595 0.3595 0.3055 0.3055 0.359 0.359 0.378 0.378 0.378 0.4645 0.4645 0.4705 0.4705 0.4285 0.4285 0.4285 0.419 0.419 0.388 0.388 0.3735 0.3735 0.3735 0.3965 0.3965 0.406 0.406 0.409 0.409 0.409 0.388 0.388 0.422 0.422
0.4315 0.3801 0.3801 0.366 0.366 0.366 0.3835 0.3835 0.3355 0.3355 0.3415 0.3415 0.3815 0.3815 0.3815 0.3815 0.3815 0.356 0.356 0.367 0.367 0.367 0.407 0.407 0.4455 0.4455 0.4495 0.4495 0.4495 0.441 0.441 0.43 0.43 0.476 0.476 0.476 0.4595 0.4595 0.3635 0.3635 0.3745 0.3745 0.3745 0.3595 0.3595 0.3055 0.3055 0.359 0.359 0.378 0.378 0.378 0.4645 0.4645 0.4705 0.4705 0.4285 0.4285 0.4285 0.419 0.419 0.388 0.388 0.3735 0.3735 0.3735 0.3965 0.3965 0.406 0.406 0.409 0.409 0.409 0.388 0.388 0.422 0.422
0.393 0.3875 0.3875 0.369 0.369 0.369 0.3885 0.3885 0.3475 0.3475 0.3525 0.3525 0.366 0.366 0.366 0.378 0.378 0.364 0.364 0.3555 0.3555 0.3555 0.384 0.384 0.4445 0.4445 0.431 0.431 0.431 0.414 0.414 0.4185 0.4185 0.4415 0.4415 0.4415 0.4225 0.4225 0.381 0.381 0.363 0.363 0.363 0.359 0.359 0.4155 0.4155 0.4515 0.4515 0.487 0.487 0.487 0.477 0.477 0.453 0.453 0.4885 0.4885 0.4885 0.493 0.493 0.4105 0.4105 0.3855 0.3855 0.3855 0.4045 0.4045 0.4055 0.4055 0.3775 0.3775 0.3775 0.424 0.424 0.4585 0.4585
0.393 0.3875 0.3875 0.369 0.369 0.369 0.3885 0.3885 0.3475 0.3475 0.3525 0.3525 0.366 0.366 0.366 0.378 0.378 0.364 0.364 0.3555 0.3555 0.3555 0.384 0.384 0.4445 0.4445 0.431 0.431 0.431 0.414 0.414 0.4185 0.4185 0.4415 0.4415 0.4415 0.4225 0.4225 0.381 0.381 0.363 0.363 0.363 0.359 0.359 0.4155 0.4155 0.4515 0.4515 0.487 0.487 0.487 0.477 0.477 0.453 0.453 0.4885 0.4885 0.4885 0.493 0.493 0.4105 0.4105 0.3855 0.3855 0.3855 0.4045 0.4045 0.4055 0.4055 0.3775 0.3775 0.3775 0.424 0.424 0.4585 0.4585
0.3885 0.37 0.37 0.363 0.363 0.363 0.3725 0.3725 0.332 0.332 0.372 0.372 0.407 0.407 0.407 0.402 0.402 0.399 0.399 0.37 0.37 0.37 0.3795 0.3795 0.398 0.398 0.399 0.399 0.399 0.416 0.416 0.4005 0.4005 0.39 0.39 0.39 0.313 0.313 0.3595 0.3595 0.447 0.447 0.447 0.4635 0.4635 0.4965 0.4965 0.5345 0.5345 0.5445 0.5445 0.5445 0.5295 0.5295 0.452 0.452 0.502 0.502 0.502 0.4495 0.4495 0.403 0.403 0.4365 0.4365 0.4365 0.4585 0.4585 0.436 0.436 0.414 0.414 0.414 0.401 0.401 0.4015 0.4015
0.3885 0.37 0.37 0.363 0.363 0.363 0.3725 0.3725 0.332 0.332 0.372 0.372 0.407 0.407 0.407 0.402 0.402 0.399 0.399 0.37 0.37 0.37 0.3795 0.3795 0.398 0.398 0.399 0.399 0.399 0.416 0.416 0.4005 0.4005 0.39 0.39 0.39 0.313 0.313 0.3595 0.3595 0.447 0.447 0.447 0.4635 0.4635 0.4965 0.4965 0.5345 0.5345 0.5445 0.5445 0.5445 0.5295 0.5295 0.452 0.452 0.502 0.502 0.502 0.4495 0.4495 0.403 0.403 0.4365 0.4365 0.4365 0.4585 0.4585 0.436 0.436 0.414 0.414 0.414 0.401 0.401 0.4015 0.4015
0.3885 0.37 0.37 0.363 0.363 0.363 0.3725 0.3725 0.332 0.332 0.372 0.372 0.407 0.407 0.407 0.402 0.402 0.399 0.399 0.37 0.37 0.37 0.3795 0.3795 0.398 0.398 0.399 0.399 0.399 0.416 0.416 0.4005 0.4005 0.39 0.39 0.39 0.313 0.313 0.3595 0.3595 0.447 0.447 0.447 0.4635 0.4635 0.4965 0.4965 0.5345 0.5345 0.5445 0.5445 0.5445 0.5295 0.5295 0.452 0.452 0.502 0.502 0.502 0.4495 0.4495 0.403 0.403 0.4365 0.4365 0.4365 0.4585 0.4585 0.436 0.436 0.414 0.414 0.414 0.401 0.401 0.4015 0.4015
0.361 0.357 0.357 0.374 0.374 0.374 0.3575 0.3575 0.378 0.378 0.3915 0.3915 0.4115 0.4115 0.4115 0.471 0.471 0.4695 0.4695 0.4405 0.4405 0.4405 0.4385 0.4385 0.451 0.451 0.457 0.457 0.457 0.4055 0.4055 0.4025 0.4025 0.3755 0.3755 0.3755 0.426 0.426 0.3965 0.3965 0.5005 0.5005 0.5005 0.485 0.485 0.487 0.487 0.562 0.562 0.5665 0.5665 0.5665 0.4735 0.4735 0.5285 0.5285 0.508 0.508 0.508 0.495 0.495 0.4805 0.4805 0.4955 0.4955 0.4955 0.426 0.426 0.4185 0.4185 0.419 0.419 0.419 0.379 0.379 0.384 0.384
0.361 0.357 0.357 0.374 0.374 0.374 0.3575 0.3575 0.378 0.378 0.3915 0.3915 0.4115 0.4115 0.4115 0.471 0.471 0.4695 0.4695 0.4405 0.4405 0.4405 0.4385 0.4385 0.451 0.451 0.457 0.457 0.457 0.4055 0.4055 0.4025 0.4025 0.3755 0.3755 0.3755 0.426 0.426 0.3965 0.3965 0.5005 0.5005 0.5005 0.485 0.485 0.487 0.487 0.562 0.562 0.5665 0.5665 0.5665 0.4735 0.4735 0.5285 0.5285 0.508 0.508 0.508 0.495 0.495 0.4805 0.4805 0.4955 0.4955 0.4955 0.426 0.426 0.4185 0.4185 0.419 0.419 0.419 0.379 0.379 0.384 0.384
0.397 0.3575 0.3575 0.335 0.335 0.335 0.37 0.37 0.433 0.433 0.442 0.442 0.4475 0.4475 0.4475 0.486 0.486 0.4955 0.4955 0.4595 0.4595 0.4595 0.453 0.453 0.4235 0.4235 0.4145 0.4145 0.4145 0.398 0.398 0.398 0.398 0.4655 0.4655 0.4655 0.4505 0.4505 0.438 0.438 0.463 0.463 0.463 0.4765 0.4765 0.5425 0.5425 0.588 0.588 0.556 0.556 0.556 0.543 0.543 0.527 0.527 0.5565 0.5565 0.5565 0.4785 0.4785 0.478 0.478 0.5015 0.5015 0.5015 0.482 0.482 0.479 0.479 0.448 0.448 0.448 0.4195 0.4195 0.4465 0.4465
0.397 0.3575 0.3575 0.335 0.335 0.335 0.37 0.37 0.433 0.433 0.442 0.442 0.4475 0.4475 0.4475 0.486 0.486 0.4955 0.4955 0.4595 0.4595 0.4595 0.453 0.453 0.4235 0.4235 0.4145 0.4145 0.4145 0.398 0.398 0.398 0.398 0.4655 0.4655 0.4655 0.4505 0.4505 0.438 0.438 0.463 0.463 0.463 0.4765 0.4765 0.5425 0.5425 0.588 0.588 0.556 0.556 0.556 0.543 0.543 0.527 0.527 0.5565 0.5565 0.5565 0.4785 0.4785 0.478 0.478 0.5015 0.5015 0.5015 0.482 0.482 0.479 0.479 0.448 0.448 0.448 0.4195 0.4195 0.4465 0.4465
0.378 0.4025 0.4025 0.374 0.374 0.374 0.3675 0.3675 0.455 0.455 0.4985 0.4985 0.4485 0.4485 0.4485 0.491 0.491 0.497 0.497 0.4355 0.4355 0.4355 0.4355 0.4355 0.45 0.45 0.3775 0.3775 0.3775 0.3395 0.3395 0.4215 0.4215 0.4415 0.4415 0.4415 0.4765 0.4765 0.444 0.444 0.5245 0.5245 0.5245 0.524 0.524 0.5555 0.5555 0.562 0.562 0.5470001 0.5470001 0.5470001 0.543 0.543 0.533 0.533 0.5045 0.5045 0.5045 0.509 0.509 0.5065 0.5065 0.516 0.516 0.516 0.5445 0.5445 0.468 0.468 0.429 0.429 0.429 0.4125 0.4125 0.464 0.464
0.378 0.4025 0.4025 0.374 0.374 0.374 0.3675 0.3675 0.455 0.455 0.4985 0.4985 0.4485 0.4485 0.4485 0.491 0.491 0.497 0.497 0.4355 0.4355 0.4355 0.4355 0.4355 0.45 0.45 0.3775 0.3775 0.3775 0.3395 0.3395 0.4215 0.4215 0.4415 0.4415 0.4415 0.4765 0.4765 0.444 0.444 0.5245 0.5245 0.5245 0.524 0.524 0.5555 0.5555 0.562 0.562 0.5470001 0.5470001 0.5470001 0.543 0.543 0.533 0.533 0.5045 0.5045 0.5045 0.509 0.509 0.5065 0.5065 0.516 0.516 0.516 0.5445 0.5445 0.468 0.468 0.429 0.429 0.429 0.4125 0.4125 0.464 0.464
0.415 0.4315 0.4315 0.372 0.372 0.372 0.3585 0.3585 0.447 0.447 0.4885 0.4885 0.4761 0.4761 0.4761 0.4775 0.4775 0.4885 0.4885 0.492 0.492 0.492 0.4925 0.4925 0.429 0.429 0.4195 0.4195 0.4195 0.4575 0.4575 0.4405 0.4405 0.4445 0.4445 0.4445 0.412 0.412 0.481 0.481 0.478 0.478 0.478 0.5085 0.5085 0.561 0.561 0.579 0.579 0.498 0.498 0.498 0.5515 0.5515 0.5355 0.5355 0.5535 0.5535 0.5535 0.492 0.492 0.539 0.539 0.5325 0.5325 0.5325 0.501 0.501 0.4355 0.4355 0.4425 0.4425 0.4425 0.482 0.482 0.4735 0.4735
0.415 0.4315 0.4315 0.372 0.372 0.372 0.3585 0.3585 0.447 0.447 0.4885 0.4885 0.4761 0.4761 0.4761 0.4775 0.4775 0.4885 0.4885 0.492 0.492 0.492 0.4925 0.4925 0.429 0.429 0.4195 0.4195 0.4195 0.4575 0.4575 0.4405 0.4405 0.4445 0.4445 0.4445 0.412 0.412 0.481 0.481 0.478 0.478 0.478 0.5085 0.5085 0.561 0.561 0.579 0.579 0.498 0.498 0.498 0.5515 0.5515 0.5355 0.5355 0.5535 0.5535 0.5535 0.492 0.492 0.539 0.539 0.5325 0.5325 0.5325 0.501 0.501 0.4355 0.4355 0.4425 0.4425 0.4425 0.482 0.482 0.4735 0.4735
0.415 0.4315 0.4315 0.372 0.372 0.372 0.3585 0.3585 0.447 0.447 0.4885 0.4885 0.4761 0.4761 0.4761 0.4775 0.4775 0.4885 0.4885 0.492 0.492 0.492 0.4925 0.4925 0.429 0.429 0.4195 0.4195 0.4195 0.4575 0.4575 0.4405 0.4405 0.4445 0.4445 0.4445 0.412 0.412 0.481 0.481 0.478 0.478 0.478 0.5085 0.5085 0.561 0.561 0.579 0.579 0.498 0.498 0.498 0.5515 0.5515 0.5355 0.5355 0.5535 0.5535 0.5535 0.492 0.492 0.539 0.539 0.5325 0.5325 0.5325 0.501 0.501 0.4355 0.4355 0.4425 0.4425 0.4425 0.482 0.482 0.4735 0.4735
0.3615 0.4395 0.4395 0.418 0.418 0.418 0.3935 0.3935 0.464 0.464 0.4995 0.4995 0.458 0.458 0.458 0.457 0.457 0.49 0.49 0.5065 0.5065 0.5065 0.4725 0.4725 0.4595 0.4595 0.4585 0.4585 0.4585 0.451 0.451 0.439 0.439 0.437 0.437 0.437 0.424 0.424 0.456 0.456 0.5035 0.5035 0.5035 0.563 0.563 0.5775 0.5775 0.5905 0.5905 0.5535 0.5535 0.5535 0.571 0.571 0.542 0.542 0.5315 0.5315 0.5315 0.5575 0.5575 0.5505 0.5505 0.5381 0.5381 0.5381 0.4855 0.4855 0.4655 0.4655 0.4025 0.4025 0.4025 0.4075 0.4075 0.416 0.416
0.3615 0.4395 0.4395 0.418 0.418 0.418 0.3935 0.3935 0.464 0.464 0.4995 0.4995 0.458 0.458 0.458 0.457 0.457 0.49 0.49 0.5065 0.5065 0.5065 0.4725 0.4725 0.4595 0.4595 0.4585 0.4585 0.4585 0.451 0.451 0.439 0.439 0.437 0.437 0.437 0.424 0.424 0.456 0.456 0.5035 0.5035 0.5035 0.563 0.563 0.5775 0.5775 0.5905 0.5905 0.5535 0.5535 0.5535 0.571 0.571 0.542 0.542 0.5315 0.5315 0.5315 0.5575 0.5575 0.5505 0.5505 0.5381 0.5381 0.5381 0.4855 0.4855 0.4655 0.4655 0.4025 0.4025 0.4025 0.4075 0.4075 0.416 0.416
0.4745 0.476 0.476 0.427 0.427 0.427 0.4775 0.4775 0.4615 0.4615 0.49 0.49 0.4745 0.4745 0.4745 0.488 0.488 0.5315 0.5315 0.5345 0.5345 0.5345 0.526 0.526 0.537 0.537 0.5235 0.5235 0.5235 0.5795 0.5795 0.5095 0.5095 0.4745 0.4745 0.4745 0.5225 0.5225 0.494 0.494 0.5175 0.5175 0.5175 0.5805 0.5805 0.5985 0.5985 0.5965 0.5965 0.6285 0.6285 0.6285 0.5855 0.5855 0.6075 0.6075 0.596 0.596 0.596 0.5935 0.5935 0.5645 0.5645 0.5215 0.5215 0.5215 0.5035 0.5035 0.4415 0.4415 0.455 0.455 0.455 0.461 0.461 0.456 0.456
0.4745 0.476 0.476 0.427 0.427 0.427 0.4775 0.4775 0.4615 0.4615 0.49 0.49 0.4745 0.4745 0.4745 0.488 0.488 0.5315 0.5315 0.5345 0.5345 0.5345 0.526 0.526 0.537 0.537 0.5235 0.5235 0.5235 0.5795 0.5795 0.5095 0.5095 0.4745 0.4745 0.4745 0.5225 0.5225 0.494 0.494 0.5175 0.5175 0.5175 0.5805 0.5805 0.5985 0.5985 0.5965 0.5965 0.6285 0.6285 0.6285 0.5855 0.5855 0.6075 0.6075 0.596 0.596 0.596 0.5935 0.5935 0.5645 0.5645 0.5215 0.5215 0.5215 0.5035 0.5035 0.4415 0.4415 0.455 0.455 0.455 0.461 0.461 0.456 0.456
0.5205 0.5105 0.5105 0.4155 0.4155 0.4155 0.4515 0.4515 0.473 0.473 0.48 0.48 0.5145 0.5145 0.5145 0.524 0.524 0.5415 0.5415 0.5065 0.5065 0.5065 0.523 0.523 0.537 0.537 0.5845 0.5845 0.5845 0.567 0.567 0.528 0.528 0.5235 0.5235 0.5235 0.532 0.532 0.486 0.486 0.563 0.563 0.563 0.5605 0.5605 0.6105 0.6105 0.6075 0.6075 0.597 0.597 0.597 0.626 0.626 0.6155 0.6155 0.633 0.633 0.633 0.6289999 0.6289999 0.6091 0.6091 0.5546 0.5546 0.5546 0.5005 0.5005 0.492 0.492 0.4895 0.4895 0.4895 0.48 0.48 0.522 0.522
0.5205 0.5105 0.5105 0.4155 0.4155 0.4155 0.4515 0.4515 0.473 0.473 0.48 0.48 0.5145 0.5145 0.5145 0.524 0.524 0.5415 0.5415 0.5065 0.5065 0.5065 0.523 0.523 0.537 0.537 0.5845 0.5845 0.5845 0.567 0.567 0.528 0.528 0.5235 0.5235 0.5235 0.532 0.532 0.486 0.486 0.563 0.563 0.563 0.5605 0.5605 0.6105 0.6105 0.6075 0.6075 0.597 0.597 0.597 0.626 0.626 0.6155 0.6155 0.633 0.633 0.633 0.6289999 0.6289999 0.6091 0.6091 0.5546 0.5546 0.5546 0.5005 0.5005 0.492 0.492 0.4895 0.4895 0.4895 0.48 0.48 0.522 0.522
0.5205 0.5105 0.5105 0.4155 0.4155 0.4155 0.4515 0.4515 0.473 0.473 0.48 0.48 0.5145 0.5145 0.5145 0.524 0.524 0.5415 0.5415 0.5065 0.5065 0.5065 0.523 0.523 0.537 0.537 0.5845 0.5845 0.5845 0.567 0.567 0.528 0.528 0.5235 0.5235 0.5235 0.532 0.532 0.486 0.486 0.563 0.563 0.563 0.5605 0.5605 0.6105 0.6105 0.6075 0.6075 0.597 0.597 0.597 0.626 0.626 0.6155 0.6155 0.633 0.633 0.633 0.6289999 0.6289999 0.6091 0.6091 0.5546 0.5546 0.5546 0.5005 0.5005 0.492 0.492 0.4895 0.4895 0.4895 0.48 0.48 0.522 0.522
