ndvi/NOAA-304.asc
ncols         252
nrows         154
xllcorner     -18.017974
yllcorner     13.481982
cellsize      0.035948
NODATA_value  -9999
[rows 70 to 104 of 154, columns 0 to 76 of 252]
-1 -1 -1 -1 -1 -1 -1 -1 -1 -1 -1 -1 -1 -1 -1 -1 -1 -1 -1 -1 -1 -1 -1 -1 -1 -1 -1 -1 -1 -1 -1 -1 -1 -1 -1 -1 -1 -1 -1 0.208 0.208 0.208 0.25 0.25 0.324 0.324 0.302 0.302 0.302 0.2875 0.2875 0.2765 0.2765 0.2615 0.2615 0.2835 0.2835 0.2835 0.336 0.336 0.3775 0.3775 0.3775 0.3775 0.3775 0.3895 0.3895 0.2365 0.2365 0.196 0.196 0.196 0.185 0.185 0.188 0.188 0.178
-1 -1 -1 -1 -1 -1 -1 -1 -1 -1 -1 -1 -1 -1 -1 -1 -1 -1 -1 -1 -1 -1 -1 -1 -1 -1 -1 -1 -1 -1 -1 -1 -1 -1 -1 -1 -1 0.0782 0.0782 0.158 0.158 0.158 0.357 0.357 0.328 0.328 0.268 0.268 0.268 0.2355 0.2355 0.218 0.218 0.23 0.23 0.309 0.309 0.309 0.2325 0.2325 0.3245 0.3245 0.3245 0.3245 0.3245 0.232 0.232 0.219 0.219 0.203 0.203 0.203 0.2045 0.2045 0.1935 0.1935 0.1915
-1 -1 -1 -1 -1 -1 -1 -1 -1 -1 -1 -1 -1 -1 -1 -1 -1 -1 -1 -1 -1 -1 -1 -1 -1 -1 -1 -1 -1 -1 -1 -1 -1 -1 -1 -1 -1 0.0782 0.0782 0.158 0.158 0.158 0.357 0.357 0.328 0.328 0.268 0.268 0.268 0.2355 0.2355 0.218 0.218 0.23 0.23 0.309 0.309 0.309 0.2325 0.2325 0.3245 0.3245 0.3245 0.3245 0.3245 0.232 0.232 0.219 0.219 0.203 0.203 0.203 0.2045 0.2045 0.1935 0.1935 0.1915
-1 -1 -1 -1 -1 -1 -1 -1 -1 -1 -1 -1 -1 -1 -1 -1 -1 -1 -1 -1 -1 -1 -1 -1 -1 -1 -1 -1 -1 -1 -1 -1 -1 -1 -1 -1 -1 0.0782 0.0782 0.158 0.158 0.158 0.357 0.357 0.328 0.328 0.268 0.268 0.268 0.2355 0.2355 0.218 0.218 0.23 0.23 0.309 0.309 0.309 0.2325 0.2325 0.3245 0.3245 0.3245 0.3245 0.3245 0.232 0.232 0.219 0.219 0.203 0.203 0.203 0.2045 0.2045 0.1935 0.1935 0.1915
-1 -1 -1 -1 -1 -1 -1 -1 -1 -1 -1 -1 -1 -1 -1 -1 -1 -1 -1 -1 -1 -1 -1 -1 -1 -1 -1 -1 -1 -1 -1 -1 -1 -1 -1 -1 -1 0.0176 0.0176 0.158 0.158 0.158 0.372 0.372 0.2695 0.2695 0.2595 0.2595 0.2595 0.2065 0.2065 0.227 0.227 0.177 0.177 0.2525 0.2525 0.2525 0.2525 0.2525 0.227 0.227 0.227 0.227 0.227 0.221 0.221 0.2205 0.2205 0.2065 0.2065 0.2065 0.1945 0.1945 0.1935 0.1935 0.2015
-1 -1 -1 -1 -1 -1 -1 -1 -1 -1 -1 -1 -1 -1 -1 -1 -1 -1 -1 -1 -1 -1 -1 -1 -1 -1 -1 -1 -1 -1 -1 -1 -1 -1 -1 -1 -1 0.0176 0.0176 0.158 0.158 0.158 0.372 0.372 0.2695 0.2695 0.2595 0.2595 0.2595 0.2065 0.2065 0.227 0.227 0.177 0.177 0.2525 0.2525 0.2525 0.2525 0.2525 0.227 0.227 0.227 0.227 0.227 0.221 0.221 0.2205 0.2205 0.2065 0.2065 0.2065 0.1945 0.1945 0.1935 0.1935 0.2015
-1 -1 -1 -1 -1 -1 -1 -1 -1 -1 -1 -1 -1 -1 -1 -1 -1 -1 -1 -1 -1 -1 -1 -1 -1 -1 -1 -1 -1 -1 -1 -1 -1 -1 -1 -1 -1 -0.0043 -0.0043 0.182 0.182 0.182 0.2275 0.2275 0.2415 0.2415 0.224 0.224 0.224 0.203 0.203 0.195 0.195 0.1735 0.1735 0.243 0.243 0.243 0.223 0.223 0.2195 0.2195 0.2195 0.2195 0.2195 0.216 0.216 0.206 0.206 0.1965 0.1965 0.1965 0.195 0.195 0.2055 0.2055 0.2055
-1 -1 -1 -1 -1 -1 -1 -1 -1 -1 -1 -1 -1 -1 -1 -1 -1 -1 -1 -1 -1 -1 -1 -1 -1 -1 -1 -1 -1 -1 -1 -1 -1 -1 -1 -1 -1 -0.0043 -0.0043 0.182 0.182 0.182 0.2275 0.2275 0.2415 0.2415 0.224 0.224 0.224 0.203 0.203 0.195 0.195 0.1735 0.1735 0.243 0.243 0.243 0.223 0.223 0.2195 0.2195 0.2195 0.2195 0.2195 0.216 0.216 0.206 0.206 0.1965 0.1965 0.1965 0.195 0.195 0.2055 0.2055 0.2055
-1 -1 -1 -1 -1 -1 -1 -1 -1 -1 -1 -1 -1 -1 -1 -1 -1 -1 -1 -1 -1 -1 -1 -1 -1 -1 -1 -1 -1 -1 -1 -1 -1 -1 -1 -1 -1 0.0162 0.0162 0.1825 0.1825 0.1825 0.222 0.222 0.25 0.25 0.219 0.219 0.219 0.219 0.219 0.223 0.223 0.25 0.25 0.2095 0.2095 0.2095 0.2145 0.2145 0.2095 0.2095 0.2095 0.2095 0.2095 0.2055 0.2055 0.204 0.204 0.1995 0.1995 0.1995 0.212 0.212 0.205 0.205 0.1955
-1 -1 -1 -1 -1 -1 -1 -1 -1 -1 -1 -1 -1 -1 -1 -1 -1 -1 -1 -1 -1 -1 -1 -1 -1 -1 -1 -1 -1 -1 -1 -1 -1 -1 -1 -1 -1 0.0162 0.0162 0.1825 0.1825 0.1825 0.222 0.222 0.25 0.25 0.219 0.219 0.219 0.219 0.219 0.223 0.223 0.25 0.25 0.2095 0.2095 0.2095 0.2145 0.2145 0.2095 0.2095 0.2095 0.2095 0.2095 0.2055 0.2055 0.204 0.204 0.1995 0.1995 0.1995 0.212 0.212 0.205 0.205 0.1955
-1 -1 -1 -1 -1 -1 -1 -1 -1 -1 -1 -1 -1 -1 -1 -1 -1 -1 -1 -1 -1 -1 -1 -1 -1 -1 -1 -1 -1 -1 -1 -1 -1 -1 -1 -1 -1 0.0527 0.0527 0.1955 0.1955 0.1955 0.207 0.207 0.215 0.215 0.2085 0.2085 0.2085 0.22 0.22 0.213 0.213 0.269 0.269 0.2385 0.2385 0.2385 0.204 0.204 0.192 0.192 0.192 0.192 0.192 0.202 0.202 0.2125 0.2125 0.213 0.213 0.213 0.205 0.205 0.1985 0.1985 0.192
-1 -1 -1 -1 -1 -1 -1 -1 -1 -1 -1 -1 -1 -1 -1 -1 -1 -1 -1 -1 -1 -1 -1 -1 -1 -1 -1 -1 -1 -1 -1 -1 -1 -1 -1 -1 -1 0.0527 0.0527 0.1955 0.1955 0.1955 0.207 0.207 0.215 0.215 0.2085 0.2085 0.2085 0.22 0.22 0.213 0.213 0.269 0.269 0.2385 0.2385 0.2385 0.204 0.204 0.192 0.192 0.192 0.192 0.192 0.202 0.202 0.2125 0.2125 0.213 0.213 0.213 0.205 0.205 0.1985 0.1985 0.192
-1 -1 -1 -1 -1 -1 -1 -1 -1 -1 -1 -1 -1 -1 -1 -1 -1 -1 -1 -1 -1 -1 -1 -1 -1 -1 -1 -1 -1 -1 -1 -1 -1 -1 -1 -1 -1 0.0527 0.0527 0.1955 0.1955 0.1955 0.207 0.207 0.215 0.215 0.2085 0.2085 0.2085 0.22 0.22 0.213 0.213 0.269 0.269 0.2385 0.2385 0.2385 0.204 0.204 0.192 0.192 0.192 0.192 0.192 0.202 0.202 0.2125 0.2125 0.213 0.213 0.213 0.205 0.205 0.1985 0.1985 0.192
-1 -1 -1 -1 -1 -1 -1 -1 -1 -1 -1 -1 -1 -1 -1 -1 -1 -1 -1 -1 -1 -1 -1 -1 -1 -1 -1 -1 -1 -1 -1 -1 -1 -1 -1 -1 -1 0.0707 0.0707 0.172 0.172 0.172 0.2215 0.2215 0.2035 0.2035 0.193 0.193 0.193 0.201 0.201 0.21 0.21 0.193 0.193 0.194 0.194 0.194 0.2055 0.2055 0.208 0.208 0.208 0.208 0.208 0.2165 0.2165 0.2065 0.2065 0.2095 0.2095 0.2095 0.208 0.208 0.2 0.2 0.1835
-1 -1 -1 -1 -1 -1 -1 -1 -1 -1 -1 -1 -1 -1 -1 -1 -1 -1 -1 -1 -1 -1 -1 -1 -1 -1 -1 -1 -1 -1 -1 -1 -1 -1 -1 -1 -1 0.0707 0.0707 0.172 0.172 0.172 0.2215 0.2215 0.2035 0.2035 0.193 0.193 0.193 0.201 0.201 0.21 0.21 0.193 0.193 0.194 0.194 0.194 0.2055 0.2055 0.208 0.208 0.208 0.208 0.208 0.2165 0.2165 0.2065 0.2065 0.2095 0.2095 0.2095 0.208 0.208 0.2 0.2 0.1835
-1 -1 -1 -1 -1 -1 -1 -1 -1 -1 -1 -1 -1 -1 -1 -1 -1 -1 -1 -1 -1 -1 -1 -1 -1 -1 -1 -1 -1 -1 -1 -1 -1 -1 -1 -1 -1 0.091 0.091 0.23 0.23 0.23 0.2155 0.2155 0.206 0.206 0.203 0.203 0.203 0.195 0.195 0.2185 0.2185 0.2205 0.2205 0.1985 0.1985 0.1985 0.203 0.203 0.2125 0.2125 0.2125 0.2125 0.2125 0.2125 0.2125 0.21 0.21 0.19 0.19 0.19 0.214 0.214 0.206 0.206 0.1955
-1 -1 -1 -1 -1 -1 -1 -1 -1 -1 -1 -1 -1 -1 -1 -1 -1 -1 -1 -1 -1 -1 -1 -1 -1 -1 -1 -1 -1 -1 -1 -1 -1 -1 -1 -1 -1 0.091 0.091 0.23 0.23 0.23 0.2155 0.2155 0.206 0.206 0.203 0.203 0.203 0.195 0.195 0.2185 0.2185 0.2205 0.2205 0.1985 0.1985 0.1985 0.203 0.203 0.2125 0.2125 0.2125 0.2125 0.2125 0.2125 0.2125 0.21 0.21 0.19 0.19 0.19 0.214 0.214 0.206 0.206 0.1955
-1 -1 -1 -1 -1 -1 -1 -1 -1 -1 -1 -1 -1 -1 -1 -1 -1 -1 -1 -1 -1 -1 -1 -1 -1 -1 -1 -1 -1 -1 -1 -1 -1 -1 -1 0.0257 0.0257 0.223 0.223 0.246 0.246 0.246 0.223 0.223 0.204 0.204 0.2025 0.2025 0.2025 0.2035 0.2035 0.209 0.209 0.2155 0.2155 0.2185 0.2185 0.2185 0.226 0.226 0.219 0.219 0.219 0.219 0.219 0.2155 0.2155 0.2265 0.2265 0.213 0.213 0.213 0.223 0.223 0.199 0.199 0.2065
-1 -1 -1 -1 -1 -1 -1 -1 -1 -1 -1 -1 -1 -1 -1 -1 -1 -1 -1 -1 -1 -1 -1 -1 -1 -1 -1 -1 -1 -1 -1 -1 -1 -1 -1 0.0257 0.0257 0.223 0.223 0.246 0.246 0.246 0.223 0.223 0.204 0.204 0.2025 0.2025 0.2025 0.2035 0.2035 0.209 0.209 0.2155 0.2155 0.2185 0.2185 0.2185 0.226 0.226 0.219 0.219 0.219 0.219 0.219 0.2155 0.2155 0.2265 0.2265 0.213 0.213 0.213 0.223 0.223 0.199 0.199 0.2065
-1 -1 -1 -1 -1 -1 -1 -1 -1 -1 -1 -1 -1 -1 -1 -1 -1 -1 -1 -1 -1 -1 -1 -1 -1 -1 -1 -1 -1 -1 -1 -1 -1 -1 -1 0.0257 0.0257 0.223 0.223 0.246 0.246 0.246 0.223 0.223 0.204 0.204 0.2025 0.2025 0.2025 0.2035 0.2035 0.209 0.209 0.2155 0.2155 0.2185 0.2185 0.2185 0.226 0.226 0.219 0.219 0.219 0.219 0.219 0.2155 0.2155 0.2265 0.2265 0.213 0.213 0.213 0.223 0.223 0.199 0.199 0.2065
-1 -1 -1 -1 -1 -1 -1 -1 -1 -1 -1 -1 -1 -1 -1 -1 -1 -1 -1 -1 -1 -1 -1 -1 -1 -1 -1 -1 -1 -1 -1 -1 -1 -1 -1 0.075 0.075 0.2115 0.2115 0.2105 0.2105 0.2105 0.2045 0.2045 0.198 0.198 0.2055 0.2055 0.2055 0.22 0.22 0.2235 0.2235 0.2205 0.2205 0.224 0.224 0.224 0.225 0.225 0.226 0.226 0.226 0.226 0.226 0.227 0.227 0.2265 0.2265 0.222 0.222 0.222 0.203 0.203 0.203 0.203 0.178
-1 -1 -1 -1 -1 -1 -1 -1 -1 -1 -1 -1 -1 -1 -1 -1 -1 -1 -1 -1 -1 -1 -1 -1 -1 -1 -1 -1 -1 -1 -1 -1 -1 -1 -1 0.075 0.075 0.2115 0.2115 0.2105 0.2105 0.2105 0.2045 0.2045 0.198 0.198 0.2055 0.2055 0.2055 0.22 0.22 0.2235 0.2235 0.2205 0.2205 0.224 0.224 0.224 0.225 0.225 0.226 0.226 0.226 0.226 0.226 0.227 0.227 0.2265 0.2265 0.222 0.222 0.222 0.203 0.203 0.203 0.203 0.178
-1 -1 -1 -1 -1 -1 -1 -1 -1 -1 -1 -1 -1 -1 -1 -1 -1 -1 -1 -1 -1 -1 -1 -1 -1 -1 -1 -1 -1 -1 -1 -1 0.0387 0.0387 0.0387 0.224 0.224 0.2215 0.2215 0.2015 0.2015 0.2015 0.2135 0.2135 0.2045 0.2045 0.219 0.219 0.219 0.2255 0.2255 0.225 0.225 0.23 0.23 0.233 0.233 0.233 0.2295 0.2295 0.23 0.23 0.23 0.23 0.23 0.239 0.239 0.2205 0.2205 0.226 0.226 0.226 0.2145 0.2145 0.204 0.204 0.1915
-1 -1 -1 -1 -1 -1 -1 -1 -1 -1 -1 -1 -1 -1 -1 -1 -1 -1 -1 -1 -1 -1 -1 -1 -1 -1 -1 -1 -1 -1 -1 -1 0.0387 0.0387 0.0387 0.224 0.224 0.2215 0.2215 0.2015 0.2015 0.2015 0.2135 0.2135 0.2045 0.2045 0.219 0.219 0.219 0.2255 0.2255 0.225 0.225 0.23 0.23 0.233 0.233 0.233 0.2295 0.2295 0.23 0.23 0.23 0.23 0.23 0.239 0.239 0.2205 0.2205 0.226 0.226 0.226 0.2145 0.2145 0.204 0.204 0.1915
-1 -1 -1 -1 -1 -1 -1 -1 -1 -1 -1 -1 -1 -1 -1 -1 -1 -1 -1 -1 -1 -1 -1 -1 -1 -1 -1 -1 -1 -1 0.0217 0.0217 0.206 0.206 0.206 0.208 0.208 0.203 0.203 0.195 0.195 0.195 0.2075 0.2075 0.21 0.21 0.223 0.223 0.223 0.2315 0.2315 0.2205 0.2205 0.229 0.229 0.2295 0.2295 0.2295 0.249 0.249 0.248 0.248 0.248 0.248 0.248 0.248 0.248 0.2315 0.2315 0.218 0.218 0.218 0.2245 0.2245 0.207 0.207 0.1735
-1 -1 -1 -1 -1 -1 -1 -1 -1 -1 -1 -1 -1 -1 -1 -1 -1 -1 -1 -1 -1 -1 -1 -1 -1 -1 -1 -1 -1 -1 0.0217 0.0217 0.206 0.206 0.206 0.208 0.208 0.203 0.203 0.195 0.195 0.195 0.2075 0.2075 0.21 0.21 0.223 0.223 0.223 0.2315 0.2315 0.2205 0.2205 0.229 0.229 0.2295 0.2295 0.2295 0.249 0.249 0.248 0.248 0.248 0.248 0.248 0.248 0.248 0.2315 0.2315 0.218 0.218 0.218 0.2245 0.2245 0.207 0.207 0.1735
-1 -1 -1 -1 -1 -1 -1 -1 -1 -1 -1 -1 -1 -1 -1 -1 -1 -1 -1 -1 -1 -1 -1 -1 -1 -1 -1 -1 -1 -1 0.0217 0.0217 0.206 0.206 0.206 0.208 0.208 0.203 0.203 0.195 0.195 0.195 0.2075 0.2075 0.21 0.21 0.223 0.223 0.223 0.2315 0.2315 0.2205 0.2205 0.229 0.229 0.2295 0.2295 0.2295 0.249 0.249 0.248 0.248 0.248 0.248 0.248 0.248 0.248 0.2315 0.2315 0.218 0.218 0.218 0.2245 0.2245 0.207 0.207 0.1735
-1 -1 -1 -1 -1 -1 -1 -1 -1 -1 -1 -1 -1 -1 -1 -1 -1 -1 -1 -1 -1 -1 -1 -1 -1 -1 -1 -1 -1 -1 0.096 0.096 0.214 0.214 0.214 0.212 0.212 0.206 0.206 0.1965 0.1965 0.1965 0.2025 0.2025 0.215 0.215 0.223 0.223 0.223 0.2235 0.2235 0.2195 0.2195 0.216 0.216 0.2295 0.2295 0.2295 0.238 0.238 0.2495 0.2495 0.2495 0.2495 0.2495 0.235 0.235 0.234 0.234 0.22 0.22 0.22 0.215 0.215 0.2165 0.2165 0.1825
-1 -1 -1 -1 -1 -1 -1 -1 -1 -1 -1 -1 -1 -1 -1 -1 -1 -1 -1 -1 -1 -1 -1 -1 -1 -1 -1 -1 -1 -1 0.096 0.096 0.214 0.214 0.214 0.212 0.212 0.206 0.206 0.1965 0.1965 0.1965 0.2025 0.2025 0.215 0.215 0.223 0.223 0.223 0.2235 0.2235 0.2195 0.2195 0.216 0.216 0.2295 0.2295 0.2295 0.238 0.238 0.2495 0.2495 0.2495 0.2495 0.2495 0.235 0.235 0.234 0.234 0.22 0.22 0.22 0.215 0.215 0.2165 0.2165 0.1825
-1 -1 -1 -1 -1 -1 -1 -1 -1 -1 -1 -1 -1 -1 -1 -1 -1 -1 -1 -1 -1 -1 -1 -1 -1 -1 -1 -1 0.0152 0.0152 0.2045 0.2045 0.233 0.233 0.233 0.229 0.229 0.225 0.225 0.2115 0.2115 0.2115 0.2195 0.2195 0.2185 0.2185 0.2115 0.2115 0.2115 0.215 0.215 0.216 0.216 0.223 0.223 0.2345 0.2345 0.2345 0.2315 0.2315 0.2455 0.2455 0.2455 0.2455 0.2455 0.246 0.246 0.2185 0.2185 0.218 0.218 0.218 0.216 0.216 0.1825 0.1825 0.1875
-1 -1 -1 -1 -1 -1 -1 -1 -1 -1 -1 -1 -1 -1 -1 -1 -1 -1 -1 -1 -1 -1 -1 -1 -1 -1 -1 -1 0.0152 0.0152 0.2045 0.2045 0.233 0.233 0.233 0.229 0.229 0.225 0.225 0.2115 0.2115 0.2115 0.2195 0.2195 0.2185 0.2185 0.2115 0.2115 0.2115 0.215 0.215 0.216 0.216 0.223 0.223 0.2345 0.2345 0.2345 0.2315 0.2315 0.2455 0.2455 0.2455 0.2455 0.2455 0.246 0.246 0.2185 0.2185 0.218 0.218 0.218 0.216 0.216 0.1825 0.1825 0.1875
-1 -1 -1 -1 -1 -1 -1 -1 -1 -1 -1 -1 -1 -1 -1 -1 -1 -1 -1 -1 -1 -1 -1 -1 -1 0.0527 0.0527 0.0527 0.101 0.101 0.2345 0.2345 0.2315 0.2315 0.2315 0.2315 0.2315 0.2255 0.2255 0.223 0.223 0.223 0.218 0.218 0.2215 0.2215 0.222 0.222 0.222 0.217 0.217 0.2295 0.2295 0.24 0.24 0.234 0.234 0.234 0.231 0.231 0.239 0.239 0.239 0.239 0.239 0.2305 0.2305 0.228 0.228 0.2115 0.2115 0.2115 0.2055 0.2055 0.189 0.189 0.1805
-1 -1 -1 -1 -1 -1 -1 -1 -1 -1 -1 -1 -1 -1 -1 -1 -1 -1 -1 -1 -1 -1 -1 -1 -1 0.0527 0.0527 0.0527 0.101 0.101 0.2345 0.2345 0.2315 0.2315 0.2315 0.2315 0.2315 0.2255 0.2255 0.223 0.223 0.223 0.218 0.218 0.2215 0.2215 0.222 0.222 0.222 0.217 0.217 0.2295 0.2295 0.24 0.24 0.234 0.234 0.234 0.231 0.231 0.239 0.239 0.239 0.239 0.239 0.2305 0.2305 0.228 0.228 0.2115 0.2115 0.2115 0.2055 0.2055 0.189 0.189 0.1805
-1 -1 -1 -1 -1 -1 -1 -1 -1 -1 -1 -1 -1 -1 -1 -1 -1 -1 -1 -1 -1 -1 -1 -0.0128 -0.0128 0.1825 0.1825 0.1825 0.228 0.228 0.2425 0.2425 0.216 0.216 0.216 0.221 0.221 0.229 0.229 0.232 0.232 0.232 0.233 0.233 0.224 0.224 0.2175 0.2175 0.2175 0.22 0.22 0.2305 0.2305 0.2225 0.2225 0.221 0.221 0.221 0.223 0.223 0.222 0.222 0.222 0.222 0.222 0.217 0.217 0.222 0.222 0.208 0.208 0.208 0.2025 0.2025 0.1975 0.1975 0.1905
-1 -1 -1 -1 -1 -1 -1 -1 -1 -1 -1 -1 -1 -1 -1 -1 -1 -1 -1 -1 -1 -1 -1 -0.0128 -0.0128 0.1825 0.1825 0.1825 0.228 0.228 0.2425 0.2425 0.216 0.216 0.216 0.221 0.221 0.229 0.229 0.232 0.232 0.232 0.233 0.233 0.224 0.224 0.2175 0.2175 0.2175 0.22 0.22 0.2305 0.2305 0.2225 0.2225 0.221 0.221 0.221 0.223 0.223 0.222 0.222 0.222 0.222 0.222 0.217 0.217 0.222 0.222 0.208 0.208 0.208 0.2025 0.2025 0.1975 0.1975 0.1905
