ndvi/NOAA-196.asc
ncols         252
nrows         154
xllcorner     -18.017974
yllcorner     13.481982
cellsize      0.035948
NODATA_value  -9999
[rows 102 to 135 of 154, columns 0 to 76 of 252]
-1 -1 -1 -1 -1 -1 -1 -1 -1 -1 -1 -1 -1 -1 -1 -1 -1 -1 -1 -1 -1 -1 -1 -1 -1 0.0451 0.0451 0.0451 0.1515 0.1515 0.268 0.268 0.246 0.246 0.246 0.2225 0.2225 0.208 0.208 0.215 0.215 0.215 0.216 0.216 0.22 0.22 0.2155 0.2155 0.2155 0.231 0.231 0.2365 0.2365 0.2395 0.2395 0.245 0.245 0.245 0.237 0.237 0.241 0.241 0.241 0.241 0.241 0.243 0.243 0.2395 0.2395 0.2215 0.2215 0.2215 0.2075 0.2075 0.203 0.203 0.192
-1 -1 -1 -1 -1 -1 -1 -1 -1 -1 -1 -1 -1 -1 -1 -1 -1 -1 -1 -1 -1 -1 -1 -0.0069 -0.0069 0.1715 0.1715 0.1715 0.2635 0.2635 0.245 0.245 0.211 0.211 0.211 0.2155 0.2155 0.231 0.231 0.235 0.235 0.235 0.224 0.224 0.225 0.225 0.229 0.229 0.229 0.235 0.235 0.2315 0.2315 0.2335 0.2335 0.2335 0.2335 0.2335 0.2425 0.2425 0.238 0.238 0.238 0.238 0.238 0.2325 0.2325 0.2325 0.2325 0.227 0.227 0.227 0.2235 0.2235 0.223 0.223 0.217
-1 -1 -1 -1 -1 -1 -1 -1 -1 -1 -1 -1 -1 -1 -1 -1 -1 -1 -1 -1 -1 -1 -1 -0.0069 -0.0069 0.1715 0.1715 0.1715 0.2635 0.2635 0.245 0.245 0.211 0.211 0.211 0.2155 0.2155 0.231 0.231 0.235 0.235 0.235 0.224 0.224 0.225 0.225 0.229 0.229 0.229 0.235 0.235 0.2315 0.2315 0.2335 0.2335 0.2335 0.2335 0.2335 0.2425 0.2425 0.238 0.238 0.238 0.238 0.238 0.2325 0.2325 0.2325 0.2325 0.227 0.227 0.227 0.2235 0.2235 0.223 0.223 0.217
-1 -1 -1 -1 -1 -1 -1 -1 -1 -1 -1 -1 -1 -1 -1 -1 -1 -1 -1 -1 -1 -1 -1 -0.0069 -0.0069 0.1715 0.1715 0.1715 0.2635 0.2635 0.245 0.245 0.211 0.211 0.211 0.2155 0.2155 0.231 0.231 0.235 0.235 0.235 0.224 0.224 0.225 0.225 0.229 0.229 0.229 0.235 0.235 0.2315 0.2315 0.2335 0.2335 0.2335 0.2335 0.2335 0.2425 0.2425 0.238 0.238 0.238 0.238 0.238 0.2325 0.2325 0.2325 0.2325 0.227 0.227 0.227 0.2235 0.2235 0.223 0.223 0.217
-1 -1 -1 -1 -1 -1 -1 -1 -1 -1 -1 -1 -1 -1 -1 -1 -1 -1 -1 -1 -1 0.0205 0.0205 0.1545 0.1545 0.2825 0.2825 0.2825 0.2545 0.2545 0.24 0.24 0.2325 0.2325 0.2325 0.2315 0.2315 0.232 0.232 0.2405 0.2405 0.2405 0.232 0.232 0.235 0.235 0.2285 0.2285 0.2285 0.2265 0.2265 0.231 0.231 0.2255 0.2255 0.229 0.229 0.229 0.235 0.235 0.2375 0.2375 0.2375 0.2375 0.2375 0.2345 0.2345 0.2295 0.2295 0.237 0.237 0.237 0.236 0.236 0.23 0.23 0.218
-1 -1 -1 -1 -1 -1 -1 -1 -1 -1 -1 -1 -1 -1 -1 -1 -1 -1 -1 -1 -1 0.0205 0.0205 0.1545 0.1545 0.2825 0.2825 0.2825 0.2545 0.2545 0.24 0.24 0.2325 0.2325 0.2325 0.2315 0.2315 0.232 0.232 0.2405 0.2405 0.2405 0.232 0.232 0.235 0.235 0.2285 0.2285 0.2285 0.2265 0.2265 0.231 0.231 0.2255 0.2255 0.229 0.229 0.229 0.235 0.235 0.2375 0.2375 0.2375 0.2375 0.2375 0.2345 0.2345 0.2295 0.2295 0.237 0.237 0.237 0.236 0.236 0.23 0.23 0.218
-1 -1 -1 -1 -1 -1 -1 -1 -1 -1 -1 -1 -1 -1 -1 -1 -1 -1 -1 -1 -1 0.131 0.131 0.2805 0.2805 0.248 0.248 0.248 0.252 0.252 0.2385 0.2385 0.2355 0.2355 0.2355 0.2375 0.2375 0.2345 0.2345 0.2375 0.2375 0.2375 0.235 0.235 0.241 0.241 0.249 0.249 0.249 0.2345 0.2345 0.234 0.234 0.222 0.222 0.2205 0.2205 0.2205 0.2265 0.2265 0.237 0.237 0.237 0.237 0.237 0.2345 0.2345 0.2445 0.2445 0.248 0.248 0.248 0.2445 0.2445 0.2395 0.2395 0.2185
-1 -1 -1 -1 -1 -1 -1 -1 -1 -1 -1 -1 -1 -1 -1 -1 -1 -1 -1 -1 -1 0.131 0.131 0.2805 0.2805 0.248 0.248 0.248 0.252 0.252 0.2385 0.2385 0.2355 0.2355 0.2355 0.2375 0.2375 0.2345 0.2345 0.2375 0.2375 0.2375 0.235 0.235 0.241 0.241 0.249 0.249 0.249 0.2345 0.2345 0.234 0.234 0.222 0.222 0.2205 0.2205 0.2205 0.2265 0.2265 0.237 0.237 0.237 0.237 0.237 0.2345 0.2345 0.2445 0.2445 0.248 0.248 0.248 0.2445 0.2445 0.2395 0.2395 0.2185
-1 -1 -1 -1 -1 -1 -1 -1 -1 -1 -1 -1 -1 -1 -1 -1 -1 -1 0.195 0.195 0.195 0.2805 0.2805 0.2755 0.2755 0.271 0.271 0.271 0.264 0.264 0.2505 0.2505 0.2335 0.2335 0.2335 0.2385 0.2385 0.2355 0.2355 0.2375 0.2375 0.2375 0.246 0.246 0.24 0.24 0.2435 0.2435 0.2435 0.244 0.244 0.2435 0.2435 0.228 0.228 0.22 0.22 0.22 0.236 0.236 0.23 0.23 0.23 0.23 0.23 0.2325 0.2325 0.242 0.242 0.2465 0.2465 0.2465 0.2325 0.2325 0.2255 0.2255 0.229
-1 -1 -1 -1 -1 -1 -1 -1 -1 -1 -1 -1 -1 -1 -1 -1 -1 -1 0.195 0.195 0.195 0.2805 0.2805 0.2755 0.2755 0.271 0.271 0.271 0.264 0.264 0.2505 0.2505 0.2335 0.2335 0.2335 0.2385 0.2385 0.2355 0.2355 0.2375 0.2375 0.2375 0.246 0.246 0.24 0.24 0.2435 0.2435 0.2435 0.244 0.244 0.2435 0.2435 0.228 0.228 0.22 0.22 0.22 0.236 0.236 0.23 0.23 0.23 0.23 0.23 0.2325 0.2325 0.242 0.242 0.2465 0.2465 0.2465 0.2325 0.2325 0.2255 0.2255 0.229
-1 -1 -1 -1 -1 -1 -1 -1 -1 -1 -1 -1 -1 -1 -1 -1 -1 -1 0.195 0.195 0.195 0.2805 0.2805 0.2755 0.2755 0.271 0.271 0.271 0.264 0.264 0.2505 0.2505 0.2335 0.2335 0.2335 0.2385 0.2385 0.2355 0.2355 0.2375 0.2375 0.2375 0.246 0.246 0.24 0.24 0.2435 0.2435 0.2435 0.244 0.244 0.2435 0.2435 0.228 0.228 0.22 0.22 0.22 0.236 0.236 0.23 0.23 0.23 0.23 0.23 0.2325 0.2325 0.242 0.242 0.2465 0.2465 0.2465 0.2325 0.2325 0.2255 0.2255 0.229
-1 -1 -1 -1 -1 -1 -1 -1 -1 -1 -1 -1 -1 -1 -1 -1 0.1711 0.1711 0.3 0.3 0.3 0.291 0.291 0.2735 0.2735 0.2675 0.2675 0.2675 0.271 0.271 0.253 0.253 0.2445 0.2445 0.2445 0.254 0.254 0.247 0.247 0.244 0.244 0.244 0.2355 0.2355 0.2255 0.2255 0.2285 0.2285 0.2285 0.238 0.238 0.2285 0.2285 0.227 0.227 0.2325 0.2325 0.2325 0.2395 0.2395 0.2355 0.2355 0.2355 0.2355 0.2355 0.23 0.23 0.219 0.219 0.2285 0.2285 0.2285 0.2335 0.2335 0.228 0.228 0.2195
-1 -1 -1 -1 -1 -1 -1 -1 -1 -1 -1 -1 -1 -1 -1 -1 0.1711 0.1711 0.3 0.3 0.3 0.291 0.291 0.2735 0.2735 0.2675 0.2675 0.2675 0.271 0.271 0.253 0.253 0.2445 0.2445 0.2445 0.254 0.254 0.247 0.247 0.244 0.244 0.244 0.2355 0.2355 0.2255 0.2255 0.2285 0.2285 0.2285 0.238 0.238 0.2285 0.2285 0.227 0.227 0.2325 0.2325 0.2325 0.2395 0.2395 0.2355 0.2355 0.2355 0.2355 0.2355 0.23 0.23 0.219 0.219 0.2285 0.2285 0.2285 0.2335 0.2335 0.228 0.228 0.2195
-1 -1 -1 -1 -1 -1 -1 -1 -1 -1 -1 -1 0.1481 0.1481 0.1595 0.1595 0.175 0.175 0.2915 0.2915 0.2915 0.282 0.282 0.2835 0.2835 0.281 0.281 0.281 0.253 0.253 0.2665 0.2665 0.2315 0.2315 0.2315 0.242 0.242 0.2495 0.2495 0.255 0.255 0.255 0.252 0.252 0.2365 0.2365 0.236 0.236 0.236 0.2245 0.2245 0.2235 0.2235 0.2285 0.2285 0.241 0.241 0.241 0.2325 0.2325 0.239 0.239 0.239 0.239 0.239 0.232 0.232 0.222 0.222 0.213 0.213 0.213 0.226 0.226 0.232 0.232 0.2365
-1 -1 -1 -1 -1 -1 -1 -1 -1 -1 -1 -1 0.1481 0.1481 0.1595 0.1595 0.175 0.175 0.2915 0.2915 0.2915 0.282 0.282 0.2835 0.2835 0.281 0.281 0.281 0.253 0.253 0.2665 0.2665 0.2315 0.2315 0.2315 0.242 0.242 0.2495 0.2495 0.255 0.255 0.255 0.252 0.252 0.2365 0.2365 0.236 0.236 0.236 0.2245 0.2245 0.2235 0.2235 0.2285 0.2285 0.241 0.241 0.241 0.2325 0.2325 0.239 0.239 0.239 0.239 0.239 0.232 0.232 0.222 0.222 0.213 0.213 0.213 0.226 0.226 0.232 0.232 0.2365
-1 -1 -1 -1 -1 -1 -1 -1 -1 0.16 0.16 0.16 0.1075 0.1075 0.1432 0.1432 0.131 0.131 0.0595 0.0595 0.0595 0.254 0.254 0.272 0.272 0.274 0.274 0.274 0.264 0.264 0.2655 0.2655 0.2475 0.2475 0.2475 0.2375 0.2375 0.2635 0.2635 0.24 0.24 0.24 0.2475 0.2475 0.2385 0.2385 0.229 0.229 0.229 0.229 0.229 0.228 0.228 0.224 0.224 0.226 0.226 0.226 0.2375 0.2375 0.24 0.24 0.24 0.24 0.24 0.2315 0.2315 0.2285 0.2285 0.224 0.224 0.224 0.225 0.225 0.227 0.227 0.229
-1 -1 -1 -1 -1 -1 -1 -1 -1 0.16 0.16 0.16 0.1075 0.1075 0.1432 0.1432 0.131 0.131 0.0595 0.0595 0.0595 0.254 0.254 0.272 0.272 0.274 0.274 0.274 0.264 0.264 0.2655 0.2655 0.2475 0.2475 0.2475 0.2375 0.2375 0.2635 0.2635 0.24 0.24 0.24 0.2475 0.2475 0.2385 0.2385 0.229 0.229 0.229 0.229 0.229 0.228 0.228 0.224 0.224 0.226 0.226 0.226 0.2375 0.2375 0.24 0.24 0.24 0.24 0.24 0.2315 0.2315 0.2285 0.2285 0.224 0.224 0.224 0.225 0.225 0.227 0.227 0.229
-1 -1 -1 -1 -1 -1 -1 -1 -1 0.16 0.16 0.16 0.1075 0.1075 0.1432 0.1432 0.131 0.131 0.0595 0.0595 0.0595 0.254 0.254 0.272 0.272 0.274 0.274 0.274 0.264 0.264 0.2655 0.2655 0.2475 0.2475 0.2475 0.2375 0.2375 0.2635 0.2635 0.24 0.24 0.24 0.2475 0.2475 0.2385 0.2385 0.229 0.229 0.229 0.229 0.229 0.228 0.228 0.224 0.224 0.226 0.226 0.226 0.2375 0.2375 0.24 0.24 0.24 0.24 0.24 0.2315 0.2315 0.2285 0.2285 0.224 0.224 0.224 0.225 0.225 0.227 0.227 0.229
-1 -1 -1 -1 -1 -1 -1 -1 -1 -1 -1 -1 0.1202 0.1202 0.1487 0.1487 0.1702 0.1702 0.1705 0.1705 0.1705 0.222 0.222 0.2585 0.2585 0.2705 0.2705 0.2705 0.271 0.271 0.268 0.268 0.2425 0.2425 0.2425 0.24 0.24 0.24 0.24 0.242 0.242 0.242 0.2425 0.2425 0.237 0.237 0.2445 0.2445 0.2445 0.2345 0.2345 0.2235 0.2235 0.229 0.229 0.2245 0.2245 0.2245 0.2255 0.2255 0.2245 0.2245 0.2245 0.2245 0.2245 0.22 0.22 0.2315 0.2315 0.227 0.227 0.227 0.245 0.245 0.241 0.241 0.227
-1 -1 -1 -1 -1 -1 -1 -1 -1 -1 -1 -1 0.1202 0.1202 0.1487 0.1487 0.1702 0.1702 0.1705 0.1705 0.1705 0.222 0.222 0.2585 0.2585 0.2705 0.2705 0.2705 0.271 0.271 0.268 0.268 0.2425 0.2425 0.2425 0.24 0.24 0.24 0.24 0.242 0.242 0.242 0.2425 0.2425 0.237 0.237 0.2445 0.2445 0.2445 0.2345 0.2345 0.2235 0.2235 0.229 0.229 0.2245 0.2245 0.2245 0.2255 0.2255 0.2245 0.2245 0.2245 0.2245 0.2245 0.22 0.22 0.2315 0.2315 0.227 0.227 0.227 0.245 0.245 0.241 0.241 0.227
-1 -1 -1 -1 -1 -1 -1 -1 -1 -1 -1 -1 -1 -1 -1 -1 -1 -1 0.4056 0.4056 0.4056 0.2055 0.2055 0.2385 0.2385 0.2525 0.2525 0.2525 0.2695 0.2695 0.268 0.268 0.245 0.245 0.245 0.2455 0.2455 0.2335 0.2335 0.2335 0.2335 0.2335 0.2325 0.2325 0.2385 0.2385 0.248 0.248 0.248 0.241 0.241 0.242 0.242 0.2315 0.2315 0.2355 0.2355 0.2355 0.233 0.233 0.2345 0.2345 0.2345 0.2345 0.2345 0.232 0.232 0.2225 0.2225 0.235 0.235 0.235 0.246 0.246 0.24 0.24 0.237
-1 -1 -1 -1 -1 -1 -1 -1 -1 -1 -1 -1 -1 -1 -1 -1 -1 -1 0.4056 0.4056 0.4056 0.2055 0.2055 0.2385 0.2385 0.2525 0.2525 0.2525 0.2695 0.2695 0.268 0.268 0.245 0.245 0.245 0.2455 0.2455 0.2335 0.2335 0.2335 0.2335 0.2335 0.2325 0.2325 0.2385 0.2385 0.248 0.248 0.248 0.241 0.241 0.242 0.242 0.2315 0.2315 0.2355 0.2355 0.2355 0.233 0.233 0.2345 0.2345 0.2345 0.2345 0.2345 0.232 0.232 0.2225 0.2225 0.235 0.235 0.235 0.246 0.246 0.24 0.24 0.237
-1 -1 -1 -1 -1 -1 -1 -1 -1 -1 -1 -1 -1 -1 -1 -1 -1 -1 -1 -1 -1 0.1717 0.1717 0.096 0.096 0.2675 0.2675 0.2675 0.2655 0.2655 0.2565 0.2565 0.2525 0.2525 0.2525 0.2365 0.2365 0.2395 0.2395 0.2225 0.2225 0.2225 0.2375 0.2375 0.236 0.236 0.2515 0.2515 0.2515 0.237 0.237 0.2345 0.2345 0.236 0.236 0.248 0.248 0.248 0.2405 0.2405 0.2335 0.2335 0.2335 0.2335 0.2335 0.2135 0.2135 0.226 0.226 0.2305 0.2305 0.2305 0.224 0.224 0.2415 0.2415 0.2385
-1 -1 -1 -1 -1 -1 -1 -1 -1 -1 -1 -1 -1 -1 -1 -1 -1 -1 -1 -1 -1 0.1717 0.1717 0.096 0.096 0.2675 0.2675 0.2675 0.2655 0.2655 0.2565 0.2565 0.2525 0.2525 0.2525 0.2365 0.2365 0.2395 0.2395 0.2225 0.2225 0.2225 0.2375 0.2375 0.236 0.236 0.2515 0.2515 0.2515 0.237 0.237 0.2345 0.2345 0.236 0.236 0.248 0.248 0.248 0.2405 0.2405 0.2335 0.2335 0.2335 0.2335 0.2335 0.2135 0.2135 0.226 0.226 0.2305 0.2305 0.2305 0.224 0.224 0.2415 0.2415 0.2385
-1 -1 -1 -1 -1 -1 -1 -1 -1 -1 -1 -1 -1 -1 -1 -1 -1 -1 -1 -1 -1 0.1661 0.1661 0.2195 0.2195 0.185 0.185 0.185 0.2635 0.2635 0.272 0.272 0.2655 0.2655 0.2655 0.2645 0.2645 0.233 0.233 0.1965 0.1965 0.1965 0.19 0.19 0.2145 0.2145 0.2305 0.2305 0.2305 0.2235 0.2235 0.237 0.237 0.24 0.24 0.256 0.256 0.256 0.246 0.246 0.23 0.23 0.23 0.23 0.23 0.228 0.228 0.231 0.231 0.247 0.247 0.247 0.2325 0.2325 0.236 0.236 0.235
-1 -1 -1 -1 -1 -1 -1 -1 -1 -1 -1 -1 -1 -1 -1 -1 -1 -1 -1 -1 -1 0.1661 0.1661 0.2195 0.2195 0.185 0.185 0.185 0.2635 0.2635 0.272 0.272 0.2655 0.2655 0.2655 0.2645 0.2645 0.233 0.233 0.1965 0.1965 0.1965 0.19 0.19 0.2145 0.2145 0.2305 0.2305 0.2305 0.2235 0.2235 0.237 0.237 0.24 0.24 0.256 0.256 0.256 0.246 0.246 0.23 0.23 0.23 0.23 0.23 0.228 0.228 0.231 0.231 0.247 0.247 0.247 0.2325 0.2325 0.236 0.236 0.235
-1 -1 -1 -1 -1 -1 -1 -1 -1 -1 -1 -1 -1 -1 -1 -1 -1 -1 -1 -1 -1 0.1661 0.1661 0.2195 0.2195 0.185 0.185 0.185 0.2635 0.2635 0.272 0.272 0.2655 0.2655 0.2655 0.2645 0.2645 0.233 0.233 0.1965 0.1965 0.1965 0.19 0.19 0.2145 0.2145 0.2305 0.2305 0.2305 0.2235 0.2235 0.237 0.237 0.24 0.24 0.256 0.256 0.256 0.246 0.246 0.23 0.23 0.23 0.23 0.23 0.228 0.228 0.231 0.231 0.247 0.247 0.247 0.2325 0.2325 0.236 0.236 0.235
-1 -1 -1 -1 -1 -1 -1 -1 -1 -1 -1 -1 -1 -1 -1 -1 -1 -1 -1 -1 -1 -1 -1 0.1597 0.1597 0.046 0.046 0.046 0.2625 0.2625 0.2775 0.2775 0.264 0.264 0.264 0.252 0.252 0.1965 0.1965 0.119 0.119 0.119 0.19 0.19 0.215 0.215 0.2155 0.2155 0.2155 0.23 0.23 0.253 0.253 0.249 0.249 0.255 0.255 0.255 0.2505 0.2505 0.237 0.237 0.237 0.237 0.237 0.245 0.245 0.255 0.255 0.2385 0.2385 0.2385 0.2385 0.2385 0.248 0.248 0.242
-1 -1 -1 -1 -1 -1 -1 -1 -1 -1 -1 -1 -1 -1 -1 -1 -1 -1 -1 -1 -1 -1 -1 0.1597 0.1597 0.046 0.046 0.046 0.2625 0.2625 0.2775 0.2775 0.264 0.264 0.264 0.252 0.252 0.1965 0.1965 0.119 0.119 0.119 0.19 0.19 0.215 0.215 0.2155 0.2155 0.2155 0.23 0.23 0.253 0.253 0.249 0.249 0.255 0.255 0.255 0.2505 0.2505 0.237 0.237 0.237 0.237 0.237 0.245 0.245 0.255 0.255 0.2385 0.2385 0.2385 0.2385 0.2385 0.248 0.248 0.242
-1 -1 -1 -1 -1 -1 -1 -1 -1 -1 -1 -1 -1 -1 -1 -1 -1 -1 -1 -1 -1 -1 -1 -1 -1 0.047 0.047 0.047 0.147 0.147 0.265 0.265 0.2765 0.2765 0.2765 0.166 0.166 0.111 0.111 0.1095 0.1095 0.1095 0.2165 0.2165 0.18 0.18 0.1845 0.1845 0.1845 0.2165 0.2165 0.251 0.251 0.2505 0.2505 0.233 0.233 0.233 0.2365 0.2365 0.236 0.236 0.236 0.236 0.236 0.2385 0.2385 0.2455 0.2455 0.243 0.243 0.243 0.2435 0.2435 0.249 0.249 0.2535
-1 -1 -1 -1 -1 -1 -1 -1 -1 -1 -1 -1 -1 -1 -1 -1 -1 -1 -1 -1 -1 -1 -1 -1 -1 0.047 0.047 0.047 0.147 0.147 0.265 0.265 0.2765 0.2765 0.2765 0.166 0.166 0.111 0.111 0.1095 0.1095 0.1095 0.2165 0.2165 0.18 0.18 0.1845 0.1845 0.1845 0.2165 0.2165 0.251 0.251 0.2505 0.2505 0.233 0.233 0.233 0.2365 0.2365 0.236 0.236 0.236 0.236 0.236 0.2385 0.2385 0.2455 0.2455 0.243 0.243 0.243 0.2435 0.2435 0.249 0.249 0.2535
-1 -1 -1 -1 -1 -1 -1 -1 -1 -1 -1 -1 -1 -1 -1 -1 -1 -1 -1 -1 -1 -1 -1 -1 -1 0.0872 0.0872 0.0872 0.102 0.102 0.183 0.183 0.1885 0.1885 0.1885 0.189 0.189 0.187 0.187 0.237 0.237 0.237 0.2505 0.2505 0.266 0.266 0.2095 0.2095 0.2095 0.1315 0.1315 0.212 0.212 0.2295 0.2295 0.2275 0.2275 0.2275 0.234 0.234 0.235 0.235 0.235 0.235 0.235 0.2335 0.2335 0.2295 0.2295 0.2235 0.2235 0.2235 0.227 0.227 0.2295 0.2295 0.2335
-1 -1 -1 -1 -1 -1 -1 -1 -1 -1 -1 -1 -1 -1 -1 -1 -1 -1 -1 -1 -1 -1 -1 -1 -1 0.0872 0.0872 0.0872 0.102 0.102 0.183 0.183 0.1885 0.1885 0.1885 0.189 0.189 0.187 0.187 0.237 0.237 0.237 0.2505 0.2505 0.266 0.266 0.2095 0.2095 0.2095 0.1315 0.1315 0.212 0.212 0.2295 0.2295 0.2275 0.2275 0.2275 0.234 0.234 0.235 0.235 0.235 0.235 0.235 0.2335 0.2335 0.2295 0.2295 0.2235 0.2235 0.2235 0.227 0.227 0.2295 0.2295 0.2335
-1 -1 -1 -1 -1 -1 -1 -1 -1 -1 -1 -1 -1 -1 -1 -1 -1 -1 -1 -1 -1 -1 -1 -1 -1 0.0872 0.0872 0.0872 0.102 0.102 0.183 0.183 0.1885 0.1885 0.1885 0.189 0.189 0.187 0.187 0.237 0.237 0.237 0.2505 0.2505 0.266 0.266 0.2095 0.2095 0.2095 0.1315 0.1315 0.212 0.212 0.2295 0.2295 0.2275 0.2275 0.2275 0.234 0.234 0.235 0.235 0.235 0.235 0.235 0.2335 0.2335 0.2295 0.2295 0.2235 0.2235 0.2235 0.227 0.227 0.2295 0.2295 0.2335
