ndvi/NOAA-294.asc
ncols         252
nrows         154
xllcorner     -18.017974
yllcorner     13.481982
cellsize      0.035948
NODATA_value  -9999
[rows 34 to 67 of 154, columns 77 to 153 of 252]
0.1475 0.1475 0.13 0.13 0.14 0.14 0.1425 0.1425 0.1425 0.133 0.133 0.1275 0.1275 0.114 0.114 0.138 0.138 0.138 0.1405 0.1405 0.138 0.138 0.1505 0.1505 0.1505 0.135 0.135 0.1365 0.1365 0.148 0.148 0.148 0.169 0.169 0.148 0.148 0.138 0.138 0.138 0.1495 0.1495 0.146 0.146 0.1585 0.1585 0.1585 0.1345 0.1345 0.1545 0.1545 0.1575 0.1575 0.145 0.145 0.145 0.1465 0.1465 0.143 0.143 0.122 0.122 0.122 0.1365 0.1365 0.139 0.139 0.1425 0.1425 0.1425 0.127 0.127 0.1305 0.1305 0.125 0.125 0.125 0.129
0.1475 0.1475 0.13 0.13 0.14 0.14 0.1425 0.1425 0.1425 0.133 0.133 0.1275 0.1275 0.114 0.114 0.138 0.138 0.138 0.1405 0.1405 0.138 0.138 0.1505 0.1505 0.1505 0.135 0.135 0.1365 0.1365 0.148 0.148 0.148 0.169 0.169 0.148 0.148 0.138 0.138 0.138 0.1495 0.1495 0.146 0.146 0.1585 0.1585 0.1585 0.1345 0.1345 0.1545 0.1545 0.1575 0.1575 0.145 0.145 0.145 0.1465 0.1465 0.143 0.143 0.122 0.122 0.122 0.1365 0.1365 0.139 0.139 0.1425 0.1425 0.1425 0.127 0.127 0.1305 0.1305 0.125 0.125 0.125 0.129
0.1475 0.1475 0.13 0.13 0.14 0.14 0.1425 0.1425 0.1425 0.133 0.133 0.1275 0.1275 0.114 0.114 0.138 0.138 0.138 0.1405 0.1405 0.138 0.138 0.1505 0.1505 0.1505 0.135 0.135 0.1365 0.1365 0.148 0.148 0.148 0.169 0.169 0.148 0.148 0.138 0.138 0.138 0.1495 0.1495 0.146 0.146 0.1585 0.1585 0.1585 0.1345 0.1345 0.1545 0.1545 0.1575 0.1575 0.145 0.145 0.145 0.1465 0.1465 0.143 0.143 0.122 0.122 0.122 0.1365 0.1365 0.139 0.139 0.1425 0.1425 0.1425 0.127 0.127 0.1305 0.1305 0.125 0.125 0.125 0.129
0.1635 0.1635 0.1595 0.1595 0.1665 0.1665 0.151 0.151 0.151 0.15 0.15 0.1415 0.1415 0.146 0.146 0.148 0.148 0.148 0.134 0.134 0.136 0.136 0.1565 0.1565 0.1565 0.1525 0.1525 0.169 0.169 0.183 0.183 0.183 0.1865 0.1865 0.157 0.157 0.142 0.142 0.142 0.1595 0.1595 0.158 0.158 0.1735 0.1735 0.1735 0.1675 0.1675 0.148 0.148 0.1485 0.1485 0.1665 0.1665 0.1665 0.165 0.165 0.1665 0.1665 0.1565 0.1565 0.1565 0.1295 0.1295 0.163 0.163 0.142 0.142 0.142 0.152 0.152 0.0861 0.0861 0.1105 0.1105 0.1105 0.1285
0.1635 0.1635 0.1595 0.1595 0.1665 0.1665 0.151 0.151 0.151 0.15 0.15 0.1415 0.1415 0.146 0.146 0.148 0.148 0.148 0.134 0.134 0.136 0.136 0.1565 0.1565 0.1565 0.1525 0.1525 0.169 0.169 0.183 0.183 0.183 0.1865 0.1865 0.157 0.157 0.142 0.142 0.142 0.1595 0.1595 0.158 0.158 0.1735 0.1735 0.1735 0.1675 0.1675 0.148 0.148 0.1485 0.1485 0.1665 0.1665 0.1665 0.165 0.165 0.1665 0.1665 0.1565 0.1565 0.1565 0.1295 0.1295 0.163 0.163 0.142 0.142 0.142 0.152 0.152 0.0861 0.0861 0.1105 0.1105 0.1105 0.1285
0.1485 0.1485 0.1575 0.1575 0.1575 0.1575 0.174 0.174 0.174 0.1465 0.1465 0.1495 0.1495 0.1555 0.1555 0.139 0.139 0.139 0.1345 0.1345 0.1475 0.1475 0.1495 0.1495 0.1495 0.1675 0.1675 0.1705 0.1705 0.166 0.166 0.166 0.1775 0.1775 0.177 0.177 0.155 0.155 0.155 0.166 0.166 0.1725 0.1725 0.1905 0.1905 0.1905 0.172 0.172 0.155 0.155 0.1495 0.1495 0.25 0.25 0.25 0.188 0.188 0.1825 0.1825 0.173 0.173 0.173 0.1705 0.1705 0.1625 0.1625 0.159 0.159 0.159 0.137 0.137 0.127 0.127 0.1165 0.1165 0.1165 0.1235
0.1485 0.1485 0.1575 0.1575 0.1575 0.1575 0.174 0.174 0.174 0.1465 0.1465 0.1495 0.1495 0.1555 0.1555 0.139 0.139 0.139 0.1345 0.1345 0.1475 0.1475 0.1495 0.1495 0.1495 0.1675 0.1675 0.1705 0.1705 0.166 0.166 0.166 0.1775 0.1775 0.177 0.177 0.155 0.155 0.155 0.166 0.166 0.1725 0.1725 0.1905 0.1905 0.1905 0.172 0.172 0.155 0.155 0.1495 0.1495 0.25 0.25 0.25 0.188 0.188 0.1825 0.1825 0.173 0.173 0.173 0.1705 0.1705 0.1625 0.1625 0.159 0.159 0.159 0.137 0.137 0.127 0.127 0.1165 0.1165 0.1165 0.1235
0.19 0.19 0.1715 0.1715 0.1705 0.1705 0.1715 0.1715 0.1715 0.159 0.159 0.154 0.154 0.161 0.161 0.169 0.169 0.169 0.147 0.147 0.1415 0.1415 0.1495 0.1495 0.1495 0.1655 0.1655 0.178 0.178 0.178 0.178 0.178 0.1895 0.1895 0.1695 0.1695 0.2 0.2 0.2 0.178 0.178 0.1835 0.1835 0.196 0.196 0.196 0.173 0.173 0.168 0.168 0.18 0.18 0.2115 0.2115 0.2115 0.1905 0.1905 0.2 0.2 0.181 0.181 0.181 0.147 0.147 0.139 0.139 0.1225 0.1225 0.1225 0.131 0.131 0.1075 0.1075 0.1215 0.1215 0.1215 0.1205
0.19 0.19 0.1715 0.1715 0.1705 0.1705 0.1715 0.1715 0.1715 0.159 0.159 0.154 0.154 0.161 0.161 0.169 0.169 0.169 0.147 0.147 0.1415 0.1415 0.1495 0.1495 0.1495 0.1655 0.1655 0.178 0.178 0.178 0.178 0.178 0.1895 0.1895 0.1695 0.1695 0.2 0.2 0.2 0.178 0.178 0.1835 0.1835 0.196 0.196 0.196 0.173 0.173 0.168 0.168 0.18 0.18 0.2115 0.2115 0.2115 0.1905 0.1905 0.2 0.2 0.181 0.181 0.181 0.147 0.147 0.139 0.139 0.1225 0.1225 0.1225 0.131 0.131 0.1075 0.1075 0.1215 0.1215 0.1215 0.1205
0.19 0.19 0.1715 0.1715 0.1705 0.1705 0.1715 0.1715 0.1715 0.159 0.159 0.154 0.154 0.161 0.161 0.169 0.169 0.169 0.147 0.147 0.1415 0.1415 0.1495 0.1495 0.1495 0.1655 0.1655 0.178 0.178 0.178 0.178 0.178 0.1895 0.1895 0.1695 0.1695 0.2 0.2 0.2 0.178 0.178 0.1835 0.1835 0.196 0.196 0.196 0.173 0.173 0.168 0.168 0.18 0.18 0.2115 0.2115 0.2115 0.1905 0.1905 0.2 0.2 0.181 0.181 0.181 0.147 0.147 0.139 0.139 0.1225 0.1225 0.1225 0.131 0.131 0.1075 0.1075 0.1215 0.1215 0.1215 0.1205
0.1625 0.1625 0.1445 0.1445 0.1605 0.1605 0.154 0.154 0.154 0.1495 0.1495 0.146 0.146 0.1535 0.1535 0.1675 0.1675 0.1675 0.198 0.198 0.175 0.175 0.1525 0.1525 0.1525 0.167 0.167 0.171 0.171 0.1895 0.1895 0.1895 0.22 0.22 0.212 0.212 0.2195 0.2195 0.2195 0.1915 0.1915 0.1965 0.1965 0.185 0.185 0.185 0.1675 0.1675 0.1935 0.1935 0.176 0.176 0.179 0.179 0.179 0.174 0.174 0.182 0.182 0.159 0.159 0.159 0.1565 0.1565 0.132 0.132 0.1305 0.1305 0.1305 0.129 0.129 0.115 0.115 0.0895 0.0895 0.0895 0.111
0.1625 0.1625 0.1445 0.1445 0.1605 0.1605 0.154 0.154 0.154 0.1495 0.1495 0.146 0.146 0.1535 0.1535 0.1675 0.1675 0.1675 0.198 0.198 0.175 0.175 0.1525 0.1525 0.1525 0.167 0.167 0.171 0.171 0.1895 0.1895 0.1895 0.22 0.22 0.212 0.212 0.2195 0.2195 0.2195 0.1915 0.1915 0.1965 0.1965 0.185 0.185 0.185 0.1675 0.1675 0.1935 0.1935 0.176 0.176 0.179 0.179 0.179 0.174 0.174 0.182 0.182 0.159 0.159 0.159 0.1565 0.1565 0.132 0.132 0.1305 0.1305 0.1305 0.129 0.129 0.115 0.115 0.0895 0.0895 0.0895 0.111
0.1875 0.1875 0.195 0.195 0.2 0.2 0.1595 0.1595 0.1595 0.1475 0.1475 0.1325 0.1325 0.1465 0.1465 0.1665 0.1665 0.1665 0.1665 0.1665 0.174 0.174 0.2055 0.2055 0.2055 0.173 0.173 0.1905 0.1905 0.2045 0.2045 0.2045 0.236 0.236 0.2325 0.2325 0.214 0.214 0.214 0.209 0.209 0.207 0.207 0.211 0.211 0.211 0.221 0.221 0.2236 0.2236 0.176 0.176 0.1875 0.1875 0.1875 0.183 0.183 0.158 0.158 0.161 0.161 0.161 0.14 0.14 0.133 0.133 0.137 0.137 0.137 0.134 0.134 0.1355 0.1355 0.0925 0.0925 0.0925 0.146
0.1875 0.1875 0.195 0.195 0.2 0.2 0.1595 0.1595 0.1595 0.1475 0.1475 0.1325 0.1325 0.1465 0.1465 0.1665 0.1665 0.1665 0.1665 0.1665 0.174 0.174 0.2055 0.2055 0.2055 0.173 0.173 0.1905 0.1905 0.2045 0.2045 0.2045 0.236 0.236 0.2325 0.2325 0.214 0.214 0.214 0.209 0.209 0.207 0.207 0.211 0.211 0.211 0.221 0.221 0.2236 0.2236 0.176 0.176 0.1875 0.1875 0.1875 0.183 0.183 0.158 0.158 0.161 0.161 0.161 0.14 0.14 0.133 0.133 0.137 0.137 0.137 0.134 0.134 0.1355 0.1355 0.0925 0.0925 0.0925 0.146
0.216 0.216 0.201 0.201 0.1985 0.1985 0.1745 0.1745 0.1745 0.158 0.158 0.142 0.142 0.221 0.221 0.2145 0.2145 0.2145 0.1925 0.1925 0.2185 0.2185 0.223 0.223 0.223 0.185 0.185 0.2015 0.2015 0.208 0.208 0.208 0.2445 0.2445 0.2495 0.2495 0.215 0.215 0.215 0.2085 0.2085 0.2155 0.2155 0.2195 0.2195 0.2195 0.236 0.236 0.2245 0.2245 0.2 0.2 0.201 0.201 0.201 0.199 0.199 0.1725 0.1725 0.1525 0.1525 0.1525 0.1675 0.1675 0.1585 0.1585 0.17 0.17 0.17 0.1705 0.1705 0.1565 0.1565 0.154 0.154 0.154 0.1525
0.216 0.216 0.201 0.201 0.1985 0.1985 0.1745 0.1745 0.1745 0.158 0.158 0.142 0.142 0.221 0.221 0.2145 0.2145 0.2145 0.1925 0.1925 0.2185 0.2185 0.223 0.223 0.223 0.185 0.185 0.2015 0.2015 0.208 0.208 0.208 0.2445 0.2445 0.2495 0.2495 0.215 0.215 0.215 0.2085 0.2085 0.2155 0.2155 0.2195 0.2195 0.2195 0.236 0.236 0.2245 0.2245 0.2 0.2 0.201 0.201 0.201 0.199 0.199 0.1725 0.1725 0.1525 0.1525 0.1525 0.1675 0.1675 0.1585 0.1585 0.17 0.17 0.17 0.1705 0.1705 0.1565 0.1565 0.154 0.154 0.154 0.1525
0.216 0.216 0.201 0.201 0.1985 0.1985 0.1745 0.1745 0.1745 0.158 0.158 0.142 0.142 0.221 0.221 0.2145 0.2145 0.2145 0.1925 0.1925 0.2185 0.2185 0.223 0.223 0.223 0.185 0.185 0.2015 0.2015 0.208 0.208 0.208 0.2445 0.2445 0.2495 0.2495 0.215 0.215 0.215 0.2085 0.2085 0.2155 0.2155 0.2195 0.2195 0.2195 0.236 0.236 0.2245 0.2245 0.2 0.2 0.201 0.201 0.201 0.199 0.199 0.1725 0.1725 0.1525 0.1525 0.1525 0.1675 0.1675 0.1585 0.1585 0.17 0.17 0.17 0.1705 0.1705 0.1565 0.1565 0.154 0.154 0.154 0.1525
0.19 0.19 0.1955 0.1955 0.1965 0.1965 0.2025 0.2025 0.2025 0.2325 0.2325 0.2175 0.2175 0.2225 0.2225 0.234 0.234 0.234 0.2005 0.2005 0.218 0.218 0.189 0.189 0.189 0.1905 0.1905 0.196 0.196 0.234 0.234 0.234 0.211 0.211 0.21 0.21 0.24 0.24 0.24 0.1805 0.1805 0.2025 0.2025 0.2075 0.2075 0.2075 0.223 0.223 0.155 0.155 0.1825 0.1825 0.204 0.204 0.204 0.2085 0.2085 0.197 0.197 0.179 0.179 0.179 0.186 0.186 0.218 0.218 0.227 0.227 0.227 0.223 0.223 0.218 0.218 0.1535 0.1535 0.1535 0.137
0.19 0.19 0.1955 0.1955 0.1965 0.1965 0.2025 0.2025 0.2025 0.2325 0.2325 0.2175 0.2175 0.2225 0.2225 0.234 0.234 0.234 0.2005 0.2005 0.218 0.218 0.189 0.189 0.189 0.1905 0.1905 0.196 0.196 0.234 0.234 0.234 0.211 0.211 0.21 0.21 0.24 0.24 0.24 0.1805 0.1805 0.2025 0.2025 0.2075 0.2075 0.2075 0.223 0.223 0.155 0.155 0.1825 0.1825 0.204 0.204 0.204 0.2085 0.2085 0.197 0.197 0.179 0.179 0.179 0.186 0.186 0.218 0.218 0.227 0.227 0.227 0.223 0.223 0.218 0.218 0.1535 0.1535 0.1535 0.137
0.2095 0.2095 0.1925 0.1925 0.2105 0.2105 0.227 0.227 0.227 0.203 0.203 0.228 0.228 0.2525 0.2525 0.224 0.224 0.224 0.2085 0.2085 0.214 0.214 0.1875 0.1875 0.1875 0.184 0.184 0.1825 0.1825 0.216 0.216 0.216 0.191 0.191 0.2405 0.2405 0.2371 0.2371 0.2371 0.217 0.217 0.1965 0.1965 0.1965 0.1965 0.1965 0.18 0.18 0.1665 0.1665 0.2155 0.2155 0.184 0.184 0.184 0.2235 0.2235 0.2265 0.2265 0.233 0.233 0.233 0.2325 0.2325 0.2085 0.2085 0.2275 0.2275 0.2275 0.2205 0.2205 0.202 0.202 0.224 0.224 0.224 0.1325
0.2095 0.2095 0.1925 0.1925 0.2105 0.2105 0.227 0.227 0.227 0.203 0.203 0.228 0.228 0.2525 0.2525 0.224 0.224 0.224 0.2085 0.2085 0.214 0.214 0.1875 0.1875 0.1875 0.184 0.184 0.1825 0.1825 0.216 0.216 0.216 0.191 0.191 0.2405 0.2405 0.2371 0.2371 0.2371 0.217 0.217 0.1965 0.1965 0.1965 0.1965 0.1965 0.18 0.18 0.1665 0.1665 0.2155 0.2155 0.184 0.184 0.184 0.2235 0.2235 0.2265 0.2265 0.233 0.233 0.233 0.2325 0.2325 0.2085 0.2085 0.2275 0.2275 0.2275 0.2205 0.2205 0.202 0.202 0.224 0.224 0.224 0.1325
0.245 0.245 0.232 0.232 0.2085 0.2085 0.2125 0.2125 0.2125 0.2155 0.2155 0.215 0.215 0.212 0.212 0.2105 0.2105 0.2105 0.2125 0.2125 0.234 0.234 0.221 0.221 0.221 0.2205 0.2205 0.2021 0.2021 0.203 0.203 0.203 0.193 0.193 0.2095 0.2095 0.2095 0.2095 0.2095 0.2165 0.2165 0.176 0.176 0.182 0.182 0.182 0.1805 0.1805 0.1545 0.1545 0.1655 0.1655 0.175 0.175 0.175 0.196 0.196 0.2055 0.2055 0.213 0.213 0.213 0.2075 0.2075 0.234 0.234 0.1985 0.1985 0.1985 0.184 0.184 0.1775 0.1775 0.1615 0.1615 0.1615 0.127
0.245 0.245 0.232 0.232 0.2085 0.2085 0.2125 0.2125 0.2125 0.2155 0.2155 0.215 0.215 0.212 0.212 0.2105 0.2105 0.2105 0.2125 0.2125 0.234 0.234 0.221 0.221 0.221 0.2205 0.2205 0.2021 0.2021 0.203 0.203 0.203 0.193 0.193 0.2095 0.2095 0.2095 0.2095 0.2095 0.2165 0.2165 0.176 0.176 0.182 0.182 0.182 0.1805 0.1805 0.1545 0.1545 0.1655 0.1655 0.175 0.175 0.175 0.196 0.196 0.2055 0.2055 0.213 0.213 0.213 0.2075 0.2075 0.234 0.234 0.1985 0.1985 0.1985 0.184 0.184 0.1775 0.1775 0.1615 0.1615 0.1615 0.127
0.204 0.204 0.2075 0.2075 0.2195 0.2195 0.2275 0.2275 0.2275 0.222 0.222 0.224 0.224 0.2165 0.2165 0.221 0.221 0.221 0.2185 0.2185 0.2025 0.2025 0.2415 0.2415 0.2415 0.2176 0.2176 0.2165 0.2165 0.2175 0.2175 0.2175 0.199 0.199 0.21 0.21 0.1955 0.1955 0.1955 0.2105 0.2105 0.192 0.192 0.2025 0.2025 0.2025 0.162 0.162 0.1495 0.1495 0.1445 0.1445 0.168 0.168 0.168 0.1795 0.1795 0.1935 0.1935 0.2395 0.2395 0.2395 0.2055 0.2055 0.225 0.225 0.1756 0.1756 0.1756 0.1965 0.1965 0.1375 0.1375 0.1475 0.1475 0.1475 0.1095
0.204 0.204 0.2075 0.2075 0.2195 0.2195 0.2275 0.2275 0.2275 0.222 0.222 0.224 0.224 0.2165 0.2165 0.221 0.221 0.221 0.2185 0.2185 0.2025 0.2025 0.2415 0.2415 0.2415 0.2176 0.2176 0.2165 0.2165 0.2175 0.2175 0.2175 0.199 0.199 0.21 0.21 0.1955 0.1955 0.1955 0.2105 0.2105 0.192 0.192 0.2025 0.2025 0.2025 0.162 0.162 0.1495 0.1495 0.1445 0.1445 0.168 0.168 0.168 0.1795 0.1795 0.1935 0.1935 0.2395 0.2395 0.2395 0.2055 0.2055 0.225 0.225 0.1756 0.1756 0.1756 0.1965 0.1965 0.1375 0.1375 0.1475 0.1475 0.1475 0.1095
0.204 0.204 0.2075 0.2075 0.2195 0.2195 0.2275 0.2275 0.2275 0.222 0.222 0.224 0.224 0.2165 0.2165 0.221 0.221 0.221 0.2185 0.2185 0.2025 0.2025 0.2415 0.2415 0.2415 0.2176 0.2176 0.2165 0.2165 0.2175 0.2175 0.2175 0.199 0.199 0.21 0.21 0.1955 0.1955 0.1955 0.2105 0.2105 0.192 0.192 0.2025 0.2025 0.2025 0.162 0.162 0.1495 0.1495 0.1445 0.1445 0.168 0.168 0.168 0.1795 0.1795 0.1935 0.1935 0.2395 0.2395 0.2395 0.2055 0.2055 0.225 0.225 0.1756 0.1756 0.1756 0.1965 0.1965 0.1375 0.1375 0.1475 0.1475 0.1475 0.1095
0.214 0.214 0.2105 0.2105 0.228 0.228 0.2065 0.2065 0.2065 0.202 0.202 0.2015 0.2015 0.201 0.201 0.2065 0.2065 0.2065 0.181 0.181 0.2305 0.2305 0.2141 0.2141 0.2141 0.2221 0.2221 0.2151 0.2151 0.2365 0.2365 0.2365 0.227 0.227 0.2216 0.2216 0.2185 0.2185 0.2185 0.187 0.187 0.185 0.185 0.206 0.206 0.206 0.1885 0.1885 0.1285 0.1285 0.128 0.128 0.141 0.141 0.141 0.1385 0.1385 0.1725 0.1725 0.2455 0.2455 0.2455 0.2245 0.2245 0.222 0.222 0.2135 0.2135 0.2135 0.2045 0.2045 0.187 0.187 0.159 0.159 0.159 0.1255
0.214 0.214 0.2105 0.2105 0.228 0.228 0.2065 0.2065 0.2065 0.202 0.202 0.2015 0.2015 0.201 0.201 0.2065 0.2065 0.2065 0.181 0.181 0.2305 0.2305 0.2141 0.2141 0.2141 0.2221 0.2221 0.2151 0.2151 0.2365 0.2365 0.2365 0.227 0.227 0.2216 0.2216 0.2185 0.2185 0.2185 0.187 0.187 0.185 0.185 0.206 0.206 0.206 0.1885 0.1885 0.1285 0.1285 0.128 0.128 0.141 0.141 0.141 0.1385 0.1385 0.1725 0.1725 0.2455 0.2455 0.2455 0.2245 0.2245 0.222 0.222 0.2135 0.2135 0.2135 0.2045 0.2045 0.187 0.187 0.159 0.159 0.159 0.1255
0.2325 0.2325 0.2075 0.2075 0.2015 0.2015 0.214 0.214 0.214 0.2391 0.2391 0.2245 0.2245 0.233 0.233 0.2095 0.2095 0.2095 0.196 0.196 0.216 0.216 0.2031 0.2031 0.2031 0.1985 0.1985 0.245 0.245 0.244 0.244 0.244 0.231 0.231 0.2635 0.2635 0.2355 0.2355 0.2355 0.2261 0.2261 0.183 0.183 0.1795 0.1795 0.1795 0.1615 0.1615 0.134 0.134 0.161 0.161 0.1585 0.1585 0.1585 0.198 0.198 0.1845 0.1845 0.215 0.215 0.215 0.2265 0.2265 0.244 0.244 0.2045 0.2045 0.2045 0.226 0.226 0.213 0.213 0.145 0.145 0.145 0.1375
0.2325 0.2325 0.2075 0.2075 0.2015 0.2015 0.214 0.214 0.214 0.2391 0.2391 0.2245 0.2245 0.233 0.233 0.2095 0.2095 0.2095 0.196 0.196 0.216 0.216 0.2031 0.2031 0.2031 0.1985 0.1985 0.245 0.245 0.244 0.244 0.244 0.231 0.231 0.2635 0.2635 0.2355 0.2355 0.2355 0.2261 0.2261 0.183 0.183 0.1795 0.1795 0.1795 0.1615 0.1615 0.134 0.134 0.161 0.161 0.1585 0.1585 0.1585 0.198 0.198 0.1845 0.1845 0.215 0.215 0.215 0.2265 0.2265 0.244 0.244 0.2045 0.2045 0.2045 0.226 0.226 0.213 0.213 0.145 0.145 0.145 0.1375
0.2245 0.2245 0.2135 0.2135 0.216 0.216 0.212 0.212 0.212 0.226 0.226 0.2345 0.2345 0.2591 0.2591 0.236 0.236 0.236 0.206 0.206 0.233 0.233 0.212 0.212 0.212 0.207 0.207 0.2335 0.2335 0.245 0.245 0.245 0.2401 0.2401 0.2531 0.2531 0.2501 0.2501 0.2501 0.2521 0.2521 0.2036 0.2036 0.1415 0.1415 0.1415 0.1375 0.1375 0.144 0.144 0.167 0.167 0.216 0.216 0.216 0.2075 0.2075 0.2245 0.2245 0.213 0.213 0.213 0.2245 0.2245 0.24 0.24 0.2415 0.2415 0.2415 0.232 0.232 0.247 0.247 0.189 0.189 0.189 0.154
0.2245 0.2245 0.2135 0.2135 0.216 0.216 0.212 0.212 0.212 0.226 0.226 0.2345 0.2345 0.2591 0.2591 0.236 0.236 0.236 0.206 0.206 0.233 0.233 0.212 0.212 0.212 0.207 0.207 0.2335 0.2335 0.245 0.245 0.245 0.2401 0.2401 0.2531 0.2531 0.2501 0.2501 0.2501 0.2521 0.2521 0.2036 0.2036 0.1415 0.1415 0.1415 0.1375 0.1375 0.144 0.144 0.167 0.167 0.216 0.216 0.216 0.2075 0.2075 0.2245 0.2245 0.213 0.213 0.213 0.2245 0.2245 0.24 0.24 0.2415 0.2415 0.2415 0.232 0.232 0.247 0.247 0.189 0.189 0.189 0.154
0.2245 0.2245 0.2135 0.2135 0.216 0.216 0.212 0.212 0.212 0.226 0.226 0.2345 0.2345 0.2591 0.2591 0.236 0.236 0.236 0.206 0.206 0.233 0.233 0.212 0.212 0.212 0.207 0.207 0.2335 0.2335 0.245 0.245 0.245 0.2401 0.2401 0.2531 0.2531 0.2501 0.2501 0.2501 0.2521 0.2521 0.2036 0.2036 0.1415 0.1415 0.1415 0.1375 0.1375 0.144 0.144 0.167 0.167 0.216 0.216 0.216 0.2075 0.2075 0.2245 0.2245 0.213 0.213 0.213 0.2245 0.2245 0.24 0.24 0.2415 0.2415 0.2415 0.232 0.232 0.247 0.247 0.189 0.189 0.189 0.154
0.2206 0.2206 0.209 0.209 0.2295 0.2295 0.2452 0.2452 0.2452 0.2577 0.2577 0.2572 0.2572 0.2557 0.2557 0.2346 0.2346 0.2346 0.2456 0.2456 0.2366 0.2366 0.2615 0.2615 0.2615 0.216 0.216 0.2385 0.2385 0.2425 0.2425 0.2425 0.2446 0.2446 0.2181 0.2181 0.2161 0.2161 0.2161 0.2361 0.2361 0.2275 0.2275 0.2215 0.2215 0.2215 0.1705 0.1705 0.2 0.2 0.211 0.211 0.2265 0.2265 0.2265 0.237 0.237 0.2286 0.2286 0.223 0.223 0.223 0.2015 0.2015 0.23 0.23 0.2465 0.2465 0.2465 0.2385 0.2385 0.2405 0.2405 0.217 0.217 0.217 0.1375
