ndvi/NOAA-45.asc
ncols         252
nrows         154
xllcorner     -18.017974
yllcorner     13.481982
cellsize      0.035948
NODATA_value  -9999
[rows 102 to 135 of 154, columns 154 to 230 of 252]
0.359 0.3595 0.3595 0.317 0.317 0.317 0.295 0.295 0.349 0.349 0.3635 0.3635 0.3755 0.3755 0.3755 0.379 0.379 0.401 0.401 0.4 0.4 0.4 0.4085 0.4085 0.377 0.377 0.407 0.407 0.407 0.4175 0.4175 0.469 0.469 0.466 0.466 0.466 0.4995 0.4995 0.497 0.497 0.506 0.506 0.506 0.454 0.454 0.418 0.418 0.416 0.416 0.3975 0.3975 0.3975 0.3925 0.3925 0.439 0.439 0.485 0.485 0.485 0.4265 0.4265 0.38 0.38 0.458 0.458 0.458 0.456 0.456 0.431 0.431 0.386 0.386 0.386 0.424 0.424 0.449 0.449
0.3375 0.3575 0.3575 0.329 0.329 0.329 0.325 0.325 0.3545 0.3545 0.3605 0.3605 0.355 0.355 0.355 0.377 0.377 0.397 0.397 0.4045 0.4045 0.4045 0.4245 0.4245 0.398 0.398 0.4345 0.4345 0.4345 0.455 0.455 0.4965 0.4965 0.4365 0.4365 0.4365 0.4415 0.4415 0.462 0.462 0.4485 0.4485 0.4485 0.4285 0.4285 0.429 0.429 0.4415 0.4415 0.4685 0.4685 0.4685 0.504 0.504 0.604 0.604 0.529 0.529 0.529 0.457 0.457 0.457 0.457 0.4975 0.4975 0.4975 0.4895 0.4895 0.4145 0.4145 0.433 0.433 0.433 0.4355 0.4355 0.508 0.508
0.3375 0.3575 0.3575 0.329 0.329 0.329 0.325 0.325 0.3545 0.3545 0.3605 0.3605 0.355 0.355 0.355 0.377 0.377 0.397 0.397 0.4045 0.4045 0.4045 0.4245 0.4245 0.398 0.398 0.4345 0.4345 0.4345 0.455 0.455 0.4965 0.4965 0.4365 0.4365 0.4365 0.4415 0.4415 0.462 0.462 0.4485 0.4485 0.4485 0.4285 0.4285 0.429 0.429 0.4415 0.4415 0.4685 0.4685 0.4685 0.504 0.504 0.604 0.604 0.529 0.529 0.529 0.457 0.457 0.457 0.457 0.4975 0.4975 0.4975 0.4895 0.4895 0.4145 0.4145 0.433 0.433 0.433 0.4355 0.4355 0.508 0.508
0.3375 0.3575 0.3575 0.329 0.329 0.329 0.325 0.325 0.3545 0.3545 0.3605 0.3605 0.355 0.355 0.355 0.377 0.377 0.397 0.397 0.4045 0.4045 0.4045 0.4245 0.4245 0.398 0.398 0.4345 0.4345 0.4345 0.455 0.455 0.4965 0.4965 0.4365 0.4365 0.4365 0.4415 0.4415 0.462 0.462 0.4485 0.4485 0.4485 0.4285 0.4285 0.429 0.429 0.4415 0.4415 0.4685 0.4685 0.4685 0.504 0.504 0.604 0.604 0.529 0.529 0.529 0.457 0.457 0.457 0.457 0.4975 0.4975 0.4975 0.4895 0.4895 0.4145 0.4145 0.433 0.433 0.433 0.4355 0.4355 0.508 0.508
0.352 0.374 0.374 0.3925 0.3925 0.3925 0.357 0.357 0.338 0.338 0.3925 0.3925 0.3855 0.3855 0.3855 0.35 0.35 0.375 0.375 0.3675 0.3675 0.3675 0.3955 0.3955 0.4315 0.4315 0.449 0.449 0.449 0.4845 0.4845 0.491 0.491 0.494 0.494 0.494 0.4675 0.4675 0.4445 0.4445 0.455 0.455 0.455 0.487 0.487 0.5045 0.5045 0.464 0.464 0.495 0.495 0.495 0.589 0.589 0.5715 0.5715 0.5765 0.5765 0.5765 0.504 0.504 0.423 0.423 0.4525 0.4525 0.4525 0.487 0.487 0.468 0.468 0.49 0.49 0.49 0.498 0.498 0.496 0.496
0.352 0.374 0.374 0.3925 0.3925 0.3925 0.357 0.357 0.338 0.338 0.3925 0.3925 0.3855 0.3855 0.3855 0.35 0.35 0.375 0.375 0.3675 0.3675 0.3675 0.3955 0.3955 0.4315 0.4315 0.449 0.449 0.449 0.4845 0.4845 0.491 0.491 0.494 0.494 0.494 0.4675 0.4675 0.4445 0.4445 0.455 0.455 0.455 0.487 0.487 0.5045 0.5045 0.464 0.464 0.495 0.495 0.495 0.589 0.589 0.5715 0.5715 0.5765 0.5765 0.5765 0.504 0.504 0.423 0.423 0.4525 0.4525 0.4525 0.487 0.487 0.468 0.468 0.49 0.49 0.49 0.498 0.498 0.496 0.496
0.4125 0.434 0.434 0.4325 0.4325 0.4325 0.446 0.446 0.4235 0.4235 0.417 0.417 0.398 0.398 0.398 0.405 0.405 0.3235 0.3235 0.3355 0.3355 0.3355 0.3535 0.3535 0.4225 0.4225 0.4475 0.4475 0.4475 0.48 0.48 0.519 0.519 0.524 0.524 0.524 0.521 0.521 0.5005 0.5005 0.4775 0.4775 0.4775 0.554 0.554 0.5355 0.5355 0.531 0.531 0.564 0.564 0.564 0.5635 0.5635 0.618 0.618 0.567 0.567 0.567 0.512 0.512 0.479 0.479 0.4485 0.4485 0.4485 0.444 0.444 0.4585 0.4585 0.4975 0.4975 0.4975 0.5055 0.5055 0.506 0.506
0.4125 0.434 0.434 0.4325 0.4325 0.4325 0.446 0.446 0.4235 0.4235 0.417 0.417 0.398 0.398 0.398 0.405 0.405 0.3235 0.3235 0.3355 0.3355 0.3355 0.3535 0.3535 0.4225 0.4225 0.4475 0.4475 0.4475 0.48 0.48 0.519 0.519 0.524 0.524 0.524 0.521 0.521 0.5005 0.5005 0.4775 0.4775 0.4775 0.554 0.554 0.5355 0.5355 0.531 0.531 0.564 0.564 0.564 0.5635 0.5635 0.618 0.618 0.567 0.567 0.567 0.512 0.512 0.479 0.479 0.4485 0.4485 0.4485 0.444 0.444 0.4585 0.4585 0.4975 0.4975 0.4975 0.5055 0.5055 0.506 0.506
0.4225 0.461 0.461 0.4695 0.4695 0.4695 0.501 0.501 0.4865 0.4865 0.4315 0.4315 0.433 0.433 0.433 0.397 0.397 0.3805 0.3805 0.4305 0.4305 0.4305 0.4505 0.4505 0.4945 0.4945 0.494 0.494 0.494 0.508 0.508 0.531 0.531 0.544 0.544 0.544 0.545 0.545 0.54 0.54 0.523 0.523 0.523 0.6005 0.6005 0.5365 0.5365 0.5285 0.5285 0.573 0.573 0.573 0.613 0.613 0.578 0.578 0.5475 0.5475 0.5475 0.5165 0.5165 0.4875 0.4875 0.492 0.492 0.492 0.52 0.52 0.511 0.511 0.4855 0.4855 0.4855 0.5145 0.5145 0.543 0.543
0.4225 0.461 0.461 0.4695 0.4695 0.4695 0.501 0.501 0.4865 0.4865 0.4315 0.4315 0.433 0.433 0.433 0.397 0.397 0.3805 0.3805 0.4305 0.4305 0.4305 0.4505 0.4505 0.4945 0.4945 0.494 0.494 0.494 0.508 0.508 0.531 0.531 0.544 0.544 0.544 0.545 0.545 0.54 0.54 0.523 0.523 0.523 0.6005 0.6005 0.5365 0.5365 0.5285 0.5285 0.573 0.573 0.573 0.613 0.613 0.578 0.578 0.5475 0.5475 0.5475 0.5165 0.5165 0.4875 0.4875 0.492 0.492 0.492 0.52 0.52 0.511 0.511 0.4855 0.4855 0.4855 0.5145 0.5145 0.543 0.543
0.4225 0.461 0.461 0.4695 0.4695 0.4695 0.501 0.501 0.4865 0.4865 0.4315 0.4315 0.433 0.433 0.433 0.397 0.397 0.3805 0.3805 0.4305 0.4305 0.4305 0.4505 0.4505 0.4945 0.4945 0.494 0.494 0.494 0.508 0.508 0.531 0.531 0.544 0.544 0.544 0.545 0.545 0.54 0.54 0.523 0.523 0.523 0.6005 0.6005 0.5365 0.5365 0.5285 0.5285 0.573 0.573 0.573 0.613 0.613 0.578 0.578 0.5475 0.5475 0.5475 0.5165 0.5165 0.4875 0.4875 0.492 0.492 0.492 0.52 0.52 0.511 0.511 0.4855 0.4855 0.4855 0.5145 0.5145 0.543 0.543
0.4705 0.455 0.455 0.481 0.481 0.481 0.479 0.479 0.4575 0.4575 0.448 0.448 0.454 0.454 0.454 0.4995 0.4995 0.49 0.49 0.4915 0.4915 0.4915 0.5305 0.5305 0.5465 0.5465 0.5445 0.5445 0.5445 0.5525 0.5525 0.551 0.551 0.5355 0.5355 0.5355 0.555 0.555 0.558 0.558 0.5085 0.5085 0.5085 0.579 0.579 0.519 0.519 0.544 0.544 0.618 0.618 0.618 0.625 0.625 0.6145 0.6145 0.5725 0.5725 0.5725 0.537 0.537 0.514 0.514 0.5165 0.5165 0.5165 0.5435 0.5435 0.5395 0.5395 0.532 0.532 0.532 0.5125 0.5125 0.5655 0.5655
0.4705 0.455 0.455 0.481 0.481 0.481 0.479 0.479 0.4575 0.4575 0.448 0.448 0.454 0.454 0.454 0.4995 0.4995 0.49 0.49 0.4915 0.4915 0.4915 0.5305 0.5305 0.5465 0.5465 0.5445 0.5445 0.5445 0.5525 0.5525 0.551 0.551 0.5355 0.5355 0.5355 0.555 0.555 0.558 0.558 0.5085 0.5085 0.5085 0.579 0.579 0.519 0.519 0.544 0.544 0.618 0.618 0.618 0.625 0.625 0.6145 0.6145 0.5725 0.5725 0.5725 0.537 0.537 0.514 0.514 0.5165 0.5165 0.5165 0.5435 0.5435 0.5395 0.5395 0.532 0.532 0.532 0.5125 0.5125 0.5655 0.5655
0.5165 0.5944999 0.5944999 0.5075001 0.5075001 0.5075001 0.511 0.511 0.4615 0.4615 0.479 0.479 0.5135 0.5135 0.5135 0.5225 0.5225 0.5215 0.5215 0.517 0.517 0.517 0.5435 0.5435 0.5555 0.5555 0.5615 0.5615 0.5615 0.552 0.552 0.5825 0.5825 0.5695 0.5695 0.5695 0.568 0.568 0.5115 0.5115 0.5345 0.5345 0.5345 0.591 0.591 0.5775 0.5775 0.6205 0.6205 0.6335 0.6335 0.6335 0.628 0.628 0.597 0.597 0.562 0.562 0.562 0.542 0.542 0.4875 0.4875 0.499 0.499 0.499 0.54 0.54 0.509 0.509 0.5365 0.5365 0.5365 0.5385 0.5385 0.5495 0.5495
0.5165 0.5944999 0.5944999 0.5075001 0.5075001 0.5075001 0.511 0.511 0.4615 0.4615 0.479 0.479 0.5135 0.5135 0.5135 0.5225 0.5225 0.5215 0.5215 0.517 0.517 0.517 0.5435 0.5435 0.5555 0.5555 0.5615 0.5615 0.5615 0.552 0.552 0.5825 0.5825 0.5695 0.5695 0.5695 0.568 0.568 0.5115 0.5115 0.5345 0.5345 0.5345 0.591 0.591 0.5775 0.5775 0.6205 0.6205 0.6335 0.6335 0.6335 0.628 0.628 0.597 0.597 0.562 0.562 0.562 0.542 0.542 0.4875 0.4875 0.499 0.499 0.499 0.54 0.54 0.509 0.509 0.5365 0.5365 0.5365 0.5385 0.5385 0.5495 0.5495
0.6045001 0.5625 0.5625 0.589 0.589 0.589 0.51 0.51 0.4795 0.4795 0.5205 0.5205 0.5515 0.5515 0.5515 0.5315 0.5315 0.524 0.524 0.5285 0.5285 0.5285 0.5655 0.5655 0.537 0.537 0.5515 0.5515 0.5515 0.5715 0.5715 0.563 0.563 0.519 0.519 0.519 0.4675 0.4675 0.6035 0.6035 0.5775 0.5775 0.5775 0.613 0.613 0.61 0.61 0.6275 0.6275 0.639 0.639 0.639 0.618 0.618 0.617 0.617 0.5885 0.5885 0.5885 0.575 0.575 0.599 0.599 0.575 0.575 0.575 0.591 0.591 0.5635 0.5635 0.554 0.554 0.554 0.56 0.56 0.556 0.556
0.6045001 0.5625 0.5625 0.589 0.589 0.589 0.51 0.51 0.4795 0.4795 0.5205 0.5205 0.5515 0.5515 0.5515 0.5315 0.5315 0.524 0.524 0.5285 0.5285 0.5285 0.5655 0.5655 0.537 0.537 0.5515 0.5515 0.5515 0.5715 0.5715 0.563 0.563 0.519 0.519 0.519 0.4675 0.4675 0.6035 0.6035 0.5775 0.5775 0.5775 0.613 0.613 0.61 0.61 0.6275 0.6275 0.639 0.639 0.639 0.618 0.618 0.617 0.617 0.5885 0.5885 0.5885 0.575 0.575 0.599 0.599 0.575 0.575 0.575 0.591 0.591 0.5635 0.5635 0.554 0.554 0.554 0.56 0.56 0.556 0.556
0.6045001 0.5625 0.5625 0.589 0.589 0.589 0.51 0.51 0.4795 0.4795 0.5205 0.5205 0.5515 0.5515 0.5515 0.5315 0.5315 0.524 0.524 0.5285 0.5285 0.5285 0.5655 0.5655 0.537 0.537 0.5515 0.5515 0.5515 0.5715 0.5715 0.563 0.563 0.519 0.519 0.519 0.4675 0.4675 0.6035 0.6035 0.5775 0.5775 0.5775 0.613 0.613 0.61 0.61 0.6275 0.6275 0.639 0.639 0.639 0.618 0.618 0.617 0.617 0.5885 0.5885 0.5885 0.575 0.575 0.599 0.599 0.575 0.575 0.575 0.591 0.591 0.5635 0.5635 0.554 0.554 0.554 0.56 0.56 0.556 0.556
0.585 0.5995 0.5995 0.5785 0.5785 0.5785 0.5725 0.5725 0.648 0.648 0.6495 0.6495 0.6165 0.6165 0.6165 0.615 0.615 0.6105 0.6105 0.5945 0.5945 0.5945 0.5935 0.5935 0.5645 0.5645 0.5855 0.5855 0.5855 0.5435 0.5435 0.566 0.566 0.556 0.556 0.556 0.5265 0.5265 0.571 0.571 0.566 0.566 0.566 0.581 0.581 0.6355 0.6355 0.641 0.641 0.6195 0.6195 0.6195 0.6806 0.6806 0.635 0.635 0.596 0.596 0.596 0.563 0.563 0.582 0.582 0.6091 0.6091 0.6091 0.6155 0.6155 0.5815 0.5815 0.59 0.59 0.59 0.552 0.552 0.5455 0.5455
0.585 0.5995 0.5995 0.5785 0.5785 0.5785 0.5725 0.5725 0.648 0.648 0.6495 0.6495 0.6165 0.6165 0.6165 0.615 0.615 0.6105 0.6105 0.5945 0.5945 0.5945 0.5935 0.5935 0.5645 0.5645 0.5855 0.5855 0.5855 0.5435 0.5435 0.566 0.566 0.556 0.556 0.556 0.5265 0.5265 0.571 0.571 0.566 0.566 0.566 0.581 0.581 0.6355 0.6355 0.641 0.641 0.6195 0.6195 0.6195 0.6806 0.6806 0.635 0.635 0.596 0.596 0.596 0.563 0.563 0.582 0.582 0.6091 0.6091 0.6091 0.6155 0.6155 0.5815 0.5815 0.59 0.59 0.59 0.552 0.552 0.5455 0.5455
0.6045001 0.5985 0.5985 0.56 0.56 0.56 0.569 0.569 0.632 0.632 0.6905 0.6905 0.6385 0.6385 0.6385 0.6455 0.6455 0.618 0.618 0.6085 0.6085 0.6085 0.585 0.585 0.579 0.579 0.572 0.572 0.572 0.526 0.526 0.5475 0.5475 0.6305 0.6305 0.6305 0.6175 0.6175 0.584 0.584 0.5775 0.5775 0.5775 0.6305 0.6305 0.629 0.629 0.636 0.636 0.6325001 0.6325001 0.6325001 0.624 0.624 0.6485 0.6485 0.5945 0.5945 0.5945 0.571 0.571 0.5655 0.5655 0.613 0.613 0.613 0.603 0.603 0.57 0.57 0.578 0.578 0.578 0.547 0.547 0.559 0.559
0.6045001 0.5985 0.5985 0.56 0.56 0.56 0.569 0.569 0.632 0.632 0.6905 0.6905 0.6385 0.6385 0.6385 0.6455 0.6455 0.618 0.618 0.6085 0.6085 0.6085 0.585 0.585 0.579 0.579 0.572 0.572 0.572 0.526 0.526 0.5475 0.5475 0.6305 0.6305 0.6305 0.6175 0.6175 0.584 0.584 0.5775 0.5775 0.5775 0.6305 0.6305 0.629 0.629 0.636 0.636 0.6325001 0.6325001 0.6325001 0.624 0.624 0.6485 0.6485 0.5945 0.5945 0.5945 0.571 0.571 0.5655 0.5655 0.613 0.613 0.613 0.603 0.603 0.57 0.57 0.578 0.578 0.578 0.547 0.547 0.559 0.559
0.597 0.5825 0.5825 0.579 0.579 0.579 0.6 0.6 0.619 0.619 0.648 0.648 0.6665 0.6665 0.6665 0.671 0.671 0.6615 0.6615 0.6005 0.6005 0.6005 0.598 0.598 0.588 0.588 0.552 0.552 0.552 0.5635 0.5635 0.594 0.594 0.583 0.583 0.583 0.5565 0.5565 0.5615 0.5615 0.5695 0.5695 0.5695 0.617 0.617 0.616 0.616 0.6385 0.6385 0.643 0.643 0.643 0.6615 0.6615 0.6385 0.6385 0.6105 0.6105 0.6105 0.6135 0.6135 0.587 0.587 0.5865 0.5865 0.5865 0.599 0.599 0.595 0.595 0.591 0.591 0.591 0.5785 0.5785 0.5675 0.5675
0.597 0.5825 0.5825 0.579 0.579 0.579 0.6 0.6 0.619 0.619 0.648 0.648 0.6665 0.6665 0.6665 0.671 0.671 0.6615 0.6615 0.6005 0.6005 0.6005 0.598 0.598 0.588 0.588 0.552 0.552 0.552 0.5635 0.5635 0.594 0.594 0.583 0.583 0.583 0.5565 0.5565 0.5615 0.5615 0.5695 0.5695 0.5695 0.617 0.617 0.616 0.616 0.6385 0.6385 0.643 0.643 0.643 0.6615 0.6615 0.6385 0.6385 0.6105 0.6105 0.6105 0.6135 0.6135 0.587 0.587 0.5865 0.5865 0.5865 0.599 0.599 0.595 0.595 0.591 0.591 0.591 0.5785 0.5785 0.5675 0.5675
0.624 0.581 0.581 0.573 0.573 0.573 0.6005 0.6005 0.6205 0.6205 0.65 0.65 0.664 0.664 0.664 0.684 0.684 0.649 0.649 0.6095 0.6095 0.6095 0.605 0.605 0.592 0.592 0.631 0.631 0.631 0.625 0.625 0.595 0.595 0.5714999 0.5714999 0.5714999 0.5695 0.5695 0.595 0.595 0.5955 0.5955 0.5955 0.5815 0.5815 0.6475 0.6475 0.6615 0.6615 0.6635 0.6635 0.6635 0.653 0.653 0.629 0.629 0.6 0.6 0.6 0.6065 0.6065 0.5735 0.5735 0.6 0.6 0.6 0.58 0.58 0.596 0.596 0.5955 0.5955 0.5955 0.6175 0.6175 0.6175 0.6175
0.624 0.581 0.581 0.573 0.573 0.573 0.6005 0.6005 0.6205 0.6205 0.65 0.65 0.664 0.664 0.664 0.684 0.684 0.649 0.649 0.6095 0.6095 0.6095 0.605 0.605 0.592 0.592 0.631 0.631 0.631 0.625 0.625 0.595 0.595 0.5714999 0.5714999 0.5714999 0.5695 0.5695 0.595 0.595 0.5955 0.5955 0.5955 0.5815 0.5815 0.6475 0.6475 0.6615 0.6615 0.6635 0.6635 0.6635 0.653 0.653 0.629 0.629 0.6 0.6 0.6 0.6065 0.6065 0.5735 0.5735 0.6 0.6 0.6 0.58 0.58 0.596 0.596 0.5955 0.5955 0.5955 0.6175 0.6175 0.6175 0.6175
0.624 0.581 0.581 0.573 0.573 0.573 0.6005 0.6005 0.6205 0.6205 0.65 0.65 0.664 0.664 0.664 0.684 0.684 0.649 0.649 0.6095 0.6095 0.6095 0.605 0.605 0.592 0.592 0.631 0.631 0.631 0.625 0.625 0.595 0.595 0.5714999 0.5714999 0.5714999 0.5695 0.5695 0.595 0.595 0.5955 0.5955 0.5955 0.5815 0.5815 0.6475 0.6475 0.6615 0.6615 0.6635 0.6635 0.6635 0.653 0.653 0.629 0.629 0.6 0.6 0.6 0.6065 0.6065 0.5735 0.5735 0.6 0.6 0.6 0.58 0.58 0.596 0.596 0.5955 0.5955 0.5955 0.6175 0.6175 0.6175 0.6175
0.604 0.623 0.623 0.608 0.608 0.608 0.6165 0.6165 0.6195 0.6195 0.66 0.66 0.6495 0.6495 0.6495 0.644 0.644 0.622 0.622 0.629 0.629 0.629 0.613 0.613 0.597 0.597 0.5835 0.5835 0.5835 0.582 0.582 0.606 0.606 0.5735 0.5735 0.5735 0.594 0.594 0.5975 0.5975 0.6255 0.6255 0.6255 0.6455 0.6455 0.6595 0.6595 0.6866 0.6866 0.6661 0.6661 0.6661 0.617 0.617 0.6425 0.6425 0.5945 0.5945 0.5945 0.5895 0.5895 0.6106 0.6106 0.5575 0.5575 0.5575 0.557 0.557 0.5605 0.5605 0.575 0.575 0.575 0.586 0.586 0.5925 0.5925
0.604 0.623 0.623 0.608 0.608 0.608 0.6165 0.6165 0.6195 0.6195 0.66 0.66 0.6495 0.6495 0.6495 0.644 0.644 0.622 0.622 0.629 0.629 0.629 0.613 0.613 0.597 0.597 0.5835 0.5835 0.5835 0.582 0.582 0.606 0.606 0.5735 0.5735 0.5735 0.594 0.594 0.5975 0.5975 0.6255 0.6255 0.6255 0.6455 0.6455 0.6595 0.6595 0.6866 0.6866 0.6661 0.6661 0.6661 0.617 0.617 0.6425 0.6425 0.5945 0.5945 0.5945 0.5895 0.5895 0.6106 0.6106 0.5575 0.5575 0.5575 0.557 0.557 0.5605 0.5605 0.575 0.575 0.575 0.586 0.586 0.5925 0.5925
0.6655 0.7025 0.7025 0.6475 0.6475 0.6475 0.6435 0.6435 0.6555 0.6555 0.6445 0.6445 0.646 0.646 0.646 0.6565 0.6565 0.667 0.667 0.686 0.686 0.686 0.645 0.645 0.654 0.654 0.678 0.678 0.678 0.6425 0.6425 0.6405 0.6405 0.598 0.598 0.598 0.636 0.636 0.631 0.631 0.648 0.648 0.648 0.6856 0.6856 0.651 0.651 0.627 0.627 0.6705 0.6705 0.6705 0.6891 0.6891 0.7076 0.7076 0.6935 0.6935 0.6935 0.696 0.696 0.6295 0.6295 0.6006 0.6006 0.6006 0.6145 0.6145 0.5545 0.5545 0.559 0.559 0.559 0.585 0.585 0.5715 0.5715
0.6655 0.7025 0.7025 0.6475 0.6475 0.6475 0.6435 0.6435 0.6555 0.6555 0.6445 0.6445 0.646 0.646 0.646 0.6565 0.6565 0.667 0.667 0.686 0.686 0.686 0.645 0.645 0.654 0.654 0.678 0.678 0.678 0.6425 0.6425 0.6405 0.6405 0.598 0.598 0.598 0.636 0.636 0.631 0.631 0.648 0.648 0.648 0.6856 0.6856 0.651 0.651 0.627 0.627 0.6705 0.6705 0.6705 0.6891 0.6891 0.7076 0.7076 0.6935 0.6935 0.6935 0.696 0.696 0.6295 0.6295 0.6006 0.6006 0.6006 0.6145 0.6145 0.5545 0.5545 0.559 0.559 0.559 0.585 0.585 0.5715 0.5715
0.688 0.717 0.717 0.6765 0.6765 0.6765 0.661 0.661 0.6569999 0.6569999 0.6535 0.6535 0.7015 0.7015 0.7015 0.6935 0.6935 0.647 0.647 0.6595 0.6595 0.6595 0.6595 0.6595 0.7045 0.7045 0.7315 0.7315 0.7315 0.6615 0.6615 0.628 0.628 0.6125 0.6125 0.6125 0.6225 0.6225 0.675 0.675 0.682 0.682 0.682 0.653 0.653 0.7151 0.7151 0.6881 0.6881 0.6655 0.6655 0.6655 0.674 0.674 0.7331 0.7331 0.6995 0.6995 0.6995 0.6851 0.6851 0.67 0.67 0.6561 0.6561 0.6561 0.592 0.592 0.5775 0.5775 0.6255 0.6255 0.6255 0.614 0.614 0.585 0.585
0.688 0.717 0.717 0.6765 0.6765 0.6765 0.661 0.661 0.6569999 0.6569999 0.6535 0.6535 0.7015 0.7015 0.7015 0.6935 0.6935 0.647 0.647 0.6595 0.6595 0.6595 0.6595 0.6595 0.7045 0.7045 0.7315 0.7315 0.7315 0.6615 0.6615 0.628 0.628 0.6125 0.6125 0.6125 0.6225 0.6225 0.675 0.675 0.682 0.682 0.682 0.653 0.653 0.7151 0.7151 0.6881 0.6881 0.6655 0.6655 0.6655 0.674 0.674 0.7331 0.7331 0.6995 0.6995 0.6995 0.6851 0.6851 0.67 0.67 0.6561 0.6561 0.6561 0.592 0.592 0.5775 0.5775 0.6255 0.6255 0.6255 0.614 0.614 0.585 0.585
0.688 0.717 0.717 0.6765 0.6765 0.6765 0.661 0.661 0.6569999 0.6569999 0.6535 0.6535 0.7015 0.7015 0.7015 0.6935 0.6935 0.647 0.647 0.6595 0.6595 0.6595 0.6595 0.6595 0.7045 0.7045 0.7315 0.7315 0.7315 0.6615 0.6615 0.628 0.628 0.6125 0.6125 0.6125 0.6225 0.6225 0.675 0.675 0.682 0.682 0.682 0.653 0.653 0.7151 0.7151 0.6881 0.6881 0.6655 0.6655 0.6655 0.674 0.674 0.7331 0.7331 0.6995 0.6995 0.6995 0.6851 0.6851 0.67 0.67 0.6561 0.6561 0.6561 0.592 0.592 0.5775 0.5775 0.6255 0.6255 0.6255 0.614 0.614 0.585 0.585
