ndvi/NOAA-65.asc
ncols         252
nrows         154
xllcorner     -18.017974
yllcorner     13.481982
cellsize      0.035948
NODATA_value  -9999
[rows 0 to 33 of 154, columns 77 to 153 of 252]
0.1005 0.1005 0.0945 0.0945 0.103 0.103 0.102 0.102 0.102 0.0985 0.0985 0.104 0.104 0.1015 0.1015 0.103 0.103 0.103 0.101 0.101 0.103 0.103 0.103 0.103 0.103 0.1025 0.1025 0.09999999 0.09999999 0.099 0.099 0.099 0.099 0.099 0.097 0.097 0.0945 0.0945 0.0945 0.0975 0.0975 0.096 0.096 0.1025 0.1025 0.1025 0.106 0.106 0.09299999 0.09299999 0.092 0.092 0.098 0.098 0.098 0.098 0.098 0.0985 0.0985 0.106 0.106 0.106 0.107 0.107 0.109 0.109 0.109 0.109 0.109 0.1075 0.1075 0.1155 0.1155 0.1 0.1 0.1 0.099
0.1005 0.1005 0.0945 0.0945 0.103 0.103 0.102 0.102 0.102 0.0985 0.0985 0.104 0.104 0.1015 0.1015 0.103 0.103 0.103 0.101 0.101 0.103 0.103 0.103 0.103 0.103 0.1025 0.1025 0.09999999 0.09999999 0.099 0.099 0.099 0.099 0.099 0.097 0.097 0.0945 0.0945 0.0945 0.0975 0.0975 0.096 0.096 0.1025 0.1025 0.1025 0.106 0.106 0.09299999 0.09299999 0.092 0.092 0.098 0.098 0.098 0.098 0.098 0.0985 0.0985 0.106 0.106 0.106 0.107 0.107 0.109 0.109 0.109 0.109 0.109 0.1075 0.1075 0.1155 0.1155 0.1 0.1 0.1 0.099
0.102 0.102 0.1 0.1 0.09649999 0.09649999 0.1005 0.1005 0.1005 0.1035 0.1035 0.104 0.104 0.106 0.106 0.107 0.107 0.107 0.1045 0.1045 0.104 0.104 0.103 0.103 0.103 0.103 0.103 0.1015 0.1015 0.1005 0.1005 0.1005 0.09299999 0.09299999 0.095 0.095 0.0955 0.0955 0.0955 0.09649999 0.09649999 0.0915 0.0915 0.095 0.095 0.095 0.0975 0.0975 0.0975 0.0975 0.108 0.108 0.11 0.11 0.11 0.105 0.105 0.1045 0.1045 0.1065 0.1065 0.1065 0.112 0.112 0.1105 0.1105 0.1095 0.1095 0.1095 0.107 0.107 0.1045 0.1045 0.105 0.105 0.105 0.109
0.102 0.102 0.1 0.1 0.09649999 0.09649999 0.1005 0.1005 0.1005 0.1035 0.1035 0.104 0.104 0.106 0.106 0.107 0.107 0.107 0.1045 0.1045 0.104 0.104 0.103 0.103 0.103 0.103 0.103 0.1015 0.1015 0.1005 0.1005 0.1005 0.09299999 0.09299999 0.095 0.095 0.0955 0.0955 0.0955 0.09649999 0.09649999 0.0915 0.0915 0.095 0.095 0.095 0.0975 0.0975 0.0975 0.0975 0.108 0.108 0.11 0.11 0.11 0.105 0.105 0.1045 0.1045 0.1065 0.1065 0.1065 0.112 0.112 0.1105 0.1105 0.1095 0.1095 0.1095 0.107 0.107 0.1045 0.1045 0.105 0.105 0.105 0.109
0.102 0.102 0.1 0.1 0.09649999 0.09649999 0.1005 0.1005 0.1005 0.1035 0.1035 0.104 0.104 0.106 0.106 0.107 0.107 0.107 0.1045 0.1045 0.104 0.104 0.103 0.103 0.103 0.103 0.103 0.1015 0.1015 0.1005 0.1005 0.1005 0.09299999 0.09299999 0.095 0.095 0.0955 0.0955 0.0955 0.09649999 0.09649999 0.0915 0.0915 0.095 0.095 0.095 0.0975 0.0975 0.0975 0.0975 0.108 0.108 0.11 0.11 0.11 0.105 0.105 0.1045 0.1045 0.1065 0.1065 0.1065 0.112 0.112 0.1105 0.1105 0.1095 0.1095 0.1095 0.107 0.107 0.1045 0.1045 0.105 0.105 0.105 0.109
0.1045 0.1045 0.1 0.1 0.1 0.1 0.102 0.102 0.102 0.105 0.105 0.107 0.107 0.1105 0.1105 0.108 0.108 0.108 0.107 0.107 0.1005 0.1005 0.1 0.1 0.1 0.1005 0.1005 0.104 0.104 0.097 0.097 0.097 0.0955 0.0955 0.09450001 0.09450001 0.097 0.097 0.097 0.0995 0.0995 0.0915 0.0915 0.099 0.099 0.099 0.1035 0.1035 0.1085 0.1085 0.1085 0.1085 0.11 0.11 0.11 0.11 0.11 0.1125 0.1125 0.113 0.113 0.113 0.1095 0.1095 0.109 0.109 0.1095 0.1095 0.1095 0.1115 0.1115 0.109 0.109 0.1115 0.1115 0.1115 0.105
0.1045 0.1045 0.1 0.1 0.1 0.1 0.102 0.102 0.102 0.105 0.105 0.107 0.107 0.1105 0.1105 0.108 0.108 0.108 0.107 0.107 0.1005 0.1005 0.1 0.1 0.1 0.1005 0.1005 0.104 0.104 0.097 0.097 0.097 0.0955 0.0955 0.09450001 0.09450001 0.097 0.097 0.097 0.0995 0.0995 0.0915 0.0915 0.099 0.099 0.099 0.1035 0.1035 0.1085 0.1085 0.1085 0.1085 0.11 0.11 0.11 0.11 0.11 0.1125 0.1125 0.113 0.113 0.113 0.1095 0.1095 0.109 0.109 0.1095 0.1095 0.1095 0.1115 0.1115 0.109 0.109 0.1115 0.1115 0.1115 0.105
0.101 0.101 0.103 0.103 0.1 0.1 0.1025 0.1025 0.1025 0.1065 0.1065 0.108 0.108 0.109 0.109 0.106 0.106 0.106 0.1085 0.1085 0.105 0.105 0.102 0.102 0.102 0.1025 0.1025 0.094 0.094 0.0995 0.0995 0.0995 0.1025 0.1025 0.11 0.11 0.102 0.102 0.102 0.09999999 0.09999999 0.0955 0.0955 0.108 0.108 0.108 0.1135 0.1135 0.114 0.114 0.109 0.109 0.1135 0.1135 0.1135 0.114 0.114 0.114 0.114 0.114 0.114 0.114 0.1115 0.1115 0.1115 0.1115 0.1135 0.1135 0.1135 0.114 0.114 0.1155 0.1155 0.111 0.111 0.111 0.1165
0.101 0.101 0.103 0.103 0.1 0.1 0.1025 0.1025 0.1025 0.1065 0.1065 0.108 0.108 0.109 0.109 0.106 0.106 0.106 0.1085 0.1085 0.105 0.105 0.102 0.102 0.102 0.1025 0.1025 0.094 0.094 0.0995 0.0995 0.0995 0.1025 0.1025 0.11 0.11 0.102 0.102 0.102 0.09999999 0.09999999 0.0955 0.0955 0.108 0.108 0.108 0.1135 0.1135 0.114 0.114 0.109 0.109 0.1135 0.1135 0.1135 0.114 0.114 0.114 0.114 0.114 0.114 0.114 0.1115 0.1115 0.1115 0.1115 0.1135 0.1135 0.1135 0.114 0.114 0.1155 0.1155 0.111 0.111 0.111 0.1165
0.104 0.104 0.107 0.107 0.1005 0.1005 0.1135 0.1135 0.1135 0.105 0.105 0.105 0.105 0.106 0.106 0.109 0.109 0.109 0.107 0.107 0.1055 0.1055 0.102 0.102 0.102 0.108 0.108 0.111 0.111 0.1085 0.1085 0.1085 0.113 0.113 0.1075 0.1075 0.1065 0.1065 0.1065 0.106 0.106 0.105 0.105 0.1145 0.1145 0.1145 0.116 0.116 0.116 0.116 0.11 0.11 0.1145 0.1145 0.1145 0.117 0.117 0.1165 0.1165 0.115 0.115 0.115 0.1165 0.1165 0.115 0.115 0.1105 0.1105 0.1105 0.112 0.112 0.114 0.114 0.113 0.113 0.113 0.1145
0.104 0.104 0.107 0.107 0.1005 0.1005 0.1135 0.1135 0.1135 0.105 0.105 0.105 0.105 0.106 0.106 0.109 0.109 0.109 0.107 0.107 0.1055 0.1055 0.102 0.102 0.102 0.108 0.108 0.111 0.111 0.1085 0.1085 0.1085 0.113 0.113 0.1075 0.1075 0.1065 0.1065 0.1065 0.106 0.106 0.105 0.105 0.1145 0.1145 0.1145 0.116 0.116 0.116 0.116 0.11 0.11 0.1145 0.1145 0.1145 0.117 0.117 0.1165 0.1165 0.115 0.115 0.115 0.1165 0.1165 0.115 0.115 0.1105 0.1105 0.1105 0.112 0.112 0.114 0.114 0.113 0.113 0.113 0.1145
0.104 0.104 0.107 0.107 0.1115 0.1115 0.1095 0.1095 0.1095 0.1095 0.1095 0.1095 0.1095 0.1105 0.1105 0.1075 0.1075 0.1075 0.11 0.11 0.11 0.11 0.1105 0.1105 0.1105 0.1125 0.1125 0.1105 0.1105 0.115 0.115 0.115 0.1155 0.1155 0.117 0.117 0.1135 0.1135 0.1135 0.113 0.113 0.116 0.116 0.1165 0.1165 0.1165 0.114 0.114 0.1145 0.1145 0.115 0.115 0.12 0.12 0.12 0.1155 0.1155 0.1205 0.1205 0.1215 0.1215 0.1215 0.1225 0.1225 0.1195 0.1195 0.115 0.115 0.115 0.116 0.116 0.115 0.115 0.118 0.118 0.118 0.115
0.104 0.104 0.107 0.107 0.1115 0.1115 0.1095 0.1095 0.1095 0.1095 0.1095 0.1095 0.1095 0.1105 0.1105 0.1075 0.1075 0.1075 0.11 0.11 0.11 0.11 0.1105 0.1105 0.1105 0.1125 0.1125 0.1105 0.1105 0.115 0.115 0.115 0.1155 0.1155 0.117 0.117 0.1135 0.1135 0.1135 0.113 0.113 0.116 0.116 0.1165 0.1165 0.1165 0.114 0.114 0.1145 0.1145 0.115 0.115 0.12 0.12 0.12 0.1155 0.1155 0.1205 0.1205 0.1215 0.1215 0.1215 0.1225 0.1225 0.1195 0.1195 0.115 0.115 0.115 0.116 0.116 0.115 0.115 0.118 0.118 0.118 0.115
0.104 0.104 0.107 0.107 0.1115 0.1115 0.1095 0.1095 0.1095 0.1095 0.1095 0.1095 0.1095 0.1105 0.1105 0.1075 0.1075 0.1075 0.11 0.11 0.11 0.11 0.1105 0.1105 0.1105 0.1125 0.1125 0.1105 0.1105 0.115 0.115 0.115 0.1155 0.1155 0.117 0.117 0.1135 0.1135 0.1135 0.113 0.113 0.116 0.116 0.1165 0.1165 0.1165 0.114 0.114 0.1145 0.1145 0.115 0.115 0.12 0.12 0.12 0.1155 0.1155 0.1205 0.1205 0.1215 0.1215 0.1215 0.1225 0.1225 0.1195 0.1195 0.115 0.115 0.115 0.116 0.116 0.115 0.115 0.118 0.118 0.118 0.115
0.111 0.111 0.109 0.109 0.109 0.109 0.1115 0.1115 0.1115 0.1095 0.1095 0.1115 0.1115 0.114 0.114 0.114 0.114 0.114 0.1135 0.1135 0.112 0.112 0.113 0.113 0.113 0.1165 0.1165 0.115 0.115 0.113 0.113 0.113 0.115 0.115 0.115 0.115 0.1115 0.1115 0.1115 0.1145 0.1145 0.114 0.114 0.1145 0.1145 0.1145 0.119 0.119 0.1195 0.1195 0.1175 0.1175 0.118 0.118 0.118 0.1205 0.1205 0.1255 0.1255 0.124 0.124 0.124 0.123 0.123 0.1175 0.1175 0.115 0.115 0.115 0.1145 0.1145 0.1175 0.1175 0.118 0.118 0.118 0.1155
0.111 0.111 0.109 0.109 0.109 0.109 0.1115 0.1115 0.1115 0.1095 0.1095 0.1115 0.1115 0.114 0.114 0.114 0.114 0.114 0.1135 0.1135 0.112 0.112 0.113 0.113 0.113 0.1165 0.1165 0.115 0.115 0.113 0.113 0.113 0.115 0.115 0.115 0.115 0.1115 0.1115 0.1115 0.1145 0.1145 0.114 0.114 0.1145 0.1145 0.1145 0.119 0.119 0.1195 0.1195 0.1175 0.1175 0.118 0.118 0.118 0.1205 0.1205 0.1255 0.1255 0.124 0.124 0.124 0.123 0.123 0.1175 0.1175 0.115 0.115 0.115 0.1145 0.1145 0.1175 0.1175 0.118 0.118 0.118 0.1155
0.111 0.111 0.1125 0.1125 0.113 0.113 0.1115 0.1115 0.1115 0.114 0.114 0.114 0.114 0.117 0.117 0.113 0.113 0.113 0.114 0.114 0.114 0.114 0.1125 0.1125 0.1125 0.113 0.113 0.1145 0.1145 0.116 0.116 0.116 0.1115 0.1115 0.1135 0.1135 0.116 0.116 0.116 0.1175 0.1175 0.1175 0.1175 0.115 0.115 0.115 0.118 0.118 0.1205 0.1205 0.117 0.117 0.1225 0.1225 0.1225 0.1215 0.1215 0.123 0.123 0.1255 0.1255 0.1255 0.129 0.129 0.12 0.12 0.117 0.117 0.117 0.1165 0.1165 0.115 0.115 0.117 0.117 0.117 0.1125
0.111 0.111 0.1125 0.1125 0.113 0.113 0.1115 0.1115 0.1115 0.114 0.114 0.114 0.114 0.117 0.117 0.113 0.113 0.113 0.114 0.114 0.114 0.114 0.1125 0.1125 0.1125 0.113 0.113 0.1145 0.1145 0.116 0.116 0.116 0.1115 0.1115 0.1135 0.1135 0.116 0.116 0.116 0.1175 0.1175 0.1175 0.1175 0.115 0.115 0.115 0.118 0.118 0.1205 0.1205 0.117 0.117 0.1225 0.1225 0.1225 0.1215 0.1215 0.123 0.123 0.1255 0.1255 0.1255 0.129 0.129 0.12 0.12 0.117 0.117 0.117 0.1165 0.1165 0.115 0.115 0.117 0.117 0.117 0.1125
0.112 0.112 0.1155 0.1155 0.1145 0.1145 0.1135 0.1135 0.1135 0.1135 0.1135 0.1125 0.1125 0.119 0.119 0.1135 0.1135 0.1135 0.1115 0.1115 0.1125 0.1125 0.1115 0.1115 0.1115 0.112 0.112 0.1175 0.1175 0.12 0.12 0.12 0.119 0.119 0.1185 0.1185 0.1155 0.1155 0.1155 0.1165 0.1165 0.1115 0.1115 0.1185 0.1185 0.1185 0.1205 0.1205 0.1155 0.1155 0.12 0.12 0.1195 0.1195 0.1195 0.1125 0.1125 0.123 0.123 0.128 0.128 0.128 0.1255 0.1255 0.1205 0.1205 0.123 0.123 0.123 0.1285 0.1285 0.1205 0.1205 0.112 0.112 0.112 0.109
0.112 0.112 0.1155 0.1155 0.1145 0.1145 0.1135 0.1135 0.1135 0.1135 0.1135 0.1125 0.1125 0.119 0.119 0.1135 0.1135 0.1135 0.1115 0.1115 0.1125 0.1125 0.1115 0.1115 0.1115 0.112 0.112 0.1175 0.1175 0.12 0.12 0.12 0.119 0.119 0.1185 0.1185 0.1155 0.1155 0.1155 0.1165 0.1165 0.1115 0.1115 0.1185 0.1185 0.1185 0.1205 0.1205 0.1155 0.1155 0.12 0.12 0.1195 0.1195 0.1195 0.1125 0.1125 0.123 0.123 0.128 0.128 0.128 0.1255 0.1255 0.1205 0.1205 0.123 0.123 0.123 0.1285 0.1285 0.1205 0.1205 0.112 0.112 0.112 0.109
0.112 0.112 0.1155 0.1155 0.1145 0.1145 0.1135 0.1135 0.1135 0.1135 0.1135 0.1125 0.1125 0.119 0.119 0.1135 0.1135 0.1135 0.1115 0.1115 0.1125 0.1125 0.1115 0.1115 0.1115 0.112 0.112 0.1175 0.1175 0.12 0.12 0.12 0.119 0.119 0.1185 0.1185 0.1155 0.1155 0.1155 0.1165 0.1165 0.1115 0.1115 0.1185 0.1185 0.1185 0.1205 0.1205 0.1155 0.1155 0.12 0.12 0.1195 0.1195 0.1195 0.1125 0.1125 0.123 0.123 0.128 0.128 0.128 0.1255 0.1255 0.1205 0.1205 0.123 0.123 0.123 0.1285 0.1285 0.1205 0.1205 0.112 0.112 0.112 0.109
0.1135 0.1135 0.116 0.116 0.112 0.112 0.1125 0.1125 0.1125 0.115 0.115 0.1155 0.1155 0.12 0.12 0.117 0.117 0.117 0.1145 0.1145 0.1145 0.1145 0.1155 0.1155 0.1155 0.1185 0.1185 0.1235 0.1235 0.132 0.132 0.132 0.1285 0.1285 0.127 0.127 0.1215 0.1215 0.1215 0.116 0.116 0.122 0.122 0.129 0.129 0.129 0.1245 0.1245 0.1215 0.1215 0.1225 0.1225 0.121 0.121 0.121 0.118 0.118 0.127 0.127 0.1345 0.1345 0.1345 0.14 0.14 0.128 0.128 0.127 0.127 0.127 0.1285 0.1285 0.1255 0.1255 0.1215 0.1215 0.1215 0.116
0.1135 0.1135 0.116 0.116 0.112 0.112 0.1125 0.1125 0.1125 0.115 0.115 0.1155 0.1155 0.12 0.12 0.117 0.117 0.117 0.1145 0.1145 0.1145 0.1145 0.1155 0.1155 0.1155 0.1185 0.1185 0.1235 0.1235 0.132 0.132 0.132 0.1285 0.1285 0.127 0.127 0.1215 0.1215 0.1215 0.116 0.116 0.122 0.122 0.129 0.129 0.129 0.1245 0.1245 0.1215 0.1215 0.1225 0.1225 0.121 0.121 0.121 0.118 0.118 0.127 0.127 0.1345 0.1345 0.1345 0.14 0.14 0.128 0.128 0.127 0.127 0.127 0.1285 0.1285 0.1255 0.1255 0.1215 0.1215 0.1215 0.116
0.1085 0.1085 0.115 0.115 0.1165 0.1165 0.121 0.121 0.121 0.1315 0.1315 0.1315 0.1315 0.132 0.132 0.1325 0.1325 0.1325 0.1255 0.1255 0.1285 0.1285 0.125 0.125 0.125 0.125 0.125 0.1255 0.1255 0.135 0.135 0.135 0.129 0.129 0.129 0.129 0.122 0.122 0.122 0.1185 0.1185 0.126 0.126 0.1265 0.1265 0.1265 0.1255 0.1255 0.129 0.129 0.122 0.122 0.113 0.113 0.113 0.1225 0.1225 0.1205 0.1205 0.1345 0.1345 0.1345 0.138 0.138 0.133 0.133 0.1285 0.1285 0.1285 0.125 0.125 0.1195 0.1195 0.122 0.122 0.122 0.1155
0.1085 0.1085 0.115 0.115 0.1165 0.1165 0.121 0.121 0.121 0.1315 0.1315 0.1315 0.1315 0.132 0.132 0.1325 0.1325 0.1325 0.1255 0.1255 0.1285 0.1285 0.125 0.125 0.125 0.125 0.125 0.1255 0.1255 0.135 0.135 0.135 0.129 0.129 0.129 0.129 0.122 0.122 0.122 0.1185 0.1185 0.126 0.126 0.1265 0.1265 0.1265 0.1255 0.1255 0.129 0.129 0.122 0.122 0.113 0.113 0.113 0.1225 0.1225 0.1205 0.1205 0.1345 0.1345 0.1345 0.138 0.138 0.133 0.133 0.1285 0.1285 0.1285 0.125 0.125 0.1195 0.1195 0.122 0.122 0.122 0.1155
0.121 0.121 0.12 0.12 0.125 0.125 0.1425 0.1425 0.1425 0.146 0.146 0.1485 0.1485 0.14 0.14 0.139 0.139 0.139 0.126 0.126 0.1315 0.1315 0.126 0.126 0.126 0.1275 0.1275 0.1255 0.1255 0.126 0.126 0.126 0.124 0.124 0.124 0.124 0.122 0.122 0.122 0.1225 0.1225 0.1265 0.1265 0.128 0.128 0.128 0.126 0.126 0.1265 0.1265 0.13 0.13 0.127 0.127 0.127 0.1195 0.1195 0.124 0.124 0.1375 0.1375 0.1375 0.1395 0.1395 0.146 0.146 0.134 0.134 0.134 0.1245 0.1245 0.116 0.116 0.1215 0.1215 0.1215 0.1195
0.121 0.121 0.12 0.12 0.125 0.125 0.1425 0.1425 0.1425 0.146 0.146 0.1485 0.1485 0.14 0.14 0.139 0.139 0.139 0.126 0.126 0.1315 0.1315 0.126 0.126 0.126 0.1275 0.1275 0.1255 0.1255 0.126 0.126 0.126 0.124 0.124 0.124 0.124 0.122 0.122 0.122 0.1225 0.1225 0.1265 0.1265 0.128 0.128 0.128 0.126 0.126 0.1265 0.1265 0.13 0.13 0.127 0.127 0.127 0.1195 0.1195 0.124 0.124 0.1375 0.1375 0.1375 0.1395 0.1395 0.146 0.146 0.134 0.134 0.134 0.1245 0.1245 0.116 0.116 0.1215 0.1215 0.1215 0.1195
0.121 0.121 0.12 0.12 0.125 0.125 0.1425 0.1425 0.1425 0.146 0.146 0.1485 0.1485 0.14 0.14 0.139 0.139 0.139 0.126 0.126 0.1315 0.1315 0.126 0.126 0.126 0.1275 0.1275 0.1255 0.1255 0.126 0.126 0.126 0.124 0.124 0.124 0.124 0.122 0.122 0.122 0.1225 0.1225 0.1265 0.1265 0.128 0.128 0.128 0.126 0.126 0.1265 0.1265 0.13 0.13 0.127 0.127 0.127 0.1195 0.1195 0.124 0.124 0.1375 0.1375 0.1375 0.1395 0.1395 0.146 0.146 0.134 0.134 0.134 0.1245 0.1245 0.116 0.116 0.1215 0.1215 0.1215 0.1195
0.124 0.124 0.128 0.128 0.133 0.133 0.145 0.145 0.145 0.148 0.148 0.1495 0.1495 0.1495 0.1495 0.163 0.163 0.163 0.1435 0.1435 0.1295 0.1295 0.1265 0.1265 0.1265 0.1275 0.1275 0.1285 0.1285 0.131 0.131 0.131 0.1295 0.1295 0.1355 0.1355 0.132 0.132 0.132 0.127 0.127 0.129 0.129 0.13 0.13 0.13 0.129 0.129 0.1275 0.1275 0.1355 0.1355 0.128 0.128 0.128 0.1265 0.1265 0.129 0.129 0.14 0.14 0.14 0.1395 0.1395 0.143 0.143 0.1405 0.1405 0.1405 0.128 0.128 0.121 0.121 0.127 0.127 0.127 0.1195
0.124 0.124 0.128 0.128 0.133 0.133 0.145 0.145 0.145 0.148 0.148 0.1495 0.1495 0.1495 0.1495 0.163 0.163 0.163 0.1435 0.1435 0.1295 0.1295 0.1265 0.1265 0.1265 0.1275 0.1275 0.1285 0.1285 0.131 0.131 0.131 0.1295 0.1295 0.1355 0.1355 0.132 0.132 0.132 0.127 0.127 0.129 0.129 0.13 0.13 0.13 0.129 0.129 0.1275 0.1275 0.1355 0.1355 0.128 0.128 0.128 0.1265 0.1265 0.129 0.129 0.14 0.14 0.14 0.1395 0.1395 0.143 0.143 0.1405 0.1405 0.1405 0.128 0.128 0.121 0.121 0.127 0.127 0.127 0.1195
0.14 0.14 0.138 0.138 0.1325 0.1325 0.135 0.135 0.135 0.1475 0.1475 0.154 0.154 0.1595 0.1595 0.1695 0.1695 0.1695 0.1595 0.1595 0.143 0.143 0.1365 0.1365 0.1365 0.1345 0.1345 0.134 0.134 0.134 0.134 0.134 0.1375 0.1375 0.1355 0.1355 0.1345 0.1345 0.1345 0.1375 0.1375 0.129 0.129 0.131 0.131 0.131 0.134 0.134 0.138 0.138 0.145 0.145 0.143 0.143 0.143 0.1435 0.1435 0.141 0.141 0.1465 0.1465 0.1465 0.1425 0.1425 0.1475 0.1475 0.133 0.133 0.133 0.1255 0.1255 0.1215 0.1215 0.1215 0.1215 0.1215 0.1305
0.14 0.14 0.138 0.138 0.1325 0.1325 0.135 0.135 0.135 0.1475 0.1475 0.154 0.154 0.1595 0.1595 0.1695 0.1695 0.1695 0.1595 0.1595 0.143 0.143 0.1365 0.1365 0.1365 0.1345 0.1345 0.134 0.134 0.134 0.134 0.134 0.1375 0.1375 0.1355 0.1355 0.1345 0.1345 0.1345 0.1375 0.1375 0.129 0.129 0.131 0.131 0.131 0.134 0.134 0.138 0.138 0.145 0.145 0.143 0.143 0.143 0.1435 0.1435 0.141 0.141 0.1465 0.1465 0.1465 0.1425 0.1425 0.1475 0.1475 0.133 0.133 0.133 0.1255 0.1255 0.1215 0.1215 0.1215 0.1215 0.1215 0.1305
0.15 0.15 0.1445 0.1445 0.1315 0.1315 0.126 0.126 0.126 0.132 0.132 0.1415 0.1415 0.1605 0.1605 0.161 0.161 0.161 0.154 0.154 0.1555 0.1555 0.1575 0.1575 0.1575 0.152 0.152 0.144 0.144 0.141 0.141 0.141 0.1385 0.1385 0.1425 0.1425 0.138 0.138 0.138 0.136 0.136 0.134 0.134 0.1585 0.1585 0.1585 0.1565 0.1565 0.1505 0.1505 0.15 0.15 0.144 0.144 0.144 0.1445 0.1445 0.141 0.141 0.138 0.138 0.138 0.143 0.143 0.1485 0.1485 0.1505 0.1505 0.1505 0.139 0.139 0.137 0.137 0.1305 0.1305 0.1305 0.132
0.15 0.15 0.1445 0.1445 0.1315 0.1315 0.126 0.126 0.126 0.132 0.132 0.1415 0.1415 0.1605 0.1605 0.161 0.161 0.161 0.154 0.154 0.1555 0.1555 0.1575 0.1575 0.1575 0.152 0.152 0.144 0.144 0.141 0.141 0.141 0.1385 0.1385 0.1425 0.1425 0.138 0.138 0.138 0.136 0.136 0.134 0.134 0.1585 0.1585 0.1585 0.1565 0.1565 0.1505 0.1505 0.15 0.15 0.144 0.144 0.144 0.1445 0.1445 0.141 0.141 0.138 0.138 0.138 0.143 0.143 0.1485 0.1485 0.1505 0.1505 0.1505 0.139 0.139 0.137 0.137 0.1305 0.1305 0.1305 0.132
