ndvi/NOAA-58.asc
ncols         252
nrows         154
xllcorner     -18.017974
yllcorner     13.481982
cellsize      0.035948
NODATA_value  -9999
[rows 68 to 101 of 154, columns 78 to 155 of 252]
0.253 0.212 0.212 0.233 0.233 0.3655 0.3655 0.3655 0.3375 0.3375 0.251 0.251 0.23 0.23 0.212 0.212 0.212 0.21 0.21 0.1975 0.1975 0.2515 0.2515 0.2515 0.3245 0.3245 0.239 0.239 0.2315 0.2315 0.2315 0.2205 0.2205 0.238 0.238 0.2275 0.2275 0.2275 0.24 0.24 0.243 0.243 0.2065 0.2065 0.2065 0.161 0.161 0.191 0.191 0.1765 0.1765 0.204 0.204 0.204 0.303 0.303 0.223 0.223 0.3075 0.3075 0.3075 0.2895 0.2895 0.2855 0.2855 0.2775 0.2775 0.2775 0.2655 0.2655 0.1995 0.1995 0.1645 0.1645 0.1645 0.1755 0.1755 0.165
0.3165 0.3115 0.3115 0.27 0.27 0.302 0.302 0.302 0.319 0.319 0.3295 0.3295 0.3475 0.3475 0.3005 0.3005 0.3005 0.2955 0.2955 0.2175 0.2175 0.174 0.174 0.174 0.216 0.216 0.232 0.232 0.278 0.278 0.278 0.2865 0.2865 0.2585 0.2585 0.252 0.252 0.252 0.286 0.286 0.2515 0.2515 0.173 0.173 0.173 0.168 0.168 0.16 0.16 0.187 0.187 0.203 0.203 0.203 0.213 0.213 0.2695 0.2695 0.285 0.285 0.285 0.29 0.29 0.2685 0.2685 0.267 0.267 0.267 0.2605 0.2605 0.271 0.271 0.247 0.247 0.247 0.196 0.196 0.19
0.3165 0.3115 0.3115 0.27 0.27 0.302 0.302 0.302 0.319 0.319 0.3295 0.3295 0.3475 0.3475 0.3005 0.3005 0.3005 0.2955 0.2955 0.2175 0.2175 0.174 0.174 0.174 0.216 0.216 0.232 0.232 0.278 0.278 0.278 0.2865 0.2865 0.2585 0.2585 0.252 0.252 0.252 0.286 0.286 0.2515 0.2515 0.173 0.173 0.173 0.168 0.168 0.16 0.16 0.187 0.187 0.203 0.203 0.203 0.213 0.213 0.2695 0.2695 0.285 0.285 0.285 0.29 0.29 0.2685 0.2685 0.267 0.267 0.267 0.2605 0.2605 0.271 0.271 0.247 0.247 0.247 0.196 0.196 0.19
0.302 0.297 0.297 0.2845 0.2845 0.3055 0.3055 0.3055 0.2975 0.2975 0.291 0.291 0.292 0.292 0.305 0.305 0.305 0.3345 0.3345 0.2965 0.2965 0.241 0.241 0.241 0.2095 0.2095 0.2325 0.2325 0.29 0.29 0.29 0.251 0.251 0.2615 0.2615 0.252 0.252 0.252 0.2805 0.2805 0.282 0.282 0.272 0.272 0.272 0.2995 0.2995 0.1765 0.1765 0.182 0.182 0.212 0.212 0.212 0.2275 0.2275 0.2405 0.2405 0.2685 0.2685 0.2685 0.2975 0.2975 0.2655 0.2655 0.2485 0.2485 0.2485 0.211 0.211 0.247 0.247 0.239 0.239 0.239 0.186 0.186 0.243
0.302 0.297 0.297 0.2845 0.2845 0.3055 0.3055 0.3055 0.2975 0.2975 0.291 0.291 0.292 0.292 0.305 0.305 0.305 0.3345 0.3345 0.2965 0.2965 0.241 0.241 0.241 0.2095 0.2095 0.2325 0.2325 0.29 0.29 0.29 0.251 0.251 0.2615 0.2615 0.252 0.252 0.252 0.2805 0.2805 0.282 0.282 0.272 0.272 0.272 0.2995 0.2995 0.1765 0.1765 0.182 0.182 0.212 0.212 0.212 0.2275 0.2275 0.2405 0.2405 0.2685 0.2685 0.2685 0.2975 0.2975 0.2655 0.2655 0.2485 0.2485 0.2485 0.211 0.211 0.247 0.247 0.239 0.239 0.239 0.186 0.186 0.243
0.302 0.297 0.297 0.2845 0.2845 0.3055 0.3055 0.3055 0.2975 0.2975 0.291 0.291 0.292 0.292 0.305 0.305 0.305 0.3345 0.3345 0.2965 0.2965 0.241 0.241 0.241 0.2095 0.2095 0.2325 0.2325 0.29 0.29 0.29 0.251 0.251 0.2615 0.2615 0.252 0.252 0.252 0.2805 0.2805 0.282 0.282 0.272 0.272 0.272 0.2995 0.2995 0.1765 0.1765 0.182 0.182 0.212 0.212 0.212 0.2275 0.2275 0.2405 0.2405 0.2685 0.2685 0.2685 0.2975 0.2975 0.2655 0.2655 0.2485 0.2485 0.2485 0.211 0.211 0.247 0.247 0.239 0.239 0.239 0.186 0.186 0.243
0.2875 0.2785 0.2785 0.314 0.314 0.307 0.307 0.307 0.314 0.314 0.3435 0.3435 0.3275 0.3275 0.323 0.323 0.323 0.341 0.341 0.2855 0.2855 0.303 0.303 0.303 0.3375 0.3375 0.3195 0.3195 0.245 0.245 0.245 0.23 0.23 0.249 0.249 0.2595 0.2595 0.2595 0.255 0.255 0.2395 0.2395 0.216 0.216 0.216 0.227 0.227 0.283 0.283 0.2495 0.2495 0.279 0.279 0.279 0.3055 0.3055 0.3245 0.3245 0.309 0.309 0.309 0.3 0.3 0.2925 0.2925 0.2475 0.2475 0.2475 0.279 0.279 0.2595 0.2595 0.23 0.23 0.23 0.19 0.19 0.2275
0.2875 0.2785 0.2785 0.314 0.314 0.307 0.307 0.307 0.314 0.314 0.3435 0.3435 0.3275 0.3275 0.323 0.323 0.323 0.341 0.341 0.2855 0.2855 0.303 0.303 0.303 0.3375 0.3375 0.3195 0.3195 0.245 0.245 0.245 0.23 0.23 0.249 0.249 0.2595 0.2595 0.2595 0.255 0.255 0.2395 0.2395 0.216 0.216 0.216 0.227 0.227 0.283 0.283 0.2495 0.2495 0.279 0.279 0.279 0.3055 0.3055 0.3245 0.3245 0.309 0.309 0.309 0.3 0.3 0.2925 0.2925 0.2475 0.2475 0.2475 0.279 0.279 0.2595 0.2595 0.23 0.23 0.23 0.19 0.19 0.2275
0.345 0.3275 0.3275 0.3605 0.3605 0.34 0.34 0.34 0.327 0.327 0.345 0.345 0.316 0.316 0.3025 0.3025 0.3025 0.3085 0.3085 0.307 0.307 0.323 0.323 0.323 0.3195 0.3195 0.312 0.312 0.296 0.296 0.296 0.244 0.244 0.2425 0.2425 0.2745 0.2745 0.2745 0.277 0.277 0.2365 0.2365 0.2425 0.2425 0.2425 0.313 0.313 0.3175 0.3175 0.289 0.289 0.294 0.294 0.294 0.312 0.312 0.324 0.324 0.2935 0.2935 0.2935 0.283 0.283 0.232 0.232 0.223 0.223 0.223 0.222 0.222 0.195 0.195 0.109 0.109 0.109 0.1925 0.1925 0.2175
0.345 0.3275 0.3275 0.3605 0.3605 0.34 0.34 0.34 0.327 0.327 0.345 0.345 0.316 0.316 0.3025 0.3025 0.3025 0.3085 0.3085 0.307 0.307 0.323 0.323 0.323 0.3195 0.3195 0.312 0.312 0.296 0.296 0.296 0.244 0.244 0.2425 0.2425 0.2745 0.2745 0.2745 0.277 0.277 0.2365 0.2365 0.2425 0.2425 0.2425 0.313 0.313 0.3175 0.3175 0.289 0.289 0.294 0.294 0.294 0.312 0.312 0.324 0.324 0.2935 0.2935 0.2935 0.283 0.283 0.232 0.232 0.223 0.223 0.223 0.222 0.222 0.195 0.195 0.109 0.109 0.109 0.1925 0.1925 0.2175
0.357 0.341 0.341 0.35 0.35 0.372 0.372 0.372 0.3625 0.3625 0.3405 0.3405 0.338 0.338 0.3235 0.3235 0.3235 0.3305 0.3305 0.2895 0.2895 0.304 0.304 0.304 0.3105 0.3105 0.312 0.312 0.329 0.329 0.329 0.2695 0.2695 0.268 0.268 0.2275 0.2275 0.2275 0.24 0.24 0.215 0.215 0.231 0.231 0.231 0.335 0.335 0.284 0.284 0.25 0.25 0.24 0.24 0.24 0.261 0.261 0.2325 0.2325 0.2205 0.2205 0.2205 0.3435 0.3435 0.2655 0.2655 0.2245 0.2245 0.2245 0.1995 0.1995 0.2081 0.2081 0.1325 0.1325 0.1325 0.166 0.166 0.203
0.357 0.341 0.341 0.35 0.35 0.372 0.372 0.372 0.3625 0.3625 0.3405 0.3405 0.338 0.338 0.3235 0.3235 0.3235 0.3305 0.3305 0.2895 0.2895 0.304 0.304 0.304 0.3105 0.3105 0.312 0.312 0.329 0.329 0.329 0.2695 0.2695 0.268 0.268 0.2275 0.2275 0.2275 0.24 0.24 0.215 0.215 0.231 0.231 0.231 0.335 0.335 0.284 0.284 0.25 0.25 0.24 0.24 0.24 0.261 0.261 0.2325 0.2325 0.2205 0.2205 0.2205 0.3435 0.3435 0.2655 0.2655 0.2245 0.2245 0.2245 0.1995 0.1995 0.2081 0.2081 0.1325 0.1325 0.1325 0.166 0.166 0.203
0.373 0.369 0.369 0.327 0.327 0.3565 0.3565 0.3565 0.3705 0.3705 0.3575 0.3575 0.3085 0.3085 0.2905 0.2905 0.2905 0.303 0.303 0.3235 0.3235 0.3165 0.3165 0.3165 0.294 0.294 0.291 0.291 0.316 0.316 0.316 0.342 0.342 0.356 0.356 0.317 0.317 0.317 0.2465 0.2465 0.2255 0.2255 0.224 0.224 0.224 0.241 0.241 0.2645 0.2645 0.267 0.267 0.2275 0.2275 0.2275 0.229 0.229 0.225 0.225 0.2335 0.2335 0.2335 0.2355 0.2355 0.2205 0.2205 0.215 0.215 0.215 0.161 0.161 0.157 0.157 0.1545 0.1545 0.1545 0.183 0.183 0.181
0.373 0.369 0.369 0.327 0.327 0.3565 0.3565 0.3565 0.3705 0.3705 0.3575 0.3575 0.3085 0.3085 0.2905 0.2905 0.2905 0.303 0.303 0.3235 0.3235 0.3165 0.3165 0.3165 0.294 0.294 0.291 0.291 0.316 0.316 0.316 0.342 0.342 0.356 0.356 0.317 0.317 0.317 0.2465 0.2465 0.2255 0.2255 0.224 0.224 0.224 0.241 0.241 0.2645 0.2645 0.267 0.267 0.2275 0.2275 0.2275 0.229 0.229 0.225 0.225 0.2335 0.2335 0.2335 0.2355 0.2355 0.2205 0.2205 0.215 0.215 0.215 0.161 0.161 0.157 0.157 0.1545 0.1545 0.1545 0.183 0.183 0.181
0.373 0.369 0.369 0.327 0.327 0.3565 0.3565 0.3565 0.3705 0.3705 0.3575 0.3575 0.3085 0.3085 0.2905 0.2905 0.2905 0.303 0.303 0.3235 0.3235 0.3165 0.3165 0.3165 0.294 0.294 0.291 0.291 0.316 0.316 0.316 0.342 0.342 0.356 0.356 0.317 0.317 0.317 0.2465 0.2465 0.2255 0.2255 0.224 0.224 0.224 0.241 0.241 0.2645 0.2645 0.267 0.267 0.2275 0.2275 0.2275 0.229 0.229 0.225 0.225 0.2335 0.2335 0.2335 0.2355 0.2355 0.2205 0.2205 0.215 0.215 0.215 0.161 0.161 0.157 0.157 0.1545 0.1545 0.1545 0.183 0.183 0.181
0.347 0.3995 0.3995 0.372 0.372 0.362 0.362 0.362 0.3655 0.3655 0.355 0.355 0.342 0.342 0.306 0.306 0.306 0.298 0.298 0.268 0.268 0.304 0.304 0.304 0.311 0.311 0.2935 0.2935 0.3375 0.3375 0.3375 0.3695 0.3695 0.321 0.321 0.3405 0.3405 0.3405 0.328 0.328 0.286 0.286 0.2435 0.2435 0.2435 0.2455 0.2455 0.2605 0.2605 0.2745 0.2745 0.229 0.229 0.229 0.2765 0.2765 0.264 0.264 0.2345 0.2345 0.2345 0.2095 0.2095 0.2025 0.2025 0.1965 0.1965 0.1965 0.1845 0.1845 0.162 0.162 0.1475 0.1475 0.1475 0.1345 0.1345 0.1865
0.347 0.3995 0.3995 0.372 0.372 0.362 0.362 0.362 0.3655 0.3655 0.355 0.355 0.342 0.342 0.306 0.306 0.306 0.298 0.298 0.268 0.268 0.304 0.304 0.304 0.311 0.311 0.2935 0.2935 0.3375 0.3375 0.3375 0.3695 0.3695 0.321 0.321 0.3405 0.3405 0.3405 0.328 0.328 0.286 0.286 0.2435 0.2435 0.2435 0.2455 0.2455 0.2605 0.2605 0.2745 0.2745 0.229 0.229 0.229 0.2765 0.2765 0.264 0.264 0.2345 0.2345 0.2345 0.2095 0.2095 0.2025 0.2025 0.1965 0.1965 0.1965 0.1845 0.1845 0.162 0.162 0.1475 0.1475 0.1475 0.1345 0.1345 0.1865
0.511 0.4245 0.4245 0.4155 0.4155 0.3585 0.3585 0.3585 0.366 0.366 0.3695 0.3695 0.325 0.325 0.3135 0.3135 0.3135 0.299 0.299 0.3035 0.3035 0.2835 0.2835 0.2835 0.2825 0.2825 0.3215 0.3215 0.365 0.365 0.365 0.3605 0.3605 0.3565 0.3565 0.3175 0.3175 0.3175 0.3235 0.3235 0.3105 0.3105 0.3905 0.3905 0.3905 0.3995 0.3995 0.2915 0.2915 0.313 0.313 0.32 0.32 0.32 0.348 0.348 0.263 0.263 0.2845 0.2845 0.2845 0.272 0.272 0.256 0.256 0.2155 0.2155 0.2155 0.205 0.205 0.186 0.186 0.1625 0.1625 0.1625 0.1495 0.1495 0.206
0.511 0.4245 0.4245 0.4155 0.4155 0.3585 0.3585 0.3585 0.366 0.366 0.3695 0.3695 0.325 0.325 0.3135 0.3135 0.3135 0.299 0.299 0.3035 0.3035 0.2835 0.2835 0.2835 0.2825 0.2825 0.3215 0.3215 0.365 0.365 0.365 0.3605 0.3605 0.3565 0.3565 0.3175 0.3175 0.3175 0.3235 0.3235 0.3105 0.3105 0.3905 0.3905 0.3905 0.3995 0.3995 0.2915 0.2915 0.313 0.313 0.32 0.32 0.32 0.348 0.348 0.263 0.263 0.2845 0.2845 0.2845 0.272 0.272 0.256 0.256 0.2155 0.2155 0.2155 0.205 0.205 0.186 0.186 0.1625 0.1625 0.1625 0.1495 0.1495 0.206
0.425 0.428 0.428 0.393 0.393 0.3865 0.3865 0.3865 0.436 0.436 0.4245 0.4245 0.4 0.4 0.377 0.377 0.377 0.327 0.327 0.315 0.315 0.329 0.329 0.329 0.2975 0.2975 0.3295 0.3295 0.32 0.32 0.32 0.329 0.329 0.3265 0.3265 0.316 0.316 0.316 0.3215 0.3215 0.3425 0.3425 0.3495 0.3495 0.3495 0.407 0.407 0.362 0.362 0.307 0.307 0.321 0.321 0.321 0.3155 0.3155 0.2935 0.2935 0.2785 0.2785 0.2785 0.304 0.304 0.293 0.293 0.2395 0.2395 0.2395 0.2215 0.2215 0.2325 0.2325 0.189 0.189 0.189 0.191 0.191 0.229
0.425 0.428 0.428 0.393 0.393 0.3865 0.3865 0.3865 0.436 0.436 0.4245 0.4245 0.4 0.4 0.377 0.377 0.377 0.327 0.327 0.315 0.315 0.329 0.329 0.329 0.2975 0.2975 0.3295 0.3295 0.32 0.32 0.32 0.329 0.329 0.3265 0.3265 0.316 0.316 0.316 0.3215 0.3215 0.3425 0.3425 0.3495 0.3495 0.3495 0.407 0.407 0.362 0.362 0.307 0.307 0.321 0.321 0.321 0.3155 0.3155 0.2935 0.2935 0.2785 0.2785 0.2785 0.304 0.304 0.293 0.293 0.2395 0.2395 0.2395 0.2215 0.2215 0.2325 0.2325 0.189 0.189 0.189 0.191 0.191 0.229
0.425 0.428 0.428 0.393 0.393 0.3865 0.3865 0.3865 0.436 0.436 0.4245 0.4245 0.4 0.4 0.377 0.377 0.377 0.327 0.327 0.315 0.315 0.329 0.329 0.329 0.2975 0.2975 0.3295 0.3295 0.32 0.32 0.32 0.329 0.329 0.3265 0.3265 0.316 0.316 0.316 0.3215 0.3215 0.3425 0.3425 0.3495 0.3495 0.3495 0.407 0.407 0.362 0.362 0.307 0.307 0.321 0.321 0.321 0.3155 0.3155 0.2935 0.2935 0.2785 0.2785 0.2785 0.304 0.304 0.293 0.293 0.2395 0.2395 0.2395 0.2215 0.2215 0.2325 0.2325 0.189 0.189 0.189 0.191 0.191 0.229
0.469 0.3785 0.3785 0.3845 0.3845 0.375 0.375 0.375 0.4275 0.4275 0.3705 0.3705 0.3625 0.3625 0.3805 0.3805 0.3805 0.353 0.353 0.369 0.369 0.3285 0.3285 0.3285 0.3425 0.3425 0.3275 0.3275 0.3755 0.3755 0.3755 0.326 0.326 0.3695 0.3695 0.3855 0.3855 0.3855 0.372 0.372 0.3235 0.3235 0.338 0.338 0.338 0.381 0.381 0.3735 0.3735 0.3165 0.3165 0.298 0.298 0.298 0.29 0.29 0.3275 0.3275 0.292 0.292 0.292 0.322 0.322 0.344 0.344 0.2585 0.2585 0.2585 0.2225 0.2225 0.2345 0.2345 0.194 0.194 0.194 0.215 0.215 0.2445
0.469 0.3785 0.3785 0.3845 0.3845 0.375 0.375 0.375 0.4275 0.4275 0.3705 0.3705 0.3625 0.3625 0.3805 0.3805 0.3805 0.353 0.353 0.369 0.369 0.3285 0.3285 0.3285 0.3425 0.3425 0.3275 0.3275 0.3755 0.3755 0.3755 0.326 0.326 0.3695 0.3695 0.3855 0.3855 0.3855 0.372 0.372 0.3235 0.3235 0.338 0.338 0.338 0.381 0.381 0.3735 0.3735 0.3165 0.3165 0.298 0.298 0.298 0.29 0.29 0.3275 0.3275 0.292 0.292 0.292 0.322 0.322 0.344 0.344 0.2585 0.2585 0.2585 0.2225 0.2225 0.2345 0.2345 0.194 0.194 0.194 0.215 0.215 0.2445
0.4435 0.472 0.472 0.453 0.453 0.39 0.39 0.39 0.346 0.346 0.385 0.385 0.3775 0.3775 0.3395 0.3395 0.3395 0.338 0.338 0.33 0.33 0.347 0.347 0.347 0.401 0.401 0.3835 0.3835 0.3165 0.3165 0.3165 0.332 0.332 0.313 0.313 0.2745 0.2745 0.2745 0.287 0.287 0.336 0.336 0.3525 0.3525 0.3525 0.3665 0.3665 0.3985 0.3985 0.3685 0.3685 0.249 0.249 0.249 0.2885 0.2885 0.3095 0.3095 0.294 0.294 0.294 0.3225 0.3225 0.372 0.372 0.292 0.292 0.292 0.288 0.288 0.2935 0.2935 0.2955 0.2955 0.2955 0.3025 0.3025 0.2485
0.4435 0.472 0.472 0.453 0.453 0.39 0.39 0.39 0.346 0.346 0.385 0.385 0.3775 0.3775 0.3395 0.3395 0.3395 0.338 0.338 0.33 0.33 0.347 0.347 0.347 0.401 0.401 0.3835 0.3835 0.3165 0.3165 0.3165 0.332 0.332 0.313 0.313 0.2745 0.2745 0.2745 0.287 0.287 0.336 0.336 0.3525 0.3525 0.3525 0.3665 0.3665 0.3985 0.3985 0.3685 0.3685 0.249 0.249 0.249 0.2885 0.2885 0.3095 0.3095 0.294 0.294 0.294 0.3225 0.3225 0.372 0.372 0.292 0.292 0.292 0.288 0.288 0.2935 0.2935 0.2955 0.2955 0.2955 0.3025 0.3025 0.2485
0.492 0.5035 0.5035 0.4045 0.4045 0.3935 0.3935 0.3935 0.386 0.386 0.427 0.427 0.3415 0.3415 0.332 0.332 0.332 0.337 0.337 0.3425 0.3425 0.3655 0.3655 0.3655 0.3245 0.3245 0.314 0.314 0.338 0.338 0.338 0.3535 0.3535 0.334 0.334 0.3515 0.3515 0.3515 0.3325 0.3325 0.3155 0.3155 0.3765 0.3765 0.3765 0.4045 0.4045 0.3675 0.3675 0.352 0.352 0.345 0.345 0.345 0.283 0.283 0.321 0.321 0.3425 0.3425 0.3425 0.4145 0.4145 0.36 0.36 0.2925 0.2925 0.2925 0.257 0.257 0.2535 0.2535 0.2505 0.2505 0.2505 0.228 0.228 0.291
0.492 0.5035 0.5035 0.4045 0.4045 0.3935 0.3935 0.3935 0.386 0.386 0.427 0.427 0.3415 0.3415 0.332 0.332 0.332 0.337 0.337 0.3425 0.3425 0.3655 0.3655 0.3655 0.3245 0.3245 0.314 0.314 0.338 0.338 0.338 0.3535 0.3535 0.334 0.334 0.3515 0.3515 0.3515 0.3325 0.3325 0.3155 0.3155 0.3765 0.3765 0.3765 0.4045 0.4045 0.3675 0.3675 0.352 0.352 0.345 0.345 0.345 0.283 0.283 0.321 0.321 0.3425 0.3425 0.3425 0.4145 0.4145 0.36 0.36 0.2925 0.2925 0.2925 0.257 0.257 0.2535 0.2535 0.2505 0.2505 0.2505 0.228 0.228 0.291
0.492 0.5035 0.5035 0.4045 0.4045 0.3935 0.3935 0.3935 0.386 0.386 0.427 0.427 0.3415 0.3415 0.332 0.332 0.332 0.337 0.337 0.3425 0.3425 0.3655 0.3655 0.3655 0.3245 0.3245 0.314 0.314 0.338 0.338 0.338 0.3535 0.3535 0.334 0.334 0.3515 0.3515 0.3515 0.3325 0.3325 0.3155 0.3155 0.3765 0.3765 0.3765 0.4045 0.4045 0.3675 0.3675 0.352 0.352 0.345 0.345 0.345 0.283 0.283 0.321 0.321 0.3425 0.3425 0.3425 0.4145 0.4145 0.36 0.36 0.2925 0.2925 0.2925 0.257 0.257 0.2535 0.2535 0.2505 0.2505 0.2505 0.228 0.228 0.291
0.5 0.4195 0.4195 0.4255 0.4255 0.447 0.447 0.447 0.3555 0.3555 0.3855 0.3855 0.3965 0.3965 0.3685 0.3685 0.3685 0.3505 0.3505 0.359 0.359 0.3775 0.3775 0.3775 0.3685 0.3685 0.352 0.352 0.3955 0.3955 0.3955 0.3565 0.3565 0.3565 0.3565 0.3545 0.3545 0.3545 0.354 0.354 0.338 0.338 0.32 0.32 0.32 0.3505 0.3505 0.3495 0.3495 0.3175 0.3175 0.3535 0.3535 0.3535 0.349 0.349 0.2765 0.2765 0.2815 0.2815 0.2815 0.3155 0.3155 0.339 0.339 0.3655 0.3655 0.3655 0.3766 0.3766 0.362 0.362 0.259 0.259 0.259 0.303 0.303 0.286
0.5 0.4195 0.4195 0.4255 0.4255 0.447 0.447 0.447 0.3555 0.3555 0.3855 0.3855 0.3965 0.3965 0.3685 0.3685 0.3685 0.3505 0.3505 0.359 0.359 0.3775 0.3775 0.3775 0.3685 0.3685 0.352 0.352 0.3955 0.3955 0.3955 0.3565 0.3565 0.3565 0.3565 0.3545 0.3545 0.3545 0.354 0.354 0.338 0.338 0.32 0.32 0.32 0.3505 0.3505 0.3495 0.3495 0.3175 0.3175 0.3535 0.3535 0.3535 0.349 0.349 0.2765 0.2765 0.2815 0.2815 0.2815 0.3155 0.3155 0.339 0.339 0.3655 0.3655 0.3655 0.3766 0.3766 0.362 0.362 0.259 0.259 0.259 0.303 0.303 0.286
0.4615 0.563 0.563 0.46 0.46 0.3795 0.3795 0.3795 0.351 0.351 0.4285 0.4285 0.406 0.406 0.452 0.452 0.452 0.4145 0.4145 0.398 0.398 0.424 0.424 0.424 0.4585 0.4585 0.4645 0.4645 0.4255 0.4255 0.4255 0.3415 0.3415 0.3375 0.3375 0.3505 0.3505 0.3505 0.3705 0.3705 0.3465 0.3465 0.3455 0.3455 0.3455 0.3295 0.3295 0.383 0.383 0.417 0.417 0.383 0.383 0.383 0.381 0.381 0.3715 0.3715 0.3285 0.3285 0.3285 0.2935 0.2935 0.419 0.419 0.3915 0.3915 0.3915 0.3245 0.3245 0.3475 0.3475 0.2945 0.2945 0.2945 0.2785 0.2785 0.297
0.4615 0.563 0.563 0.46 0.46 0.3795 0.3795 0.3795 0.351 0.351 0.4285 0.4285 0.406 0.406 0.452 0.452 0.452 0.4145 0.4145 0.398 0.398 0.424 0.424 0.424 0.4585 0.4585 0.4645 0.4645 0.4255 0.4255 0.4255 0.3415 0.3415 0.3375 0.3375 0.3505 0.3505 0.3505 0.3705 0.3705 0.3465 0.3465 0.3455 0.3455 0.3455 0.3295 0.3295 0.383 0.383 0.417 0.417 0.383 0.383 0.383 0.381 0.381 0.3715 0.3715 0.3285 0.3285 0.3285 0.2935 0.2935 0.419 0.419 0.3915 0.3915 0.3915 0.3245 0.3245 0.3475 0.3475 0.2945 0.2945 0.2945 0.2785 0.2785 0.297
0.4685 0.478 0.478 0.414 0.414 0.423 0.423 0.423 0.376 0.376 0.374 0.374 0.3975 0.3975 0.414 0.414 0.414 0.4175 0.4175 0.42 0.42 0.4285 0.4285 0.4285 0.4395 0.4395 0.41 0.41 0.388 0.388 0.388 0.405 0.405 0.4275 0.4275 0.4095 0.4095 0.4095 0.3705 0.3705 0.3805 0.3805 0.4165 0.4165 0.4165 0.456 0.456 0.4135 0.4135 0.4255 0.4255 0.407 0.407 0.407 0.372 0.372 0.397 0.397 0.3575 0.3575 0.3575 0.322 0.322 0.4045 0.4045 0.4305 0.4305 0.4305 0.444 0.444 0.38 0.38 0.345 0.345 0.345 0.3305 0.3305 0.3005
