ndvi/NOAA-35.asc
ncols         252
nrows         154
xllcorner     -18.017974
yllcorner     13.481982
cellsize      0.035948
NODATA_value  -9999
[rows 102 to 135 of 154, columns 154 to 230 of 252]
0.228 0.2135 0.2135 0.1855 0.1855 0.1855 0.1905 0.1905 0.213 0.213 0.2355 0.2355 0.225 0.225 0.225 0.2275 0.2275 0.2515 0.2515 0.2625 0.2625 0.2625 0.2565 0.2565 0.2635 0.2635 0.2685 0.2685 0.2685 0.2535 0.2535 0.2565 0.2565 0.2495 0.2495 0.2495 0.24 0.24 0.249 0.249 0.258 0.258 0.258 0.262 0.262 0.2315 0.2315 0.2605 0.2605 0.2715 0.2715 0.2715 0.2145 0.2145 0.2365 0.2365 0.213 0.213 0.213 0.202 0.202 0.2245 0.2245 0.2325 0.2325 0.2325 0.2015 0.2015 0.215 0.215 0.205 0.205 0.205 0.2425 0.2425 0.247 0.247
0.2005 0.2195 0.2195 0.204 0.204 0.204 0.2225 0.2225 0.239 0.239 0.256 0.256 0.2405 0.2405 0.2405 0.2265 0.2265 0.2275 0.2275 0.253 0.253 0.253 0.2435 0.2435 0.2575 0.2575 0.2635 0.2635 0.2635 0.2745 0.2745 0.257 0.257 0.2545 0.2545 0.2545 0.236 0.236 0.243 0.243 0.2355 0.2355 0.2355 0.2665 0.2665 0.265 0.265 0.303 0.303 0.3095 0.3095 0.3095 0.2635 0.2635 0.2335 0.2335 0.236 0.236 0.236 0.218 0.218 0.2465 0.2465 0.2495 0.2495 0.2495 0.235 0.235 0.2365 0.2365 0.207 0.207 0.207 0.2135 0.2135 0.246 0.246
0.2005 0.2195 0.2195 0.204 0.204 0.204 0.2225 0.2225 0.239 0.239 0.256 0.256 0.2405 0.2405 0.2405 0.2265 0.2265 0.2275 0.2275 0.253 0.253 0.253 0.2435 0.2435 0.2575 0.2575 0.2635 0.2635 0.2635 0.2745 0.2745 0.257 0.257 0.2545 0.2545 0.2545 0.236 0.236 0.243 0.243 0.2355 0.2355 0.2355 0.2665 0.2665 0.265 0.265 0.303 0.303 0.3095 0.3095 0.3095 0.2635 0.2635 0.2335 0.2335 0.236 0.236 0.236 0.218 0.218 0.2465 0.2465 0.2495 0.2495 0.2495 0.235 0.235 0.2365 0.2365 0.207 0.207 0.207 0.2135 0.2135 0.246 0.246
0.2005 0.2195 0.2195 0.204 0.204 0.204 0.2225 0.2225 0.239 0.239 0.256 0.256 0.2405 0.2405 0.2405 0.2265 0.2265 0.2275 0.2275 0.253 0.253 0.253 0.2435 0.2435 0.2575 0.2575 0.2635 0.2635 0.2635 0.2745 0.2745 0.257 0.257 0.2545 0.2545 0.2545 0.236 0.236 0.243 0.243 0.2355 0.2355 0.2355 0.2665 0.2665 0.265 0.265 0.303 0.303 0.3095 0.3095 0.3095 0.2635 0.2635 0.2335 0.2335 0.236 0.236 0.236 0.218 0.218 0.2465 0.2465 0.2495 0.2495 0.2495 0.235 0.235 0.2365 0.2365 0.207 0.207 0.207 0.2135 0.2135 0.246 0.246
0.2235 0.2345 0.2345 0.2475 0.2475 0.2475 0.2395 0.2395 0.23 0.23 0.248 0.248 0.234 0.234 0.234 0.2225 0.2225 0.226 0.226 0.2165 0.2165 0.2165 0.237 0.237 0.236 0.236 0.259 0.259 0.259 0.254 0.254 0.281 0.281 0.282 0.282 0.282 0.271 0.271 0.2475 0.2475 0.27 0.27 0.27 0.309 0.309 0.289 0.289 0.3055 0.3055 0.3465 0.3465 0.3465 0.323 0.323 0.3595 0.3595 0.333 0.333 0.333 0.2305 0.2305 0.2385 0.2385 0.2485 0.2485 0.2485 0.2665 0.2665 0.236 0.236 0.2175 0.2175 0.2175 0.2405 0.2405 0.284 0.284
0.2235 0.2345 0.2345 0.2475 0.2475 0.2475 0.2395 0.2395 0.23 0.23 0.248 0.248 0.234 0.234 0.234 0.2225 0.2225 0.226 0.226 0.2165 0.2165 0.2165 0.237 0.237 0.236 0.236 0.259 0.259 0.259 0.254 0.254 0.281 0.281 0.282 0.282 0.282 0.271 0.271 0.2475 0.2475 0.27 0.27 0.27 0.309 0.309 0.289 0.289 0.3055 0.3055 0.3465 0.3465 0.3465 0.323 0.323 0.3595 0.3595 0.333 0.333 0.333 0.2305 0.2305 0.2385 0.2385 0.2485 0.2485 0.2485 0.2665 0.2665 0.236 0.236 0.2175 0.2175 0.2175 0.2405 0.2405 0.284 0.284
0.2375 0.2365 0.2365 0.234 0.234 0.234 0.234 0.234 0.2345 0.2345 0.243 0.243 0.2355 0.2355 0.2355 0.2195 0.2195 0.197 0.197 0.21 0.21 0.21 0.225 0.225 0.246 0.246 0.2345 0.2345 0.2345 0.2525 0.2525 0.2835 0.2835 0.293 0.293 0.293 0.2545 0.2545 0.268 0.268 0.2975 0.2975 0.2975 0.335 0.335 0.268 0.268 0.2775 0.2775 0.266 0.266 0.266 0.2755 0.2755 0.3245 0.3245 0.3455 0.3455 0.3455 0.248 0.248 0.2545 0.2545 0.2235 0.2235 0.2235 0.242 0.242 0.2405 0.2405 0.2315 0.2315 0.2315 0.246 0.246 0.2505 0.2505
0.2375 0.2365 0.2365 0.234 0.234 0.234 0.234 0.234 0.2345 0.2345 0.243 0.243 0.2355 0.2355 0.2355 0.2195 0.2195 0.197 0.197 0.21 0.21 0.21 0.225 0.225 0.246 0.246 0.2345 0.2345 0.2345 0.2525 0.2525 0.2835 0.2835 0.293 0.293 0.293 0.2545 0.2545 0.268 0.268 0.2975 0.2975 0.2975 0.335 0.335 0.268 0.268 0.2775 0.2775 0.266 0.266 0.266 0.2755 0.2755 0.3245 0.3245 0.3455 0.3455 0.3455 0.248 0.248 0.2545 0.2545 0.2235 0.2235 0.2235 0.242 0.242 0.2405 0.2405 0.2315 0.2315 0.2315 0.246 0.246 0.2505 0.2505
0.218 0.2365 0.2365 0.246 0.246 0.246 0.251 0.251 0.236 0.236 0.2335 0.2335 0.2335 0.2335 0.2335 0.2275 0.2275 0.2205 0.2205 0.2425 0.2425 0.2425 0.249 0.249 0.259 0.259 0.253 0.253 0.253 0.2615 0.2615 0.278 0.278 0.2595 0.2595 0.2595 0.261 0.261 0.2815 0.2815 0.2725 0.2725 0.2725 0.2715 0.2715 0.26 0.26 0.2575 0.2575 0.2415 0.2415 0.2415 0.265 0.265 0.2575 0.2575 0.257 0.257 0.257 0.2455 0.2455 0.243 0.243 0.2555 0.2555 0.2555 0.2595 0.2595 0.247 0.247 0.2475 0.2475 0.2475 0.243 0.243 0.2625 0.2625
0.218 0.2365 0.2365 0.246 0.246 0.246 0.251 0.251 0.236 0.236 0.2335 0.2335 0.2335 0.2335 0.2335 0.2275 0.2275 0.2205 0.2205 0.2425 0.2425 0.2425 0.249 0.249 0.259 0.259 0.253 0.253 0.253 0.2615 0.2615 0.278 0.278 0.2595 0.2595 0.2595 0.261 0.261 0.2815 0.2815 0.2725 0.2725 0.2725 0.2715 0.2715 0.26 0.26 0.2575 0.2575 0.2415 0.2415 0.2415 0.265 0.265 0.2575 0.2575 0.257 0.257 0.257 0.2455 0.2455 0.243 0.243 0.2555 0.2555 0.2555 0.2595 0.2595 0.247 0.247 0.2475 0.2475 0.2475 0.243 0.243 0.2625 0.2625
0.218 0.2365 0.2365 0.246 0.246 0.246 0.251 0.251 0.236 0.236 0.2335 0.2335 0.2335 0.2335 0.2335 0.2275 0.2275 0.2205 0.2205 0.2425 0.2425 0.2425 0.249 0.249 0.259 0.259 0.253 0.253 0.253 0.2615 0.2615 0.278 0.278 0.2595 0.2595 0.2595 0.261 0.261 0.2815 0.2815 0.2725 0.2725 0.2725 0.2715 0.2715 0.26 0.26 0.2575 0.2575 0.2415 0.2415 0.2415 0.265 0.265 0.2575 0.2575 0.257 0.257 0.257 0.2455 0.2455 0.243 0.243 0.2555 0.2555 0.2555 0.2595 0.2595 0.247 0.247 0.2475 0.2475 0.2475 0.243 0.243 0.2625 0.2625
0.213 0.21 0.21 0.246 0.246 0.246 0.2475 0.2475 0.239 0.239 0.2415 0.2415 0.229 0.229 0.229 0.248 0.248 0.27 0.27 0.257 0.257 0.257 0.251 0.251 0.263 0.263 0.2625 0.2625 0.2625 0.2465 0.2465 0.2645 0.2645 0.286 0.286 0.286 0.303 0.303 0.2265 0.2265 0.2465 0.2465 0.2465 0.2575 0.2575 0.242 0.242 0.248 0.248 0.2325 0.2325 0.2325 0.26 0.26 0.2585 0.2585 0.2585 0.2585 0.2585 0.2665 0.2665 0.244 0.244 0.258 0.258 0.258 0.2585 0.2585 0.2515 0.2515 0.2475 0.2475 0.2475 0.2465 0.2465 0.275 0.275
0.213 0.21 0.21 0.246 0.246 0.246 0.2475 0.2475 0.239 0.239 0.2415 0.2415 0.229 0.229 0.229 0.248 0.248 0.27 0.27 0.257 0.257 0.257 0.251 0.251 0.263 0.263 0.2625 0.2625 0.2625 0.2465 0.2465 0.2645 0.2645 0.286 0.286 0.286 0.303 0.303 0.2265 0.2265 0.2465 0.2465 0.2465 0.2575 0.2575 0.242 0.242 0.248 0.248 0.2325 0.2325 0.2325 0.26 0.26 0.2585 0.2585 0.2585 0.2585 0.2585 0.2665 0.2665 0.244 0.244 0.258 0.258 0.258 0.2585 0.2585 0.2515 0.2515 0.2475 0.2475 0.2475 0.2465 0.2465 0.275 0.275
0.231 0.26 0.26 0.224 0.224 0.224 0.2405 0.2405 0.2325 0.2325 0.205 0.205 0.239 0.239 0.239 0.24 0.24 0.2595 0.2595 0.2505 0.2505 0.2505 0.2545 0.2545 0.2545 0.2545 0.265 0.265 0.265 0.243 0.243 0.244 0.244 0.2745 0.2745 0.2745 0.28 0.28 0.238 0.238 0.229 0.229 0.229 0.2585 0.2585 0.2605 0.2605 0.2565 0.2565 0.2785 0.2785 0.2785 0.2725 0.2725 0.249 0.249 0.272 0.272 0.272 0.274 0.274 0.25 0.25 0.2535 0.2535 0.2535 0.26 0.26 0.248 0.248 0.235 0.235 0.235 0.2455 0.2455 0.261 0.261
0.231 0.26 0.26 0.224 0.224 0.224 0.2405 0.2405 0.2325 0.2325 0.205 0.205 0.239 0.239 0.239 0.24 0.24 0.2595 0.2595 0.2505 0.2505 0.2505 0.2545 0.2545 0.2545 0.2545 0.265 0.265 0.265 0.243 0.243 0.244 0.244 0.2745 0.2745 0.2745 0.28 0.28 0.238 0.238 0.229 0.229 0.229 0.2585 0.2585 0.2605 0.2605 0.2565 0.2565 0.2785 0.2785 0.2785 0.2725 0.2725 0.249 0.249 0.272 0.272 0.272 0.274 0.274 0.25 0.25 0.2535 0.2535 0.2535 0.26 0.26 0.248 0.248 0.235 0.235 0.235 0.2455 0.2455 0.261 0.261
0.264 0.2545 0.2545 0.2515 0.2515 0.2515 0.2405 0.2405 0.2155 0.2155 0.237 0.237 0.2515 0.2515 0.2515 0.245 0.245 0.249 0.249 0.248 0.248 0.248 0.2575 0.2575 0.2545 0.2545 0.2615 0.2615 0.2615 0.2385 0.2385 0.254 0.254 0.249 0.249 0.249 0.1965 0.1965 0.2175 0.2175 0.2475 0.2475 0.2475 0.2975 0.2975 0.2865 0.2865 0.2785 0.2785 0.278 0.278 0.278 0.2935 0.2935 0.2785 0.2785 0.265 0.265 0.265 0.2825 0.2825 0.2695 0.2695 0.263 0.263 0.263 0.25 0.25 0.267 0.267 0.256 0.256 0.256 0.2515 0.2515 0.261 0.261
0.264 0.2545 0.2545 0.2515 0.2515 0.2515 0.2405 0.2405 0.2155 0.2155 0.237 0.237 0.2515 0.2515 0.2515 0.245 0.245 0.249 0.249 0.248 0.248 0.248 0.2575 0.2575 0.2545 0.2545 0.2615 0.2615 0.2615 0.2385 0.2385 0.254 0.254 0.249 0.249 0.249 0.1965 0.1965 0.2175 0.2175 0.2475 0.2475 0.2475 0.2975 0.2975 0.2865 0.2865 0.2785 0.2785 0.278 0.278 0.278 0.2935 0.2935 0.2785 0.2785 0.265 0.265 0.265 0.2825 0.2825 0.2695 0.2695 0.263 0.263 0.263 0.25 0.25 0.267 0.267 0.256 0.256 0.256 0.2515 0.2515 0.261 0.261
0.264 0.2545 0.2545 0.2515 0.2515 0.2515 0.2405 0.2405 0.2155 0.2155 0.237 0.237 0.2515 0.2515 0.2515 0.245 0.245 0.249 0.249 0.248 0.248 0.248 0.2575 0.2575 0.2545 0.2545 0.2615 0.2615 0.2615 0.2385 0.2385 0.254 0.254 0.249 0.249 0.249 0.1965 0.1965 0.2175 0.2175 0.2475 0.2475 0.2475 0.2975 0.2975 0.2865 0.2865 0.2785 0.2785 0.278 0.278 0.278 0.2935 0.2935 0.2785 0.2785 0.265 0.265 0.265 0.2825 0.2825 0.2695 0.2695 0.263 0.263 0.263 0.25 0.25 0.267 0.267 0.256 0.256 0.256 0.2515 0.2515 0.261 0.261
0.248 0.257 0.257 0.2735 0.2735 0.2735 0.252 0.252 0.238 0.238 0.2525 0.2525 0.266 0.266 0.266 0.289 0.289 0.272 0.272 0.2805 0.2805 0.2805 0.2755 0.2755 0.257 0.257 0.249 0.249 0.249 0.248 0.248 0.237 0.237 0.23 0.23 0.23 0.2245 0.2245 0.275 0.275 0.289 0.289 0.289 0.3065 0.3065 0.2905 0.2905 0.3135 0.3135 0.3225 0.3225 0.3225 0.2805 0.2805 0.277 0.277 0.27 0.27 0.27 0.282 0.282 0.2595 0.2595 0.2765 0.2765 0.2765 0.3095 0.3095 0.305 0.305 0.3035 0.3035 0.3035 0.273 0.273 0.2565 0.2565
0.248 0.257 0.257 0.2735 0.2735 0.2735 0.252 0.252 0.238 0.238 0.2525 0.2525 0.266 0.266 0.266 0.289 0.289 0.272 0.272 0.2805 0.2805 0.2805 0.2755 0.2755 0.257 0.257 0.249 0.249 0.249 0.248 0.248 0.237 0.237 0.23 0.23 0.23 0.2245 0.2245 0.275 0.275 0.289 0.289 0.289 0.3065 0.3065 0.2905 0.2905 0.3135 0.3135 0.3225 0.3225 0.3225 0.2805 0.2805 0.277 0.277 0.27 0.27 0.27 0.282 0.282 0.2595 0.2595 0.2765 0.2765 0.2765 0.3095 0.3095 0.305 0.305 0.3035 0.3035 0.3035 0.273 0.273 0.2565 0.2565
0.25 0.2685 0.2685 0.2675 0.2675 0.2675 0.257 0.257 0.29 0.29 0.2415 0.2415 0.2715 0.2715 0.2715 0.2905 0.2905 0.3145 0.3145 0.293 0.293 0.293 0.3135 0.3135 0.3115 0.3115 0.2475 0.2475 0.2475 0.234 0.234 0.235 0.235 0.2475 0.2475 0.2475 0.2665 0.2665 0.282 0.282 0.29 0.29 0.29 0.2945 0.2945 0.2845 0.2845 0.311 0.311 0.319 0.319 0.319 0.2945 0.2945 0.2715 0.2715 0.29 0.29 0.29 0.2805 0.2805 0.268 0.268 0.277 0.277 0.277 0.3165 0.3165 0.314 0.314 0.2915 0.2915 0.2915 0.285 0.285 0.261 0.261
0.25 0.2685 0.2685 0.2675 0.2675 0.2675 0.257 0.257 0.29 0.29 0.2415 0.2415 0.2715 0.2715 0.2715 0.2905 0.2905 0.3145 0.3145 0.293 0.293 0.293 0.3135 0.3135 0.3115 0.3115 0.2475 0.2475 0.2475 0.234 0.234 0.235 0.235 0.2475 0.2475 0.2475 0.2665 0.2665 0.282 0.282 0.29 0.29 0.29 0.2945 0.2945 0.2845 0.2845 0.311 0.311 0.319 0.319 0.319 0.2945 0.2945 0.2715 0.2715 0.29 0.29 0.29 0.2805 0.2805 0.268 0.268 0.277 0.277 0.277 0.3165 0.3165 0.314 0.314 0.2915 0.2915 0.2915 0.285 0.285 0.261 0.261
0.2625 0.297 0.297 0.2905 0.2905 0.2905 0.264 0.264 0.2805 0.2805 0.2855 0.2855 0.2815 0.2815 0.2815 0.301 0.301 0.3015 0.3015 0.289 0.289 0.289 0.3075 0.3075 0.3175 0.3175 0.268 0.268 0.268 0.265 0.265 0.2925 0.2925 0.249 0.249 0.249 0.2285 0.2285 0.269 0.269 0.2995 0.2995 0.2995 0.288 0.288 0.2805 0.2805 0.282 0.282 0.3 0.3 0.3 0.317 0.317 0.295 0.295 0.2935 0.2935 0.2935 0.3365 0.3365 0.302 0.302 0.279 0.279 0.279 0.26 0.26 0.2865 0.2865 0.2865 0.2865 0.2865 0.2905 0.2905 0.2675 0.2675
0.2625 0.297 0.297 0.2905 0.2905 0.2905 0.264 0.264 0.2805 0.2805 0.2855 0.2855 0.2815 0.2815 0.2815 0.301 0.301 0.3015 0.3015 0.289 0.289 0.289 0.3075 0.3075 0.3175 0.3175 0.268 0.268 0.268 0.265 0.265 0.2925 0.2925 0.249 0.249 0.249 0.2285 0.2285 0.269 0.269 0.2995 0.2995 0.2995 0.288 0.288 0.2805 0.2805 0.282 0.282 0.3 0.3 0.3 0.317 0.317 0.295 0.295 0.2935 0.2935 0.2935 0.3365 0.3365 0.302 0.302 0.279 0.279 0.279 0.26 0.26 0.2865 0.2865 0.2865 0.2865 0.2865 0.2905 0.2905 0.2675 0.2675
0.26 0.292 0.292 0.278 0.278 0.278 0.252 0.252 0.285 0.285 0.34 0.34 0.294 0.294 0.294 0.304 0.304 0.2855 0.2855 0.277 0.277 0.277 0.3245 0.3245 0.2905 0.2905 0.2985 0.2985 0.2985 0.2925 0.2925 0.2625 0.2625 0.258 0.258 0.258 0.255 0.255 0.258 0.258 0.2735 0.2735 0.2735 0.2345 0.2345 0.3525 0.3525 0.284 0.284 0.3575 0.3575 0.3575 0.2715 0.2715 0.271 0.271 0.2955 0.2955 0.2955 0.2765 0.2765 0.3105 0.3105 0.2905 0.2905 0.2905 0.2705 0.2705 0.284 0.284 0.298 0.298 0.298 0.2925 0.2925 0.273 0.273
0.26 0.292 0.292 0.278 0.278 0.278 0.252 0.252 0.285 0.285 0.34 0.34 0.294 0.294 0.294 0.304 0.304 0.2855 0.2855 0.277 0.277 0.277 0.3245 0.3245 0.2905 0.2905 0.2985 0.2985 0.2985 0.2925 0.2925 0.2625 0.2625 0.258 0.258 0.258 0.255 0.255 0.258 0.258 0.2735 0.2735 0.2735 0.2345 0.2345 0.3525 0.3525 0.284 0.284 0.3575 0.3575 0.3575 0.2715 0.2715 0.271 0.271 0.2955 0.2955 0.2955 0.2765 0.2765 0.3105 0.3105 0.2905 0.2905 0.2905 0.2705 0.2705 0.284 0.284 0.298 0.298 0.298 0.2925 0.2925 0.273 0.273
0.26 0.292 0.292 0.278 0.278 0.278 0.252 0.252 0.285 0.285 0.34 0.34 0.294 0.294 0.294 0.304 0.304 0.2855 0.2855 0.277 0.277 0.277 0.3245 0.3245 0.2905 0.2905 0.2985 0.2985 0.2985 0.2925 0.2925 0.2625 0.2625 0.258 0.258 0.258 0.255 0.255 0.258 0.258 0.2735 0.2735 0.2735 0.2345 0.2345 0.3525 0.3525 0.284 0.284 0.3575 0.3575 0.3575 0.2715 0.2715 0.271 0.271 0.2955 0.2955 0.2955 0.2765 0.2765 0.3105 0.3105 0.2905 0.2905 0.2905 0.2705 0.2705 0.284 0.284 0.298 0.298 0.298 0.2925 0.2925 0.273 0.273
0.2605 0.286 0.286 0.2725 0.2725 0.2725 0.2645 0.2645 0.2855 0.2855 0.344 0.344 0.2955 0.2955 0.2955 0.305 0.305 0.2645 0.2645 0.275 0.275 0.275 0.302 0.302 0.2585 0.2585 0.2835 0.2835 0.2835 0.3 0.3 0.276 0.276 0.2695 0.2695 0.2695 0.2595 0.2595 0.275 0.275 0.3105 0.3105 0.3105 0.293 0.293 0.3575 0.3575 0.3115 0.3115 0.2975 0.2975 0.2975 0.269 0.269 0.277 0.277 0.303 0.303 0.303 0.37 0.37 0.293 0.293 0.3075 0.3075 0.3075 0.28 0.28 0.262 0.262 0.2525 0.2525 0.2525 0.2615 0.2615 0.286 0.286
0.2605 0.286 0.286 0.2725 0.2725 0.2725 0.2645 0.2645 0.2855 0.2855 0.344 0.344 0.2955 0.2955 0.2955 0.305 0.305 0.2645 0.2645 0.275 0.275 0.275 0.302 0.302 0.2585 0.2585 0.2835 0.2835 0.2835 0.3 0.3 0.276 0.276 0.2695 0.2695 0.2695 0.2595 0.2595 0.275 0.275 0.3105 0.3105 0.3105 0.293 0.293 0.3575 0.3575 0.3115 0.3115 0.2975 0.2975 0.2975 0.269 0.269 0.277 0.277 0.303 0.303 0.303 0.37 0.37 0.293 0.293 0.3075 0.3075 0.3075 0.28 0.28 0.262 0.262 0.2525 0.2525 0.2525 0.2615 0.2615 0.286 0.286
0.2885 0.2955 0.2955 0.324 0.324 0.324 0.295 0.295 0.334 0.334 0.313 0.313 0.258 0.258 0.258 0.263 0.263 0.261 0.261 0.255 0.255 0.255 0.2935 0.2935 0.3035 0.3035 0.305 0.305 0.305 0.3455 0.3455 0.2885 0.2885 0.284 0.284 0.284 0.282 0.282 0.2745 0.2745 0.27 0.27 0.27 0.299 0.299 0.3766 0.3766 0.3605 0.3605 0.4016 0.4016 0.4016 0.317 0.317 0.366 0.366 0.3645 0.3645 0.3645 0.382 0.382 0.352 0.352 0.302 0.302 0.302 0.269 0.269 0.2655 0.2655 0.281 0.281 0.281 0.259 0.259 0.27 0.27
0.2885 0.2955 0.2955 0.324 0.324 0.324 0.295 0.295 0.334 0.334 0.313 0.313 0.258 0.258 0.258 0.263 0.263 0.261 0.261 0.255 0.255 0.255 0.2935 0.2935 0.3035 0.3035 0.305 0.305 0.305 0.3455 0.3455 0.2885 0.2885 0.284 0.284 0.284 0.282 0.282 0.2745 0.2745 0.27 0.27 0.27 0.299 0.299 0.3766 0.3766 0.3605 0.3605 0.4016 0.4016 0.4016 0.317 0.317 0.366 0.366 0.3645 0.3645 0.3645 0.382 0.382 0.352 0.352 0.302 0.302 0.302 0.269 0.269 0.2655 0.2655 0.281 0.281 0.281 0.259 0.259 0.27 0.27
0.263 0.321 0.321 0.2715 0.2715 0.2715 0.2595 0.2595 0.2775 0.2775 0.278 0.278 0.285 0.285 0.285 0.2795 0.2795 0.269 0.269 0.2905 0.2905 0.2905 0.2725 0.2725 0.242 0.242 0.276 0.276 0.276 0.27 0.27 0.31 0.31 0.2715 0.2715 0.2715 0.2635 0.2635 0.29 0.29 0.297 0.297 0.297 0.271 0.271 0.3435 0.3435 0.3065 0.3065 0.3155 0.3155 0.3155 0.288 0.288 0.338 0.338 0.3896 0.3896 0.3896 0.3826 0.3826 0.3475 0.3475 0.319 0.319 0.319 0.3055 0.3055 0.2845 0.2845 0.2945 0.2945 0.2945 0.2845 0.2845 0.3205 0.3205
0.263 0.321 0.321 0.2715 0.2715 0.2715 0.2595 0.2595 0.2775 0.2775 0.278 0.278 0.285 0.285 0.285 0.2795 0.2795 0.269 0.269 0.2905 0.2905 0.2905 0.2725 0.2725 0.242 0.242 0.276 0.276 0.276 0.27 0.27 0.31 0.31 0.2715 0.2715 0.2715 0.2635 0.2635 0.29 0.29 0.297 0.297 0.297 0.271 0.271 0.3435 0.3435 0.3065 0.3065 0.3155 0.3155 0.3155 0.288 0.288 0.338 0.338 0.3896 0.3896 0.3896 0.3826 0.3826 0.3475 0.3475 0.319 0.319 0.319 0.3055 0.3055 0.2845 0.2845 0.2945 0.2945 0.2945 0.2845 0.2845 0.3205 0.3205
0.263 0.321 0.321 0.2715 0.2715 0.2715 0.2595 0.2595 0.2775 0.2775 0.278 0.278 0.285 0.285 0.285 0.2795 0.2795 0.269 0.269 0.2905 0.2905 0.2905 0.2725 0.2725 0.242 0.242 0.276 0.276 0.276 0.27 0.27 0.31 0.31 0.2715 0.2715 0.2715 0.2635 0.2635 0.29 0.29 0.297 0.297 0.297 0.271 0.271 0.3435 0.3435 0.3065 0.3065 0.3155 0.3155 0.3155 0.288 0.288 0.338 0.338 0.3896 0.3896 0.3896 0.3826 0.3826 0.3475 0.3475 0.319 0.319 0.319 0.3055 0.3055 0.2845 0.2845 0.2945 0.2945 0.2945 0.2845 0.2845 0.3205 0.3205
