ndvi/NOAA-111.asc
ncols         252
nrows         154
xllcorner     -18.017974
yllcorner     13.481982
cellsize      0.035948
NODATA_value  -9999
[rows 102 to 135 of 154, columns 0 to 76 of 252]
-1 -1 -1 -1 -1 -1 -1 -1 -1 -1 -1 -1 -1 -1 -1 -1 -1 -1 -1 -1 -1 -1 -1 -1 -1 0.0507 0.0507 0.0507 0.129 0.129 0.3255 0.3255 0.2825 0.2825 0.2825 0.275 0.275 0.27 0.27 0.2735 0.2735 0.2735 0.2595 0.2595 0.261 0.261 0.242 0.242 0.242 0.255 0.255 0.2645 0.2645 0.262 0.262 0.2615 0.2615 0.2615 0.27 0.27 0.2675 0.2675 0.2675 0.2675 0.2675 0.278 0.278 0.274 0.274 0.2625 0.2625 0.2625 0.24 0.24 0.2485 0.2485 0.2375
-1 -1 -1 -1 -1 -1 -1 -1 -1 -1 -1 -1 -1 -1 -1 -1 -1 -1 -1 -1 -1 -1 -1 -0.0083 -0.0083 0.1955 0.1955 0.1955 0.332 0.332 0.2765 0.2765 0.2615 0.2615 0.2615 0.27 0.27 0.2775 0.2775 0.2835 0.2835 0.2835 0.26 0.26 0.261 0.261 0.2595 0.2595 0.2595 0.26 0.26 0.2555 0.2555 0.2575 0.2575 0.268 0.268 0.268 0.287 0.287 0.272 0.272 0.272 0.272 0.272 0.2655 0.2655 0.272 0.272 0.269 0.269 0.269 0.2675 0.2675 0.267 0.267 0.2455
-1 -1 -1 -1 -1 -1 -1 -1 -1 -1 -1 -1 -1 -1 -1 -1 -1 -1 -1 -1 -1 -1 -1 -0.0083 -0.0083 0.1955 0.1955 0.1955 0.332 0.332 0.2765 0.2765 0.2615 0.2615 0.2615 0.27 0.27 0.2775 0.2775 0.2835 0.2835 0.2835 0.26 0.26 0.261 0.261 0.2595 0.2595 0.2595 0.26 0.26 0.2555 0.2555 0.2575 0.2575 0.268 0.268 0.268 0.287 0.287 0.272 0.272 0.272 0.272 0.272 0.2655 0.2655 0.272 0.272 0.269 0.269 0.269 0.2675 0.2675 0.267 0.267 0.2455
-1 -1 -1 -1 -1 -1 -1 -1 -1 -1 -1 -1 -1 -1 -1 -1 -1 -1 -1 -1 -1 -1 -1 -0.0083 -0.0083 0.1955 0.1955 0.1955 0.332 0.332 0.2765 0.2765 0.2615 0.2615 0.2615 0.27 0.27 0.2775 0.2775 0.2835 0.2835 0.2835 0.26 0.26 0.261 0.261 0.2595 0.2595 0.2595 0.26 0.26 0.2555 0.2555 0.2575 0.2575 0.268 0.268 0.268 0.287 0.287 0.272 0.272 0.272 0.272 0.272 0.2655 0.2655 0.272 0.272 0.269 0.269 0.269 0.2675 0.2675 0.267 0.267 0.2455
-1 -1 -1 -1 -1 -1 -1 -1 -1 -1 -1 -1 -1 -1 -1 -1 -1 -1 -1 -1 -1 0.0102 0.0102 0.1695 0.1695 0.3235 0.3235 0.3235 0.3045 0.3045 0.2745 0.2745 0.274 0.274 0.274 0.2905 0.2905 0.2855 0.2855 0.2825 0.2825 0.2825 0.274 0.274 0.258 0.258 0.252 0.252 0.252 0.249 0.249 0.258 0.258 0.2505 0.2505 0.259 0.259 0.259 0.262 0.262 0.271 0.271 0.271 0.271 0.271 0.2595 0.2595 0.2665 0.2665 0.265 0.265 0.265 0.264 0.264 0.2495 0.2495 0.252
-1 -1 -1 -1 -1 -1 -1 -1 -1 -1 -1 -1 -1 -1 -1 -1 -1 -1 -1 -1 -1 0.0102 0.0102 0.1695 0.1695 0.3235 0.3235 0.3235 0.3045 0.3045 0.2745 0.2745 0.274 0.274 0.274 0.2905 0.2905 0.2855 0.2855 0.2825 0.2825 0.2825 0.274 0.274 0.258 0.258 0.252 0.252 0.252 0.249 0.249 0.258 0.258 0.2505 0.2505 0.259 0.259 0.259 0.262 0.262 0.271 0.271 0.271 0.271 0.271 0.2595 0.2595 0.2665 0.2665 0.265 0.265 0.265 0.264 0.264 0.2495 0.2495 0.252
-1 -1 -1 -1 -1 -1 -1 -1 -1 -1 -1 -1 -1 -1 -1 -1 -1 -1 -1 -1 -1 0.09450001 0.09450001 0.3245 0.3245 0.327 0.327 0.327 0.3065 0.3065 0.293 0.293 0.299 0.299 0.299 0.2795 0.2795 0.2705 0.2705 0.2815 0.2815 0.2815 0.281 0.281 0.297 0.297 0.277 0.277 0.277 0.2565 0.2565 0.2615 0.2615 0.2505 0.2505 0.2525 0.2525 0.2525 0.2475 0.2475 0.2735 0.2735 0.2735 0.2735 0.2735 0.262 0.262 0.2745 0.2745 0.27 0.27 0.27 0.258 0.258 0.264 0.264 0.2515
-1 -1 -1 -1 -1 -1 -1 -1 -1 -1 -1 -1 -1 -1 -1 -1 -1 -1 -1 -1 -1 0.09450001 0.09450001 0.3245 0.3245 0.327 0.327 0.327 0.3065 0.3065 0.293 0.293 0.299 0.299 0.299 0.2795 0.2795 0.2705 0.2705 0.2815 0.2815 0.2815 0.281 0.281 0.297 0.297 0.277 0.277 0.277 0.2565 0.2565 0.2615 0.2615 0.2505 0.2505 0.2525 0.2525 0.2525 0.2475 0.2475 0.2735 0.2735 0.2735 0.2735 0.2735 0.262 0.262 0.2745 0.2745 0.27 0.27 0.27 0.258 0.258 0.264 0.264 0.2515
-1 -1 -1 -1 -1 -1 -1 -1 -1 -1 -1 -1 -1 -1 -1 -1 -1 -1 0.1182 0.1182 0.1182 0.317 0.317 0.314 0.314 0.3075 0.3075 0.3075 0.308 0.308 0.3115 0.3115 0.2885 0.2885 0.2885 0.2825 0.2825 0.287 0.287 0.2795 0.2795 0.2795 0.2785 0.2785 0.275 0.275 0.267 0.267 0.267 0.271 0.271 0.2725 0.2725 0.258 0.258 0.255 0.255 0.255 0.2575 0.2575 0.255 0.255 0.255 0.255 0.255 0.257 0.257 0.26 0.26 0.2725 0.2725 0.2725 0.254 0.254 0.262 0.262 0.268
-1 -1 -1 -1 -1 -1 -1 -1 -1 -1 -1 -1 -1 -1 -1 -1 -1 -1 0.1182 0.1182 0.1182 0.317 0.317 0.314 0.314 0.3075 0.3075 0.3075 0.308 0.308 0.3115 0.3115 0.2885 0.2885 0.2885 0.2825 0.2825 0.287 0.287 0.2795 0.2795 0.2795 0.2785 0.2785 0.275 0.275 0.267 0.267 0.267 0.271 0.271 0.2725 0.2725 0.258 0.258 0.255 0.255 0.255 0.2575 0.2575 0.255 0.255 0.255 0.255 0.255 0.257 0.257 0.26 0.26 0.2725 0.2725 0.2725 0.254 0.254 0.262 0.262 0.268
-1 -1 -1 -1 -1 -1 -1 -1 -1 -1 -1 -1 -1 -1 -1 -1 -1 -1 0.1182 0.1182 0.1182 0.317 0.317 0.314 0.314 0.3075 0.3075 0.3075 0.308 0.308 0.3115 0.3115 0.2885 0.2885 0.2885 0.2825 0.2825 0.287 0.287 0.2795 0.2795 0.2795 0.2785 0.2785 0.275 0.275 0.267 0.267 0.267 0.271 0.271 0.2725 0.2725 0.258 0.258 0.255 0.255 0.255 0.2575 0.2575 0.255 0.255 0.255 0.255 0.255 0.257 0.257 0.26 0.26 0.2725 0.2725 0.2725 0.254 0.254 0.262 0.262 0.268
-1 -1 -1 -1 -1 -1 -1 -1 -1 -1 -1 -1 -1 -1 -1 -1 0.1982 0.1982 0.3425 0.3425 0.3425 0.3345 0.3345 0.301 0.301 0.2945 0.2945 0.2945 0.3205 0.3205 0.313 0.313 0.301 0.301 0.301 0.2805 0.2805 0.2685 0.2685 0.2715 0.2715 0.2715 0.2665 0.2665 0.2615 0.2615 0.2625 0.2625 0.2625 0.264 0.264 0.2575 0.2575 0.269 0.269 0.2685 0.2685 0.2685 0.272 0.272 0.259 0.259 0.259 0.259 0.259 0.256 0.256 0.247 0.247 0.2455 0.2455 0.2455 0.2585 0.2585 0.255 0.255 0.2485
-1 -1 -1 -1 -1 -1 -1 -1 -1 -1 -1 -1 -1 -1 -1 -1 0.1982 0.1982 0.3425 0.3425 0.3425 0.3345 0.3345 0.301 0.301 0.2945 0.2945 0.2945 0.3205 0.3205 0.313 0.313 0.301 0.301 0.301 0.2805 0.2805 0.2685 0.2685 0.2715 0.2715 0.2715 0.2665 0.2665 0.2615 0.2615 0.2625 0.2625 0.2625 0.264 0.264 0.2575 0.2575 0.269 0.269 0.2685 0.2685 0.2685 0.272 0.272 0.259 0.259 0.259 0.259 0.259 0.256 0.256 0.247 0.247 0.2455 0.2455 0.2455 0.2585 0.2585 0.255 0.255 0.2485
-1 -1 -1 -1 -1 -1 -1 -1 -1 -1 -1 -1 0.1761 0.1761 0.1715 0.1715 0.214 0.214 0.3345 0.3345 0.3345 0.324 0.324 0.3125 0.3125 0.306 0.306 0.306 0.3245 0.3245 0.3415 0.3415 0.296 0.296 0.296 0.2955 0.2955 0.2935 0.2935 0.2955 0.2955 0.2955 0.286 0.286 0.27 0.27 0.263 0.263 0.263 0.2635 0.2635 0.2565 0.2565 0.27 0.27 0.268 0.268 0.268 0.2615 0.2615 0.263 0.263 0.263 0.263 0.263 0.264 0.264 0.2505 0.2505 0.237 0.237 0.237 0.249 0.249 0.249 0.249 0.2575
-1 -1 -1 -1 -1 -1 -1 -1 -1 -1 -1 -1 0.1761 0.1761 0.1715 0.1715 0.214 0.214 0.3345 0.3345 0.3345 0.324 0.324 0.3125 0.3125 0.306 0.306 0.306 0.3245 0.3245 0.3415 0.3415 0.296 0.296 0.296 0.2955 0.2955 0.2935 0.2935 0.2955 0.2955 0.2955 0.286 0.286 0.27 0.27 0.263 0.263 0.263 0.2635 0.2635 0.2565 0.2565 0.27 0.27 0.268 0.268 0.268 0.2615 0.2615 0.263 0.263 0.263 0.263 0.263 0.264 0.264 0.2505 0.2505 0.237 0.237 0.237 0.249 0.249 0.249 0.249 0.2575
-1 -1 -1 -1 -1 -1 -1 -1 -1 0.1497 0.1497 0.1497 0.1415 0.1415 0.1571 0.1571 0.1152 0.1152 0.0635 0.0635 0.0635 0.2755 0.2755 0.2995 0.2995 0.3295 0.3295 0.3295 0.3265 0.3265 0.325 0.325 0.298 0.298 0.298 0.289 0.289 0.289 0.289 0.2885 0.2885 0.2885 0.2795 0.2795 0.2705 0.2705 0.265 0.265 0.265 0.263 0.263 0.2545 0.2545 0.251 0.251 0.255 0.255 0.255 0.2625 0.2625 0.2615 0.2615 0.2615 0.2615 0.2615 0.258 0.258 0.2595 0.2595 0.2565 0.2565 0.2565 0.25 0.25 0.26 0.26 0.251
-1 -1 -1 -1 -1 -1 -1 -1 -1 0.1497 0.1497 0.1497 0.1415 0.1415 0.1571 0.1571 0.1152 0.1152 0.0635 0.0635 0.0635 0.2755 0.2755 0.2995 0.2995 0.3295 0.3295 0.3295 0.3265 0.3265 0.325 0.325 0.298 0.298 0.298 0.289 0.289 0.289 0.289 0.2885 0.2885 0.2885 0.2795 0.2795 0.2705 0.2705 0.265 0.265 0.265 0.263 0.263 0.2545 0.2545 0.251 0.251 0.255 0.255 0.255 0.2625 0.2625 0.2615 0.2615 0.2615 0.2615 0.2615 0.258 0.258 0.2595 0.2595 0.2565 0.2565 0.2565 0.25 0.25 0.26 0.26 0.251
-1 -1 -1 -1 -1 -1 -1 -1 -1 0.1497 0.1497 0.1497 0.1415 0.1415 0.1571 0.1571 0.1152 0.1152 0.0635 0.0635 0.0635 0.2755 0.2755 0.2995 0.2995 0.3295 0.3295 0.3295 0.3265 0.3265 0.325 0.325 0.298 0.298 0.298 0.289 0.289 0.289 0.289 0.2885 0.2885 0.2885 0.2795 0.2795 0.2705 0.2705 0.265 0.265 0.265 0.263 0.263 0.2545 0.2545 0.251 0.251 0.255 0.255 0.255 0.2625 0.2625 0.2615 0.2615 0.2615 0.2615 0.2615 0.258 0.258 0.2595 0.2595 0.2565 0.2565 0.2565 0.25 0.25 0.26 0.26 0.251
-1 -1 -1 -1 -1 -1 -1 -1 -1 -1 -1 -1 0.1147 0.1147 0.1622 0.1622 0.1807 0.1807 0.1317 0.1317 0.1317 0.25 0.25 0.2825 0.2825 0.3255 0.3255 0.3255 0.3245 0.3245 0.315 0.315 0.2955 0.2955 0.2955 0.2785 0.2785 0.274 0.274 0.268 0.268 0.268 0.2725 0.2725 0.265 0.265 0.2775 0.2775 0.2775 0.266 0.266 0.254 0.254 0.254 0.254 0.251 0.251 0.251 0.2555 0.2555 0.253 0.253 0.253 0.253 0.253 0.245 0.245 0.239 0.239 0.255 0.255 0.255 0.2635 0.2635 0.2485 0.2485 0.255
-1 -1 -1 -1 -1 -1 -1 -1 -1 -1 -1 -1 0.1147 0.1147 0.1622 0.1622 0.1807 0.1807 0.1317 0.1317 0.1317 0.25 0.25 0.2825 0.2825 0.3255 0.3255 0.3255 0.3245 0.3245 0.315 0.315 0.2955 0.2955 0.2955 0.2785 0.2785 0.274 0.274 0.268 0.268 0.268 0.2725 0.2725 0.265 0.265 0.2775 0.2775 0.2775 0.266 0.266 0.254 0.254 0.254 0.254 0.251 0.251 0.251 0.2555 0.2555 0.253 0.253 0.253 0.253 0.253 0.245 0.245 0.239 0.239 0.255 0.255 0.255 0.2635 0.2635 0.2485 0.2485 0.255
-1 -1 -1 -1 -1 -1 -1 -1 -1 -1 -1 -1 -1 -1 -1 -1 -1 -1 0.1682 0.1682 0.1682 0.1215 0.1215 0.263 0.263 0.3145 0.3145 0.3145 0.3195 0.3195 0.3085 0.3085 0.2875 0.2875 0.2875 0.2725 0.2725 0.2665 0.2665 0.2615 0.2615 0.2615 0.263 0.263 0.2715 0.2715 0.281 0.281 0.281 0.277 0.277 0.272 0.272 0.262 0.262 0.2525 0.2525 0.2525 0.259 0.259 0.256 0.256 0.256 0.256 0.256 0.2455 0.2455 0.2545 0.2545 0.261 0.261 0.261 0.272 0.272 0.2575 0.2575 0.246
-1 -1 -1 -1 -1 -1 -1 -1 -1 -1 -1 -1 -1 -1 -1 -1 -1 -1 0.1682 0.1682 0.1682 0.1215 0.1215 0.263 0.263 0.3145 0.3145 0.3145 0.3195 0.3195 0.3085 0.3085 0.2875 0.2875 0.2875 0.2725 0.2725 0.2665 0.2665 0.2615 0.2615 0.2615 0.263 0.263 0.2715 0.2715 0.281 0.281 0.281 0.277 0.277 0.272 0.272 0.262 0.262 0.2525 0.2525 0.2525 0.259 0.259 0.256 0.256 0.256 0.256 0.256 0.2455 0.2455 0.2545 0.2545 0.261 0.261 0.261 0.272 0.272 0.2575 0.2575 0.246
-1 -1 -1 -1 -1 -1 -1 -1 -1 -1 -1 -1 -1 -1 -1 -1 -1 -1 -1 -1 -1 0.1697 0.1697 0.159 0.159 0.2985 0.2985 0.2985 0.316 0.316 0.314 0.314 0.29 0.29 0.29 0.274 0.274 0.274 0.274 0.26 0.26 0.26 0.266 0.266 0.2675 0.2675 0.271 0.271 0.271 0.2765 0.2765 0.2725 0.2725 0.2755 0.2755 0.28 0.28 0.28 0.2765 0.2765 0.2695 0.2695 0.2695 0.2695 0.2695 0.2375 0.2375 0.2515 0.2515 0.2505 0.2505 0.2505 0.2415 0.2415 0.2655 0.2655 0.276
-1 -1 -1 -1 -1 -1 -1 -1 -1 -1 -1 -1 -1 -1 -1 -1 -1 -1 -1 -1 -1 0.1697 0.1697 0.159 0.159 0.2985 0.2985 0.2985 0.316 0.316 0.314 0.314 0.29 0.29 0.29 0.274 0.274 0.274 0.274 0.26 0.26 0.26 0.266 0.266 0.2675 0.2675 0.271 0.271 0.271 0.2765 0.2765 0.2725 0.2725 0.2755 0.2755 0.28 0.28 0.28 0.2765 0.2765 0.2695 0.2695 0.2695 0.2695 0.2695 0.2375 0.2375 0.2515 0.2515 0.2505 0.2505 0.2505 0.2415 0.2415 0.2655 0.2655 0.276
-1 -1 -1 -1 -1 -1 -1 -1 -1 -1 -1 -1 -1 -1 -1 -1 -1 -1 -1 -1 -1 0.1512 0.1512 0.08670001 0.08670001 0.228 0.228 0.228 0.297 0.297 0.318 0.318 0.3045 0.3045 0.3045 0.2925 0.2925 0.262 0.262 0.231 0.231 0.231 0.224 0.224 0.243 0.243 0.264 0.264 0.264 0.267 0.267 0.2735 0.2735 0.283 0.283 0.2785 0.2785 0.2785 0.2765 0.2765 0.2615 0.2615 0.2615 0.2615 0.2615 0.253 0.253 0.2545 0.2545 0.269 0.269 0.269 0.258 0.258 0.259 0.259 0.2685
-1 -1 -1 -1 -1 -1 -1 -1 -1 -1 -1 -1 -1 -1 -1 -1 -1 -1 -1 -1 -1 0.1512 0.1512 0.08670001 0.08670001 0.228 0.228 0.228 0.297 0.297 0.318 0.318 0.3045 0.3045 0.3045 0.2925 0.2925 0.262 0.262 0.231 0.231 0.231 0.224 0.224 0.243 0.243 0.264 0.264 0.264 0.267 0.267 0.2735 0.2735 0.283 0.283 0.2785 0.2785 0.2785 0.2765 0.2765 0.2615 0.2615 0.2615 0.2615 0.2615 0.253 0.253 0.2545 0.2545 0.269 0.269 0.269 0.258 0.258 0.259 0.259 0.2685
-1 -1 -1 -1 -1 -1 -1 -1 -1 -1 -1 -1 -1 -1 -1 -1 -1 -1 -1 -1 -1 0.1512 0.1512 0.08670001 0.08670001 0.228 0.228 0.228 0.297 0.297 0.318 0.318 0.3045 0.3045 0.3045 0.2925 0.2925 0.262 0.262 0.231 0.231 0.231 0.224 0.224 0.243 0.243 0.264 0.264 0.264 0.267 0.267 0.2735 0.2735 0.283 0.283 0.2785 0.2785 0.2785 0.2765 0.2765 0.2615 0.2615 0.2615 0.2615 0.2615 0.253 0.253 0.2545 0.2545 0.269 0.269 0.269 0.258 0.258 0.259 0.259 0.2685
-1 -1 -1 -1 -1 -1 -1 -1 -1 -1 -1 -1 -1 -1 -1 -1 -1 -1 -1 -1 -1 -1 -1 0.1967 0.1967 0.0215 0.0215 0.0215 0.297 0.297 0.312 0.312 0.298 0.298 0.298 0.31 0.31 0.2025 0.2025 0.123 0.123 0.123 0.2045 0.2045 0.2405 0.2405 0.2565 0.2565 0.2565 0.278 0.278 0.296 0.296 0.289 0.289 0.293 0.293 0.293 0.28 0.28 0.2615 0.2615 0.2615 0.2615 0.2615 0.265 0.265 0.28 0.28 0.284 0.284 0.284 0.267 0.267 0.2755 0.2755 0.278
-1 -1 -1 -1 -1 -1 -1 -1 -1 -1 -1 -1 -1 -1 -1 -1 -1 -1 -1 -1 -1 -1 -1 0.1967 0.1967 0.0215 0.0215 0.0215 0.297 0.297 0.312 0.312 0.298 0.298 0.298 0.31 0.31 0.2025 0.2025 0.123 0.123 0.123 0.2045 0.2045 0.2405 0.2405 0.2565 0.2565 0.2565 0.278 0.278 0.296 0.296 0.289 0.289 0.293 0.293 0.293 0.28 0.28 0.2615 0.2615 0.2615 0.2615 0.2615 0.265 0.265 0.28 0.28 0.284 0.284 0.284 0.267 0.267 0.2755 0.2755 0.278
-1 -1 -1 -1 -1 -1 -1 -1 -1 -1 -1 -1 -1 -1 -1 -1 -1 -1 -1 -1 -1 -1 -1 -1 -1 0.09739999 0.09739999 0.09739999 0.191 0.191 0.291 0.291 0.307 0.307 0.307 0.2605 0.2605 0.1455 0.1455 0.143 0.143 0.143 0.22 0.22 0.2195 0.2195 0.2625 0.2625 0.2625 0.2555 0.2555 0.279 0.279 0.282 0.282 0.274 0.274 0.274 0.2755 0.2755 0.2735 0.2735 0.2735 0.2735 0.2735 0.255 0.255 0.274 0.274 0.273 0.273 0.273 0.278 0.278 0.285 0.285 0.309
-1 -1 -1 -1 -1 -1 -1 -1 -1 -1 -1 -1 -1 -1 -1 -1 -1 -1 -1 -1 -1 -1 -1 -1 -1 0.09739999 0.09739999 0.09739999 0.191 0.191 0.291 0.291 0.307 0.307 0.307 0.2605 0.2605 0.1455 0.1455 0.143 0.143 0.143 0.22 0.22 0.2195 0.2195 0.2625 0.2625 0.2625 0.2555 0.2555 0.279 0.279 0.282 0.282 0.274 0.274 0.274 0.2755 0.2755 0.2735 0.2735 0.2735 0.2735 0.2735 0.255 0.255 0.274 0.274 0.273 0.273 0.273 0.278 0.278 0.285 0.285 0.309
-1 -1 -1 -1 -1 -1 -1 -1 -1 -1 -1 -1 -1 -1 -1 -1 -1 -1 -1 -1 -1 -1 -1 -1 -1 0.1007 0.1007 0.1007 0.1616 0.1616 0.209 0.209 0.235 0.235 0.235 0.286 0.286 0.193 0.193 0.2615 0.2615 0.2615 0.3115 0.3115 0.3145 0.3145 0.3065 0.3065 0.3065 0.235 0.235 0.2735 0.2735 0.2845 0.2845 0.2735 0.2735 0.2735 0.274 0.274 0.2715 0.2715 0.2715 0.2715 0.2715 0.26 0.26 0.258 0.258 0.2585 0.2585 0.2585 0.2595 0.2595 0.2625 0.2625 0.2635
-1 -1 -1 -1 -1 -1 -1 -1 -1 -1 -1 -1 -1 -1 -1 -1 -1 -1 -1 -1 -1 -1 -1 -1 -1 0.1007 0.1007 0.1007 0.1616 0.1616 0.209 0.209 0.235 0.235 0.235 0.286 0.286 0.193 0.193 0.2615 0.2615 0.2615 0.3115 0.3115 0.3145 0.3145 0.3065 0.3065 0.3065 0.235 0.235 0.2735 0.2735 0.2845 0.2845 0.2735 0.2735 0.2735 0.274 0.274 0.2715 0.2715 0.2715 0.2715 0.2715 0.26 0.26 0.258 0.258 0.2585 0.2585 0.2585 0.2595 0.2595 0.2625 0.2625 0.2635
-1 -1 -1 -1 -1 -1 -1 -1 -1 -1 -1 -1 -1 -1 -1 -1 -1 -1 -1 -1 -1 -1 -1 -1 -1 0.1007 0.1007 0.1007 0.1616 0.1616 0.209 0.209 0.235 0.235 0.235 0.286 0.286 0.193 0.193 0.2615 0.2615 0.2615 0.3115 0.3115 0.3145 0.3145 0.3065 0.3065 0.3065 0.235 0.235 0.2735 0.2735 0.2845 0.2845 0.2735 0.2735 0.2735 0.274 0.274 0.2715 0.2715 0.2715 0.2715 0.2715 0.26 0.26 0.258 0.258 0.2585 0.2585 0.2585 0.2595 0.2595 0.2625 0.2625 0.2635
