ndvi/NOAA-291.asc
ncols         252
nrows         154
xllcorner     -18.017974
yllcorner     13.481982
cellsize      0.035948
NODATA_value  -9999
[rows 68 to 101 of 154, columns 156 to 233 of 252]
0.161 0.141 0.141 0.141 0.1285 0.1285 0.141 0.141 0.17 0.17 0.1835 0.1835 0.1835 0.205 0.205 0.209 0.209 0.189 0.189 0.189 0.2125 0.2125 0.206 0.206 0.2075 0.2075 0.2075 0.2155 0.2155 0.211 0.211 0.2135 0.2135 0.2135 0.215 0.215 0.205 0.205 0.1995 0.1995 0.1995 0.1925 0.1925 0.197 0.197 0.1995 0.1995 0.198 0.198 0.198 0.197 0.197 0.2015 0.2015 0.1935 0.1935 0.1935 0.204 0.204 0.2005 0.2005 0.1995 0.1995 0.1995 0.19 0.19 0.192 0.192 0.2055 0.2055 0.2055 0.188 0.188 0.177 0.177 0.1915 0.1915 0.1915
0.1625 0.145 0.145 0.145 0.138 0.138 0.1665 0.1665 0.148 0.148 0.199 0.199 0.199 0.1965 0.1965 0.198 0.198 0.2085 0.2085 0.2085 0.201 0.201 0.2155 0.2155 0.205 0.205 0.205 0.212 0.212 0.2 0.2 0.2035 0.2035 0.2035 0.2065 0.2065 0.1905 0.1905 0.19 0.19 0.19 0.193 0.193 0.184 0.184 0.191 0.191 0.194 0.194 0.194 0.1935 0.1935 0.2155 0.2155 0.206 0.206 0.206 0.2025 0.2025 0.2255 0.2255 0.211 0.211 0.211 0.1845 0.1845 0.184 0.184 0.1915 0.1915 0.1915 0.1855 0.1855 0.183 0.183 0.204 0.204 0.204
0.1625 0.145 0.145 0.145 0.138 0.138 0.1665 0.1665 0.148 0.148 0.199 0.199 0.199 0.1965 0.1965 0.198 0.198 0.2085 0.2085 0.2085 0.201 0.201 0.2155 0.2155 0.205 0.205 0.205 0.212 0.212 0.2 0.2 0.2035 0.2035 0.2035 0.2065 0.2065 0.1905 0.1905 0.19 0.19 0.19 0.193 0.193 0.184 0.184 0.191 0.191 0.194 0.194 0.194 0.1935 0.1935 0.2155 0.2155 0.206 0.206 0.206 0.2025 0.2025 0.2255 0.2255 0.211 0.211 0.211 0.1845 0.1845 0.184 0.184 0.1915 0.1915 0.1915 0.1855 0.1855 0.183 0.183 0.204 0.204 0.204
0.1625 0.1665 0.1665 0.1665 0.162 0.162 0.1665 0.1665 0.159 0.159 0.1965 0.1965 0.1965 0.188 0.188 0.2055 0.2055 0.2075 0.2075 0.2075 0.1995 0.1995 0.1975 0.1975 0.205 0.205 0.205 0.1975 0.1975 0.1975 0.1975 0.2005 0.2005 0.2005 0.194 0.194 0.1945 0.1945 0.2195 0.2195 0.2195 0.199 0.199 0.1985 0.1985 0.195 0.195 0.2005 0.2005 0.2005 0.2105 0.2105 0.2005 0.2005 0.2005 0.2005 0.2005 0.209 0.209 0.1955 0.1955 0.19 0.19 0.19 0.1845 0.1845 0.1755 0.1755 0.183 0.183 0.183 0.1845 0.1845 0.1915 0.1915 0.216 0.216 0.216
0.1625 0.1665 0.1665 0.1665 0.162 0.162 0.1665 0.1665 0.159 0.159 0.1965 0.1965 0.1965 0.188 0.188 0.2055 0.2055 0.2075 0.2075 0.2075 0.1995 0.1995 0.1975 0.1975 0.205 0.205 0.205 0.1975 0.1975 0.1975 0.1975 0.2005 0.2005 0.2005 0.194 0.194 0.1945 0.1945 0.2195 0.2195 0.2195 0.199 0.199 0.1985 0.1985 0.195 0.195 0.2005 0.2005 0.2005 0.2105 0.2105 0.2005 0.2005 0.2005 0.2005 0.2005 0.209 0.209 0.1955 0.1955 0.19 0.19 0.19 0.1845 0.1845 0.1755 0.1755 0.183 0.183 0.183 0.1845 0.1845 0.1915 0.1915 0.216 0.216 0.216
0.1625 0.1665 0.1665 0.1665 0.162 0.162 0.1665 0.1665 0.159 0.159 0.1965 0.1965 0.1965 0.188 0.188 0.2055 0.2055 0.2075 0.2075 0.2075 0.1995 0.1995 0.1975 0.1975 0.205 0.205 0.205 0.1975 0.1975 0.1975 0.1975 0.2005 0.2005 0.2005 0.194 0.194 0.1945 0.1945 0.2195 0.2195 0.2195 0.199 0.199 0.1985 0.1985 0.195 0.195 0.2005 0.2005 0.2005 0.2105 0.2105 0.2005 0.2005 0.2005 0.2005 0.2005 0.209 0.209 0.1955 0.1955 0.19 0.19 0.19 0.1845 0.1845 0.1755 0.1755 0.183 0.183 0.183 0.1845 0.1845 0.1915 0.1915 0.216 0.216 0.216
0.1725 0.1575 0.1575 0.1575 0.17 0.17 0.172 0.172 0.153 0.153 0.187 0.187 0.187 0.205 0.205 0.201 0.201 0.1985 0.1985 0.1985 0.197 0.197 0.203 0.203 0.2145 0.2145 0.2145 0.209 0.209 0.2015 0.2015 0.2 0.2 0.2 0.2055 0.2055 0.207 0.207 0.2095 0.2095 0.2095 0.211 0.211 0.215 0.215 0.2005 0.2005 0.2145 0.2145 0.2145 0.2155 0.2155 0.2055 0.2055 0.2055 0.2055 0.2055 0.197 0.197 0.2095 0.2095 0.221 0.221 0.221 0.1855 0.1855 0.1965 0.1965 0.174 0.174 0.174 0.191 0.191 0.1975 0.1975 0.1985 0.1985 0.1985
0.1725 0.1575 0.1575 0.1575 0.17 0.17 0.172 0.172 0.153 0.153 0.187 0.187 0.187 0.205 0.205 0.201 0.201 0.1985 0.1985 0.1985 0.197 0.197 0.203 0.203 0.2145 0.2145 0.2145 0.209 0.209 0.2015 0.2015 0.2 0.2 0.2 0.2055 0.2055 0.207 0.207 0.2095 0.2095 0.2095 0.211 0.211 0.215 0.215 0.2005 0.2005 0.2145 0.2145 0.2145 0.2155 0.2155 0.2055 0.2055 0.2055 0.2055 0.2055 0.197 0.197 0.2095 0.2095 0.221 0.221 0.221 0.1855 0.1855 0.1965 0.1965 0.174 0.174 0.174 0.191 0.191 0.1975 0.1975 0.1985 0.1985 0.1985
0.167 0.1835 0.1835 0.1835 0.159 0.159 0.168 0.168 0.1535 0.1535 0.187 0.187 0.187 0.204 0.204 0.196 0.196 0.2175 0.2175 0.2175 0.209 0.209 0.206 0.206 0.206 0.206 0.206 0.1915 0.1915 0.193 0.193 0.203 0.203 0.203 0.207 0.207 0.218 0.218 0.215 0.215 0.215 0.2195 0.2195 0.2155 0.2155 0.205 0.205 0.217 0.217 0.217 0.2165 0.2165 0.21 0.21 0.217 0.217 0.217 0.2145 0.2145 0.193 0.193 0.197 0.197 0.197 0.188 0.188 0.19 0.19 0.1895 0.1895 0.1895 0.186 0.186 0.195 0.195 0.203 0.203 0.203
0.167 0.1835 0.1835 0.1835 0.159 0.159 0.168 0.168 0.1535 0.1535 0.187 0.187 0.187 0.204 0.204 0.196 0.196 0.2175 0.2175 0.2175 0.209 0.209 0.206 0.206 0.206 0.206 0.206 0.1915 0.1915 0.193 0.193 0.203 0.203 0.203 0.207 0.207 0.218 0.218 0.215 0.215 0.215 0.2195 0.2195 0.2155 0.2155 0.205 0.205 0.217 0.217 0.217 0.2165 0.2165 0.21 0.21 0.217 0.217 0.217 0.2145 0.2145 0.193 0.193 0.197 0.197 0.197 0.188 0.188 0.19 0.19 0.1895 0.1895 0.1895 0.186 0.186 0.195 0.195 0.203 0.203 0.203
0.1385 0.153 0.153 0.153 0.159 0.159 0.149 0.149 0.158 0.158 0.18 0.18 0.18 0.1925 0.1925 0.1885 0.1885 0.188 0.188 0.188 0.199 0.199 0.208 0.208 0.199 0.199 0.199 0.2075 0.2075 0.195 0.195 0.2025 0.2025 0.2025 0.2115 0.2115 0.2155 0.2155 0.2145 0.2145 0.2145 0.2125 0.2125 0.2075 0.2075 0.196 0.196 0.202 0.202 0.202 0.202 0.202 0.2 0.2 0.2185 0.2185 0.2185 0.2165 0.2165 0.2105 0.2105 0.214 0.214 0.214 0.2085 0.2085 0.196 0.196 0.193 0.193 0.193 0.186 0.186 0.195 0.195 0.201 0.201 0.201
0.1385 0.153 0.153 0.153 0.159 0.159 0.149 0.149 0.158 0.158 0.18 0.18 0.18 0.1925 0.1925 0.1885 0.1885 0.188 0.188 0.188 0.199 0.199 0.208 0.208 0.199 0.199 0.199 0.2075 0.2075 0.195 0.195 0.2025 0.2025 0.2025 0.2115 0.2115 0.2155 0.2155 0.2145 0.2145 0.2145 0.2125 0.2125 0.2075 0.2075 0.196 0.196 0.202 0.202 0.202 0.202 0.202 0.2 0.2 0.2185 0.2185 0.2185 0.2165 0.2165 0.2105 0.2105 0.214 0.214 0.214 0.2085 0.2085 0.196 0.196 0.193 0.193 0.193 0.186 0.186 0.195 0.195 0.201 0.201 0.201
0.15 0.1535 0.1535 0.1535 0.147 0.147 0.138 0.138 0.1535 0.1535 0.1875 0.1875 0.1875 0.199 0.199 0.192 0.192 0.1785 0.1785 0.1785 0.19 0.19 0.208 0.208 0.197 0.197 0.197 0.2045 0.2045 0.198 0.198 0.198 0.198 0.198 0.213 0.213 0.2145 0.2145 0.206 0.206 0.206 0.2085 0.2085 0.196 0.196 0.203 0.203 0.207 0.207 0.207 0.218 0.218 0.233 0.233 0.2215 0.2215 0.2215 0.2145 0.2145 0.2225 0.2225 0.213 0.213 0.213 0.229 0.229 0.224 0.224 0.213 0.213 0.213 0.1985 0.1985 0.202 0.202 0.195 0.195 0.195
0.15 0.1535 0.1535 0.1535 0.147 0.147 0.138 0.138 0.1535 0.1535 0.1875 0.1875 0.1875 0.199 0.199 0.192 0.192 0.1785 0.1785 0.1785 0.19 0.19 0.208 0.208 0.197 0.197 0.197 0.2045 0.2045 0.198 0.198 0.198 0.198 0.198 0.213 0.213 0.2145 0.2145 0.206 0.206 0.206 0.2085 0.2085 0.196 0.196 0.203 0.203 0.207 0.207 0.207 0.218 0.218 0.233 0.233 0.2215 0.2215 0.2215 0.2145 0.2145 0.2225 0.2225 0.213 0.213 0.213 0.229 0.229 0.224 0.224 0.213 0.213 0.213 0.1985 0.1985 0.202 0.202 0.195 0.195 0.195
0.15 0.1535 0.1535 0.1535 0.147 0.147 0.138 0.138 0.1535 0.1535 0.1875 0.1875 0.1875 0.199 0.199 0.192 0.192 0.1785 0.1785 0.1785 0.19 0.19 0.208 0.208 0.197 0.197 0.197 0.2045 0.2045 0.198 0.198 0.198 0.198 0.198 0.213 0.213 0.2145 0.2145 0.206 0.206 0.206 0.2085 0.2085 0.196 0.196 0.203 0.203 0.207 0.207 0.207 0.218 0.218 0.233 0.233 0.2215 0.2215 0.2215 0.2145 0.2145 0.2225 0.2225 0.213 0.213 0.213 0.229 0.229 0.224 0.224 0.213 0.213 0.213 0.1985 0.1985 0.202 0.202 0.195 0.195 0.195
0.1685 0.1675 0.1675 0.1675 0.1445 0.1445 0.153 0.153 0.1885 0.1885 0.2095 0.2095 0.2095 0.1975 0.1975 0.223 0.223 0.2385 0.2385 0.2385 0.2445 0.2445 0.201 0.201 0.2025 0.2025 0.2025 0.191 0.191 0.188 0.188 0.193 0.193 0.193 0.197 0.197 0.192 0.192 0.1905 0.1905 0.1905 0.2065 0.2065 0.206 0.206 0.2045 0.2045 0.223 0.223 0.223 0.2455 0.2455 0.2435 0.2435 0.2375 0.2375 0.2375 0.2325 0.2325 0.22 0.22 0.2295 0.2295 0.2295 0.2275 0.2275 0.213 0.213 0.2095 0.2095 0.2095 0.208 0.208 0.214 0.214 0.2015 0.2015 0.2015
0.1685 0.1675 0.1675 0.1675 0.1445 0.1445 0.153 0.153 0.1885 0.1885 0.2095 0.2095 0.2095 0.1975 0.1975 0.223 0.223 0.2385 0.2385 0.2385 0.2445 0.2445 0.201 0.201 0.2025 0.2025 0.2025 0.191 0.191 0.188 0.188 0.193 0.193 0.193 0.197 0.197 0.192 0.192 0.1905 0.1905 0.1905 0.2065 0.2065 0.206 0.206 0.2045 0.2045 0.223 0.223 0.223 0.2455 0.2455 0.2435 0.2435 0.2375 0.2375 0.2375 0.2325 0.2325 0.22 0.22 0.2295 0.2295 0.2295 0.2275 0.2275 0.213 0.213 0.2095 0.2095 0.2095 0.208 0.208 0.214 0.214 0.2015 0.2015 0.2015
0.163 0.1825 0.1825 0.1825 0.1745 0.1745 0.1865 0.1865 0.2135 0.2135 0.215 0.215 0.215 0.201 0.201 0.233 0.233 0.232 0.232 0.232 0.2255 0.2255 0.221 0.221 0.2005 0.2005 0.2005 0.198 0.198 0.196 0.196 0.2015 0.2015 0.2015 0.205 0.205 0.2095 0.2095 0.218 0.218 0.218 0.2325 0.2325 0.224 0.224 0.227 0.227 0.246 0.246 0.246 0.2455 0.2455 0.2415 0.2415 0.2375 0.2375 0.2375 0.2425 0.2425 0.225 0.225 0.221 0.221 0.221 0.2295 0.2295 0.2165 0.2165 0.223 0.223 0.223 0.225 0.225 0.2175 0.2175 0.214 0.214 0.214
0.163 0.1825 0.1825 0.1825 0.1745 0.1745 0.1865 0.1865 0.2135 0.2135 0.215 0.215 0.215 0.201 0.201 0.233 0.233 0.232 0.232 0.232 0.2255 0.2255 0.221 0.221 0.2005 0.2005 0.2005 0.198 0.198 0.196 0.196 0.2015 0.2015 0.2015 0.205 0.205 0.2095 0.2095 0.218 0.218 0.218 0.2325 0.2325 0.224 0.224 0.227 0.227 0.246 0.246 0.246 0.2455 0.2455 0.2415 0.2415 0.2375 0.2375 0.2375 0.2425 0.2425 0.225 0.225 0.221 0.221 0.221 0.2295 0.2295 0.2165 0.2165 0.223 0.223 0.223 0.225 0.225 0.2175 0.2175 0.214 0.214 0.214
0.191 0.202 0.202 0.202 0.1615 0.1615 0.2025 0.2025 0.2035 0.2035 0.2 0.2 0.2 0.209 0.209 0.2285 0.2285 0.231 0.231 0.231 0.242 0.242 0.2245 0.2245 0.1995 0.1995 0.1995 0.2025 0.2025 0.194 0.194 0.202 0.202 0.202 0.2015 0.2015 0.203 0.203 0.221 0.221 0.221 0.2305 0.2305 0.231 0.231 0.228 0.228 0.245 0.245 0.245 0.247 0.247 0.2405 0.2405 0.223 0.223 0.223 0.2195 0.2195 0.219 0.219 0.2275 0.2275 0.2275 0.221 0.221 0.221 0.221 0.2255 0.2255 0.2255 0.2315 0.2315 0.221 0.221 0.2245 0.2245 0.2245
0.191 0.202 0.202 0.202 0.1615 0.1615 0.2025 0.2025 0.2035 0.2035 0.2 0.2 0.2 0.209 0.209 0.2285 0.2285 0.231 0.231 0.231 0.242 0.242 0.2245 0.2245 0.1995 0.1995 0.1995 0.2025 0.2025 0.194 0.194 0.202 0.202 0.202 0.2015 0.2015 0.203 0.203 0.221 0.221 0.221 0.2305 0.2305 0.231 0.231 0.228 0.228 0.245 0.245 0.245 0.247 0.247 0.2405 0.2405 0.223 0.223 0.223 0.2195 0.2195 0.219 0.219 0.2275 0.2275 0.2275 0.221 0.221 0.221 0.221 0.2255 0.2255 0.2255 0.2315 0.2315 0.221 0.221 0.2245 0.2245 0.2245
0.191 0.202 0.202 0.202 0.1615 0.1615 0.2025 0.2025 0.2035 0.2035 0.2 0.2 0.2 0.209 0.209 0.2285 0.2285 0.231 0.231 0.231 0.242 0.242 0.2245 0.2245 0.1995 0.1995 0.1995 0.2025 0.2025 0.194 0.194 0.202 0.202 0.202 0.2015 0.2015 0.203 0.203 0.221 0.221 0.221 0.2305 0.2305 0.231 0.231 0.228 0.228 0.245 0.245 0.245 0.247 0.247 0.2405 0.2405 0.223 0.223 0.223 0.2195 0.2195 0.219 0.219 0.2275 0.2275 0.2275 0.221 0.221 0.221 0.221 0.2255 0.2255 0.2255 0.2315 0.2315 0.221 0.221 0.2245 0.2245 0.2245
0.169 0.1885 0.1885 0.1885 0.173 0.173 0.186 0.186 0.208 0.208 0.207 0.207 0.207 0.2035 0.2035 0.225 0.225 0.2295 0.2295 0.2295 0.2295 0.2295 0.21 0.21 0.1925 0.1925 0.1925 0.1955 0.1955 0.1915 0.1915 0.1995 0.1995 0.1995 0.2175 0.2175 0.2235 0.2235 0.2375 0.2375 0.2375 0.2185 0.2185 0.2395 0.2395 0.2325 0.2325 0.219 0.219 0.219 0.222 0.222 0.2255 0.2255 0.2295 0.2295 0.2295 0.2145 0.2145 0.213 0.213 0.2045 0.2045 0.2045 0.2175 0.2175 0.2205 0.2205 0.2245 0.2245 0.2245 0.232 0.232 0.22 0.22 0.213 0.213 0.213
0.169 0.1885 0.1885 0.1885 0.173 0.173 0.186 0.186 0.208 0.208 0.207 0.207 0.207 0.2035 0.2035 0.225 0.225 0.2295 0.2295 0.2295 0.2295 0.2295 0.21 0.21 0.1925 0.1925 0.1925 0.1955 0.1955 0.1915 0.1915 0.1995 0.1995 0.1995 0.2175 0.2175 0.2235 0.2235 0.2375 0.2375 0.2375 0.2185 0.2185 0.2395 0.2395 0.2325 0.2325 0.219 0.219 0.219 0.222 0.222 0.2255 0.2255 0.2295 0.2295 0.2295 0.2145 0.2145 0.213 0.213 0.2045 0.2045 0.2045 0.2175 0.2175 0.2205 0.2205 0.2245 0.2245 0.2245 0.232 0.232 0.22 0.22 0.213 0.213 0.213
0.196 0.206 0.206 0.206 0.2015 0.2015 0.2045 0.2045 0.205 0.205 0.2265 0.2265 0.2265 0.2405 0.2405 0.246 0.246 0.2335 0.2335 0.2335 0.2365 0.2365 0.227 0.227 0.197 0.197 0.197 0.201 0.201 0.1995 0.1995 0.2015 0.2015 0.2015 0.2325 0.2325 0.242 0.242 0.224 0.224 0.224 0.2355 0.2355 0.225 0.225 0.222 0.222 0.2275 0.2275 0.2275 0.223 0.223 0.225 0.225 0.2175 0.2175 0.2175 0.2185 0.2185 0.2135 0.2135 0.2175 0.2175 0.2175 0.2115 0.2115 0.2195 0.2195 0.224 0.224 0.224 0.234 0.234 0.2315 0.2315 0.235 0.235 0.235
0.196 0.206 0.206 0.206 0.2015 0.2015 0.2045 0.2045 0.205 0.205 0.2265 0.2265 0.2265 0.2405 0.2405 0.246 0.246 0.2335 0.2335 0.2335 0.2365 0.2365 0.227 0.227 0.197 0.197 0.197 0.201 0.201 0.1995 0.1995 0.2015 0.2015 0.2015 0.2325 0.2325 0.242 0.242 0.224 0.224 0.224 0.2355 0.2355 0.225 0.225 0.222 0.222 0.2275 0.2275 0.2275 0.223 0.223 0.225 0.225 0.2175 0.2175 0.2175 0.2185 0.2185 0.2135 0.2135 0.2175 0.2175 0.2175 0.2115 0.2115 0.2195 0.2195 0.224 0.224 0.224 0.234 0.234 0.2315 0.2315 0.235 0.235 0.235
0.2045 0.2025 0.2025 0.2025 0.208 0.208 0.2025 0.2025 0.2025 0.2025 0.2095 0.2095 0.2095 0.2265 0.2265 0.2285 0.2285 0.2295 0.2295 0.2295 0.218 0.218 0.2055 0.2055 0.2 0.2 0.2 0.206 0.206 0.2055 0.2055 0.212 0.212 0.212 0.2215 0.2215 0.244 0.244 0.2525 0.2525 0.2525 0.2475 0.2475 0.254 0.254 0.254 0.254 0.2285 0.2285 0.2285 0.261 0.261 0.2295 0.2295 0.2235 0.2235 0.2235 0.2215 0.2215 0.21 0.21 0.2145 0.2145 0.2145 0.215 0.215 0.226 0.226 0.227 0.227 0.227 0.227 0.227 0.241 0.241 0.2395 0.2395 0.2395
0.2045 0.2025 0.2025 0.2025 0.208 0.208 0.2025 0.2025 0.2025 0.2025 0.2095 0.2095 0.2095 0.2265 0.2265 0.2285 0.2285 0.2295 0.2295 0.2295 0.218 0.218 0.2055 0.2055 0.2 0.2 0.2 0.206 0.206 0.2055 0.2055 0.212 0.212 0.212 0.2215 0.2215 0.244 0.244 0.2525 0.2525 0.2525 0.2475 0.2475 0.254 0.254 0.254 0.254 0.2285 0.2285 0.2285 0.261 0.261 0.2295 0.2295 0.2235 0.2235 0.2235 0.2215 0.2215 0.21 0.21 0.2145 0.2145 0.2145 0.215 0.215 0.226 0.226 0.227 0.227 0.227 0.227 0.227 0.241 0.241 0.2395 0.2395 0.2395
0.2045 0.2025 0.2025 0.2025 0.208 0.208 0.2025 0.2025 0.2025 0.2025 0.2095 0.2095 0.2095 0.2265 0.2265 0.2285 0.2285 0.2295 0.2295 0.2295 0.218 0.218 0.2055 0.2055 0.2 0.2 0.2 0.206 0.206 0.2055 0.2055 0.212 0.212 0.212 0.2215 0.2215 0.244 0.244 0.2525 0.2525 0.2525 0.2475 0.2475 0.254 0.254 0.254 0.254 0.2285 0.2285 0.2285 0.261 0.261 0.2295 0.2295 0.2235 0.2235 0.2235 0.2215 0.2215 0.21 0.21 0.2145 0.2145 0.2145 0.215 0.215 0.226 0.226 0.227 0.227 0.227 0.227 0.227 0.241 0.241 0.2395 0.2395 0.2395
0.216 0.201 0.201 0.201 0.2115 0.2115 0.2205 0.2205 0.2165 0.2165 0.209 0.209 0.209 0.205 0.205 0.195 0.195 0.213 0.213 0.213 0.2195 0.2195 0.203 0.203 0.2125 0.2125 0.2125 0.213 0.213 0.2135 0.2135 0.2075 0.2075 0.2075 0.219 0.219 0.2335 0.2335 0.2465 0.2465 0.2465 0.251 0.251 0.25 0.25 0.2365 0.2365 0.2155 0.2155 0.2155 0.2265 0.2265 0.2 0.2 0.201 0.201 0.201 0.2105 0.2105 0.208 0.208 0.202 0.202 0.202 0.2025 0.2025 0.2125 0.2125 0.2225 0.2225 0.2225 0.204 0.204 0.2105 0.2105 0.253 0.253 0.253
0.216 0.201 0.201 0.201 0.2115 0.2115 0.2205 0.2205 0.2165 0.2165 0.209 0.209 0.209 0.205 0.205 0.195 0.195 0.213 0.213 0.213 0.2195 0.2195 0.203 0.203 0.2125 0.2125 0.2125 0.213 0.213 0.2135 0.2135 0.2075 0.2075 0.2075 0.219 0.219 0.2335 0.2335 0.2465 0.2465 0.2465 0.251 0.251 0.25 0.25 0.2365 0.2365 0.2155 0.2155 0.2155 0.2265 0.2265 0.2 0.2 0.201 0.201 0.201 0.2105 0.2105 0.208 0.208 0.202 0.202 0.202 0.2025 0.2025 0.2125 0.2125 0.2225 0.2225 0.2225 0.204 0.204 0.2105 0.2105 0.253 0.253 0.253
0.2425 0.1965 0.1965 0.1965 0.192 0.192 0.209 0.209 0.207 0.207 0.216 0.216 0.216 0.212 0.212 0.217 0.217 0.2315 0.2315 0.2315 0.217 0.217 0.209 0.209 0.2125 0.2125 0.2125 0.2095 0.2095 0.2205 0.2205 0.2155 0.2155 0.2155 0.216 0.216 0.233 0.233 0.241 0.241 0.241 0.2365 0.2365 0.2365 0.2365 0.2245 0.2245 0.211 0.211 0.211 0.208 0.208 0.2105 0.2105 0.196 0.196 0.196 0.1905 0.1905 0.204 0.204 0.2 0.2 0.2 0.1945 0.1945 0.196 0.196 0.2085 0.2085 0.2085 0.228 0.228 0.2255 0.2255 0.202 0.202 0.202
0.2425 0.1965 0.1965 0.1965 0.192 0.192 0.209 0.209 0.207 0.207 0.216 0.216 0.216 0.212 0.212 0.217 0.217 0.2315 0.2315 0.2315 0.217 0.217 0.209 0.209 0.2125 0.2125 0.2125 0.2095 0.2095 0.2205 0.2205 0.2155 0.2155 0.2155 0.216 0.216 0.233 0.233 0.241 0.241 0.241 0.2365 0.2365 0.2365 0.2365 0.2245 0.2245 0.211 0.211 0.211 0.208 0.208 0.2105 0.2105 0.196 0.196 0.196 0.1905 0.1905 0.204 0.204 0.2 0.2 0.2 0.1945 0.1945 0.196 0.196 0.2085 0.2085 0.2085 0.228 0.228 0.2255 0.2255 0.202 0.202 0.202
0.208 0.1945 0.1945 0.1945 0.215 0.215 0.216 0.216 0.219 0.219 0.216 0.216 0.216 0.2135 0.2135 0.237 0.237 0.2335 0.2335 0.2335 0.211 0.211 0.214 0.214 0.227 0.227 0.227 0.208 0.208 0.217 0.217 0.2225 0.2225 0.2225 0.221 0.221 0.223 0.223 0.224 0.224 0.224 0.2225 0.2225 0.2125 0.2125 0.217 0.217 0.2185 0.2185 0.2185 0.1985 0.1985 0.1975 0.1975 0.189 0.189 0.189 0.1915 0.1915 0.1925 0.1925 0.2005 0.2005 0.2005 0.196 0.196 0.204 0.204 0.19 0.19 0.19 0.2035 0.2035 0.2125 0.2125 0.193 0.193 0.193
