ndvi/NOAA-122.asc
ncols         252
nrows         154
xllcorner     -18.017974
yllcorner     13.481982
cellsize      0.035948
NODATA_value  -9999
[rows 35 to 69 of 154, columns 154 to 230 of 252]
0.1195 0.121 0.121 0.118 0.118 0.118 0.1235 0.1235 0.1095 0.1095 0.101 0.101 0.0985 0.0985 0.0985 0.094 0.094 0.107 0.107 0.1025 0.1025 0.1025 0.104 0.104 0.1245 0.1245 0.127 0.127 0.127 0.132 0.132 0.131 0.131 0.125 0.125 0.125 0.1205 0.1205 0.122 0.122 0.1215 0.1215 0.1215 0.119 0.119 0.1245 0.1245 0.1315 0.1315 0.1295 0.1295 0.1295 0.125 0.125 0.127 0.127 0.126 0.126 0.126 0.134 0.134 0.125 0.125 0.1255 0.1255 0.1255 0.119 0.119 0.128 0.128 0.1275 0.1275 0.1275 0.128 0.128 0.119 0.119
0.1195 0.121 0.121 0.118 0.118 0.118 0.1235 0.1235 0.1095 0.1095 0.101 0.101 0.0985 0.0985 0.0985 0.094 0.094 0.107 0.107 0.1025 0.1025 0.1025 0.104 0.104 0.1245 0.1245 0.127 0.127 0.127 0.132 0.132 0.131 0.131 0.125 0.125 0.125 0.1205 0.1205 0.122 0.122 0.1215 0.1215 0.1215 0.119 0.119 0.1245 0.1245 0.1315 0.1315 0.1295 0.1295 0.1295 0.125 0.125 0.127 0.127 0.126 0.126 0.126 0.134 0.134 0.125 0.125 0.1255 0.1255 0.1255 0.119 0.119 0.128 0.128 0.1275 0.1275 0.1275 0.128 0.128 0.119 0.119
0.1265 0.115 0.115 0.107 0.107 0.107 0.096 0.096 0.09450001 0.09450001 0.097 0.097 0.0985 0.0985 0.0985 0.0985 0.0985 0.109 0.109 0.1015 0.1015 0.1015 0.1045 0.1045 0.1295 0.1295 0.132 0.132 0.132 0.1465 0.1465 0.131 0.131 0.1345 0.1345 0.1345 0.123 0.123 0.118 0.118 0.1135 0.1135 0.1135 0.119 0.119 0.1195 0.1195 0.1325 0.1325 0.118 0.118 0.118 0.1185 0.1185 0.124 0.124 0.125 0.125 0.125 0.129 0.129 0.134 0.134 0.1265 0.1265 0.1265 0.1255 0.1255 0.129 0.129 0.126 0.126 0.126 0.131 0.131 0.132 0.132
0.1265 0.115 0.115 0.107 0.107 0.107 0.096 0.096 0.09450001 0.09450001 0.097 0.097 0.0985 0.0985 0.0985 0.0985 0.0985 0.109 0.109 0.1015 0.1015 0.1015 0.1045 0.1045 0.1295 0.1295 0.132 0.132 0.132 0.1465 0.1465 0.131 0.131 0.1345 0.1345 0.1345 0.123 0.123 0.118 0.118 0.1135 0.1135 0.1135 0.119 0.119 0.1195 0.1195 0.1325 0.1325 0.118 0.118 0.118 0.1185 0.1185 0.124 0.124 0.125 0.125 0.125 0.129 0.129 0.134 0.134 0.1265 0.1265 0.1265 0.1255 0.1255 0.129 0.129 0.126 0.126 0.126 0.131 0.131 0.132 0.132
0.127 0.116 0.116 0.0895 0.0895 0.0895 0.094 0.094 0.096 0.096 0.099 0.099 0.0935 0.0935 0.0935 0.094 0.094 0.095 0.095 0.0855 0.0855 0.0855 0.0965 0.0965 0.13 0.13 0.143 0.143 0.143 0.14 0.14 0.145 0.145 0.135 0.135 0.135 0.127 0.127 0.1195 0.1195 0.115 0.115 0.115 0.1125 0.1125 0.125 0.125 0.1265 0.1265 0.126 0.126 0.126 0.1245 0.1245 0.122 0.122 0.127 0.127 0.127 0.129 0.129 0.1345 0.1345 0.1335 0.1335 0.1335 0.1285 0.1285 0.128 0.128 0.131 0.131 0.131 0.136 0.136 0.132 0.132
0.127 0.116 0.116 0.0895 0.0895 0.0895 0.094 0.094 0.096 0.096 0.099 0.099 0.0935 0.0935 0.0935 0.094 0.094 0.095 0.095 0.0855 0.0855 0.0855 0.0965 0.0965 0.13 0.13 0.143 0.143 0.143 0.14 0.14 0.145 0.145 0.135 0.135 0.135 0.127 0.127 0.1195 0.1195 0.115 0.115 0.115 0.1125 0.1125 0.125 0.125 0.1265 0.1265 0.126 0.126 0.126 0.1245 0.1245 0.122 0.122 0.127 0.127 0.127 0.129 0.129 0.1345 0.1345 0.1335 0.1335 0.1335 0.1285 0.1285 0.128 0.128 0.131 0.131 0.131 0.136 0.136 0.132 0.132
0.1235 0.1095 0.1095 0.089 0.089 0.089 0.0885 0.0885 0.0915 0.0915 0.099 0.099 0.09649999 0.09649999 0.09649999 0.0985 0.0985 0.104 0.104 0.1025 0.1025 0.1025 0.097 0.097 0.1295 0.1295 0.1415 0.1415 0.1415 0.1485 0.1485 0.1395 0.1395 0.1415 0.1415 0.1415 0.1355 0.1355 0.1195 0.1195 0.122 0.122 0.122 0.1235 0.1235 0.125 0.125 0.1285 0.1285 0.1265 0.1265 0.1265 0.1235 0.1235 0.127 0.127 0.134 0.134 0.134 0.1325 0.1325 0.1325 0.1325 0.142 0.142 0.142 0.139 0.139 0.1355 0.1355 0.1285 0.1285 0.1285 0.13 0.13 0.1355 0.1355
0.1235 0.1095 0.1095 0.089 0.089 0.089 0.0885 0.0885 0.0915 0.0915 0.099 0.099 0.09649999 0.09649999 0.09649999 0.0985 0.0985 0.104 0.104 0.1025 0.1025 0.1025 0.097 0.097 0.1295 0.1295 0.1415 0.1415 0.1415 0.1485 0.1485 0.1395 0.1395 0.1415 0.1415 0.1415 0.1355 0.1355 0.1195 0.1195 0.122 0.122 0.122 0.1235 0.1235 0.125 0.125 0.1285 0.1285 0.1265 0.1265 0.1265 0.1235 0.1235 0.127 0.127 0.134 0.134 0.134 0.1325 0.1325 0.1325 0.1325 0.142 0.142 0.142 0.139 0.139 0.1355 0.1355 0.1285 0.1285 0.1285 0.13 0.13 0.1355 0.1355
0.1235 0.1095 0.1095 0.089 0.089 0.089 0.0885 0.0885 0.0915 0.0915 0.099 0.099 0.09649999 0.09649999 0.09649999 0.0985 0.0985 0.104 0.104 0.1025 0.1025 0.1025 0.097 0.097 0.1295 0.1295 0.1415 0.1415 0.1415 0.1485 0.1485 0.1395 0.1395 0.1415 0.1415 0.1415 0.1355 0.1355 0.1195 0.1195 0.122 0.122 0.122 0.1235 0.1235 0.125 0.125 0.1285 0.1285 0.1265 0.1265 0.1265 0.1235 0.1235 0.127 0.127 0.134 0.134 0.134 0.1325 0.1325 0.1325 0.1325 0.142 0.142 0.142 0.139 0.139 0.1355 0.1355 0.1285 0.1285 0.1285 0.13 0.13 0.1355 0.1355
0.1115 0.1315 0.1315 0.125 0.125 0.125 0.1085 0.1085 0.1095 0.1095 0.111 0.111 0.1085 0.1085 0.1085 0.0955 0.0955 0.135 0.135 0.14 0.14 0.14 0.119 0.119 0.1275 0.1275 0.135 0.135 0.135 0.1365 0.1365 0.1445 0.1445 0.139 0.139 0.139 0.1345 0.1345 0.1265 0.1265 0.13 0.13 0.13 0.1275 0.1275 0.1335 0.1335 0.131 0.131 0.141 0.141 0.141 0.122 0.122 0.134 0.134 0.134 0.134 0.134 0.1385 0.1385 0.1435 0.1435 0.145 0.145 0.145 0.141 0.141 0.1325 0.1325 0.135 0.135 0.135 0.1325 0.1325 0.1295 0.1295
0.1115 0.1315 0.1315 0.125 0.125 0.125 0.1085 0.1085 0.1095 0.1095 0.111 0.111 0.1085 0.1085 0.1085 0.0955 0.0955 0.135 0.135 0.14 0.14 0.14 0.119 0.119 0.1275 0.1275 0.135 0.135 0.135 0.1365 0.1365 0.1445 0.1445 0.139 0.139 0.139 0.1345 0.1345 0.1265 0.1265 0.13 0.13 0.13 0.1275 0.1275 0.1335 0.1335 0.131 0.131 0.141 0.141 0.141 0.122 0.122 0.134 0.134 0.134 0.134 0.134 0.1385 0.1385 0.1435 0.1435 0.145 0.145 0.145 0.141 0.141 0.1325 0.1325 0.135 0.135 0.135 0.1325 0.1325 0.1295 0.1295
0.129 0.1115 0.1115 0.1515 0.1515 0.1515 0.1565 0.1565 0.148 0.148 0.148 0.148 0.158 0.158 0.158 0.149 0.149 0.1615 0.1615 0.148 0.148 0.148 0.152 0.152 0.136 0.136 0.1425 0.1425 0.1425 0.1455 0.1455 0.147 0.147 0.144 0.144 0.144 0.1355 0.1355 0.131 0.131 0.1335 0.1335 0.1335 0.1365 0.1365 0.136 0.136 0.1295 0.1295 0.145 0.145 0.145 0.1285 0.1285 0.1315 0.1315 0.14 0.14 0.14 0.148 0.148 0.142 0.142 0.14 0.14 0.14 0.139 0.139 0.1355 0.1355 0.14 0.14 0.14 0.139 0.139 0.137 0.137
0.129 0.1115 0.1115 0.1515 0.1515 0.1515 0.1565 0.1565 0.148 0.148 0.148 0.148 0.158 0.158 0.158 0.149 0.149 0.1615 0.1615 0.148 0.148 0.148 0.152 0.152 0.136 0.136 0.1425 0.1425 0.1425 0.1455 0.1455 0.147 0.147 0.144 0.144 0.144 0.1355 0.1355 0.131 0.131 0.1335 0.1335 0.1335 0.1365 0.1365 0.136 0.136 0.1295 0.1295 0.145 0.145 0.145 0.1285 0.1285 0.1315 0.1315 0.14 0.14 0.14 0.148 0.148 0.142 0.142 0.14 0.14 0.14 0.139 0.139 0.1355 0.1355 0.14 0.14 0.14 0.139 0.139 0.137 0.137
0.119 0.1165 0.1165 0.124 0.124 0.124 0.1575 0.1575 0.1665 0.1665 0.149 0.149 0.1505 0.1505 0.1505 0.1525 0.1525 0.1345 0.1345 0.138 0.138 0.138 0.138 0.138 0.156 0.156 0.1495 0.1495 0.1495 0.142 0.142 0.1355 0.1355 0.1475 0.1475 0.1475 0.1425 0.1425 0.1465 0.1465 0.1445 0.1445 0.1445 0.1485 0.1485 0.1475 0.1475 0.14 0.14 0.133 0.133 0.133 0.127 0.127 0.1315 0.1315 0.1435 0.1435 0.1435 0.15 0.15 0.142 0.142 0.1335 0.1335 0.1335 0.133 0.133 0.133 0.133 0.135 0.135 0.135 0.1395 0.1395 0.14 0.14
0.119 0.1165 0.1165 0.124 0.124 0.124 0.1575 0.1575 0.1665 0.1665 0.149 0.149 0.1505 0.1505 0.1505 0.1525 0.1525 0.1345 0.1345 0.138 0.138 0.138 0.138 0.138 0.156 0.156 0.1495 0.1495 0.1495 0.142 0.142 0.1355 0.1355 0.1475 0.1475 0.1475 0.1425 0.1425 0.1465 0.1465 0.1445 0.1445 0.1445 0.1485 0.1485 0.1475 0.1475 0.14 0.14 0.133 0.133 0.133 0.127 0.127 0.1315 0.1315 0.1435 0.1435 0.1435 0.15 0.15 0.142 0.142 0.1335 0.1335 0.1335 0.133 0.133 0.133 0.133 0.135 0.135 0.135 0.1395 0.1395 0.14 0.14
0.119 0.1165 0.1165 0.124 0.124 0.124 0.1575 0.1575 0.1665 0.1665 0.149 0.149 0.1505 0.1505 0.1505 0.1525 0.1525 0.1345 0.1345 0.138 0.138 0.138 0.138 0.138 0.156 0.156 0.1495 0.1495 0.1495 0.142 0.142 0.1355 0.1355 0.1475 0.1475 0.1475 0.1425 0.1425 0.1465 0.1465 0.1445 0.1445 0.1445 0.1485 0.1485 0.1475 0.1475 0.14 0.14 0.133 0.133 0.133 0.127 0.127 0.1315 0.1315 0.1435 0.1435 0.1435 0.15 0.15 0.142 0.142 0.1335 0.1335 0.1335 0.133 0.133 0.133 0.133 0.135 0.135 0.135 0.1395 0.1395 0.14 0.14
0.1125 0.13 0.13 0.1495 0.1495 0.1495 0.1685 0.1685 0.185 0.185 0.168 0.168 0.156 0.156 0.156 0.1395 0.1395 0.145 0.145 0.1405 0.1405 0.1405 0.1455 0.1455 0.149 0.149 0.1535 0.1535 0.1535 0.1505 0.1505 0.147 0.147 0.1545 0.1545 0.1545 0.156 0.156 0.163 0.163 0.154 0.154 0.154 0.1445 0.1445 0.1465 0.1465 0.131 0.131 0.124 0.124 0.124 0.1285 0.1285 0.1355 0.1355 0.1375 0.1375 0.1375 0.15 0.15 0.149 0.149 0.146 0.146 0.146 0.1355 0.1355 0.1355 0.1355 0.141 0.141 0.141 0.1415 0.1415 0.136 0.136
0.1125 0.13 0.13 0.1495 0.1495 0.1495 0.1685 0.1685 0.185 0.185 0.168 0.168 0.156 0.156 0.156 0.1395 0.1395 0.145 0.145 0.1405 0.1405 0.1405 0.1455 0.1455 0.149 0.149 0.1535 0.1535 0.1535 0.1505 0.1505 0.147 0.147 0.1545 0.1545 0.1545 0.156 0.156 0.163 0.163 0.154 0.154 0.154 0.1445 0.1445 0.1465 0.1465 0.131 0.131 0.124 0.124 0.124 0.1285 0.1285 0.1355 0.1355 0.1375 0.1375 0.1375 0.15 0.15 0.149 0.149 0.146 0.146 0.146 0.1355 0.1355 0.1355 0.1355 0.141 0.141 0.141 0.1415 0.1415 0.136 0.136
0.104 0.119 0.119 0.151 0.151 0.151 0.184 0.184 0.179 0.179 0.1795 0.1795 0.169 0.169 0.169 0.145 0.145 0.147 0.147 0.1455 0.1455 0.1455 0.1525 0.1525 0.1795 0.1795 0.1685 0.1685 0.1685 0.172 0.172 0.18 0.18 0.176 0.176 0.176 0.174 0.174 0.1675 0.1675 0.154 0.154 0.154 0.141 0.141 0.1425 0.1425 0.143 0.143 0.1325 0.1325 0.1325 0.138 0.138 0.138 0.138 0.1465 0.1465 0.1465 0.151 0.151 0.1515 0.1515 0.1575 0.1575 0.1575 0.143 0.143 0.1515 0.1515 0.1515 0.1515 0.1515 0.152 0.152 0.1555 0.1555
0.104 0.119 0.119 0.151 0.151 0.151 0.184 0.184 0.179 0.179 0.1795 0.1795 0.169 0.169 0.169 0.145 0.145 0.147 0.147 0.1455 0.1455 0.1455 0.1525 0.1525 0.1795 0.1795 0.1685 0.1685 0.1685 0.172 0.172 0.18 0.18 0.176 0.176 0.176 0.174 0.174 0.1675 0.1675 0.154 0.154 0.154 0.141 0.141 0.1425 0.1425 0.143 0.143 0.1325 0.1325 0.1325 0.138 0.138 0.138 0.138 0.1465 0.1465 0.1465 0.151 0.151 0.1515 0.1515 0.1575 0.1575 0.1575 0.143 0.143 0.1515 0.1515 0.1515 0.1515 0.1515 0.152 0.152 0.1555 0.1555
0.1125 0.105 0.105 0.1645 0.1645 0.1645 0.1505 0.1505 0.1705 0.1705 0.171 0.171 0.1765 0.1765 0.1765 0.1895 0.1895 0.1755 0.1755 0.183 0.183 0.183 0.19 0.19 0.1875 0.1875 0.1815 0.1815 0.1815 0.1785 0.1785 0.1745 0.1745 0.1675 0.1675 0.1675 0.171 0.171 0.1685 0.1685 0.149 0.149 0.149 0.1385 0.1385 0.1435 0.1435 0.144 0.144 0.139 0.139 0.139 0.1285 0.1285 0.1335 0.1335 0.144 0.144 0.144 0.146 0.146 0.162 0.162 0.156 0.156 0.156 0.1525 0.1525 0.151 0.151 0.157 0.157 0.157 0.156 0.156 0.1545 0.1545
0.1125 0.105 0.105 0.1645 0.1645 0.1645 0.1505 0.1505 0.1705 0.1705 0.171 0.171 0.1765 0.1765 0.1765 0.1895 0.1895 0.1755 0.1755 0.183 0.183 0.183 0.19 0.19 0.1875 0.1875 0.1815 0.1815 0.1815 0.1785 0.1785 0.1745 0.1745 0.1675 0.1675 0.1675 0.171 0.171 0.1685 0.1685 0.149 0.149 0.149 0.1385 0.1385 0.1435 0.1435 0.144 0.144 0.139 0.139 0.139 0.1285 0.1285 0.1335 0.1335 0.144 0.144 0.144 0.146 0.146 0.162 0.162 0.156 0.156 0.156 0.1525 0.1525 0.151 0.151 0.157 0.157 0.157 0.156 0.156 0.1545 0.1545
0.107 0.116 0.116 0.1285 0.1285 0.1285 0.1505 0.1505 0.16 0.16 0.155 0.155 0.155 0.155 0.155 0.167 0.167 0.187 0.187 0.2005 0.2005 0.2005 0.202 0.202 0.1985 0.1985 0.1785 0.1785 0.1785 0.1765 0.1765 0.1715 0.1715 0.163 0.163 0.163 0.1685 0.1685 0.1635 0.1635 0.152 0.152 0.152 0.1465 0.1465 0.144 0.144 0.139 0.139 0.14 0.14 0.14 0.126 0.126 0.122 0.122 0.1265 0.1265 0.1265 0.141 0.141 0.1555 0.1555 0.156 0.156 0.156 0.158 0.158 0.1555 0.1555 0.153 0.153 0.153 0.1445 0.1445 0.153 0.153
0.107 0.116 0.116 0.1285 0.1285 0.1285 0.1505 0.1505 0.16 0.16 0.155 0.155 0.155 0.155 0.155 0.167 0.167 0.187 0.187 0.2005 0.2005 0.2005 0.202 0.202 0.1985 0.1985 0.1785 0.1785 0.1785 0.1765 0.1765 0.1715 0.1715 0.163 0.163 0.163 0.1685 0.1685 0.1635 0.1635 0.152 0.152 0.152 0.1465 0.1465 0.144 0.144 0.139 0.139 0.14 0.14 0.14 0.126 0.126 0.122 0.122 0.1265 0.1265 0.1265 0.141 0.141 0.1555 0.1555 0.156 0.156 0.156 0.158 0.158 0.1555 0.1555 0.153 0.153 0.153 0.1445 0.1445 0.153 0.153
0.107 0.116 0.116 0.1285 0.1285 0.1285 0.1505 0.1505 0.16 0.16 0.155 0.155 0.155 0.155 0.155 0.167 0.167 0.187 0.187 0.2005 0.2005 0.2005 0.202 0.202 0.1985 0.1985 0.1785 0.1785 0.1785 0.1765 0.1765 0.1715 0.1715 0.163 0.163 0.163 0.1685 0.1685 0.1635 0.1635 0.152 0.152 0.152 0.1465 0.1465 0.144 0.144 0.139 0.139 0.14 0.14 0.14 0.126 0.126 0.122 0.122 0.1265 0.1265 0.1265 0.141 0.141 0.1555 0.1555 0.156 0.156 0.156 0.158 0.158 0.1555 0.1555 0.153 0.153 0.153 0.1445 0.1445 0.153 0.153
0.108 0.115 0.115 0.1125 0.1125 0.1125 0.1185 0.1185 0.1475 0.1475 0.154 0.154 0.149 0.149 0.149 0.1575 0.1575 0.2035 0.2035 0.2115 0.2115 0.2115 0.201 0.201 0.1975 0.1975 0.1845 0.1845 0.1845 0.1675 0.1675 0.1735 0.1735 0.159 0.159 0.159 0.172 0.172 0.1655 0.1655 0.161 0.161 0.161 0.1445 0.1445 0.1335 0.1335 0.1355 0.1355 0.131 0.131 0.131 0.1235 0.1235 0.114 0.114 0.1195 0.1195 0.1195 0.128 0.128 0.148 0.148 0.139 0.139 0.139 0.1525 0.1525 0.146 0.146 0.14 0.14 0.14 0.13 0.13 0.143 0.143
0.108 0.115 0.115 0.1125 0.1125 0.1125 0.1185 0.1185 0.1475 0.1475 0.154 0.154 0.149 0.149 0.149 0.1575 0.1575 0.2035 0.2035 0.2115 0.2115 0.2115 0.201 0.201 0.1975 0.1975 0.1845 0.1845 0.1845 0.1675 0.1675 0.1735 0.1735 0.159 0.159 0.159 0.172 0.172 0.1655 0.1655 0.161 0.161 0.161 0.1445 0.1445 0.1335 0.1335 0.1355 0.1355 0.131 0.131 0.131 0.1235 0.1235 0.114 0.114 0.1195 0.1195 0.1195 0.128 0.128 0.148 0.148 0.139 0.139 0.139 0.1525 0.1525 0.146 0.146 0.14 0.14 0.14 0.13 0.13 0.143 0.143
0.1235 0.1225 0.1225 0.11 0.11 0.11 0.107 0.107 0.122 0.122 0.1475 0.1475 0.156 0.156 0.156 0.1915 0.1915 0.206 0.206 0.2095 0.2095 0.2095 0.2025 0.2025 0.195 0.195 0.1775 0.1775 0.1775 0.1745 0.1745 0.178 0.178 0.18 0.18 0.18 0.176 0.176 0.178 0.178 0.177 0.177 0.177 0.169 0.169 0.148 0.148 0.132 0.132 0.1375 0.1375 0.1375 0.148 0.148 0.148 0.148 0.1355 0.1355 0.1355 0.125 0.125 0.137 0.137 0.1555 0.1555 0.1555 0.1575 0.1575 0.137 0.137 0.132 0.132 0.132 0.1195 0.1195 0.136 0.136
0.1235 0.1225 0.1225 0.11 0.11 0.11 0.107 0.107 0.122 0.122 0.1475 0.1475 0.156 0.156 0.156 0.1915 0.1915 0.206 0.206 0.2095 0.2095 0.2095 0.2025 0.2025 0.195 0.195 0.1775 0.1775 0.1775 0.1745 0.1745 0.178 0.178 0.18 0.18 0.18 0.176 0.176 0.178 0.178 0.177 0.177 0.177 0.169 0.169 0.148 0.148 0.132 0.132 0.1375 0.1375 0.1375 0.148 0.148 0.148 0.148 0.1355 0.1355 0.1355 0.125 0.125 0.137 0.137 0.1555 0.1555 0.1555 0.1575 0.1575 0.137 0.137 0.132 0.132 0.132 0.1195 0.1195 0.136 0.136
0.1265 0.1325 0.1325 0.126 0.126 0.126 0.1075 0.1075 0.12 0.12 0.1655 0.1655 0.174 0.174 0.174 0.1985 0.1985 0.216 0.216 0.2015 0.2015 0.2015 0.2025 0.2025 0.192 0.192 0.1795 0.1795 0.1795 0.1755 0.1755 0.1815 0.1815 0.1895 0.1895 0.1895 0.188 0.188 0.1915 0.1915 0.1885 0.1885 0.1885 0.181 0.181 0.1835 0.1835 0.178 0.178 0.176 0.176 0.176 0.1945 0.1945 0.2035 0.2035 0.176 0.176 0.176 0.1485 0.1485 0.156 0.156 0.169 0.169 0.169 0.1815 0.1815 0.157 0.157 0.1555 0.1555 0.1555 0.1685 0.1685 0.164 0.164
0.1265 0.1325 0.1325 0.126 0.126 0.126 0.1075 0.1075 0.12 0.12 0.1655 0.1655 0.174 0.174 0.174 0.1985 0.1985 0.216 0.216 0.2015 0.2015 0.2015 0.2025 0.2025 0.192 0.192 0.1795 0.1795 0.1795 0.1755 0.1755 0.1815 0.1815 0.1895 0.1895 0.1895 0.188 0.188 0.1915 0.1915 0.1885 0.1885 0.1885 0.181 0.181 0.1835 0.1835 0.178 0.178 0.176 0.176 0.176 0.1945 0.1945 0.2035 0.2035 0.176 0.176 0.176 0.1485 0.1485 0.156 0.156 0.169 0.169 0.169 0.1815 0.1815 0.157 0.157 0.1555 0.1555 0.1555 0.1685 0.1685 0.164 0.164
0.1265 0.1325 0.1325 0.126 0.126 0.126 0.1075 0.1075 0.12 0.12 0.1655 0.1655 0.174 0.174 0.174 0.1985 0.1985 0.216 0.216 0.2015 0.2015 0.2015 0.2025 0.2025 0.192 0.192 0.1795 0.1795 0.1795 0.1755 0.1755 0.1815 0.1815 0.1895 0.1895 0.1895 0.188 0.188 0.1915 0.1915 0.1885 0.1885 0.1885 0.181 0.181 0.1835 0.1835 0.178 0.178 0.176 0.176 0.176 0.1945 0.1945 0.2035 0.2035 0.176 0.176 0.176 0.1485 0.1485 0.156 0.156 0.169 0.169 0.169 0.1815 0.1815 0.157 0.157 0.1555 0.1555 0.1555 0.1685 0.1685 0.164 0.164
0.1235 0.126 0.126 0.131 0.131 0.131 0.136 0.136 0.1375 0.1375 0.1775 0.1775 0.183 0.183 0.183 0.1975 0.1975 0.209 0.209 0.2045 0.2045 0.2045 0.2105 0.2105 0.199 0.199 0.196 0.196 0.196 0.1975 0.1975 0.2055 0.2055 0.197 0.197 0.197 0.1955 0.1955 0.1975 0.1975 0.199 0.199 0.199 0.1915 0.1915 0.189 0.189 0.1915 0.1915 0.1975 0.1975 0.1975 0.1925 0.1925 0.1975 0.1975 0.202 0.202 0.202 0.2145 0.2145 0.2005 0.2005 0.1965 0.1965 0.1965 0.1715 0.1715 0.1725 0.1725 0.2035 0.2035 0.2035 0.1855 0.1855 0.1765 0.1765
0.1235 0.126 0.126 0.131 0.131 0.131 0.136 0.136 0.1375 0.1375 0.1775 0.1775 0.183 0.183 0.183 0.1975 0.1975 0.209 0.209 0.2045 0.2045 0.2045 0.2105 0.2105 0.199 0.199 0.196 0.196 0.196 0.1975 0.1975 0.2055 0.2055 0.197 0.197 0.197 0.1955 0.1955 0.1975 0.1975 0.199 0.199 0.199 0.1915 0.1915 0.189 0.189 0.1915 0.1915 0.1975 0.1975 0.1975 0.1925 0.1925 0.1975 0.1975 0.202 0.202 0.202 0.2145 0.2145 0.2005 0.2005 0.1965 0.1965 0.1965 0.1715 0.1715 0.1725 0.1725 0.2035 0.2035 0.2035 0.1855 0.1855 0.1765 0.1765
0.1325 0.1255 0.1255 0.1305 0.1305 0.1305 0.1375 0.1375 0.148 0.148 0.1425 0.1425 0.203 0.203 0.203 0.2015 0.2015 0.197 0.197 0.2065 0.2065 0.2065 0.2 0.2 0.204 0.204 0.2085 0.2085 0.2085 0.1925 0.1925 0.199 0.199 0.199 0.199 0.199 0.196 0.196 0.2005 0.2005 0.204 0.204 0.204 0.196 0.196 0.1945 0.1945 0.197 0.197 0.1985 0.1985 0.1985 0.201 0.201 0.204 0.204 0.1995 0.1995 0.1995 0.2055 0.2055 0.1985 0.1985 0.196 0.196 0.196 0.1745 0.1745 0.185 0.185 0.1975 0.1975 0.1975 0.182 0.182 0.1865 0.1865
