ndvi/NOAA-371.asc
ncols         252
nrows         154
xllcorner     -18.017974
yllcorner     13.481982
cellsize      0.035948
NODATA_value  -9999
[rows 102 to 135 of 154, columns 0 to 76 of 252]
-1 -1 -1 -1 -1 -1 -1 -1 -1 -1 -1 -1 -1 -1 -1 -1 -1 -1 -1 -1 -1 -1 -1 -1 -1 0.035 0.035 0.035 0.2125 0.2125 0.3265 0.3265 0.315 0.315 0.315 0.281 0.281 0.271 0.271 0.258 0.258 0.258 0.2525 0.2525 0.263 0.263 0.297 0.297 0.297 0.291 0.291 0.262 0.262 0.315 0.315 0.3255 0.3255 0.3255 0.3305 0.3305 0.352 0.352 0.352 0.352 0.352 0.356 0.356 0.3565 0.3565 0.341 0.341 0.341 0.279 0.279 0.316 0.316 0.2735
-1 -1 -1 -1 -1 -1 -1 -1 -1 -1 -1 -1 -1 -1 -1 -1 -1 -1 -1 -1 -1 -1 -1 0.0265 0.0265 0.2805 0.2805 0.2805 0.3335 0.3335 0.311 0.311 0.2835 0.2835 0.2835 0.2715 0.2715 0.282 0.282 0.2985 0.2985 0.2985 0.2985 0.2985 0.2935 0.2935 0.3395 0.3395 0.3395 0.388 0.388 0.3495 0.3495 0.3155 0.3155 0.3415 0.3415 0.3415 0.332 0.332 0.361 0.361 0.361 0.361 0.361 0.3675 0.3675 0.3595 0.3595 0.3265 0.3265 0.3265 0.306 0.306 0.311 0.311 0.3545
-1 -1 -1 -1 -1 -1 -1 -1 -1 -1 -1 -1 -1 -1 -1 -1 -1 -1 -1 -1 -1 -1 -1 0.0265 0.0265 0.2805 0.2805 0.2805 0.3335 0.3335 0.311 0.311 0.2835 0.2835 0.2835 0.2715 0.2715 0.282 0.282 0.2985 0.2985 0.2985 0.2985 0.2985 0.2935 0.2935 0.3395 0.3395 0.3395 0.388 0.388 0.3495 0.3495 0.3155 0.3155 0.3415 0.3415 0.3415 0.332 0.332 0.361 0.361 0.361 0.361 0.361 0.3675 0.3675 0.3595 0.3595 0.3265 0.3265 0.3265 0.306 0.306 0.311 0.311 0.3545
-1 -1 -1 -1 -1 -1 -1 -1 -1 -1 -1 -1 -1 -1 -1 -1 -1 -1 -1 -1 -1 -1 -1 0.0265 0.0265 0.2805 0.2805 0.2805 0.3335 0.3335 0.311 0.311 0.2835 0.2835 0.2835 0.2715 0.2715 0.282 0.282 0.2985 0.2985 0.2985 0.2985 0.2985 0.2935 0.2935 0.3395 0.3395 0.3395 0.388 0.388 0.3495 0.3495 0.3155 0.3155 0.3415 0.3415 0.3415 0.332 0.332 0.361 0.361 0.361 0.361 0.361 0.3675 0.3675 0.3595 0.3595 0.3265 0.3265 0.3265 0.306 0.306 0.311 0.311 0.3545
-1 -1 -1 -1 -1 -1 -1 -1 -1 -1 -1 -1 -1 -1 -1 -1 -1 -1 -1 -1 -1 0.0395 0.0395 0.212 0.212 0.423 0.423 0.423 0.4085 0.4085 0.327 0.327 0.3165 0.3165 0.3165 0.317 0.317 0.3285 0.3285 0.343 0.343 0.343 0.305 0.305 0.317 0.317 0.3665 0.3665 0.3665 0.3645 0.3645 0.357 0.357 0.3415 0.3415 0.3655 0.3655 0.3655 0.364 0.364 0.386 0.386 0.386 0.386 0.386 0.384 0.384 0.4055 0.4055 0.363 0.363 0.363 0.404 0.404 0.3845 0.3845 0.3915
-1 -1 -1 -1 -1 -1 -1 -1 -1 -1 -1 -1 -1 -1 -1 -1 -1 -1 -1 -1 -1 0.0395 0.0395 0.212 0.212 0.423 0.423 0.423 0.4085 0.4085 0.327 0.327 0.3165 0.3165 0.3165 0.317 0.317 0.3285 0.3285 0.343 0.343 0.343 0.305 0.305 0.317 0.317 0.3665 0.3665 0.3665 0.3645 0.3645 0.357 0.357 0.3415 0.3415 0.3655 0.3655 0.3655 0.364 0.364 0.386 0.386 0.386 0.386 0.386 0.384 0.384 0.4055 0.4055 0.363 0.363 0.363 0.404 0.404 0.3845 0.3845 0.3915
-1 -1 -1 -1 -1 -1 -1 -1 -1 -1 -1 -1 -1 -1 -1 -1 -1 -1 -1 -1 -1 0.1985 0.1985 0.3565 0.3565 0.409 0.409 0.409 0.3505 0.3505 0.329 0.329 0.289 0.289 0.289 0.2915 0.2915 0.316 0.316 0.321 0.321 0.321 0.3185 0.3185 0.319 0.319 0.3655 0.3655 0.3655 0.4005 0.4005 0.3975 0.3975 0.3375 0.3375 0.352 0.352 0.352 0.363 0.363 0.363 0.363 0.363 0.363 0.363 0.3455 0.3455 0.355 0.355 0.3985 0.3985 0.3985 0.3915 0.3915 0.401 0.401 0.402
-1 -1 -1 -1 -1 -1 -1 -1 -1 -1 -1 -1 -1 -1 -1 -1 -1 -1 -1 -1 -1 0.1985 0.1985 0.3565 0.3565 0.409 0.409 0.409 0.3505 0.3505 0.329 0.329 0.289 0.289 0.289 0.2915 0.2915 0.316 0.316 0.321 0.321 0.321 0.3185 0.3185 0.319 0.319 0.3655 0.3655 0.3655 0.4005 0.4005 0.3975 0.3975 0.3375 0.3375 0.352 0.352 0.352 0.363 0.363 0.363 0.363 0.363 0.363 0.363 0.3455 0.3455 0.355 0.355 0.3985 0.3985 0.3985 0.3915 0.3915 0.401 0.401 0.402
-1 -1 -1 -1 -1 -1 -1 -1 -1 -1 -1 -1 -1 -1 -1 -1 -1 -1 0.1835 0.1835 0.1835 0.413 0.413 0.486 0.486 0.5125 0.5125 0.5125 0.4005 0.4005 0.3585 0.3585 0.286 0.286 0.286 0.287 0.287 0.286 0.286 0.3145 0.3145 0.3145 0.32 0.32 0.325 0.325 0.369 0.369 0.369 0.3825 0.3825 0.3925 0.3925 0.356 0.356 0.3715 0.3715 0.3715 0.3345 0.3345 0.3185 0.3185 0.3185 0.3185 0.3185 0.308 0.308 0.322 0.322 0.372 0.372 0.372 0.415 0.415 0.4085 0.4085 0.3605
-1 -1 -1 -1 -1 -1 -1 -1 -1 -1 -1 -1 -1 -1 -1 -1 -1 -1 0.1835 0.1835 0.1835 0.413 0.413 0.486 0.486 0.5125 0.5125 0.5125 0.4005 0.4005 0.3585 0.3585 0.286 0.286 0.286 0.287 0.287 0.286 0.286 0.3145 0.3145 0.3145 0.32 0.32 0.325 0.325 0.369 0.369 0.369 0.3825 0.3825 0.3925 0.3925 0.356 0.356 0.3715 0.3715 0.3715 0.3345 0.3345 0.3185 0.3185 0.3185 0.3185 0.3185 0.308 0.308 0.322 0.322 0.372 0.372 0.372 0.415 0.415 0.4085 0.4085 0.3605
-1 -1 -1 -1 -1 -1 -1 -1 -1 -1 -1 -1 -1 -1 -1 -1 -1 -1 0.1835 0.1835 0.1835 0.413 0.413 0.486 0.486 0.5125 0.5125 0.5125 0.4005 0.4005 0.3585 0.3585 0.286 0.286 0.286 0.287 0.287 0.286 0.286 0.3145 0.3145 0.3145 0.32 0.32 0.325 0.325 0.369 0.369 0.369 0.3825 0.3825 0.3925 0.3925 0.356 0.356 0.3715 0.3715 0.3715 0.3345 0.3345 0.3185 0.3185 0.3185 0.3185 0.3185 0.308 0.308 0.322 0.322 0.372 0.372 0.372 0.415 0.415 0.4085 0.4085 0.3605
-1 -1 -1 -1 -1 -1 -1 -1 -1 -1 -1 -1 -1 -1 -1 -1 0.3115 0.3115 0.4545 0.4545 0.4545 0.4565 0.4565 0.5015 0.5015 0.4285 0.4285 0.4285 0.4095 0.4095 0.344 0.344 0.3205 0.3205 0.3205 0.2885 0.2885 0.303 0.303 0.3305 0.3305 0.3305 0.3745 0.3745 0.357 0.357 0.3205 0.3205 0.3205 0.329 0.329 0.3355 0.3355 0.38 0.38 0.345 0.345 0.345 0.3525 0.3525 0.3535 0.3535 0.3535 0.3535 0.3535 0.3575 0.3575 0.327 0.327 0.3615 0.3615 0.3615 0.3625 0.3625 0.3545 0.3545 0.3385
-1 -1 -1 -1 -1 -1 -1 -1 -1 -1 -1 -1 -1 -1 -1 -1 0.3115 0.3115 0.4545 0.4545 0.4545 0.4565 0.4565 0.5015 0.5015 0.4285 0.4285 0.4285 0.4095 0.4095 0.344 0.344 0.3205 0.3205 0.3205 0.2885 0.2885 0.303 0.303 0.3305 0.3305 0.3305 0.3745 0.3745 0.357 0.357 0.3205 0.3205 0.3205 0.329 0.329 0.3355 0.3355 0.38 0.38 0.345 0.345 0.345 0.3525 0.3525 0.3535 0.3535 0.3535 0.3535 0.3535 0.3575 0.3575 0.327 0.327 0.3615 0.3615 0.3615 0.3625 0.3625 0.3545 0.3545 0.3385
-1 -1 -1 -1 -1 -1 -1 -1 -1 -1 -1 -1 0.139 0.139 0.1905 0.1905 0.231 0.231 0.4585 0.4585 0.4585 0.4485 0.4485 0.485 0.485 0.414 0.414 0.414 0.38 0.38 0.3785 0.3785 0.328 0.328 0.328 0.341 0.341 0.394 0.394 0.382 0.382 0.382 0.382 0.382 0.4095 0.4095 0.414 0.414 0.414 0.3895 0.3895 0.388 0.388 0.3655 0.3655 0.3645 0.3645 0.3645 0.366 0.366 0.3535 0.3535 0.3535 0.3535 0.3535 0.3315 0.3315 0.3245 0.3245 0.333 0.333 0.333 0.368 0.368 0.3475 0.3475 0.35
-1 -1 -1 -1 -1 -1 -1 -1 -1 -1 -1 -1 0.139 0.139 0.1905 0.1905 0.231 0.231 0.4585 0.4585 0.4585 0.4485 0.4485 0.485 0.485 0.414 0.414 0.414 0.38 0.38 0.3785 0.3785 0.328 0.328 0.328 0.341 0.341 0.394 0.394 0.382 0.382 0.382 0.382 0.382 0.4095 0.4095 0.414 0.414 0.414 0.3895 0.3895 0.388 0.388 0.3655 0.3655 0.3645 0.3645 0.3645 0.366 0.366 0.3535 0.3535 0.3535 0.3535 0.3535 0.3315 0.3315 0.3245 0.3245 0.333 0.333 0.333 0.368 0.368 0.3475 0.3475 0.35
-1 -1 -1 -1 -1 -1 -1 -1 -1 0.1467 0.1467 0.1467 0.07250001 0.07250001 0.1404 0.1404 0.118 0.118 0.1545 0.1545 0.1545 0.485 0.485 0.455 0.455 0.4455 0.4455 0.4455 0.408 0.408 0.376 0.376 0.3585 0.3585 0.3585 0.3925 0.3925 0.3925 0.3925 0.408 0.408 0.408 0.445 0.445 0.4425 0.4425 0.413 0.413 0.413 0.3955 0.3955 0.4185 0.4185 0.3875 0.3875 0.3845 0.3845 0.3845 0.3695 0.3695 0.3455 0.3455 0.3455 0.3455 0.3455 0.337 0.337 0.3565 0.3565 0.3265 0.3265 0.3265 0.327 0.327 0.3445 0.3445 0.3445
-1 -1 -1 -1 -1 -1 -1 -1 -1 0.1467 0.1467 0.1467 0.07250001 0.07250001 0.1404 0.1404 0.118 0.118 0.1545 0.1545 0.1545 0.485 0.485 0.455 0.455 0.4455 0.4455 0.4455 0.408 0.408 0.376 0.376 0.3585 0.3585 0.3585 0.3925 0.3925 0.3925 0.3925 0.408 0.408 0.408 0.445 0.445 0.4425 0.4425 0.413 0.413 0.413 0.3955 0.3955 0.4185 0.4185 0.3875 0.3875 0.3845 0.3845 0.3845 0.3695 0.3695 0.3455 0.3455 0.3455 0.3455 0.3455 0.337 0.337 0.3565 0.3565 0.3265 0.3265 0.3265 0.327 0.327 0.3445 0.3445 0.3445
-1 -1 -1 -1 -1 -1 -1 -1 -1 0.1467 0.1467 0.1467 0.07250001 0.07250001 0.1404 0.1404 0.118 0.118 0.1545 0.1545 0.1545 0.485 0.485 0.455 0.455 0.4455 0.4455 0.4455 0.408 0.408 0.376 0.376 0.3585 0.3585 0.3585 0.3925 0.3925 0.3925 0.3925 0.408 0.408 0.408 0.445 0.445 0.4425 0.4425 0.413 0.413 0.413 0.3955 0.3955 0.4185 0.4185 0.3875 0.3875 0.3845 0.3845 0.3845 0.3695 0.3695 0.3455 0.3455 0.3455 0.3455 0.3455 0.337 0.337 0.3565 0.3565 0.3265 0.3265 0.3265 0.327 0.327 0.3445 0.3445 0.3445
-1 -1 -1 -1 -1 -1 -1 -1 -1 -1 -1 -1 0.1034 0.1034 0.1029 0.1029 0.0964 0.0964 0.1882 0.1882 0.1882 0.481 0.481 0.4745 0.4745 0.5495 0.5495 0.5495 0.3995 0.3995 0.3905 0.3905 0.3935 0.3935 0.3935 0.3725 0.3725 0.3825 0.3825 0.412 0.412 0.412 0.439 0.439 0.414 0.414 0.425 0.425 0.425 0.4085 0.4085 0.4015 0.4015 0.3835 0.3835 0.3725 0.3725 0.3725 0.339 0.339 0.351 0.351 0.351 0.351 0.351 0.3165 0.3165 0.3215 0.3215 0.317 0.317 0.317 0.3545 0.3545 0.3785 0.3785 0.3695
-1 -1 -1 -1 -1 -1 -1 -1 -1 -1 -1 -1 0.1034 0.1034 0.1029 0.1029 0.0964 0.0964 0.1882 0.1882 0.1882 0.481 0.481 0.4745 0.4745 0.5495 0.5495 0.5495 0.3995 0.3995 0.3905 0.3905 0.3935 0.3935 0.3935 0.3725 0.3725 0.3825 0.3825 0.412 0.412 0.412 0.439 0.439 0.414 0.414 0.425 0.425 0.425 0.4085 0.4085 0.4015 0.4015 0.3835 0.3835 0.3725 0.3725 0.3725 0.339 0.339 0.351 0.351 0.351 0.351 0.351 0.3165 0.3165 0.3215 0.3215 0.317 0.317 0.317 0.3545 0.3545 0.3785 0.3785 0.3695
-1 -1 -1 -1 -1 -1 -1 -1 -1 -1 -1 -1 -1 -1 -1 -1 -1 -1 0.0669 0.0669 0.0669 0.2715 0.2715 0.401 0.401 0.421 0.421 0.421 0.41 0.41 0.42 0.42 0.375 0.375 0.375 0.3575 0.3575 0.3995 0.3995 0.394 0.394 0.394 0.389 0.389 0.4105 0.4105 0.3765 0.3765 0.3765 0.3695 0.3695 0.382 0.382 0.3645 0.3645 0.3645 0.3645 0.3645 0.359 0.359 0.3125 0.3125 0.3125 0.3125 0.3125 0.3175 0.3175 0.3005 0.3005 0.3455 0.3455 0.3455 0.3695 0.3695 0.3895 0.3895 0.3635
-1 -1 -1 -1 -1 -1 -1 -1 -1 -1 -1 -1 -1 -1 -1 -1 -1 -1 0.0669 0.0669 0.0669 0.2715 0.2715 0.401 0.401 0.421 0.421 0.421 0.41 0.41 0.42 0.42 0.375 0.375 0.375 0.3575 0.3575 0.3995 0.3995 0.394 0.394 0.394 0.389 0.389 0.4105 0.4105 0.3765 0.3765 0.3765 0.3695 0.3695 0.382 0.382 0.3645 0.3645 0.3645 0.3645 0.3645 0.359 0.359 0.3125 0.3125 0.3125 0.3125 0.3125 0.3175 0.3175 0.3005 0.3005 0.3455 0.3455 0.3455 0.3695 0.3695 0.3895 0.3895 0.3635
-1 -1 -1 -1 -1 -1 -1 -1 -1 -1 -1 -1 -1 -1 -1 -1 -1 -1 -1 -1 -1 0.206 0.206 0.231 0.231 0.4085 0.4085 0.4085 0.426 0.426 0.434 0.434 0.4 0.4 0.4 0.3535 0.3535 0.376 0.376 0.4 0.4 0.4 0.394 0.394 0.412 0.412 0.421 0.421 0.421 0.384 0.384 0.3605 0.3605 0.394 0.394 0.3705 0.3705 0.3705 0.367 0.367 0.3765 0.3765 0.3765 0.3765 0.3765 0.346 0.346 0.3705 0.3705 0.359 0.359 0.359 0.343 0.343 0.364 0.364 0.3995
-1 -1 -1 -1 -1 -1 -1 -1 -1 -1 -1 -1 -1 -1 -1 -1 -1 -1 -1 -1 -1 0.206 0.206 0.231 0.231 0.4085 0.4085 0.4085 0.426 0.426 0.434 0.434 0.4 0.4 0.4 0.3535 0.3535 0.376 0.376 0.4 0.4 0.4 0.394 0.394 0.412 0.412 0.421 0.421 0.421 0.384 0.384 0.3605 0.3605 0.394 0.394 0.3705 0.3705 0.3705 0.367 0.367 0.3765 0.3765 0.3765 0.3765 0.3765 0.346 0.346 0.3705 0.3705 0.359 0.359 0.359 0.343 0.343 0.364 0.364 0.3995
-1 -1 -1 -1 -1 -1 -1 -1 -1 -1 -1 -1 -1 -1 -1 -1 -1 -1 -1 -1 -1 0.1014 0.1014 0.5125 0.5125 0.448 0.448 0.448 0.465 0.465 0.4585 0.4585 0.444 0.444 0.444 0.438 0.438 0.4145 0.4145 0.3885 0.3885 0.3885 0.373 0.373 0.407 0.407 0.3895 0.3895 0.3895 0.3905 0.3905 0.3975 0.3975 0.405 0.405 0.4065 0.4065 0.4065 0.428 0.428 0.424 0.424 0.424 0.424 0.424 0.387 0.387 0.3855 0.3855 0.38 0.38 0.38 0.3895 0.3895 0.3855 0.3855 0.4055
-1 -1 -1 -1 -1 -1 -1 -1 -1 -1 -1 -1 -1 -1 -1 -1 -1 -1 -1 -1 -1 0.1014 0.1014 0.5125 0.5125 0.448 0.448 0.448 0.465 0.465 0.4585 0.4585 0.444 0.444 0.444 0.438 0.438 0.4145 0.4145 0.3885 0.3885 0.3885 0.373 0.373 0.407 0.407 0.3895 0.3895 0.3895 0.3905 0.3905 0.3975 0.3975 0.405 0.405 0.4065 0.4065 0.4065 0.428 0.428 0.424 0.424 0.424 0.424 0.424 0.387 0.387 0.3855 0.3855 0.38 0.38 0.38 0.3895 0.3895 0.3855 0.3855 0.4055
-1 -1 -1 -1 -1 -1 -1 -1 -1 -1 -1 -1 -1 -1 -1 -1 -1 -1 -1 -1 -1 0.1014 0.1014 0.5125 0.5125 0.448 0.448 0.448 0.465 0.465 0.4585 0.4585 0.444 0.444 0.444 0.438 0.438 0.4145 0.4145 0.3885 0.3885 0.3885 0.373 0.373 0.407 0.407 0.3895 0.3895 0.3895 0.3905 0.3905 0.3975 0.3975 0.405 0.405 0.4065 0.4065 0.4065 0.428 0.428 0.424 0.424 0.424 0.424 0.424 0.387 0.387 0.3855 0.3855 0.38 0.38 0.38 0.3895 0.3895 0.3855 0.3855 0.4055
-1 -1 -1 -1 -1 -1 -1 -1 -1 -1 -1 -1 -1 -1 -1 -1 -1 -1 -1 -1 -1 -1 -1 0.1272 0.1272 0.276 0.276 0.276 0.5305 0.5305 0.4905 0.4905 0.453 0.453 0.453 0.46 0.46 0.2375 0.2375 0.2185 0.2185 0.2185 0.317 0.317 0.335 0.335 0.3715 0.3715 0.3715 0.405 0.405 0.416 0.416 0.4585 0.4585 0.5175 0.5175 0.5175 0.4905 0.4905 0.4335 0.4335 0.4335 0.4335 0.4335 0.4445 0.4445 0.4435 0.4435 0.3875 0.3875 0.3875 0.3965 0.3965 0.3825 0.3825 0.423
-1 -1 -1 -1 -1 -1 -1 -1 -1 -1 -1 -1 -1 -1 -1 -1 -1 -1 -1 -1 -1 -1 -1 0.1272 0.1272 0.276 0.276 0.276 0.5305 0.5305 0.4905 0.4905 0.453 0.453 0.453 0.46 0.46 0.2375 0.2375 0.2185 0.2185 0.2185 0.317 0.317 0.335 0.335 0.3715 0.3715 0.3715 0.405 0.405 0.416 0.416 0.4585 0.4585 0.5175 0.5175 0.5175 0.4905 0.4905 0.4335 0.4335 0.4335 0.4335 0.4335 0.4445 0.4445 0.4435 0.4435 0.3875 0.3875 0.3875 0.3965 0.3965 0.3825 0.3825 0.423
-1 -1 -1 -1 -1 -1 -1 -1 -1 -1 -1 -1 -1 -1 -1 -1 -1 -1 -1 -1 -1 -1 -1 -1 -1 0.324 0.324 0.324 0.375 0.375 0.446 0.446 0.4095 0.4095 0.4095 0.2105 0.2105 0.101 0.101 0.1535 0.1535 0.1535 0.2845 0.2845 0.254 0.254 0.4405 0.4405 0.4405 0.3685 0.3685 0.4125 0.4125 0.459 0.459 0.4995 0.4995 0.4995 0.488 0.488 0.449 0.449 0.449 0.449 0.449 0.452 0.452 0.435 0.435 0.422 0.422 0.422 0.399 0.399 0.384 0.384 0.4315
-1 -1 -1 -1 -1 -1 -1 -1 -1 -1 -1 -1 -1 -1 -1 -1 -1 -1 -1 -1 -1 -1 -1 -1 -1 0.324 0.324 0.324 0.375 0.375 0.446 0.446 0.4095 0.4095 0.4095 0.2105 0.2105 0.101 0.101 0.1535 0.1535 0.1535 0.2845 0.2845 0.254 0.254 0.4405 0.4405 0.4405 0.3685 0.3685 0.4125 0.4125 0.459 0.459 0.4995 0.4995 0.4995 0.488 0.488 0.449 0.449 0.449 0.449 0.449 0.452 0.452 0.435 0.435 0.422 0.422 0.422 0.399 0.399 0.384 0.384 0.4315
-1 -1 -1 -1 -1 -1 -1 -1 -1 -1 -1 -1 -1 -1 -1 -1 -1 -1 -1 -1 -1 -1 -1 -1 -1 0.0789 0.0789 0.0789 0.1485 0.1485 0.3575 0.3575 0.3535 0.3535 0.3535 0.3315 0.3315 0.224 0.224 0.3525 0.3525 0.3525 0.403 0.403 0.439 0.439 0.3915 0.3915 0.3915 0.3375 0.3375 0.4285 0.4285 0.432 0.432 0.425 0.425 0.425 0.4465 0.4465 0.4755 0.4755 0.4755 0.4755 0.4755 0.4385 0.4385 0.4175 0.4175 0.404 0.404 0.404 0.395 0.395 0.386 0.386 0.36
-1 -1 -1 -1 -1 -1 -1 -1 -1 -1 -1 -1 -1 -1 -1 -1 -1 -1 -1 -1 -1 -1 -1 -1 -1 0.0789 0.0789 0.0789 0.1485 0.1485 0.3575 0.3575 0.3535 0.3535 0.3535 0.3315 0.3315 0.224 0.224 0.3525 0.3525 0.3525 0.403 0.403 0.439 0.439 0.3915 0.3915 0.3915 0.3375 0.3375 0.4285 0.4285 0.432 0.432 0.425 0.425 0.425 0.4465 0.4465 0.4755 0.4755 0.4755 0.4755 0.4755 0.4385 0.4385 0.4175 0.4175 0.404 0.404 0.404 0.395 0.395 0.386 0.386 0.36
-1 -1 -1 -1 -1 -1 -1 -1 -1 -1 -1 -1 -1 -1 -1 -1 -1 -1 -1 -1 -1 -1 -1 -1 -1 0.0789 0.0789 0.0789 0.1485 0.1485 0.3575 0.3575 0.3535 0.3535 0.3535 0.3315 0.3315 0.224 0.224 0.3525 0.3525 0.3525 0.403 0.403 0.439 0.439 0.3915 0.3915 0.3915 0.3375 0.3375 0.4285 0.4285 0.432 0.432 0.425 0.425 0.425 0.4465 0.4465 0.4755 0.4755 0.4755 0.4755 0.4755 0.4385 0.4385 0.4175 0.4175 0.404 0.404 0.404 0.395 0.395 0.386 0.386 0.36
