ndvi/NOAA-66.asc
ncols         252
nrows         154
xllcorner     -18.017974
yllcorner     13.481982
cellsize      0.035948
NODATA_value  -9999
[rows 68 to 101 of 154, columns 0 to 77 of 252]
-1 -1 -1 -1 -1 -1 -1 -1 -1 -1 -1 -1 -1 -1 -1 -1 -1 -1 -1 -1 -1 -1 -1 -1 -1 -1 -1 -1 -1 -1 -1 -1 -1 -1 -1 -1 -1 -1 -1 0.1515 0.1515 0.1515 0.16 0.16 0.296 0.296 0.2915 0.2915 0.2915 0.261 0.261 0.245 0.245 0.2295 0.2295 0.27 0.27 0.27 0.3235 0.3235 0.341 0.341 0.341 0.341 0.341 0.2755 0.2755 0.2455 0.2455 0.2175 0.2175 0.2175 0.212 0.212 0.2145 0.2145 0.2055 0.2055
-1 -1 -1 -1 -1 -1 -1 -1 -1 -1 -1 -1 -1 -1 -1 -1 -1 -1 -1 -1 -1 -1 -1 -1 -1 -1 -1 -1 -1 -1 -1 -1 -1 -1 -1 -1 -1 -1 -1 0.214 0.214 0.214 0.2805 0.2805 0.3425 0.3425 0.249 0.249 0.249 0.246 0.246 0.2325 0.2325 0.2515 0.2515 0.2665 0.2665 0.2665 0.328 0.328 0.3405 0.3405 0.3405 0.3405 0.3405 0.2915 0.2915 0.265 0.265 0.1985 0.1985 0.1985 0.209 0.209 0.198 0.198 0.2005 0.2005
-1 -1 -1 -1 -1 -1 -1 -1 -1 -1 -1 -1 -1 -1 -1 -1 -1 -1 -1 -1 -1 -1 -1 -1 -1 -1 -1 -1 -1 -1 -1 -1 -1 -1 -1 -1 -1 -1 -1 0.214 0.214 0.214 0.2805 0.2805 0.3425 0.3425 0.249 0.249 0.249 0.246 0.246 0.2325 0.2325 0.2515 0.2515 0.2665 0.2665 0.2665 0.328 0.328 0.3405 0.3405 0.3405 0.3405 0.3405 0.2915 0.2915 0.265 0.265 0.1985 0.1985 0.1985 0.209 0.209 0.198 0.198 0.2005 0.2005
-1 -1 -1 -1 -1 -1 -1 -1 -1 -1 -1 -1 -1 -1 -1 -1 -1 -1 -1 -1 -1 -1 -1 -1 -1 -1 -1 -1 -1 -1 -1 -1 -1 -1 -1 -1 -1 0.0515 0.0515 0.1455 0.1455 0.1455 0.3055 0.3055 0.3335 0.3335 0.2425 0.2425 0.2425 0.222 0.222 0.181 0.181 0.2235 0.2235 0.2265 0.2265 0.2265 0.254 0.254 0.2495 0.2495 0.2495 0.2495 0.2495 0.248 0.248 0.2345 0.2345 0.224 0.224 0.224 0.216 0.216 0.211 0.211 0.2035 0.2035
-1 -1 -1 -1 -1 -1 -1 -1 -1 -1 -1 -1 -1 -1 -1 -1 -1 -1 -1 -1 -1 -1 -1 -1 -1 -1 -1 -1 -1 -1 -1 -1 -1 -1 -1 -1 -1 0.0515 0.0515 0.1455 0.1455 0.1455 0.3055 0.3055 0.3335 0.3335 0.2425 0.2425 0.2425 0.222 0.222 0.181 0.181 0.2235 0.2235 0.2265 0.2265 0.2265 0.254 0.254 0.2495 0.2495 0.2495 0.2495 0.2495 0.248 0.248 0.2345 0.2345 0.224 0.224 0.224 0.216 0.216 0.211 0.211 0.2035 0.2035
-1 -1 -1 -1 -1 -1 -1 -1 -1 -1 -1 -1 -1 -1 -1 -1 -1 -1 -1 -1 -1 -1 -1 -1 -1 -1 -1 -1 -1 -1 -1 -1 -1 -1 -1 -1 -1 0.0515 0.0515 0.1455 0.1455 0.1455 0.3055 0.3055 0.3335 0.3335 0.2425 0.2425 0.2425 0.222 0.222 0.181 0.181 0.2235 0.2235 0.2265 0.2265 0.2265 0.254 0.254 0.2495 0.2495 0.2495 0.2495 0.2495 0.248 0.248 0.2345 0.2345 0.224 0.224 0.224 0.216 0.216 0.211 0.211 0.2035 0.2035
-1 -1 -1 -1 -1 -1 -1 -1 -1 -1 -1 -1 -1 -1 -1 -1 -1 -1 -1 -1 -1 -1 -1 -1 -1 -1 -1 -1 -1 -1 -1 -1 -1 -1 -1 -1 -1 0.0375 0.0375 0.1435 0.1435 0.1435 0.2495 0.2495 0.2465 0.2465 0.2375 0.2375 0.2375 0.164 0.164 0.2045 0.2045 0.199 0.199 0.165 0.165 0.165 0.219 0.219 0.2445 0.2445 0.2445 0.2445 0.2445 0.247 0.247 0.242 0.242 0.224 0.224 0.224 0.2235 0.2235 0.2255 0.2255 0.2145 0.2145
-1 -1 -1 -1 -1 -1 -1 -1 -1 -1 -1 -1 -1 -1 -1 -1 -1 -1 -1 -1 -1 -1 -1 -1 -1 -1 -1 -1 -1 -1 -1 -1 -1 -1 -1 -1 -1 0.0375 0.0375 0.1435 0.1435 0.1435 0.2495 0.2495 0.2465 0.2465 0.2375 0.2375 0.2375 0.164 0.164 0.2045 0.2045 0.199 0.199 0.165 0.165 0.165 0.219 0.219 0.2445 0.2445 0.2445 0.2445 0.2445 0.247 0.247 0.242 0.242 0.224 0.224 0.224 0.2235 0.2235 0.2255 0.2255 0.2145 0.2145
-1 -1 -1 -1 -1 -1 -1 -1 -1 -1 -1 -1 -1 -1 -1 -1 -1 -1 -1 -1 -1 -1 -1 -1 -1 -1 -1 -1 -1 -1 -1 -1 -1 -1 -1 -1 -1 0.0075 0.0075 0.128 0.128 0.128 0.236 0.236 0.2255 0.2255 0.2295 0.2295 0.2295 0.2095 0.2095 0.2255 0.2255 0.2055 0.2055 0.211 0.211 0.211 0.2505 0.2505 0.2285 0.2285 0.2285 0.2285 0.2285 0.235 0.235 0.245 0.245 0.236 0.236 0.236 0.2335 0.2335 0.2135 0.2135 0.2165 0.2165
-1 -1 -1 -1 -1 -1 -1 -1 -1 -1 -1 -1 -1 -1 -1 -1 -1 -1 -1 -1 -1 -1 -1 -1 -1 -1 -1 -1 -1 -1 -1 -1 -1 -1 -1 -1 -1 0.0075 0.0075 0.128 0.128 0.128 0.236 0.236 0.2255 0.2255 0.2295 0.2295 0.2295 0.2095 0.2095 0.2255 0.2255 0.2055 0.2055 0.211 0.211 0.211 0.2505 0.2505 0.2285 0.2285 0.2285 0.2285 0.2285 0.235 0.235 0.245 0.245 0.236 0.236 0.236 0.2335 0.2335 0.2135 0.2135 0.2165 0.2165
-1 -1 -1 -1 -1 -1 -1 -1 -1 -1 -1 -1 -1 -1 -1 -1 -1 -1 -1 -1 -1 -1 -1 -1 -1 -1 -1 -1 -1 -1 -1 -1 -1 -1 -1 -1 -1 0.0992 0.0992 0.132 0.132 0.132 0.1805 0.1805 0.2315 0.2315 0.2295 0.2295 0.2295 0.227 0.227 0.221 0.221 0.2125 0.2125 0.229 0.229 0.229 0.244 0.244 0.2355 0.2355 0.2355 0.2355 0.2355 0.225 0.225 0.224 0.224 0.2215 0.2215 0.2215 0.2155 0.2155 0.212 0.212 0.2065 0.2065
-1 -1 -1 -1 -1 -1 -1 -1 -1 -1 -1 -1 -1 -1 -1 -1 -1 -1 -1 -1 -1 -1 -1 -1 -1 -1 -1 -1 -1 -1 -1 -1 -1 -1 -1 -1 -1 0.0992 0.0992 0.132 0.132 0.132 0.1805 0.1805 0.2315 0.2315 0.2295 0.2295 0.2295 0.227 0.227 0.221 0.221 0.2125 0.2125 0.229 0.229 0.229 0.244 0.244 0.2355 0.2355 0.2355 0.2355 0.2355 0.225 0.225 0.224 0.224 0.2215 0.2215 0.2215 0.2155 0.2155 0.212 0.212 0.2065 0.2065
-1 -1 -1 -1 -1 -1 -1 -1 -1 -1 -1 -1 -1 -1 -1 -1 -1 -1 -1 -1 -1 -1 -1 -1 -1 -1 -1 -1 -1 -1 -1 -1 -1 -1 -1 -1 -1 0.0137 0.0137 0.212 0.212 0.212 0.2205 0.2205 0.219 0.219 0.215 0.215 0.215 0.204 0.204 0.2285 0.2285 0.223 0.223 0.226 0.226 0.226 0.223 0.223 0.226 0.226 0.226 0.226 0.226 0.23 0.23 0.2235 0.2235 0.2075 0.2075 0.2075 0.212 0.212 0.2055 0.2055 0.2055 0.2055
-1 -1 -1 -1 -1 -1 -1 -1 -1 -1 -1 -1 -1 -1 -1 -1 -1 -1 -1 -1 -1 -1 -1 -1 -1 -1 -1 -1 -1 -1 -1 -1 -1 -1 -1 -1 -1 0.0137 0.0137 0.212 0.212 0.212 0.2205 0.2205 0.219 0.219 0.215 0.215 0.215 0.204 0.204 0.2285 0.2285 0.223 0.223 0.226 0.226 0.226 0.223 0.223 0.226 0.226 0.226 0.226 0.226 0.23 0.23 0.2235 0.2235 0.2075 0.2075 0.2075 0.212 0.212 0.2055 0.2055 0.2055 0.2055
-1 -1 -1 -1 -1 -1 -1 -1 -1 -1 -1 -1 -1 -1 -1 -1 -1 -1 -1 -1 -1 -1 -1 -1 -1 -1 -1 -1 -1 -1 -1 -1 -1 -1 -1 -1 -1 0.0137 0.0137 0.212 0.212 0.212 0.2205 0.2205 0.219 0.219 0.215 0.215 0.215 0.204 0.204 0.2285 0.2285 0.223 0.223 0.226 0.226 0.226 0.223 0.223 0.226 0.226 0.226 0.226 0.226 0.23 0.23 0.2235 0.2235 0.2075 0.2075 0.2075 0.212 0.212 0.2055 0.2055 0.2055 0.2055
-1 -1 -1 -1 -1 -1 -1 -1 -1 -1 -1 -1 -1 -1 -1 -1 -1 -1 -1 -1 -1 -1 -1 -1 -1 -1 -1 -1 -1 -1 -1 -1 -1 -1 -1 -1 -1 0.036 0.036 0.183 0.183 0.183 0.207 0.207 0.1845 0.1845 0.218 0.218 0.218 0.22 0.22 0.23 0.23 0.218 0.218 0.232 0.232 0.232 0.2205 0.2205 0.221 0.221 0.221 0.221 0.221 0.229 0.229 0.2225 0.2225 0.21 0.21 0.21 0.208 0.208 0.198 0.198 0.1975 0.1975
-1 -1 -1 -1 -1 -1 -1 -1 -1 -1 -1 -1 -1 -1 -1 -1 -1 -1 -1 -1 -1 -1 -1 -1 -1 -1 -1 -1 -1 -1 -1 -1 -1 -1 -1 -1 -1 0.036 0.036 0.183 0.183 0.183 0.207 0.207 0.1845 0.1845 0.218 0.218 0.218 0.22 0.22 0.23 0.23 0.218 0.218 0.232 0.232 0.232 0.2205 0.2205 0.221 0.221 0.221 0.221 0.221 0.229 0.229 0.2225 0.2225 0.21 0.21 0.21 0.208 0.208 0.198 0.198 0.1975 0.1975
-1 -1 -1 -1 -1 -1 -1 -1 -1 -1 -1 -1 -1 -1 -1 -1 -1 -1 -1 -1 -1 -1 -1 -1 -1 -1 -1 -1 -1 -1 -1 -1 -1 -1 -1 -1 -1 0.087 0.087 0.223 0.223 0.223 0.206 0.206 0.1855 0.1855 0.201 0.201 0.201 0.2315 0.2315 0.2245 0.2245 0.2135 0.2135 0.21 0.21 0.21 0.2125 0.2125 0.2435 0.2435 0.2435 0.2435 0.2435 0.232 0.232 0.2255 0.2255 0.2045 0.2045 0.2045 0.2245 0.2245 0.2155 0.2155 0.205 0.205
-1 -1 -1 -1 -1 -1 -1 -1 -1 -1 -1 -1 -1 -1 -1 -1 -1 -1 -1 -1 -1 -1 -1 -1 -1 -1 -1 -1 -1 -1 -1 -1 -1 -1 -1 -1 -1 0.087 0.087 0.223 0.223 0.223 0.206 0.206 0.1855 0.1855 0.201 0.201 0.201 0.2315 0.2315 0.2245 0.2245 0.2135 0.2135 0.21 0.21 0.21 0.2125 0.2125 0.2435 0.2435 0.2435 0.2435 0.2435 0.232 0.232 0.2255 0.2255 0.2045 0.2045 0.2045 0.2245 0.2245 0.2155 0.2155 0.205 0.205
-1 -1 -1 -1 -1 -1 -1 -1 -1 -1 -1 -1 -1 -1 -1 -1 -1 -1 -1 -1 -1 -1 -1 -1 -1 -1 -1 -1 -1 -1 -1 -1 -1 -1 -1 0.027 0.027 0.187 0.187 0.2155 0.2155 0.2155 0.2035 0.2035 0.2035 0.2035 0.1895 0.1895 0.1895 0.2325 0.2325 0.2535 0.2535 0.2205 0.2205 0.218 0.218 0.218 0.219 0.219 0.2095 0.2095 0.2095 0.2095 0.2095 0.235 0.235 0.2415 0.2415 0.215 0.215 0.215 0.2335 0.2335 0.239 0.239 0.233 0.233
-1 -1 -1 -1 -1 -1 -1 -1 -1 -1 -1 -1 -1 -1 -1 -1 -1 -1 -1 -1 -1 -1 -1 -1 -1 -1 -1 -1 -1 -1 -1 -1 -1 -1 -1 0.027 0.027 0.187 0.187 0.2155 0.2155 0.2155 0.2035 0.2035 0.2035 0.2035 0.1895 0.1895 0.1895 0.2325 0.2325 0.2535 0.2535 0.2205 0.2205 0.218 0.218 0.218 0.219 0.219 0.2095 0.2095 0.2095 0.2095 0.2095 0.235 0.235 0.2415 0.2415 0.215 0.215 0.215 0.2335 0.2335 0.239 0.239 0.233 0.233
-1 -1 -1 -1 -1 -1 -1 -1 -1 -1 -1 -1 -1 -1 -1 -1 -1 -1 -1 -1 -1 -1 -1 -1 -1 -1 -1 -1 -1 -1 -1 -1 -1 -1 -1 0.027 0.027 0.187 0.187 0.2155 0.2155 0.2155 0.2035 0.2035 0.2035 0.2035 0.1895 0.1895 0.1895 0.2325 0.2325 0.2535 0.2535 0.2205 0.2205 0.218 0.218 0.218 0.219 0.219 0.2095 0.2095 0.2095 0.2095 0.2095 0.235 0.235 0.2415 0.2415 0.215 0.215 0.215 0.2335 0.2335 0.239 0.239 0.233 0.233
-1 -1 -1 -1 -1 -1 -1 -1 -1 -1 -1 -1 -1 -1 -1 -1 -1 -1 -1 -1 -1 -1 -1 -1 -1 -1 -1 -1 -1 -1 -1 -1 -1 -1 -1 0.059 0.059 0.2335 0.2335 0.2275 0.2275 0.2275 0.2075 0.2075 0.208 0.208 0.214 0.214 0.214 0.2175 0.2175 0.211 0.211 0.2175 0.2175 0.225 0.225 0.225 0.2145 0.2145 0.2455 0.2455 0.2455 0.2455 0.2455 0.2545 0.2545 0.253 0.253 0.2405 0.2405 0.2405 0.243 0.243 0.2445 0.2445 0.248 0.248
-1 -1 -1 -1 -1 -1 -1 -1 -1 -1 -1 -1 -1 -1 -1 -1 -1 -1 -1 -1 -1 -1 -1 -1 -1 -1 -1 -1 -1 -1 -1 -1 -1 -1 -1 0.059 0.059 0.2335 0.2335 0.2275 0.2275 0.2275 0.2075 0.2075 0.208 0.208 0.214 0.214 0.214 0.2175 0.2175 0.211 0.211 0.2175 0.2175 0.225 0.225 0.225 0.2145 0.2145 0.2455 0.2455 0.2455 0.2455 0.2455 0.2545 0.2545 0.253 0.253 0.2405 0.2405 0.2405 0.243 0.243 0.2445 0.2445 0.248 0.248
-1 -1 -1 -1 -1 -1 -1 -1 -1 -1 -1 -1 -1 -1 -1 -1 -1 -1 -1 -1 -1 -1 -1 -1 -1 -1 -1 -1 -1 -1 -1 -1 0.0336 0.0336 0.0336 0.222 0.222 0.2245 0.2245 0.204 0.204 0.204 0.21 0.21 0.214 0.214 0.2185 0.2185 0.2185 0.2175 0.2175 0.2175 0.2175 0.2375 0.2375 0.23 0.23 0.23 0.2415 0.2415 0.2435 0.2435 0.2435 0.2435 0.2435 0.271 0.271 0.271 0.271 0.2825 0.2825 0.2825 0.256 0.256 0.2525 0.2525 0.241 0.241
-1 -1 -1 -1 -1 -1 -1 -1 -1 -1 -1 -1 -1 -1 -1 -1 -1 -1 -1 -1 -1 -1 -1 -1 -1 -1 -1 -1 -1 -1 -1 -1 0.0336 0.0336 0.0336 0.222 0.222 0.2245 0.2245 0.204 0.204 0.204 0.21 0.21 0.214 0.214 0.2185 0.2185 0.2185 0.2175 0.2175 0.2175 0.2175 0.2375 0.2375 0.23 0.23 0.23 0.2415 0.2415 0.2435 0.2435 0.2435 0.2435 0.2435 0.271 0.271 0.271 0.271 0.2825 0.2825 0.2825 0.256 0.256 0.2525 0.2525 0.241 0.241
-1 -1 -1 -1 -1 -1 -1 -1 -1 -1 -1 -1 -1 -1 -1 -1 -1 -1 -1 -1 -1 -1 -1 -1 -1 -1 -1 -1 -1 -1 0.0021 0.0021 0.2635 0.2635 0.2635 0.2255 0.2255 0.2085 0.2085 0.21 0.21 0.21 0.213 0.213 0.2085 0.2085 0.225 0.225 0.225 0.218 0.218 0.215 0.215 0.2365 0.2365 0.238 0.238 0.238 0.256 0.256 0.259 0.259 0.259 0.259 0.259 0.276 0.276 0.2765 0.2765 0.2865 0.2865 0.2865 0.2535 0.2535 0.234 0.234 0.2425 0.2425
-1 -1 -1 -1 -1 -1 -1 -1 -1 -1 -1 -1 -1 -1 -1 -1 -1 -1 -1 -1 -1 -1 -1 -1 -1 -1 -1 -1 -1 -1 0.0021 0.0021 0.2635 0.2635 0.2635 0.2255 0.2255 0.2085 0.2085 0.21 0.21 0.21 0.213 0.213 0.2085 0.2085 0.225 0.225 0.225 0.218 0.218 0.215 0.215 0.2365 0.2365 0.238 0.238 0.238 0.256 0.256 0.259 0.259 0.259 0.259 0.259 0.276 0.276 0.2765 0.2765 0.2865 0.2865 0.2865 0.2535 0.2535 0.234 0.234 0.2425 0.2425
-1 -1 -1 -1 -1 -1 -1 -1 -1 -1 -1 -1 -1 -1 -1 -1 -1 -1 -1 -1 -1 -1 -1 -1 -1 -1 -1 -1 -1 -1 0.0021 0.0021 0.2635 0.2635 0.2635 0.2255 0.2255 0.2085 0.2085 0.21 0.21 0.21 0.213 0.213 0.2085 0.2085 0.225 0.225 0.225 0.218 0.218 0.215 0.215 0.2365 0.2365 0.238 0.238 0.238 0.256 0.256 0.259 0.259 0.259 0.259 0.259 0.276 0.276 0.2765 0.2765 0.2865 0.2865 0.2865 0.2535 0.2535 0.234 0.234 0.2425 0.2425
-1 -1 -1 -1 -1 -1 -1 -1 -1 -1 -1 -1 -1 -1 -1 -1 -1 -1 -1 -1 -1 -1 -1 -1 -1 -1 -1 -1 -1 -1 0.0705 0.0705 0.224 0.224 0.224 0.2345 0.2345 0.22 0.22 0.213 0.213 0.213 0.206 0.206 0.2145 0.2145 0.2085 0.2085 0.2085 0.2265 0.2265 0.2405 0.2405 0.2545 0.2545 0.2555 0.2555 0.2555 0.2705 0.2705 0.271 0.271 0.271 0.271 0.271 0.2745 0.2745 0.2575 0.2575 0.2635 0.2635 0.2635 0.2735 0.2735 0.245 0.245 0.222 0.222
-1 -1 -1 -1 -1 -1 -1 -1 -1 -1 -1 -1 -1 -1 -1 -1 -1 -1 -1 -1 -1 -1 -1 -1 -1 -1 -1 -1 -1 -1 0.0705 0.0705 0.224 0.224 0.224 0.2345 0.2345 0.22 0.22 0.213 0.213 0.213 0.206 0.206 0.2145 0.2145 0.2085 0.2085 0.2085 0.2265 0.2265 0.2405 0.2405 0.2545 0.2545 0.2555 0.2555 0.2555 0.2705 0.2705 0.271 0.271 0.271 0.271 0.271 0.2745 0.2745 0.2575 0.2575 0.2635 0.2635 0.2635 0.2735 0.2735 0.245 0.245 0.222 0.222
-1 -1 -1 -1 -1 -1 -1 -1 -1 -1 -1 -1 -1 -1 -1 -1 -1 -1 -1 -1 -1 -1 -1 -1 -1 -1 -1 -1 0.0051 0.0051 0.2135 0.2135 0.247 0.247 0.247 0.235 0.235 0.225 0.225 0.2125 0.2125 0.2125 0.1955 0.1955 0.2135 0.2135 0.2185 0.2185 0.2185 0.223 0.223 0.2315 0.2315 0.2725 0.2725 0.268 0.268 0.268 0.272 0.272 0.2635 0.2635 0.2635 0.2635 0.2635 0.2845 0.2845 0.27 0.27 0.2565 0.2565 0.2565 0.24 0.24 0.213 0.213 0.225 0.225
-1 -1 -1 -1 -1 -1 -1 -1 -1 -1 -1 -1 -1 -1 -1 -1 -1 -1 -1 -1 -1 -1 -1 -1 -1 -1 -1 -1 0.0051 0.0051 0.2135 0.2135 0.247 0.247 0.247 0.235 0.235 0.225 0.225 0.2125 0.2125 0.2125 0.1955 0.1955 0.2135 0.2135 0.2185 0.2185 0.2185 0.223 0.223 0.2315 0.2315 0.2725 0.2725 0.268 0.268 0.268 0.272 0.272 0.2635 0.2635 0.2635 0.2635 0.2635 0.2845 0.2845 0.27 0.27 0.2565 0.2565 0.2565 0.24 0.24 0.213 0.213 0.225 0.225
-1 -1 -1 -1 -1 -1 -1 -1 -1 -1 -1 -1 -1 -1 -1 -1 -1 -1 -1 -1 -1 -1 -1 -1 -1 0.0455 0.0455 0.0455 0.105 0.105 0.248 0.248 0.2365 0.2365 0.2365 0.231 0.231 0.226 0.226 0.213 0.213 0.213 0.214 0.214 0.2375 0.2375 0.2165 0.2165 0.2165 0.241 0.241 0.2595 0.2595 0.2555 0.2555 0.272 0.272 0.272 0.285 0.285 0.2935 0.2935 0.2935 0.2935 0.2935 0.271 0.271 0.269 0.269 0.264 0.264 0.264 0.257 0.257 0.26 0.26 0.2215 0.2215
