ndvi/NOAA-314.asc
ncols         252
nrows         154
xllcorner     -18.017974
yllcorner     13.481982
cellsize      0.035948
NODATA_value  -9999
[rows 0 to 33 of 154, columns 78 to 155 of 252]
0.103 0.1015 0.1015 0.103 0.103 0.1065 0.1065 0.1065 0.102 0.102 0.103 0.103 0.1015 0.1015 0.1055 0.1055 0.1055 0.0995 0.0995 0.1005 0.1005 0.096 0.096 0.096 0.098 0.098 0.098 0.098 0.094 0.094 0.094 0.0905 0.0905 0.09 0.09 0.0875 0.0875 0.0875 0.089 0.089 0.087 0.087 0.0885 0.0885 0.0885 0.0885 0.0885 0.075 0.075 0.09100001 0.09100001 0.09299999 0.09299999 0.09299999 0.0905 0.0905 0.0945 0.0945 0.097 0.097 0.097 0.0995 0.0995 0.101 0.101 0.1015 0.1015 0.1015 0.097 0.097 0.0945 0.0945 0.09550001 0.09550001 0.09550001 0.0875 0.0875 0.0905
0.103 0.1015 0.1015 0.103 0.103 0.1065 0.1065 0.1065 0.102 0.102 0.103 0.103 0.1015 0.1015 0.1055 0.1055 0.1055 0.0995 0.0995 0.1005 0.1005 0.096 0.096 0.096 0.098 0.098 0.098 0.098 0.094 0.094 0.094 0.0905 0.0905 0.09 0.09 0.0875 0.0875 0.0875 0.089 0.089 0.087 0.087 0.0885 0.0885 0.0885 0.0885 0.0885 0.075 0.075 0.09100001 0.09100001 0.09299999 0.09299999 0.09299999 0.0905 0.0905 0.0945 0.0945 0.097 0.097 0.097 0.0995 0.0995 0.101 0.101 0.1015 0.1015 0.1015 0.097 0.097 0.0945 0.0945 0.09550001 0.09550001 0.09550001 0.0875 0.0875 0.0905
0.104 0.1045 0.1045 0.1045 0.1045 0.103 0.103 0.103 0.104 0.104 0.106 0.106 0.1045 0.1045 0.1045 0.1045 0.1045 0.1045 0.1045 0.101 0.101 0.098 0.098 0.098 0.0995 0.0995 0.0995 0.0995 0.09100001 0.09100001 0.09100001 0.0865 0.0865 0.089 0.089 0.0905 0.0905 0.0905 0.088 0.088 0.085 0.085 0.085 0.085 0.085 0.0925 0.0925 0.09649999 0.09649999 0.099 0.099 0.1045 0.1045 0.1045 0.0995 0.0995 0.104 0.104 0.103 0.103 0.103 0.1025 0.1025 0.1035 0.1035 0.101 0.101 0.101 0.0955 0.0955 0.0955 0.0955 0.09550001 0.09550001 0.09550001 0.092 0.092 0.0925
0.104 0.1045 0.1045 0.1045 0.1045 0.103 0.103 0.103 0.104 0.104 0.106 0.106 0.1045 0.1045 0.1045 0.1045 0.1045 0.1045 0.1045 0.101 0.101 0.098 0.098 0.098 0.0995 0.0995 0.0995 0.0995 0.09100001 0.09100001 0.09100001 0.0865 0.0865 0.089 0.089 0.0905 0.0905 0.0905 0.088 0.088 0.085 0.085 0.085 0.085 0.085 0.0925 0.0925 0.09649999 0.09649999 0.099 0.099 0.1045 0.1045 0.1045 0.0995 0.0995 0.104 0.104 0.103 0.103 0.103 0.1025 0.1025 0.1035 0.1035 0.101 0.101 0.101 0.0955 0.0955 0.0955 0.0955 0.09550001 0.09550001 0.09550001 0.092 0.092 0.0925
0.104 0.1045 0.1045 0.1045 0.1045 0.103 0.103 0.103 0.104 0.104 0.106 0.106 0.1045 0.1045 0.1045 0.1045 0.1045 0.1045 0.1045 0.101 0.101 0.098 0.098 0.098 0.0995 0.0995 0.0995 0.0995 0.09100001 0.09100001 0.09100001 0.0865 0.0865 0.089 0.089 0.0905 0.0905 0.0905 0.088 0.088 0.085 0.085 0.085 0.085 0.085 0.0925 0.0925 0.09649999 0.09649999 0.099 0.099 0.1045 0.1045 0.1045 0.0995 0.0995 0.104 0.104 0.103 0.103 0.103 0.1025 0.1025 0.1035 0.1035 0.101 0.101 0.101 0.0955 0.0955 0.0955 0.0955 0.09550001 0.09550001 0.09550001 0.092 0.092 0.0925
0.1005 0.106 0.106 0.1045 0.1045 0.1035 0.1035 0.1035 0.1075 0.1075 0.107 0.107 0.1045 0.1045 0.1095 0.1095 0.1095 0.1025 0.1025 0.1005 0.1005 0.102 0.102 0.102 0.097 0.097 0.0935 0.0935 0.08750001 0.08750001 0.08750001 0.0895 0.0895 0.08400001 0.08400001 0.092 0.092 0.092 0.09450001 0.09450001 0.084 0.084 0.0955 0.0955 0.0955 0.102 0.102 0.102 0.102 0.103 0.103 0.106 0.106 0.106 0.104 0.104 0.105 0.105 0.1015 0.1015 0.1015 0.0985 0.0985 0.099 0.099 0.1025 0.1025 0.1025 0.1025 0.1025 0.101 0.101 0.0975 0.0975 0.0975 0.097 0.097 0.0975
0.1005 0.106 0.106 0.1045 0.1045 0.1035 0.1035 0.1035 0.1075 0.1075 0.107 0.107 0.1045 0.1045 0.1095 0.1095 0.1095 0.1025 0.1025 0.1005 0.1005 0.102 0.102 0.102 0.097 0.097 0.0935 0.0935 0.08750001 0.08750001 0.08750001 0.0895 0.0895 0.08400001 0.08400001 0.092 0.092 0.092 0.09450001 0.09450001 0.084 0.084 0.0955 0.0955 0.0955 0.102 0.102 0.102 0.102 0.103 0.103 0.106 0.106 0.106 0.104 0.104 0.105 0.105 0.1015 0.1015 0.1015 0.0985 0.0985 0.099 0.099 0.1025 0.1025 0.1025 0.1025 0.1025 0.101 0.101 0.0975 0.0975 0.0975 0.097 0.097 0.0975
0.104 0.109 0.109 0.1065 0.1065 0.108 0.108 0.108 0.1105 0.1105 0.107 0.107 0.107 0.107 0.103 0.103 0.103 0.1005 0.1005 0.1015 0.1015 0.1015 0.1015 0.1015 0.103 0.103 0.094 0.094 0.092 0.092 0.092 0.101 0.101 0.09649999 0.09649999 0.0945 0.0945 0.0945 0.091 0.091 0.0955 0.0955 0.106 0.106 0.106 0.11 0.11 0.1095 0.1095 0.1095 0.1095 0.105 0.105 0.105 0.108 0.108 0.106 0.106 0.104 0.104 0.104 0.1045 0.1045 0.1025 0.1025 0.102 0.102 0.102 0.106 0.106 0.104 0.104 0.1025 0.1025 0.1025 0.0965 0.0965 0.1005
0.104 0.109 0.109 0.1065 0.1065 0.108 0.108 0.108 0.1105 0.1105 0.107 0.107 0.107 0.107 0.103 0.103 0.103 0.1005 0.1005 0.1015 0.1015 0.1015 0.1015 0.1015 0.103 0.103 0.094 0.094 0.092 0.092 0.092 0.101 0.101 0.09649999 0.09649999 0.0945 0.0945 0.0945 0.091 0.091 0.0955 0.0955 0.106 0.106 0.106 0.11 0.11 0.1095 0.1095 0.1095 0.1095 0.105 0.105 0.105 0.108 0.108 0.106 0.106 0.104 0.104 0.104 0.1045 0.1045 0.1025 0.1025 0.102 0.102 0.102 0.106 0.106 0.104 0.104 0.1025 0.1025 0.1025 0.0965 0.0965 0.1005
0.1005 0.11 0.11 0.1075 0.1075 0.1075 0.1075 0.1075 0.1075 0.1075 0.107 0.107 0.109 0.109 0.1045 0.1045 0.1045 0.1 0.1 0.102 0.102 0.1025 0.1025 0.1025 0.1075 0.1075 0.1105 0.1105 0.107 0.107 0.107 0.111 0.111 0.1115 0.1115 0.105 0.105 0.105 0.0985 0.0985 0.1 0.1 0.1105 0.1105 0.1105 0.116 0.116 0.1105 0.1105 0.1115 0.1115 0.1165 0.1165 0.1165 0.1105 0.1105 0.108 0.108 0.107 0.107 0.107 0.1065 0.1065 0.1015 0.1015 0.105 0.105 0.105 0.1085 0.1085 0.1075 0.1075 0.099 0.099 0.099 0.103 0.103 0.109
0.1005 0.11 0.11 0.1075 0.1075 0.1075 0.1075 0.1075 0.1075 0.1075 0.107 0.107 0.109 0.109 0.1045 0.1045 0.1045 0.1 0.1 0.102 0.102 0.1025 0.1025 0.1025 0.1075 0.1075 0.1105 0.1105 0.107 0.107 0.107 0.111 0.111 0.1115 0.1115 0.105 0.105 0.105 0.0985 0.0985 0.1 0.1 0.1105 0.1105 0.1105 0.116 0.116 0.1105 0.1105 0.1115 0.1115 0.1165 0.1165 0.1165 0.1105 0.1105 0.108 0.108 0.107 0.107 0.107 0.1065 0.1065 0.1015 0.1015 0.105 0.105 0.105 0.1085 0.1085 0.1075 0.1075 0.099 0.099 0.099 0.103 0.103 0.109
0.1095 0.111 0.111 0.1085 0.1085 0.112 0.112 0.112 0.108 0.108 0.1075 0.1075 0.1125 0.1125 0.1115 0.1115 0.1115 0.1125 0.1125 0.1115 0.1115 0.112 0.112 0.112 0.1125 0.1125 0.11 0.11 0.1085 0.1085 0.1085 0.107 0.107 0.1075 0.1075 0.106 0.106 0.106 0.1075 0.1075 0.113 0.113 0.1165 0.1165 0.1165 0.1185 0.1185 0.1165 0.1165 0.12 0.12 0.117 0.117 0.117 0.1185 0.1185 0.1155 0.1155 0.114 0.114 0.114 0.112 0.112 0.111 0.111 0.109 0.109 0.109 0.1075 0.1075 0.1045 0.1045 0.1045 0.1045 0.1045 0.113 0.113 0.119
0.1095 0.111 0.111 0.1085 0.1085 0.112 0.112 0.112 0.108 0.108 0.1075 0.1075 0.1125 0.1125 0.1115 0.1115 0.1115 0.1125 0.1125 0.1115 0.1115 0.112 0.112 0.112 0.1125 0.1125 0.11 0.11 0.1085 0.1085 0.1085 0.107 0.107 0.1075 0.1075 0.106 0.106 0.106 0.1075 0.1075 0.113 0.113 0.1165 0.1165 0.1165 0.1185 0.1185 0.1165 0.1165 0.12 0.12 0.117 0.117 0.117 0.1185 0.1185 0.1155 0.1155 0.114 0.114 0.114 0.112 0.112 0.111 0.111 0.109 0.109 0.109 0.1075 0.1075 0.1045 0.1045 0.1045 0.1045 0.1045 0.113 0.113 0.119
0.1095 0.111 0.111 0.1085 0.1085 0.112 0.112 0.112 0.108 0.108 0.1075 0.1075 0.1125 0.1125 0.1115 0.1115 0.1115 0.1125 0.1125 0.1115 0.1115 0.112 0.112 0.112 0.1125 0.1125 0.11 0.11 0.1085 0.1085 0.1085 0.107 0.107 0.1075 0.1075 0.106 0.106 0.106 0.1075 0.1075 0.113 0.113 0.1165 0.1165 0.1165 0.1185 0.1185 0.1165 0.1165 0.12 0.12 0.117 0.117 0.117 0.1185 0.1185 0.1155 0.1155 0.114 0.114 0.114 0.112 0.112 0.111 0.111 0.109 0.109 0.109 0.1075 0.1075 0.1045 0.1045 0.1045 0.1045 0.1045 0.113 0.113 0.119
0.115 0.1145 0.1145 0.1125 0.1125 0.118 0.118 0.118 0.111 0.111 0.1105 0.1105 0.114 0.114 0.1145 0.1145 0.1145 0.1155 0.1155 0.1135 0.1135 0.114 0.114 0.114 0.1155 0.1155 0.109 0.109 0.1075 0.1075 0.1075 0.107 0.107 0.106 0.106 0.1015 0.1015 0.1015 0.109 0.109 0.1115 0.1115 0.1155 0.1155 0.1155 0.1215 0.1215 0.1215 0.1215 0.119 0.119 0.1225 0.1225 0.1225 0.12 0.12 0.119 0.119 0.1225 0.1225 0.1225 0.1165 0.1165 0.116 0.116 0.1145 0.1145 0.1145 0.111 0.111 0.1075 0.1075 0.122 0.122 0.122 0.1145 0.1145 0.107
0.115 0.1145 0.1145 0.1125 0.1125 0.118 0.118 0.118 0.111 0.111 0.1105 0.1105 0.114 0.114 0.1145 0.1145 0.1145 0.1155 0.1155 0.1135 0.1135 0.114 0.114 0.114 0.1155 0.1155 0.109 0.109 0.1075 0.1075 0.1075 0.107 0.107 0.106 0.106 0.1015 0.1015 0.1015 0.109 0.109 0.1115 0.1115 0.1155 0.1155 0.1155 0.1215 0.1215 0.1215 0.1215 0.119 0.119 0.1225 0.1225 0.1225 0.12 0.12 0.119 0.119 0.1225 0.1225 0.1225 0.1165 0.1165 0.116 0.116 0.1145 0.1145 0.1145 0.111 0.111 0.1075 0.1075 0.122 0.122 0.122 0.1145 0.1145 0.107
0.1155 0.1175 0.1175 0.1125 0.1125 0.1155 0.1155 0.1155 0.1155 0.1155 0.109 0.109 0.1115 0.1115 0.112 0.112 0.112 0.117 0.117 0.1135 0.1135 0.1135 0.1135 0.1135 0.115 0.115 0.1085 0.1085 0.109 0.109 0.109 0.1045 0.1045 0.106 0.106 0.1085 0.1085 0.1085 0.108 0.108 0.111 0.111 0.1175 0.1175 0.1175 0.122 0.122 0.125 0.125 0.1195 0.1195 0.1205 0.1205 0.1205 0.104 0.104 0.1095 0.1095 0.1155 0.1155 0.1155 0.124 0.124 0.126 0.126 0.1195 0.1195 0.1195 0.1065 0.1065 0.11 0.11 0.11 0.11 0.11 0.1205 0.1205 0.114
0.1155 0.1175 0.1175 0.1125 0.1125 0.1155 0.1155 0.1155 0.1155 0.1155 0.109 0.109 0.1115 0.1115 0.112 0.112 0.112 0.117 0.117 0.1135 0.1135 0.1135 0.1135 0.1135 0.115 0.115 0.1085 0.1085 0.109 0.109 0.109 0.1045 0.1045 0.106 0.106 0.1085 0.1085 0.1085 0.108 0.108 0.111 0.111 0.1175 0.1175 0.1175 0.122 0.122 0.125 0.125 0.1195 0.1195 0.1205 0.1205 0.1205 0.104 0.104 0.1095 0.1095 0.1155 0.1155 0.1155 0.124 0.124 0.126 0.126 0.1195 0.1195 0.1195 0.1065 0.1065 0.11 0.11 0.11 0.11 0.11 0.1205 0.1205 0.114
0.115 0.1155 0.1155 0.119 0.119 0.1165 0.1165 0.1165 0.1185 0.1185 0.1195 0.1195 0.102 0.102 0.1135 0.1135 0.1135 0.1155 0.1155 0.1135 0.1135 0.1125 0.1125 0.1125 0.1105 0.1105 0.1105 0.1105 0.117 0.117 0.117 0.113 0.113 0.106 0.106 0.109 0.109 0.109 0.109 0.109 0.115 0.115 0.1215 0.1215 0.1215 0.1215 0.1215 0.1255 0.1255 0.121 0.121 0.119 0.119 0.119 0.122 0.122 0.117 0.117 0.12 0.12 0.12 0.131 0.131 0.132 0.132 0.1265 0.1265 0.1265 0.1245 0.1245 0.118 0.118 0.113 0.113 0.113 0.118 0.118 0.1395
0.115 0.1155 0.1155 0.119 0.119 0.1165 0.1165 0.1165 0.1185 0.1185 0.1195 0.1195 0.102 0.102 0.1135 0.1135 0.1135 0.1155 0.1155 0.1135 0.1135 0.1125 0.1125 0.1125 0.1105 0.1105 0.1105 0.1105 0.117 0.117 0.117 0.113 0.113 0.106 0.106 0.109 0.109 0.109 0.109 0.109 0.115 0.115 0.1215 0.1215 0.1215 0.1215 0.1215 0.1255 0.1255 0.121 0.121 0.119 0.119 0.119 0.122 0.122 0.117 0.117 0.12 0.12 0.12 0.131 0.131 0.132 0.132 0.1265 0.1265 0.1265 0.1245 0.1245 0.118 0.118 0.113 0.113 0.113 0.118 0.118 0.1395
0.115 0.1155 0.1155 0.119 0.119 0.1165 0.1165 0.1165 0.1185 0.1185 0.1195 0.1195 0.102 0.102 0.1135 0.1135 0.1135 0.1155 0.1155 0.1135 0.1135 0.1125 0.1125 0.1125 0.1105 0.1105 0.1105 0.1105 0.117 0.117 0.117 0.113 0.113 0.106 0.106 0.109 0.109 0.109 0.109 0.109 0.115 0.115 0.1215 0.1215 0.1215 0.1215 0.1215 0.1255 0.1255 0.121 0.121 0.119 0.119 0.119 0.122 0.122 0.117 0.117 0.12 0.12 0.12 0.131 0.131 0.132 0.132 0.1265 0.1265 0.1265 0.1245 0.1245 0.118 0.118 0.113 0.113 0.113 0.118 0.118 0.1395
0.117 0.12 0.12 0.1185 0.1185 0.1205 0.1205 0.1205 0.1175 0.1175 0.1215 0.1215 0.114 0.114 0.1125 0.1125 0.1125 0.1195 0.1195 0.1165 0.1165 0.11 0.11 0.11 0.113 0.113 0.1205 0.1205 0.1215 0.1215 0.1215 0.1235 0.1235 0.1235 0.1235 0.1155 0.1155 0.1155 0.1145 0.1145 0.1425 0.1425 0.15 0.15 0.15 0.1475 0.1475 0.153 0.153 0.1345 0.1345 0.1245 0.1245 0.1245 0.1255 0.1255 0.1225 0.1225 0.1245 0.1245 0.1245 0.131 0.131 0.129 0.129 0.122 0.122 0.122 0.122 0.122 0.1235 0.1235 0.1145 0.1145 0.1145 0.1105 0.1105 0.1235
0.117 0.12 0.12 0.1185 0.1185 0.1205 0.1205 0.1205 0.1175 0.1175 0.1215 0.1215 0.114 0.114 0.1125 0.1125 0.1125 0.1195 0.1195 0.1165 0.1165 0.11 0.11 0.11 0.113 0.113 0.1205 0.1205 0.1215 0.1215 0.1215 0.1235 0.1235 0.1235 0.1235 0.1155 0.1155 0.1155 0.1145 0.1145 0.1425 0.1425 0.15 0.15 0.15 0.1475 0.1475 0.153 0.153 0.1345 0.1345 0.1245 0.1245 0.1245 0.1255 0.1255 0.1225 0.1225 0.1245 0.1245 0.1245 0.131 0.131 0.129 0.129 0.122 0.122 0.122 0.122 0.122 0.1235 0.1235 0.1145 0.1145 0.1145 0.1105 0.1105 0.1235
0.1185 0.1225 0.1225 0.1245 0.1245 0.122 0.122 0.122 0.123 0.123 0.1265 0.1265 0.1215 0.1215 0.1175 0.1175 0.1175 0.124 0.124 0.116 0.116 0.1215 0.1215 0.1215 0.1215 0.1215 0.127 0.127 0.116 0.116 0.116 0.116 0.116 0.116 0.116 0.1195 0.1195 0.1195 0.1195 0.1195 0.1395 0.1395 0.146 0.146 0.146 0.137 0.137 0.154 0.154 0.1455 0.1455 0.135 0.135 0.135 0.1195 0.1195 0.126 0.126 0.1225 0.1225 0.1225 0.118 0.118 0.124 0.124 0.1305 0.1305 0.1305 0.1295 0.1295 0.1245 0.1245 0.1175 0.1175 0.1175 0.122 0.122 0.135
0.1185 0.1225 0.1225 0.1245 0.1245 0.122 0.122 0.122 0.123 0.123 0.1265 0.1265 0.1215 0.1215 0.1175 0.1175 0.1175 0.124 0.124 0.116 0.116 0.1215 0.1215 0.1215 0.1215 0.1215 0.127 0.127 0.116 0.116 0.116 0.116 0.116 0.116 0.116 0.1195 0.1195 0.1195 0.1195 0.1195 0.1395 0.1395 0.146 0.146 0.146 0.137 0.137 0.154 0.154 0.1455 0.1455 0.135 0.135 0.135 0.1195 0.1195 0.126 0.126 0.1225 0.1225 0.1225 0.118 0.118 0.124 0.124 0.1305 0.1305 0.1305 0.1295 0.1295 0.1245 0.1245 0.1175 0.1175 0.1175 0.122 0.122 0.135
0.126 0.126 0.126 0.1255 0.1255 0.122 0.122 0.122 0.1225 0.1225 0.122 0.122 0.123 0.123 0.123 0.123 0.123 0.1285 0.1285 0.1275 0.1275 0.1255 0.1255 0.1255 0.1275 0.1275 0.1245 0.1245 0.118 0.118 0.118 0.1265 0.1265 0.1275 0.1275 0.125 0.125 0.125 0.1195 0.1195 0.1355 0.1355 0.1345 0.1345 0.1345 0.128 0.128 0.1465 0.1465 0.1545 0.1545 0.1455 0.1455 0.1455 0.129 0.129 0.11 0.11 0.1095 0.1095 0.1095 0.118 0.118 0.115 0.115 0.1185 0.1185 0.1185 0.1255 0.1255 0.1175 0.1175 0.1165 0.1165 0.1165 0.117 0.117 0.123
0.126 0.126 0.126 0.1255 0.1255 0.122 0.122 0.122 0.1225 0.1225 0.122 0.122 0.123 0.123 0.123 0.123 0.123 0.1285 0.1285 0.1275 0.1275 0.1255 0.1255 0.1255 0.1275 0.1275 0.1245 0.1245 0.118 0.118 0.118 0.1265 0.1265 0.1275 0.1275 0.125 0.125 0.125 0.1195 0.1195 0.1355 0.1355 0.1345 0.1345 0.1345 0.128 0.128 0.1465 0.1465 0.1545 0.1545 0.1455 0.1455 0.1455 0.129 0.129 0.11 0.11 0.1095 0.1095 0.1095 0.118 0.118 0.115 0.115 0.1185 0.1185 0.1185 0.1255 0.1255 0.1175 0.1175 0.1165 0.1165 0.1165 0.117 0.117 0.123
0.126 0.126 0.126 0.1255 0.1255 0.122 0.122 0.122 0.1225 0.1225 0.122 0.122 0.123 0.123 0.123 0.123 0.123 0.1285 0.1285 0.1275 0.1275 0.1255 0.1255 0.1255 0.1275 0.1275 0.1245 0.1245 0.118 0.118 0.118 0.1265 0.1265 0.1275 0.1275 0.125 0.125 0.125 0.1195 0.1195 0.1355 0.1355 0.1345 0.1345 0.1345 0.128 0.128 0.1465 0.1465 0.1545 0.1545 0.1455 0.1455 0.1455 0.129 0.129 0.11 0.11 0.1095 0.1095 0.1095 0.118 0.118 0.115 0.115 0.1185 0.1185 0.1185 0.1255 0.1255 0.1175 0.1175 0.1165 0.1165 0.1165 0.117 0.117 0.123
0.127 0.134 0.134 0.1235 0.1235 0.1255 0.1255 0.1255 0.125 0.125 0.133 0.133 0.13 0.13 0.1305 0.1305 0.1305 0.121 0.121 0.1285 0.1285 0.125 0.125 0.125 0.133 0.133 0.1295 0.1295 0.1285 0.1285 0.1285 0.1255 0.1255 0.1325 0.1325 0.1255 0.1255 0.1255 0.126 0.126 0.136 0.136 0.127 0.127 0.127 0.138 0.138 0.156 0.156 0.1545 0.1545 0.151 0.151 0.151 0.137 0.137 0.123 0.123 0.12 0.12 0.12 0.1225 0.1225 0.116 0.116 0.1135 0.1135 0.1135 0.1085 0.1085 0.119 0.119 0.112 0.112 0.112 0.108 0.108 0.105
0.127 0.134 0.134 0.1235 0.1235 0.1255 0.1255 0.1255 0.125 0.125 0.133 0.133 0.13 0.13 0.1305 0.1305 0.1305 0.121 0.121 0.1285 0.1285 0.125 0.125 0.125 0.133 0.133 0.1295 0.1295 0.1285 0.1285 0.1285 0.1255 0.1255 0.1325 0.1325 0.1255 0.1255 0.1255 0.126 0.126 0.136 0.136 0.127 0.127 0.127 0.138 0.138 0.156 0.156 0.1545 0.1545 0.151 0.151 0.151 0.137 0.137 0.123 0.123 0.12 0.12 0.12 0.1225 0.1225 0.116 0.116 0.1135 0.1135 0.1135 0.1085 0.1085 0.119 0.119 0.112 0.112 0.112 0.108 0.108 0.105
0.1455 0.137 0.137 0.122 0.122 0.1185 0.1185 0.1185 0.122 0.122 0.129 0.129 0.13 0.13 0.1355 0.1355 0.1355 0.126 0.126 0.124 0.124 0.123 0.123 0.123 0.12 0.12 0.128 0.128 0.1335 0.1335 0.1335 0.136 0.136 0.1285 0.1285 0.138 0.138 0.138 0.1375 0.1375 0.1425 0.1425 0.141 0.141 0.141 0.1425 0.1425 0.1245 0.1245 0.1305 0.1305 0.143 0.143 0.143 0.134 0.134 0.1305 0.1305 0.124 0.124 0.124 0.1335 0.1335 0.1365 0.1365 0.122 0.122 0.122 0.127 0.127 0.1195 0.1195 0.118 0.118 0.118 0.131 0.131 0.119
0.1455 0.137 0.137 0.122 0.122 0.1185 0.1185 0.1185 0.122 0.122 0.129 0.129 0.13 0.13 0.1355 0.1355 0.1355 0.126 0.126 0.124 0.124 0.123 0.123 0.123 0.12 0.12 0.128 0.128 0.1335 0.1335 0.1335 0.136 0.136 0.1285 0.1285 0.138 0.138 0.138 0.1375 0.1375 0.1425 0.1425 0.141 0.141 0.141 0.1425 0.1425 0.1245 0.1245 0.1305 0.1305 0.143 0.143 0.143 0.134 0.134 0.1305 0.1305 0.124 0.124 0.124 0.1335 0.1335 0.1365 0.1365 0.122 0.122 0.122 0.127 0.127 0.1195 0.1195 0.118 0.118 0.118 0.131 0.131 0.119
0.1305 0.135 0.135 0.138 0.138 0.1365 0.1365 0.1365 0.1225 0.1225 0.1265 0.1265 0.128 0.128 0.1275 0.1275 0.1275 0.1325 0.1325 0.1315 0.1315 0.13 0.13 0.13 0.1295 0.1295 0.137 0.137 0.1345 0.1345 0.1345 0.133 0.133 0.1335 0.1335 0.1345 0.1345 0.1345 0.1405 0.1405 0.1375 0.1375 0.13 0.13 0.13 0.131 0.131 0.133 0.133 0.1415 0.1415 0.1355 0.1355 0.1355 0.1355 0.1355 0.131 0.131 0.1365 0.1365 0.1365 0.1415 0.1415 0.146 0.146 0.145 0.145 0.145 0.1305 0.1305 0.114 0.114 0.104 0.104 0.104 0.1175 0.1175 0.1025
0.1305 0.135 0.135 0.138 0.138 0.1365 0.1365 0.1365 0.1225 0.1225 0.1265 0.1265 0.128 0.128 0.1275 0.1275 0.1275 0.1325 0.1325 0.1315 0.1315 0.13 0.13 0.13 0.1295 0.1295 0.137 0.137 0.1345 0.1345 0.1345 0.133 0.133 0.1335 0.1335 0.1345 0.1345 0.1345 0.1405 0.1405 0.1375 0.1375 0.13 0.13 0.13 0.131 0.131 0.133 0.133 0.1415 0.1415 0.1355 0.1355 0.1355 0.1355 0.1355 0.131 0.131 0.1365 0.1365 0.1365 0.1415 0.1415 0.146 0.146 0.145 0.145 0.145 0.1305 0.1305 0.114 0.114 0.104 0.104 0.104 0.1175 0.1175 0.1025
