ndvi/NOAA-29.asc
ncols         252
nrows         154
xllcorner     -18.017974
yllcorner     13.481982
cellsize      0.035948
NODATA_value  -9999
[rows 0 to 33 of 154, columns 77 to 153 of 252]
0.0985 0.0985 0.097 0.097 0.09450001 0.09450001 0.0985 0.0985 0.0985 0.0945 0.0945 0.0985 0.0985 0.0955 0.0955 0.095 0.095 0.095 0.09649999 0.09649999 0.09450001 0.09450001 0.0945 0.0945 0.0945 0.095 0.095 0.0955 0.0955 0.0915 0.0915 0.0915 0.089 0.089 0.08750001 0.08750001 0.0815 0.0815 0.0815 0.0865 0.0865 0.0785 0.0785 0.0855 0.0855 0.0855 0.0945 0.0945 0.0875 0.0875 0.083 0.083 0.09100001 0.09100001 0.09100001 0.084 0.084 0.093 0.093 0.095 0.095 0.095 0.099 0.099 0.0965 0.0965 0.095 0.095 0.095 0.0995 0.0995 0.109 0.109 0.0965 0.0965 0.0965 0.092
0.0985 0.0985 0.097 0.097 0.09450001 0.09450001 0.0985 0.0985 0.0985 0.0945 0.0945 0.0985 0.0985 0.0955 0.0955 0.095 0.095 0.095 0.09649999 0.09649999 0.09450001 0.09450001 0.0945 0.0945 0.0945 0.095 0.095 0.0955 0.0955 0.0915 0.0915 0.0915 0.089 0.089 0.08750001 0.08750001 0.0815 0.0815 0.0815 0.0865 0.0865 0.0785 0.0785 0.0855 0.0855 0.0855 0.0945 0.0945 0.0875 0.0875 0.083 0.083 0.09100001 0.09100001 0.09100001 0.084 0.084 0.093 0.093 0.095 0.095 0.095 0.099 0.099 0.0965 0.0965 0.095 0.095 0.095 0.0995 0.0995 0.109 0.109 0.0965 0.0965 0.0965 0.092
0.0995 0.0995 0.0955 0.0955 0.096 0.096 0.0975 0.0975 0.0975 0.104 0.104 0.1065 0.1065 0.1025 0.1025 0.1 0.1 0.1 0.0985 0.0985 0.1025 0.1025 0.0995 0.0995 0.0995 0.096 0.096 0.097 0.097 0.092 0.092 0.092 0.081 0.081 0.086 0.086 0.0855 0.0855 0.0855 0.081 0.081 0.081 0.081 0.079 0.079 0.079 0.087 0.087 0.0895 0.0895 0.099 0.099 0.104 0.104 0.104 0.0985 0.0985 0.0975 0.0975 0.101 0.101 0.101 0.099 0.099 0.105 0.105 0.1035 0.1035 0.1035 0.1015 0.1015 0.091 0.091 0.0925 0.0925 0.0925 0.0925
0.0995 0.0995 0.0955 0.0955 0.096 0.096 0.0975 0.0975 0.0975 0.104 0.104 0.1065 0.1065 0.1025 0.1025 0.1 0.1 0.1 0.0985 0.0985 0.1025 0.1025 0.0995 0.0995 0.0995 0.096 0.096 0.097 0.097 0.092 0.092 0.092 0.081 0.081 0.086 0.086 0.0855 0.0855 0.0855 0.081 0.081 0.081 0.081 0.079 0.079 0.079 0.087 0.087 0.0895 0.0895 0.099 0.099 0.104 0.104 0.104 0.0985 0.0985 0.0975 0.0975 0.101 0.101 0.101 0.099 0.099 0.105 0.105 0.1035 0.1035 0.1035 0.1015 0.1015 0.091 0.091 0.0925 0.0925 0.0925 0.0925
0.0995 0.0995 0.0955 0.0955 0.096 0.096 0.0975 0.0975 0.0975 0.104 0.104 0.1065 0.1065 0.1025 0.1025 0.1 0.1 0.1 0.0985 0.0985 0.1025 0.1025 0.0995 0.0995 0.0995 0.096 0.096 0.097 0.097 0.092 0.092 0.092 0.081 0.081 0.086 0.086 0.0855 0.0855 0.0855 0.081 0.081 0.081 0.081 0.079 0.079 0.079 0.087 0.087 0.0895 0.0895 0.099 0.099 0.104 0.104 0.104 0.0985 0.0985 0.0975 0.0975 0.101 0.101 0.101 0.099 0.099 0.105 0.105 0.1035 0.1035 0.1035 0.1015 0.1015 0.091 0.091 0.0925 0.0925 0.0925 0.0925
0.0965 0.0965 0.098 0.098 0.1025 0.1025 0.1035 0.1035 0.1035 0.0965 0.0965 0.1045 0.1045 0.1025 0.1025 0.09450001 0.09450001 0.09450001 0.096 0.096 0.0915 0.0915 0.088 0.088 0.088 0.0925 0.0925 0.0895 0.0895 0.0885 0.0885 0.0885 0.0855 0.0855 0.0895 0.0895 0.0845 0.0845 0.0845 0.0845 0.0845 0.077 0.077 0.0865 0.0865 0.0865 0.096 0.096 0.09550001 0.09550001 0.1025 0.1025 0.1055 0.1055 0.1055 0.1 0.1 0.1055 0.1055 0.105 0.105 0.105 0.0995 0.0995 0.1025 0.1025 0.103 0.103 0.103 0.105 0.105 0.1005 0.1005 0.105 0.105 0.105 0.1015
0.0965 0.0965 0.098 0.098 0.1025 0.1025 0.1035 0.1035 0.1035 0.0965 0.0965 0.1045 0.1045 0.1025 0.1025 0.09450001 0.09450001 0.09450001 0.096 0.096 0.0915 0.0915 0.088 0.088 0.088 0.0925 0.0925 0.0895 0.0895 0.0885 0.0885 0.0885 0.0855 0.0855 0.0895 0.0895 0.0845 0.0845 0.0845 0.0845 0.0845 0.077 0.077 0.0865 0.0865 0.0865 0.096 0.096 0.09550001 0.09550001 0.1025 0.1025 0.1055 0.1055 0.1055 0.1 0.1 0.1055 0.1055 0.105 0.105 0.105 0.0995 0.0995 0.1025 0.1025 0.103 0.103 0.103 0.105 0.105 0.1005 0.1005 0.105 0.105 0.105 0.1015
0.101 0.101 0.105 0.105 0.09999999 0.09999999 0.099 0.099 0.099 0.0985 0.0985 0.097 0.097 0.096 0.096 0.103 0.103 0.103 0.1005 0.1005 0.096 0.096 0.0895 0.0895 0.0895 0.0935 0.0935 0.0935 0.0935 0.087 0.087 0.087 0.0975 0.0975 0.0985 0.0985 0.095 0.095 0.095 0.087 0.087 0.09100001 0.09100001 0.097 0.097 0.097 0.102 0.102 0.109 0.109 0.1075 0.1075 0.1095 0.1095 0.1095 0.1095 0.1095 0.103 0.103 0.107 0.107 0.107 0.105 0.105 0.1075 0.1075 0.102 0.102 0.102 0.1055 0.1055 0.108 0.108 0.09649999 0.09649999 0.09649999 0.101
0.101 0.101 0.105 0.105 0.09999999 0.09999999 0.099 0.099 0.099 0.0985 0.0985 0.097 0.097 0.096 0.096 0.103 0.103 0.103 0.1005 0.1005 0.096 0.096 0.0895 0.0895 0.0895 0.0935 0.0935 0.0935 0.0935 0.087 0.087 0.087 0.0975 0.0975 0.0985 0.0985 0.095 0.095 0.095 0.087 0.087 0.09100001 0.09100001 0.097 0.097 0.097 0.102 0.102 0.109 0.109 0.1075 0.1075 0.1095 0.1095 0.1095 0.1095 0.1095 0.103 0.103 0.107 0.107 0.107 0.105 0.105 0.1075 0.1075 0.102 0.102 0.102 0.1055 0.1055 0.108 0.108 0.09649999 0.09649999 0.09649999 0.101
0.103 0.103 0.106 0.106 0.102 0.102 0.104 0.104 0.104 0.0995 0.0995 0.1025 0.1025 0.0995 0.0995 0.1015 0.1015 0.1015 0.1015 0.1015 0.097 0.097 0.092 0.092 0.092 0.1015 0.1015 0.105 0.105 0.102 0.102 0.102 0.1005 0.1005 0.0975 0.0975 0.0975 0.0975 0.0975 0.099 0.099 0.1015 0.1015 0.1065 0.1065 0.1065 0.1095 0.1095 0.111 0.111 0.106 0.106 0.1085 0.1085 0.1085 0.112 0.112 0.1095 0.1095 0.1115 0.1115 0.1115 0.1045 0.1045 0.1025 0.1025 0.1025 0.1025 0.1025 0.1075 0.1075 0.1095 0.1095 0.1055 0.1055 0.1055 0.105
0.103 0.103 0.106 0.106 0.102 0.102 0.104 0.104 0.104 0.0995 0.0995 0.1025 0.1025 0.0995 0.0995 0.1015 0.1015 0.1015 0.1015 0.1015 0.097 0.097 0.092 0.092 0.092 0.1015 0.1015 0.105 0.105 0.102 0.102 0.102 0.1005 0.1005 0.0975 0.0975 0.0975 0.0975 0.0975 0.099 0.099 0.1015 0.1015 0.1065 0.1065 0.1065 0.1095 0.1095 0.111 0.111 0.106 0.106 0.1085 0.1085 0.1085 0.112 0.112 0.1095 0.1095 0.1115 0.1115 0.1115 0.1045 0.1045 0.1025 0.1025 0.1025 0.1025 0.1025 0.1075 0.1075 0.1095 0.1095 0.1055 0.1055 0.1055 0.105
0.1055 0.1055 0.111 0.111 0.1035 0.1035 0.1065 0.1065 0.1065 0.102 0.102 0.099 0.099 0.107 0.107 0.103 0.103 0.103 0.0995 0.0995 0.0985 0.0985 0.107 0.107 0.107 0.102 0.102 0.1055 0.1055 0.106 0.106 0.106 0.108 0.108 0.105 0.105 0.0995 0.0995 0.0995 0.106 0.106 0.1085 0.1085 0.105 0.105 0.105 0.11 0.11 0.113 0.113 0.108 0.108 0.115 0.115 0.115 0.115 0.115 0.115 0.115 0.114 0.114 0.114 0.116 0.116 0.115 0.115 0.1055 0.1055 0.1055 0.1095 0.1095 0.111 0.111 0.11 0.11 0.11 0.1115
0.1055 0.1055 0.111 0.111 0.1035 0.1035 0.1065 0.1065 0.1065 0.102 0.102 0.099 0.099 0.107 0.107 0.103 0.103 0.103 0.0995 0.0995 0.0985 0.0985 0.107 0.107 0.107 0.102 0.102 0.1055 0.1055 0.106 0.106 0.106 0.108 0.108 0.105 0.105 0.0995 0.0995 0.0995 0.106 0.106 0.1085 0.1085 0.105 0.105 0.105 0.11 0.11 0.113 0.113 0.108 0.108 0.115 0.115 0.115 0.115 0.115 0.115 0.115 0.114 0.114 0.114 0.116 0.116 0.115 0.115 0.1055 0.1055 0.1055 0.1095 0.1095 0.111 0.111 0.11 0.11 0.11 0.1115
0.1055 0.1055 0.111 0.111 0.1035 0.1035 0.1065 0.1065 0.1065 0.102 0.102 0.099 0.099 0.107 0.107 0.103 0.103 0.103 0.0995 0.0995 0.0985 0.0985 0.107 0.107 0.107 0.102 0.102 0.1055 0.1055 0.106 0.106 0.106 0.108 0.108 0.105 0.105 0.0995 0.0995 0.0995 0.106 0.106 0.1085 0.1085 0.105 0.105 0.105 0.11 0.11 0.113 0.113 0.108 0.108 0.115 0.115 0.115 0.115 0.115 0.115 0.115 0.114 0.114 0.114 0.116 0.116 0.115 0.115 0.1055 0.1055 0.1055 0.1095 0.1095 0.111 0.111 0.11 0.11 0.11 0.1115
0.1125 0.1125 0.1065 0.1065 0.1055 0.1055 0.1025 0.1025 0.1025 0.104 0.104 0.1075 0.1075 0.107 0.107 0.107 0.107 0.107 0.1075 0.1075 0.1095 0.1095 0.109 0.109 0.109 0.112 0.112 0.102 0.102 0.099 0.099 0.099 0.1025 0.1025 0.09999999 0.09999999 0.0995 0.0995 0.0995 0.1055 0.1055 0.1025 0.1025 0.1095 0.1095 0.1095 0.1085 0.1085 0.115 0.115 0.1165 0.1165 0.116 0.116 0.116 0.1205 0.1205 0.1215 0.1215 0.117 0.117 0.117 0.1085 0.1085 0.116 0.116 0.109 0.109 0.109 0.103 0.103 0.111 0.111 0.1075 0.1075 0.1075 0.1115
0.1125 0.1125 0.1065 0.1065 0.1055 0.1055 0.1025 0.1025 0.1025 0.104 0.104 0.1075 0.1075 0.107 0.107 0.107 0.107 0.107 0.1075 0.1075 0.1095 0.1095 0.109 0.109 0.109 0.112 0.112 0.102 0.102 0.099 0.099 0.099 0.1025 0.1025 0.09999999 0.09999999 0.0995 0.0995 0.0995 0.1055 0.1055 0.1025 0.1025 0.1095 0.1095 0.1095 0.1085 0.1085 0.115 0.115 0.1165 0.1165 0.116 0.116 0.116 0.1205 0.1205 0.1215 0.1215 0.117 0.117 0.117 0.1085 0.1085 0.116 0.116 0.109 0.109 0.109 0.103 0.103 0.111 0.111 0.1075 0.1075 0.1075 0.1115
0.1095 0.1095 0.11 0.11 0.104 0.104 0.1075 0.1075 0.1075 0.1075 0.1075 0.1075 0.1075 0.112 0.112 0.109 0.109 0.109 0.108 0.108 0.113 0.113 0.108 0.108 0.108 0.1005 0.1005 0.102 0.102 0.1035 0.1035 0.1035 0.099 0.099 0.1005 0.1005 0.103 0.103 0.103 0.104 0.104 0.1045 0.1045 0.1085 0.1085 0.1085 0.109 0.109 0.1105 0.1105 0.116 0.116 0.1195 0.1195 0.1195 0.116 0.116 0.1175 0.1175 0.116 0.116 0.116 0.115 0.115 0.115 0.115 0.112 0.112 0.112 0.1065 0.1065 0.103 0.103 0.111 0.111 0.111 0.108
0.1095 0.1095 0.11 0.11 0.104 0.104 0.1075 0.1075 0.1075 0.1075 0.1075 0.1075 0.1075 0.112 0.112 0.109 0.109 0.109 0.108 0.108 0.113 0.113 0.108 0.108 0.108 0.1005 0.1005 0.102 0.102 0.1035 0.1035 0.1035 0.099 0.099 0.1005 0.1005 0.103 0.103 0.103 0.104 0.104 0.1045 0.1045 0.1085 0.1085 0.1085 0.109 0.109 0.1105 0.1105 0.116 0.116 0.1195 0.1195 0.1195 0.116 0.116 0.1175 0.1175 0.116 0.116 0.116 0.115 0.115 0.115 0.115 0.112 0.112 0.112 0.1065 0.1065 0.103 0.103 0.111 0.111 0.111 0.108
0.1085 0.1085 0.114 0.114 0.1155 0.1155 0.113 0.113 0.113 0.1055 0.1055 0.11 0.11 0.112 0.112 0.1165 0.1165 0.1165 0.1085 0.1085 0.1075 0.1075 0.105 0.105 0.105 0.1105 0.1105 0.1105 0.1105 0.107 0.107 0.107 0.115 0.115 0.106 0.106 0.105 0.105 0.105 0.1035 0.1035 0.11 0.11 0.1165 0.1165 0.1165 0.1205 0.1205 0.1175 0.1175 0.115 0.115 0.113 0.113 0.113 0.115 0.115 0.1175 0.1175 0.119 0.119 0.119 0.118 0.118 0.114 0.114 0.117 0.117 0.117 0.1165 0.1165 0.118 0.118 0.1105 0.1105 0.1105 0.108
0.1085 0.1085 0.114 0.114 0.1155 0.1155 0.113 0.113 0.113 0.1055 0.1055 0.11 0.11 0.112 0.112 0.1165 0.1165 0.1165 0.1085 0.1085 0.1075 0.1075 0.105 0.105 0.105 0.1105 0.1105 0.1105 0.1105 0.107 0.107 0.107 0.115 0.115 0.106 0.106 0.105 0.105 0.105 0.1035 0.1035 0.11 0.11 0.1165 0.1165 0.1165 0.1205 0.1205 0.1175 0.1175 0.115 0.115 0.113 0.113 0.113 0.115 0.115 0.1175 0.1175 0.119 0.119 0.119 0.118 0.118 0.114 0.114 0.117 0.117 0.117 0.1165 0.1165 0.118 0.118 0.1105 0.1105 0.1105 0.108
0.1085 0.1085 0.114 0.114 0.1155 0.1155 0.113 0.113 0.113 0.1055 0.1055 0.11 0.11 0.112 0.112 0.1165 0.1165 0.1165 0.1085 0.1085 0.1075 0.1075 0.105 0.105 0.105 0.1105 0.1105 0.1105 0.1105 0.107 0.107 0.107 0.115 0.115 0.106 0.106 0.105 0.105 0.105 0.1035 0.1035 0.11 0.11 0.1165 0.1165 0.1165 0.1205 0.1205 0.1175 0.1175 0.115 0.115 0.113 0.113 0.113 0.115 0.115 0.1175 0.1175 0.119 0.119 0.119 0.118 0.118 0.114 0.114 0.117 0.117 0.117 0.1165 0.1165 0.118 0.118 0.1105 0.1105 0.1105 0.108
0.115 0.115 0.112 0.112 0.1135 0.1135 0.1105 0.1105 0.1105 0.113 0.113 0.114 0.114 0.1145 0.1145 0.1125 0.1125 0.1125 0.1095 0.1095 0.109 0.109 0.114 0.114 0.114 0.1155 0.1155 0.1135 0.1135 0.129 0.129 0.129 0.1275 0.1275 0.1275 0.1275 0.1155 0.1155 0.1155 0.111 0.111 0.115 0.115 0.124 0.124 0.124 0.1205 0.1205 0.1165 0.1165 0.112 0.112 0.1135 0.1135 0.1135 0.118 0.118 0.118 0.118 0.127 0.127 0.127 0.1315 0.1315 0.125 0.125 0.117 0.117 0.117 0.1225 0.1225 0.116 0.116 0.1125 0.1125 0.1125 0.108
0.115 0.115 0.112 0.112 0.1135 0.1135 0.1105 0.1105 0.1105 0.113 0.113 0.114 0.114 0.1145 0.1145 0.1125 0.1125 0.1125 0.1095 0.1095 0.109 0.109 0.114 0.114 0.114 0.1155 0.1155 0.1135 0.1135 0.129 0.129 0.129 0.1275 0.1275 0.1275 0.1275 0.1155 0.1155 0.1155 0.111 0.111 0.115 0.115 0.124 0.124 0.124 0.1205 0.1205 0.1165 0.1165 0.112 0.112 0.1135 0.1135 0.1135 0.118 0.118 0.118 0.118 0.127 0.127 0.127 0.1315 0.1315 0.125 0.125 0.117 0.117 0.117 0.1225 0.1225 0.116 0.116 0.1125 0.1125 0.1125 0.108
0.1135 0.1135 0.1135 0.1135 0.117 0.117 0.1205 0.1205 0.1205 0.1235 0.1235 0.1235 0.1235 0.1295 0.1295 0.13 0.13 0.13 0.1185 0.1185 0.126 0.126 0.12 0.12 0.12 0.118 0.118 0.1205 0.1205 0.1325 0.1325 0.1325 0.128 0.128 0.127 0.127 0.117 0.117 0.117 0.113 0.113 0.119 0.119 0.1195 0.1195 0.1195 0.1195 0.1195 0.122 0.122 0.118 0.118 0.118 0.118 0.118 0.116 0.116 0.117 0.117 0.1275 0.1275 0.1275 0.134 0.134 0.13 0.13 0.125 0.125 0.125 0.1215 0.1215 0.118 0.118 0.119 0.119 0.119 0.112
0.1135 0.1135 0.1135 0.1135 0.117 0.117 0.1205 0.1205 0.1205 0.1235 0.1235 0.1235 0.1235 0.1295 0.1295 0.13 0.13 0.13 0.1185 0.1185 0.126 0.126 0.12 0.12 0.12 0.118 0.118 0.1205 0.1205 0.1325 0.1325 0.1325 0.128 0.128 0.127 0.127 0.117 0.117 0.117 0.113 0.113 0.119 0.119 0.1195 0.1195 0.1195 0.1195 0.1195 0.122 0.122 0.118 0.118 0.118 0.118 0.118 0.116 0.116 0.117 0.117 0.1275 0.1275 0.1275 0.134 0.134 0.13 0.13 0.125 0.125 0.125 0.1215 0.1215 0.118 0.118 0.119 0.119 0.119 0.112
0.114 0.114 0.114 0.114 0.122 0.122 0.1405 0.1405 0.1405 0.1485 0.1485 0.149 0.149 0.137 0.137 0.138 0.138 0.138 0.122 0.122 0.1275 0.1275 0.125 0.125 0.125 0.1195 0.1195 0.115 0.115 0.1255 0.1255 0.1255 0.1245 0.1245 0.12 0.12 0.116 0.116 0.116 0.1205 0.1205 0.118 0.118 0.12 0.12 0.12 0.124 0.124 0.1225 0.1225 0.121 0.121 0.1185 0.1185 0.1185 0.1135 0.1135 0.121 0.121 0.127 0.127 0.127 0.133 0.133 0.144 0.144 0.129 0.129 0.129 0.12 0.12 0.115 0.115 0.11 0.11 0.11 0.118
0.114 0.114 0.114 0.114 0.122 0.122 0.1405 0.1405 0.1405 0.1485 0.1485 0.149 0.149 0.137 0.137 0.138 0.138 0.138 0.122 0.122 0.1275 0.1275 0.125 0.125 0.125 0.1195 0.1195 0.115 0.115 0.1255 0.1255 0.1255 0.1245 0.1245 0.12 0.12 0.116 0.116 0.116 0.1205 0.1205 0.118 0.118 0.12 0.12 0.12 0.124 0.124 0.1225 0.1225 0.121 0.121 0.1185 0.1185 0.1185 0.1135 0.1135 0.121 0.121 0.127 0.127 0.127 0.133 0.133 0.144 0.144 0.129 0.129 0.129 0.12 0.12 0.115 0.115 0.11 0.11 0.11 0.118
0.114 0.114 0.114 0.114 0.122 0.122 0.1405 0.1405 0.1405 0.1485 0.1485 0.149 0.149 0.137 0.137 0.138 0.138 0.138 0.122 0.122 0.1275 0.1275 0.125 0.125 0.125 0.1195 0.1195 0.115 0.115 0.1255 0.1255 0.1255 0.1245 0.1245 0.12 0.12 0.116 0.116 0.116 0.1205 0.1205 0.118 0.118 0.12 0.12 0.12 0.124 0.124 0.1225 0.1225 0.121 0.121 0.1185 0.1185 0.1185 0.1135 0.1135 0.121 0.121 0.127 0.127 0.127 0.133 0.133 0.144 0.144 0.129 0.129 0.129 0.12 0.12 0.115 0.115 0.11 0.11 0.11 0.118
0.12 0.12 0.131 0.131 0.14 0.14 0.1425 0.1425 0.1425 0.1505 0.1505 0.1495 0.1495 0.1455 0.1455 0.158 0.158 0.158 0.14 0.14 0.1255 0.1255 0.1295 0.1295 0.1295 0.128 0.128 0.123 0.123 0.128 0.128 0.128 0.129 0.129 0.1245 0.1245 0.121 0.121 0.121 0.122 0.122 0.1275 0.1275 0.127 0.127 0.127 0.1245 0.1245 0.1205 0.1205 0.1275 0.1275 0.118 0.118 0.118 0.1225 0.1225 0.1285 0.1285 0.135 0.135 0.135 0.137 0.137 0.1375 0.1375 0.136 0.136 0.136 0.125 0.125 0.119 0.119 0.121 0.121 0.121 0.1155
0.12 0.12 0.131 0.131 0.14 0.14 0.1425 0.1425 0.1425 0.1505 0.1505 0.1495 0.1495 0.1455 0.1455 0.158 0.158 0.158 0.14 0.14 0.1255 0.1255 0.1295 0.1295 0.1295 0.128 0.128 0.123 0.123 0.128 0.128 0.128 0.129 0.129 0.1245 0.1245 0.121 0.121 0.121 0.122 0.122 0.1275 0.1275 0.127 0.127 0.127 0.1245 0.1245 0.1205 0.1205 0.1275 0.1275 0.118 0.118 0.118 0.1225 0.1225 0.1285 0.1285 0.135 0.135 0.135 0.137 0.137 0.1375 0.1375 0.136 0.136 0.136 0.125 0.125 0.119 0.119 0.121 0.121 0.121 0.1155
0.1505 0.1505 0.1395 0.1395 0.136 0.136 0.1365 0.1365 0.1365 0.1465 0.1465 0.154 0.154 0.155 0.155 0.1675 0.1675 0.1675 0.1585 0.1585 0.1435 0.1435 0.133 0.133 0.133 0.133 0.133 0.134 0.134 0.1325 0.1325 0.1325 0.1305 0.1305 0.132 0.132 0.132 0.132 0.132 0.1295 0.1295 0.1245 0.1245 0.13 0.13 0.13 0.126 0.126 0.133 0.133 0.1455 0.1455 0.139 0.139 0.139 0.14 0.14 0.14 0.14 0.1465 0.1465 0.1465 0.1415 0.1415 0.139 0.139 0.1265 0.1265 0.1265 0.1205 0.1205 0.1155 0.1155 0.1195 0.1195 0.1195 0.1315
0.1505 0.1505 0.1395 0.1395 0.136 0.136 0.1365 0.1365 0.1365 0.1465 0.1465 0.154 0.154 0.155 0.155 0.1675 0.1675 0.1675 0.1585 0.1585 0.1435 0.1435 0.133 0.133 0.133 0.133 0.133 0.134 0.134 0.1325 0.1325 0.1325 0.1305 0.1305 0.132 0.132 0.132 0.132 0.132 0.1295 0.1295 0.1245 0.1245 0.13 0.13 0.13 0.126 0.126 0.133 0.133 0.1455 0.1455 0.139 0.139 0.139 0.14 0.14 0.14 0.14 0.1465 0.1465 0.1465 0.1415 0.1415 0.139 0.139 0.1265 0.1265 0.1265 0.1205 0.1205 0.1155 0.1155 0.1195 0.1195 0.1195 0.1315
0.1535 0.1535 0.146 0.146 0.128 0.128 0.1255 0.1255 0.1255 0.1325 0.1325 0.1435 0.1435 0.1535 0.1535 0.159 0.159 0.159 0.155 0.155 0.153 0.153 0.155 0.155 0.155 0.1515 0.1515 0.1475 0.1475 0.142 0.142 0.142 0.141 0.141 0.141 0.141 0.1325 0.1325 0.1325 0.1325 0.1325 0.1305 0.1305 0.158 0.158 0.158 0.158 0.158 0.1535 0.1535 0.151 0.151 0.145 0.145 0.145 0.144 0.144 0.143 0.143 0.1385 0.1385 0.1385 0.139 0.139 0.1465 0.1465 0.151 0.151 0.151 0.1305 0.1305 0.1375 0.1375 0.1285 0.1285 0.1285 0.1325
0.1535 0.1535 0.146 0.146 0.128 0.128 0.1255 0.1255 0.1255 0.1325 0.1325 0.1435 0.1435 0.1535 0.1535 0.159 0.159 0.159 0.155 0.155 0.153 0.153 0.155 0.155 0.155 0.1515 0.1515 0.1475 0.1475 0.142 0.142 0.142 0.141 0.141 0.141 0.141 0.1325 0.1325 0.1325 0.1325 0.1325 0.1305 0.1305 0.158 0.158 0.158 0.158 0.158 0.1535 0.1535 0.151 0.151 0.145 0.145 0.145 0.144 0.144 0.143 0.143 0.1385 0.1385 0.1385 0.139 0.139 0.1465 0.1465 0.151 0.151 0.151 0.1305 0.1305 0.1375 0.1375 0.1285 0.1285 0.1285 0.1325
