ndvi/NOAA-64.asc
ncols         252
nrows         154
xllcorner     -18.017974
yllcorner     13.481982
cellsize      0.035948
NODATA_value  -9999
[rows 70 to 104 of 154, columns 154 to 230 of 252]
0.131 0.148 0.148 0.142 0.142 0.142 0.1435 0.1435 0.1515 0.1515 0.15 0.15 0.198 0.198 0.198 0.203 0.203 0.2045 0.2045 0.206 0.206 0.206 0.2085 0.2085 0.217 0.217 0.2085 0.2085 0.2085 0.2055 0.2055 0.201 0.201 0.199 0.199 0.199 0.198 0.198 0.2115 0.2115 0.2055 0.2055 0.2055 0.208 0.208 0.204 0.204 0.1995 0.1995 0.2005 0.2005 0.2005 0.2085 0.2085 0.221 0.221 0.211 0.211 0.211 0.212 0.212 0.2105 0.2105 0.205 0.205 0.205 0.196 0.196 0.1955 0.1955 0.2085 0.2085 0.2085 0.2 0.2 0.197 0.197
0.155 0.166 0.166 0.1675 0.1675 0.1675 0.1605 0.1605 0.165 0.165 0.156 0.156 0.1995 0.1995 0.1995 0.2055 0.2055 0.213 0.213 0.21 0.21 0.21 0.202 0.202 0.1965 0.1965 0.204 0.204 0.204 0.2075 0.2075 0.194 0.194 0.2085 0.2085 0.2085 0.207 0.207 0.1975 0.1975 0.204 0.204 0.204 0.209 0.209 0.212 0.212 0.203 0.203 0.211 0.211 0.211 0.2125 0.2125 0.2135 0.2135 0.2115 0.2115 0.2115 0.211 0.211 0.2195 0.2195 0.208 0.208 0.208 0.203 0.203 0.1945 0.1945 0.202 0.202 0.202 0.189 0.189 0.213 0.213
0.155 0.166 0.166 0.1675 0.1675 0.1675 0.1605 0.1605 0.165 0.165 0.156 0.156 0.1995 0.1995 0.1995 0.2055 0.2055 0.213 0.213 0.21 0.21 0.21 0.202 0.202 0.1965 0.1965 0.204 0.204 0.204 0.2075 0.2075 0.194 0.194 0.2085 0.2085 0.2085 0.207 0.207 0.1975 0.1975 0.204 0.204 0.204 0.209 0.209 0.212 0.212 0.203 0.203 0.211 0.211 0.211 0.2125 0.2125 0.2135 0.2135 0.2115 0.2115 0.2115 0.211 0.211 0.2195 0.2195 0.208 0.208 0.208 0.203 0.203 0.1945 0.1945 0.202 0.202 0.202 0.189 0.189 0.213 0.213
0.155 0.166 0.166 0.1675 0.1675 0.1675 0.1605 0.1605 0.165 0.165 0.156 0.156 0.1995 0.1995 0.1995 0.2055 0.2055 0.213 0.213 0.21 0.21 0.21 0.202 0.202 0.1965 0.1965 0.204 0.204 0.204 0.2075 0.2075 0.194 0.194 0.2085 0.2085 0.2085 0.207 0.207 0.1975 0.1975 0.204 0.204 0.204 0.209 0.209 0.212 0.212 0.203 0.203 0.211 0.211 0.211 0.2125 0.2125 0.2135 0.2135 0.2115 0.2115 0.2115 0.211 0.211 0.2195 0.2195 0.208 0.208 0.208 0.203 0.203 0.1945 0.1945 0.202 0.202 0.202 0.189 0.189 0.213 0.213
0.1615 0.154 0.154 0.162 0.162 0.162 0.161 0.161 0.1675 0.1675 0.17 0.17 0.1875 0.1875 0.1875 0.2035 0.2035 0.2015 0.2015 0.207 0.207 0.207 0.195 0.195 0.1925 0.1925 0.2085 0.2085 0.2085 0.2105 0.2105 0.205 0.205 0.2115 0.2115 0.2115 0.203 0.203 0.2045 0.2045 0.2155 0.2155 0.2155 0.2165 0.2165 0.2125 0.2125 0.2095 0.2095 0.208 0.208 0.208 0.217 0.217 0.218 0.218 0.202 0.202 0.202 0.214 0.214 0.214 0.214 0.2165 0.2165 0.2165 0.2105 0.2105 0.1925 0.1925 0.201 0.201 0.201 0.212 0.212 0.218 0.218
0.1615 0.154 0.154 0.162 0.162 0.162 0.161 0.161 0.1675 0.1675 0.17 0.17 0.1875 0.1875 0.1875 0.2035 0.2035 0.2015 0.2015 0.207 0.207 0.207 0.195 0.195 0.1925 0.1925 0.2085 0.2085 0.2085 0.2105 0.2105 0.205 0.205 0.2115 0.2115 0.2115 0.203 0.203 0.2045 0.2045 0.2155 0.2155 0.2155 0.2165 0.2165 0.2125 0.2125 0.2095 0.2095 0.208 0.208 0.208 0.217 0.217 0.218 0.218 0.202 0.202 0.202 0.214 0.214 0.214 0.214 0.2165 0.2165 0.2165 0.2105 0.2105 0.1925 0.1925 0.201 0.201 0.201 0.212 0.212 0.218 0.218
0.1375 0.1615 0.1615 0.171 0.171 0.171 0.1515 0.1515 0.1555 0.1555 0.155 0.155 0.1835 0.1835 0.1835 0.2075 0.2075 0.2025 0.2025 0.2135 0.2135 0.2135 0.2025 0.2025 0.2155 0.2155 0.209 0.209 0.209 0.2155 0.2155 0.222 0.222 0.2235 0.2235 0.2235 0.218 0.218 0.216 0.216 0.219 0.219 0.219 0.2175 0.2175 0.2135 0.2135 0.209 0.209 0.217 0.217 0.217 0.213 0.213 0.2135 0.2135 0.219 0.219 0.219 0.2055 0.2055 0.206 0.206 0.2175 0.2175 0.2175 0.2105 0.2105 0.208 0.208 0.206 0.206 0.206 0.199 0.199 0.2115 0.2115
0.1375 0.1615 0.1615 0.171 0.171 0.171 0.1515 0.1515 0.1555 0.1555 0.155 0.155 0.1835 0.1835 0.1835 0.2075 0.2075 0.2025 0.2025 0.2135 0.2135 0.2135 0.2025 0.2025 0.2155 0.2155 0.209 0.209 0.209 0.2155 0.2155 0.222 0.222 0.2235 0.2235 0.2235 0.218 0.218 0.216 0.216 0.219 0.219 0.219 0.2175 0.2175 0.2135 0.2135 0.209 0.209 0.217 0.217 0.217 0.213 0.213 0.2135 0.2135 0.219 0.219 0.219 0.2055 0.2055 0.206 0.206 0.2175 0.2175 0.2175 0.2105 0.2105 0.208 0.208 0.206 0.206 0.206 0.199 0.199 0.2115 0.2115
0.1325 0.1395 0.1395 0.1465 0.1465 0.1465 0.1445 0.1445 0.1415 0.1415 0.1515 0.1515 0.1785 0.1785 0.1785 0.196 0.196 0.2055 0.2055 0.2035 0.2035 0.2035 0.207 0.207 0.2115 0.2115 0.2135 0.2135 0.2135 0.207 0.207 0.209 0.209 0.2075 0.2075 0.2075 0.207 0.207 0.215 0.215 0.217 0.217 0.217 0.217 0.217 0.209 0.209 0.2035 0.2035 0.217 0.217 0.217 0.2195 0.2195 0.213 0.213 0.221 0.221 0.221 0.214 0.214 0.219 0.219 0.2215 0.2215 0.2215 0.227 0.227 0.2175 0.2175 0.2055 0.2055 0.2055 0.1935 0.1935 0.198 0.198
0.1325 0.1395 0.1395 0.1465 0.1465 0.1465 0.1445 0.1445 0.1415 0.1415 0.1515 0.1515 0.1785 0.1785 0.1785 0.196 0.196 0.2055 0.2055 0.2035 0.2035 0.2035 0.207 0.207 0.2115 0.2115 0.2135 0.2135 0.2135 0.207 0.207 0.209 0.209 0.2075 0.2075 0.2075 0.207 0.207 0.215 0.215 0.217 0.217 0.217 0.217 0.217 0.209 0.209 0.2035 0.2035 0.217 0.217 0.217 0.2195 0.2195 0.213 0.213 0.221 0.221 0.221 0.214 0.214 0.219 0.219 0.2215 0.2215 0.2215 0.227 0.227 0.2175 0.2175 0.2055 0.2055 0.2055 0.1935 0.1935 0.198 0.198
0.1375 0.135 0.135 0.144 0.144 0.144 0.1405 0.1405 0.1405 0.1405 0.15 0.15 0.1925 0.1925 0.1925 0.196 0.196 0.202 0.202 0.207 0.207 0.207 0.203 0.203 0.2255 0.2255 0.2175 0.2175 0.2175 0.2195 0.2195 0.215 0.215 0.2115 0.2115 0.2115 0.2135 0.2135 0.214 0.214 0.211 0.211 0.211 0.21 0.21 0.2035 0.2035 0.205 0.205 0.212 0.212 0.212 0.213 0.213 0.2335 0.2335 0.223 0.223 0.223 0.2225 0.2225 0.2165 0.2165 0.2195 0.2195 0.2195 0.216 0.216 0.217 0.217 0.21 0.21 0.21 0.216 0.216 0.2255 0.2255
0.1375 0.135 0.135 0.144 0.144 0.144 0.1405 0.1405 0.1405 0.1405 0.15 0.15 0.1925 0.1925 0.1925 0.196 0.196 0.202 0.202 0.207 0.207 0.207 0.203 0.203 0.2255 0.2255 0.2175 0.2175 0.2175 0.2195 0.2195 0.215 0.215 0.2115 0.2115 0.2115 0.2135 0.2135 0.214 0.214 0.211 0.211 0.211 0.21 0.21 0.2035 0.2035 0.205 0.205 0.212 0.212 0.212 0.213 0.213 0.2335 0.2335 0.223 0.223 0.223 0.2225 0.2225 0.2165 0.2165 0.2195 0.2195 0.2195 0.216 0.216 0.217 0.217 0.21 0.21 0.21 0.216 0.216 0.2255 0.2255
0.1375 0.135 0.135 0.144 0.144 0.144 0.1405 0.1405 0.1405 0.1405 0.15 0.15 0.1925 0.1925 0.1925 0.196 0.196 0.202 0.202 0.207 0.207 0.207 0.203 0.203 0.2255 0.2255 0.2175 0.2175 0.2175 0.2195 0.2195 0.215 0.215 0.2115 0.2115 0.2115 0.2135 0.2135 0.214 0.214 0.211 0.211 0.211 0.21 0.21 0.2035 0.2035 0.205 0.205 0.212 0.212 0.212 0.213 0.213 0.2335 0.2335 0.223 0.223 0.223 0.2225 0.2225 0.2165 0.2165 0.2195 0.2195 0.2195 0.216 0.216 0.217 0.217 0.21 0.21 0.21 0.216 0.216 0.2255 0.2255
0.134 0.1515 0.1515 0.153 0.153 0.153 0.138 0.138 0.1405 0.1405 0.1895 0.1895 0.195 0.195 0.195 0.205 0.205 0.224 0.224 0.234 0.234 0.234 0.229 0.229 0.2185 0.2185 0.211 0.211 0.211 0.207 0.207 0.195 0.195 0.1995 0.1995 0.1995 0.195 0.195 0.2085 0.2085 0.2045 0.2045 0.2045 0.2065 0.2065 0.203 0.203 0.2135 0.2135 0.2215 0.2215 0.2215 0.236 0.236 0.2315 0.2315 0.2195 0.2195 0.2195 0.215 0.215 0.217 0.217 0.2135 0.2135 0.2135 0.2245 0.2245 0.225 0.225 0.2205 0.2205 0.2205 0.226 0.226 0.2245 0.2245
0.134 0.1515 0.1515 0.153 0.153 0.153 0.138 0.138 0.1405 0.1405 0.1895 0.1895 0.195 0.195 0.195 0.205 0.205 0.224 0.224 0.234 0.234 0.234 0.229 0.229 0.2185 0.2185 0.211 0.211 0.211 0.207 0.207 0.195 0.195 0.1995 0.1995 0.1995 0.195 0.195 0.2085 0.2085 0.2045 0.2045 0.2045 0.2065 0.2065 0.203 0.203 0.2135 0.2135 0.2215 0.2215 0.2215 0.236 0.236 0.2315 0.2315 0.2195 0.2195 0.2195 0.215 0.215 0.217 0.217 0.2135 0.2135 0.2135 0.2245 0.2245 0.225 0.225 0.2205 0.2205 0.2205 0.226 0.226 0.2245 0.2245
0.144 0.1595 0.1595 0.1655 0.1655 0.1655 0.138 0.138 0.171 0.171 0.2025 0.2025 0.209 0.209 0.209 0.2085 0.2085 0.227 0.227 0.238 0.238 0.238 0.229 0.229 0.2295 0.2295 0.2125 0.2125 0.2125 0.209 0.209 0.209 0.209 0.207 0.207 0.207 0.206 0.206 0.204 0.204 0.218 0.218 0.218 0.2175 0.2175 0.226 0.226 0.2275 0.2275 0.2335 0.2335 0.2335 0.2165 0.2165 0.2335 0.2335 0.22 0.22 0.22 0.217 0.217 0.212 0.212 0.2245 0.2245 0.2245 0.227 0.227 0.2295 0.2295 0.2305 0.2305 0.2305 0.2245 0.2245 0.2285 0.2285
0.144 0.1595 0.1595 0.1655 0.1655 0.1655 0.138 0.138 0.171 0.171 0.2025 0.2025 0.209 0.209 0.209 0.2085 0.2085 0.227 0.227 0.238 0.238 0.238 0.229 0.229 0.2295 0.2295 0.2125 0.2125 0.2125 0.209 0.209 0.209 0.209 0.207 0.207 0.207 0.206 0.206 0.204 0.204 0.218 0.218 0.218 0.2175 0.2175 0.226 0.226 0.2275 0.2275 0.2335 0.2335 0.2335 0.2165 0.2165 0.2335 0.2335 0.22 0.22 0.22 0.217 0.217 0.212 0.212 0.2245 0.2245 0.2245 0.227 0.227 0.2295 0.2295 0.2305 0.2305 0.2305 0.2245 0.2245 0.2285 0.2285
0.184 0.168 0.168 0.164 0.164 0.164 0.1465 0.1465 0.167 0.167 0.2115 0.2115 0.212 0.212 0.212 0.213 0.213 0.2325 0.2325 0.241 0.241 0.241 0.2395 0.2395 0.2315 0.2315 0.228 0.228 0.228 0.2195 0.2195 0.198 0.198 0.2025 0.2025 0.2025 0.1975 0.1975 0.2025 0.2025 0.2205 0.2205 0.2205 0.2175 0.2175 0.219 0.219 0.2285 0.2285 0.2255 0.2255 0.2255 0.2225 0.2225 0.22 0.22 0.2145 0.2145 0.2145 0.2105 0.2105 0.206 0.206 0.2275 0.2275 0.2275 0.2315 0.2315 0.226 0.226 0.2185 0.2185 0.2185 0.2325 0.2325 0.219 0.219
0.184 0.168 0.168 0.164 0.164 0.164 0.1465 0.1465 0.167 0.167 0.2115 0.2115 0.212 0.212 0.212 0.213 0.213 0.2325 0.2325 0.241 0.241 0.241 0.2395 0.2395 0.2315 0.2315 0.228 0.228 0.228 0.2195 0.2195 0.198 0.198 0.2025 0.2025 0.2025 0.1975 0.1975 0.2025 0.2025 0.2205 0.2205 0.2205 0.2175 0.2175 0.219 0.219 0.2285 0.2285 0.2255 0.2255 0.2255 0.2225 0.2225 0.22 0.22 0.2145 0.2145 0.2145 0.2105 0.2105 0.206 0.206 0.2275 0.2275 0.2275 0.2315 0.2315 0.226 0.226 0.2185 0.2185 0.2185 0.2325 0.2325 0.219 0.219
0.184 0.168 0.168 0.164 0.164 0.164 0.1465 0.1465 0.167 0.167 0.2115 0.2115 0.212 0.212 0.212 0.213 0.213 0.2325 0.2325 0.241 0.241 0.241 0.2395 0.2395 0.2315 0.2315 0.228 0.228 0.228 0.2195 0.2195 0.198 0.198 0.2025 0.2025 0.2025 0.1975 0.1975 0.2025 0.2025 0.2205 0.2205 0.2205 0.2175 0.2175 0.219 0.219 0.2285 0.2285 0.2255 0.2255 0.2255 0.2225 0.2225 0.22 0.22 0.2145 0.2145 0.2145 0.2105 0.2105 0.206 0.206 0.2275 0.2275 0.2275 0.2315 0.2315 0.226 0.226 0.2185 0.2185 0.2185 0.2325 0.2325 0.219 0.219
0.161 0.162 0.162 0.181 0.181 0.181 0.168 0.168 0.1955 0.1955 0.211 0.211 0.217 0.217 0.217 0.2135 0.2135 0.2405 0.2405 0.2365 0.2365 0.2365 0.2315 0.2315 0.2245 0.2245 0.218 0.218 0.218 0.194 0.194 0.203 0.203 0.199 0.199 0.199 0.225 0.225 0.222 0.222 0.216 0.216 0.216 0.2195 0.2195 0.2275 0.2275 0.2265 0.2265 0.226 0.226 0.226 0.2215 0.2215 0.2135 0.2135 0.2225 0.2225 0.2225 0.21 0.21 0.213 0.213 0.2135 0.2135 0.2135 0.229 0.229 0.224 0.224 0.211 0.211 0.211 0.2315 0.2315 0.2205 0.2205
0.161 0.162 0.162 0.181 0.181 0.181 0.168 0.168 0.1955 0.1955 0.211 0.211 0.217 0.217 0.217 0.2135 0.2135 0.2405 0.2405 0.2365 0.2365 0.2365 0.2315 0.2315 0.2245 0.2245 0.218 0.218 0.218 0.194 0.194 0.203 0.203 0.199 0.199 0.199 0.225 0.225 0.222 0.222 0.216 0.216 0.216 0.2195 0.2195 0.2275 0.2275 0.2265 0.2265 0.226 0.226 0.226 0.2215 0.2215 0.2135 0.2135 0.2225 0.2225 0.2225 0.21 0.21 0.213 0.213 0.2135 0.2135 0.2135 0.229 0.229 0.224 0.224 0.211 0.211 0.211 0.2315 0.2315 0.2205 0.2205
0.204 0.176 0.176 0.1695 0.1695 0.1695 0.175 0.175 0.192 0.192 0.195 0.195 0.2 0.2 0.2 0.2205 0.2205 0.238 0.238 0.2335 0.2335 0.2335 0.2285 0.2285 0.246 0.246 0.2035 0.2035 0.2035 0.1965 0.1965 0.1995 0.1995 0.2015 0.2015 0.2015 0.2275 0.2275 0.226 0.226 0.2225 0.2225 0.2225 0.227 0.227 0.221 0.221 0.226 0.226 0.2225 0.2225 0.2225 0.2185 0.2185 0.221 0.221 0.22 0.22 0.22 0.2195 0.2195 0.216 0.216 0.2265 0.2265 0.2265 0.2305 0.2305 0.222 0.222 0.2275 0.2275 0.2275 0.2285 0.2285 0.224 0.224
0.204 0.176 0.176 0.1695 0.1695 0.1695 0.175 0.175 0.192 0.192 0.195 0.195 0.2 0.2 0.2 0.2205 0.2205 0.238 0.238 0.2335 0.2335 0.2335 0.2285 0.2285 0.246 0.246 0.2035 0.2035 0.2035 0.1965 0.1965 0.1995 0.1995 0.2015 0.2015 0.2015 0.2275 0.2275 0.226 0.226 0.2225 0.2225 0.2225 0.227 0.227 0.221 0.221 0.226 0.226 0.2225 0.2225 0.2225 0.2185 0.2185 0.221 0.221 0.22 0.22 0.22 0.2195 0.2195 0.216 0.216 0.2265 0.2265 0.2265 0.2305 0.2305 0.222 0.222 0.2275 0.2275 0.2275 0.2285 0.2285 0.224 0.224
0.1845 0.181 0.181 0.1855 0.1855 0.1855 0.1925 0.1925 0.192 0.192 0.1955 0.1955 0.212 0.212 0.212 0.214 0.214 0.227 0.227 0.224 0.224 0.224 0.2195 0.2195 0.206 0.206 0.204 0.204 0.204 0.205 0.205 0.219 0.219 0.2265 0.2265 0.2265 0.22 0.22 0.234 0.234 0.2265 0.2265 0.2265 0.233 0.233 0.2355 0.2355 0.236 0.236 0.215 0.215 0.215 0.218 0.218 0.21 0.21 0.2195 0.2195 0.2195 0.22 0.22 0.2145 0.2145 0.2275 0.2275 0.2275 0.2235 0.2235 0.2215 0.2215 0.2185 0.2185 0.2185 0.2155 0.2155 0.2315 0.2315
0.1845 0.181 0.181 0.1855 0.1855 0.1855 0.1925 0.1925 0.192 0.192 0.1955 0.1955 0.212 0.212 0.212 0.214 0.214 0.227 0.227 0.224 0.224 0.224 0.2195 0.2195 0.206 0.206 0.204 0.204 0.204 0.205 0.205 0.219 0.219 0.2265 0.2265 0.2265 0.22 0.22 0.234 0.234 0.2265 0.2265 0.2265 0.233 0.233 0.2355 0.2355 0.236 0.236 0.215 0.215 0.215 0.218 0.218 0.21 0.21 0.2195 0.2195 0.2195 0.22 0.22 0.2145 0.2145 0.2275 0.2275 0.2275 0.2235 0.2235 0.2215 0.2215 0.2185 0.2185 0.2185 0.2155 0.2155 0.2315 0.2315
0.1845 0.181 0.181 0.1855 0.1855 0.1855 0.1925 0.1925 0.192 0.192 0.1955 0.1955 0.212 0.212 0.212 0.214 0.214 0.227 0.227 0.224 0.224 0.224 0.2195 0.2195 0.206 0.206 0.204 0.204 0.204 0.205 0.205 0.219 0.219 0.2265 0.2265 0.2265 0.22 0.22 0.234 0.234 0.2265 0.2265 0.2265 0.233 0.233 0.2355 0.2355 0.236 0.236 0.215 0.215 0.215 0.218 0.218 0.21 0.21 0.2195 0.2195 0.2195 0.22 0.22 0.2145 0.2145 0.2275 0.2275 0.2275 0.2235 0.2235 0.2215 0.2215 0.2185 0.2185 0.2185 0.2155 0.2155 0.2315 0.2315
0.1885 0.178 0.178 0.1965 0.1965 0.1965 0.2075 0.2075 0.2015 0.2015 0.205 0.205 0.2075 0.2075 0.2075 0.217 0.217 0.1925 0.1925 0.2205 0.2205 0.2205 0.213 0.213 0.195 0.195 0.204 0.204 0.204 0.2155 0.2155 0.208 0.208 0.2105 0.2105 0.2105 0.2105 0.2105 0.2245 0.2245 0.231 0.231 0.231 0.228 0.228 0.237 0.237 0.2295 0.2295 0.213 0.213 0.213 0.228 0.228 0.2 0.2 0.1935 0.1935 0.1935 0.2245 0.2245 0.2205 0.2205 0.224 0.224 0.224 0.216 0.216 0.2115 0.2115 0.212 0.212 0.212 0.1995 0.1995 0.222 0.222
0.1885 0.178 0.178 0.1965 0.1965 0.1965 0.2075 0.2075 0.2015 0.2015 0.205 0.205 0.2075 0.2075 0.2075 0.217 0.217 0.1925 0.1925 0.2205 0.2205 0.2205 0.213 0.213 0.195 0.195 0.204 0.204 0.204 0.2155 0.2155 0.208 0.208 0.2105 0.2105 0.2105 0.2105 0.2105 0.2245 0.2245 0.231 0.231 0.231 0.228 0.228 0.237 0.237 0.2295 0.2295 0.213 0.213 0.213 0.228 0.228 0.2 0.2 0.1935 0.1935 0.1935 0.2245 0.2245 0.2205 0.2205 0.224 0.224 0.224 0.216 0.216 0.2115 0.2115 0.212 0.212 0.212 0.1995 0.1995 0.222 0.222
0.2075 0.1975 0.1975 0.197 0.197 0.197 0.184 0.184 0.21 0.21 0.1925 0.1925 0.2025 0.2025 0.2025 0.19 0.19 0.2185 0.2185 0.2325 0.2325 0.2325 0.221 0.221 0.2005 0.2005 0.212 0.212 0.212 0.212 0.212 0.225 0.225 0.2155 0.2155 0.2155 0.21 0.21 0.2115 0.2115 0.226 0.226 0.226 0.2255 0.2255 0.224 0.224 0.224 0.224 0.235 0.235 0.235 0.2125 0.2125 0.205 0.205 0.196 0.196 0.196 0.201 0.201 0.207 0.207 0.2015 0.2015 0.2015 0.195 0.195 0.1845 0.1845 0.199 0.199 0.199 0.211 0.211 0.204 0.204
0.2075 0.1975 0.1975 0.197 0.197 0.197 0.184 0.184 0.21 0.21 0.1925 0.1925 0.2025 0.2025 0.2025 0.19 0.19 0.2185 0.2185 0.2325 0.2325 0.2325 0.221 0.221 0.2005 0.2005 0.212 0.212 0.212 0.212 0.212 0.225 0.225 0.2155 0.2155 0.2155 0.21 0.21 0.2115 0.2115 0.226 0.226 0.226 0.2255 0.2255 0.224 0.224 0.224 0.224 0.235 0.235 0.235 0.2125 0.2125 0.205 0.205 0.196 0.196 0.196 0.201 0.201 0.207 0.207 0.2015 0.2015 0.2015 0.195 0.195 0.1845 0.1845 0.199 0.199 0.199 0.211 0.211 0.204 0.204
0.2105 0.1915 0.1915 0.181 0.181 0.181 0.194 0.194 0.197 0.197 0.211 0.211 0.2175 0.2175 0.2175 0.2165 0.2165 0.221 0.221 0.2405 0.2405 0.2405 0.2265 0.2265 0.214 0.214 0.226 0.226 0.226 0.209 0.209 0.2195 0.2195 0.2075 0.2075 0.2075 0.2125 0.2125 0.2135 0.2135 0.211 0.211 0.211 0.2185 0.2185 0.213 0.213 0.2245 0.2245 0.2085 0.2085 0.2085 0.207 0.207 0.207 0.207 0.211 0.211 0.211 0.1975 0.1975 0.205 0.205 0.1945 0.1945 0.1945 0.1985 0.1985 0.1965 0.1965 0.181 0.181 0.181 0.1965 0.1965 0.2055 0.2055
0.2105 0.1915 0.1915 0.181 0.181 0.181 0.194 0.194 0.197 0.197 0.211 0.211 0.2175 0.2175 0.2175 0.2165 0.2165 0.221 0.221 0.2405 0.2405 0.2405 0.2265 0.2265 0.214 0.214 0.226 0.226 0.226 0.209 0.209 0.2195 0.2195 0.2075 0.2075 0.2075 0.2125 0.2125 0.2135 0.2135 0.211 0.211 0.211 0.2185 0.2185 0.213 0.213 0.2245 0.2245 0.2085 0.2085 0.2085 0.207 0.207 0.207 0.207 0.211 0.211 0.211 0.1975 0.1975 0.205 0.205 0.1945 0.1945 0.1945 0.1985 0.1985 0.1965 0.1965 0.181 0.181 0.181 0.1965 0.1965 0.2055 0.2055
0.2015 0.205 0.205 0.1965 0.1965 0.1965 0.1955 0.1955 0.1975 0.1975 0.2145 0.2145 0.214 0.214 0.214 0.2095 0.2095 0.2095 0.2095 0.2305 0.2305 0.2305 0.226 0.226 0.219 0.219 0.2065 0.2065 0.2065 0.2245 0.2245 0.2265 0.2265 0.2265 0.2265 0.2265 0.2025 0.2025 0.2145 0.2145 0.2145 0.2145 0.2145 0.223 0.223 0.2205 0.2205 0.243 0.243 0.25 0.25 0.25 0.218 0.218 0.2095 0.2095 0.2005 0.2005 0.2005 0.199 0.199 0.188 0.188 0.193 0.193 0.193 0.208 0.208 0.2165 0.2165 0.218 0.218 0.218 0.2005 0.2005 0.1925 0.1925
0.2015 0.205 0.205 0.1965 0.1965 0.1965 0.1955 0.1955 0.1975 0.1975 0.2145 0.2145 0.214 0.214 0.214 0.2095 0.2095 0.2095 0.2095 0.2305 0.2305 0.2305 0.226 0.226 0.219 0.219 0.2065 0.2065 0.2065 0.2245 0.2245 0.2265 0.2265 0.2265 0.2265 0.2265 0.2025 0.2025 0.2145 0.2145 0.2145 0.2145 0.2145 0.223 0.223 0.2205 0.2205 0.243 0.243 0.25 0.25 0.25 0.218 0.218 0.2095 0.2095 0.2005 0.2005 0.2005 0.199 0.199 0.188 0.188 0.193 0.193 0.193 0.208 0.208 0.2165 0.2165 0.218 0.218 0.218 0.2005 0.2005 0.1925 0.1925
