ndvi/NOAA-272.asc
ncols         252
nrows         154
xllcorner     -18.017974
yllcorner     13.481982
cellsize      0.035948
NODATA_value  -9999
[rows 34 to 67 of 154, columns 154 to 230 of 252]
0.1295 0.124 0.124 0.125 0.125 0.125 0.1785 0.1785 0.138 0.138 0.122 0.122 0.094 0.094 0.094 0.1185 0.1185 0.121 0.121 0.13 0.13 0.13 0.1225 0.1225 0.121 0.121 0.1055 0.1055 0.1055 0.1105 0.1105 0.113 0.113 0.103 0.103 0.103 0.09 0.09 0.083 0.083 0.0905 0.0905 0.0905 0.0895 0.0895 0.0915 0.0915 0.11 0.11 0.127 0.127 0.127 0.1295 0.1295 0.1225 0.1225 0.121 0.121 0.121 0.09 0.09 0.0855 0.0855 0.084 0.084 0.084 0.087 0.087 0.0855 0.0855 0.085 0.085 0.085 0.0775 0.0775 0.0825 0.0825
0.1295 0.124 0.124 0.125 0.125 0.125 0.1785 0.1785 0.138 0.138 0.122 0.122 0.094 0.094 0.094 0.1185 0.1185 0.121 0.121 0.13 0.13 0.13 0.1225 0.1225 0.121 0.121 0.1055 0.1055 0.1055 0.1105 0.1105 0.113 0.113 0.103 0.103 0.103 0.09 0.09 0.083 0.083 0.0905 0.0905 0.0905 0.0895 0.0895 0.0915 0.0915 0.11 0.11 0.127 0.127 0.127 0.1295 0.1295 0.1225 0.1225 0.121 0.121 0.121 0.09 0.09 0.0855 0.0855 0.084 0.084 0.084 0.087 0.087 0.0855 0.0855 0.085 0.085 0.085 0.0775 0.0775 0.0825 0.0825
0.1295 0.124 0.124 0.125 0.125 0.125 0.1785 0.1785 0.138 0.138 0.122 0.122 0.094 0.094 0.094 0.1185 0.1185 0.121 0.121 0.13 0.13 0.13 0.1225 0.1225 0.121 0.121 0.1055 0.1055 0.1055 0.1105 0.1105 0.113 0.113 0.103 0.103 0.103 0.09 0.09 0.083 0.083 0.0905 0.0905 0.0905 0.0895 0.0895 0.0915 0.0915 0.11 0.11 0.127 0.127 0.127 0.1295 0.1295 0.1225 0.1225 0.121 0.121 0.121 0.09 0.09 0.0855 0.0855 0.084 0.084 0.084 0.087 0.087 0.0855 0.0855 0.085 0.085 0.085 0.0775 0.0775 0.0825 0.0825
0.125 0.17 0.17 0.1425 0.1425 0.1425 0.154 0.154 0.116 0.116 0.1235 0.1235 0.119 0.119 0.119 0.116 0.116 0.112 0.112 0.107 0.107 0.107 0.092 0.092 0.1085 0.1085 0.102 0.102 0.102 0.106 0.106 0.109 0.109 0.089 0.089 0.089 0.1015 0.1015 0.0945 0.0945 0.09299999 0.09299999 0.09299999 0.097 0.097 0.1135 0.1135 0.135 0.135 0.1235 0.1235 0.1235 0.1215 0.1215 0.1095 0.1095 0.1275 0.1275 0.1275 0.1115 0.1115 0.092 0.092 0.0865 0.0865 0.0865 0.0855 0.0855 0.0865 0.0865 0.087 0.087 0.087 0.0905 0.0905 0.08400001 0.08400001
0.125 0.17 0.17 0.1425 0.1425 0.1425 0.154 0.154 0.116 0.116 0.1235 0.1235 0.119 0.119 0.119 0.116 0.116 0.112 0.112 0.107 0.107 0.107 0.092 0.092 0.1085 0.1085 0.102 0.102 0.102 0.106 0.106 0.109 0.109 0.089 0.089 0.089 0.1015 0.1015 0.0945 0.0945 0.09299999 0.09299999 0.09299999 0.097 0.097 0.1135 0.1135 0.135 0.135 0.1235 0.1235 0.1235 0.1215 0.1215 0.1095 0.1095 0.1275 0.1275 0.1275 0.1115 0.1115 0.092 0.092 0.0865 0.0865 0.0865 0.0855 0.0855 0.0865 0.0865 0.087 0.087 0.087 0.0905 0.0905 0.08400001 0.08400001
0.139 0.184 0.184 0.1445 0.1445 0.1445 0.135 0.135 0.1185 0.1185 0.1475 0.1475 0.1395 0.1395 0.1395 0.1175 0.1175 0.1075 0.1075 0.1185 0.1185 0.1185 0.097 0.097 0.116 0.116 0.116 0.116 0.116 0.1165 0.1165 0.089 0.089 0.1225 0.1225 0.1225 0.119 0.119 0.11 0.11 0.1075 0.1075 0.1075 0.1025 0.1025 0.1265 0.1265 0.134 0.134 0.134 0.134 0.134 0.1175 0.1175 0.1245 0.1245 0.125 0.125 0.125 0.1235 0.1235 0.1285 0.1285 0.102 0.102 0.102 0.0895 0.0895 0.0905 0.0905 0.0935 0.0935 0.0935 0.101 0.101 0.09450001 0.09450001
0.139 0.184 0.184 0.1445 0.1445 0.1445 0.135 0.135 0.1185 0.1185 0.1475 0.1475 0.1395 0.1395 0.1395 0.1175 0.1175 0.1075 0.1075 0.1185 0.1185 0.1185 0.097 0.097 0.116 0.116 0.116 0.116 0.116 0.1165 0.1165 0.089 0.089 0.1225 0.1225 0.1225 0.119 0.119 0.11 0.11 0.1075 0.1075 0.1075 0.1025 0.1025 0.1265 0.1265 0.134 0.134 0.134 0.134 0.134 0.1175 0.1175 0.1245 0.1245 0.125 0.125 0.125 0.1235 0.1235 0.1285 0.1285 0.102 0.102 0.102 0.0895 0.0895 0.0905 0.0905 0.0935 0.0935 0.0935 0.101 0.101 0.09450001 0.09450001
0.1535 0.1335 0.1335 0.1245 0.1245 0.1245 0.1235 0.1235 0.1335 0.1335 0.163 0.163 0.143 0.143 0.143 0.131 0.131 0.1245 0.1245 0.1325 0.1325 0.1325 0.1225 0.1225 0.0985 0.0985 0.1225 0.1225 0.1225 0.1445 0.1445 0.14 0.14 0.134 0.134 0.134 0.1345 0.1345 0.1255 0.1255 0.1215 0.1215 0.1215 0.125 0.125 0.131 0.131 0.136 0.136 0.1375 0.1375 0.1375 0.131 0.131 0.1445 0.1445 0.1555 0.1555 0.1555 0.113 0.113 0.143 0.143 0.147 0.147 0.147 0.137 0.137 0.1265 0.1265 0.1075 0.1075 0.1075 0.12 0.12 0.1075 0.1075
0.1535 0.1335 0.1335 0.1245 0.1245 0.1245 0.1235 0.1235 0.1335 0.1335 0.163 0.163 0.143 0.143 0.143 0.131 0.131 0.1245 0.1245 0.1325 0.1325 0.1325 0.1225 0.1225 0.0985 0.0985 0.1225 0.1225 0.1225 0.1445 0.1445 0.14 0.14 0.134 0.134 0.134 0.1345 0.1345 0.1255 0.1255 0.1215 0.1215 0.1215 0.125 0.125 0.131 0.131 0.136 0.136 0.1375 0.1375 0.1375 0.131 0.131 0.1445 0.1445 0.1555 0.1555 0.1555 0.113 0.113 0.143 0.143 0.147 0.147 0.147 0.137 0.137 0.1265 0.1265 0.1075 0.1075 0.1075 0.12 0.12 0.1075 0.1075
0.1535 0.1335 0.1335 0.1245 0.1245 0.1245 0.1235 0.1235 0.1335 0.1335 0.163 0.163 0.143 0.143 0.143 0.131 0.131 0.1245 0.1245 0.1325 0.1325 0.1325 0.1225 0.1225 0.0985 0.0985 0.1225 0.1225 0.1225 0.1445 0.1445 0.14 0.14 0.134 0.134 0.134 0.1345 0.1345 0.1255 0.1255 0.1215 0.1215 0.1215 0.125 0.125 0.131 0.131 0.136 0.136 0.1375 0.1375 0.1375 0.131 0.131 0.1445 0.1445 0.1555 0.1555 0.1555 0.113 0.113 0.143 0.143 0.147 0.147 0.147 0.137 0.137 0.1265 0.1265 0.1075 0.1075 0.1075 0.12 0.12 0.1075 0.1075
0.1675 0.1725 0.1725 0.171 0.171 0.171 0.1305 0.1305 0.1245 0.1245 0.184 0.184 0.154 0.154 0.154 0.131 0.131 0.1905 0.1905 0.163 0.163 0.163 0.1435 0.1435 0.144 0.144 0.1435 0.1435 0.1435 0.133 0.133 0.1515 0.1515 0.155 0.155 0.155 0.1385 0.1385 0.134 0.134 0.142 0.142 0.142 0.1345 0.1345 0.125 0.125 0.159 0.159 0.139 0.139 0.139 0.143 0.143 0.1335 0.1335 0.151 0.151 0.151 0.1425 0.1425 0.1665 0.1665 0.1555 0.1555 0.1555 0.136 0.136 0.141 0.141 0.148 0.148 0.148 0.135 0.135 0.126 0.126
0.1675 0.1725 0.1725 0.171 0.171 0.171 0.1305 0.1305 0.1245 0.1245 0.184 0.184 0.154 0.154 0.154 0.131 0.131 0.1905 0.1905 0.163 0.163 0.163 0.1435 0.1435 0.144 0.144 0.1435 0.1435 0.1435 0.133 0.133 0.1515 0.1515 0.155 0.155 0.155 0.1385 0.1385 0.134 0.134 0.142 0.142 0.142 0.1345 0.1345 0.125 0.125 0.159 0.159 0.139 0.139 0.139 0.143 0.143 0.1335 0.1335 0.151 0.151 0.151 0.1425 0.1425 0.1665 0.1665 0.1555 0.1555 0.1555 0.136 0.136 0.141 0.141 0.148 0.148 0.148 0.135 0.135 0.126 0.126
0.172 0.1805 0.1805 0.194 0.194 0.194 0.172 0.172 0.208 0.208 0.1925 0.1925 0.2015 0.2015 0.2015 0.195 0.195 0.1825 0.1825 0.1795 0.1795 0.1795 0.1665 0.1665 0.147 0.147 0.156 0.156 0.156 0.169 0.169 0.1935 0.1935 0.1735 0.1735 0.1735 0.149 0.149 0.146 0.146 0.155 0.155 0.155 0.1725 0.1725 0.199 0.199 0.181 0.181 0.1775 0.1775 0.1775 0.187 0.187 0.183 0.183 0.1815 0.1815 0.1815 0.201 0.201 0.201 0.201 0.177 0.177 0.177 0.154 0.154 0.1475 0.1475 0.1425 0.1425 0.1425 0.163 0.163 0.1255 0.1255
0.172 0.1805 0.1805 0.194 0.194 0.194 0.172 0.172 0.208 0.208 0.1925 0.1925 0.2015 0.2015 0.2015 0.195 0.195 0.1825 0.1825 0.1795 0.1795 0.1795 0.1665 0.1665 0.147 0.147 0.156 0.156 0.156 0.169 0.169 0.1935 0.1935 0.1735 0.1735 0.1735 0.149 0.149 0.146 0.146 0.155 0.155 0.155 0.1725 0.1725 0.199 0.199 0.181 0.181 0.1775 0.1775 0.1775 0.187 0.187 0.183 0.183 0.1815 0.1815 0.1815 0.201 0.201 0.201 0.201 0.177 0.177 0.177 0.154 0.154 0.1475 0.1475 0.1425 0.1425 0.1425 0.163 0.163 0.1255 0.1255
0.1725 0.1885 0.1885 0.2215 0.2215 0.2215 0.213 0.213 0.2095 0.2095 0.2045 0.2045 0.191 0.191 0.191 0.181 0.181 0.1865 0.1865 0.1855 0.1855 0.1855 0.182 0.182 0.201 0.201 0.2125 0.2125 0.2125 0.2265 0.2265 0.2065 0.2065 0.226 0.226 0.226 0.1995 0.1995 0.156 0.156 0.1855 0.1855 0.1855 0.2005 0.2005 0.2095 0.2095 0.1875 0.1875 0.1795 0.1795 0.1795 0.1815 0.1815 0.1845 0.1845 0.223 0.223 0.223 0.2225 0.2225 0.212 0.212 0.193 0.193 0.193 0.158 0.158 0.1535 0.1535 0.1405 0.1405 0.1405 0.1265 0.1265 0.1465 0.1465
0.1725 0.1885 0.1885 0.2215 0.2215 0.2215 0.213 0.213 0.2095 0.2095 0.2045 0.2045 0.191 0.191 0.191 0.181 0.181 0.1865 0.1865 0.1855 0.1855 0.1855 0.182 0.182 0.201 0.201 0.2125 0.2125 0.2125 0.2265 0.2265 0.2065 0.2065 0.226 0.226 0.226 0.1995 0.1995 0.156 0.156 0.1855 0.1855 0.1855 0.2005 0.2005 0.2095 0.2095 0.1875 0.1875 0.1795 0.1795 0.1795 0.1815 0.1815 0.1845 0.1845 0.223 0.223 0.223 0.2225 0.2225 0.212 0.212 0.193 0.193 0.193 0.158 0.158 0.1535 0.1535 0.1405 0.1405 0.1405 0.1265 0.1265 0.1465 0.1465
0.1725 0.1885 0.1885 0.2215 0.2215 0.2215 0.213 0.213 0.2095 0.2095 0.2045 0.2045 0.191 0.191 0.191 0.181 0.181 0.1865 0.1865 0.1855 0.1855 0.1855 0.182 0.182 0.201 0.201 0.2125 0.2125 0.2125 0.2265 0.2265 0.2065 0.2065 0.226 0.226 0.226 0.1995 0.1995 0.156 0.156 0.1855 0.1855 0.1855 0.2005 0.2005 0.2095 0.2095 0.1875 0.1875 0.1795 0.1795 0.1795 0.1815 0.1815 0.1845 0.1845 0.223 0.223 0.223 0.2225 0.2225 0.212 0.212 0.193 0.193 0.193 0.158 0.158 0.1535 0.1535 0.1405 0.1405 0.1405 0.1265 0.1265 0.1465 0.1465
0.164 0.206 0.206 0.209 0.209 0.209 0.2335 0.2335 0.257 0.257 0.236 0.236 0.204 0.204 0.204 0.2 0.2 0.192 0.192 0.183 0.183 0.183 0.212 0.212 0.213 0.213 0.241 0.241 0.241 0.224 0.224 0.2335 0.2335 0.225 0.225 0.225 0.202 0.202 0.1755 0.1755 0.221 0.221 0.221 0.2115 0.2115 0.217 0.217 0.181 0.181 0.1785 0.1785 0.1785 0.178 0.178 0.2435 0.2435 0.2525 0.2525 0.2525 0.259 0.259 0.2625 0.2625 0.22 0.22 0.22 0.1695 0.1695 0.1655 0.1655 0.1255 0.1255 0.1255 0.133 0.133 0.155 0.155
0.164 0.206 0.206 0.209 0.209 0.209 0.2335 0.2335 0.257 0.257 0.236 0.236 0.204 0.204 0.204 0.2 0.2 0.192 0.192 0.183 0.183 0.183 0.212 0.212 0.213 0.213 0.241 0.241 0.241 0.224 0.224 0.2335 0.2335 0.225 0.225 0.225 0.202 0.202 0.1755 0.1755 0.221 0.221 0.221 0.2115 0.2115 0.217 0.217 0.181 0.181 0.1785 0.1785 0.1785 0.178 0.178 0.2435 0.2435 0.2525 0.2525 0.2525 0.259 0.259 0.2625 0.2625 0.22 0.22 0.22 0.1695 0.1695 0.1655 0.1655 0.1255 0.1255 0.1255 0.133 0.133 0.155 0.155
0.1457 0.1921 0.1921 0.23 0.23 0.23 0.235 0.235 0.267 0.267 0.2735 0.2735 0.256 0.256 0.256 0.1935 0.1935 0.175 0.175 0.171 0.171 0.171 0.223 0.223 0.2545 0.2545 0.2525 0.2525 0.2525 0.2855 0.2855 0.2885 0.2885 0.309 0.309 0.309 0.3135 0.3135 0.276 0.276 0.2545 0.2545 0.2545 0.2425 0.2425 0.2245 0.2245 0.2195 0.2195 0.2095 0.2095 0.2095 0.2215 0.2215 0.26 0.26 0.266 0.266 0.266 0.2645 0.2645 0.275 0.275 0.2975 0.2975 0.2975 0.2155 0.2155 0.19 0.19 0.215 0.215 0.215 0.231 0.231 0.196 0.196
0.1457 0.1921 0.1921 0.23 0.23 0.23 0.235 0.235 0.267 0.267 0.2735 0.2735 0.256 0.256 0.256 0.1935 0.1935 0.175 0.175 0.171 0.171 0.171 0.223 0.223 0.2545 0.2545 0.2525 0.2525 0.2525 0.2855 0.2855 0.2885 0.2885 0.309 0.309 0.309 0.3135 0.3135 0.276 0.276 0.2545 0.2545 0.2545 0.2425 0.2425 0.2245 0.2245 0.2195 0.2195 0.2095 0.2095 0.2095 0.2215 0.2215 0.26 0.26 0.266 0.266 0.266 0.2645 0.2645 0.275 0.275 0.2975 0.2975 0.2975 0.2155 0.2155 0.19 0.19 0.215 0.215 0.215 0.231 0.231 0.196 0.196
0.1445 0.147 0.147 0.2095 0.2095 0.2095 0.2296 0.2296 0.236 0.236 0.232 0.232 0.226 0.226 0.226 0.2605 0.2605 0.2855 0.2855 0.298 0.298 0.298 0.2565 0.2565 0.2605 0.2605 0.3045 0.3045 0.3045 0.33 0.33 0.3455 0.3455 0.3355 0.3355 0.3355 0.2835 0.2835 0.289 0.289 0.271 0.271 0.271 0.281 0.281 0.2755 0.2755 0.2455 0.2455 0.2315 0.2315 0.2315 0.2565 0.2565 0.2805 0.2805 0.291 0.291 0.291 0.3095 0.3095 0.298 0.298 0.3145 0.3145 0.3145 0.292 0.292 0.2305 0.2305 0.2405 0.2405 0.2405 0.2295 0.2295 0.2195 0.2195
0.1445 0.147 0.147 0.2095 0.2095 0.2095 0.2296 0.2296 0.236 0.236 0.232 0.232 0.226 0.226 0.226 0.2605 0.2605 0.2855 0.2855 0.298 0.298 0.298 0.2565 0.2565 0.2605 0.2605 0.3045 0.3045 0.3045 0.33 0.33 0.3455 0.3455 0.3355 0.3355 0.3355 0.2835 0.2835 0.289 0.289 0.271 0.271 0.271 0.281 0.281 0.2755 0.2755 0.2455 0.2455 0.2315 0.2315 0.2315 0.2565 0.2565 0.2805 0.2805 0.291 0.291 0.291 0.3095 0.3095 0.298 0.298 0.3145 0.3145 0.3145 0.292 0.292 0.2305 0.2305 0.2405 0.2405 0.2405 0.2295 0.2295 0.2195 0.2195
0.1115 0.153 0.153 0.183 0.183 0.183 0.2476 0.2476 0.2195 0.2195 0.235 0.235 0.2305 0.2305 0.2305 0.242 0.242 0.2605 0.2605 0.284 0.284 0.284 0.3045 0.3045 0.2995 0.2995 0.2885 0.2885 0.2885 0.276 0.276 0.2955 0.2955 0.288 0.288 0.288 0.269 0.269 0.236 0.236 0.275 0.275 0.275 0.2525 0.2525 0.229 0.229 0.207 0.207 0.2205 0.2205 0.2205 0.2195 0.2195 0.248 0.248 0.2345 0.2345 0.2345 0.2555 0.2555 0.314 0.314 0.318 0.318 0.318 0.2815 0.2815 0.269 0.269 0.2165 0.2165 0.2165 0.231 0.231 0.2725 0.2725
0.1115 0.153 0.153 0.183 0.183 0.183 0.2476 0.2476 0.2195 0.2195 0.235 0.235 0.2305 0.2305 0.2305 0.242 0.242 0.2605 0.2605 0.284 0.284 0.284 0.3045 0.3045 0.2995 0.2995 0.2885 0.2885 0.2885 0.276 0.276 0.2955 0.2955 0.288 0.288 0.288 0.269 0.269 0.236 0.236 0.275 0.275 0.275 0.2525 0.2525 0.229 0.229 0.207 0.207 0.2205 0.2205 0.2205 0.2195 0.2195 0.248 0.248 0.2345 0.2345 0.2345 0.2555 0.2555 0.314 0.314 0.318 0.318 0.318 0.2815 0.2815 0.269 0.269 0.2165 0.2165 0.2165 0.231 0.231 0.2725 0.2725
0.1115 0.153 0.153 0.183 0.183 0.183 0.2476 0.2476 0.2195 0.2195 0.235 0.235 0.2305 0.2305 0.2305 0.242 0.242 0.2605 0.2605 0.284 0.284 0.284 0.3045 0.3045 0.2995 0.2995 0.2885 0.2885 0.2885 0.276 0.276 0.2955 0.2955 0.288 0.288 0.288 0.269 0.269 0.236 0.236 0.275 0.275 0.275 0.2525 0.2525 0.229 0.229 0.207 0.207 0.2205 0.2205 0.2205 0.2195 0.2195 0.248 0.248 0.2345 0.2345 0.2345 0.2555 0.2555 0.314 0.314 0.318 0.318 0.318 0.2815 0.2815 0.269 0.269 0.2165 0.2165 0.2165 0.231 0.231 0.2725 0.2725
0.133 0.1732 0.1732 0.178 0.178 0.178 0.1745 0.1745 0.2285 0.2285 0.2175 0.2175 0.219 0.219 0.219 0.2485 0.2485 0.302 0.302 0.323 0.323 0.323 0.3095 0.3095 0.285 0.285 0.287 0.287 0.287 0.2745 0.2745 0.2595 0.2595 0.2275 0.2275 0.2275 0.2455 0.2455 0.2375 0.2375 0.2265 0.2265 0.2265 0.233 0.233 0.2125 0.2125 0.191 0.191 0.2045 0.2045 0.2045 0.22 0.22 0.2335 0.2335 0.2175 0.2175 0.2175 0.265 0.265 0.2985 0.2985 0.275 0.275 0.275 0.2875 0.2875 0.277 0.277 0.329 0.329 0.329 0.3215 0.3215 0.297 0.297
0.133 0.1732 0.1732 0.178 0.178 0.178 0.1745 0.1745 0.2285 0.2285 0.2175 0.2175 0.219 0.219 0.219 0.2485 0.2485 0.302 0.302 0.323 0.323 0.323 0.3095 0.3095 0.285 0.285 0.287 0.287 0.287 0.2745 0.2745 0.2595 0.2595 0.2275 0.2275 0.2275 0.2455 0.2455 0.2375 0.2375 0.2265 0.2265 0.2265 0.233 0.233 0.2125 0.2125 0.191 0.191 0.2045 0.2045 0.2045 0.22 0.22 0.2335 0.2335 0.2175 0.2175 0.2175 0.265 0.265 0.2985 0.2985 0.275 0.275 0.275 0.2875 0.2875 0.277 0.277 0.329 0.329 0.329 0.3215 0.3215 0.297 0.297
0.2055 0.1635 0.1635 0.1625 0.1625 0.1625 0.192 0.192 0.1655 0.1655 0.2235 0.2235 0.2745 0.2745 0.2745 0.308 0.308 0.3245 0.3245 0.325 0.325 0.325 0.2935 0.2935 0.2815 0.2815 0.244 0.244 0.244 0.255 0.255 0.2635 0.2635 0.245 0.245 0.245 0.2605 0.2605 0.256 0.256 0.3025 0.3025 0.3025 0.252 0.252 0.248 0.248 0.2855 0.2855 0.2725 0.2725 0.2725 0.2405 0.2405 0.251 0.251 0.2535 0.2535 0.2535 0.253 0.253 0.257 0.257 0.2685 0.2685 0.2685 0.26 0.26 0.2915 0.2915 0.303 0.303 0.303 0.234 0.234 0.2595 0.2595
0.2055 0.1635 0.1635 0.1625 0.1625 0.1625 0.192 0.192 0.1655 0.1655 0.2235 0.2235 0.2745 0.2745 0.2745 0.308 0.308 0.3245 0.3245 0.325 0.325 0.325 0.2935 0.2935 0.2815 0.2815 0.244 0.244 0.244 0.255 0.255 0.2635 0.2635 0.245 0.245 0.245 0.2605 0.2605 0.256 0.256 0.3025 0.3025 0.3025 0.252 0.252 0.248 0.248 0.2855 0.2855 0.2725 0.2725 0.2725 0.2405 0.2405 0.251 0.251 0.2535 0.2535 0.2535 0.253 0.253 0.257 0.257 0.2685 0.2685 0.2685 0.26 0.26 0.2915 0.2915 0.303 0.303 0.303 0.234 0.234 0.2595 0.2595
0.227 0.1925 0.1925 0.1645 0.1645 0.1645 0.1965 0.1965 0.1795 0.1795 0.2455 0.2455 0.249 0.249 0.249 0.285 0.285 0.361 0.361 0.3455 0.3455 0.3455 0.337 0.337 0.327 0.327 0.2485 0.2485 0.2485 0.2225 0.2225 0.2435 0.2435 0.2445 0.2445 0.2445 0.224 0.224 0.231 0.231 0.252 0.252 0.252 0.2495 0.2495 0.2415 0.2415 0.2785 0.2785 0.3125 0.3125 0.3125 0.342 0.342 0.3465 0.3465 0.3 0.3 0.3 0.3185 0.3185 0.313 0.313 0.3245 0.3245 0.3245 0.32 0.32 0.329 0.329 0.2505 0.2505 0.2505 0.252 0.252 0.266 0.266
0.227 0.1925 0.1925 0.1645 0.1645 0.1645 0.1965 0.1965 0.1795 0.1795 0.2455 0.2455 0.249 0.249 0.249 0.285 0.285 0.361 0.361 0.3455 0.3455 0.3455 0.337 0.337 0.327 0.327 0.2485 0.2485 0.2485 0.2225 0.2225 0.2435 0.2435 0.2445 0.2445 0.2445 0.224 0.224 0.231 0.231 0.252 0.252 0.252 0.2495 0.2495 0.2415 0.2415 0.2785 0.2785 0.3125 0.3125 0.3125 0.342 0.342 0.3465 0.3465 0.3 0.3 0.3 0.3185 0.3185 0.313 0.313 0.3245 0.3245 0.3245 0.32 0.32 0.329 0.329 0.2505 0.2505 0.2505 0.252 0.252 0.266 0.266
0.227 0.1925 0.1925 0.1645 0.1645 0.1645 0.1965 0.1965 0.1795 0.1795 0.2455 0.2455 0.249 0.249 0.249 0.285 0.285 0.361 0.361 0.3455 0.3455 0.3455 0.337 0.337 0.327 0.327 0.2485 0.2485 0.2485 0.2225 0.2225 0.2435 0.2435 0.2445 0.2445 0.2445 0.224 0.224 0.231 0.231 0.252 0.252 0.252 0.2495 0.2495 0.2415 0.2415 0.2785 0.2785 0.3125 0.3125 0.3125 0.342 0.342 0.3465 0.3465 0.3 0.3 0.3 0.3185 0.3185 0.313 0.313 0.3245 0.3245 0.3245 0.32 0.32 0.329 0.329 0.2505 0.2505 0.2505 0.252 0.252 0.266 0.266
0.1975 0.238 0.238 0.23 0.23 0.23 0.233 0.233 0.2535 0.2535 0.225 0.225 0.274 0.274 0.274 0.3085 0.3085 0.431 0.431 0.464 0.464 0.464 0.4315 0.4315 0.345 0.345 0.328 0.328 0.328 0.25 0.25 0.255 0.255 0.2435 0.2435 0.2435 0.2535 0.2535 0.2235 0.2235 0.215 0.215 0.215 0.2585 0.2585 0.3085 0.3085 0.3275 0.3275 0.3405 0.3405 0.3405 0.374 0.374 0.2875 0.2875 0.394 0.394 0.394 0.378 0.378 0.387 0.387 0.297 0.297 0.297 0.255 0.255 0.325 0.325 0.32 0.32 0.32 0.3385 0.3385 0.3315 0.3315
