ndvi/NOAA-225.asc
ncols         252
nrows         154
xllcorner     -18.017974
yllcorner     13.481982
cellsize      0.035948
NODATA_value  -9999
[rows 34 to 67 of 154, columns 156 to 233 of 252]
0.1615 0.163 0.163 0.163 0.236 0.236 0.1655 0.1655 0.154 0.154 0.1265 0.1265 0.1265 0.13 0.13 0.14 0.14 0.159 0.159 0.159 0.145 0.145 0.1565 0.1565 0.1425 0.1425 0.1425 0.1345 0.1345 0.1405 0.1405 0.146 0.146 0.146 0.16 0.16 0.17 0.17 0.1585 0.1585 0.1585 0.1465 0.1465 0.126 0.126 0.1435 0.1435 0.1595 0.1595 0.1595 0.152 0.152 0.1555 0.1555 0.1485 0.1485 0.1485 0.137 0.137 0.1325 0.1325 0.128 0.128 0.128 0.1195 0.1195 0.119 0.119 0.111 0.111 0.111 0.1115 0.1115 0.1095 0.1095 0.099 0.099 0.099
0.1615 0.163 0.163 0.163 0.236 0.236 0.1655 0.1655 0.154 0.154 0.1265 0.1265 0.1265 0.13 0.13 0.14 0.14 0.159 0.159 0.159 0.145 0.145 0.1565 0.1565 0.1425 0.1425 0.1425 0.1345 0.1345 0.1405 0.1405 0.146 0.146 0.146 0.16 0.16 0.17 0.17 0.1585 0.1585 0.1585 0.1465 0.1465 0.126 0.126 0.1435 0.1435 0.1595 0.1595 0.1595 0.152 0.152 0.1555 0.1555 0.1485 0.1485 0.1485 0.137 0.137 0.1325 0.1325 0.128 0.128 0.128 0.1195 0.1195 0.119 0.119 0.111 0.111 0.111 0.1115 0.1115 0.1095 0.1095 0.099 0.099 0.099
0.1615 0.163 0.163 0.163 0.236 0.236 0.1655 0.1655 0.154 0.154 0.1265 0.1265 0.1265 0.13 0.13 0.14 0.14 0.159 0.159 0.159 0.145 0.145 0.1565 0.1565 0.1425 0.1425 0.1425 0.1345 0.1345 0.1405 0.1405 0.146 0.146 0.146 0.16 0.16 0.17 0.17 0.1585 0.1585 0.1585 0.1465 0.1465 0.126 0.126 0.1435 0.1435 0.1595 0.1595 0.1595 0.152 0.152 0.1555 0.1555 0.1485 0.1485 0.1485 0.137 0.137 0.1325 0.1325 0.128 0.128 0.128 0.1195 0.1195 0.119 0.119 0.111 0.111 0.111 0.1115 0.1115 0.1095 0.1095 0.099 0.099 0.099
0.1855 0.148 0.148 0.148 0.1645 0.1645 0.1355 0.1355 0.1515 0.1515 0.155 0.155 0.155 0.153 0.153 0.144 0.144 0.132 0.132 0.132 0.149 0.149 0.168 0.168 0.168 0.168 0.168 0.159 0.159 0.195 0.195 0.2015 0.2015 0.2015 0.1875 0.1875 0.1975 0.1975 0.1615 0.1615 0.1615 0.1475 0.1475 0.1315 0.1315 0.148 0.148 0.151 0.151 0.151 0.1435 0.1435 0.162 0.162 0.1565 0.1565 0.1565 0.1505 0.1505 0.1325 0.1325 0.1285 0.1285 0.1285 0.129 0.129 0.134 0.134 0.128 0.128 0.128 0.13 0.13 0.121 0.121 0.104 0.104 0.104
0.1855 0.148 0.148 0.148 0.1645 0.1645 0.1355 0.1355 0.1515 0.1515 0.155 0.155 0.155 0.153 0.153 0.144 0.144 0.132 0.132 0.132 0.149 0.149 0.168 0.168 0.168 0.168 0.168 0.159 0.159 0.195 0.195 0.2015 0.2015 0.2015 0.1875 0.1875 0.1975 0.1975 0.1615 0.1615 0.1615 0.1475 0.1475 0.1315 0.1315 0.148 0.148 0.151 0.151 0.151 0.1435 0.1435 0.162 0.162 0.1565 0.1565 0.1565 0.1505 0.1505 0.1325 0.1325 0.1285 0.1285 0.1285 0.129 0.129 0.134 0.134 0.128 0.128 0.128 0.13 0.13 0.121 0.121 0.104 0.104 0.104
0.1545 0.1455 0.1455 0.1455 0.151 0.151 0.1475 0.1475 0.148 0.148 0.143 0.143 0.143 0.149 0.149 0.158 0.158 0.1345 0.1345 0.1345 0.16 0.16 0.17 0.17 0.1835 0.1835 0.1835 0.17 0.17 0.1975 0.1975 0.2 0.2 0.2 0.1705 0.1705 0.151 0.151 0.135 0.135 0.135 0.147 0.147 0.1555 0.1555 0.155 0.155 0.1525 0.1525 0.1525 0.157 0.157 0.1645 0.1645 0.1565 0.1565 0.1565 0.153 0.153 0.1455 0.1455 0.135 0.135 0.135 0.132 0.132 0.127 0.127 0.1315 0.1315 0.1315 0.121 0.121 0.114 0.114 0.123 0.123 0.123
0.1545 0.1455 0.1455 0.1455 0.151 0.151 0.1475 0.1475 0.148 0.148 0.143 0.143 0.143 0.149 0.149 0.158 0.158 0.1345 0.1345 0.1345 0.16 0.16 0.17 0.17 0.1835 0.1835 0.1835 0.17 0.17 0.1975 0.1975 0.2 0.2 0.2 0.1705 0.1705 0.151 0.151 0.135 0.135 0.135 0.147 0.147 0.1555 0.1555 0.155 0.155 0.1525 0.1525 0.1525 0.157 0.157 0.1645 0.1645 0.1565 0.1565 0.1565 0.153 0.153 0.1455 0.1455 0.135 0.135 0.135 0.132 0.132 0.127 0.127 0.1315 0.1315 0.1315 0.121 0.121 0.114 0.114 0.123 0.123 0.123
0.145 0.1495 0.1495 0.1495 0.152 0.152 0.1475 0.1475 0.1805 0.1805 0.1535 0.1535 0.1535 0.167 0.167 0.151 0.151 0.16 0.16 0.16 0.154 0.154 0.1685 0.1685 0.1705 0.1705 0.1705 0.191 0.191 0.192 0.192 0.2155 0.2155 0.2155 0.1835 0.1835 0.1835 0.1835 0.173 0.173 0.173 0.1595 0.1595 0.166 0.166 0.172 0.172 0.163 0.163 0.163 0.1525 0.1525 0.1545 0.1545 0.169 0.169 0.169 0.175 0.175 0.168 0.168 0.182 0.182 0.182 0.164 0.164 0.1555 0.1555 0.146 0.146 0.146 0.1285 0.1285 0.127 0.127 0.132 0.132 0.132
0.145 0.1495 0.1495 0.1495 0.152 0.152 0.1475 0.1475 0.1805 0.1805 0.1535 0.1535 0.1535 0.167 0.167 0.151 0.151 0.16 0.16 0.16 0.154 0.154 0.1685 0.1685 0.1705 0.1705 0.1705 0.191 0.191 0.192 0.192 0.2155 0.2155 0.2155 0.1835 0.1835 0.1835 0.1835 0.173 0.173 0.173 0.1595 0.1595 0.166 0.166 0.172 0.172 0.163 0.163 0.163 0.1525 0.1525 0.1545 0.1545 0.169 0.169 0.169 0.175 0.175 0.168 0.168 0.182 0.182 0.182 0.164 0.164 0.1555 0.1555 0.146 0.146 0.146 0.1285 0.1285 0.127 0.127 0.132 0.132 0.132
0.145 0.1495 0.1495 0.1495 0.152 0.152 0.1475 0.1475 0.1805 0.1805 0.1535 0.1535 0.1535 0.167 0.167 0.151 0.151 0.16 0.16 0.16 0.154 0.154 0.1685 0.1685 0.1705 0.1705 0.1705 0.191 0.191 0.192 0.192 0.2155 0.2155 0.2155 0.1835 0.1835 0.1835 0.1835 0.173 0.173 0.173 0.1595 0.1595 0.166 0.166 0.172 0.172 0.163 0.163 0.163 0.1525 0.1525 0.1545 0.1545 0.169 0.169 0.169 0.175 0.175 0.168 0.168 0.182 0.182 0.182 0.164 0.164 0.1555 0.1555 0.146 0.146 0.146 0.1285 0.1285 0.127 0.127 0.132 0.132 0.132
0.1905 0.2025 0.2025 0.2025 0.1695 0.1695 0.2315 0.2315 0.206 0.206 0.215 0.215 0.215 0.19 0.19 0.2315 0.2315 0.217 0.217 0.217 0.179 0.179 0.1635 0.1635 0.1825 0.1825 0.1825 0.2475 0.2475 0.2545 0.2545 0.2575 0.2575 0.2575 0.1775 0.1775 0.1525 0.1525 0.1635 0.1635 0.1635 0.16 0.16 0.1695 0.1695 0.1725 0.1725 0.1705 0.1705 0.1705 0.1545 0.1545 0.1555 0.1555 0.1445 0.1445 0.1445 0.1625 0.1625 0.1695 0.1695 0.1625 0.1625 0.1625 0.158 0.158 0.162 0.162 0.152 0.152 0.152 0.1525 0.1525 0.134 0.134 0.128 0.128 0.128
0.1905 0.2025 0.2025 0.2025 0.1695 0.1695 0.2315 0.2315 0.206 0.206 0.215 0.215 0.215 0.19 0.19 0.2315 0.2315 0.217 0.217 0.217 0.179 0.179 0.1635 0.1635 0.1825 0.1825 0.1825 0.2475 0.2475 0.2545 0.2545 0.2575 0.2575 0.2575 0.1775 0.1775 0.1525 0.1525 0.1635 0.1635 0.1635 0.16 0.16 0.1695 0.1695 0.1725 0.1725 0.1705 0.1705 0.1705 0.1545 0.1545 0.1555 0.1555 0.1445 0.1445 0.1445 0.1625 0.1625 0.1695 0.1695 0.1625 0.1625 0.1625 0.158 0.158 0.162 0.162 0.152 0.152 0.152 0.1525 0.1525 0.134 0.134 0.128 0.128 0.128
0.246 0.2385 0.2385 0.2385 0.28 0.28 0.2305 0.2305 0.2485 0.2485 0.2825 0.2825 0.2825 0.2435 0.2435 0.2235 0.2235 0.208 0.208 0.208 0.1895 0.1895 0.1745 0.1745 0.187 0.187 0.187 0.1945 0.1945 0.201 0.201 0.206 0.206 0.206 0.185 0.185 0.1785 0.1785 0.2035 0.2035 0.2035 0.208 0.208 0.1945 0.1945 0.1835 0.1835 0.2445 0.2445 0.2445 0.2045 0.2045 0.1825 0.1825 0.174 0.174 0.174 0.1625 0.1625 0.1555 0.1555 0.173 0.173 0.173 0.1645 0.1645 0.1535 0.1535 0.146 0.146 0.146 0.1525 0.1525 0.1435 0.1435 0.152 0.152 0.152
0.246 0.2385 0.2385 0.2385 0.28 0.28 0.2305 0.2305 0.2485 0.2485 0.2825 0.2825 0.2825 0.2435 0.2435 0.2235 0.2235 0.208 0.208 0.208 0.1895 0.1895 0.1745 0.1745 0.187 0.187 0.187 0.1945 0.1945 0.201 0.201 0.206 0.206 0.206 0.185 0.185 0.1785 0.1785 0.2035 0.2035 0.2035 0.208 0.208 0.1945 0.1945 0.1835 0.1835 0.2445 0.2445 0.2445 0.2045 0.2045 0.1825 0.1825 0.174 0.174 0.174 0.1625 0.1625 0.1555 0.1555 0.173 0.173 0.173 0.1645 0.1645 0.1535 0.1535 0.146 0.146 0.146 0.1525 0.1525 0.1435 0.1435 0.152 0.152 0.152
0.253 0.268 0.268 0.268 0.251 0.251 0.2885 0.2885 0.2565 0.2565 0.2355 0.2355 0.2355 0.2555 0.2555 0.2295 0.2295 0.214 0.214 0.214 0.2085 0.2085 0.2265 0.2265 0.246 0.246 0.246 0.2085 0.2085 0.208 0.208 0.204 0.204 0.204 0.178 0.178 0.207 0.207 0.236 0.236 0.236 0.226 0.226 0.22 0.22 0.21 0.21 0.2105 0.2105 0.2105 0.1825 0.1825 0.192 0.192 0.199 0.199 0.199 0.191 0.191 0.1735 0.1735 0.172 0.172 0.172 0.187 0.187 0.163 0.163 0.1775 0.1775 0.1775 0.1685 0.1685 0.1555 0.1555 0.1555 0.1555 0.1555
0.253 0.268 0.268 0.268 0.251 0.251 0.2885 0.2885 0.2565 0.2565 0.2355 0.2355 0.2355 0.2555 0.2555 0.2295 0.2295 0.214 0.214 0.214 0.2085 0.2085 0.2265 0.2265 0.246 0.246 0.246 0.2085 0.2085 0.208 0.208 0.204 0.204 0.204 0.178 0.178 0.207 0.207 0.236 0.236 0.236 0.226 0.226 0.22 0.22 0.21 0.21 0.2105 0.2105 0.2105 0.1825 0.1825 0.192 0.192 0.199 0.199 0.199 0.191 0.191 0.1735 0.1735 0.172 0.172 0.172 0.187 0.187 0.163 0.163 0.1775 0.1775 0.1775 0.1685 0.1685 0.1555 0.1555 0.1555 0.1555 0.1555
0.253 0.268 0.268 0.268 0.251 0.251 0.2885 0.2885 0.2565 0.2565 0.2355 0.2355 0.2355 0.2555 0.2555 0.2295 0.2295 0.214 0.214 0.214 0.2085 0.2085 0.2265 0.2265 0.246 0.246 0.246 0.2085 0.2085 0.208 0.208 0.204 0.204 0.204 0.178 0.178 0.207 0.207 0.236 0.236 0.236 0.226 0.226 0.22 0.22 0.21 0.21 0.2105 0.2105 0.2105 0.1825 0.1825 0.192 0.192 0.199 0.199 0.199 0.191 0.191 0.1735 0.1735 0.172 0.172 0.172 0.187 0.187 0.163 0.163 0.1775 0.1775 0.1775 0.1685 0.1685 0.1555 0.1555 0.1555 0.1555 0.1555
0.258 0.256 0.256 0.256 0.279 0.279 0.321 0.321 0.3195 0.3195 0.24 0.24 0.24 0.247 0.247 0.228 0.228 0.235 0.235 0.235 0.235 0.235 0.253 0.253 0.2855 0.2855 0.2855 0.251 0.251 0.3185 0.3185 0.269 0.269 0.269 0.2045 0.2045 0.2275 0.2275 0.2375 0.2375 0.2375 0.217 0.217 0.2115 0.2115 0.206 0.206 0.182 0.182 0.182 0.182 0.182 0.209 0.209 0.2305 0.2305 0.2305 0.229 0.229 0.2165 0.2165 0.2015 0.2015 0.2015 0.187 0.187 0.197 0.197 0.1945 0.1945 0.1945 0.1675 0.1675 0.155 0.155 0.1545 0.1545 0.1545
0.258 0.256 0.256 0.256 0.279 0.279 0.321 0.321 0.3195 0.3195 0.24 0.24 0.24 0.247 0.247 0.228 0.228 0.235 0.235 0.235 0.235 0.235 0.253 0.253 0.2855 0.2855 0.2855 0.251 0.251 0.3185 0.3185 0.269 0.269 0.269 0.2045 0.2045 0.2275 0.2275 0.2375 0.2375 0.2375 0.217 0.217 0.2115 0.2115 0.206 0.206 0.182 0.182 0.182 0.182 0.182 0.209 0.209 0.2305 0.2305 0.2305 0.229 0.229 0.2165 0.2165 0.2015 0.2015 0.2015 0.187 0.187 0.197 0.197 0.1945 0.1945 0.1945 0.1675 0.1675 0.155 0.155 0.1545 0.1545 0.1545
0.249 0.2735 0.2735 0.2735 0.28 0.28 0.271 0.271 0.3225 0.3225 0.3165 0.3165 0.3165 0.258 0.258 0.2065 0.2065 0.2205 0.2205 0.2205 0.2805 0.2805 0.2985 0.2985 0.2915 0.2915 0.2915 0.3145 0.3145 0.377 0.377 0.338 0.338 0.338 0.3435 0.3435 0.3095 0.3095 0.2535 0.2535 0.2535 0.2195 0.2195 0.22 0.22 0.2115 0.2115 0.1845 0.1845 0.1845 0.195 0.195 0.237 0.237 0.2355 0.2355 0.2355 0.233 0.233 0.23 0.23 0.2515 0.2515 0.2515 0.222 0.222 0.228 0.228 0.228 0.228 0.228 0.2535 0.2535 0.2545 0.2545 0.25 0.25 0.25
0.249 0.2735 0.2735 0.2735 0.28 0.28 0.271 0.271 0.3225 0.3225 0.3165 0.3165 0.3165 0.258 0.258 0.2065 0.2065 0.2205 0.2205 0.2205 0.2805 0.2805 0.2985 0.2985 0.2915 0.2915 0.2915 0.3145 0.3145 0.377 0.377 0.338 0.338 0.338 0.3435 0.3435 0.3095 0.3095 0.2535 0.2535 0.2535 0.2195 0.2195 0.22 0.22 0.2115 0.2115 0.1845 0.1845 0.1845 0.195 0.195 0.237 0.237 0.2355 0.2355 0.2355 0.233 0.233 0.23 0.23 0.2515 0.2515 0.2515 0.222 0.222 0.228 0.228 0.228 0.228 0.228 0.2535 0.2535 0.2545 0.2545 0.25 0.25 0.25
0.214 0.291 0.291 0.291 0.2485 0.2485 0.285 0.285 0.304 0.304 0.3295 0.3295 0.3295 0.389 0.389 0.3055 0.3055 0.3035 0.3035 0.3035 0.32 0.32 0.3355 0.3355 0.352 0.352 0.352 0.4235 0.4235 0.4035 0.4035 0.401 0.401 0.401 0.323 0.323 0.291 0.291 0.255 0.255 0.255 0.2825 0.2825 0.2245 0.2245 0.2415 0.2415 0.2295 0.2295 0.2295 0.269 0.269 0.2185 0.2185 0.2235 0.2235 0.2235 0.2365 0.2365 0.2505 0.2505 0.2925 0.2925 0.2925 0.262 0.262 0.227 0.227 0.231 0.231 0.231 0.2435 0.2435 0.222 0.222 0.2365 0.2365 0.2365
0.214 0.291 0.291 0.291 0.2485 0.2485 0.285 0.285 0.304 0.304 0.3295 0.3295 0.3295 0.389 0.389 0.3055 0.3055 0.3035 0.3035 0.3035 0.32 0.32 0.3355 0.3355 0.352 0.352 0.352 0.4235 0.4235 0.4035 0.4035 0.401 0.401 0.401 0.323 0.323 0.291 0.291 0.255 0.255 0.255 0.2825 0.2825 0.2245 0.2245 0.2415 0.2415 0.2295 0.2295 0.2295 0.269 0.269 0.2185 0.2185 0.2235 0.2235 0.2235 0.2365 0.2365 0.2505 0.2505 0.2925 0.2925 0.2925 0.262 0.262 0.227 0.227 0.231 0.231 0.231 0.2435 0.2435 0.222 0.222 0.2365 0.2365 0.2365
0.1865 0.241 0.241 0.241 0.277 0.277 0.2625 0.2625 0.256 0.256 0.265 0.265 0.265 0.2515 0.2515 0.2915 0.2915 0.311 0.311 0.311 0.332 0.332 0.343 0.343 0.31 0.31 0.31 0.3135 0.3135 0.3625 0.3625 0.322 0.322 0.322 0.345 0.345 0.2845 0.2845 0.2765 0.2765 0.2765 0.22 0.22 0.2275 0.2275 0.1965 0.1965 0.2165 0.2165 0.2165 0.2185 0.2185 0.218 0.218 0.2125 0.2125 0.2125 0.236 0.236 0.2695 0.2695 0.264 0.264 0.264 0.2555 0.2555 0.2365 0.2365 0.2215 0.2215 0.2215 0.2185 0.2185 0.2565 0.2565 0.2545 0.2545 0.2545
0.1865 0.241 0.241 0.241 0.277 0.277 0.2625 0.2625 0.256 0.256 0.265 0.265 0.265 0.2515 0.2515 0.2915 0.2915 0.311 0.311 0.311 0.332 0.332 0.343 0.343 0.31 0.31 0.31 0.3135 0.3135 0.3625 0.3625 0.322 0.322 0.322 0.345 0.345 0.2845 0.2845 0.2765 0.2765 0.2765 0.22 0.22 0.2275 0.2275 0.1965 0.1965 0.2165 0.2165 0.2165 0.2185 0.2185 0.218 0.218 0.2125 0.2125 0.2125 0.236 0.236 0.2695 0.2695 0.264 0.264 0.264 0.2555 0.2555 0.2365 0.2365 0.2215 0.2215 0.2215 0.2185 0.2185 0.2565 0.2565 0.2545 0.2545 0.2545
0.1865 0.241 0.241 0.241 0.277 0.277 0.2625 0.2625 0.256 0.256 0.265 0.265 0.265 0.2515 0.2515 0.2915 0.2915 0.311 0.311 0.311 0.332 0.332 0.343 0.343 0.31 0.31 0.31 0.3135 0.3135 0.3625 0.3625 0.322 0.322 0.322 0.345 0.345 0.2845 0.2845 0.2765 0.2765 0.2765 0.22 0.22 0.2275 0.2275 0.1965 0.1965 0.2165 0.2165 0.2165 0.2185 0.2185 0.218 0.218 0.2125 0.2125 0.2125 0.236 0.236 0.2695 0.2695 0.264 0.264 0.264 0.2555 0.2555 0.2365 0.2365 0.2215 0.2215 0.2215 0.2185 0.2185 0.2565 0.2565 0.2545 0.2545 0.2545
0.2815 0.2055 0.2055 0.2055 0.2835 0.2835 0.2535 0.2535 0.274 0.274 0.2725 0.2725 0.2725 0.277 0.277 0.317 0.317 0.3475 0.3475 0.3475 0.3485 0.3485 0.3075 0.3075 0.3415 0.3415 0.3415 0.444 0.444 0.361 0.361 0.353 0.353 0.353 0.3675 0.3675 0.3205 0.3205 0.306 0.306 0.306 0.22 0.22 0.2075 0.2075 0.2125 0.2125 0.236 0.236 0.236 0.226 0.226 0.205 0.205 0.2445 0.2445 0.2445 0.2655 0.2655 0.268 0.268 0.267 0.267 0.267 0.268 0.268 0.249 0.249 0.242 0.242 0.242 0.244 0.244 0.266 0.266 0.2525 0.2525 0.2525
0.2815 0.2055 0.2055 0.2055 0.2835 0.2835 0.2535 0.2535 0.274 0.274 0.2725 0.2725 0.2725 0.277 0.277 0.317 0.317 0.3475 0.3475 0.3475 0.3485 0.3485 0.3075 0.3075 0.3415 0.3415 0.3415 0.444 0.444 0.361 0.361 0.353 0.353 0.353 0.3675 0.3675 0.3205 0.3205 0.306 0.306 0.306 0.22 0.22 0.2075 0.2075 0.2125 0.2125 0.236 0.236 0.236 0.226 0.226 0.205 0.205 0.2445 0.2445 0.2445 0.2655 0.2655 0.268 0.268 0.267 0.267 0.267 0.268 0.268 0.249 0.249 0.242 0.242 0.242 0.244 0.244 0.266 0.266 0.2525 0.2525 0.2525
0.214 0.2065 0.2065 0.2065 0.1795 0.1795 0.242 0.242 0.262 0.262 0.2745 0.2745 0.2745 0.337 0.337 0.353 0.353 0.3555 0.3555 0.3555 0.3815 0.3815 0.3395 0.3395 0.3255 0.3255 0.3255 0.288 0.288 0.309 0.309 0.306 0.306 0.306 0.353 0.353 0.3245 0.3245 0.3345 0.3345 0.3345 0.333 0.333 0.3195 0.3195 0.3395 0.3395 0.287 0.287 0.287 0.277 0.277 0.271 0.271 0.271 0.271 0.271 0.2445 0.2445 0.278 0.278 0.2995 0.2995 0.2995 0.2835 0.2835 0.2435 0.2435 0.225 0.225 0.225 0.251 0.251 0.2605 0.2605 0.2385 0.2385 0.2385
0.214 0.2065 0.2065 0.2065 0.1795 0.1795 0.242 0.242 0.262 0.262 0.2745 0.2745 0.2745 0.337 0.337 0.353 0.353 0.3555 0.3555 0.3555 0.3815 0.3815 0.3395 0.3395 0.3255 0.3255 0.3255 0.288 0.288 0.309 0.309 0.306 0.306 0.306 0.353 0.353 0.3245 0.3245 0.3345 0.3345 0.3345 0.333 0.333 0.3195 0.3195 0.3395 0.3395 0.287 0.287 0.287 0.277 0.277 0.271 0.271 0.271 0.271 0.271 0.2445 0.2445 0.278 0.278 0.2995 0.2995 0.2995 0.2835 0.2835 0.2435 0.2435 0.225 0.225 0.225 0.251 0.251 0.2605 0.2605 0.2385 0.2385 0.2385
0.1985 0.1995 0.1995 0.1995 0.185 0.185 0.3145 0.3145 0.3015 0.3015 0.32 0.32 0.32 0.3455 0.3455 0.3505 0.3505 0.331 0.331 0.331 0.335 0.335 0.331 0.331 0.308 0.308 0.308 0.277 0.277 0.2765 0.2765 0.3415 0.3415 0.3415 0.3605 0.3605 0.329 0.329 0.326 0.326 0.326 0.3225 0.3225 0.3105 0.3105 0.319 0.319 0.3775 0.3775 0.3775 0.4215 0.4215 0.3945 0.3945 0.314 0.314 0.314 0.324 0.324 0.354 0.354 0.339 0.339 0.339 0.3435 0.3435 0.2795 0.2795 0.2475 0.2475 0.2475 0.2515 0.2515 0.275 0.275 0.3135 0.3135 0.3135
0.1985 0.1995 0.1995 0.1995 0.185 0.185 0.3145 0.3145 0.3015 0.3015 0.32 0.32 0.32 0.3455 0.3455 0.3505 0.3505 0.331 0.331 0.331 0.335 0.335 0.331 0.331 0.308 0.308 0.308 0.277 0.277 0.2765 0.2765 0.3415 0.3415 0.3415 0.3605 0.3605 0.329 0.329 0.326 0.326 0.326 0.3225 0.3225 0.3105 0.3105 0.319 0.319 0.3775 0.3775 0.3775 0.4215 0.4215 0.3945 0.3945 0.314 0.314 0.314 0.324 0.324 0.354 0.354 0.339 0.339 0.339 0.3435 0.3435 0.2795 0.2795 0.2475 0.2475 0.2475 0.2515 0.2515 0.275 0.275 0.3135 0.3135 0.3135
0.1985 0.1995 0.1995 0.1995 0.185 0.185 0.3145 0.3145 0.3015 0.3015 0.32 0.32 0.32 0.3455 0.3455 0.3505 0.3505 0.331 0.331 0.331 0.335 0.335 0.331 0.331 0.308 0.308 0.308 0.277 0.277 0.2765 0.2765 0.3415 0.3415 0.3415 0.3605 0.3605 0.329 0.329 0.326 0.326 0.326 0.3225 0.3225 0.3105 0.3105 0.319 0.319 0.3775 0.3775 0.3775 0.4215 0.4215 0.3945 0.3945 0.314 0.314 0.314 0.324 0.324 0.354 0.354 0.339 0.339 0.339 0.3435 0.3435 0.2795 0.2795 0.2475 0.2475 0.2475 0.2515 0.2515 0.275 0.275 0.3135 0.3135 0.3135
0.2565 0.236 0.236 0.236 0.2755 0.2755 0.279 0.279 0.2615 0.2615 0.2755 0.2755 0.2755 0.316 0.316 0.362 0.362 0.3945 0.3945 0.3945 0.3525 0.3525 0.316 0.316 0.385 0.385 0.385 0.4245 0.4245 0.4245 0.4245 0.3405 0.3405 0.3405 0.32 0.32 0.354 0.354 0.363 0.363 0.363 0.436 0.436 0.336 0.336 0.333 0.333 0.3485 0.3485 0.3485 0.3605 0.3605 0.379 0.379 0.393 0.393 0.393 0.376 0.376 0.4155 0.4155 0.3095 0.3095 0.3095 0.2785 0.2785 0.3175 0.3175 0.3475 0.3475 0.3475 0.402 0.402 0.433 0.433 0.311 0.311 0.311
