ndvi/NOAA-292.asc
ncols         252
nrows         154
xllcorner     -18.017974
yllcorner     13.481982
cellsize      0.035948
NODATA_value  -9999
[rows 34 to 67 of 154, columns 154 to 230 of 252]
0.113 0.113 0.113 0.114 0.114 0.114 0.1025 0.1025 0.1015 0.1015 0.101 0.101 0.1075 0.1075 0.1075 0.0995 0.0995 0.113 0.113 0.094 0.094 0.094 0.09450001 0.09450001 0.1175 0.1175 0.142 0.142 0.142 0.14 0.14 0.1245 0.1245 0.117 0.117 0.117 0.111 0.111 0.108 0.108 0.1065 0.1065 0.1065 0.1105 0.1105 0.116 0.116 0.112 0.112 0.12 0.12 0.12 0.1265 0.1265 0.124 0.124 0.1185 0.1185 0.1185 0.135 0.135 0.128 0.128 0.1255 0.1255 0.1255 0.123 0.123 0.1225 0.1225 0.1245 0.1245 0.1245 0.1245 0.1245 0.12 0.12
0.113 0.113 0.113 0.114 0.114 0.114 0.1025 0.1025 0.1015 0.1015 0.101 0.101 0.1075 0.1075 0.1075 0.0995 0.0995 0.113 0.113 0.094 0.094 0.094 0.09450001 0.09450001 0.1175 0.1175 0.142 0.142 0.142 0.14 0.14 0.1245 0.1245 0.117 0.117 0.117 0.111 0.111 0.108 0.108 0.1065 0.1065 0.1065 0.1105 0.1105 0.116 0.116 0.112 0.112 0.12 0.12 0.12 0.1265 0.1265 0.124 0.124 0.1185 0.1185 0.1185 0.135 0.135 0.128 0.128 0.1255 0.1255 0.1255 0.123 0.123 0.1225 0.1225 0.1245 0.1245 0.1245 0.1245 0.1245 0.12 0.12
0.113 0.113 0.113 0.114 0.114 0.114 0.1025 0.1025 0.1015 0.1015 0.101 0.101 0.1075 0.1075 0.1075 0.0995 0.0995 0.113 0.113 0.094 0.094 0.094 0.09450001 0.09450001 0.1175 0.1175 0.142 0.142 0.142 0.14 0.14 0.1245 0.1245 0.117 0.117 0.117 0.111 0.111 0.108 0.108 0.1065 0.1065 0.1065 0.1105 0.1105 0.116 0.116 0.112 0.112 0.12 0.12 0.12 0.1265 0.1265 0.124 0.124 0.1185 0.1185 0.1185 0.135 0.135 0.128 0.128 0.1255 0.1255 0.1255 0.123 0.123 0.1225 0.1225 0.1245 0.1245 0.1245 0.1245 0.1245 0.12 0.12
0.1175 0.107 0.107 0.1095 0.1095 0.1095 0.09450001 0.09450001 0.085 0.085 0.0955 0.0955 0.1025 0.1025 0.1025 0.094 0.094 0.1085 0.1085 0.103 0.103 0.103 0.1085 0.1085 0.1195 0.1195 0.137 0.137 0.137 0.14 0.14 0.1275 0.1275 0.1305 0.1305 0.1305 0.121 0.121 0.116 0.116 0.1145 0.1145 0.1145 0.117 0.117 0.118 0.118 0.1155 0.1155 0.1205 0.1205 0.1205 0.1205 0.1205 0.118 0.118 0.11 0.11 0.11 0.1195 0.1195 0.136 0.136 0.127 0.127 0.127 0.1265 0.1265 0.1255 0.1255 0.122 0.122 0.122 0.1245 0.1245 0.126 0.126
0.1175 0.107 0.107 0.1095 0.1095 0.1095 0.09450001 0.09450001 0.085 0.085 0.0955 0.0955 0.1025 0.1025 0.1025 0.094 0.094 0.1085 0.1085 0.103 0.103 0.103 0.1085 0.1085 0.1195 0.1195 0.137 0.137 0.137 0.14 0.14 0.1275 0.1275 0.1305 0.1305 0.1305 0.121 0.121 0.116 0.116 0.1145 0.1145 0.1145 0.117 0.117 0.118 0.118 0.1155 0.1155 0.1205 0.1205 0.1205 0.1205 0.1205 0.118 0.118 0.11 0.11 0.11 0.1195 0.1195 0.136 0.136 0.127 0.127 0.127 0.1265 0.1265 0.1255 0.1255 0.122 0.122 0.122 0.1245 0.1245 0.126 0.126
0.101 0.101 0.101 0.0855 0.0855 0.0855 0.091 0.091 0.0895 0.0895 0.09100001 0.09100001 0.092 0.092 0.092 0.087 0.087 0.086 0.086 0.082 0.082 0.082 0.0885 0.0885 0.136 0.136 0.145 0.145 0.145 0.154 0.154 0.143 0.143 0.1375 0.1375 0.1375 0.1295 0.1295 0.119 0.119 0.1185 0.1185 0.1185 0.121 0.121 0.1215 0.1215 0.121 0.121 0.1175 0.1175 0.1175 0.1135 0.1135 0.1155 0.1155 0.1185 0.1185 0.1185 0.1205 0.1205 0.1285 0.1285 0.1315 0.1315 0.1315 0.1245 0.1245 0.121 0.121 0.1315 0.1315 0.1315 0.1325 0.1325 0.1325 0.1325
0.101 0.101 0.101 0.0855 0.0855 0.0855 0.091 0.091 0.0895 0.0895 0.09100001 0.09100001 0.092 0.092 0.092 0.087 0.087 0.086 0.086 0.082 0.082 0.082 0.0885 0.0885 0.136 0.136 0.145 0.145 0.145 0.154 0.154 0.143 0.143 0.1375 0.1375 0.1375 0.1295 0.1295 0.119 0.119 0.1185 0.1185 0.1185 0.121 0.121 0.1215 0.1215 0.121 0.121 0.1175 0.1175 0.1175 0.1135 0.1135 0.1155 0.1155 0.1185 0.1185 0.1185 0.1205 0.1205 0.1285 0.1285 0.1315 0.1315 0.1315 0.1245 0.1245 0.121 0.121 0.1315 0.1315 0.1315 0.1325 0.1325 0.1325 0.1325
0.1075 0.106 0.106 0.089 0.089 0.089 0.07449999 0.07449999 0.088 0.088 0.094 0.094 0.0925 0.0925 0.0925 0.09100001 0.09100001 0.089 0.089 0.095 0.095 0.095 0.101 0.101 0.1255 0.1255 0.1275 0.1275 0.1275 0.147 0.147 0.1485 0.1485 0.1425 0.1425 0.1425 0.139 0.139 0.1255 0.1255 0.124 0.124 0.124 0.1285 0.1285 0.1355 0.1355 0.124 0.124 0.1105 0.1105 0.1105 0.116 0.116 0.1235 0.1235 0.135 0.135 0.135 0.1275 0.1275 0.1315 0.1315 0.1265 0.1265 0.1265 0.115 0.115 0.117 0.117 0.11 0.11 0.11 0.1155 0.1155 0.14 0.14
0.1075 0.106 0.106 0.089 0.089 0.089 0.07449999 0.07449999 0.088 0.088 0.094 0.094 0.0925 0.0925 0.0925 0.09100001 0.09100001 0.089 0.089 0.095 0.095 0.095 0.101 0.101 0.1255 0.1255 0.1275 0.1275 0.1275 0.147 0.147 0.1485 0.1485 0.1425 0.1425 0.1425 0.139 0.139 0.1255 0.1255 0.124 0.124 0.124 0.1285 0.1285 0.1355 0.1355 0.124 0.124 0.1105 0.1105 0.1105 0.116 0.116 0.1235 0.1235 0.135 0.135 0.135 0.1275 0.1275 0.1315 0.1315 0.1265 0.1265 0.1265 0.115 0.115 0.117 0.117 0.11 0.11 0.11 0.1155 0.1155 0.14 0.14
0.1075 0.106 0.106 0.089 0.089 0.089 0.07449999 0.07449999 0.088 0.088 0.094 0.094 0.0925 0.0925 0.0925 0.09100001 0.09100001 0.089 0.089 0.095 0.095 0.095 0.101 0.101 0.1255 0.1255 0.1275 0.1275 0.1275 0.147 0.147 0.1485 0.1485 0.1425 0.1425 0.1425 0.139 0.139 0.1255 0.1255 0.124 0.124 0.124 0.1285 0.1285 0.1355 0.1355 0.124 0.124 0.1105 0.1105 0.1105 0.116 0.116 0.1235 0.1235 0.135 0.135 0.135 0.1275 0.1275 0.1315 0.1315 0.1265 0.1265 0.1265 0.115 0.115 0.117 0.117 0.11 0.11 0.11 0.1155 0.1155 0.14 0.14
0.1095 0.1105 0.1105 0.1105 0.1105 0.1105 0.1045 0.1045 0.0965 0.0965 0.1 0.1 0.1015 0.1015 0.1015 0.0915 0.0915 0.127 0.127 0.1495 0.1495 0.1495 0.125 0.125 0.1325 0.1325 0.1385 0.1385 0.1385 0.137 0.137 0.142 0.142 0.143 0.143 0.143 0.1355 0.1355 0.1245 0.1245 0.1325 0.1325 0.1325 0.1285 0.1285 0.1175 0.1175 0.1145 0.1145 0.1345 0.1345 0.1345 0.109 0.109 0.114 0.114 0.117 0.117 0.117 0.1215 0.1215 0.1255 0.1255 0.1305 0.1305 0.1305 0.114 0.114 0.107 0.107 0.114 0.114 0.114 0.1175 0.1175 0.108 0.108
0.1095 0.1105 0.1105 0.1105 0.1105 0.1105 0.1045 0.1045 0.0965 0.0965 0.1 0.1 0.1015 0.1015 0.1015 0.0915 0.0915 0.127 0.127 0.1495 0.1495 0.1495 0.125 0.125 0.1325 0.1325 0.1385 0.1385 0.1385 0.137 0.137 0.142 0.142 0.143 0.143 0.143 0.1355 0.1355 0.1245 0.1245 0.1325 0.1325 0.1325 0.1285 0.1285 0.1175 0.1175 0.1145 0.1145 0.1345 0.1345 0.1345 0.109 0.109 0.114 0.114 0.117 0.117 0.117 0.1215 0.1215 0.1255 0.1255 0.1305 0.1305 0.1305 0.114 0.114 0.107 0.107 0.114 0.114 0.114 0.1175 0.1175 0.108 0.108
0.1095 0.0965 0.0965 0.135 0.135 0.135 0.1505 0.1505 0.139 0.139 0.129 0.129 0.15 0.15 0.15 0.1385 0.1385 0.151 0.151 0.1485 0.1485 0.1485 0.1495 0.1495 0.1415 0.1415 0.1415 0.1415 0.1415 0.1345 0.1345 0.1395 0.1395 0.135 0.135 0.135 0.1495 0.1495 0.129 0.129 0.1335 0.1335 0.1335 0.1255 0.1255 0.131 0.131 0.1285 0.1285 0.1265 0.1265 0.1265 0.119 0.119 0.111 0.111 0.125 0.125 0.125 0.122 0.122 0.129 0.129 0.1215 0.1215 0.1215 0.1115 0.1115 0.118 0.118 0.1075 0.1075 0.1075 0.115 0.115 0.1145 0.1145
0.1095 0.0965 0.0965 0.135 0.135 0.135 0.1505 0.1505 0.139 0.139 0.129 0.129 0.15 0.15 0.15 0.1385 0.1385 0.151 0.151 0.1485 0.1485 0.1485 0.1495 0.1495 0.1415 0.1415 0.1415 0.1415 0.1415 0.1345 0.1345 0.1395 0.1395 0.135 0.135 0.135 0.1495 0.1495 0.129 0.129 0.1335 0.1335 0.1335 0.1255 0.1255 0.131 0.131 0.1285 0.1285 0.1265 0.1265 0.1265 0.119 0.119 0.111 0.111 0.125 0.125 0.125 0.122 0.122 0.129 0.129 0.1215 0.1215 0.1215 0.1115 0.1115 0.118 0.118 0.1075 0.1075 0.1075 0.115 0.115 0.1145 0.1145
0.1025 0.121 0.121 0.126 0.126 0.126 0.14 0.14 0.1545 0.1545 0.1485 0.1485 0.1315 0.1315 0.1315 0.1415 0.1415 0.141 0.141 0.1435 0.1435 0.1435 0.14 0.14 0.151 0.151 0.142 0.142 0.142 0.1345 0.1345 0.1485 0.1485 0.1425 0.1425 0.1425 0.1385 0.1385 0.1385 0.1385 0.133 0.133 0.133 0.1335 0.1335 0.1285 0.1285 0.1255 0.1255 0.1155 0.1155 0.1155 0.111 0.111 0.1215 0.1215 0.1245 0.1245 0.1245 0.129 0.129 0.125 0.125 0.118 0.118 0.118 0.1255 0.1255 0.121 0.121 0.117 0.117 0.117 0.1145 0.1145 0.12 0.12
0.1025 0.121 0.121 0.126 0.126 0.126 0.14 0.14 0.1545 0.1545 0.1485 0.1485 0.1315 0.1315 0.1315 0.1415 0.1415 0.141 0.141 0.1435 0.1435 0.1435 0.14 0.14 0.151 0.151 0.142 0.142 0.142 0.1345 0.1345 0.1485 0.1485 0.1425 0.1425 0.1425 0.1385 0.1385 0.1385 0.1385 0.133 0.133 0.133 0.1335 0.1335 0.1285 0.1285 0.1255 0.1255 0.1155 0.1155 0.1155 0.111 0.111 0.1215 0.1215 0.1245 0.1245 0.1245 0.129 0.129 0.125 0.125 0.118 0.118 0.118 0.1255 0.1255 0.121 0.121 0.117 0.117 0.117 0.1145 0.1145 0.12 0.12
0.1025 0.121 0.121 0.126 0.126 0.126 0.14 0.14 0.1545 0.1545 0.1485 0.1485 0.1315 0.1315 0.1315 0.1415 0.1415 0.141 0.141 0.1435 0.1435 0.1435 0.14 0.14 0.151 0.151 0.142 0.142 0.142 0.1345 0.1345 0.1485 0.1485 0.1425 0.1425 0.1425 0.1385 0.1385 0.1385 0.1385 0.133 0.133 0.133 0.1335 0.1335 0.1285 0.1285 0.1255 0.1255 0.1155 0.1155 0.1155 0.111 0.111 0.1215 0.1215 0.1245 0.1245 0.1245 0.129 0.129 0.125 0.125 0.118 0.118 0.118 0.1255 0.1255 0.121 0.121 0.117 0.117 0.117 0.1145 0.1145 0.12 0.12
0.108 0.1055 0.1055 0.137 0.137 0.137 0.159 0.159 0.157 0.157 0.1505 0.1505 0.1315 0.1315 0.1315 0.132 0.132 0.138 0.138 0.1425 0.1425 0.1425 0.1505 0.1505 0.1485 0.1485 0.158 0.158 0.158 0.1635 0.1635 0.138 0.138 0.1455 0.1455 0.1455 0.1455 0.1455 0.153 0.153 0.1525 0.1525 0.1525 0.151 0.151 0.1555 0.1555 0.1175 0.1175 0.113 0.113 0.113 0.11 0.11 0.1305 0.1305 0.1335 0.1335 0.1335 0.1325 0.1325 0.1375 0.1375 0.127 0.127 0.127 0.131 0.131 0.129 0.129 0.12 0.12 0.12 0.1175 0.1175 0.1165 0.1165
0.108 0.1055 0.1055 0.137 0.137 0.137 0.159 0.159 0.157 0.157 0.1505 0.1505 0.1315 0.1315 0.1315 0.132 0.132 0.138 0.138 0.1425 0.1425 0.1425 0.1505 0.1505 0.1485 0.1485 0.158 0.158 0.158 0.1635 0.1635 0.138 0.138 0.1455 0.1455 0.1455 0.1455 0.1455 0.153 0.153 0.1525 0.1525 0.1525 0.151 0.151 0.1555 0.1555 0.1175 0.1175 0.113 0.113 0.113 0.11 0.11 0.1305 0.1305 0.1335 0.1335 0.1335 0.1325 0.1325 0.1375 0.1375 0.127 0.127 0.127 0.131 0.131 0.129 0.129 0.12 0.12 0.12 0.1175 0.1175 0.1165 0.1165
0.088 0.096 0.096 0.1235 0.1235 0.1235 0.1595 0.1595 0.1685 0.1685 0.1565 0.1565 0.1635 0.1635 0.1635 0.139 0.139 0.141 0.141 0.1405 0.1405 0.1405 0.148 0.148 0.173 0.173 0.1705 0.1705 0.1705 0.174 0.174 0.1685 0.1685 0.1575 0.1575 0.1575 0.163 0.163 0.1505 0.1505 0.1335 0.1335 0.1335 0.1185 0.1185 0.1245 0.1245 0.1225 0.1225 0.1175 0.1175 0.1175 0.1285 0.1285 0.117 0.117 0.129 0.129 0.129 0.134 0.134 0.14 0.14 0.143 0.143 0.143 0.1215 0.1215 0.132 0.132 0.1375 0.1375 0.1375 0.1315 0.1315 0.1355 0.1355
0.088 0.096 0.096 0.1235 0.1235 0.1235 0.1595 0.1595 0.1685 0.1685 0.1565 0.1565 0.1635 0.1635 0.1635 0.139 0.139 0.141 0.141 0.1405 0.1405 0.1405 0.148 0.148 0.173 0.173 0.1705 0.1705 0.1705 0.174 0.174 0.1685 0.1685 0.1575 0.1575 0.1575 0.163 0.163 0.1505 0.1505 0.1335 0.1335 0.1335 0.1185 0.1185 0.1245 0.1245 0.1225 0.1225 0.1175 0.1175 0.1175 0.1285 0.1285 0.117 0.117 0.129 0.129 0.129 0.134 0.134 0.14 0.14 0.143 0.143 0.143 0.1215 0.1215 0.132 0.132 0.1375 0.1375 0.1375 0.1315 0.1315 0.1355 0.1355
0.0985 0.0935 0.0935 0.1495 0.1495 0.1495 0.1555 0.1555 0.149 0.149 0.153 0.153 0.1655 0.1655 0.1655 0.1655 0.1655 0.1645 0.1645 0.186 0.186 0.186 0.175 0.175 0.1835 0.1835 0.1765 0.1765 0.1765 0.1835 0.1835 0.179 0.179 0.1615 0.1615 0.1615 0.157 0.157 0.148 0.148 0.1445 0.1445 0.1445 0.138 0.138 0.1325 0.1325 0.139 0.139 0.1325 0.1325 0.1325 0.1145 0.1145 0.1195 0.1195 0.135 0.135 0.135 0.125 0.125 0.1445 0.1445 0.144 0.144 0.144 0.133 0.133 0.1275 0.1275 0.136 0.136 0.136 0.144 0.144 0.132 0.132
0.0985 0.0935 0.0935 0.1495 0.1495 0.1495 0.1555 0.1555 0.149 0.149 0.153 0.153 0.1655 0.1655 0.1655 0.1655 0.1655 0.1645 0.1645 0.186 0.186 0.186 0.175 0.175 0.1835 0.1835 0.1765 0.1765 0.1765 0.1835 0.1835 0.179 0.179 0.1615 0.1615 0.1615 0.157 0.157 0.148 0.148 0.1445 0.1445 0.1445 0.138 0.138 0.1325 0.1325 0.139 0.139 0.1325 0.1325 0.1325 0.1145 0.1145 0.1195 0.1195 0.135 0.135 0.135 0.125 0.125 0.1445 0.1445 0.144 0.144 0.144 0.133 0.133 0.1275 0.1275 0.136 0.136 0.136 0.144 0.144 0.132 0.132
0.0795 0.097 0.097 0.0955 0.0955 0.0955 0.138 0.138 0.1335 0.1335 0.1295 0.1295 0.1395 0.1395 0.1395 0.168 0.168 0.1765 0.1765 0.1795 0.1795 0.1795 0.184 0.184 0.184 0.184 0.164 0.164 0.164 0.1725 0.1725 0.1745 0.1745 0.162 0.162 0.162 0.1645 0.1645 0.16 0.16 0.139 0.139 0.139 0.1315 0.1315 0.1305 0.1305 0.1245 0.1245 0.123 0.123 0.123 0.1145 0.1145 0.107 0.107 0.1155 0.1155 0.1155 0.1185 0.1185 0.1385 0.1385 0.1315 0.1315 0.1315 0.137 0.137 0.118 0.118 0.1215 0.1215 0.1215 0.1335 0.1335 0.129 0.129
0.0795 0.097 0.097 0.0955 0.0955 0.0955 0.138 0.138 0.1335 0.1335 0.1295 0.1295 0.1395 0.1395 0.1395 0.168 0.168 0.1765 0.1765 0.1795 0.1795 0.1795 0.184 0.184 0.184 0.184 0.164 0.164 0.164 0.1725 0.1725 0.1745 0.1745 0.162 0.162 0.162 0.1645 0.1645 0.16 0.16 0.139 0.139 0.139 0.1315 0.1315 0.1305 0.1305 0.1245 0.1245 0.123 0.123 0.123 0.1145 0.1145 0.107 0.107 0.1155 0.1155 0.1155 0.1185 0.1185 0.1385 0.1385 0.1315 0.1315 0.1315 0.137 0.137 0.118 0.118 0.1215 0.1215 0.1215 0.1335 0.1335 0.129 0.129
0.0795 0.097 0.097 0.0955 0.0955 0.0955 0.138 0.138 0.1335 0.1335 0.1295 0.1295 0.1395 0.1395 0.1395 0.168 0.168 0.1765 0.1765 0.1795 0.1795 0.1795 0.184 0.184 0.184 0.184 0.164 0.164 0.164 0.1725 0.1725 0.1745 0.1745 0.162 0.162 0.162 0.1645 0.1645 0.16 0.16 0.139 0.139 0.139 0.1315 0.1315 0.1305 0.1305 0.1245 0.1245 0.123 0.123 0.123 0.1145 0.1145 0.107 0.107 0.1155 0.1155 0.1155 0.1185 0.1185 0.1385 0.1385 0.1315 0.1315 0.1315 0.137 0.137 0.118 0.118 0.1215 0.1215 0.1215 0.1335 0.1335 0.129 0.129
0.1175 0.119 0.119 0.106 0.106 0.106 0.111 0.111 0.1345 0.1345 0.142 0.142 0.137 0.137 0.137 0.148 0.148 0.182 0.182 0.1865 0.1865 0.1865 0.1915 0.1915 0.19 0.19 0.1545 0.1545 0.1545 0.1545 0.1545 0.164 0.164 0.164 0.164 0.164 0.167 0.167 0.1575 0.1575 0.1545 0.1545 0.1545 0.143 0.143 0.1125 0.1125 0.1115 0.1115 0.104 0.104 0.104 0.105 0.105 0.112 0.112 0.118 0.118 0.118 0.1295 0.1295 0.131 0.131 0.133 0.133 0.133 0.132 0.132 0.116 0.116 0.121 0.121 0.121 0.1125 0.1125 0.1295 0.1295
0.1175 0.119 0.119 0.106 0.106 0.106 0.111 0.111 0.1345 0.1345 0.142 0.142 0.137 0.137 0.137 0.148 0.148 0.182 0.182 0.1865 0.1865 0.1865 0.1915 0.1915 0.19 0.19 0.1545 0.1545 0.1545 0.1545 0.1545 0.164 0.164 0.164 0.164 0.164 0.167 0.167 0.1575 0.1575 0.1545 0.1545 0.1545 0.143 0.143 0.1125 0.1125 0.1115 0.1115 0.104 0.104 0.104 0.105 0.105 0.112 0.112 0.118 0.118 0.118 0.1295 0.1295 0.131 0.131 0.133 0.133 0.133 0.132 0.132 0.116 0.116 0.121 0.121 0.121 0.1125 0.1125 0.1295 0.1295
0.1135 0.1155 0.1155 0.1025 0.1025 0.1025 0.09900001 0.09900001 0.108 0.108 0.1315 0.1315 0.1505 0.1505 0.1505 0.1795 0.1795 0.1885 0.1885 0.1905 0.1905 0.1905 0.1865 0.1865 0.181 0.181 0.167 0.167 0.167 0.1595 0.1595 0.1745 0.1745 0.1785 0.1785 0.1785 0.1755 0.1755 0.1635 0.1635 0.165 0.165 0.165 0.1545 0.1545 0.14 0.14 0.117 0.117 0.125 0.125 0.125 0.145 0.145 0.13 0.13 0.122 0.122 0.122 0.1085 0.1085 0.117 0.117 0.1365 0.1365 0.1365 0.137 0.137 0.122 0.122 0.117 0.117 0.117 0.108 0.108 0.1205 0.1205
0.1135 0.1155 0.1155 0.1025 0.1025 0.1025 0.09900001 0.09900001 0.108 0.108 0.1315 0.1315 0.1505 0.1505 0.1505 0.1795 0.1795 0.1885 0.1885 0.1905 0.1905 0.1905 0.1865 0.1865 0.181 0.181 0.167 0.167 0.167 0.1595 0.1595 0.1745 0.1745 0.1785 0.1785 0.1785 0.1755 0.1755 0.1635 0.1635 0.165 0.165 0.165 0.1545 0.1545 0.14 0.14 0.117 0.117 0.125 0.125 0.125 0.145 0.145 0.13 0.13 0.122 0.122 0.122 0.1085 0.1085 0.117 0.117 0.1365 0.1365 0.1365 0.137 0.137 0.122 0.122 0.117 0.117 0.117 0.108 0.108 0.1205 0.1205
0.12 0.12 0.12 0.122 0.122 0.122 0.0985 0.0985 0.1145 0.1145 0.1555 0.1555 0.166 0.166 0.166 0.173 0.173 0.178 0.178 0.184 0.184 0.184 0.181 0.181 0.18 0.18 0.1485 0.1485 0.1485 0.1525 0.1525 0.1715 0.1715 0.181 0.181 0.181 0.183 0.183 0.1805 0.1805 0.1805 0.1805 0.1805 0.163 0.163 0.165 0.165 0.1745 0.1745 0.157 0.157 0.157 0.1685 0.1685 0.185 0.185 0.1485 0.1485 0.1485 0.125 0.125 0.1315 0.1315 0.1455 0.1455 0.1455 0.1565 0.1565 0.154 0.154 0.125 0.125 0.125 0.138 0.138 0.143 0.143
0.12 0.12 0.12 0.122 0.122 0.122 0.0985 0.0985 0.1145 0.1145 0.1555 0.1555 0.166 0.166 0.166 0.173 0.173 0.178 0.178 0.184 0.184 0.184 0.181 0.181 0.18 0.18 0.1485 0.1485 0.1485 0.1525 0.1525 0.1715 0.1715 0.181 0.181 0.181 0.183 0.183 0.1805 0.1805 0.1805 0.1805 0.1805 0.163 0.163 0.165 0.165 0.1745 0.1745 0.157 0.157 0.157 0.1685 0.1685 0.185 0.185 0.1485 0.1485 0.1485 0.125 0.125 0.1315 0.1315 0.1455 0.1455 0.1455 0.1565 0.1565 0.154 0.154 0.125 0.125 0.125 0.138 0.138 0.143 0.143
0.12 0.12 0.12 0.122 0.122 0.122 0.0985 0.0985 0.1145 0.1145 0.1555 0.1555 0.166 0.166 0.166 0.173 0.173 0.178 0.178 0.184 0.184 0.184 0.181 0.181 0.18 0.18 0.1485 0.1485 0.1485 0.1525 0.1525 0.1715 0.1715 0.181 0.181 0.181 0.183 0.183 0.1805 0.1805 0.1805 0.1805 0.1805 0.163 0.163 0.165 0.165 0.1745 0.1745 0.157 0.157 0.157 0.1685 0.1685 0.185 0.185 0.1485 0.1485 0.1485 0.125 0.125 0.1315 0.1315 0.1455 0.1455 0.1455 0.1565 0.1565 0.154 0.154 0.125 0.125 0.125 0.138 0.138 0.143 0.143
0.1135 0.1195 0.1195 0.123 0.123 0.123 0.1185 0.1185 0.1125 0.1125 0.1625 0.1625 0.1575 0.1575 0.1575 0.196 0.196 0.186 0.186 0.1815 0.1815 0.1815 0.18 0.18 0.179 0.179 0.1745 0.1745 0.1745 0.178 0.178 0.186 0.186 0.188 0.188 0.188 0.1925 0.1925 0.187 0.187 0.1825 0.1825 0.1825 0.173 0.173 0.163 0.163 0.1715 0.1715 0.176 0.176 0.176 0.1725 0.1725 0.1815 0.1815 0.178 0.178 0.178 0.1715 0.1715 0.1715 0.1715 0.17 0.17 0.17 0.1585 0.1585 0.156 0.156 0.174 0.174 0.174 0.171 0.171 0.159 0.159
