ndvi/NOAA-69.asc
ncols         252
nrows         154
xllcorner     -18.017974
yllcorner     13.481982
cellsize      0.035948
NODATA_value  -9999
[rows 35 to 69 of 154, columns 77 to 153 of 252]
0.147 0.147 0.141 0.141 0.1405 0.1405 0.135 0.135 0.135 0.1335 0.1335 0.13 0.13 0.1325 0.1325 0.1345 0.1345 0.1345 0.1285 0.1285 0.1395 0.1395 0.14 0.14 0.14 0.1445 0.1445 0.152 0.152 0.1525 0.1525 0.1525 0.1655 0.1655 0.1595 0.1595 0.1555 0.1555 0.1555 0.1585 0.1585 0.1575 0.1575 0.159 0.159 0.159 0.15 0.15 0.1475 0.1475 0.153 0.153 0.148 0.148 0.148 0.1345 0.1345 0.1335 0.1335 0.127 0.127 0.127 0.123 0.123 0.1385 0.1385 0.132 0.132 0.132 0.1465 0.1465 0.128 0.128 0.1235 0.1235 0.1235 0.122
0.147 0.147 0.141 0.141 0.1405 0.1405 0.135 0.135 0.135 0.1335 0.1335 0.13 0.13 0.1325 0.1325 0.1345 0.1345 0.1345 0.1285 0.1285 0.1395 0.1395 0.14 0.14 0.14 0.1445 0.1445 0.152 0.152 0.1525 0.1525 0.1525 0.1655 0.1655 0.1595 0.1595 0.1555 0.1555 0.1555 0.1585 0.1585 0.1575 0.1575 0.159 0.159 0.159 0.15 0.15 0.1475 0.1475 0.153 0.153 0.148 0.148 0.148 0.1345 0.1345 0.1335 0.1335 0.127 0.127 0.127 0.123 0.123 0.1385 0.1385 0.132 0.132 0.132 0.1465 0.1465 0.128 0.128 0.1235 0.1235 0.1235 0.122
0.155 0.155 0.151 0.151 0.152 0.152 0.1415 0.1415 0.1415 0.1585 0.1585 0.156 0.156 0.157 0.157 0.131 0.131 0.131 0.141 0.141 0.144 0.144 0.1625 0.1625 0.1625 0.16 0.16 0.1615 0.1615 0.168 0.168 0.168 0.165 0.165 0.166 0.166 0.166 0.166 0.166 0.1625 0.1625 0.167 0.167 0.18 0.18 0.18 0.162 0.162 0.1595 0.1595 0.159 0.159 0.1585 0.1585 0.1585 0.1495 0.1495 0.1545 0.1545 0.157 0.157 0.157 0.1525 0.1525 0.144 0.144 0.143 0.143 0.143 0.1425 0.1425 0.137 0.137 0.109 0.109 0.109 0.1145
0.155 0.155 0.151 0.151 0.152 0.152 0.1415 0.1415 0.1415 0.1585 0.1585 0.156 0.156 0.157 0.157 0.131 0.131 0.131 0.141 0.141 0.144 0.144 0.1625 0.1625 0.1625 0.16 0.16 0.1615 0.1615 0.168 0.168 0.168 0.165 0.165 0.166 0.166 0.166 0.166 0.166 0.1625 0.1625 0.167 0.167 0.18 0.18 0.18 0.162 0.162 0.1595 0.1595 0.159 0.159 0.1585 0.1585 0.1585 0.1495 0.1495 0.1545 0.1545 0.157 0.157 0.157 0.1525 0.1525 0.144 0.144 0.143 0.143 0.143 0.1425 0.1425 0.137 0.137 0.109 0.109 0.109 0.1145
0.1595 0.1595 0.1475 0.1475 0.1465 0.1465 0.148 0.148 0.148 0.1655 0.1655 0.16 0.16 0.1605 0.1605 0.1475 0.1475 0.1475 0.1405 0.1405 0.157 0.157 0.1645 0.1645 0.1645 0.171 0.171 0.179 0.179 0.1715 0.1715 0.1715 0.175 0.175 0.18 0.18 0.166 0.166 0.166 0.173 0.173 0.175 0.175 0.1965 0.1965 0.1965 0.1805 0.1805 0.167 0.167 0.1615 0.1615 0.2235 0.2235 0.2235 0.2035 0.2035 0.1995 0.1995 0.185 0.185 0.185 0.1525 0.1525 0.1445 0.1445 0.1395 0.1395 0.1395 0.114 0.114 0.104 0.104 0.124 0.124 0.124 0.1205
0.1595 0.1595 0.1475 0.1475 0.1465 0.1465 0.148 0.148 0.148 0.1655 0.1655 0.16 0.16 0.1605 0.1605 0.1475 0.1475 0.1475 0.1405 0.1405 0.157 0.157 0.1645 0.1645 0.1645 0.171 0.171 0.179 0.179 0.1715 0.1715 0.1715 0.175 0.175 0.18 0.18 0.166 0.166 0.166 0.173 0.173 0.175 0.175 0.1965 0.1965 0.1965 0.1805 0.1805 0.167 0.167 0.1615 0.1615 0.2235 0.2235 0.2235 0.2035 0.2035 0.1995 0.1995 0.185 0.185 0.185 0.1525 0.1525 0.1445 0.1445 0.1395 0.1395 0.1395 0.114 0.114 0.104 0.104 0.124 0.124 0.124 0.1205
0.173 0.173 0.1555 0.1555 0.1515 0.1515 0.162 0.162 0.162 0.1595 0.1595 0.17 0.17 0.172 0.172 0.176 0.176 0.176 0.161 0.161 0.1565 0.1565 0.16 0.16 0.16 0.162 0.162 0.1745 0.1745 0.196 0.196 0.196 0.1935 0.1935 0.1805 0.1805 0.1875 0.1875 0.1875 0.1845 0.1845 0.187 0.187 0.1955 0.1955 0.1955 0.1715 0.1715 0.1775 0.1775 0.184 0.184 0.2315 0.2315 0.2315 0.1965 0.1965 0.199 0.199 0.1835 0.1835 0.1835 0.154 0.154 0.141 0.141 0.1115 0.1115 0.1115 0.1215 0.1215 0.1115 0.1115 0.125 0.125 0.125 0.115
0.173 0.173 0.1555 0.1555 0.1515 0.1515 0.162 0.162 0.162 0.1595 0.1595 0.17 0.17 0.172 0.172 0.176 0.176 0.176 0.161 0.161 0.1565 0.1565 0.16 0.16 0.16 0.162 0.162 0.1745 0.1745 0.196 0.196 0.196 0.1935 0.1935 0.1805 0.1805 0.1875 0.1875 0.1875 0.1845 0.1845 0.187 0.187 0.1955 0.1955 0.1955 0.1715 0.1715 0.1775 0.1775 0.184 0.184 0.2315 0.2315 0.2315 0.1965 0.1965 0.199 0.199 0.1835 0.1835 0.1835 0.154 0.154 0.141 0.141 0.1115 0.1115 0.1115 0.1215 0.1215 0.1115 0.1115 0.125 0.125 0.125 0.115
0.173 0.173 0.1555 0.1555 0.1515 0.1515 0.162 0.162 0.162 0.1595 0.1595 0.17 0.17 0.172 0.172 0.176 0.176 0.176 0.161 0.161 0.1565 0.1565 0.16 0.16 0.16 0.162 0.162 0.1745 0.1745 0.196 0.196 0.196 0.1935 0.1935 0.1805 0.1805 0.1875 0.1875 0.1875 0.1845 0.1845 0.187 0.187 0.1955 0.1955 0.1955 0.1715 0.1715 0.1775 0.1775 0.184 0.184 0.2315 0.2315 0.2315 0.1965 0.1965 0.199 0.199 0.1835 0.1835 0.1835 0.154 0.154 0.141 0.141 0.1115 0.1115 0.1115 0.1215 0.1215 0.1115 0.1115 0.125 0.125 0.125 0.115
0.1615 0.1615 0.1615 0.1615 0.15 0.15 0.1605 0.1605 0.1605 0.1685 0.1685 0.1685 0.1685 0.177 0.177 0.1865 0.1865 0.1865 0.186 0.186 0.1515 0.1515 0.149 0.149 0.149 0.182 0.182 0.1815 0.1815 0.186 0.186 0.186 0.2015 0.2015 0.2125 0.2125 0.2005 0.2005 0.2005 0.1945 0.1945 0.1795 0.1795 0.1835 0.1835 0.1835 0.1735 0.1735 0.1775 0.1775 0.1685 0.1685 0.1965 0.1965 0.1965 0.1865 0.1865 0.1715 0.1715 0.1535 0.1535 0.1535 0.131 0.131 0.1285 0.1285 0.122 0.122 0.122 0.127 0.127 0.107 0.107 0.1265 0.1265 0.1265 0.11
0.1615 0.1615 0.1615 0.1615 0.15 0.15 0.1605 0.1605 0.1605 0.1685 0.1685 0.1685 0.1685 0.177 0.177 0.1865 0.1865 0.1865 0.186 0.186 0.1515 0.1515 0.149 0.149 0.149 0.182 0.182 0.1815 0.1815 0.186 0.186 0.186 0.2015 0.2015 0.2125 0.2125 0.2005 0.2005 0.2005 0.1945 0.1945 0.1795 0.1795 0.1835 0.1835 0.1835 0.1735 0.1735 0.1775 0.1775 0.1685 0.1685 0.1965 0.1965 0.1965 0.1865 0.1865 0.1715 0.1715 0.1535 0.1535 0.1535 0.131 0.131 0.1285 0.1285 0.122 0.122 0.122 0.127 0.127 0.107 0.107 0.1265 0.1265 0.1265 0.11
0.189 0.189 0.202 0.202 0.1865 0.1865 0.1755 0.1755 0.1755 0.1665 0.1665 0.154 0.154 0.166 0.166 0.1815 0.1815 0.1815 0.1715 0.1715 0.163 0.163 0.168 0.168 0.168 0.184 0.184 0.185 0.185 0.2 0.2 0.2 0.22 0.22 0.2195 0.2195 0.195 0.195 0.195 0.1795 0.1795 0.1865 0.1865 0.1825 0.1825 0.1825 0.184 0.184 0.2325 0.2325 0.1925 0.1925 0.184 0.184 0.184 0.187 0.187 0.167 0.167 0.1505 0.1505 0.1505 0.1595 0.1595 0.1365 0.1365 0.1315 0.1315 0.1315 0.1335 0.1335 0.126 0.126 0.126 0.126 0.126 0.1405
0.189 0.189 0.202 0.202 0.1865 0.1865 0.1755 0.1755 0.1755 0.1665 0.1665 0.154 0.154 0.166 0.166 0.1815 0.1815 0.1815 0.1715 0.1715 0.163 0.163 0.168 0.168 0.168 0.184 0.184 0.185 0.185 0.2 0.2 0.2 0.22 0.22 0.2195 0.2195 0.195 0.195 0.195 0.1795 0.1795 0.1865 0.1865 0.1825 0.1825 0.1825 0.184 0.184 0.2325 0.2325 0.1925 0.1925 0.184 0.184 0.184 0.187 0.187 0.167 0.167 0.1505 0.1505 0.1505 0.1595 0.1595 0.1365 0.1365 0.1315 0.1315 0.1315 0.1335 0.1335 0.126 0.126 0.126 0.126 0.126 0.1405
0.2015 0.2015 0.2095 0.2095 0.201 0.201 0.1895 0.1895 0.1895 0.1785 0.1785 0.158 0.158 0.204 0.204 0.204 0.204 0.204 0.2085 0.2085 0.2125 0.2125 0.206 0.206 0.206 0.1945 0.1945 0.196 0.196 0.213 0.213 0.213 0.236 0.236 0.248 0.248 0.1775 0.1775 0.1775 0.1675 0.1675 0.1925 0.1925 0.174 0.174 0.174 0.2435 0.2435 0.2385 0.2385 0.199 0.199 0.2075 0.2075 0.2075 0.1955 0.1955 0.19 0.19 0.169 0.169 0.169 0.1695 0.1695 0.1525 0.1525 0.1655 0.1655 0.1655 0.1575 0.1575 0.158 0.158 0.1595 0.1595 0.1595 0.1555
0.2015 0.2015 0.2095 0.2095 0.201 0.201 0.1895 0.1895 0.1895 0.1785 0.1785 0.158 0.158 0.204 0.204 0.204 0.204 0.204 0.2085 0.2085 0.2125 0.2125 0.206 0.206 0.206 0.1945 0.1945 0.196 0.196 0.213 0.213 0.213 0.236 0.236 0.248 0.248 0.1775 0.1775 0.1775 0.1675 0.1675 0.1925 0.1925 0.174 0.174 0.174 0.2435 0.2435 0.2385 0.2385 0.199 0.199 0.2075 0.2075 0.2075 0.1955 0.1955 0.19 0.19 0.169 0.169 0.169 0.1695 0.1695 0.1525 0.1525 0.1655 0.1655 0.1655 0.1575 0.1575 0.158 0.158 0.1595 0.1595 0.1595 0.1555
0.2015 0.2015 0.2095 0.2095 0.201 0.201 0.1895 0.1895 0.1895 0.1785 0.1785 0.158 0.158 0.204 0.204 0.204 0.204 0.204 0.2085 0.2085 0.2125 0.2125 0.206 0.206 0.206 0.1945 0.1945 0.196 0.196 0.213 0.213 0.213 0.236 0.236 0.248 0.248 0.1775 0.1775 0.1775 0.1675 0.1675 0.1925 0.1925 0.174 0.174 0.174 0.2435 0.2435 0.2385 0.2385 0.199 0.199 0.2075 0.2075 0.2075 0.1955 0.1955 0.19 0.19 0.169 0.169 0.169 0.1695 0.1695 0.1525 0.1525 0.1655 0.1655 0.1655 0.1575 0.1575 0.158 0.158 0.1595 0.1595 0.1595 0.1555
0.218 0.218 0.2055 0.2055 0.2275 0.2275 0.1975 0.1975 0.1975 0.208 0.208 0.1935 0.1935 0.212 0.212 0.211 0.211 0.211 0.2055 0.2055 0.212 0.212 0.2125 0.2125 0.2125 0.2085 0.2085 0.1945 0.1945 0.231 0.231 0.231 0.295 0.295 0.3115 0.3115 0.1925 0.1925 0.1925 0.161 0.161 0.214 0.214 0.26 0.26 0.26 0.252 0.252 0.1705 0.1705 0.185 0.185 0.191 0.191 0.191 0.1995 0.1995 0.1855 0.1855 0.1675 0.1675 0.1675 0.185 0.185 0.2155 0.2155 0.184 0.184 0.184 0.198 0.198 0.201 0.201 0.1645 0.1645 0.1645 0.151
0.218 0.218 0.2055 0.2055 0.2275 0.2275 0.1975 0.1975 0.1975 0.208 0.208 0.1935 0.1935 0.212 0.212 0.211 0.211 0.211 0.2055 0.2055 0.212 0.212 0.2125 0.2125 0.2125 0.2085 0.2085 0.1945 0.1945 0.231 0.231 0.231 0.295 0.295 0.3115 0.3115 0.1925 0.1925 0.1925 0.161 0.161 0.214 0.214 0.26 0.26 0.26 0.252 0.252 0.1705 0.1705 0.185 0.185 0.191 0.191 0.191 0.1995 0.1995 0.1855 0.1855 0.1675 0.1675 0.1675 0.185 0.185 0.2155 0.2155 0.184 0.184 0.184 0.198 0.198 0.201 0.201 0.1645 0.1645 0.1645 0.151
0.196 0.196 0.207 0.207 0.2365 0.2365 0.225 0.225 0.225 0.219 0.219 0.2195 0.2195 0.222 0.222 0.2225 0.2225 0.2225 0.221 0.221 0.235 0.235 0.223 0.223 0.223 0.2105 0.2105 0.1885 0.1885 0.191 0.191 0.191 0.212 0.212 0.236 0.236 0.221 0.221 0.221 0.191 0.191 0.1905 0.1905 0.218 0.218 0.218 0.173 0.173 0.148 0.148 0.19 0.19 0.1875 0.1875 0.1875 0.1835 0.1835 0.195 0.195 0.216 0.216 0.216 0.2085 0.2085 0.195 0.195 0.196 0.196 0.196 0.207 0.207 0.215 0.215 0.225 0.225 0.225 0.1545
0.196 0.196 0.207 0.207 0.2365 0.2365 0.225 0.225 0.225 0.219 0.219 0.2195 0.2195 0.222 0.222 0.2225 0.2225 0.2225 0.221 0.221 0.235 0.235 0.223 0.223 0.223 0.2105 0.2105 0.1885 0.1885 0.191 0.191 0.191 0.212 0.212 0.236 0.236 0.221 0.221 0.221 0.191 0.191 0.1905 0.1905 0.218 0.218 0.218 0.173 0.173 0.148 0.148 0.19 0.19 0.1875 0.1875 0.1875 0.1835 0.1835 0.195 0.195 0.216 0.216 0.216 0.2085 0.2085 0.195 0.195 0.196 0.196 0.196 0.207 0.207 0.215 0.215 0.225 0.225 0.225 0.1545
0.254 0.254 0.261 0.261 0.2675 0.2675 0.26 0.26 0.26 0.2445 0.2445 0.239 0.239 0.214 0.214 0.231 0.231 0.231 0.2335 0.2335 0.239 0.239 0.222 0.222 0.222 0.198 0.198 0.1925 0.1925 0.184 0.184 0.184 0.1835 0.1835 0.202 0.202 0.181 0.181 0.181 0.1915 0.1915 0.1905 0.1905 0.204 0.204 0.204 0.1765 0.1765 0.1425 0.1425 0.1915 0.1915 0.175 0.175 0.175 0.196 0.196 0.2195 0.2195 0.24 0.24 0.24 0.2215 0.2215 0.2135 0.2135 0.1865 0.1865 0.1865 0.18 0.18 0.1655 0.1655 0.138 0.138 0.138 0.14
0.254 0.254 0.261 0.261 0.2675 0.2675 0.26 0.26 0.26 0.2445 0.2445 0.239 0.239 0.214 0.214 0.231 0.231 0.231 0.2335 0.2335 0.239 0.239 0.222 0.222 0.222 0.198 0.198 0.1925 0.1925 0.184 0.184 0.184 0.1835 0.1835 0.202 0.202 0.181 0.181 0.181 0.1915 0.1915 0.1905 0.1905 0.204 0.204 0.204 0.1765 0.1765 0.1425 0.1425 0.1915 0.1915 0.175 0.175 0.175 0.196 0.196 0.2195 0.2195 0.24 0.24 0.24 0.2215 0.2215 0.2135 0.2135 0.1865 0.1865 0.1865 0.18 0.18 0.1655 0.1655 0.138 0.138 0.138 0.14
0.267 0.267 0.264 0.264 0.2905 0.2905 0.298 0.298 0.298 0.245 0.245 0.222 0.222 0.219 0.219 0.2315 0.2315 0.2315 0.2205 0.2205 0.2485 0.2485 0.231 0.231 0.231 0.209 0.209 0.198 0.198 0.2095 0.2095 0.2095 0.199 0.199 0.2035 0.2035 0.206 0.206 0.206 0.225 0.225 0.1925 0.1925 0.1815 0.1815 0.1815 0.1765 0.1765 0.1905 0.1905 0.1615 0.1615 0.189 0.189 0.189 0.2365 0.2365 0.2625 0.2625 0.271 0.271 0.271 0.2365 0.2365 0.236 0.236 0.2105 0.2105 0.2105 0.183 0.183 0.1755 0.1755 0.1455 0.1455 0.1455 0.14
0.267 0.267 0.264 0.264 0.2905 0.2905 0.298 0.298 0.298 0.245 0.245 0.222 0.222 0.219 0.219 0.2315 0.2315 0.2315 0.2205 0.2205 0.2485 0.2485 0.231 0.231 0.231 0.209 0.209 0.198 0.198 0.2095 0.2095 0.2095 0.199 0.199 0.2035 0.2035 0.206 0.206 0.206 0.225 0.225 0.1925 0.1925 0.1815 0.1815 0.1815 0.1765 0.1765 0.1905 0.1905 0.1615 0.1615 0.189 0.189 0.189 0.2365 0.2365 0.2625 0.2625 0.271 0.271 0.271 0.2365 0.2365 0.236 0.236 0.2105 0.2105 0.2105 0.183 0.183 0.1755 0.1755 0.1455 0.1455 0.1455 0.14
0.267 0.267 0.264 0.264 0.2905 0.2905 0.298 0.298 0.298 0.245 0.245 0.222 0.222 0.219 0.219 0.2315 0.2315 0.2315 0.2205 0.2205 0.2485 0.2485 0.231 0.231 0.231 0.209 0.209 0.198 0.198 0.2095 0.2095 0.2095 0.199 0.199 0.2035 0.2035 0.206 0.206 0.206 0.225 0.225 0.1925 0.1925 0.1815 0.1815 0.1815 0.1765 0.1765 0.1905 0.1905 0.1615 0.1615 0.189 0.189 0.189 0.2365 0.2365 0.2625 0.2625 0.271 0.271 0.271 0.2365 0.2365 0.236 0.236 0.2105 0.2105 0.2105 0.183 0.183 0.1755 0.1755 0.1455 0.1455 0.1455 0.14
0.279 0.279 0.2655 0.2655 0.2925 0.2925 0.302 0.302 0.302 0.214 0.214 0.1875 0.1875 0.1775 0.1775 0.223 0.223 0.223 0.1535 0.1535 0.201 0.201 0.197 0.197 0.197 0.2185 0.2185 0.215 0.215 0.211 0.211 0.211 0.1945 0.1945 0.216 0.216 0.192 0.192 0.192 0.165 0.165 0.164 0.164 0.195 0.195 0.195 0.196 0.196 0.1605 0.1605 0.1585 0.1585 0.164 0.164 0.164 0.2265 0.2265 0.2695 0.2695 0.3125 0.3125 0.3125 0.2905 0.2905 0.261 0.261 0.27 0.27 0.27 0.245 0.245 0.2475 0.2475 0.1675 0.1675 0.1675 0.1365
0.279 0.279 0.2655 0.2655 0.2925 0.2925 0.302 0.302 0.302 0.214 0.214 0.1875 0.1875 0.1775 0.1775 0.223 0.223 0.223 0.1535 0.1535 0.201 0.201 0.197 0.197 0.197 0.2185 0.2185 0.215 0.215 0.211 0.211 0.211 0.1945 0.1945 0.216 0.216 0.192 0.192 0.192 0.165 0.165 0.164 0.164 0.195 0.195 0.195 0.196 0.196 0.1605 0.1605 0.1585 0.1585 0.164 0.164 0.164 0.2265 0.2265 0.2695 0.2695 0.3125 0.3125 0.3125 0.2905 0.2905 0.261 0.261 0.27 0.27 0.27 0.245 0.245 0.2475 0.2475 0.1675 0.1675 0.1675 0.1365
0.278 0.278 0.274 0.274 0.2585 0.2585 0.242 0.242 0.242 0.234 0.234 0.215 0.215 0.211 0.211 0.189 0.189 0.189 0.168 0.168 0.176 0.176 0.186 0.186 0.186 0.218 0.218 0.2285 0.2285 0.221 0.221 0.221 0.2305 0.2305 0.228 0.228 0.21 0.21 0.21 0.2225 0.2225 0.172 0.172 0.211 0.211 0.211 0.1855 0.1855 0.206 0.206 0.2125 0.2125 0.1895 0.1895 0.1895 0.234 0.234 0.281 0.281 0.34 0.34 0.34 0.3105 0.3105 0.2665 0.2665 0.2405 0.2405 0.2405 0.277 0.277 0.2435 0.2435 0.1575 0.1575 0.1575 0.164
0.278 0.278 0.274 0.274 0.2585 0.2585 0.242 0.242 0.242 0.234 0.234 0.215 0.215 0.211 0.211 0.189 0.189 0.189 0.168 0.168 0.176 0.176 0.186 0.186 0.186 0.218 0.218 0.2285 0.2285 0.221 0.221 0.221 0.2305 0.2305 0.228 0.228 0.21 0.21 0.21 0.2225 0.2225 0.172 0.172 0.211 0.211 0.211 0.1855 0.1855 0.206 0.206 0.2125 0.2125 0.1895 0.1895 0.1895 0.234 0.234 0.281 0.281 0.34 0.34 0.34 0.3105 0.3105 0.2665 0.2665 0.2405 0.2405 0.2405 0.277 0.277 0.2435 0.2435 0.1575 0.1575 0.1575 0.164
0.2545 0.2545 0.2575 0.2575 0.274 0.274 0.3165 0.3165 0.3165 0.277 0.277 0.264 0.264 0.28 0.28 0.272 0.272 0.272 0.244 0.244 0.2095 0.2095 0.189 0.189 0.189 0.2045 0.2045 0.23 0.23 0.234 0.234 0.234 0.241 0.241 0.2445 0.2445 0.2605 0.2605 0.2605 0.228 0.228 0.2425 0.2425 0.2275 0.2275 0.2275 0.2015 0.2015 0.1635 0.1635 0.1725 0.1725 0.2015 0.2015 0.2015 0.2325 0.2325 0.2815 0.2815 0.2925 0.2925 0.2925 0.298 0.298 0.301 0.301 0.3185 0.3185 0.3185 0.309 0.309 0.291 0.291 0.194 0.194 0.194 0.2155
0.2545 0.2545 0.2575 0.2575 0.274 0.274 0.3165 0.3165 0.3165 0.277 0.277 0.264 0.264 0.28 0.28 0.272 0.272 0.272 0.244 0.244 0.2095 0.2095 0.189 0.189 0.189 0.2045 0.2045 0.23 0.23 0.234 0.234 0.234 0.241 0.241 0.2445 0.2445 0.2605 0.2605 0.2605 0.228 0.228 0.2425 0.2425 0.2275 0.2275 0.2275 0.2015 0.2015 0.1635 0.1635 0.1725 0.1725 0.2015 0.2015 0.2015 0.2325 0.2325 0.2815 0.2815 0.2925 0.2925 0.2925 0.298 0.298 0.301 0.301 0.3185 0.3185 0.3185 0.309 0.309 0.291 0.291 0.194 0.194 0.194 0.2155
0.2545 0.2545 0.2575 0.2575 0.274 0.274 0.3165 0.3165 0.3165 0.277 0.277 0.264 0.264 0.28 0.28 0.272 0.272 0.272 0.244 0.244 0.2095 0.2095 0.189 0.189 0.189 0.2045 0.2045 0.23 0.23 0.234 0.234 0.234 0.241 0.241 0.2445 0.2445 0.2605 0.2605 0.2605 0.228 0.228 0.2425 0.2425 0.2275 0.2275 0.2275 0.2015 0.2015 0.1635 0.1635 0.1725 0.1725 0.2015 0.2015 0.2015 0.2325 0.2325 0.2815 0.2815 0.2925 0.2925 0.2925 0.298 0.298 0.301 0.301 0.3185 0.3185 0.3185 0.309 0.309 0.291 0.291 0.194 0.194 0.194 0.2155
0.298 0.298 0.26 0.26 0.279 0.279 0.3035 0.3035 0.3035 0.2995 0.2995 0.2665 0.2665 0.253 0.253 0.292 0.292 0.292 0.3165 0.3165 0.27 0.27 0.2245 0.2245 0.2245 0.211 0.211 0.247 0.247 0.25 0.25 0.25 0.24 0.24 0.287 0.287 0.309 0.309 0.309 0.2935 0.2935 0.2715 0.2715 0.232 0.232 0.232 0.1885 0.1885 0.2135 0.2135 0.222 0.222 0.2495 0.2495 0.2495 0.2715 0.2715 0.2555 0.2555 0.2835 0.2835 0.2835 0.2875 0.2875 0.319 0.319 0.3695 0.3695 0.3695 0.3345 0.3345 0.2525 0.2525 0.211 0.211 0.211 0.186
0.298 0.298 0.26 0.26 0.279 0.279 0.3035 0.3035 0.3035 0.2995 0.2995 0.2665 0.2665 0.253 0.253 0.292 0.292 0.292 0.3165 0.3165 0.27 0.27 0.2245 0.2245 0.2245 0.211 0.211 0.247 0.247 0.25 0.25 0.25 0.24 0.24 0.287 0.287 0.309 0.309 0.309 0.2935 0.2935 0.2715 0.2715 0.232 0.232 0.232 0.1885 0.1885 0.2135 0.2135 0.222 0.222 0.2495 0.2495 0.2495 0.2715 0.2715 0.2555 0.2555 0.2835 0.2835 0.2835 0.2875 0.2875 0.319 0.319 0.3695 0.3695 0.3695 0.3345 0.3345 0.2525 0.2525 0.211 0.211 0.211 0.186
0.259 0.259 0.267 0.267 0.2695 0.2695 0.2885 0.2885 0.2885 0.267 0.267 0.2575 0.2575 0.2465 0.2465 0.264 0.264 0.264 0.2845 0.2845 0.255 0.255 0.275 0.275 0.275 0.2295 0.2295 0.271 0.271 0.271 0.271 0.271 0.343 0.343 0.2965 0.2965 0.35 0.35 0.35 0.2975 0.2975 0.263 0.263 0.234 0.234 0.234 0.274 0.274 0.2775 0.2775 0.255 0.255 0.247 0.247 0.247 0.279 0.279 0.2565 0.2565 0.3295 0.3295 0.3295 0.356 0.356 0.336 0.336 0.3295 0.3295 0.3295 0.2705 0.2705 0.2995 0.2995 0.286 0.286 0.286 0.231
