ndvi/NOAA-342.asc
ncols         252
nrows         154
xllcorner     -18.017974
yllcorner     13.481982
cellsize      0.035948
NODATA_value  -9999
[rows 34 to 67 of 154, columns 156 to 233 of 252]
0.087 0.107 0.107 0.107 0.1065 0.1065 0.0775 0.0775 0.0405 0.0405 0.0805 0.0805 0.0805 0.0475 0.0475 0.087 0.087 0.07250001 0.07250001 0.07250001 0.063 0.063 0.065 0.065 0.086 0.086 0.086 0.068 0.068 0.0825 0.0825 0.0655 0.0655 0.0655 0.0595 0.0595 0.064 0.064 0.0595 0.0595 0.0595 0.064 0.064 0.07449999 0.07449999 0.0775 0.0775 0.063 0.063 0.063 0.074 0.074 0.0855 0.0855 0.064 0.064 0.064 0.1015 0.1015 0.105 0.105 0.1025 0.1025 0.1025 0.102 0.102 0.0955 0.0955 0.096 0.096 0.096 0.0935 0.0935 0.096 0.096 0.096 0.096 0.096
0.087 0.107 0.107 0.107 0.1065 0.1065 0.0775 0.0775 0.0405 0.0405 0.0805 0.0805 0.0805 0.0475 0.0475 0.087 0.087 0.07250001 0.07250001 0.07250001 0.063 0.063 0.065 0.065 0.086 0.086 0.086 0.068 0.068 0.0825 0.0825 0.0655 0.0655 0.0655 0.0595 0.0595 0.064 0.064 0.0595 0.0595 0.0595 0.064 0.064 0.07449999 0.07449999 0.0775 0.0775 0.063 0.063 0.063 0.074 0.074 0.0855 0.0855 0.064 0.064 0.064 0.1015 0.1015 0.105 0.105 0.1025 0.1025 0.1025 0.102 0.102 0.0955 0.0955 0.096 0.096 0.096 0.0935 0.0935 0.096 0.096 0.096 0.096 0.096
0.087 0.107 0.107 0.107 0.1065 0.1065 0.0775 0.0775 0.0405 0.0405 0.0805 0.0805 0.0805 0.0475 0.0475 0.087 0.087 0.07250001 0.07250001 0.07250001 0.063 0.063 0.065 0.065 0.086 0.086 0.086 0.068 0.068 0.0825 0.0825 0.0655 0.0655 0.0655 0.0595 0.0595 0.064 0.064 0.0595 0.0595 0.0595 0.064 0.064 0.07449999 0.07449999 0.0775 0.0775 0.063 0.063 0.063 0.074 0.074 0.0855 0.0855 0.064 0.064 0.064 0.1015 0.1015 0.105 0.105 0.1025 0.1025 0.1025 0.102 0.102 0.0955 0.0955 0.096 0.096 0.096 0.0935 0.0935 0.096 0.096 0.096 0.096 0.096
0.0845 0.0775 0.0775 0.0775 0.056 0.056 0.0625 0.0625 0.067 0.067 0.0635 0.0635 0.0635 0.0775 0.0775 0.0955 0.0955 0.086 0.086 0.086 0.0865 0.0865 0.09 0.09 0.105 0.105 0.105 0.103 0.103 0.091 0.091 0.074 0.074 0.074 0.064 0.064 0.073 0.073 0.041 0.041 0.041 0.0685 0.0685 0.073 0.073 0.107 0.107 0.08499999 0.08499999 0.08499999 0.0895 0.0895 0.07799999 0.07799999 0.0845 0.0845 0.0845 0.0635 0.0635 0.103 0.103 0.0985 0.0985 0.0985 0.098 0.098 0.0985 0.0985 0.106 0.106 0.106 0.1055 0.1055 0.098 0.098 0.096 0.096 0.096
0.0845 0.0775 0.0775 0.0775 0.056 0.056 0.0625 0.0625 0.067 0.067 0.0635 0.0635 0.0635 0.0775 0.0775 0.0955 0.0955 0.086 0.086 0.086 0.0865 0.0865 0.09 0.09 0.105 0.105 0.105 0.103 0.103 0.091 0.091 0.074 0.074 0.074 0.064 0.064 0.073 0.073 0.041 0.041 0.041 0.0685 0.0685 0.073 0.073 0.107 0.107 0.08499999 0.08499999 0.08499999 0.0895 0.0895 0.07799999 0.07799999 0.0845 0.0845 0.0845 0.0635 0.0635 0.103 0.103 0.0985 0.0985 0.0985 0.098 0.098 0.0985 0.0985 0.106 0.106 0.106 0.1055 0.1055 0.098 0.098 0.096 0.096 0.096
0.07099999 0.047 0.047 0.047 0.06 0.06 0.0565 0.0565 0.08 0.08 0.0615 0.0615 0.0615 0.058 0.058 0.076 0.076 0.02 0.02 0.02 0.0795 0.0795 0.095 0.095 0.07449999 0.07449999 0.07449999 0.1045 0.1045 0.0995 0.0995 0.09100001 0.09100001 0.09100001 0.0645 0.0645 0.036 0.036 0.0275 0.0275 0.0275 0.0585 0.0585 0.0955 0.0955 0.078 0.078 0.071 0.071 0.071 0.0715 0.0715 0.08400001 0.08400001 0.074 0.074 0.074 0.0665 0.0665 0.0815 0.0815 0.111 0.111 0.111 0.1 0.1 0.106 0.106 0.105 0.105 0.105 0.1055 0.1055 0.1035 0.1035 0.1055 0.1055 0.1055
0.07099999 0.047 0.047 0.047 0.06 0.06 0.0565 0.0565 0.08 0.08 0.0615 0.0615 0.0615 0.058 0.058 0.076 0.076 0.02 0.02 0.02 0.0795 0.0795 0.095 0.095 0.07449999 0.07449999 0.07449999 0.1045 0.1045 0.0995 0.0995 0.09100001 0.09100001 0.09100001 0.0645 0.0645 0.036 0.036 0.0275 0.0275 0.0275 0.0585 0.0585 0.0955 0.0955 0.078 0.078 0.071 0.071 0.071 0.0715 0.0715 0.08400001 0.08400001 0.074 0.074 0.074 0.0665 0.0665 0.0815 0.0815 0.111 0.111 0.111 0.1 0.1 0.106 0.106 0.105 0.105 0.105 0.1055 0.1055 0.1035 0.1035 0.1055 0.1055 0.1055
0.0997 0.0335 0.0335 0.0335 0.039 0.039 0.074 0.074 0.067 0.067 0.047 0.047 0.047 0.062 0.062 0.0545 0.0545 0.052 0.052 0.052 0.0705 0.0705 0.09649999 0.09649999 0.1135 0.1135 0.1135 0.122 0.122 0.1045 0.1045 0.0915 0.0915 0.0915 0.07449999 0.07449999 0.0665 0.0665 0.0665 0.0665 0.0665 0.049 0.049 0.0885 0.0885 0.082 0.082 0.0725 0.0725 0.0725 0.1035 0.1035 0.094 0.094 0.107 0.107 0.107 0.105 0.105 0.089 0.089 0.085 0.085 0.085 0.084 0.084 0.078 0.078 0.049 0.049 0.049 0.024 0.024 0.108 0.108 0.1035 0.1035 0.1035
0.0997 0.0335 0.0335 0.0335 0.039 0.039 0.074 0.074 0.067 0.067 0.047 0.047 0.047 0.062 0.062 0.0545 0.0545 0.052 0.052 0.052 0.0705 0.0705 0.09649999 0.09649999 0.1135 0.1135 0.1135 0.122 0.122 0.1045 0.1045 0.0915 0.0915 0.0915 0.07449999 0.07449999 0.0665 0.0665 0.0665 0.0665 0.0665 0.049 0.049 0.0885 0.0885 0.082 0.082 0.0725 0.0725 0.0725 0.1035 0.1035 0.094 0.094 0.107 0.107 0.107 0.105 0.105 0.089 0.089 0.085 0.085 0.085 0.084 0.084 0.078 0.078 0.049 0.049 0.049 0.024 0.024 0.108 0.108 0.1035 0.1035 0.1035
0.0997 0.0335 0.0335 0.0335 0.039 0.039 0.074 0.074 0.067 0.067 0.047 0.047 0.047 0.062 0.062 0.0545 0.0545 0.052 0.052 0.052 0.0705 0.0705 0.09649999 0.09649999 0.1135 0.1135 0.1135 0.122 0.122 0.1045 0.1045 0.0915 0.0915 0.0915 0.07449999 0.07449999 0.0665 0.0665 0.0665 0.0665 0.0665 0.049 0.049 0.0885 0.0885 0.082 0.082 0.0725 0.0725 0.0725 0.1035 0.1035 0.094 0.094 0.107 0.107 0.107 0.105 0.105 0.089 0.089 0.085 0.085 0.085 0.084 0.084 0.078 0.078 0.049 0.049 0.049 0.024 0.024 0.108 0.108 0.1035 0.1035 0.1035
0.0685 0.0875 0.0875 0.0875 0.053 0.053 0.08149999 0.08149999 0.077 0.077 0.0625 0.0625 0.0625 0.0585 0.0585 0.1165 0.1165 0.1125 0.1125 0.1125 0.123 0.123 0.0925 0.0925 0.1065 0.1065 0.1065 0.1155 0.1155 0.1235 0.1235 0.1245 0.1245 0.1245 0.091 0.091 0.0815 0.0815 0.0875 0.0875 0.0875 0.0795 0.0795 0.0985 0.0985 0.1065 0.1065 0.0835 0.0835 0.0835 0.103 0.103 0.1005 0.1005 0.1015 0.1015 0.1015 0.091 0.091 0.1005 0.1005 0.086 0.086 0.086 0.07449999 0.07449999 0.0715 0.0715 0.0635 0.0635 0.0635 0.0395 0.0395 0.035 0.035 0.105 0.105 0.105
0.0685 0.0875 0.0875 0.0875 0.053 0.053 0.08149999 0.08149999 0.077 0.077 0.0625 0.0625 0.0625 0.0585 0.0585 0.1165 0.1165 0.1125 0.1125 0.1125 0.123 0.123 0.0925 0.0925 0.1065 0.1065 0.1065 0.1155 0.1155 0.1235 0.1235 0.1245 0.1245 0.1245 0.091 0.091 0.0815 0.0815 0.0875 0.0875 0.0875 0.0795 0.0795 0.0985 0.0985 0.1065 0.1065 0.0835 0.0835 0.0835 0.103 0.103 0.1005 0.1005 0.1015 0.1015 0.1015 0.091 0.091 0.1005 0.1005 0.086 0.086 0.086 0.07449999 0.07449999 0.0715 0.0715 0.0635 0.0635 0.0635 0.0395 0.0395 0.035 0.035 0.105 0.105 0.105
0.101 0.1305 0.1305 0.1305 0.1055 0.1055 0.1185 0.1185 0.13 0.13 0.1235 0.1235 0.1235 0.1535 0.1535 0.146 0.146 0.156 0.156 0.156 0.121 0.121 0.114 0.114 0.1185 0.1185 0.1185 0.1215 0.1215 0.1175 0.1175 0.1205 0.1205 0.1205 0.09649999 0.09649999 0.11 0.11 0.117 0.117 0.117 0.1225 0.1225 0.1155 0.1155 0.118 0.118 0.0765 0.0765 0.0765 0.092 0.092 0.09900001 0.09900001 0.1125 0.1125 0.1125 0.105 0.105 0.106 0.106 0.108 0.108 0.108 0.088 0.088 0.0635 0.0635 0.0945 0.0945 0.0945 0.0595 0.0595 0.0555 0.0555 0.0855 0.0855 0.0855
0.101 0.1305 0.1305 0.1305 0.1055 0.1055 0.1185 0.1185 0.13 0.13 0.1235 0.1235 0.1235 0.1535 0.1535 0.146 0.146 0.156 0.156 0.156 0.121 0.121 0.114 0.114 0.1185 0.1185 0.1185 0.1215 0.1215 0.1175 0.1175 0.1205 0.1205 0.1205 0.09649999 0.09649999 0.11 0.11 0.117 0.117 0.117 0.1225 0.1225 0.1155 0.1155 0.118 0.118 0.0765 0.0765 0.0765 0.092 0.092 0.09900001 0.09900001 0.1125 0.1125 0.1125 0.105 0.105 0.106 0.106 0.108 0.108 0.108 0.088 0.088 0.0635 0.0635 0.0945 0.0945 0.0945 0.0595 0.0595 0.0555 0.0555 0.0855 0.0855 0.0855
0.1232 0.113 0.113 0.113 0.1505 0.1505 0.139 0.139 0.1205 0.1205 0.154 0.154 0.154 0.1495 0.1495 0.155 0.155 0.1325 0.1325 0.1325 0.123 0.123 0.1395 0.1395 0.142 0.142 0.142 0.132 0.132 0.126 0.126 0.1135 0.1135 0.1135 0.1325 0.1325 0.108 0.108 0.126 0.126 0.126 0.124 0.124 0.1345 0.1345 0.1145 0.1145 0.1145 0.1145 0.1145 0.0675 0.0675 0.108 0.108 0.1095 0.1095 0.1095 0.0995 0.0995 0.097 0.097 0.1095 0.1095 0.1095 0.0845 0.0845 0.0795 0.0795 0.0645 0.0645 0.0645 0.0695 0.0695 0.069 0.069 0.073 0.073 0.073
0.1232 0.113 0.113 0.113 0.1505 0.1505 0.139 0.139 0.1205 0.1205 0.154 0.154 0.154 0.1495 0.1495 0.155 0.155 0.1325 0.1325 0.1325 0.123 0.123 0.1395 0.1395 0.142 0.142 0.142 0.132 0.132 0.126 0.126 0.1135 0.1135 0.1135 0.1325 0.1325 0.108 0.108 0.126 0.126 0.126 0.124 0.124 0.1345 0.1345 0.1145 0.1145 0.1145 0.1145 0.1145 0.0675 0.0675 0.108 0.108 0.1095 0.1095 0.1095 0.0995 0.0995 0.097 0.097 0.1095 0.1095 0.1095 0.0845 0.0845 0.0795 0.0795 0.0645 0.0645 0.0645 0.0695 0.0695 0.069 0.069 0.073 0.073 0.073
0.1232 0.113 0.113 0.113 0.1505 0.1505 0.139 0.139 0.1205 0.1205 0.154 0.154 0.154 0.1495 0.1495 0.155 0.155 0.1325 0.1325 0.1325 0.123 0.123 0.1395 0.1395 0.142 0.142 0.142 0.132 0.132 0.126 0.126 0.1135 0.1135 0.1135 0.1325 0.1325 0.108 0.108 0.126 0.126 0.126 0.124 0.124 0.1345 0.1345 0.1145 0.1145 0.1145 0.1145 0.1145 0.0675 0.0675 0.108 0.108 0.1095 0.1095 0.1095 0.0995 0.0995 0.097 0.097 0.1095 0.1095 0.1095 0.0845 0.0845 0.0795 0.0795 0.0645 0.0645 0.0645 0.0695 0.0695 0.069 0.069 0.073 0.073 0.073
0.0765 0.128 0.128 0.128 0.139 0.139 0.155 0.155 0.1395 0.1395 0.1455 0.1455 0.1455 0.1405 0.1405 0.142 0.142 0.154 0.154 0.154 0.1475 0.1475 0.1345 0.1345 0.1335 0.1335 0.1335 0.1545 0.1545 0.1495 0.1495 0.1525 0.1525 0.1525 0.121 0.121 0.111 0.111 0.1345 0.1345 0.1345 0.1255 0.1255 0.1245 0.1245 0.1155 0.1155 0.104 0.104 0.104 0.069 0.069 0.085 0.085 0.1155 0.1155 0.1155 0.127 0.127 0.121 0.121 0.127 0.127 0.127 0.1325 0.1325 0.0825 0.0825 0.0925 0.0925 0.0925 0.081 0.081 0.078 0.078 0.0915 0.0915 0.0915
0.0765 0.128 0.128 0.128 0.139 0.139 0.155 0.155 0.1395 0.1395 0.1455 0.1455 0.1455 0.1405 0.1405 0.142 0.142 0.154 0.154 0.154 0.1475 0.1475 0.1345 0.1345 0.1335 0.1335 0.1335 0.1545 0.1545 0.1495 0.1495 0.1525 0.1525 0.1525 0.121 0.121 0.111 0.111 0.1345 0.1345 0.1345 0.1255 0.1255 0.1245 0.1245 0.1155 0.1155 0.104 0.104 0.104 0.069 0.069 0.085 0.085 0.1155 0.1155 0.1155 0.127 0.127 0.121 0.121 0.127 0.127 0.127 0.1325 0.1325 0.0825 0.0825 0.0925 0.0925 0.0925 0.081 0.081 0.078 0.078 0.0915 0.0915 0.0915
0.074 0.135 0.135 0.135 0.1645 0.1645 0.1755 0.1755 0.14 0.14 0.1805 0.1805 0.1805 0.1445 0.1445 0.1175 0.1175 0.133 0.133 0.133 0.1495 0.1495 0.161 0.161 0.165 0.165 0.165 0.161 0.161 0.1705 0.1705 0.1565 0.1565 0.1565 0.1455 0.1455 0.1345 0.1345 0.1255 0.1255 0.1255 0.126 0.126 0.119 0.119 0.1175 0.1175 0.094 0.094 0.094 0.0855 0.0855 0.112 0.112 0.136 0.136 0.136 0.1295 0.1295 0.125 0.125 0.1245 0.1245 0.1245 0.1085 0.1085 0.1395 0.1395 0.1225 0.1225 0.1225 0.131 0.131 0.0755 0.0755 0.1025 0.1025 0.1025
0.074 0.135 0.135 0.135 0.1645 0.1645 0.1755 0.1755 0.14 0.14 0.1805 0.1805 0.1805 0.1445 0.1445 0.1175 0.1175 0.133 0.133 0.133 0.1495 0.1495 0.161 0.161 0.165 0.165 0.165 0.161 0.161 0.1705 0.1705 0.1565 0.1565 0.1565 0.1455 0.1455 0.1345 0.1345 0.1255 0.1255 0.1255 0.126 0.126 0.119 0.119 0.1175 0.1175 0.094 0.094 0.094 0.0855 0.0855 0.112 0.112 0.136 0.136 0.136 0.1295 0.1295 0.125 0.125 0.1245 0.1245 0.1245 0.1085 0.1085 0.1395 0.1395 0.1225 0.1225 0.1225 0.131 0.131 0.0755 0.0755 0.1025 0.1025 0.1025
0.0665 0.1345 0.1345 0.1345 0.1215 0.1215 0.1525 0.1525 0.1565 0.1565 0.163 0.163 0.163 0.1695 0.1695 0.1445 0.1445 0.18 0.18 0.18 0.1735 0.1735 0.188 0.188 0.1715 0.1715 0.1715 0.1555 0.1555 0.1665 0.1665 0.1655 0.1655 0.1655 0.131 0.131 0.146 0.146 0.111 0.111 0.111 0.105 0.105 0.107 0.107 0.1225 0.1225 0.1235 0.1235 0.1235 0.0925 0.0925 0.0985 0.0985 0.111 0.111 0.111 0.122 0.122 0.113 0.113 0.1335 0.1335 0.1335 0.144 0.144 0.1285 0.1285 0.133 0.133 0.133 0.1195 0.1195 0.128 0.128 0.127 0.127 0.127
0.0665 0.1345 0.1345 0.1345 0.1215 0.1215 0.1525 0.1525 0.1565 0.1565 0.163 0.163 0.163 0.1695 0.1695 0.1445 0.1445 0.18 0.18 0.18 0.1735 0.1735 0.188 0.188 0.1715 0.1715 0.1715 0.1555 0.1555 0.1665 0.1665 0.1655 0.1655 0.1655 0.131 0.131 0.146 0.146 0.111 0.111 0.111 0.105 0.105 0.107 0.107 0.1225 0.1225 0.1235 0.1235 0.1235 0.0925 0.0925 0.0985 0.0985 0.111 0.111 0.111 0.122 0.122 0.113 0.113 0.1335 0.1335 0.1335 0.144 0.144 0.1285 0.1285 0.133 0.133 0.133 0.1195 0.1195 0.128 0.128 0.127 0.127 0.127
0.051 0.1055 0.1055 0.1055 0.157 0.157 0.1505 0.1505 0.157 0.157 0.167 0.167 0.167 0.1765 0.1765 0.1795 0.1795 0.1795 0.1795 0.1795 0.1915 0.1915 0.1995 0.1995 0.1765 0.1765 0.1765 0.1735 0.1735 0.1605 0.1605 0.14 0.14 0.14 0.1255 0.1255 0.128 0.128 0.1185 0.1185 0.1185 0.105 0.105 0.1265 0.1265 0.092 0.092 0.117 0.117 0.117 0.1 0.1 0.096 0.096 0.086 0.086 0.086 0.1265 0.1265 0.1355 0.1355 0.158 0.158 0.158 0.145 0.145 0.1405 0.1405 0.118 0.118 0.118 0.1205 0.1205 0.128 0.128 0.134 0.134 0.134
0.051 0.1055 0.1055 0.1055 0.157 0.157 0.1505 0.1505 0.157 0.157 0.167 0.167 0.167 0.1765 0.1765 0.1795 0.1795 0.1795 0.1795 0.1795 0.1915 0.1915 0.1995 0.1995 0.1765 0.1765 0.1765 0.1735 0.1735 0.1605 0.1605 0.14 0.14 0.14 0.1255 0.1255 0.128 0.128 0.1185 0.1185 0.1185 0.105 0.105 0.1265 0.1265 0.092 0.092 0.117 0.117 0.117 0.1 0.1 0.096 0.096 0.086 0.086 0.086 0.1265 0.1265 0.1355 0.1355 0.158 0.158 0.158 0.145 0.145 0.1405 0.1405 0.118 0.118 0.118 0.1205 0.1205 0.128 0.128 0.134 0.134 0.134
0.051 0.1055 0.1055 0.1055 0.157 0.157 0.1505 0.1505 0.157 0.157 0.167 0.167 0.167 0.1765 0.1765 0.1795 0.1795 0.1795 0.1795 0.1795 0.1915 0.1915 0.1995 0.1995 0.1765 0.1765 0.1765 0.1735 0.1735 0.1605 0.1605 0.14 0.14 0.14 0.1255 0.1255 0.128 0.128 0.1185 0.1185 0.1185 0.105 0.105 0.1265 0.1265 0.092 0.092 0.117 0.117 0.117 0.1 0.1 0.096 0.096 0.086 0.086 0.086 0.1265 0.1265 0.1355 0.1355 0.158 0.158 0.158 0.145 0.145 0.1405 0.1405 0.118 0.118 0.118 0.1205 0.1205 0.128 0.128 0.134 0.134 0.134
0.0495 0.06900001 0.06900001 0.06900001 0.1185 0.1185 0.1445 0.1445 0.15 0.15 0.1575 0.1575 0.1575 0.1655 0.1655 0.199 0.199 0.202 0.202 0.202 0.2055 0.2055 0.2025 0.2025 0.1725 0.1725 0.1725 0.1415 0.1415 0.119 0.119 0.137 0.137 0.137 0.1335 0.1335 0.1405 0.1405 0.1085 0.1085 0.1085 0.0995 0.0995 0.089 0.089 0.0755 0.0755 0.0925 0.0925 0.0925 0.0805 0.0805 0.0715 0.0715 0.0955 0.0955 0.0955 0.1105 0.1105 0.1145 0.1145 0.1295 0.1295 0.1295 0.1365 0.1365 0.1285 0.1285 0.117 0.117 0.117 0.1035 0.1035 0.126 0.126 0.1305 0.1305 0.1305
0.0495 0.06900001 0.06900001 0.06900001 0.1185 0.1185 0.1445 0.1445 0.15 0.15 0.1575 0.1575 0.1575 0.1655 0.1655 0.199 0.199 0.202 0.202 0.202 0.2055 0.2055 0.2025 0.2025 0.1725 0.1725 0.1725 0.1415 0.1415 0.119 0.119 0.137 0.137 0.137 0.1335 0.1335 0.1405 0.1405 0.1085 0.1085 0.1085 0.0995 0.0995 0.089 0.089 0.0755 0.0755 0.0925 0.0925 0.0925 0.0805 0.0805 0.0715 0.0715 0.0955 0.0955 0.0955 0.1105 0.1105 0.1145 0.1145 0.1295 0.1295 0.1295 0.1365 0.1365 0.1285 0.1285 0.117 0.117 0.117 0.1035 0.1035 0.126 0.126 0.1305 0.1305 0.1305
0.084 0.0465 0.0465 0.0465 0.098 0.098 0.1265 0.1265 0.1405 0.1405 0.1505 0.1505 0.1505 0.1855 0.1855 0.223 0.223 0.21 0.21 0.21 0.209 0.209 0.193 0.193 0.1585 0.1585 0.1585 0.1435 0.1435 0.142 0.142 0.142 0.142 0.142 0.1615 0.1615 0.148 0.148 0.139 0.139 0.139 0.123 0.123 0.1445 0.1445 0.101 0.101 0.134 0.134 0.134 0.141 0.141 0.1305 0.1305 0.1005 0.1005 0.1005 0.1355 0.1355 0.1295 0.1295 0.1535 0.1535 0.1535 0.1255 0.1255 0.102 0.102 0.055 0.055 0.055 0.1475 0.1475 0.179 0.179 0.109 0.109 0.109
0.084 0.0465 0.0465 0.0465 0.098 0.098 0.1265 0.1265 0.1405 0.1405 0.1505 0.1505 0.1505 0.1855 0.1855 0.223 0.223 0.21 0.21 0.21 0.209 0.209 0.193 0.193 0.1585 0.1585 0.1585 0.1435 0.1435 0.142 0.142 0.142 0.142 0.142 0.1615 0.1615 0.148 0.148 0.139 0.139 0.139 0.123 0.123 0.1445 0.1445 0.101 0.101 0.134 0.134 0.134 0.141 0.141 0.1305 0.1305 0.1005 0.1005 0.1005 0.1355 0.1355 0.1295 0.1295 0.1535 0.1535 0.1535 0.1255 0.1255 0.102 0.102 0.055 0.055 0.055 0.1475 0.1475 0.179 0.179 0.109 0.109 0.109
0.0575 0.0515 0.0515 0.0515 0.044 0.044 0.1365 0.1365 0.159 0.159 0.1815 0.1815 0.1815 0.186 0.186 0.209 0.209 0.2055 0.2055 0.2055 0.1935 0.1935 0.1915 0.1915 0.144 0.144 0.144 0.162 0.162 0.1355 0.1355 0.148 0.148 0.148 0.152 0.152 0.1665 0.1665 0.1455 0.1455 0.1455 0.144 0.144 0.1375 0.1375 0.138 0.138 0.1525 0.1525 0.1525 0.1575 0.1575 0.161 0.161 0.1615 0.1615 0.1615 0.1485 0.1485 0.1585 0.1585 0.1645 0.1645 0.1645 0.1615 0.1615 0.0985 0.0985 0.143 0.143 0.143 0.1485 0.1485 0.12 0.12 0.1215 0.1215 0.1215
0.0575 0.0515 0.0515 0.0515 0.044 0.044 0.1365 0.1365 0.159 0.159 0.1815 0.1815 0.1815 0.186 0.186 0.209 0.209 0.2055 0.2055 0.2055 0.1935 0.1935 0.1915 0.1915 0.144 0.144 0.144 0.162 0.162 0.1355 0.1355 0.148 0.148 0.148 0.152 0.152 0.1665 0.1665 0.1455 0.1455 0.1455 0.144 0.144 0.1375 0.1375 0.138 0.138 0.1525 0.1525 0.1525 0.1575 0.1575 0.161 0.161 0.1615 0.1615 0.1615 0.1485 0.1485 0.1585 0.1585 0.1645 0.1645 0.1645 0.1615 0.1615 0.0985 0.0985 0.143 0.143 0.143 0.1485 0.1485 0.12 0.12 0.1215 0.1215 0.1215
0.0575 0.0515 0.0515 0.0515 0.044 0.044 0.1365 0.1365 0.159 0.159 0.1815 0.1815 0.1815 0.186 0.186 0.209 0.209 0.2055 0.2055 0.2055 0.1935 0.1935 0.1915 0.1915 0.144 0.144 0.144 0.162 0.162 0.1355 0.1355 0.148 0.148 0.148 0.152 0.152 0.1665 0.1665 0.1455 0.1455 0.1455 0.144 0.144 0.1375 0.1375 0.138 0.138 0.1525 0.1525 0.1525 0.1575 0.1575 0.161 0.161 0.1615 0.1615 0.1615 0.1485 0.1485 0.1585 0.1585 0.1645 0.1645 0.1645 0.1615 0.1615 0.0985 0.0985 0.143 0.143 0.143 0.1485 0.1485 0.12 0.12 0.1215 0.1215 0.1215
0.1005 0.097 0.097 0.097 0.124 0.124 0.145 0.145 0.153 0.153 0.152 0.152 0.152 0.1945 0.1945 0.2275 0.2275 0.205 0.205 0.205 0.1735 0.1735 0.1755 0.1755 0.1655 0.1655 0.1655 0.15 0.15 0.1695 0.1695 0.182 0.182 0.182 0.172 0.172 0.168 0.168 0.1835 0.1835 0.1835 0.165 0.165 0.1595 0.1595 0.1625 0.1625 0.1845 0.1845 0.1845 0.183 0.183 0.183 0.183 0.2025 0.2025 0.2025 0.1885 0.1885 0.1615 0.1615 0.1735 0.1735 0.1735 0.154 0.154 0.1555 0.1555 0.2035 0.2035 0.2035 0.233 0.233 0.177 0.177 0.145 0.145 0.145
