ndvi/NOAA-260.asc
ncols         252
nrows         154
xllcorner     -18.017974
yllcorner     13.481982
cellsize      0.035948
NODATA_value  -9999
[rows 0 to 33 of 154, columns 77 to 153 of 252]
0.0855 0.0855 0.087 0.087 0.086 0.086 0.0835 0.0835 0.0835 0.0845 0.0845 0.0835 0.0835 0.0755 0.0755 0.0775 0.0775 0.0775 0.074 0.074 0.0715 0.0715 0.083 0.083 0.083 0.083 0.083 0.077 0.077 0.075 0.075 0.075 0.0795 0.0795 0.0715 0.0715 0.06900001 0.06900001 0.06900001 0.073 0.073 0.0755 0.0755 0.0765 0.0765 0.0765 0.077 0.077 0.07600001 0.07600001 0.07250001 0.07250001 0.07449999 0.07449999 0.07449999 0.0745 0.0745 0.082 0.082 0.084 0.084 0.084 0.0875 0.0875 0.0875 0.0875 0.088 0.088 0.088 0.0835 0.0835 0.0825 0.0825 0.08400001 0.08400001 0.08400001 0.08
0.0855 0.0855 0.087 0.087 0.086 0.086 0.0835 0.0835 0.0835 0.0845 0.0845 0.0835 0.0835 0.0755 0.0755 0.0775 0.0775 0.0775 0.074 0.074 0.0715 0.0715 0.083 0.083 0.083 0.083 0.083 0.077 0.077 0.075 0.075 0.075 0.0795 0.0795 0.0715 0.0715 0.06900001 0.06900001 0.06900001 0.073 0.073 0.0755 0.0755 0.0765 0.0765 0.0765 0.077 0.077 0.07600001 0.07600001 0.07250001 0.07250001 0.07449999 0.07449999 0.07449999 0.0745 0.0745 0.082 0.082 0.084 0.084 0.084 0.0875 0.0875 0.0875 0.0875 0.088 0.088 0.088 0.0835 0.0835 0.0825 0.0825 0.08400001 0.08400001 0.08400001 0.08
0.087 0.087 0.0845 0.0845 0.0845 0.0845 0.081 0.081 0.081 0.0805 0.0805 0.0795 0.0795 0.079 0.079 0.0825 0.0825 0.0825 0.081 0.081 0.082 0.082 0.08 0.08 0.08 0.0805 0.0805 0.0775 0.0775 0.079 0.079 0.079 0.074 0.074 0.0715 0.0715 0.074 0.074 0.074 0.0725 0.0725 0.0715 0.0715 0.0775 0.0775 0.0775 0.06900001 0.06900001 0.0855 0.0855 0.087 0.087 0.09 0.09 0.09 0.091 0.091 0.082 0.082 0.0885 0.0885 0.0885 0.085 0.085 0.0825 0.0825 0.089 0.089 0.089 0.0835 0.0835 0.08149999 0.08149999 0.077 0.077 0.077 0.08400001
0.087 0.087 0.0845 0.0845 0.0845 0.0845 0.081 0.081 0.081 0.0805 0.0805 0.0795 0.0795 0.079 0.079 0.0825 0.0825 0.0825 0.081 0.081 0.082 0.082 0.08 0.08 0.08 0.0805 0.0805 0.0775 0.0775 0.079 0.079 0.079 0.074 0.074 0.0715 0.0715 0.074 0.074 0.074 0.0725 0.0725 0.0715 0.0715 0.0775 0.0775 0.0775 0.06900001 0.06900001 0.0855 0.0855 0.087 0.087 0.09 0.09 0.09 0.091 0.091 0.082 0.082 0.0885 0.0885 0.0885 0.085 0.085 0.0825 0.0825 0.089 0.089 0.089 0.0835 0.0835 0.08149999 0.08149999 0.077 0.077 0.077 0.08400001
0.087 0.087 0.0845 0.0845 0.0845 0.0845 0.081 0.081 0.081 0.0805 0.0805 0.0795 0.0795 0.079 0.079 0.0825 0.0825 0.0825 0.081 0.081 0.082 0.082 0.08 0.08 0.08 0.0805 0.0805 0.0775 0.0775 0.079 0.079 0.079 0.074 0.074 0.0715 0.0715 0.074 0.074 0.074 0.0725 0.0725 0.0715 0.0715 0.0775 0.0775 0.0775 0.06900001 0.06900001 0.0855 0.0855 0.087 0.087 0.09 0.09 0.09 0.091 0.091 0.082 0.082 0.0885 0.0885 0.0885 0.085 0.085 0.0825 0.0825 0.089 0.089 0.089 0.0835 0.0835 0.08149999 0.08149999 0.077 0.077 0.077 0.08400001
0.085 0.085 0.086 0.086 0.0825 0.0825 0.083 0.083 0.083 0.0805 0.0805 0.0775 0.0775 0.084 0.084 0.082 0.082 0.082 0.079 0.079 0.0715 0.0715 0.074 0.074 0.074 0.0715 0.0715 0.0735 0.0735 0.069 0.069 0.069 0.075 0.075 0.0715 0.0715 0.0755 0.0755 0.0755 0.068 0.068 0.074 0.074 0.0805 0.0805 0.0805 0.078 0.078 0.09 0.09 0.09100001 0.09100001 0.0895 0.0895 0.0895 0.0925 0.0925 0.0905 0.0905 0.0865 0.0865 0.0865 0.0865 0.0865 0.0885 0.0885 0.0915 0.0915 0.0915 0.0825 0.0825 0.0815 0.0815 0.0855 0.0855 0.0855 0.0815
0.085 0.085 0.086 0.086 0.0825 0.0825 0.083 0.083 0.083 0.0805 0.0805 0.0775 0.0775 0.084 0.084 0.082 0.082 0.082 0.079 0.079 0.0715 0.0715 0.074 0.074 0.074 0.0715 0.0715 0.0735 0.0735 0.069 0.069 0.069 0.075 0.075 0.0715 0.0715 0.0755 0.0755 0.0755 0.068 0.068 0.074 0.074 0.0805 0.0805 0.0805 0.078 0.078 0.09 0.09 0.09100001 0.09100001 0.0895 0.0895 0.0895 0.0925 0.0925 0.0905 0.0905 0.0865 0.0865 0.0865 0.0865 0.0865 0.0885 0.0885 0.0915 0.0915 0.0915 0.0825 0.0825 0.0815 0.0815 0.0855 0.0855 0.0855 0.0815
0.08400001 0.08400001 0.0825 0.0825 0.0825 0.0825 0.082 0.082 0.082 0.0825 0.0825 0.08400001 0.08400001 0.0795 0.0795 0.0785 0.0785 0.0785 0.0775 0.0775 0.079 0.079 0.0735 0.0735 0.0735 0.079 0.079 0.078 0.078 0.0785 0.0785 0.0785 0.084 0.084 0.0835 0.0835 0.0755 0.0755 0.0755 0.0785 0.0785 0.0785 0.0785 0.0755 0.0755 0.0755 0.0925 0.0925 0.0935 0.0935 0.092 0.092 0.0935 0.0935 0.0935 0.096 0.096 0.09299999 0.09299999 0.0915 0.0915 0.0915 0.089 0.089 0.09 0.09 0.0925 0.0925 0.0925 0.085 0.085 0.0925 0.0925 0.083 0.083 0.083 0.08750001
0.08400001 0.08400001 0.0825 0.0825 0.0825 0.0825 0.082 0.082 0.082 0.0825 0.0825 0.08400001 0.08400001 0.0795 0.0795 0.0785 0.0785 0.0785 0.0775 0.0775 0.079 0.079 0.0735 0.0735 0.0735 0.079 0.079 0.078 0.078 0.0785 0.0785 0.0785 0.084 0.084 0.0835 0.0835 0.0755 0.0755 0.0755 0.0785 0.0785 0.0785 0.0785 0.0755 0.0755 0.0755 0.0925 0.0925 0.0935 0.0935 0.092 0.092 0.0935 0.0935 0.0935 0.096 0.096 0.09299999 0.09299999 0.0915 0.0915 0.0915 0.089 0.089 0.09 0.09 0.0925 0.0925 0.0925 0.085 0.085 0.0925 0.0925 0.083 0.083 0.083 0.08750001
0.083 0.083 0.088 0.088 0.0855 0.0855 0.08400001 0.08400001 0.08400001 0.082 0.082 0.0825 0.0825 0.079 0.079 0.0825 0.0825 0.0825 0.0815 0.0815 0.0715 0.0715 0.074 0.074 0.074 0.0785 0.0785 0.0915 0.0915 0.08400001 0.08400001 0.08400001 0.0765 0.0765 0.0835 0.0835 0.076 0.076 0.076 0.0845 0.0845 0.085 0.085 0.09100001 0.09100001 0.09100001 0.091 0.091 0.095 0.095 0.078 0.078 0.089 0.089 0.089 0.0965 0.0965 0.096 0.096 0.0935 0.0935 0.0935 0.09299999 0.09299999 0.086 0.086 0.08400001 0.08400001 0.08400001 0.0905 0.0905 0.0865 0.0865 0.0895 0.0895 0.0895 0.0885
0.083 0.083 0.088 0.088 0.0855 0.0855 0.08400001 0.08400001 0.08400001 0.082 0.082 0.0825 0.0825 0.079 0.079 0.0825 0.0825 0.0825 0.0815 0.0815 0.0715 0.0715 0.074 0.074 0.074 0.0785 0.0785 0.0915 0.0915 0.08400001 0.08400001 0.08400001 0.0765 0.0765 0.0835 0.0835 0.076 0.076 0.076 0.0845 0.0845 0.085 0.085 0.09100001 0.09100001 0.09100001 0.091 0.091 0.095 0.095 0.078 0.078 0.089 0.089 0.089 0.0965 0.0965 0.096 0.096 0.0935 0.0935 0.0935 0.09299999 0.09299999 0.086 0.086 0.08400001 0.08400001 0.08400001 0.0905 0.0905 0.0865 0.0865 0.0895 0.0895 0.0895 0.0885
0.087 0.087 0.0865 0.0865 0.086 0.086 0.0855 0.0855 0.0855 0.0845 0.0845 0.081 0.081 0.0845 0.0845 0.0855 0.0855 0.0855 0.08750001 0.08750001 0.0865 0.0865 0.081 0.081 0.081 0.085 0.085 0.09299999 0.09299999 0.0785 0.0785 0.0785 0.086 0.086 0.092 0.092 0.087 0.087 0.087 0.089 0.089 0.0915 0.0915 0.09100001 0.09100001 0.09100001 0.0815 0.0815 0.094 0.094 0.09 0.09 0.102 0.102 0.102 0.09649999 0.09649999 0.0985 0.0985 0.0995 0.0995 0.0995 0.099 0.099 0.092 0.092 0.094 0.094 0.094 0.086 0.086 0.0915 0.0915 0.085 0.085 0.085 0.0855
0.087 0.087 0.0865 0.0865 0.086 0.086 0.0855 0.0855 0.0855 0.0845 0.0845 0.081 0.081 0.0845 0.0845 0.0855 0.0855 0.0855 0.08750001 0.08750001 0.0865 0.0865 0.081 0.081 0.081 0.085 0.085 0.09299999 0.09299999 0.0785 0.0785 0.0785 0.086 0.086 0.092 0.092 0.087 0.087 0.087 0.089 0.089 0.0915 0.0915 0.09100001 0.09100001 0.09100001 0.0815 0.0815 0.094 0.094 0.09 0.09 0.102 0.102 0.102 0.09649999 0.09649999 0.0985 0.0985 0.0995 0.0995 0.0995 0.099 0.099 0.092 0.092 0.094 0.094 0.094 0.086 0.086 0.0915 0.0915 0.085 0.085 0.085 0.0855
0.087 0.087 0.0865 0.0865 0.086 0.086 0.0855 0.0855 0.0855 0.0845 0.0845 0.081 0.081 0.0845 0.0845 0.0855 0.0855 0.0855 0.08750001 0.08750001 0.0865 0.0865 0.081 0.081 0.081 0.085 0.085 0.09299999 0.09299999 0.0785 0.0785 0.0785 0.086 0.086 0.092 0.092 0.087 0.087 0.087 0.089 0.089 0.0915 0.0915 0.09100001 0.09100001 0.09100001 0.0815 0.0815 0.094 0.094 0.09 0.09 0.102 0.102 0.102 0.09649999 0.09649999 0.0985 0.0985 0.0995 0.0995 0.0995 0.099 0.099 0.092 0.092 0.094 0.094 0.094 0.086 0.086 0.0915 0.0915 0.085 0.085 0.085 0.0855
0.094 0.094 0.0935 0.0935 0.091 0.091 0.0855 0.0855 0.0855 0.0825 0.0825 0.08400001 0.08400001 0.087 0.087 0.0825 0.0825 0.0825 0.084 0.084 0.079 0.079 0.0805 0.0805 0.0805 0.09 0.09 0.0845 0.0845 0.08 0.08 0.08 0.0785 0.0785 0.0835 0.0835 0.0835 0.0835 0.0835 0.082 0.082 0.0915 0.0915 0.0925 0.0925 0.0925 0.0935 0.0935 0.1015 0.1015 0.1015 0.1015 0.08750001 0.08750001 0.08750001 0.0985 0.0985 0.1005 0.1005 0.099 0.099 0.099 0.096 0.096 0.0975 0.0975 0.09450001 0.09450001 0.09450001 0.09100001 0.09100001 0.0925 0.0925 0.0925 0.0925 0.0925 0.092
0.094 0.094 0.0935 0.0935 0.091 0.091 0.0855 0.0855 0.0855 0.0825 0.0825 0.08400001 0.08400001 0.087 0.087 0.0825 0.0825 0.0825 0.084 0.084 0.079 0.079 0.0805 0.0805 0.0805 0.09 0.09 0.0845 0.0845 0.08 0.08 0.08 0.0785 0.0785 0.0835 0.0835 0.0835 0.0835 0.0835 0.082 0.082 0.0915 0.0915 0.0925 0.0925 0.0925 0.0935 0.0935 0.1015 0.1015 0.1015 0.1015 0.08750001 0.08750001 0.08750001 0.0985 0.0985 0.1005 0.1005 0.099 0.099 0.099 0.096 0.096 0.0975 0.0975 0.09450001 0.09450001 0.09450001 0.09100001 0.09100001 0.0925 0.0925 0.0925 0.0925 0.0925 0.092
0.087 0.087 0.08750001 0.08750001 0.094 0.094 0.0935 0.0935 0.0935 0.085 0.085 0.0935 0.0935 0.0835 0.0835 0.0855 0.0855 0.0855 0.09299999 0.09299999 0.089 0.089 0.089 0.089 0.089 0.0795 0.0795 0.079 0.079 0.077 0.077 0.077 0.0785 0.0785 0.0825 0.0825 0.09 0.09 0.09 0.094 0.094 0.091 0.091 0.083 0.083 0.083 0.0935 0.0935 0.1005 0.1005 0.092 0.092 0.09299999 0.09299999 0.09299999 0.104 0.104 0.106 0.106 0.1045 0.1045 0.1045 0.09450001 0.09450001 0.099 0.099 0.0815 0.0815 0.0815 0.0905 0.0905 0.09299999 0.09299999 0.089 0.089 0.089 0.093
0.087 0.087 0.08750001 0.08750001 0.094 0.094 0.0935 0.0935 0.0935 0.085 0.085 0.0935 0.0935 0.0835 0.0835 0.0855 0.0855 0.0855 0.09299999 0.09299999 0.089 0.089 0.089 0.089 0.089 0.0795 0.0795 0.079 0.079 0.077 0.077 0.077 0.0785 0.0785 0.0825 0.0825 0.09 0.09 0.09 0.094 0.094 0.091 0.091 0.083 0.083 0.083 0.0935 0.0935 0.1005 0.1005 0.092 0.092 0.09299999 0.09299999 0.09299999 0.104 0.104 0.106 0.106 0.1045 0.1045 0.1045 0.09450001 0.09450001 0.099 0.099 0.0815 0.0815 0.0815 0.0905 0.0905 0.09299999 0.09299999 0.089 0.089 0.089 0.093
0.09299999 0.09299999 0.09649999 0.09649999 0.0935 0.0935 0.0855 0.0855 0.0855 0.08849999 0.08849999 0.0865 0.0865 0.0895 0.0895 0.084 0.084 0.084 0.0855 0.0855 0.0915 0.0915 0.087 0.087 0.087 0.0925 0.0925 0.0805 0.0805 0.0825 0.0825 0.0825 0.099 0.099 0.0945 0.0945 0.0925 0.0925 0.0925 0.0865 0.0865 0.0925 0.0925 0.088 0.088 0.088 0.0915 0.0915 0.096 0.096 0.093 0.093 0.086 0.086 0.086 0.0975 0.0975 0.1075 0.1075 0.113 0.113 0.113 0.102 0.102 0.096 0.096 0.096 0.096 0.096 0.104 0.104 0.0955 0.0955 0.0895 0.0895 0.0895 0.1
0.09299999 0.09299999 0.09649999 0.09649999 0.0935 0.0935 0.0855 0.0855 0.0855 0.08849999 0.08849999 0.0865 0.0865 0.0895 0.0895 0.084 0.084 0.084 0.0855 0.0855 0.0915 0.0915 0.087 0.087 0.087 0.0925 0.0925 0.0805 0.0805 0.0825 0.0825 0.0825 0.099 0.099 0.0945 0.0945 0.0925 0.0925 0.0925 0.0865 0.0865 0.0925 0.0925 0.088 0.088 0.088 0.0915 0.0915 0.096 0.096 0.093 0.093 0.086 0.086 0.086 0.0975 0.0975 0.1075 0.1075 0.113 0.113 0.113 0.102 0.102 0.096 0.096 0.096 0.096 0.096 0.104 0.104 0.0955 0.0955 0.0895 0.0895 0.0895 0.1
0.09299999 0.09299999 0.09649999 0.09649999 0.0935 0.0935 0.0855 0.0855 0.0855 0.08849999 0.08849999 0.0865 0.0865 0.0895 0.0895 0.084 0.084 0.084 0.0855 0.0855 0.0915 0.0915 0.087 0.087 0.087 0.0925 0.0925 0.0805 0.0805 0.0825 0.0825 0.0825 0.099 0.099 0.0945 0.0945 0.0925 0.0925 0.0925 0.0865 0.0865 0.0925 0.0925 0.088 0.088 0.088 0.0915 0.0915 0.096 0.096 0.093 0.093 0.086 0.086 0.086 0.0975 0.0975 0.1075 0.1075 0.113 0.113 0.113 0.102 0.102 0.096 0.096 0.096 0.096 0.096 0.104 0.104 0.0955 0.0955 0.0895 0.0895 0.0895 0.1
0.087 0.087 0.09450001 0.09450001 0.09 0.09 0.0895 0.0895 0.0895 0.0905 0.0905 0.088 0.088 0.098 0.098 0.084 0.084 0.084 0.084 0.084 0.0895 0.0895 0.0885 0.0885 0.0885 0.0965 0.0965 0.1015 0.1015 0.1125 0.1125 0.1125 0.11 0.11 0.1075 0.1075 0.0935 0.0935 0.0935 0.089 0.089 0.09100001 0.09100001 0.0985 0.0985 0.0985 0.0895 0.0895 0.088 0.088 0.09299999 0.09299999 0.087 0.087 0.087 0.096 0.096 0.1075 0.1075 0.119 0.119 0.119 0.1235 0.1235 0.1015 0.1015 0.0985 0.0985 0.0985 0.1025 0.1025 0.102 0.102 0.097 0.097 0.097 0.1035
0.087 0.087 0.09450001 0.09450001 0.09 0.09 0.0895 0.0895 0.0895 0.0905 0.0905 0.088 0.088 0.098 0.098 0.084 0.084 0.084 0.084 0.084 0.0895 0.0895 0.0885 0.0885 0.0885 0.0965 0.0965 0.1015 0.1015 0.1125 0.1125 0.1125 0.11 0.11 0.1075 0.1075 0.0935 0.0935 0.0935 0.089 0.089 0.09100001 0.09100001 0.0985 0.0985 0.0985 0.0895 0.0895 0.088 0.088 0.09299999 0.09299999 0.087 0.087 0.087 0.096 0.096 0.1075 0.1075 0.119 0.119 0.119 0.1235 0.1235 0.1015 0.1015 0.0985 0.0985 0.0985 0.1025 0.1025 0.102 0.102 0.097 0.097 0.097 0.1035
0.0945 0.0945 0.0915 0.0915 0.0975 0.0975 0.104 0.104 0.104 0.106 0.106 0.112 0.112 0.1155 0.1155 0.112 0.112 0.112 0.105 0.105 0.1045 0.1045 0.099 0.099 0.099 0.1035 0.1035 0.106 0.106 0.114 0.114 0.114 0.111 0.111 0.1115 0.1115 0.086 0.086 0.086 0.096 0.096 0.09550001 0.09550001 0.0995 0.0995 0.0995 0.1175 0.1175 0.09299999 0.09299999 0.0865 0.0865 0.0865 0.0865 0.0865 0.099 0.099 0.1005 0.1005 0.1215 0.1215 0.1215 0.124 0.124 0.1205 0.1205 0.1035 0.1035 0.1035 0.102 0.102 0.094 0.094 0.097 0.097 0.097 0.091
0.0945 0.0945 0.0915 0.0915 0.0975 0.0975 0.104 0.104 0.104 0.106 0.106 0.112 0.112 0.1155 0.1155 0.112 0.112 0.112 0.105 0.105 0.1045 0.1045 0.099 0.099 0.099 0.1035 0.1035 0.106 0.106 0.114 0.114 0.114 0.111 0.111 0.1115 0.1115 0.086 0.086 0.086 0.096 0.096 0.09550001 0.09550001 0.0995 0.0995 0.0995 0.1175 0.1175 0.09299999 0.09299999 0.0865 0.0865 0.0865 0.0865 0.0865 0.099 0.099 0.1005 0.1005 0.1215 0.1215 0.1215 0.124 0.124 0.1205 0.1205 0.1035 0.1035 0.1035 0.102 0.102 0.094 0.094 0.097 0.097 0.097 0.091
0.104 0.104 0.1025 0.1025 0.101 0.101 0.125 0.125 0.125 0.1255 0.1255 0.1265 0.1265 0.12 0.12 0.1185 0.1185 0.1185 0.1055 0.1055 0.109 0.109 0.105 0.105 0.105 0.11 0.11 0.116 0.116 0.1185 0.1185 0.1185 0.112 0.112 0.11 0.11 0.1035 0.1035 0.1035 0.1 0.1 0.0985 0.0985 0.1135 0.1135 0.1135 0.114 0.114 0.114 0.114 0.09299999 0.09299999 0.089 0.089 0.089 0.089 0.089 0.1095 0.1095 0.121 0.121 0.121 0.1245 0.1245 0.125 0.125 0.118 0.118 0.118 0.1005 0.1005 0.0985 0.0985 0.098 0.098 0.098 0.1085
0.104 0.104 0.1025 0.1025 0.101 0.101 0.125 0.125 0.125 0.1255 0.1255 0.1265 0.1265 0.12 0.12 0.1185 0.1185 0.1185 0.1055 0.1055 0.109 0.109 0.105 0.105 0.105 0.11 0.11 0.116 0.116 0.1185 0.1185 0.1185 0.112 0.112 0.11 0.11 0.1035 0.1035 0.1035 0.1 0.1 0.0985 0.0985 0.1135 0.1135 0.1135 0.114 0.114 0.114 0.114 0.09299999 0.09299999 0.089 0.089 0.089 0.089 0.089 0.1095 0.1095 0.121 0.121 0.121 0.1245 0.1245 0.125 0.125 0.118 0.118 0.118 0.1005 0.1005 0.0985 0.0985 0.098 0.098 0.098 0.1085
0.104 0.104 0.1025 0.1025 0.101 0.101 0.125 0.125 0.125 0.1255 0.1255 0.1265 0.1265 0.12 0.12 0.1185 0.1185 0.1185 0.1055 0.1055 0.109 0.109 0.105 0.105 0.105 0.11 0.11 0.116 0.116 0.1185 0.1185 0.1185 0.112 0.112 0.11 0.11 0.1035 0.1035 0.1035 0.1 0.1 0.0985 0.0985 0.1135 0.1135 0.1135 0.114 0.114 0.114 0.114 0.09299999 0.09299999 0.089 0.089 0.089 0.089 0.089 0.1095 0.1095 0.121 0.121 0.121 0.1245 0.1245 0.125 0.125 0.118 0.118 0.118 0.1005 0.1005 0.0985 0.0985 0.098 0.098 0.098 0.1085
0.105 0.105 0.1135 0.1135 0.119 0.119 0.1295 0.1295 0.1295 0.1275 0.1275 0.126 0.126 0.1245 0.1245 0.1385 0.1385 0.1385 0.12 0.12 0.105 0.105 0.1045 0.1045 0.1045 0.1085 0.1085 0.1045 0.1045 0.1135 0.1135 0.1135 0.1155 0.1155 0.108 0.108 0.1015 0.1015 0.1015 0.103 0.103 0.1105 0.1105 0.113 0.113 0.113 0.111 0.111 0.112 0.112 0.109 0.109 0.097 0.097 0.097 0.107 0.107 0.1155 0.1155 0.122 0.122 0.122 0.1235 0.1235 0.126 0.126 0.1245 0.1245 0.1245 0.111 0.111 0.095 0.095 0.0975 0.0975 0.0975 0.123
0.105 0.105 0.1135 0.1135 0.119 0.119 0.1295 0.1295 0.1295 0.1275 0.1275 0.126 0.126 0.1245 0.1245 0.1385 0.1385 0.1385 0.12 0.12 0.105 0.105 0.1045 0.1045 0.1045 0.1085 0.1085 0.1045 0.1045 0.1135 0.1135 0.1135 0.1155 0.1155 0.108 0.108 0.1015 0.1015 0.1015 0.103 0.103 0.1105 0.1105 0.113 0.113 0.113 0.111 0.111 0.112 0.112 0.109 0.109 0.097 0.097 0.097 0.107 0.107 0.1155 0.1155 0.122 0.122 0.122 0.1235 0.1235 0.126 0.126 0.1245 0.1245 0.1245 0.111 0.111 0.095 0.095 0.0975 0.0975 0.0975 0.123
0.128 0.128 0.123 0.123 0.1205 0.1205 0.1205 0.1205 0.1205 0.1285 0.1285 0.138 0.138 0.145 0.145 0.149 0.149 0.149 0.14 0.14 0.126 0.126 0.118 0.118 0.118 0.116 0.116 0.1155 0.1155 0.117 0.117 0.117 0.117 0.117 0.119 0.119 0.119 0.119 0.119 0.106 0.106 0.112 0.112 0.1165 0.1165 0.1165 0.116 0.116 0.1235 0.1235 0.127 0.127 0.1255 0.1255 0.1255 0.1295 0.1295 0.1355 0.1355 0.1375 0.1375 0.1375 0.129 0.129 0.13 0.13 0.122 0.122 0.122 0.1115 0.1115 0.0915 0.0915 0.09450001 0.09450001 0.09450001 0.121
0.128 0.128 0.123 0.123 0.1205 0.1205 0.1205 0.1205 0.1205 0.1285 0.1285 0.138 0.138 0.145 0.145 0.149 0.149 0.149 0.14 0.14 0.126 0.126 0.118 0.118 0.118 0.116 0.116 0.1155 0.1155 0.117 0.117 0.117 0.117 0.117 0.119 0.119 0.119 0.119 0.119 0.106 0.106 0.112 0.112 0.1165 0.1165 0.1165 0.116 0.116 0.1235 0.1235 0.127 0.127 0.1255 0.1255 0.1255 0.1295 0.1295 0.1355 0.1355 0.1375 0.1375 0.1375 0.129 0.129 0.13 0.13 0.122 0.122 0.122 0.1115 0.1115 0.0915 0.0915 0.09450001 0.09450001 0.09450001 0.121
0.143 0.143 0.136 0.136 0.109 0.109 0.108 0.108 0.108 0.1195 0.1195 0.1295 0.1295 0.1465 0.1465 0.1395 0.1395 0.1395 0.137 0.137 0.1425 0.1425 0.147 0.147 0.147 0.139 0.139 0.1335 0.1335 0.13 0.13 0.13 0.1275 0.1275 0.1225 0.1225 0.1225 0.1225 0.1225 0.123 0.123 0.122 0.122 0.139 0.139 0.139 0.138 0.138 0.1355 0.1355 0.134 0.134 0.1285 0.1285 0.1285 0.1285 0.1285 0.1285 0.1285 0.121 0.121 0.121 0.127 0.127 0.133 0.133 0.141 0.141 0.141 0.1385 0.1385 0.128 0.128 0.1205 0.1205 0.1205 0.1275
0.143 0.143 0.136 0.136 0.109 0.109 0.108 0.108 0.108 0.1195 0.1195 0.1295 0.1295 0.1465 0.1465 0.1395 0.1395 0.1395 0.137 0.137 0.1425 0.1425 0.147 0.147 0.147 0.139 0.139 0.1335 0.1335 0.13 0.13 0.13 0.1275 0.1275 0.1225 0.1225 0.1225 0.1225 0.1225 0.123 0.123 0.122 0.122 0.139 0.139 0.139 0.138 0.138 0.1355 0.1355 0.134 0.134 0.1285 0.1285 0.1285 0.1285 0.1285 0.1285 0.1285 0.121 0.121 0.121 0.127 0.127 0.133 0.133 0.141 0.141 0.141 0.1385 0.1385 0.128 0.128 0.1205 0.1205 0.1205 0.1275
