ndvi/NOAA-339.asc
ncols         252
nrows         154
xllcorner     -18.017974
yllcorner     13.481982
cellsize      0.035948
NODATA_value  -9999
[rows 0 to 33 of 154, columns 78 to 155 of 252]
0.1185 0.118 0.118 0.12 0.12 0.1195 0.1195 0.1195 0.123 0.123 0.1215 0.1215 0.117 0.117 0.117 0.117 0.117 0.1165 0.1165 0.1165 0.1165 0.1165 0.1165 0.1165 0.114 0.114 0.1155 0.1155 0.112 0.112 0.112 0.111 0.111 0.106 0.106 0.1045 0.1045 0.1045 0.107 0.107 0.1045 0.1045 0.1065 0.1065 0.1065 0.1045 0.1045 0.1005 0.1005 0.103 0.103 0.108 0.108 0.108 0.115 0.115 0.119 0.119 0.12 0.12 0.12 0.12 0.12 0.116 0.116 0.121 0.121 0.121 0.11 0.11 0.108 0.108 0.1105 0.1105 0.1105 0.108 0.108 0.1045
0.1185 0.118 0.118 0.12 0.12 0.1195 0.1195 0.1195 0.123 0.123 0.1215 0.1215 0.117 0.117 0.117 0.117 0.117 0.1165 0.1165 0.1165 0.1165 0.1165 0.1165 0.1165 0.114 0.114 0.1155 0.1155 0.112 0.112 0.112 0.111 0.111 0.106 0.106 0.1045 0.1045 0.1045 0.107 0.107 0.1045 0.1045 0.1065 0.1065 0.1065 0.1045 0.1045 0.1005 0.1005 0.103 0.103 0.108 0.108 0.108 0.115 0.115 0.119 0.119 0.12 0.12 0.12 0.12 0.12 0.116 0.116 0.121 0.121 0.121 0.11 0.11 0.108 0.108 0.1105 0.1105 0.1105 0.108 0.108 0.1045
0.121 0.121 0.121 0.1215 0.1215 0.1195 0.1195 0.1195 0.1215 0.1215 0.12 0.12 0.1205 0.1205 0.125 0.125 0.125 0.124 0.124 0.1155 0.1155 0.1175 0.1175 0.1175 0.116 0.116 0.114 0.114 0.111 0.111 0.111 0.107 0.107 0.105 0.105 0.1125 0.1125 0.1125 0.1055 0.1055 0.1015 0.1015 0.1055 0.1055 0.1055 0.111 0.111 0.116 0.116 0.1175 0.1175 0.128 0.128 0.128 0.1245 0.1245 0.129 0.129 0.1225 0.1225 0.1225 0.121 0.121 0.119 0.119 0.1175 0.1175 0.1175 0.114 0.114 0.11 0.11 0.111 0.111 0.111 0.108 0.108 0.1065
0.121 0.121 0.121 0.1215 0.1215 0.1195 0.1195 0.1195 0.1215 0.1215 0.12 0.12 0.1205 0.1205 0.125 0.125 0.125 0.124 0.124 0.1155 0.1155 0.1175 0.1175 0.1175 0.116 0.116 0.114 0.114 0.111 0.111 0.111 0.107 0.107 0.105 0.105 0.1125 0.1125 0.1125 0.1055 0.1055 0.1015 0.1015 0.1055 0.1055 0.1055 0.111 0.111 0.116 0.116 0.1175 0.1175 0.128 0.128 0.128 0.1245 0.1245 0.129 0.129 0.1225 0.1225 0.1225 0.121 0.121 0.119 0.119 0.1175 0.1175 0.1175 0.114 0.114 0.11 0.11 0.111 0.111 0.111 0.108 0.108 0.1065
0.121 0.121 0.121 0.1215 0.1215 0.1195 0.1195 0.1195 0.1215 0.1215 0.12 0.12 0.1205 0.1205 0.125 0.125 0.125 0.124 0.124 0.1155 0.1155 0.1175 0.1175 0.1175 0.116 0.116 0.114 0.114 0.111 0.111 0.111 0.107 0.107 0.105 0.105 0.1125 0.1125 0.1125 0.1055 0.1055 0.1015 0.1015 0.1055 0.1055 0.1055 0.111 0.111 0.116 0.116 0.1175 0.1175 0.128 0.128 0.128 0.1245 0.1245 0.129 0.129 0.1225 0.1225 0.1225 0.121 0.121 0.119 0.119 0.1175 0.1175 0.1175 0.114 0.114 0.11 0.11 0.111 0.111 0.111 0.108 0.108 0.1065
0.12 0.1195 0.1195 0.1225 0.1225 0.12 0.12 0.12 0.1235 0.1235 0.1195 0.1195 0.1235 0.1235 0.1285 0.1285 0.1285 0.1205 0.1205 0.1185 0.1185 0.1195 0.1195 0.1195 0.1135 0.1135 0.1095 0.1095 0.112 0.112 0.112 0.1125 0.1125 0.1095 0.1095 0.1105 0.1105 0.1105 0.112 0.112 0.105 0.105 0.1145 0.1145 0.1145 0.1135 0.1135 0.124 0.124 0.127 0.127 0.1215 0.1215 0.1215 0.1245 0.1245 0.1255 0.1255 0.1215 0.1215 0.1215 0.1155 0.1155 0.1195 0.1195 0.127 0.127 0.127 0.1185 0.1185 0.122 0.122 0.1145 0.1145 0.1145 0.112 0.112 0.116
0.12 0.1195 0.1195 0.1225 0.1225 0.12 0.12 0.12 0.1235 0.1235 0.1195 0.1195 0.1235 0.1235 0.1285 0.1285 0.1285 0.1205 0.1205 0.1185 0.1185 0.1195 0.1195 0.1195 0.1135 0.1135 0.1095 0.1095 0.112 0.112 0.112 0.1125 0.1125 0.1095 0.1095 0.1105 0.1105 0.1105 0.112 0.112 0.105 0.105 0.1145 0.1145 0.1145 0.1135 0.1135 0.124 0.124 0.127 0.127 0.1215 0.1215 0.1215 0.1245 0.1245 0.1255 0.1255 0.1215 0.1215 0.1215 0.1155 0.1155 0.1195 0.1195 0.127 0.127 0.127 0.1185 0.1185 0.122 0.122 0.1145 0.1145 0.1145 0.112 0.112 0.116
0.12 0.122 0.122 0.122 0.122 0.125 0.125 0.125 0.1255 0.1255 0.1245 0.1245 0.1205 0.1205 0.116 0.116 0.116 0.118 0.118 0.1225 0.1225 0.1235 0.1235 0.1235 0.113 0.113 0.1125 0.1125 0.111 0.111 0.111 0.121 0.121 0.111 0.111 0.1165 0.1165 0.1165 0.111 0.111 0.113 0.113 0.125 0.125 0.125 0.136 0.136 0.1335 0.1335 0.1285 0.1285 0.127 0.127 0.127 0.1285 0.1285 0.1255 0.1255 0.1295 0.1295 0.1295 0.122 0.122 0.124 0.124 0.127 0.127 0.127 0.1285 0.1285 0.124 0.124 0.118 0.118 0.118 0.1165 0.1165 0.125
0.12 0.122 0.122 0.122 0.122 0.125 0.125 0.125 0.1255 0.1255 0.1245 0.1245 0.1205 0.1205 0.116 0.116 0.116 0.118 0.118 0.1225 0.1225 0.1235 0.1235 0.1235 0.113 0.113 0.1125 0.1125 0.111 0.111 0.111 0.121 0.121 0.111 0.111 0.1165 0.1165 0.1165 0.111 0.111 0.113 0.113 0.125 0.125 0.125 0.136 0.136 0.1335 0.1335 0.1285 0.1285 0.127 0.127 0.127 0.1285 0.1285 0.1255 0.1255 0.1295 0.1295 0.1295 0.122 0.122 0.124 0.124 0.127 0.127 0.127 0.1285 0.1285 0.124 0.124 0.118 0.118 0.118 0.1165 0.1165 0.125
0.1235 0.127 0.127 0.121 0.121 0.126 0.126 0.126 0.1255 0.1255 0.1215 0.1215 0.1235 0.1235 0.123 0.123 0.123 0.1195 0.1195 0.1235 0.1235 0.1235 0.1235 0.1235 0.1355 0.1355 0.129 0.129 0.129 0.129 0.129 0.132 0.132 0.1335 0.1335 0.1255 0.1255 0.1255 0.119 0.119 0.132 0.132 0.138 0.138 0.138 0.1385 0.1385 0.1325 0.1325 0.1285 0.1285 0.1325 0.1325 0.1325 0.1325 0.1325 0.131 0.131 0.1265 0.1265 0.1265 0.127 0.127 0.1245 0.1245 0.128 0.128 0.128 0.133 0.133 0.1265 0.1265 0.1175 0.1175 0.1175 0.1195 0.1195 0.128
0.1235 0.127 0.127 0.121 0.121 0.126 0.126 0.126 0.1255 0.1255 0.1215 0.1215 0.1235 0.1235 0.123 0.123 0.123 0.1195 0.1195 0.1235 0.1235 0.1235 0.1235 0.1235 0.1355 0.1355 0.129 0.129 0.129 0.129 0.129 0.132 0.132 0.1335 0.1335 0.1255 0.1255 0.1255 0.119 0.119 0.132 0.132 0.138 0.138 0.138 0.1385 0.1385 0.1325 0.1325 0.1285 0.1285 0.1325 0.1325 0.1325 0.1325 0.1325 0.131 0.131 0.1265 0.1265 0.1265 0.127 0.127 0.1245 0.1245 0.128 0.128 0.128 0.133 0.133 0.1265 0.1265 0.1175 0.1175 0.1175 0.1195 0.1195 0.128
0.1275 0.1275 0.1275 0.128 0.128 0.129 0.129 0.129 0.1295 0.1295 0.1265 0.1265 0.128 0.128 0.1285 0.1285 0.1285 0.126 0.126 0.1245 0.1245 0.1325 0.1325 0.1325 0.1335 0.1335 0.1315 0.1315 0.1315 0.1315 0.1315 0.1355 0.1355 0.131 0.131 0.128 0.128 0.128 0.1315 0.1315 0.136 0.136 0.141 0.141 0.141 0.1355 0.1355 0.133 0.133 0.136 0.136 0.1395 0.1395 0.1395 0.1335 0.1335 0.1355 0.1355 0.1305 0.1305 0.1305 0.13 0.13 0.1305 0.1305 0.1265 0.1265 0.1265 0.13 0.13 0.1235 0.1235 0.127 0.127 0.127 0.1315 0.1315 0.1365
0.1275 0.1275 0.1275 0.128 0.128 0.129 0.129 0.129 0.1295 0.1295 0.1265 0.1265 0.128 0.128 0.1285 0.1285 0.1285 0.126 0.126 0.1245 0.1245 0.1325 0.1325 0.1325 0.1335 0.1335 0.1315 0.1315 0.1315 0.1315 0.1315 0.1355 0.1355 0.131 0.131 0.128 0.128 0.128 0.1315 0.1315 0.136 0.136 0.141 0.141 0.141 0.1355 0.1355 0.133 0.133 0.136 0.136 0.1395 0.1395 0.1395 0.1335 0.1335 0.1355 0.1355 0.1305 0.1305 0.1305 0.13 0.13 0.1305 0.1305 0.1265 0.1265 0.1265 0.13 0.13 0.1235 0.1235 0.127 0.127 0.127 0.1315 0.1315 0.1365
0.1275 0.1275 0.1275 0.128 0.128 0.129 0.129 0.129 0.1295 0.1295 0.1265 0.1265 0.128 0.128 0.1285 0.1285 0.1285 0.126 0.126 0.1245 0.1245 0.1325 0.1325 0.1325 0.1335 0.1335 0.1315 0.1315 0.1315 0.1315 0.1315 0.1355 0.1355 0.131 0.131 0.128 0.128 0.128 0.1315 0.1315 0.136 0.136 0.141 0.141 0.141 0.1355 0.1355 0.133 0.133 0.136 0.136 0.1395 0.1395 0.1395 0.1335 0.1335 0.1355 0.1355 0.1305 0.1305 0.1305 0.13 0.13 0.1305 0.1305 0.1265 0.1265 0.1265 0.13 0.13 0.1235 0.1235 0.127 0.127 0.127 0.1315 0.1315 0.1365
0.134 0.134 0.134 0.1325 0.1325 0.1325 0.1325 0.1325 0.133 0.133 0.1275 0.1275 0.1295 0.1295 0.134 0.134 0.134 0.1315 0.1315 0.134 0.134 0.136 0.136 0.136 0.137 0.137 0.1345 0.1345 0.1285 0.1285 0.1285 0.1365 0.1365 0.1325 0.1325 0.1265 0.1265 0.1265 0.127 0.127 0.1355 0.1355 0.145 0.145 0.145 0.1425 0.1425 0.141 0.141 0.1435 0.1435 0.1415 0.1415 0.1415 0.1395 0.1395 0.136 0.136 0.1305 0.1305 0.1305 0.129 0.129 0.1355 0.1355 0.1325 0.1325 0.1325 0.123 0.123 0.124 0.124 0.1325 0.1325 0.1325 0.134 0.134 0.133
0.134 0.134 0.134 0.1325 0.1325 0.1325 0.1325 0.1325 0.133 0.133 0.1275 0.1275 0.1295 0.1295 0.134 0.134 0.134 0.1315 0.1315 0.134 0.134 0.136 0.136 0.136 0.137 0.137 0.1345 0.1345 0.1285 0.1285 0.1285 0.1365 0.1365 0.1325 0.1325 0.1265 0.1265 0.1265 0.127 0.127 0.1355 0.1355 0.145 0.145 0.145 0.1425 0.1425 0.141 0.141 0.1435 0.1435 0.1415 0.1415 0.1415 0.1395 0.1395 0.136 0.136 0.1305 0.1305 0.1305 0.129 0.129 0.1355 0.1355 0.1325 0.1325 0.1325 0.123 0.123 0.124 0.124 0.1325 0.1325 0.1325 0.134 0.134 0.133
0.1345 0.1345 0.1345 0.131 0.131 0.133 0.133 0.133 0.134 0.134 0.1305 0.1305 0.132 0.132 0.132 0.132 0.132 0.13 0.13 0.1335 0.1335 0.138 0.138 0.138 0.1345 0.1345 0.1355 0.1355 0.133 0.133 0.133 0.1335 0.1335 0.1315 0.1315 0.1315 0.1315 0.1315 0.1305 0.1305 0.143 0.143 0.1415 0.1415 0.1415 0.1485 0.1485 0.142 0.142 0.14 0.14 0.14 0.14 0.14 0.1305 0.1305 0.1305 0.1305 0.1285 0.1285 0.1285 0.1405 0.1405 0.143 0.143 0.137 0.137 0.137 0.123 0.123 0.1235 0.1235 0.1275 0.1275 0.1275 0.1345 0.1345 0.136
0.1345 0.1345 0.1345 0.131 0.131 0.133 0.133 0.133 0.134 0.134 0.1305 0.1305 0.132 0.132 0.132 0.132 0.132 0.13 0.13 0.1335 0.1335 0.138 0.138 0.138 0.1345 0.1345 0.1355 0.1355 0.133 0.133 0.133 0.1335 0.1335 0.1315 0.1315 0.1315 0.1315 0.1315 0.1305 0.1305 0.143 0.143 0.1415 0.1415 0.1415 0.1485 0.1485 0.142 0.142 0.14 0.14 0.14 0.14 0.14 0.1305 0.1305 0.1305 0.1305 0.1285 0.1285 0.1285 0.1405 0.1405 0.143 0.143 0.137 0.137 0.137 0.123 0.123 0.1235 0.1235 0.1275 0.1275 0.1275 0.1345 0.1345 0.136
0.133 0.133 0.133 0.1345 0.1345 0.134 0.134 0.134 0.14 0.14 0.136 0.136 0.134 0.134 0.1345 0.1345 0.1345 0.137 0.137 0.132 0.132 0.1365 0.1365 0.1365 0.137 0.137 0.137 0.137 0.144 0.144 0.144 0.142 0.142 0.1335 0.1335 0.1315 0.1315 0.1315 0.137 0.137 0.1415 0.1415 0.147 0.147 0.147 0.149 0.149 0.146 0.146 0.136 0.136 0.136 0.136 0.136 0.129 0.129 0.1375 0.1375 0.1455 0.1455 0.1455 0.149 0.149 0.1435 0.1435 0.1395 0.1395 0.1395 0.136 0.136 0.132 0.132 0.134 0.134 0.134 0.113 0.113 0.159
0.133 0.133 0.133 0.1345 0.1345 0.134 0.134 0.134 0.14 0.14 0.136 0.136 0.134 0.134 0.1345 0.1345 0.1345 0.137 0.137 0.132 0.132 0.1365 0.1365 0.1365 0.137 0.137 0.137 0.137 0.144 0.144 0.144 0.142 0.142 0.1335 0.1335 0.1315 0.1315 0.1315 0.137 0.137 0.1415 0.1415 0.147 0.147 0.147 0.149 0.149 0.146 0.146 0.136 0.136 0.136 0.136 0.136 0.129 0.129 0.1375 0.1375 0.1455 0.1455 0.1455 0.149 0.149 0.1435 0.1435 0.1395 0.1395 0.1395 0.136 0.136 0.132 0.132 0.134 0.134 0.134 0.113 0.113 0.159
0.133 0.133 0.133 0.1345 0.1345 0.134 0.134 0.134 0.14 0.14 0.136 0.136 0.134 0.134 0.1345 0.1345 0.1345 0.137 0.137 0.132 0.132 0.1365 0.1365 0.1365 0.137 0.137 0.137 0.137 0.144 0.144 0.144 0.142 0.142 0.1335 0.1335 0.1315 0.1315 0.1315 0.137 0.137 0.1415 0.1415 0.147 0.147 0.147 0.149 0.149 0.146 0.146 0.136 0.136 0.136 0.136 0.136 0.129 0.129 0.1375 0.1375 0.1455 0.1455 0.1455 0.149 0.149 0.1435 0.1435 0.1395 0.1395 0.1395 0.136 0.136 0.132 0.132 0.134 0.134 0.134 0.113 0.113 0.159
0.1335 0.1375 0.1375 0.138 0.138 0.1415 0.1415 0.1415 0.142 0.142 0.1425 0.1425 0.1375 0.1375 0.1395 0.1395 0.1395 0.1395 0.1395 0.134 0.134 0.1315 0.1315 0.1315 0.1375 0.1375 0.1475 0.1475 0.148 0.148 0.148 0.1455 0.1455 0.15 0.15 0.142 0.142 0.142 0.1425 0.1425 0.1725 0.1725 0.178 0.178 0.178 0.166 0.166 0.166 0.166 0.1475 0.1475 0.14 0.14 0.14 0.1305 0.1305 0.144 0.144 0.147 0.147 0.147 0.1425 0.1425 0.146 0.146 0.141 0.141 0.141 0.1365 0.1365 0.141 0.141 0.1345 0.1345 0.1345 0.1305 0.1305 0.139
0.1335 0.1375 0.1375 0.138 0.138 0.1415 0.1415 0.1415 0.142 0.142 0.1425 0.1425 0.1375 0.1375 0.1395 0.1395 0.1395 0.1395 0.1395 0.134 0.134 0.1315 0.1315 0.1315 0.1375 0.1375 0.1475 0.1475 0.148 0.148 0.148 0.1455 0.1455 0.15 0.15 0.142 0.142 0.142 0.1425 0.1425 0.1725 0.1725 0.178 0.178 0.178 0.166 0.166 0.166 0.166 0.1475 0.1475 0.14 0.14 0.14 0.1305 0.1305 0.144 0.144 0.147 0.147 0.147 0.1425 0.1425 0.146 0.146 0.141 0.141 0.141 0.1365 0.1365 0.141 0.141 0.1345 0.1345 0.1345 0.1305 0.1305 0.139
0.137 0.1385 0.1385 0.138 0.138 0.14 0.14 0.14 0.145 0.145 0.1475 0.1475 0.148 0.148 0.1495 0.1495 0.1495 0.1495 0.1495 0.1465 0.1465 0.1435 0.1435 0.1435 0.1455 0.1455 0.1565 0.1565 0.1565 0.1565 0.1565 0.158 0.158 0.152 0.152 0.148 0.148 0.148 0.1425 0.1425 0.157 0.157 0.1695 0.1695 0.1695 0.168 0.168 0.169 0.169 0.165 0.165 0.1455 0.1455 0.1455 0.139 0.139 0.138 0.138 0.134 0.134 0.134 0.1435 0.1435 0.146 0.146 0.1475 0.1475 0.1475 0.149 0.149 0.1465 0.1465 0.144 0.144 0.144 0.1295 0.1295 0.139
0.137 0.1385 0.1385 0.138 0.138 0.14 0.14 0.14 0.145 0.145 0.1475 0.1475 0.148 0.148 0.1495 0.1495 0.1495 0.1495 0.1495 0.1465 0.1465 0.1435 0.1435 0.1435 0.1455 0.1455 0.1565 0.1565 0.1565 0.1565 0.1565 0.158 0.158 0.152 0.152 0.148 0.148 0.148 0.1425 0.1425 0.157 0.157 0.1695 0.1695 0.1695 0.168 0.168 0.169 0.169 0.165 0.165 0.1455 0.1455 0.1455 0.139 0.139 0.138 0.138 0.134 0.134 0.134 0.1435 0.1435 0.146 0.146 0.1475 0.1475 0.1475 0.149 0.149 0.1465 0.1465 0.144 0.144 0.144 0.1295 0.1295 0.139
0.1445 0.147 0.147 0.144 0.144 0.15 0.15 0.15 0.156 0.156 0.1565 0.1565 0.157 0.157 0.1535 0.1535 0.1535 0.152 0.152 0.1465 0.1465 0.1485 0.1485 0.1485 0.154 0.154 0.158 0.158 0.158 0.158 0.158 0.157 0.157 0.1545 0.1545 0.1445 0.1445 0.1445 0.1415 0.1415 0.1595 0.1595 0.1675 0.1675 0.1675 0.167 0.167 0.161 0.161 0.165 0.165 0.1565 0.1565 0.1565 0.1475 0.1475 0.142 0.142 0.141 0.141 0.141 0.1375 0.1375 0.138 0.138 0.1385 0.1385 0.1385 0.142 0.142 0.133 0.133 0.137 0.137 0.137 0.1435 0.1435 0.151
0.1445 0.147 0.147 0.144 0.144 0.15 0.15 0.15 0.156 0.156 0.1565 0.1565 0.157 0.157 0.1535 0.1535 0.1535 0.152 0.152 0.1465 0.1465 0.1485 0.1485 0.1485 0.154 0.154 0.158 0.158 0.158 0.158 0.158 0.157 0.157 0.1545 0.1545 0.1445 0.1445 0.1445 0.1415 0.1415 0.1595 0.1595 0.1675 0.1675 0.1675 0.167 0.167 0.161 0.161 0.165 0.165 0.1565 0.1565 0.1565 0.1475 0.1475 0.142 0.142 0.141 0.141 0.141 0.1375 0.1375 0.138 0.138 0.1385 0.1385 0.1385 0.142 0.142 0.133 0.133 0.137 0.137 0.137 0.1435 0.1435 0.151
0.1445 0.147 0.147 0.144 0.144 0.15 0.15 0.15 0.156 0.156 0.1565 0.1565 0.157 0.157 0.1535 0.1535 0.1535 0.152 0.152 0.1465 0.1465 0.1485 0.1485 0.1485 0.154 0.154 0.158 0.158 0.158 0.158 0.158 0.157 0.157 0.1545 0.1545 0.1445 0.1445 0.1445 0.1415 0.1415 0.1595 0.1595 0.1675 0.1675 0.1675 0.167 0.167 0.161 0.161 0.165 0.165 0.1565 0.1565 0.1565 0.1475 0.1475 0.142 0.142 0.141 0.141 0.141 0.1375 0.1375 0.138 0.138 0.1385 0.1385 0.1385 0.142 0.142 0.133 0.133 0.137 0.137 0.137 0.1435 0.1435 0.151
0.1445 0.1555 0.1555 0.156 0.156 0.1615 0.1615 0.1615 0.156 0.156 0.166 0.166 0.168 0.168 0.159 0.159 0.159 0.155 0.155 0.155 0.155 0.1525 0.1525 0.1525 0.152 0.152 0.158 0.158 0.1585 0.1585 0.1585 0.1595 0.1595 0.159 0.159 0.153 0.153 0.153 0.15 0.15 0.1625 0.1625 0.147 0.147 0.147 0.157 0.157 0.1725 0.1725 0.16 0.16 0.1605 0.1605 0.1605 0.1545 0.1545 0.1555 0.1555 0.1455 0.1455 0.1455 0.14 0.14 0.154 0.154 0.1615 0.1615 0.1615 0.156 0.156 0.1395 0.1395 0.1365 0.1365 0.1365 0.1325 0.1325 0.1355
0.1445 0.1555 0.1555 0.156 0.156 0.1615 0.1615 0.1615 0.156 0.156 0.166 0.166 0.168 0.168 0.159 0.159 0.159 0.155 0.155 0.155 0.155 0.1525 0.1525 0.1525 0.152 0.152 0.158 0.158 0.1585 0.1585 0.1585 0.1595 0.1595 0.159 0.159 0.153 0.153 0.153 0.15 0.15 0.1625 0.1625 0.147 0.147 0.147 0.157 0.157 0.1725 0.1725 0.16 0.16 0.1605 0.1605 0.1605 0.1545 0.1545 0.1555 0.1555 0.1455 0.1455 0.1455 0.14 0.14 0.154 0.154 0.1615 0.1615 0.1615 0.156 0.156 0.1395 0.1395 0.1365 0.1365 0.1365 0.1325 0.1325 0.1355
0.1585 0.1525 0.1525 0.1535 0.1535 0.1505 0.1505 0.1505 0.1505 0.1505 0.1575 0.1575 0.161 0.161 0.1685 0.1685 0.1685 0.1725 0.1725 0.1695 0.1695 0.158 0.158 0.158 0.156 0.156 0.155 0.155 0.158 0.158 0.158 0.155 0.155 0.1605 0.1605 0.1615 0.1615 0.1615 0.1665 0.1665 0.169 0.169 0.1585 0.1585 0.1585 0.1625 0.1625 0.1505 0.1505 0.151 0.151 0.16 0.16 0.16 0.165 0.165 0.172 0.172 0.176 0.176 0.176 0.167 0.167 0.173 0.173 0.161 0.161 0.161 0.1525 0.1525 0.137 0.137 0.1415 0.1415 0.1415 0.141 0.141 0.134
0.1585 0.1525 0.1525 0.1535 0.1535 0.1505 0.1505 0.1505 0.1505 0.1505 0.1575 0.1575 0.161 0.161 0.1685 0.1685 0.1685 0.1725 0.1725 0.1695 0.1695 0.158 0.158 0.158 0.156 0.156 0.155 0.155 0.158 0.158 0.158 0.155 0.155 0.1605 0.1605 0.1615 0.1615 0.1615 0.1665 0.1665 0.169 0.169 0.1585 0.1585 0.1585 0.1625 0.1625 0.1505 0.1505 0.151 0.151 0.16 0.16 0.16 0.165 0.165 0.172 0.172 0.176 0.176 0.176 0.167 0.167 0.173 0.173 0.161 0.161 0.161 0.1525 0.1525 0.137 0.137 0.1415 0.1415 0.1415 0.141 0.141 0.134
0.147 0.1545 0.1545 0.156 0.156 0.156 0.156 0.156 0.1535 0.1535 0.1605 0.1605 0.1695 0.1695 0.173 0.173 0.173 0.166 0.166 0.167 0.167 0.1695 0.1695 0.1695 0.171 0.171 0.167 0.167 0.166 0.166 0.166 0.1655 0.1655 0.166 0.166 0.168 0.168 0.168 0.168 0.168 0.173 0.173 0.1705 0.1705 0.1705 0.1695 0.1695 0.1595 0.1595 0.166 0.166 0.164 0.164 0.164 0.1655 0.1655 0.1685 0.1685 0.175 0.175 0.175 0.175 0.175 0.1705 0.1705 0.169 0.169 0.169 0.174 0.174 0.154 0.154 0.1355 0.1355 0.1355 0.15 0.15 0.1305
0.147 0.1545 0.1545 0.156 0.156 0.156 0.156 0.156 0.1535 0.1535 0.1605 0.1605 0.1695 0.1695 0.173 0.173 0.173 0.166 0.166 0.167 0.167 0.1695 0.1695 0.1695 0.171 0.171 0.167 0.167 0.166 0.166 0.166 0.1655 0.1655 0.166 0.166 0.168 0.168 0.168 0.168 0.168 0.173 0.173 0.1705 0.1705 0.1705 0.1695 0.1695 0.1595 0.1595 0.166 0.166 0.164 0.164 0.164 0.1655 0.1655 0.1685 0.1685 0.175 0.175 0.175 0.175 0.175 0.1705 0.1705 0.169 0.169 0.169 0.174 0.174 0.154 0.154 0.1355 0.1355 0.1355 0.15 0.15 0.1305
