ndvi/NOAA-292.asc
ncols         252
nrows         154
xllcorner     -18.017974
yllcorner     13.481982
cellsize      0.035948
NODATA_value  -9999
[rows 68 to 101 of 154, columns 154 to 230 of 252]
0.1135 0.1195 0.1195 0.123 0.123 0.123 0.1185 0.1185 0.1125 0.1125 0.1625 0.1625 0.1575 0.1575 0.1575 0.196 0.196 0.186 0.186 0.1815 0.1815 0.1815 0.18 0.18 0.179 0.179 0.1745 0.1745 0.1745 0.178 0.178 0.186 0.186 0.188 0.188 0.188 0.1925 0.1925 0.187 0.187 0.1825 0.1825 0.1825 0.173 0.173 0.163 0.163 0.1715 0.1715 0.176 0.176 0.176 0.1725 0.1725 0.1815 0.1815 0.178 0.178 0.178 0.1715 0.1715 0.1715 0.1715 0.17 0.17 0.17 0.1585 0.1585 0.156 0.156 0.174 0.174 0.174 0.171 0.171 0.159 0.159
0.1195 0.126 0.126 0.116 0.116 0.116 0.116 0.116 0.1405 0.1405 0.14 0.14 0.1745 0.1745 0.1745 0.176 0.176 0.1765 0.1765 0.173 0.173 0.173 0.1785 0.1785 0.1835 0.1835 0.1795 0.1795 0.1795 0.1765 0.1765 0.1995 0.1995 0.176 0.176 0.176 0.167 0.167 0.17 0.17 0.1815 0.1815 0.1815 0.184 0.184 0.168 0.168 0.1665 0.1665 0.169 0.169 0.169 0.1765 0.1765 0.1855 0.1855 0.182 0.182 0.182 0.1785 0.1785 0.181 0.181 0.1765 0.1765 0.1765 0.1645 0.1645 0.1655 0.1655 0.1675 0.1675 0.1675 0.1565 0.1565 0.168 0.168
0.1195 0.126 0.126 0.116 0.116 0.116 0.116 0.116 0.1405 0.1405 0.14 0.14 0.1745 0.1745 0.1745 0.176 0.176 0.1765 0.1765 0.173 0.173 0.173 0.1785 0.1785 0.1835 0.1835 0.1795 0.1795 0.1795 0.1765 0.1765 0.1995 0.1995 0.176 0.176 0.176 0.167 0.167 0.17 0.17 0.1815 0.1815 0.1815 0.184 0.184 0.168 0.168 0.1665 0.1665 0.169 0.169 0.169 0.1765 0.1765 0.1855 0.1855 0.182 0.182 0.182 0.1785 0.1785 0.181 0.181 0.1765 0.1765 0.1765 0.1645 0.1645 0.1655 0.1655 0.1675 0.1675 0.1675 0.1565 0.1565 0.168 0.168
0.1365 0.1425 0.1425 0.1275 0.1275 0.1275 0.1245 0.1245 0.1475 0.1475 0.125 0.125 0.1725 0.1725 0.1725 0.177 0.177 0.173 0.173 0.176 0.176 0.176 0.182 0.182 0.176 0.176 0.1815 0.1815 0.1815 0.1845 0.1845 0.183 0.183 0.183 0.183 0.183 0.1765 0.1765 0.179 0.179 0.1775 0.1775 0.1775 0.178 0.178 0.1705 0.1705 0.176 0.176 0.1825 0.1825 0.1825 0.193 0.193 0.184 0.184 0.188 0.188 0.188 0.1845 0.1845 0.1795 0.1795 0.177 0.177 0.177 0.1625 0.1625 0.1505 0.1505 0.1625 0.1625 0.1625 0.168 0.168 0.1775 0.1775
0.1365 0.1425 0.1425 0.1275 0.1275 0.1275 0.1245 0.1245 0.1475 0.1475 0.125 0.125 0.1725 0.1725 0.1725 0.177 0.177 0.173 0.173 0.176 0.176 0.176 0.182 0.182 0.176 0.176 0.1815 0.1815 0.1815 0.1845 0.1845 0.183 0.183 0.183 0.183 0.183 0.1765 0.1765 0.179 0.179 0.1775 0.1775 0.1775 0.178 0.178 0.1705 0.1705 0.176 0.176 0.1825 0.1825 0.1825 0.193 0.193 0.184 0.184 0.188 0.188 0.188 0.1845 0.1845 0.1795 0.1795 0.177 0.177 0.177 0.1625 0.1625 0.1505 0.1505 0.1625 0.1625 0.1625 0.168 0.168 0.1775 0.1775
0.1365 0.1425 0.1425 0.1275 0.1275 0.1275 0.1245 0.1245 0.1475 0.1475 0.125 0.125 0.1725 0.1725 0.1725 0.177 0.177 0.173 0.173 0.176 0.176 0.176 0.182 0.182 0.176 0.176 0.1815 0.1815 0.1815 0.1845 0.1845 0.183 0.183 0.183 0.183 0.183 0.1765 0.1765 0.179 0.179 0.1775 0.1775 0.1775 0.178 0.178 0.1705 0.1705 0.176 0.176 0.1825 0.1825 0.1825 0.193 0.193 0.184 0.184 0.188 0.188 0.188 0.1845 0.1845 0.1795 0.1795 0.177 0.177 0.177 0.1625 0.1625 0.1505 0.1505 0.1625 0.1625 0.1625 0.168 0.168 0.1775 0.1775
0.1235 0.134 0.134 0.1395 0.1395 0.1395 0.135 0.135 0.1485 0.1485 0.131 0.131 0.168 0.168 0.168 0.172 0.172 0.181 0.181 0.1825 0.1825 0.1825 0.1725 0.1725 0.1825 0.1825 0.184 0.184 0.184 0.1875 0.1875 0.1875 0.1875 0.18 0.18 0.18 0.1895 0.1895 0.1885 0.1885 0.185 0.185 0.185 0.1895 0.1895 0.179 0.179 0.188 0.188 0.196 0.196 0.196 0.203 0.203 0.19 0.19 0.1875 0.1875 0.1875 0.1875 0.1875 0.189 0.189 0.1955 0.1955 0.1955 0.178 0.178 0.1655 0.1655 0.1605 0.1605 0.1605 0.1735 0.1735 0.185 0.185
0.1235 0.134 0.134 0.1395 0.1395 0.1395 0.135 0.135 0.1485 0.1485 0.131 0.131 0.168 0.168 0.168 0.172 0.172 0.181 0.181 0.1825 0.1825 0.1825 0.1725 0.1725 0.1825 0.1825 0.184 0.184 0.184 0.1875 0.1875 0.1875 0.1875 0.18 0.18 0.18 0.1895 0.1895 0.1885 0.1885 0.185 0.185 0.185 0.1895 0.1895 0.179 0.179 0.188 0.188 0.196 0.196 0.196 0.203 0.203 0.19 0.19 0.1875 0.1875 0.1875 0.1875 0.1875 0.189 0.189 0.1955 0.1955 0.1955 0.178 0.178 0.1655 0.1655 0.1605 0.1605 0.1605 0.1735 0.1735 0.185 0.185
0.1225 0.1395 0.1395 0.1365 0.1365 0.1365 0.135 0.135 0.137 0.137 0.143 0.143 0.1615 0.1615 0.1615 0.1815 0.1815 0.1735 0.1735 0.1965 0.1965 0.1965 0.186 0.186 0.1775 0.1775 0.187 0.187 0.187 0.1855 0.1855 0.185 0.185 0.1885 0.1885 0.1885 0.1945 0.1945 0.2 0.2 0.2015 0.2015 0.2015 0.194 0.194 0.1905 0.1905 0.192 0.192 0.1995 0.1995 0.1995 0.203 0.203 0.195 0.195 0.194 0.194 0.194 0.192 0.192 0.187 0.187 0.183 0.183 0.183 0.18 0.18 0.174 0.174 0.171 0.171 0.171 0.1715 0.1715 0.1815 0.1815
0.1225 0.1395 0.1395 0.1365 0.1365 0.1365 0.135 0.135 0.137 0.137 0.143 0.143 0.1615 0.1615 0.1615 0.1815 0.1815 0.1735 0.1735 0.1965 0.1965 0.1965 0.186 0.186 0.1775 0.1775 0.187 0.187 0.187 0.1855 0.1855 0.185 0.185 0.1885 0.1885 0.1885 0.1945 0.1945 0.2 0.2 0.2015 0.2015 0.2015 0.194 0.194 0.1905 0.1905 0.192 0.192 0.1995 0.1995 0.1995 0.203 0.203 0.195 0.195 0.194 0.194 0.194 0.192 0.192 0.187 0.187 0.183 0.183 0.183 0.18 0.18 0.174 0.174 0.171 0.171 0.171 0.1715 0.1715 0.1815 0.1815
0.1035 0.1105 0.1105 0.118 0.118 0.118 0.121 0.121 0.13 0.13 0.1275 0.1275 0.168 0.168 0.168 0.17 0.17 0.166 0.166 0.165 0.165 0.165 0.1815 0.1815 0.1855 0.1855 0.184 0.184 0.184 0.1835 0.1835 0.1805 0.1805 0.186 0.186 0.186 0.194 0.194 0.2 0.2 0.2015 0.2015 0.2015 0.1995 0.1995 0.2045 0.2045 0.1825 0.1825 0.1945 0.1945 0.1945 0.195 0.195 0.183 0.183 0.198 0.198 0.198 0.197 0.197 0.193 0.193 0.1945 0.1945 0.1945 0.1975 0.1975 0.188 0.188 0.183 0.183 0.183 0.176 0.176 0.171 0.171
0.1035 0.1105 0.1105 0.118 0.118 0.118 0.121 0.121 0.13 0.13 0.1275 0.1275 0.168 0.168 0.168 0.17 0.17 0.166 0.166 0.165 0.165 0.165 0.1815 0.1815 0.1855 0.1855 0.184 0.184 0.184 0.1835 0.1835 0.1805 0.1805 0.186 0.186 0.186 0.194 0.194 0.2 0.2 0.2015 0.2015 0.2015 0.1995 0.1995 0.2045 0.2045 0.1825 0.1825 0.1945 0.1945 0.1945 0.195 0.195 0.183 0.183 0.198 0.198 0.198 0.197 0.197 0.193 0.193 0.1945 0.1945 0.1945 0.1975 0.1975 0.188 0.188 0.183 0.183 0.183 0.176 0.176 0.171 0.171
0.121 0.112 0.112 0.116 0.116 0.116 0.1195 0.1195 0.113 0.113 0.1235 0.1235 0.1635 0.1635 0.1635 0.184 0.184 0.1945 0.1945 0.1735 0.1735 0.1735 0.1795 0.1795 0.1825 0.1825 0.191 0.191 0.191 0.1895 0.1895 0.186 0.186 0.184 0.184 0.184 0.1905 0.1905 0.191 0.191 0.1945 0.1945 0.1945 0.1865 0.1865 0.1745 0.1745 0.1805 0.1805 0.1775 0.1775 0.1775 0.2025 0.2025 0.21 0.21 0.2085 0.2085 0.2085 0.207 0.207 0.198 0.198 0.194 0.194 0.194 0.203 0.203 0.186 0.186 0.19 0.19 0.19 0.185 0.185 0.1895 0.1895
0.121 0.112 0.112 0.116 0.116 0.116 0.1195 0.1195 0.113 0.113 0.1235 0.1235 0.1635 0.1635 0.1635 0.184 0.184 0.1945 0.1945 0.1735 0.1735 0.1735 0.1795 0.1795 0.1825 0.1825 0.191 0.191 0.191 0.1895 0.1895 0.186 0.186 0.184 0.184 0.184 0.1905 0.1905 0.191 0.191 0.1945 0.1945 0.1945 0.1865 0.1865 0.1745 0.1745 0.1805 0.1805 0.1775 0.1775 0.1775 0.2025 0.2025 0.21 0.21 0.2085 0.2085 0.2085 0.207 0.207 0.198 0.198 0.194 0.194 0.194 0.203 0.203 0.186 0.186 0.19 0.19 0.19 0.185 0.185 0.1895 0.1895
0.121 0.112 0.112 0.116 0.116 0.116 0.1195 0.1195 0.113 0.113 0.1235 0.1235 0.1635 0.1635 0.1635 0.184 0.184 0.1945 0.1945 0.1735 0.1735 0.1735 0.1795 0.1795 0.1825 0.1825 0.191 0.191 0.191 0.1895 0.1895 0.186 0.186 0.184 0.184 0.184 0.1905 0.1905 0.191 0.191 0.1945 0.1945 0.1945 0.1865 0.1865 0.1745 0.1745 0.1805 0.1805 0.1775 0.1775 0.1775 0.2025 0.2025 0.21 0.21 0.2085 0.2085 0.2085 0.207 0.207 0.198 0.198 0.194 0.194 0.194 0.203 0.203 0.186 0.186 0.19 0.19 0.19 0.185 0.185 0.1895 0.1895
0.1105 0.129 0.129 0.1205 0.1205 0.1205 0.114 0.114 0.1115 0.1115 0.167 0.167 0.1645 0.1645 0.1645 0.1765 0.1765 0.211 0.211 0.2245 0.2245 0.2245 0.212 0.212 0.1865 0.1865 0.1865 0.1865 0.1865 0.182 0.182 0.179 0.179 0.1845 0.1845 0.1845 0.178 0.178 0.179 0.179 0.1745 0.1745 0.1745 0.1845 0.1845 0.1785 0.1785 0.19 0.19 0.215 0.215 0.215 0.232 0.232 0.216 0.216 0.222 0.222 0.222 0.222 0.222 0.2015 0.2015 0.2015 0.2015 0.2015 0.2005 0.2005 0.1855 0.1855 0.1925 0.1925 0.1925 0.1925 0.1925 0.2025 0.2025
0.1105 0.129 0.129 0.1205 0.1205 0.1205 0.114 0.114 0.1115 0.1115 0.167 0.167 0.1645 0.1645 0.1645 0.1765 0.1765 0.211 0.211 0.2245 0.2245 0.2245 0.212 0.212 0.1865 0.1865 0.1865 0.1865 0.1865 0.182 0.182 0.179 0.179 0.1845 0.1845 0.1845 0.178 0.178 0.179 0.179 0.1745 0.1745 0.1745 0.1845 0.1845 0.1785 0.1785 0.19 0.19 0.215 0.215 0.215 0.232 0.232 0.216 0.216 0.222 0.222 0.222 0.222 0.222 0.2015 0.2015 0.2015 0.2015 0.2015 0.2005 0.2005 0.1855 0.1855 0.1925 0.1925 0.1925 0.1925 0.1925 0.2025 0.2025
0.1235 0.123 0.123 0.1235 0.1235 0.1235 0.124 0.124 0.1385 0.1385 0.1665 0.1665 0.1985 0.1985 0.1985 0.1875 0.1875 0.218 0.218 0.205 0.205 0.205 0.2015 0.2015 0.1835 0.1835 0.186 0.186 0.186 0.1835 0.1835 0.185 0.185 0.181 0.181 0.181 0.1815 0.1815 0.187 0.187 0.19 0.19 0.19 0.2145 0.2145 0.1995 0.1995 0.205 0.205 0.2265 0.2265 0.2265 0.2355 0.2355 0.2275 0.2275 0.2285 0.2285 0.2285 0.232 0.232 0.2015 0.2015 0.1995 0.1995 0.1995 0.2045 0.2045 0.202 0.202 0.2015 0.2015 0.2015 0.203 0.203 0.196 0.196
0.1235 0.123 0.123 0.1235 0.1235 0.1235 0.124 0.124 0.1385 0.1385 0.1665 0.1665 0.1985 0.1985 0.1985 0.1875 0.1875 0.218 0.218 0.205 0.205 0.205 0.2015 0.2015 0.1835 0.1835 0.186 0.186 0.186 0.1835 0.1835 0.185 0.185 0.181 0.181 0.181 0.1815 0.1815 0.187 0.187 0.19 0.19 0.19 0.2145 0.2145 0.1995 0.1995 0.205 0.205 0.2265 0.2265 0.2265 0.2355 0.2355 0.2275 0.2275 0.2285 0.2285 0.2285 0.232 0.232 0.2015 0.2015 0.1995 0.1995 0.1995 0.2045 0.2045 0.202 0.202 0.2015 0.2015 0.2015 0.203 0.203 0.196 0.196
0.138 0.1535 0.1535 0.147 0.147 0.147 0.127 0.127 0.148 0.148 0.171 0.171 0.1915 0.1915 0.1915 0.196 0.196 0.215 0.215 0.2085 0.2085 0.2085 0.21 0.21 0.2 0.2 0.182 0.182 0.182 0.169 0.169 0.177 0.177 0.1695 0.1695 0.1695 0.182 0.182 0.1825 0.1825 0.2005 0.2005 0.2005 0.209 0.209 0.208 0.208 0.203 0.203 0.2275 0.2275 0.2275 0.2245 0.2245 0.2185 0.2185 0.205 0.205 0.205 0.2085 0.2085 0.1985 0.1985 0.212 0.212 0.212 0.202 0.202 0.206 0.206 0.199 0.199 0.199 0.1975 0.1975 0.191 0.191
0.138 0.1535 0.1535 0.147 0.147 0.147 0.127 0.127 0.148 0.148 0.171 0.171 0.1915 0.1915 0.1915 0.196 0.196 0.215 0.215 0.2085 0.2085 0.2085 0.21 0.21 0.2 0.2 0.182 0.182 0.182 0.169 0.169 0.177 0.177 0.1695 0.1695 0.1695 0.182 0.182 0.1825 0.1825 0.2005 0.2005 0.2005 0.209 0.209 0.208 0.208 0.203 0.203 0.2275 0.2275 0.2275 0.2245 0.2245 0.2185 0.2185 0.205 0.205 0.205 0.2085 0.2085 0.1985 0.1985 0.212 0.212 0.212 0.202 0.202 0.206 0.206 0.199 0.199 0.199 0.1975 0.1975 0.191 0.191
0.138 0.1535 0.1535 0.147 0.147 0.147 0.127 0.127 0.148 0.148 0.171 0.171 0.1915 0.1915 0.1915 0.196 0.196 0.215 0.215 0.2085 0.2085 0.2085 0.21 0.21 0.2 0.2 0.182 0.182 0.182 0.169 0.169 0.177 0.177 0.1695 0.1695 0.1695 0.182 0.182 0.1825 0.1825 0.2005 0.2005 0.2005 0.209 0.209 0.208 0.208 0.203 0.203 0.2275 0.2275 0.2275 0.2245 0.2245 0.2185 0.2185 0.205 0.205 0.205 0.2085 0.2085 0.1985 0.1985 0.212 0.212 0.212 0.202 0.202 0.206 0.206 0.199 0.199 0.199 0.1975 0.1975 0.191 0.191
0.1295 0.142 0.142 0.1445 0.1445 0.1445 0.1555 0.1555 0.1495 0.1495 0.183 0.183 0.181 0.181 0.181 0.188 0.188 0.2125 0.2125 0.201 0.201 0.201 0.193 0.193 0.177 0.177 0.1795 0.1795 0.1795 0.179 0.179 0.18 0.18 0.173 0.173 0.173 0.2025 0.2025 0.206 0.206 0.2075 0.2075 0.2075 0.2 0.2 0.2075 0.2075 0.2085 0.2085 0.2015 0.2015 0.2015 0.205 0.205 0.2095 0.2095 0.2165 0.2165 0.2165 0.1995 0.1995 0.196 0.196 0.195 0.195 0.195 0.201 0.201 0.1975 0.1975 0.2 0.2 0.2 0.2065 0.2065 0.195 0.195
0.1295 0.142 0.142 0.1445 0.1445 0.1445 0.1555 0.1555 0.1495 0.1495 0.183 0.183 0.181 0.181 0.181 0.188 0.188 0.2125 0.2125 0.201 0.201 0.201 0.193 0.193 0.177 0.177 0.1795 0.1795 0.1795 0.179 0.179 0.18 0.18 0.173 0.173 0.173 0.2025 0.2025 0.206 0.206 0.2075 0.2075 0.2075 0.2 0.2 0.2075 0.2075 0.2085 0.2085 0.2015 0.2015 0.2015 0.205 0.205 0.2095 0.2095 0.2165 0.2165 0.2165 0.1995 0.1995 0.196 0.196 0.195 0.195 0.195 0.201 0.201 0.1975 0.1975 0.2 0.2 0.2 0.2065 0.2065 0.195 0.195
0.163 0.15 0.15 0.148 0.148 0.148 0.148 0.148 0.1635 0.1635 0.1805 0.1805 0.192 0.192 0.192 0.206 0.206 0.2295 0.2295 0.215 0.215 0.215 0.199 0.199 0.18 0.18 0.1635 0.1635 0.1635 0.17 0.17 0.17 0.17 0.1805 0.1805 0.1805 0.2085 0.2085 0.2225 0.2225 0.201 0.201 0.201 0.21 0.21 0.2015 0.2015 0.2005 0.2005 0.2095 0.2095 0.2095 0.2015 0.2015 0.21 0.21 0.207 0.207 0.207 0.203 0.203 0.196 0.196 0.198 0.198 0.198 0.192 0.192 0.195 0.195 0.1985 0.1985 0.1985 0.2065 0.2065 0.209 0.209
0.163 0.15 0.15 0.148 0.148 0.148 0.148 0.148 0.1635 0.1635 0.1805 0.1805 0.192 0.192 0.192 0.206 0.206 0.2295 0.2295 0.215 0.215 0.215 0.199 0.199 0.18 0.18 0.1635 0.1635 0.1635 0.17 0.17 0.17 0.17 0.1805 0.1805 0.1805 0.2085 0.2085 0.2225 0.2225 0.201 0.201 0.201 0.21 0.21 0.2015 0.2015 0.2005 0.2005 0.2095 0.2095 0.2095 0.2015 0.2015 0.21 0.21 0.207 0.207 0.207 0.203 0.203 0.196 0.196 0.198 0.198 0.198 0.192 0.192 0.195 0.195 0.1985 0.1985 0.1985 0.2065 0.2065 0.209 0.209
0.1645 0.1585 0.1585 0.163 0.163 0.163 0.165 0.165 0.1675 0.1675 0.1795 0.1795 0.2085 0.2085 0.2085 0.2015 0.2015 0.2015 0.2015 0.199 0.199 0.199 0.185 0.185 0.1855 0.1855 0.1685 0.1685 0.1685 0.1705 0.1705 0.183 0.183 0.1895 0.1895 0.1895 0.196 0.196 0.22 0.22 0.2355 0.2355 0.2355 0.223 0.223 0.2255 0.2255 0.23 0.23 0.204 0.204 0.204 0.2155 0.2155 0.204 0.204 0.2025 0.2025 0.2025 0.196 0.196 0.188 0.188 0.2 0.2 0.2 0.194 0.194 0.19 0.19 0.196 0.196 0.196 0.186 0.186 0.2105 0.2105
0.1645 0.1585 0.1585 0.163 0.163 0.163 0.165 0.165 0.1675 0.1675 0.1795 0.1795 0.2085 0.2085 0.2085 0.2015 0.2015 0.2015 0.2015 0.199 0.199 0.199 0.185 0.185 0.1855 0.1855 0.1685 0.1685 0.1685 0.1705 0.1705 0.183 0.183 0.1895 0.1895 0.1895 0.196 0.196 0.22 0.22 0.2355 0.2355 0.2355 0.223 0.223 0.2255 0.2255 0.23 0.23 0.204 0.204 0.204 0.2155 0.2155 0.204 0.204 0.2025 0.2025 0.2025 0.196 0.196 0.188 0.188 0.2 0.2 0.2 0.194 0.194 0.19 0.19 0.196 0.196 0.196 0.186 0.186 0.2105 0.2105
0.1645 0.1585 0.1585 0.163 0.163 0.163 0.165 0.165 0.1675 0.1675 0.1795 0.1795 0.2085 0.2085 0.2085 0.2015 0.2015 0.2015 0.2015 0.199 0.199 0.199 0.185 0.185 0.1855 0.1855 0.1685 0.1685 0.1685 0.1705 0.1705 0.183 0.183 0.1895 0.1895 0.1895 0.196 0.196 0.22 0.22 0.2355 0.2355 0.2355 0.223 0.223 0.2255 0.2255 0.23 0.23 0.204 0.204 0.204 0.2155 0.2155 0.204 0.204 0.2025 0.2025 0.2025 0.196 0.196 0.188 0.188 0.2 0.2 0.2 0.194 0.194 0.19 0.19 0.196 0.196 0.196 0.186 0.186 0.2105 0.2105
0.1635 0.1625 0.1625 0.1665 0.1665 0.1665 0.1805 0.1805 0.1795 0.1795 0.1845 0.1845 0.171 0.171 0.171 0.1755 0.1755 0.167 0.167 0.1815 0.1815 0.1815 0.1835 0.1835 0.1745 0.1745 0.181 0.181 0.181 0.187 0.187 0.191 0.191 0.1895 0.1895 0.1895 0.199 0.199 0.2135 0.2135 0.2265 0.2265 0.2265 0.2275 0.2275 0.2265 0.2265 0.2115 0.2115 0.197 0.197 0.197 0.207 0.207 0.187 0.187 0.185 0.185 0.185 0.1905 0.1905 0.1905 0.1905 0.1835 0.1835 0.1835 0.1855 0.1855 0.1885 0.1885 0.1935 0.1935 0.1935 0.1895 0.1895 0.18 0.18
0.1635 0.1625 0.1625 0.1665 0.1665 0.1665 0.1805 0.1805 0.1795 0.1795 0.1845 0.1845 0.171 0.171 0.171 0.1755 0.1755 0.167 0.167 0.1815 0.1815 0.1815 0.1835 0.1835 0.1745 0.1745 0.181 0.181 0.181 0.187 0.187 0.191 0.191 0.1895 0.1895 0.1895 0.199 0.199 0.2135 0.2135 0.2265 0.2265 0.2265 0.2275 0.2275 0.2265 0.2265 0.2115 0.2115 0.197 0.197 0.197 0.207 0.207 0.187 0.187 0.185 0.185 0.185 0.1905 0.1905 0.1905 0.1905 0.1835 0.1835 0.1835 0.1855 0.1855 0.1885 0.1885 0.1935 0.1935 0.1935 0.1895 0.1895 0.18 0.18
0.1945 0.1855 0.1855 0.185 0.185 0.185 0.168 0.168 0.164 0.164 0.1665 0.1665 0.172 0.172 0.172 0.1795 0.1795 0.1945 0.1945 0.2 0.2 0.2 0.19 0.19 0.181 0.181 0.186 0.186 0.186 0.1905 0.1905 0.197 0.197 0.194 0.194 0.194 0.1965 0.1965 0.2 0.2 0.221 0.221 0.221 0.2125 0.2125 0.2175 0.2175 0.204 0.204 0.197 0.197 0.197 0.184 0.184 0.183 0.183 0.1695 0.1695 0.1695 0.1735 0.1735 0.177 0.177 0.175 0.175 0.175 0.1685 0.1685 0.17 0.17 0.1895 0.1895 0.1895 0.199 0.199 0.1995 0.1995
0.1945 0.1855 0.1855 0.185 0.185 0.185 0.168 0.168 0.164 0.164 0.1665 0.1665 0.172 0.172 0.172 0.1795 0.1795 0.1945 0.1945 0.2 0.2 0.2 0.19 0.19 0.181 0.181 0.186 0.186 0.186 0.1905 0.1905 0.197 0.197 0.194 0.194 0.194 0.1965 0.1965 0.2 0.2 0.221 0.221 0.221 0.2125 0.2125 0.2175 0.2175 0.204 0.204 0.197 0.197 0.197 0.184 0.184 0.183 0.183 0.1695 0.1695 0.1695 0.1735 0.1735 0.177 0.177 0.175 0.175 0.175 0.1685 0.1685 0.17 0.17 0.1895 0.1895 0.1895 0.199 0.199 0.1995 0.1995
0.1895 0.1755 0.1755 0.1615 0.1615 0.1615 0.178 0.178 0.181 0.181 0.1795 0.1795 0.1885 0.1885 0.1885 0.214 0.214 0.2015 0.2015 0.2055 0.2055 0.2055 0.1925 0.1925 0.1905 0.1905 0.194 0.194 0.194 0.189 0.189 0.1935 0.1935 0.1875 0.1875 0.1875 0.1965 0.1965 0.1955 0.1955 0.2055 0.2055 0.2055 0.203 0.203 0.1995 0.1995 0.2015 0.2015 0.187 0.187 0.187 0.1735 0.1735 0.1725 0.1725 0.1635 0.1635 0.1635 0.157 0.157 0.169 0.169 0.1705 0.1705 0.1705 0.1745 0.1745 0.1785 0.1785 0.1685 0.1685 0.1685 0.1835 0.1835 0.19 0.19
