ndvi/NOAA-329.asc
ncols         252
nrows         154
xllcorner     -18.017974
yllcorner     13.481982
cellsize      0.035948
NODATA_value  -9999
[rows 68 to 101 of 154, columns 77 to 153 of 252]
0.219 0.219 0.238 0.238 0.228 0.228 0.2555 0.2555 0.2555 0.2685 0.2685 0.2655 0.2655 0.2575 0.2575 0.2635 0.2635 0.2635 0.2645 0.2645 0.2555 0.2555 0.223 0.223 0.223 0.2065 0.2065 0.1855 0.1855 0.192 0.192 0.192 0.212 0.212 0.216 0.216 0.2185 0.2185 0.2185 0.207 0.207 0.2465 0.2465 0.124 0.124 0.124 0.1285 0.1285 0.1455 0.1455 0.165 0.165 0.198 0.198 0.198 0.191 0.191 0.2105 0.2105 0.2075 0.2075 0.2075 0.227 0.227 0.2335 0.2335 0.215 0.215 0.215 0.224 0.224 0.1935 0.1935 0.1785 0.1785 0.1785 0.1325
0.194 0.194 0.208 0.208 0.2165 0.2165 0.233 0.233 0.233 0.2415 0.2415 0.2425 0.2425 0.241 0.241 0.2355 0.2355 0.2355 0.2225 0.2225 0.299 0.299 0.299 0.299 0.299 0.2455 0.2455 0.2075 0.2075 0.186 0.186 0.186 0.1915 0.1915 0.218 0.218 0.2135 0.2135 0.2135 0.218 0.218 0.197 0.197 0.1845 0.1845 0.1845 0.1565 0.1565 0.178 0.178 0.176 0.176 0.1715 0.1715 0.1715 0.221 0.221 0.2015 0.2015 0.222 0.222 0.222 0.241 0.241 0.244 0.244 0.22 0.22 0.22 0.2255 0.2255 0.2015 0.2015 0.21 0.21 0.21 0.16
0.194 0.194 0.208 0.208 0.2165 0.2165 0.233 0.233 0.233 0.2415 0.2415 0.2425 0.2425 0.241 0.241 0.2355 0.2355 0.2355 0.2225 0.2225 0.299 0.299 0.299 0.299 0.299 0.2455 0.2455 0.2075 0.2075 0.186 0.186 0.186 0.1915 0.1915 0.218 0.218 0.2135 0.2135 0.2135 0.218 0.218 0.197 0.197 0.1845 0.1845 0.1845 0.1565 0.1565 0.178 0.178 0.176 0.176 0.1715 0.1715 0.1715 0.221 0.221 0.2015 0.2015 0.222 0.222 0.222 0.241 0.241 0.244 0.244 0.22 0.22 0.22 0.2255 0.2255 0.2015 0.2015 0.21 0.21 0.21 0.16
0.215 0.215 0.2175 0.2175 0.2285 0.2285 0.2265 0.2265 0.2265 0.2295 0.2295 0.2375 0.2375 0.2345 0.2345 0.235 0.235 0.235 0.2175 0.2175 0.2295 0.2295 0.259 0.259 0.259 0.272 0.272 0.278 0.278 0.212 0.212 0.212 0.193 0.193 0.186 0.186 0.221 0.221 0.221 0.2405 0.2405 0.2395 0.2395 0.2365 0.2365 0.2365 0.165 0.165 0.09 0.09 0.1685 0.1685 0.204 0.204 0.204 0.2325 0.2325 0.2385 0.2385 0.227 0.227 0.227 0.2505 0.2505 0.2425 0.2425 0.2265 0.2265 0.2265 0.198 0.198 0.21 0.21 0.2195 0.2195 0.2195 0.165
0.215 0.215 0.2175 0.2175 0.2285 0.2285 0.2265 0.2265 0.2265 0.2295 0.2295 0.2375 0.2375 0.2345 0.2345 0.235 0.235 0.235 0.2175 0.2175 0.2295 0.2295 0.259 0.259 0.259 0.272 0.272 0.278 0.278 0.212 0.212 0.212 0.193 0.193 0.186 0.186 0.221 0.221 0.221 0.2405 0.2405 0.2395 0.2395 0.2365 0.2365 0.2365 0.165 0.165 0.09 0.09 0.1685 0.1685 0.204 0.204 0.204 0.2325 0.2325 0.2385 0.2385 0.227 0.227 0.227 0.2505 0.2505 0.2425 0.2425 0.2265 0.2265 0.2265 0.198 0.198 0.21 0.21 0.2195 0.2195 0.2195 0.165
0.215 0.215 0.2175 0.2175 0.2285 0.2285 0.2265 0.2265 0.2265 0.2295 0.2295 0.2375 0.2375 0.2345 0.2345 0.235 0.235 0.235 0.2175 0.2175 0.2295 0.2295 0.259 0.259 0.259 0.272 0.272 0.278 0.278 0.212 0.212 0.212 0.193 0.193 0.186 0.186 0.221 0.221 0.221 0.2405 0.2405 0.2395 0.2395 0.2365 0.2365 0.2365 0.165 0.165 0.09 0.09 0.1685 0.1685 0.204 0.204 0.204 0.2325 0.2325 0.2385 0.2385 0.227 0.227 0.227 0.2505 0.2505 0.2425 0.2425 0.2265 0.2265 0.2265 0.198 0.198 0.21 0.21 0.2195 0.2195 0.2195 0.165
0.2385 0.2385 0.2195 0.2195 0.2385 0.2385 0.233 0.233 0.233 0.2445 0.2445 0.238 0.238 0.2265 0.2265 0.2115 0.2115 0.2115 0.218 0.218 0.2365 0.2365 0.241 0.241 0.241 0.265 0.265 0.249 0.249 0.269 0.269 0.269 0.2625 0.2625 0.221 0.221 0.199 0.199 0.199 0.1965 0.1965 0.1845 0.1845 0.15 0.15 0.15 0.1355 0.1355 0.219 0.219 0.212 0.212 0.215 0.215 0.215 0.2195 0.2195 0.216 0.216 0.21 0.21 0.21 0.231 0.231 0.226 0.226 0.2275 0.2275 0.2275 0.212 0.212 0.2035 0.2035 0.2935 0.2935 0.2935 0.1495
0.2385 0.2385 0.2195 0.2195 0.2385 0.2385 0.233 0.233 0.233 0.2445 0.2445 0.238 0.238 0.2265 0.2265 0.2115 0.2115 0.2115 0.218 0.218 0.2365 0.2365 0.241 0.241 0.241 0.265 0.265 0.249 0.249 0.269 0.269 0.269 0.2625 0.2625 0.221 0.221 0.199 0.199 0.199 0.1965 0.1965 0.1845 0.1845 0.15 0.15 0.15 0.1355 0.1355 0.219 0.219 0.212 0.212 0.215 0.215 0.215 0.2195 0.2195 0.216 0.216 0.21 0.21 0.21 0.231 0.231 0.226 0.226 0.2275 0.2275 0.2275 0.212 0.212 0.2035 0.2035 0.2935 0.2935 0.2935 0.1495
0.2465 0.2465 0.2575 0.2575 0.2615 0.2615 0.256 0.256 0.256 0.2425 0.2425 0.2305 0.2305 0.2195 0.2195 0.2115 0.2115 0.2115 0.203 0.203 0.222 0.222 0.2335 0.2335 0.2335 0.2385 0.2385 0.2315 0.2315 0.247 0.247 0.247 0.2665 0.2665 0.3265 0.3265 0.2295 0.2295 0.2295 0.223 0.223 0.1895 0.1895 0.161 0.161 0.161 0.159 0.159 0.217 0.217 0.214 0.214 0.1845 0.1845 0.1845 0.1955 0.1955 0.201 0.201 0.1995 0.1995 0.1995 0.211 0.211 0.2285 0.2285 0.203 0.203 0.203 0.1965 0.1965 0.336 0.336 0.1335 0.1335 0.1335 0.1055
0.2465 0.2465 0.2575 0.2575 0.2615 0.2615 0.256 0.256 0.256 0.2425 0.2425 0.2305 0.2305 0.2195 0.2195 0.2115 0.2115 0.2115 0.203 0.203 0.222 0.222 0.2335 0.2335 0.2335 0.2385 0.2385 0.2315 0.2315 0.247 0.247 0.247 0.2665 0.2665 0.3265 0.3265 0.2295 0.2295 0.2295 0.223 0.223 0.1895 0.1895 0.161 0.161 0.161 0.159 0.159 0.217 0.217 0.214 0.214 0.1845 0.1845 0.1845 0.1955 0.1955 0.201 0.201 0.1995 0.1995 0.1995 0.211 0.211 0.2285 0.2285 0.203 0.203 0.203 0.1965 0.1965 0.336 0.336 0.1335 0.1335 0.1335 0.1055
0.241 0.241 0.2395 0.2395 0.234 0.234 0.227 0.227 0.227 0.2265 0.2265 0.209 0.209 0.209 0.209 0.2005 0.2005 0.2005 0.216 0.216 0.2155 0.2155 0.214 0.214 0.214 0.2355 0.2355 0.2375 0.2375 0.2345 0.2345 0.2345 0.2445 0.2445 0.265 0.265 0.263 0.263 0.263 0.2445 0.2445 0.216 0.216 0.1865 0.1865 0.1865 0.1825 0.1825 0.188 0.188 0.209 0.209 0.2015 0.2015 0.2015 0.1955 0.1955 0.193 0.193 0.219 0.219 0.219 0.2095 0.2095 0.2005 0.2005 0.26 0.26 0.26 0.1805 0.1805 0.2015 0.2015 0.2025 0.2025 0.2025 0.1145
0.241 0.241 0.2395 0.2395 0.234 0.234 0.227 0.227 0.227 0.2265 0.2265 0.209 0.209 0.209 0.209 0.2005 0.2005 0.2005 0.216 0.216 0.2155 0.2155 0.214 0.214 0.214 0.2355 0.2355 0.2375 0.2375 0.2345 0.2345 0.2345 0.2445 0.2445 0.265 0.265 0.263 0.263 0.263 0.2445 0.2445 0.216 0.216 0.1865 0.1865 0.1865 0.1825 0.1825 0.188 0.188 0.209 0.209 0.2015 0.2015 0.2015 0.1955 0.1955 0.193 0.193 0.219 0.219 0.219 0.2095 0.2095 0.2005 0.2005 0.26 0.26 0.26 0.1805 0.1805 0.2015 0.2015 0.2025 0.2025 0.2025 0.1145
0.2345 0.2345 0.213 0.213 0.2205 0.2205 0.2195 0.2195 0.2195 0.1975 0.1975 0.1905 0.1905 0.1905 0.1905 0.1695 0.1695 0.1695 0.196 0.196 0.1985 0.1985 0.217 0.217 0.217 0.209 0.209 0.2005 0.2005 0.2125 0.2125 0.2125 0.2335 0.2335 0.2645 0.2645 0.2345 0.2345 0.2345 0.2195 0.2195 0.2145 0.2145 0.2085 0.2085 0.2085 0.224 0.224 0.2065 0.2065 0.1895 0.1895 0.2115 0.2115 0.2115 0.192 0.192 0.1955 0.1955 0.195 0.195 0.195 0.2105 0.2105 0.1865 0.1865 0.1765 0.1765 0.1765 0.171 0.171 0.147 0.147 0.1955 0.1955 0.1955 0.1085
0.2345 0.2345 0.213 0.213 0.2205 0.2205 0.2195 0.2195 0.2195 0.1975 0.1975 0.1905 0.1905 0.1905 0.1905 0.1695 0.1695 0.1695 0.196 0.196 0.1985 0.1985 0.217 0.217 0.217 0.209 0.209 0.2005 0.2005 0.2125 0.2125 0.2125 0.2335 0.2335 0.2645 0.2645 0.2345 0.2345 0.2345 0.2195 0.2195 0.2145 0.2145 0.2085 0.2085 0.2085 0.224 0.224 0.2065 0.2065 0.1895 0.1895 0.2115 0.2115 0.2115 0.192 0.192 0.1955 0.1955 0.195 0.195 0.195 0.2105 0.2105 0.1865 0.1865 0.1765 0.1765 0.1765 0.171 0.171 0.147 0.147 0.1955 0.1955 0.1955 0.1085
0.2345 0.2345 0.213 0.213 0.2205 0.2205 0.2195 0.2195 0.2195 0.1975 0.1975 0.1905 0.1905 0.1905 0.1905 0.1695 0.1695 0.1695 0.196 0.196 0.1985 0.1985 0.217 0.217 0.217 0.209 0.209 0.2005 0.2005 0.2125 0.2125 0.2125 0.2335 0.2335 0.2645 0.2645 0.2345 0.2345 0.2345 0.2195 0.2195 0.2145 0.2145 0.2085 0.2085 0.2085 0.224 0.224 0.2065 0.2065 0.1895 0.1895 0.2115 0.2115 0.2115 0.192 0.192 0.1955 0.1955 0.195 0.195 0.195 0.2105 0.2105 0.1865 0.1865 0.1765 0.1765 0.1765 0.171 0.171 0.147 0.147 0.1955 0.1955 0.1955 0.1085
0.217 0.217 0.198 0.198 0.206 0.206 0.1925 0.1925 0.1925 0.198 0.198 0.19 0.19 0.2045 0.2045 0.195 0.195 0.195 0.1995 0.1995 0.182 0.182 0.2155 0.2155 0.2155 0.209 0.209 0.21 0.21 0.2135 0.2135 0.2135 0.224 0.224 0.2185 0.2185 0.219 0.219 0.219 0.206 0.206 0.216 0.216 0.213 0.213 0.213 0.245 0.245 0.245 0.245 0.18 0.18 0.209 0.209 0.209 0.204 0.204 0.196 0.196 0.1875 0.1875 0.1875 0.212 0.212 0.1935 0.1935 0.1885 0.1885 0.1885 0.1775 0.1775 0.187 0.187 0.1825 0.1825 0.1825 0.138
0.217 0.217 0.198 0.198 0.206 0.206 0.1925 0.1925 0.1925 0.198 0.198 0.19 0.19 0.2045 0.2045 0.195 0.195 0.195 0.1995 0.1995 0.182 0.182 0.2155 0.2155 0.2155 0.209 0.209 0.21 0.21 0.2135 0.2135 0.2135 0.224 0.224 0.2185 0.2185 0.219 0.219 0.219 0.206 0.206 0.216 0.216 0.213 0.213 0.213 0.245 0.245 0.245 0.245 0.18 0.18 0.209 0.209 0.209 0.204 0.204 0.196 0.196 0.1875 0.1875 0.1875 0.212 0.212 0.1935 0.1935 0.1885 0.1885 0.1885 0.1775 0.1775 0.187 0.187 0.1825 0.1825 0.1825 0.138
0.2115 0.2115 0.193 0.193 0.1775 0.1775 0.1915 0.1915 0.1915 0.1955 0.1955 0.2135 0.2135 0.214 0.214 0.219 0.219 0.219 0.203 0.203 0.217 0.217 0.211 0.211 0.211 0.209 0.209 0.2115 0.2115 0.185 0.185 0.185 0.194 0.194 0.205 0.205 0.202 0.202 0.202 0.2125 0.2125 0.2025 0.2025 0.2 0.2 0.2 0.2035 0.2035 0.216 0.216 0.211 0.211 0.182 0.182 0.182 0.2035 0.2035 0.208 0.208 0.212 0.212 0.212 0.2295 0.2295 0.2485 0.2485 0.1955 0.1955 0.1955 0.1615 0.1615 0.1815 0.1815 0.168 0.168 0.168 0.1825
0.2115 0.2115 0.193 0.193 0.1775 0.1775 0.1915 0.1915 0.1915 0.1955 0.1955 0.2135 0.2135 0.214 0.214 0.219 0.219 0.219 0.203 0.203 0.217 0.217 0.211 0.211 0.211 0.209 0.209 0.2115 0.2115 0.185 0.185 0.185 0.194 0.194 0.205 0.205 0.202 0.202 0.202 0.2125 0.2125 0.2025 0.2025 0.2 0.2 0.2 0.2035 0.2035 0.216 0.216 0.211 0.211 0.182 0.182 0.182 0.2035 0.2035 0.208 0.208 0.212 0.212 0.212 0.2295 0.2295 0.2485 0.2485 0.1955 0.1955 0.1955 0.1615 0.1615 0.1815 0.1815 0.168 0.168 0.168 0.1825
0.2275 0.2275 0.2275 0.2275 0.2325 0.2325 0.1925 0.1925 0.1925 0.2035 0.2035 0.2225 0.2225 0.233 0.233 0.236 0.236 0.236 0.2205 0.2205 0.22 0.22 0.2245 0.2245 0.2245 0.2135 0.2135 0.2255 0.2255 0.212 0.212 0.212 0.2065 0.2065 0.215 0.215 0.2235 0.2235 0.2235 0.231 0.231 0.2035 0.2035 0.21 0.21 0.21 0.21 0.21 0.207 0.207 0.2015 0.2015 0.1815 0.1815 0.1815 0.1835 0.1835 0.2105 0.2105 0.216 0.216 0.216 0.22 0.22 0.2305 0.2305 0.199 0.199 0.199 0.1955 0.1955 0.1755 0.1755 0.171 0.171 0.171 0.13
0.2275 0.2275 0.2275 0.2275 0.2325 0.2325 0.1925 0.1925 0.1925 0.2035 0.2035 0.2225 0.2225 0.233 0.233 0.236 0.236 0.236 0.2205 0.2205 0.22 0.22 0.2245 0.2245 0.2245 0.2135 0.2135 0.2255 0.2255 0.212 0.212 0.212 0.2065 0.2065 0.215 0.215 0.2235 0.2235 0.2235 0.231 0.231 0.2035 0.2035 0.21 0.21 0.21 0.21 0.21 0.207 0.207 0.2015 0.2015 0.1815 0.1815 0.1815 0.1835 0.1835 0.2105 0.2105 0.216 0.216 0.216 0.22 0.22 0.2305 0.2305 0.199 0.199 0.199 0.1955 0.1955 0.1755 0.1755 0.171 0.171 0.171 0.13
0.2275 0.2275 0.2275 0.2275 0.2325 0.2325 0.1925 0.1925 0.1925 0.2035 0.2035 0.2225 0.2225 0.233 0.233 0.236 0.236 0.236 0.2205 0.2205 0.22 0.22 0.2245 0.2245 0.2245 0.2135 0.2135 0.2255 0.2255 0.212 0.212 0.212 0.2065 0.2065 0.215 0.215 0.2235 0.2235 0.2235 0.231 0.231 0.2035 0.2035 0.21 0.21 0.21 0.21 0.21 0.207 0.207 0.2015 0.2015 0.1815 0.1815 0.1815 0.1835 0.1835 0.2105 0.2105 0.216 0.216 0.216 0.22 0.22 0.2305 0.2305 0.199 0.199 0.199 0.1955 0.1955 0.1755 0.1755 0.171 0.171 0.171 0.13
0.2295 0.2295 0.2345 0.2345 0.2335 0.2335 0.188 0.188 0.188 0.221 0.221 0.215 0.215 0.2105 0.2105 0.2165 0.2165 0.2165 0.2295 0.2295 0.2315 0.2315 0.2045 0.2045 0.2045 0.22 0.22 0.219 0.219 0.2185 0.2185 0.2185 0.2005 0.2005 0.2225 0.2225 0.2255 0.2255 0.2255 0.2165 0.2165 0.2245 0.2245 0.2285 0.2285 0.2285 0.2205 0.2205 0.209 0.209 0.22 0.22 0.1965 0.1965 0.1965 0.2095 0.2095 0.23 0.23 0.2295 0.2295 0.2295 0.207 0.207 0.2245 0.2245 0.2175 0.2175 0.2175 0.165 0.165 0.2265 0.2265 0.1335 0.1335 0.1335 0.1655
0.2295 0.2295 0.2345 0.2345 0.2335 0.2335 0.188 0.188 0.188 0.221 0.221 0.215 0.215 0.2105 0.2105 0.2165 0.2165 0.2165 0.2295 0.2295 0.2315 0.2315 0.2045 0.2045 0.2045 0.22 0.22 0.219 0.219 0.2185 0.2185 0.2185 0.2005 0.2005 0.2225 0.2225 0.2255 0.2255 0.2255 0.2165 0.2165 0.2245 0.2245 0.2285 0.2285 0.2285 0.2205 0.2205 0.209 0.209 0.22 0.22 0.1965 0.1965 0.1965 0.2095 0.2095 0.23 0.23 0.2295 0.2295 0.2295 0.207 0.207 0.2245 0.2245 0.2175 0.2175 0.2175 0.165 0.165 0.2265 0.2265 0.1335 0.1335 0.1335 0.1655
0.237 0.237 0.2435 0.2435 0.223 0.223 0.225 0.225 0.225 0.224 0.224 0.2105 0.2105 0.231 0.231 0.222 0.222 0.222 0.2015 0.2015 0.229 0.229 0.2275 0.2275 0.2275 0.226 0.226 0.23 0.23 0.2195 0.2195 0.2195 0.2205 0.2205 0.2255 0.2255 0.2225 0.2225 0.2225 0.214 0.214 0.2335 0.2335 0.228 0.228 0.228 0.24 0.24 0.2405 0.2405 0.242 0.242 0.236 0.236 0.236 0.2025 0.2025 0.1965 0.1965 0.2075 0.2075 0.2075 0.204 0.204 0.212 0.212 0.2075 0.2075 0.2075 0.1985 0.1985 0.2055 0.2055 0.1715 0.1715 0.1715 0.144
0.237 0.237 0.2435 0.2435 0.223 0.223 0.225 0.225 0.225 0.224 0.224 0.2105 0.2105 0.231 0.231 0.222 0.222 0.222 0.2015 0.2015 0.229 0.229 0.2275 0.2275 0.2275 0.226 0.226 0.23 0.23 0.2195 0.2195 0.2195 0.2205 0.2205 0.2255 0.2255 0.2225 0.2225 0.2225 0.214 0.214 0.2335 0.2335 0.228 0.228 0.228 0.24 0.24 0.2405 0.2405 0.242 0.242 0.236 0.236 0.236 0.2025 0.2025 0.1965 0.1965 0.2075 0.2075 0.2075 0.204 0.204 0.212 0.212 0.2075 0.2075 0.2075 0.1985 0.1985 0.2055 0.2055 0.1715 0.1715 0.1715 0.144
0.225 0.225 0.2435 0.2435 0.223 0.223 0.2225 0.2225 0.2225 0.2515 0.2515 0.2295 0.2295 0.233 0.233 0.231 0.231 0.231 0.2325 0.2325 0.2335 0.2335 0.2415 0.2415 0.2415 0.235 0.235 0.2255 0.2255 0.216 0.216 0.216 0.254 0.254 0.2385 0.2385 0.2135 0.2135 0.2135 0.2025 0.2025 0.212 0.212 0.221 0.221 0.221 0.2435 0.2435 0.243 0.243 0.238 0.238 0.2385 0.2385 0.2385 0.2275 0.2275 0.2115 0.2115 0.2185 0.2185 0.2185 0.178 0.178 0.2225 0.2225 0.1835 0.1835 0.1835 0.2045 0.2045 0.21 0.21 0.206 0.206 0.206 0.1875
0.225 0.225 0.2435 0.2435 0.223 0.223 0.2225 0.2225 0.2225 0.2515 0.2515 0.2295 0.2295 0.233 0.233 0.231 0.231 0.231 0.2325 0.2325 0.2335 0.2335 0.2415 0.2415 0.2415 0.235 0.235 0.2255 0.2255 0.216 0.216 0.216 0.254 0.254 0.2385 0.2385 0.2135 0.2135 0.2135 0.2025 0.2025 0.212 0.212 0.221 0.221 0.221 0.2435 0.2435 0.243 0.243 0.238 0.238 0.2385 0.2385 0.2385 0.2275 0.2275 0.2115 0.2115 0.2185 0.2185 0.2185 0.178 0.178 0.2225 0.2225 0.1835 0.1835 0.1835 0.2045 0.2045 0.21 0.21 0.206 0.206 0.206 0.1875
0.225 0.225 0.2435 0.2435 0.223 0.223 0.2225 0.2225 0.2225 0.2515 0.2515 0.2295 0.2295 0.233 0.233 0.231 0.231 0.231 0.2325 0.2325 0.2335 0.2335 0.2415 0.2415 0.2415 0.235 0.235 0.2255 0.2255 0.216 0.216 0.216 0.254 0.254 0.2385 0.2385 0.2135 0.2135 0.2135 0.2025 0.2025 0.212 0.212 0.221 0.221 0.221 0.2435 0.2435 0.243 0.243 0.238 0.238 0.2385 0.2385 0.2385 0.2275 0.2275 0.2115 0.2115 0.2185 0.2185 0.2185 0.178 0.178 0.2225 0.2225 0.1835 0.1835 0.1835 0.2045 0.2045 0.21 0.21 0.206 0.206 0.206 0.1875
0.235 0.235 0.245 0.245 0.243 0.243 0.2305 0.2305 0.2305 0.2355 0.2355 0.2305 0.2305 0.233 0.233 0.2265 0.2265 0.2265 0.2345 0.2345 0.2385 0.2385 0.235 0.235 0.235 0.2345 0.2345 0.241 0.241 0.2315 0.2315 0.2315 0.241 0.241 0.247 0.247 0.2455 0.2455 0.2455 0.242 0.242 0.239 0.239 0.233 0.233 0.233 0.232 0.232 0.2375 0.2375 0.2555 0.2555 0.252 0.252 0.252 0.233 0.233 0.248 0.248 0.273 0.273 0.273 0.1905 0.1905 0.176 0.176 0.242 0.242 0.242 0.267 0.267 0.212 0.212 0.1825 0.1825 0.1825 0.2105
0.235 0.235 0.245 0.245 0.243 0.243 0.2305 0.2305 0.2305 0.2355 0.2355 0.2305 0.2305 0.233 0.233 0.2265 0.2265 0.2265 0.2345 0.2345 0.2385 0.2385 0.235 0.235 0.235 0.2345 0.2345 0.241 0.241 0.2315 0.2315 0.2315 0.241 0.241 0.247 0.247 0.2455 0.2455 0.2455 0.242 0.242 0.239 0.239 0.233 0.233 0.233 0.232 0.232 0.2375 0.2375 0.2555 0.2555 0.252 0.252 0.252 0.233 0.233 0.248 0.248 0.273 0.273 0.273 0.1905 0.1905 0.176 0.176 0.242 0.242 0.242 0.267 0.267 0.212 0.212 0.1825 0.1825 0.1825 0.2105
0.2335 0.2335 0.2235 0.2235 0.244 0.244 0.2445 0.2445 0.2445 0.2585 0.2585 0.2405 0.2405 0.2525 0.2525 0.2455 0.2455 0.2455 0.254 0.254 0.2675 0.2675 0.2425 0.2425 0.2425 0.2395 0.2395 0.258 0.258 0.2665 0.2665 0.2665 0.252 0.252 0.237 0.237 0.225 0.225 0.225 0.234 0.234 0.2425 0.2425 0.2375 0.2375 0.2375 0.247 0.247 0.244 0.244 0.252 0.252 0.255 0.255 0.255 0.2235 0.2235 0.2395 0.2395 0.2545 0.2545 0.2545 0.269 0.269 0.2305 0.2305 0.2315 0.2315 0.2315 0.2635 0.2635 0.238 0.238 0.2175 0.2175 0.2175 0.216
0.2335 0.2335 0.2235 0.2235 0.244 0.244 0.2445 0.2445 0.2445 0.2585 0.2585 0.2405 0.2405 0.2525 0.2525 0.2455 0.2455 0.2455 0.254 0.254 0.2675 0.2675 0.2425 0.2425 0.2425 0.2395 0.2395 0.258 0.258 0.2665 0.2665 0.2665 0.252 0.252 0.237 0.237 0.225 0.225 0.225 0.234 0.234 0.2425 0.2425 0.2375 0.2375 0.2375 0.247 0.247 0.244 0.244 0.252 0.252 0.255 0.255 0.255 0.2235 0.2235 0.2395 0.2395 0.2545 0.2545 0.2545 0.269 0.269 0.2305 0.2305 0.2315 0.2315 0.2315 0.2635 0.2635 0.238 0.238 0.2175 0.2175 0.2175 0.216
0.2335 0.2335 0.251 0.251 0.2465 0.2465 0.2905 0.2905 0.2905 0.265 0.265 0.254 0.254 0.2485 0.2485 0.242 0.242 0.242 0.2625 0.2625 0.2675 0.2675 0.2605 0.2605 0.2605 0.247 0.247 0.2585 0.2585 0.249 0.249 0.249 0.2605 0.2605 0.254 0.254 0.231 0.231 0.231 0.228 0.228 0.257 0.257 0.2545 0.2545 0.2545 0.2605 0.2605 0.252 0.252 0.248 0.248 0.246 0.246 0.246 0.2445 0.2445 0.244 0.244 0.241 0.241 0.241 0.281 0.281 0.2395 0.2395 0.251 0.251 0.251 0.248 0.248 0.232 0.232 0.2435 0.2435 0.2435 0.2145
