ndvi/NOAA-341.asc
ncols         252
nrows         154
xllcorner     -18.017974
yllcorner     13.481982
cellsize      0.035948
NODATA_value  -9999
[rows 102 to 135 of 154, columns 0 to 77 of 252]
-1 -1 -1 -1 -1 -1 -1 -1 -1 -1 -1 -1 -1 -1 -1 -1 -1 -1 -1 -1 -1 -1 -1 -1 -1 0.0485 0.0485 0.0485 0.07799999 0.07799999 0.1955 0.1955 0.1915 0.1915 0.1915 0.201 0.201 0.193 0.193 0.197 0.197 0.197 0.2015 0.2015 0.2005 0.2005 0.1935 0.1935 0.1935 0.2075 0.2075 0.2235 0.2235 0.2515 0.2515 0.27 0.27 0.27 0.248 0.248 0.2455 0.2455 0.2455 0.2455 0.2455 0.24 0.24 0.2435 0.2435 0.2445 0.2445 0.2445 0.245 0.245 0.2275 0.2275 0.2175 0.2175
-1 -1 -1 -1 -1 -1 -1 -1 -1 -1 -1 -1 -1 -1 -1 -1 -1 -1 -1 -1 -1 -1 -1 0.03 0.03 0.1295 0.1295 0.1295 0.2165 0.2165 0.188 0.188 0.191 0.191 0.191 0.199 0.199 0.224 0.224 0.2275 0.2275 0.2275 0.2235 0.2235 0.2245 0.2245 0.22 0.22 0.22 0.224 0.224 0.2285 0.2285 0.2485 0.2485 0.244 0.244 0.244 0.2435 0.2435 0.2495 0.2495 0.2495 0.2495 0.2495 0.248 0.248 0.2625 0.2625 0.2665 0.2665 0.2665 0.2335 0.2335 0.223 0.223 0.2335 0.2335
-1 -1 -1 -1 -1 -1 -1 -1 -1 -1 -1 -1 -1 -1 -1 -1 -1 -1 -1 -1 -1 -1 -1 0.03 0.03 0.1295 0.1295 0.1295 0.2165 0.2165 0.188 0.188 0.191 0.191 0.191 0.199 0.199 0.224 0.224 0.2275 0.2275 0.2275 0.2235 0.2235 0.2245 0.2245 0.22 0.22 0.22 0.224 0.224 0.2285 0.2285 0.2485 0.2485 0.244 0.244 0.244 0.2435 0.2435 0.2495 0.2495 0.2495 0.2495 0.2495 0.248 0.248 0.2625 0.2625 0.2665 0.2665 0.2665 0.2335 0.2335 0.223 0.223 0.2335 0.2335
-1 -1 -1 -1 -1 -1 -1 -1 -1 -1 -1 -1 -1 -1 -1 -1 -1 -1 -1 -1 -1 -1 -1 0.03 0.03 0.1295 0.1295 0.1295 0.2165 0.2165 0.188 0.188 0.191 0.191 0.191 0.199 0.199 0.224 0.224 0.2275 0.2275 0.2275 0.2235 0.2235 0.2245 0.2245 0.22 0.22 0.22 0.224 0.224 0.2285 0.2285 0.2485 0.2485 0.244 0.244 0.244 0.2435 0.2435 0.2495 0.2495 0.2495 0.2495 0.2495 0.248 0.248 0.2625 0.2625 0.2665 0.2665 0.2665 0.2335 0.2335 0.223 0.223 0.2335 0.2335
-1 -1 -1 -1 -1 -1 -1 -1 -1 -1 -1 -1 -1 -1 -1 -1 -1 -1 -1 -1 -1 0.04 0.04 0.101 0.101 0.194 0.194 0.194 0.204 0.204 0.199 0.199 0.201 0.201 0.201 0.24 0.24 0.2335 0.2335 0.2345 0.2345 0.2345 0.231 0.231 0.203 0.203 0.2185 0.2185 0.2185 0.2445 0.2445 0.242 0.242 0.251 0.251 0.2495 0.2495 0.2495 0.2445 0.2445 0.2535 0.2535 0.2535 0.2535 0.2535 0.265 0.265 0.2755 0.2755 0.27 0.27 0.27 0.2645 0.2645 0.263 0.263 0.2305 0.2305
-1 -1 -1 -1 -1 -1 -1 -1 -1 -1 -1 -1 -1 -1 -1 -1 -1 -1 -1 -1 -1 0.04 0.04 0.101 0.101 0.194 0.194 0.194 0.204 0.204 0.199 0.199 0.201 0.201 0.201 0.24 0.24 0.2335 0.2335 0.2345 0.2345 0.2345 0.231 0.231 0.203 0.203 0.2185 0.2185 0.2185 0.2445 0.2445 0.242 0.242 0.251 0.251 0.2495 0.2495 0.2495 0.2445 0.2445 0.2535 0.2535 0.2535 0.2535 0.2535 0.265 0.265 0.2755 0.2755 0.27 0.27 0.27 0.2645 0.2645 0.263 0.263 0.2305 0.2305
-1 -1 -1 -1 -1 -1 -1 -1 -1 -1 -1 -1 -1 -1 -1 -1 -1 -1 -1 -1 -1 0.084 0.084 0.209 0.209 0.2435 0.2435 0.2435 0.2125 0.2125 0.199 0.199 0.225 0.225 0.225 0.251 0.251 0.231 0.231 0.244 0.244 0.244 0.249 0.249 0.213 0.213 0.225 0.225 0.225 0.239 0.239 0.2575 0.2575 0.246 0.246 0.244 0.244 0.244 0.253 0.253 0.258 0.258 0.258 0.258 0.258 0.251 0.251 0.283 0.283 0.2725 0.2725 0.2725 0.2745 0.2745 0.2595 0.2595 0.2485 0.2485
-1 -1 -1 -1 -1 -1 -1 -1 -1 -1 -1 -1 -1 -1 -1 -1 -1 -1 -1 -1 -1 0.084 0.084 0.209 0.209 0.2435 0.2435 0.2435 0.2125 0.2125 0.199 0.199 0.225 0.225 0.225 0.251 0.251 0.231 0.231 0.244 0.244 0.244 0.249 0.249 0.213 0.213 0.225 0.225 0.225 0.239 0.239 0.2575 0.2575 0.246 0.246 0.244 0.244 0.244 0.253 0.253 0.258 0.258 0.258 0.258 0.258 0.251 0.251 0.283 0.283 0.2725 0.2725 0.2725 0.2745 0.2745 0.2595 0.2595 0.2485 0.2485
-1 -1 -1 -1 -1 -1 -1 -1 -1 -1 -1 -1 -1 -1 -1 -1 -1 -1 0.0676 0.0676 0.0676 0.251 0.251 0.2345 0.2345 0.2185 0.2185 0.2185 0.218 0.218 0.2275 0.2275 0.2315 0.2315 0.2315 0.234 0.234 0.23 0.23 0.254 0.254 0.254 0.2665 0.2665 0.2355 0.2355 0.2325 0.2325 0.2325 0.2395 0.2395 0.246 0.246 0.2455 0.2455 0.231 0.231 0.231 0.2195 0.2195 0.237 0.237 0.237 0.237 0.237 0.246 0.246 0.261 0.261 0.2625 0.2625 0.2625 0.2515 0.2515 0.259 0.259 0.2415 0.2415
-1 -1 -1 -1 -1 -1 -1 -1 -1 -1 -1 -1 -1 -1 -1 -1 -1 -1 0.0676 0.0676 0.0676 0.251 0.251 0.2345 0.2345 0.2185 0.2185 0.2185 0.218 0.218 0.2275 0.2275 0.2315 0.2315 0.2315 0.234 0.234 0.23 0.23 0.254 0.254 0.254 0.2665 0.2665 0.2355 0.2355 0.2325 0.2325 0.2325 0.2395 0.2395 0.246 0.246 0.2455 0.2455 0.231 0.231 0.231 0.2195 0.2195 0.237 0.237 0.237 0.237 0.237 0.246 0.246 0.261 0.261 0.2625 0.2625 0.2625 0.2515 0.2515 0.259 0.259 0.2415 0.2415
-1 -1 -1 -1 -1 -1 -1 -1 -1 -1 -1 -1 -1 -1 -1 -1 -1 -1 0.0676 0.0676 0.0676 0.251 0.251 0.2345 0.2345 0.2185 0.2185 0.2185 0.218 0.218 0.2275 0.2275 0.2315 0.2315 0.2315 0.234 0.234 0.23 0.23 0.254 0.254 0.254 0.2665 0.2665 0.2355 0.2355 0.2325 0.2325 0.2325 0.2395 0.2395 0.246 0.246 0.2455 0.2455 0.231 0.231 0.231 0.2195 0.2195 0.237 0.237 0.237 0.237 0.237 0.246 0.246 0.261 0.261 0.2625 0.2625 0.2625 0.2515 0.2515 0.259 0.259 0.2415 0.2415
-1 -1 -1 -1 -1 -1 -1 -1 -1 -1 -1 -1 -1 -1 -1 -1 0.1425 0.1425 0.2765 0.2765 0.2765 0.2595 0.2595 0.2345 0.2345 0.213 0.213 0.213 0.227 0.227 0.2395 0.2395 0.224 0.224 0.224 0.218 0.218 0.214 0.214 0.2245 0.2245 0.2245 0.2465 0.2465 0.214 0.214 0.227 0.227 0.227 0.2435 0.2435 0.241 0.241 0.2225 0.2225 0.221 0.221 0.221 0.2325 0.2325 0.23 0.23 0.23 0.23 0.23 0.237 0.237 0.237 0.237 0.241 0.241 0.241 0.239 0.239 0.227 0.227 0.2675 0.2675
-1 -1 -1 -1 -1 -1 -1 -1 -1 -1 -1 -1 -1 -1 -1 -1 0.1425 0.1425 0.2765 0.2765 0.2765 0.2595 0.2595 0.2345 0.2345 0.213 0.213 0.213 0.227 0.227 0.2395 0.2395 0.224 0.224 0.224 0.218 0.218 0.214 0.214 0.2245 0.2245 0.2245 0.2465 0.2465 0.214 0.214 0.227 0.227 0.227 0.2435 0.2435 0.241 0.241 0.2225 0.2225 0.221 0.221 0.221 0.2325 0.2325 0.23 0.23 0.23 0.23 0.23 0.237 0.237 0.237 0.237 0.241 0.241 0.241 0.239 0.239 0.227 0.227 0.2675 0.2675
-1 -1 -1 -1 -1 -1 -1 -1 -1 -1 -1 -1 0.1275 0.1275 0.114 0.114 0.0765 0.0765 0.255 0.255 0.255 0.232 0.232 0.239 0.239 0.2145 0.2145 0.2145 0.2285 0.2285 0.2385 0.2385 0.2205 0.2205 0.2205 0.206 0.206 0.2115 0.2115 0.2175 0.2175 0.2175 0.2265 0.2265 0.2255 0.2255 0.2055 0.2055 0.2055 0.2315 0.2315 0.2275 0.2275 0.2365 0.2365 0.237 0.237 0.237 0.244 0.244 0.232 0.232 0.232 0.232 0.232 0.222 0.222 0.228 0.228 0.2315 0.2315 0.2315 0.232 0.232 0.238 0.238 0.276 0.276
-1 -1 -1 -1 -1 -1 -1 -1 -1 -1 -1 -1 0.1275 0.1275 0.114 0.114 0.0765 0.0765 0.255 0.255 0.255 0.232 0.232 0.239 0.239 0.2145 0.2145 0.2145 0.2285 0.2285 0.2385 0.2385 0.2205 0.2205 0.2205 0.206 0.206 0.2115 0.2115 0.2175 0.2175 0.2175 0.2265 0.2265 0.2255 0.2255 0.2055 0.2055 0.2055 0.2315 0.2315 0.2275 0.2275 0.2365 0.2365 0.237 0.237 0.237 0.244 0.244 0.232 0.232 0.232 0.232 0.232 0.222 0.222 0.228 0.228 0.2315 0.2315 0.2315 0.232 0.232 0.238 0.238 0.276 0.276
-1 -1 -1 -1 -1 -1 -1 -1 -1 0.1197 0.1197 0.1197 0.1007 0.1007 0.1442 0.1442 0.1276 0.1276 0.0775 0.0775 0.0775 0.235 0.235 0.2175 0.2175 0.246 0.246 0.246 0.215 0.215 0.213 0.213 0.2225 0.2225 0.2225 0.219 0.219 0.201 0.201 0.2085 0.2085 0.2085 0.2245 0.2245 0.206 0.206 0.2375 0.2375 0.2375 0.2215 0.2215 0.235 0.235 0.2415 0.2415 0.2235 0.2235 0.2235 0.23 0.23 0.234 0.234 0.234 0.234 0.234 0.214 0.214 0.2415 0.2415 0.24 0.24 0.24 0.228 0.228 0.2385 0.2385 0.2455 0.2455
-1 -1 -1 -1 -1 -1 -1 -1 -1 0.1197 0.1197 0.1197 0.1007 0.1007 0.1442 0.1442 0.1276 0.1276 0.0775 0.0775 0.0775 0.235 0.235 0.2175 0.2175 0.246 0.246 0.246 0.215 0.215 0.213 0.213 0.2225 0.2225 0.2225 0.219 0.219 0.201 0.201 0.2085 0.2085 0.2085 0.2245 0.2245 0.206 0.206 0.2375 0.2375 0.2375 0.2215 0.2215 0.235 0.235 0.2415 0.2415 0.2235 0.2235 0.2235 0.23 0.23 0.234 0.234 0.234 0.234 0.234 0.214 0.214 0.2415 0.2415 0.24 0.24 0.24 0.228 0.228 0.2385 0.2385 0.2455 0.2455
-1 -1 -1 -1 -1 -1 -1 -1 -1 0.1197 0.1197 0.1197 0.1007 0.1007 0.1442 0.1442 0.1276 0.1276 0.0775 0.0775 0.0775 0.235 0.235 0.2175 0.2175 0.246 0.246 0.246 0.215 0.215 0.213 0.213 0.2225 0.2225 0.2225 0.219 0.219 0.201 0.201 0.2085 0.2085 0.2085 0.2245 0.2245 0.206 0.206 0.2375 0.2375 0.2375 0.2215 0.2215 0.235 0.235 0.2415 0.2415 0.2235 0.2235 0.2235 0.23 0.23 0.234 0.234 0.234 0.234 0.234 0.214 0.214 0.2415 0.2415 0.24 0.24 0.24 0.228 0.228 0.2385 0.2385 0.2455 0.2455
-1 -1 -1 -1 -1 -1 -1 -1 -1 -1 -1 -1 0.1242 0.1242 0.1142 0.1142 0.1772 0.1772 0.1155 0.1155 0.1155 0.1655 0.1655 0.227 0.227 0.2445 0.2445 0.2445 0.217 0.217 0.23 0.23 0.2255 0.2255 0.2255 0.1955 0.1955 0.2015 0.2015 0.209 0.209 0.209 0.213 0.213 0.2135 0.2135 0.204 0.204 0.204 0.212 0.212 0.2245 0.2245 0.2255 0.2255 0.234 0.234 0.234 0.2205 0.2205 0.206 0.206 0.206 0.206 0.206 0.2025 0.2025 0.192 0.192 0.22 0.22 0.22 0.263 0.263 0.2595 0.2595 0.2215 0.2215
-1 -1 -1 -1 -1 -1 -1 -1 -1 -1 -1 -1 0.1242 0.1242 0.1142 0.1142 0.1772 0.1772 0.1155 0.1155 0.1155 0.1655 0.1655 0.227 0.227 0.2445 0.2445 0.2445 0.217 0.217 0.23 0.23 0.2255 0.2255 0.2255 0.1955 0.1955 0.2015 0.2015 0.209 0.209 0.209 0.213 0.213 0.2135 0.2135 0.204 0.204 0.204 0.212 0.212 0.2245 0.2245 0.2255 0.2255 0.234 0.234 0.234 0.2205 0.2205 0.206 0.206 0.206 0.206 0.206 0.2025 0.2025 0.192 0.192 0.22 0.22 0.22 0.263 0.263 0.2595 0.2595 0.2215 0.2215
-1 -1 -1 -1 -1 -1 -1 -1 -1 -1 -1 -1 -1 -1 -1 -1 -1 -1 0.1042 0.1042 0.1042 0.145 0.145 0.214 0.214 0.2005 0.2005 0.2005 0.2115 0.2115 0.1965 0.1965 0.206 0.206 0.206 0.199 0.199 0.2185 0.2185 0.224 0.224 0.224 0.2165 0.2165 0.215 0.215 0.2035 0.2035 0.2035 0.221 0.221 0.229 0.229 0.234 0.234 0.2295 0.2295 0.2295 0.206 0.206 0.2025 0.2025 0.2025 0.2025 0.2025 0.2045 0.2045 0.2135 0.2135 0.2515 0.2515 0.2515 0.2615 0.2615 0.2705 0.2705 0.239 0.239
-1 -1 -1 -1 -1 -1 -1 -1 -1 -1 -1 -1 -1 -1 -1 -1 -1 -1 0.1042 0.1042 0.1042 0.145 0.145 0.214 0.214 0.2005 0.2005 0.2005 0.2115 0.2115 0.1965 0.1965 0.206 0.206 0.206 0.199 0.199 0.2185 0.2185 0.224 0.224 0.224 0.2165 0.2165 0.215 0.215 0.2035 0.2035 0.2035 0.221 0.221 0.229 0.229 0.234 0.234 0.2295 0.2295 0.2295 0.206 0.206 0.2025 0.2025 0.2025 0.2025 0.2025 0.2045 0.2045 0.2135 0.2135 0.2515 0.2515 0.2515 0.2615 0.2615 0.2705 0.2705 0.239 0.239
-1 -1 -1 -1 -1 -1 -1 -1 -1 -1 -1 -1 -1 -1 -1 -1 -1 -1 -1 -1 -1 0.1586 0.1586 0.092 0.092 0.2135 0.2135 0.2135 0.239 0.239 0.2275 0.2275 0.228 0.228 0.228 0.2175 0.2175 0.21 0.21 0.1925 0.1925 0.1925 0.2115 0.2115 0.224 0.224 0.2425 0.2425 0.2425 0.202 0.202 0.216 0.216 0.222 0.222 0.22 0.22 0.22 0.2115 0.2115 0.228 0.228 0.228 0.228 0.228 0.2085 0.2085 0.215 0.215 0.248 0.248 0.248 0.2295 0.2295 0.231 0.231 0.232 0.232
-1 -1 -1 -1 -1 -1 -1 -1 -1 -1 -1 -1 -1 -1 -1 -1 -1 -1 -1 -1 -1 0.1586 0.1586 0.092 0.092 0.2135 0.2135 0.2135 0.239 0.239 0.2275 0.2275 0.228 0.228 0.228 0.2175 0.2175 0.21 0.21 0.1925 0.1925 0.1925 0.2115 0.2115 0.224 0.224 0.2425 0.2425 0.2425 0.202 0.202 0.216 0.216 0.222 0.222 0.22 0.22 0.22 0.2115 0.2115 0.228 0.228 0.228 0.228 0.228 0.2085 0.2085 0.215 0.215 0.248 0.248 0.248 0.2295 0.2295 0.231 0.231 0.232 0.232
-1 -1 -1 -1 -1 -1 -1 -1 -1 -1 -1 -1 -1 -1 -1 -1 -1 -1 -1 -1 -1 0.1627 0.1627 0.1605 0.1605 0.1505 0.1505 0.1505 0.2355 0.2355 0.2635 0.2635 0.264 0.264 0.264 0.246 0.246 0.229 0.229 0.174 0.174 0.174 0.206 0.206 0.212 0.212 0.2465 0.2465 0.2465 0.235 0.235 0.2185 0.2185 0.228 0.228 0.2335 0.2335 0.2335 0.22 0.22 0.217 0.217 0.217 0.217 0.217 0.203 0.203 0.24 0.24 0.2575 0.2575 0.2575 0.2305 0.2305 0.229 0.229 0.225 0.225
-1 -1 -1 -1 -1 -1 -1 -1 -1 -1 -1 -1 -1 -1 -1 -1 -1 -1 -1 -1 -1 0.1627 0.1627 0.1605 0.1605 0.1505 0.1505 0.1505 0.2355 0.2355 0.2635 0.2635 0.264 0.264 0.264 0.246 0.246 0.229 0.229 0.174 0.174 0.174 0.206 0.206 0.212 0.212 0.2465 0.2465 0.2465 0.235 0.235 0.2185 0.2185 0.228 0.228 0.2335 0.2335 0.2335 0.22 0.22 0.217 0.217 0.217 0.217 0.217 0.203 0.203 0.24 0.24 0.2575 0.2575 0.2575 0.2305 0.2305 0.229 0.229 0.225 0.225
-1 -1 -1 -1 -1 -1 -1 -1 -1 -1 -1 -1 -1 -1 -1 -1 -1 -1 -1 -1 -1 0.1627 0.1627 0.1605 0.1605 0.1505 0.1505 0.1505 0.2355 0.2355 0.2635 0.2635 0.264 0.264 0.264 0.246 0.246 0.229 0.229 0.174 0.174 0.174 0.206 0.206 0.212 0.212 0.2465 0.2465 0.2465 0.235 0.235 0.2185 0.2185 0.228 0.228 0.2335 0.2335 0.2335 0.22 0.22 0.217 0.217 0.217 0.217 0.217 0.203 0.203 0.24 0.24 0.2575 0.2575 0.2575 0.2305 0.2305 0.229 0.229 0.225 0.225
-1 -1 -1 -1 -1 -1 -1 -1 -1 -1 -1 -1 -1 -1 -1 -1 -1 -1 -1 -1 -1 -1 -1 0.1687 0.1687 0.085 0.085 0.085 0.2055 0.2055 0.278 0.278 0.248 0.248 0.248 0.203 0.203 0.118 0.118 0.1515 0.1515 0.1515 0.187 0.187 0.201 0.201 0.2035 0.2035 0.2035 0.2215 0.2215 0.225 0.225 0.2495 0.2495 0.24 0.24 0.24 0.2065 0.2065 0.21 0.21 0.21 0.21 0.21 0.1975 0.1975 0.2115 0.2115 0.227 0.227 0.227 0.235 0.235 0.216 0.216 0.2245 0.2245
-1 -1 -1 -1 -1 -1 -1 -1 -1 -1 -1 -1 -1 -1 -1 -1 -1 -1 -1 -1 -1 -1 -1 0.1687 0.1687 0.085 0.085 0.085 0.2055 0.2055 0.278 0.278 0.248 0.248 0.248 0.203 0.203 0.118 0.118 0.1515 0.1515 0.1515 0.187 0.187 0.201 0.201 0.2035 0.2035 0.2035 0.2215 0.2215 0.225 0.225 0.2495 0.2495 0.24 0.24 0.24 0.2065 0.2065 0.21 0.21 0.21 0.21 0.21 0.1975 0.1975 0.2115 0.2115 0.227 0.227 0.227 0.235 0.235 0.216 0.216 0.2245 0.2245
-1 -1 -1 -1 -1 -1 -1 -1 -1 -1 -1 -1 -1 -1 -1 -1 -1 -1 -1 -1 -1 -1 -1 -1 -1 0.05 0.05 0.05 0.09649999 0.09649999 0.1825 0.1825 0.1945 0.1945 0.1945 0.054 0.054 0.0765 0.0765 0.0875 0.0875 0.0875 0.2485 0.2485 0.2215 0.2215 0.272 0.272 0.272 0.2115 0.2115 0.2295 0.2295 0.228 0.228 0.241 0.241 0.241 0.235 0.235 0.21 0.21 0.21 0.21 0.21 0.218 0.218 0.2375 0.2375 0.233 0.233 0.233 0.2405 0.2405 0.2155 0.2155 0.223 0.223
-1 -1 -1 -1 -1 -1 -1 -1 -1 -1 -1 -1 -1 -1 -1 -1 -1 -1 -1 -1 -1 -1 -1 -1 -1 0.05 0.05 0.05 0.09649999 0.09649999 0.1825 0.1825 0.1945 0.1945 0.1945 0.054 0.054 0.0765 0.0765 0.0875 0.0875 0.0875 0.2485 0.2485 0.2215 0.2215 0.272 0.272 0.272 0.2115 0.2115 0.2295 0.2295 0.228 0.228 0.241 0.241 0.241 0.235 0.235 0.21 0.21 0.21 0.21 0.21 0.218 0.218 0.2375 0.2375 0.233 0.233 0.233 0.2405 0.2405 0.2155 0.2155 0.223 0.223
-1 -1 -1 -1 -1 -1 -1 -1 -1 -1 -1 -1 -1 -1 -1 -1 -1 -1 -1 -1 -1 -1 -1 -1 -1 0.1092 0.1092 0.1092 0.1135 0.1135 0.183 0.183 0.1515 0.1515 0.1515 0.1315 0.1315 0.1205 0.1205 0.2095 0.2095 0.2095 0.2065 0.2065 0.261 0.261 0.2805 0.2805 0.2805 0.2185 0.2185 0.237 0.237 0.2215 0.2215 0.225 0.225 0.225 0.238 0.238 0.2375 0.2375 0.2375 0.2375 0.2375 0.217 0.217 0.2055 0.2055 0.2055 0.2055 0.2055 0.2295 0.2295 0.2495 0.2495 0.229 0.229
-1 -1 -1 -1 -1 -1 -1 -1 -1 -1 -1 -1 -1 -1 -1 -1 -1 -1 -1 -1 -1 -1 -1 -1 -1 0.1092 0.1092 0.1092 0.1135 0.1135 0.183 0.183 0.1515 0.1515 0.1515 0.1315 0.1315 0.1205 0.1205 0.2095 0.2095 0.2095 0.2065 0.2065 0.261 0.261 0.2805 0.2805 0.2805 0.2185 0.2185 0.237 0.237 0.2215 0.2215 0.225 0.225 0.225 0.238 0.238 0.2375 0.2375 0.2375 0.2375 0.2375 0.217 0.217 0.2055 0.2055 0.2055 0.2055 0.2055 0.2295 0.2295 0.2495 0.2495 0.229 0.229
-1 -1 -1 -1 -1 -1 -1 -1 -1 -1 -1 -1 -1 -1 -1 -1 -1 -1 -1 -1 -1 -1 -1 -1 -1 0.1092 0.1092 0.1092 0.1135 0.1135 0.183 0.183 0.1515 0.1515 0.1515 0.1315 0.1315 0.1205 0.1205 0.2095 0.2095 0.2095 0.2065 0.2065 0.261 0.261 0.2805 0.2805 0.2805 0.2185 0.2185 0.237 0.237 0.2215 0.2215 0.225 0.225 0.225 0.238 0.238 0.2375 0.2375 0.2375 0.2375 0.2375 0.217 0.217 0.2055 0.2055 0.2055 0.2055 0.2055 0.2295 0.2295 0.2495 0.2495 0.229 0.229
