ndvi/NOAA-158.asc
ncols         252
nrows         154
xllcorner     -18.017974
yllcorner     13.481982
cellsize      0.035948
NODATA_value  -9999
[rows 0 to 33 of 154, columns 78 to 155 of 252]
0.1095 0.109 0.109 0.109 0.109 0.112 0.112 0.112 0.109 0.109 0.1105 0.1105 0.1045 0.1045 0.1075 0.1075 0.1075 0.109 0.109 0.1035 0.1035 0.107 0.107 0.107 0.1065 0.1065 0.109 0.109 0.1065 0.1065 0.1065 0.101 0.101 0.0985 0.0985 0.09999999 0.09999999 0.09999999 0.1015 0.1015 0.098 0.098 0.101 0.101 0.101 0.112 0.112 0.0935 0.0935 0.097 0.097 0.09900001 0.09900001 0.09900001 0.102 0.102 0.1075 0.1075 0.1095 0.1095 0.1095 0.11 0.11 0.1105 0.1105 0.113 0.113 0.113 0.109 0.109 0.1045 0.1045 0.105 0.105 0.105 0.1065 0.1065 0.1055
0.1095 0.109 0.109 0.109 0.109 0.112 0.112 0.112 0.109 0.109 0.1105 0.1105 0.1045 0.1045 0.1075 0.1075 0.1075 0.109 0.109 0.1035 0.1035 0.107 0.107 0.107 0.1065 0.1065 0.109 0.109 0.1065 0.1065 0.1065 0.101 0.101 0.0985 0.0985 0.09999999 0.09999999 0.09999999 0.1015 0.1015 0.098 0.098 0.101 0.101 0.101 0.112 0.112 0.0935 0.0935 0.097 0.097 0.09900001 0.09900001 0.09900001 0.102 0.102 0.1075 0.1075 0.1095 0.1095 0.1095 0.11 0.11 0.1105 0.1105 0.113 0.113 0.113 0.109 0.109 0.1045 0.1045 0.105 0.105 0.105 0.1065 0.1065 0.1055
0.11 0.1115 0.1115 0.1105 0.1105 0.11 0.11 0.11 0.1145 0.1145 0.1085 0.1085 0.112 0.112 0.1135 0.1135 0.1135 0.109 0.109 0.1125 0.1125 0.113 0.113 0.113 0.106 0.106 0.1075 0.1075 0.102 0.102 0.102 0.0965 0.0965 0.096 0.096 0.1035 0.1035 0.1035 0.099 0.099 0.099 0.099 0.0975 0.0975 0.0975 0.09900001 0.09900001 0.101 0.101 0.11 0.11 0.117 0.117 0.117 0.1115 0.1115 0.112 0.112 0.112 0.112 0.112 0.1195 0.1195 0.1145 0.1145 0.1125 0.1125 0.1125 0.111 0.111 0.1065 0.1065 0.104 0.104 0.104 0.1065 0.1065 0.106
0.11 0.1115 0.1115 0.1105 0.1105 0.11 0.11 0.11 0.1145 0.1145 0.1085 0.1085 0.112 0.112 0.1135 0.1135 0.1135 0.109 0.109 0.1125 0.1125 0.113 0.113 0.113 0.106 0.106 0.1075 0.1075 0.102 0.102 0.102 0.0965 0.0965 0.096 0.096 0.1035 0.1035 0.1035 0.099 0.099 0.099 0.099 0.0975 0.0975 0.0975 0.09900001 0.09900001 0.101 0.101 0.11 0.11 0.117 0.117 0.117 0.1115 0.1115 0.112 0.112 0.112 0.112 0.112 0.1195 0.1195 0.1145 0.1145 0.1125 0.1125 0.1125 0.111 0.111 0.1065 0.1065 0.104 0.104 0.104 0.1065 0.1065 0.106
0.11 0.1115 0.1115 0.1105 0.1105 0.11 0.11 0.11 0.1145 0.1145 0.1085 0.1085 0.112 0.112 0.1135 0.1135 0.1135 0.109 0.109 0.1125 0.1125 0.113 0.113 0.113 0.106 0.106 0.1075 0.1075 0.102 0.102 0.102 0.0965 0.0965 0.096 0.096 0.1035 0.1035 0.1035 0.099 0.099 0.099 0.099 0.0975 0.0975 0.0975 0.09900001 0.09900001 0.101 0.101 0.11 0.11 0.117 0.117 0.117 0.1115 0.1115 0.112 0.112 0.112 0.112 0.112 0.1195 0.1195 0.1145 0.1145 0.1125 0.1125 0.1125 0.111 0.111 0.1065 0.1065 0.104 0.104 0.104 0.1065 0.1065 0.106
0.112 0.1105 0.1105 0.113 0.113 0.1125 0.1125 0.1125 0.114 0.114 0.113 0.113 0.1115 0.1115 0.1125 0.1125 0.1125 0.113 0.113 0.1085 0.1085 0.1095 0.1095 0.1095 0.1035 0.1035 0.105 0.105 0.102 0.102 0.102 0.0985 0.0985 0.0985 0.0985 0.107 0.107 0.107 0.1035 0.1035 0.096 0.096 0.104 0.104 0.104 0.1055 0.1055 0.11 0.11 0.111 0.111 0.1145 0.1145 0.1145 0.117 0.117 0.118 0.118 0.116 0.116 0.116 0.116 0.116 0.1175 0.1175 0.1165 0.1165 0.1165 0.111 0.111 0.111 0.111 0.1095 0.1095 0.1095 0.111 0.111 0.1105
0.112 0.1105 0.1105 0.113 0.113 0.1125 0.1125 0.1125 0.114 0.114 0.113 0.113 0.1115 0.1115 0.1125 0.1125 0.1125 0.113 0.113 0.1085 0.1085 0.1095 0.1095 0.1095 0.1035 0.1035 0.105 0.105 0.102 0.102 0.102 0.0985 0.0985 0.0985 0.0985 0.107 0.107 0.107 0.1035 0.1035 0.096 0.096 0.104 0.104 0.104 0.1055 0.1055 0.11 0.11 0.111 0.111 0.1145 0.1145 0.1145 0.117 0.117 0.118 0.118 0.116 0.116 0.116 0.116 0.116 0.1175 0.1175 0.1165 0.1165 0.1165 0.111 0.111 0.111 0.111 0.1095 0.1095 0.1095 0.111 0.111 0.1105
0.1125 0.114 0.114 0.114 0.114 0.113 0.113 0.113 0.114 0.114 0.1175 0.1175 0.115 0.115 0.116 0.116 0.116 0.118 0.118 0.1085 0.1085 0.108 0.108 0.108 0.112 0.112 0.107 0.107 0.106 0.106 0.106 0.11 0.11 0.1085 0.1085 0.1085 0.1085 0.1085 0.109 0.109 0.105 0.105 0.1145 0.1145 0.1145 0.1195 0.1195 0.1215 0.1215 0.12 0.12 0.1165 0.1165 0.1165 0.1165 0.1165 0.117 0.117 0.117 0.117 0.117 0.117 0.117 0.1165 0.1165 0.119 0.119 0.119 0.115 0.115 0.1165 0.1165 0.11 0.11 0.11 0.111 0.111 0.1155
0.1125 0.114 0.114 0.114 0.114 0.113 0.113 0.113 0.114 0.114 0.1175 0.1175 0.115 0.115 0.116 0.116 0.116 0.118 0.118 0.1085 0.1085 0.108 0.108 0.108 0.112 0.112 0.107 0.107 0.106 0.106 0.106 0.11 0.11 0.1085 0.1085 0.1085 0.1085 0.1085 0.109 0.109 0.105 0.105 0.1145 0.1145 0.1145 0.1195 0.1195 0.1215 0.1215 0.12 0.12 0.1165 0.1165 0.1165 0.1165 0.1165 0.117 0.117 0.117 0.117 0.117 0.117 0.117 0.1165 0.1165 0.119 0.119 0.119 0.115 0.115 0.1165 0.1165 0.11 0.11 0.11 0.111 0.111 0.1155
0.1115 0.115 0.115 0.112 0.112 0.118 0.118 0.118 0.1145 0.1145 0.1125 0.1125 0.116 0.116 0.1215 0.1215 0.1215 0.1245 0.1245 0.107 0.107 0.105 0.105 0.105 0.1185 0.1185 0.1165 0.1165 0.118 0.118 0.118 0.112 0.112 0.1105 0.1105 0.115 0.115 0.115 0.1085 0.1085 0.1145 0.1145 0.124 0.124 0.124 0.131 0.131 0.127 0.127 0.117 0.117 0.1245 0.1245 0.1245 0.1245 0.1245 0.124 0.124 0.1225 0.1225 0.1225 0.124 0.124 0.1165 0.1165 0.1185 0.1185 0.1185 0.1165 0.1165 0.117 0.117 0.113 0.113 0.113 0.1205 0.1205 0.1205
0.1115 0.115 0.115 0.112 0.112 0.118 0.118 0.118 0.1145 0.1145 0.1125 0.1125 0.116 0.116 0.1215 0.1215 0.1215 0.1245 0.1245 0.107 0.107 0.105 0.105 0.105 0.1185 0.1185 0.1165 0.1165 0.118 0.118 0.118 0.112 0.112 0.1105 0.1105 0.115 0.115 0.115 0.1085 0.1085 0.1145 0.1145 0.124 0.124 0.124 0.131 0.131 0.127 0.127 0.117 0.117 0.1245 0.1245 0.1245 0.1245 0.1245 0.124 0.124 0.1225 0.1225 0.1225 0.124 0.124 0.1165 0.1165 0.1185 0.1185 0.1185 0.1165 0.1165 0.117 0.117 0.113 0.113 0.113 0.1205 0.1205 0.1205
0.1185 0.1215 0.1215 0.115 0.115 0.1165 0.1165 0.1165 0.1205 0.1205 0.116 0.116 0.118 0.118 0.119 0.119 0.119 0.1155 0.1155 0.114 0.114 0.1185 0.1185 0.1185 0.12 0.12 0.117 0.117 0.116 0.116 0.116 0.117 0.117 0.1185 0.1185 0.121 0.121 0.121 0.12 0.12 0.1225 0.1225 0.125 0.125 0.125 0.1295 0.1295 0.125 0.125 0.129 0.129 0.133 0.133 0.133 0.132 0.132 0.1265 0.1265 0.126 0.126 0.126 0.126 0.126 0.1245 0.1245 0.1225 0.1225 0.1225 0.1215 0.1215 0.1215 0.1215 0.1225 0.1225 0.1225 0.124 0.124 0.122
0.1185 0.1215 0.1215 0.115 0.115 0.1165 0.1165 0.1165 0.1205 0.1205 0.116 0.116 0.118 0.118 0.119 0.119 0.119 0.1155 0.1155 0.114 0.114 0.1185 0.1185 0.1185 0.12 0.12 0.117 0.117 0.116 0.116 0.116 0.117 0.117 0.1185 0.1185 0.121 0.121 0.121 0.12 0.12 0.1225 0.1225 0.125 0.125 0.125 0.1295 0.1295 0.125 0.125 0.129 0.129 0.133 0.133 0.133 0.132 0.132 0.1265 0.1265 0.126 0.126 0.126 0.126 0.126 0.1245 0.1245 0.1225 0.1225 0.1225 0.1215 0.1215 0.1215 0.1215 0.1225 0.1225 0.1225 0.124 0.124 0.122
0.1185 0.1215 0.1215 0.115 0.115 0.1165 0.1165 0.1165 0.1205 0.1205 0.116 0.116 0.118 0.118 0.119 0.119 0.119 0.1155 0.1155 0.114 0.114 0.1185 0.1185 0.1185 0.12 0.12 0.117 0.117 0.116 0.116 0.116 0.117 0.117 0.1185 0.1185 0.121 0.121 0.121 0.12 0.12 0.1225 0.1225 0.125 0.125 0.125 0.1295 0.1295 0.125 0.125 0.129 0.129 0.133 0.133 0.133 0.132 0.132 0.1265 0.1265 0.126 0.126 0.126 0.126 0.126 0.1245 0.1245 0.1225 0.1225 0.1225 0.1215 0.1215 0.1215 0.1215 0.1225 0.1225 0.1225 0.124 0.124 0.122
0.1195 0.12 0.12 0.1205 0.1205 0.12 0.12 0.12 0.1175 0.1175 0.1165 0.1165 0.1245 0.1245 0.121 0.121 0.121 0.122 0.122 0.1225 0.1225 0.123 0.123 0.123 0.1225 0.1225 0.1215 0.1215 0.1185 0.1185 0.1185 0.121 0.121 0.116 0.116 0.1175 0.1175 0.1175 0.12 0.12 0.1275 0.1275 0.1295 0.1295 0.1295 0.135 0.135 0.138 0.138 0.134 0.134 0.134 0.134 0.134 0.132 0.132 0.132 0.132 0.1325 0.1325 0.1325 0.1265 0.1265 0.129 0.129 0.127 0.127 0.127 0.123 0.123 0.1205 0.1205 0.1295 0.1295 0.1295 0.13 0.13 0.1325
0.1195 0.12 0.12 0.1205 0.1205 0.12 0.12 0.12 0.1175 0.1175 0.1165 0.1165 0.1245 0.1245 0.121 0.121 0.121 0.122 0.122 0.1225 0.1225 0.123 0.123 0.123 0.1225 0.1225 0.1215 0.1215 0.1185 0.1185 0.1185 0.121 0.121 0.116 0.116 0.1175 0.1175 0.1175 0.12 0.12 0.1275 0.1275 0.1295 0.1295 0.1295 0.135 0.135 0.138 0.138 0.134 0.134 0.134 0.134 0.134 0.132 0.132 0.132 0.132 0.1325 0.1325 0.1325 0.1265 0.1265 0.129 0.129 0.127 0.127 0.127 0.123 0.123 0.1205 0.1205 0.1295 0.1295 0.1295 0.13 0.13 0.1325
0.121 0.12 0.12 0.1175 0.1175 0.1215 0.1215 0.1215 0.121 0.121 0.12 0.12 0.1215 0.1215 0.122 0.122 0.122 0.1245 0.1245 0.1235 0.1235 0.12 0.12 0.12 0.125 0.125 0.121 0.121 0.1245 0.1245 0.1245 0.115 0.115 0.1195 0.1195 0.116 0.116 0.116 0.1225 0.1225 0.127 0.127 0.1305 0.1305 0.1305 0.138 0.138 0.1375 0.1375 0.133 0.133 0.133 0.133 0.133 0.127 0.127 0.131 0.131 0.134 0.134 0.134 0.136 0.136 0.1365 0.1365 0.1305 0.1305 0.1305 0.1205 0.1205 0.121 0.121 0.1235 0.1235 0.1235 0.1285 0.1285 0.129
0.121 0.12 0.12 0.1175 0.1175 0.1215 0.1215 0.1215 0.121 0.121 0.12 0.12 0.1215 0.1215 0.122 0.122 0.122 0.1245 0.1245 0.1235 0.1235 0.12 0.12 0.12 0.125 0.125 0.121 0.121 0.1245 0.1245 0.1245 0.115 0.115 0.1195 0.1195 0.116 0.116 0.116 0.1225 0.1225 0.127 0.127 0.1305 0.1305 0.1305 0.138 0.138 0.1375 0.1375 0.133 0.133 0.133 0.133 0.133 0.127 0.127 0.131 0.131 0.134 0.134 0.134 0.136 0.136 0.1365 0.1365 0.1305 0.1305 0.1305 0.1205 0.1205 0.121 0.121 0.1235 0.1235 0.1235 0.1285 0.1285 0.129
0.122 0.1205 0.1205 0.125 0.125 0.1215 0.1215 0.1215 0.1225 0.1225 0.1205 0.1205 0.1235 0.1235 0.1245 0.1245 0.1245 0.1215 0.1215 0.1225 0.1225 0.124 0.124 0.124 0.1195 0.1195 0.1255 0.1255 0.1255 0.1255 0.1255 0.124 0.124 0.1225 0.1225 0.122 0.122 0.122 0.1215 0.1215 0.1225 0.1225 0.1355 0.1355 0.1355 0.14 0.14 0.137 0.137 0.13 0.13 0.13 0.13 0.13 0.129 0.129 0.1365 0.1365 0.1385 0.1385 0.1385 0.1375 0.1375 0.1385 0.1385 0.1315 0.1315 0.1315 0.1355 0.1355 0.1335 0.1335 0.133 0.133 0.133 0.1265 0.1265 0.162
0.122 0.1205 0.1205 0.125 0.125 0.1215 0.1215 0.1215 0.1225 0.1225 0.1205 0.1205 0.1235 0.1235 0.1245 0.1245 0.1245 0.1215 0.1215 0.1225 0.1225 0.124 0.124 0.124 0.1195 0.1195 0.1255 0.1255 0.1255 0.1255 0.1255 0.124 0.124 0.1225 0.1225 0.122 0.122 0.122 0.1215 0.1215 0.1225 0.1225 0.1355 0.1355 0.1355 0.14 0.14 0.137 0.137 0.13 0.13 0.13 0.13 0.13 0.129 0.129 0.1365 0.1365 0.1385 0.1385 0.1385 0.1375 0.1375 0.1385 0.1385 0.1315 0.1315 0.1315 0.1355 0.1355 0.1335 0.1335 0.133 0.133 0.133 0.1265 0.1265 0.162
0.122 0.1205 0.1205 0.125 0.125 0.1215 0.1215 0.1215 0.1225 0.1225 0.1205 0.1205 0.1235 0.1235 0.1245 0.1245 0.1245 0.1215 0.1215 0.1225 0.1225 0.124 0.124 0.124 0.1195 0.1195 0.1255 0.1255 0.1255 0.1255 0.1255 0.124 0.124 0.1225 0.1225 0.122 0.122 0.122 0.1215 0.1215 0.1225 0.1225 0.1355 0.1355 0.1355 0.14 0.14 0.137 0.137 0.13 0.13 0.13 0.13 0.13 0.129 0.129 0.1365 0.1365 0.1385 0.1385 0.1385 0.1375 0.1375 0.1385 0.1385 0.1315 0.1315 0.1315 0.1355 0.1355 0.1335 0.1335 0.133 0.133 0.133 0.1265 0.1265 0.162
0.121 0.122 0.122 0.122 0.122 0.124 0.124 0.124 0.125 0.125 0.1245 0.1245 0.1245 0.1245 0.1265 0.1265 0.1265 0.1255 0.1255 0.1245 0.1245 0.121 0.121 0.121 0.1265 0.1265 0.129 0.129 0.1315 0.1315 0.1315 0.132 0.132 0.1325 0.1325 0.1265 0.1265 0.1265 0.124 0.124 0.1505 0.1505 0.154 0.154 0.154 0.156 0.156 0.153 0.153 0.139 0.139 0.131 0.131 0.131 0.1325 0.1325 0.134 0.134 0.144 0.144 0.144 0.1505 0.1505 0.139 0.139 0.136 0.136 0.136 0.1345 0.1345 0.137 0.137 0.137 0.137 0.137 0.127 0.127 0.1515
0.121 0.122 0.122 0.122 0.122 0.124 0.124 0.124 0.125 0.125 0.1245 0.1245 0.1245 0.1245 0.1265 0.1265 0.1265 0.1255 0.1255 0.1245 0.1245 0.121 0.121 0.121 0.1265 0.1265 0.129 0.129 0.1315 0.1315 0.1315 0.132 0.132 0.1325 0.1325 0.1265 0.1265 0.1265 0.124 0.124 0.1505 0.1505 0.154 0.154 0.154 0.156 0.156 0.153 0.153 0.139 0.139 0.131 0.131 0.131 0.1325 0.1325 0.134 0.134 0.144 0.144 0.144 0.1505 0.1505 0.139 0.139 0.136 0.136 0.136 0.1345 0.1345 0.137 0.137 0.137 0.137 0.137 0.127 0.127 0.1515
0.127 0.124 0.124 0.1235 0.1235 0.127 0.127 0.127 0.131 0.131 0.134 0.134 0.132 0.132 0.1325 0.1325 0.1325 0.131 0.131 0.1315 0.1315 0.132 0.132 0.132 0.1315 0.1315 0.1375 0.1375 0.137 0.137 0.137 0.1355 0.1355 0.128 0.128 0.1285 0.1285 0.1285 0.1305 0.1305 0.147 0.147 0.156 0.156 0.156 0.155 0.155 0.164 0.164 0.16 0.16 0.1455 0.1455 0.1455 0.1305 0.1305 0.135 0.135 0.1405 0.1405 0.1405 0.145 0.145 0.1415 0.1415 0.145 0.145 0.145 0.135 0.135 0.1395 0.1395 0.1325 0.1325 0.1325 0.1315 0.1315 0.152
0.127 0.124 0.124 0.1235 0.1235 0.127 0.127 0.127 0.131 0.131 0.134 0.134 0.132 0.132 0.1325 0.1325 0.1325 0.131 0.131 0.1315 0.1315 0.132 0.132 0.132 0.1315 0.1315 0.1375 0.1375 0.137 0.137 0.137 0.1355 0.1355 0.128 0.128 0.1285 0.1285 0.1285 0.1305 0.1305 0.147 0.147 0.156 0.156 0.156 0.155 0.155 0.164 0.164 0.16 0.16 0.1455 0.1455 0.1455 0.1305 0.1305 0.135 0.135 0.1405 0.1405 0.1405 0.145 0.145 0.1415 0.1415 0.145 0.145 0.145 0.135 0.135 0.1395 0.1395 0.1325 0.1325 0.1325 0.1315 0.1315 0.152
0.1305 0.1335 0.1335 0.1315 0.1315 0.133 0.133 0.133 0.137 0.137 0.1395 0.1395 0.137 0.137 0.1345 0.1345 0.1345 0.1415 0.1415 0.1355 0.1355 0.1325 0.1325 0.1325 0.136 0.136 0.137 0.137 0.1375 0.1375 0.1375 0.1395 0.1395 0.137 0.137 0.1305 0.1305 0.1305 0.1295 0.1295 0.142 0.142 0.1525 0.1525 0.1525 0.156 0.156 0.1675 0.1675 0.163 0.163 0.147 0.147 0.147 0.136 0.136 0.131 0.131 0.136 0.136 0.136 0.146 0.146 0.1425 0.1425 0.141 0.141 0.141 0.1395 0.1395 0.125 0.125 0.1255 0.1255 0.1255 0.1325 0.1325 0.137
0.1305 0.1335 0.1335 0.1315 0.1315 0.133 0.133 0.133 0.137 0.137 0.1395 0.1395 0.137 0.137 0.1345 0.1345 0.1345 0.1415 0.1415 0.1355 0.1355 0.1325 0.1325 0.1325 0.136 0.136 0.137 0.137 0.1375 0.1375 0.1375 0.1395 0.1395 0.137 0.137 0.1305 0.1305 0.1305 0.1295 0.1295 0.142 0.142 0.1525 0.1525 0.1525 0.156 0.156 0.1675 0.1675 0.163 0.163 0.147 0.147 0.147 0.136 0.136 0.131 0.131 0.136 0.136 0.136 0.146 0.146 0.1425 0.1425 0.141 0.141 0.141 0.1395 0.1395 0.125 0.125 0.1255 0.1255 0.1255 0.1325 0.1325 0.137
0.1305 0.1335 0.1335 0.1315 0.1315 0.133 0.133 0.133 0.137 0.137 0.1395 0.1395 0.137 0.137 0.1345 0.1345 0.1345 0.1415 0.1415 0.1355 0.1355 0.1325 0.1325 0.1325 0.136 0.136 0.137 0.137 0.1375 0.1375 0.1375 0.1395 0.1395 0.137 0.137 0.1305 0.1305 0.1305 0.1295 0.1295 0.142 0.142 0.1525 0.1525 0.1525 0.156 0.156 0.1675 0.1675 0.163 0.163 0.147 0.147 0.147 0.136 0.136 0.131 0.131 0.136 0.136 0.136 0.146 0.146 0.1425 0.1425 0.141 0.141 0.141 0.1395 0.1395 0.125 0.125 0.1255 0.1255 0.1255 0.1325 0.1325 0.137
0.1305 0.1395 0.1395 0.136 0.136 0.14 0.14 0.14 0.1415 0.1415 0.147 0.147 0.145 0.145 0.146 0.146 0.146 0.1365 0.1365 0.136 0.136 0.1365 0.1365 0.1365 0.1415 0.1415 0.141 0.141 0.145 0.145 0.145 0.14 0.14 0.14 0.14 0.138 0.138 0.138 0.133 0.133 0.1485 0.1485 0.148 0.148 0.148 0.143 0.143 0.164 0.164 0.1605 0.1605 0.1515 0.1515 0.1515 0.1405 0.1405 0.137 0.137 0.1375 0.1375 0.1375 0.142 0.142 0.144 0.144 0.1415 0.1415 0.1415 0.14 0.14 0.1295 0.1295 0.1315 0.1315 0.1315 0.1225 0.1225 0.12
0.1305 0.1395 0.1395 0.136 0.136 0.14 0.14 0.14 0.1415 0.1415 0.147 0.147 0.145 0.145 0.146 0.146 0.146 0.1365 0.1365 0.136 0.136 0.1365 0.1365 0.1365 0.1415 0.1415 0.141 0.141 0.145 0.145 0.145 0.14 0.14 0.14 0.14 0.138 0.138 0.138 0.133 0.133 0.1485 0.1485 0.148 0.148 0.148 0.143 0.143 0.164 0.164 0.1605 0.1605 0.1515 0.1515 0.1515 0.1405 0.1405 0.137 0.137 0.1375 0.1375 0.1375 0.142 0.142 0.144 0.144 0.1415 0.1415 0.1415 0.14 0.14 0.1295 0.1295 0.1315 0.1315 0.1315 0.1225 0.1225 0.12
0.145 0.1485 0.1485 0.14 0.14 0.1425 0.1425 0.1425 0.1375 0.1375 0.149 0.149 0.1555 0.1555 0.1545 0.1545 0.1545 0.144 0.144 0.1425 0.1425 0.1375 0.1375 0.1375 0.1395 0.1395 0.1435 0.1435 0.145 0.145 0.145 0.1405 0.1405 0.1415 0.1415 0.1415 0.1415 0.1415 0.1465 0.1465 0.142 0.142 0.149 0.149 0.149 0.142 0.142 0.1445 0.1445 0.1585 0.1585 0.155 0.155 0.155 0.1505 0.1505 0.1545 0.1545 0.1575 0.1575 0.1575 0.1515 0.1515 0.1515 0.1515 0.148 0.148 0.148 0.1395 0.1395 0.1325 0.1325 0.1315 0.1315 0.1315 0.1405 0.1405 0.1275
0.145 0.1485 0.1485 0.14 0.14 0.1425 0.1425 0.1425 0.1375 0.1375 0.149 0.149 0.1555 0.1555 0.1545 0.1545 0.1545 0.144 0.144 0.1425 0.1425 0.1375 0.1375 0.1375 0.1395 0.1395 0.1435 0.1435 0.145 0.145 0.145 0.1405 0.1405 0.1415 0.1415 0.1415 0.1415 0.1415 0.1465 0.1465 0.142 0.142 0.149 0.149 0.149 0.142 0.142 0.1445 0.1445 0.1585 0.1585 0.155 0.155 0.155 0.1505 0.1505 0.1545 0.1545 0.1575 0.1575 0.1575 0.1515 0.1515 0.1515 0.1515 0.148 0.148 0.148 0.1395 0.1395 0.1325 0.1325 0.1315 0.1315 0.1315 0.1405 0.1405 0.1275
0.1505 0.1435 0.1435 0.143 0.143 0.141 0.141 0.141 0.139 0.139 0.1455 0.1455 0.1545 0.1545 0.1585 0.1585 0.1585 0.1475 0.1475 0.153 0.153 0.1505 0.1505 0.1505 0.1515 0.1515 0.148 0.148 0.1445 0.1445 0.1445 0.1525 0.1525 0.15 0.15 0.1455 0.1455 0.1455 0.146 0.146 0.1425 0.1425 0.1565 0.1565 0.1565 0.1555 0.1555 0.1505 0.1505 0.1505 0.1505 0.155 0.155 0.155 0.1495 0.1495 0.1505 0.1505 0.165 0.165 0.165 0.1675 0.1675 0.1705 0.1705 0.166 0.166 0.166 0.159 0.159 0.1395 0.1395 0.1395 0.1395 0.1395 0.137 0.137 0.136
0.1505 0.1435 0.1435 0.143 0.143 0.141 0.141 0.141 0.139 0.139 0.1455 0.1455 0.1545 0.1545 0.1585 0.1585 0.1585 0.1475 0.1475 0.153 0.153 0.1505 0.1505 0.1505 0.1515 0.1515 0.148 0.148 0.1445 0.1445 0.1445 0.1525 0.1525 0.15 0.15 0.1455 0.1455 0.1455 0.146 0.146 0.1425 0.1425 0.1565 0.1565 0.1565 0.1555 0.1555 0.1505 0.1505 0.1505 0.1505 0.155 0.155 0.155 0.1495 0.1495 0.1505 0.1505 0.165 0.165 0.165 0.1675 0.1675 0.1705 0.1705 0.166 0.166 0.166 0.159 0.159 0.1395 0.1395 0.1395 0.1395 0.1395 0.137 0.137 0.136
