ndvi/NOAA-367.asc
ncols         252
nrows         154
xllcorner     -18.017974
yllcorner     13.481982
cellsize      0.035948
NODATA_value  -9999
[rows 34 to 67 of 154, columns 156 to 233 of 252]
0.11 0.0985 0.0985 0.0985 0.102 0.102 0.098 0.098 0.1015 0.1015 0.0885 0.0885 0.0885 0.108 0.108 0.0935 0.0935 0.091 0.091 0.091 0.09450001 0.09450001 0.1155 0.1155 0.1125 0.1125 0.1125 0.115 0.115 0.1075 0.1075 0.1125 0.1125 0.1125 0.119 0.119 0.115 0.115 0.111 0.111 0.111 0.1035 0.1035 0.086 0.086 0.0925 0.0925 0.101 0.101 0.101 0.1025 0.1025 0.1045 0.1045 0.1055 0.1055 0.1055 0.098 0.098 0.0995 0.0995 0.099 0.099 0.099 0.09999999 0.09999999 0.0985 0.0985 0.0985 0.0985 0.0985 0.09299999 0.09299999 0.0975 0.0975 0.0945 0.0945 0.0945
0.11 0.0985 0.0985 0.0985 0.102 0.102 0.098 0.098 0.1015 0.1015 0.0885 0.0885 0.0885 0.108 0.108 0.0935 0.0935 0.091 0.091 0.091 0.09450001 0.09450001 0.1155 0.1155 0.1125 0.1125 0.1125 0.115 0.115 0.1075 0.1075 0.1125 0.1125 0.1125 0.119 0.119 0.115 0.115 0.111 0.111 0.111 0.1035 0.1035 0.086 0.086 0.0925 0.0925 0.101 0.101 0.101 0.1025 0.1025 0.1045 0.1045 0.1055 0.1055 0.1055 0.098 0.098 0.0995 0.0995 0.099 0.099 0.099 0.09999999 0.09999999 0.0985 0.0985 0.0985 0.0985 0.0985 0.09299999 0.09299999 0.0975 0.0975 0.0945 0.0945 0.0945
0.11 0.0985 0.0985 0.0985 0.102 0.102 0.098 0.098 0.1015 0.1015 0.0885 0.0885 0.0885 0.108 0.108 0.0935 0.0935 0.091 0.091 0.091 0.09450001 0.09450001 0.1155 0.1155 0.1125 0.1125 0.1125 0.115 0.115 0.1075 0.1075 0.1125 0.1125 0.1125 0.119 0.119 0.115 0.115 0.111 0.111 0.111 0.1035 0.1035 0.086 0.086 0.0925 0.0925 0.101 0.101 0.101 0.1025 0.1025 0.1045 0.1045 0.1055 0.1055 0.1055 0.098 0.098 0.0995 0.0995 0.099 0.099 0.099 0.09999999 0.09999999 0.0985 0.0985 0.0985 0.0985 0.0985 0.09299999 0.09299999 0.0975 0.0975 0.0945 0.0945 0.0945
0.0975 0.0825 0.0825 0.0825 0.1155 0.1155 0.1135 0.1135 0.0985 0.0985 0.1075 0.1075 0.1075 0.0875 0.0875 0.099 0.099 0.0995 0.0995 0.0995 0.098 0.098 0.0995 0.0995 0.111 0.111 0.111 0.09299999 0.09299999 0.1055 0.1055 0.1075 0.1075 0.1075 0.112 0.112 0.118 0.118 0.113 0.113 0.113 0.098 0.098 0.0855 0.0855 0.1045 0.1045 0.108 0.108 0.108 0.102 0.102 0.0965 0.0965 0.1035 0.1035 0.1035 0.0975 0.0975 0.0985 0.0985 0.1035 0.1035 0.1035 0.095 0.095 0.0995 0.0995 0.1035 0.1035 0.1035 0.103 0.103 0.103 0.103 0.097 0.097 0.097
0.0975 0.0825 0.0825 0.0825 0.1155 0.1155 0.1135 0.1135 0.0985 0.0985 0.1075 0.1075 0.1075 0.0875 0.0875 0.099 0.099 0.0995 0.0995 0.0995 0.098 0.098 0.0995 0.0995 0.111 0.111 0.111 0.09299999 0.09299999 0.1055 0.1055 0.1075 0.1075 0.1075 0.112 0.112 0.118 0.118 0.113 0.113 0.113 0.098 0.098 0.0855 0.0855 0.1045 0.1045 0.108 0.108 0.108 0.102 0.102 0.0965 0.0965 0.1035 0.1035 0.1035 0.0975 0.0975 0.0985 0.0985 0.1035 0.1035 0.1035 0.095 0.095 0.0995 0.0995 0.1035 0.1035 0.1035 0.103 0.103 0.103 0.103 0.097 0.097 0.097
0.1265 0.115 0.115 0.115 0.104 0.104 0.1045 0.1045 0.0935 0.0935 0.1045 0.1045 0.1045 0.1045 0.1045 0.0925 0.0925 0.097 0.097 0.097 0.09999999 0.09999999 0.1045 0.1045 0.088 0.088 0.088 0.092 0.092 0.099 0.099 0.087 0.087 0.087 0.12 0.12 0.1095 0.1095 0.102 0.102 0.102 0.098 0.098 0.104 0.104 0.1175 0.1175 0.1165 0.1165 0.1165 0.1095 0.1095 0.113 0.113 0.117 0.117 0.117 0.115 0.115 0.1135 0.1135 0.1135 0.1135 0.1135 0.104 0.104 0.103 0.103 0.105 0.105 0.105 0.1095 0.1095 0.108 0.108 0.105 0.105 0.105
0.1265 0.115 0.115 0.115 0.104 0.104 0.1045 0.1045 0.0935 0.0935 0.1045 0.1045 0.1045 0.1045 0.1045 0.0925 0.0925 0.097 0.097 0.097 0.09999999 0.09999999 0.1045 0.1045 0.088 0.088 0.088 0.092 0.092 0.099 0.099 0.087 0.087 0.087 0.12 0.12 0.1095 0.1095 0.102 0.102 0.102 0.098 0.098 0.104 0.104 0.1175 0.1175 0.1165 0.1165 0.1165 0.1095 0.1095 0.113 0.113 0.117 0.117 0.117 0.115 0.115 0.1135 0.1135 0.1135 0.1135 0.1135 0.104 0.104 0.103 0.103 0.105 0.105 0.105 0.1095 0.1095 0.108 0.108 0.105 0.105 0.105
0.1255 0.112 0.112 0.112 0.1215 0.1215 0.099 0.099 0.1005 0.1005 0.108 0.108 0.108 0.116 0.116 0.113 0.113 0.107 0.107 0.107 0.1205 0.1205 0.0855 0.0855 0.094 0.094 0.094 0.0935 0.0935 0.0885 0.0885 0.09450001 0.09450001 0.09450001 0.075 0.075 0.07099999 0.07099999 0.061 0.061 0.061 0.1115 0.1115 0.078 0.078 0.1065 0.1065 0.0705 0.0705 0.0705 0.0685 0.0685 0.0665 0.0665 0.0955 0.0955 0.0955 0.083 0.083 0.105 0.105 0.0835 0.0835 0.0835 0.1215 0.1215 0.113 0.113 0.1105 0.1105 0.1105 0.115 0.115 0.131 0.131 0.136 0.136 0.136
0.1255 0.112 0.112 0.112 0.1215 0.1215 0.099 0.099 0.1005 0.1005 0.108 0.108 0.108 0.116 0.116 0.113 0.113 0.107 0.107 0.107 0.1205 0.1205 0.0855 0.0855 0.094 0.094 0.094 0.0935 0.0935 0.0885 0.0885 0.09450001 0.09450001 0.09450001 0.075 0.075 0.07099999 0.07099999 0.061 0.061 0.061 0.1115 0.1115 0.078 0.078 0.1065 0.1065 0.0705 0.0705 0.0705 0.0685 0.0685 0.0665 0.0665 0.0955 0.0955 0.0955 0.083 0.083 0.105 0.105 0.0835 0.0835 0.0835 0.1215 0.1215 0.113 0.113 0.1105 0.1105 0.1105 0.115 0.115 0.131 0.131 0.136 0.136 0.136
0.1255 0.112 0.112 0.112 0.1215 0.1215 0.099 0.099 0.1005 0.1005 0.108 0.108 0.108 0.116 0.116 0.113 0.113 0.107 0.107 0.107 0.1205 0.1205 0.0855 0.0855 0.094 0.094 0.094 0.0935 0.0935 0.0885 0.0885 0.09450001 0.09450001 0.09450001 0.075 0.075 0.07099999 0.07099999 0.061 0.061 0.061 0.1115 0.1115 0.078 0.078 0.1065 0.1065 0.0705 0.0705 0.0705 0.0685 0.0685 0.0665 0.0665 0.0955 0.0955 0.0955 0.083 0.083 0.105 0.105 0.0835 0.0835 0.0835 0.1215 0.1215 0.113 0.113 0.1105 0.1105 0.1105 0.115 0.115 0.131 0.131 0.136 0.136 0.136
0.0935 0.09999999 0.09999999 0.09999999 0.1125 0.1125 0.089 0.089 0.0975 0.0975 0.08 0.08 0.08 0.086 0.086 0.0955 0.0955 0.1105 0.1105 0.1105 0.1 0.1 0.0665 0.0665 0.0935 0.0935 0.0935 0.0855 0.0855 0.1035 0.1035 0.086 0.086 0.086 0.0755 0.0755 0.1055 0.1055 0.069 0.069 0.069 0.0705 0.0705 0.0755 0.0755 0.084 0.084 0.076 0.076 0.076 0.0725 0.0725 0.075 0.075 0.0805 0.0805 0.0805 0.09450001 0.09450001 0.1045 0.1045 0.09 0.09 0.09 0.073 0.073 0.1155 0.1155 0.107 0.107 0.107 0.137 0.137 0.134 0.134 0.137 0.137 0.137
0.0935 0.09999999 0.09999999 0.09999999 0.1125 0.1125 0.089 0.089 0.0975 0.0975 0.08 0.08 0.08 0.086 0.086 0.0955 0.0955 0.1105 0.1105 0.1105 0.1 0.1 0.0665 0.0665 0.0935 0.0935 0.0935 0.0855 0.0855 0.1035 0.1035 0.086 0.086 0.086 0.0755 0.0755 0.1055 0.1055 0.069 0.069 0.069 0.0705 0.0705 0.0755 0.0755 0.084 0.084 0.076 0.076 0.076 0.0725 0.0725 0.075 0.075 0.0805 0.0805 0.0805 0.09450001 0.09450001 0.1045 0.1045 0.09 0.09 0.09 0.073 0.073 0.1155 0.1155 0.107 0.107 0.107 0.137 0.137 0.134 0.134 0.137 0.137 0.137
0.088 0.123 0.123 0.123 0.11 0.11 0.1125 0.1125 0.128 0.128 0.126 0.126 0.126 0.122 0.122 0.1065 0.1065 0.123 0.123 0.123 0.08400001 0.08400001 0.116 0.116 0.1085 0.1085 0.1085 0.0945 0.0945 0.104 0.104 0.098 0.098 0.098 0.0555 0.0555 0.087 0.087 0.104 0.104 0.104 0.1025 0.1025 0.079 0.079 0.0985 0.0985 0.052 0.052 0.052 0.0735 0.0735 0.06900001 0.06900001 0.07799999 0.07799999 0.07799999 0.0615 0.0615 0.088 0.088 0.079 0.079 0.079 0.096 0.096 0.113 0.113 0.1345 0.1345 0.1345 0.1425 0.1425 0.16 0.16 0.1495 0.1495 0.1495
0.088 0.123 0.123 0.123 0.11 0.11 0.1125 0.1125 0.128 0.128 0.126 0.126 0.126 0.122 0.122 0.1065 0.1065 0.123 0.123 0.123 0.08400001 0.08400001 0.116 0.116 0.1085 0.1085 0.1085 0.0945 0.0945 0.104 0.104 0.098 0.098 0.098 0.0555 0.0555 0.087 0.087 0.104 0.104 0.104 0.1025 0.1025 0.079 0.079 0.0985 0.0985 0.052 0.052 0.052 0.0735 0.0735 0.06900001 0.06900001 0.07799999 0.07799999 0.07799999 0.0615 0.0615 0.088 0.088 0.079 0.079 0.079 0.096 0.096 0.113 0.113 0.1345 0.1345 0.1345 0.1425 0.1425 0.16 0.16 0.1495 0.1495 0.1495
0.025 0.0985 0.0985 0.0985 0.1475 0.1475 0.166 0.166 0.147 0.147 0.1535 0.1535 0.1535 0.1375 0.1375 0.1235 0.1235 0.105 0.105 0.105 0.094 0.094 0.156 0.156 0.14 0.14 0.14 0.1115 0.1115 0.1065 0.1065 0.0895 0.0895 0.0895 0.083 0.083 0.077 0.077 0.106 0.106 0.106 0.099 0.099 0.0925 0.0925 0.095 0.095 0.096 0.096 0.096 0.08 0.08 0.085 0.085 0.0595 0.0595 0.0595 0.064 0.064 0.0855 0.0855 0.096 0.096 0.096 0.1015 0.1015 0.08400001 0.08400001 0.145 0.145 0.145 0.171 0.171 0.158 0.158 0.158 0.158 0.158
0.025 0.0985 0.0985 0.0985 0.1475 0.1475 0.166 0.166 0.147 0.147 0.1535 0.1535 0.1535 0.1375 0.1375 0.1235 0.1235 0.105 0.105 0.105 0.094 0.094 0.156 0.156 0.14 0.14 0.14 0.1115 0.1115 0.1065 0.1065 0.0895 0.0895 0.0895 0.083 0.083 0.077 0.077 0.106 0.106 0.106 0.099 0.099 0.0925 0.0925 0.095 0.095 0.096 0.096 0.096 0.08 0.08 0.085 0.085 0.0595 0.0595 0.0595 0.064 0.064 0.0855 0.0855 0.096 0.096 0.096 0.1015 0.1015 0.08400001 0.08400001 0.145 0.145 0.145 0.171 0.171 0.158 0.158 0.158 0.158 0.158
0.025 0.0985 0.0985 0.0985 0.1475 0.1475 0.166 0.166 0.147 0.147 0.1535 0.1535 0.1535 0.1375 0.1375 0.1235 0.1235 0.105 0.105 0.105 0.094 0.094 0.156 0.156 0.14 0.14 0.14 0.1115 0.1115 0.1065 0.1065 0.0895 0.0895 0.0895 0.083 0.083 0.077 0.077 0.106 0.106 0.106 0.099 0.099 0.0925 0.0925 0.095 0.095 0.096 0.096 0.096 0.08 0.08 0.085 0.085 0.0595 0.0595 0.0595 0.064 0.064 0.0855 0.0855 0.096 0.096 0.096 0.1015 0.1015 0.08400001 0.08400001 0.145 0.145 0.145 0.171 0.171 0.158 0.158 0.158 0.158 0.158
0.087 0.1365 0.1365 0.1365 0.1455 0.1455 0.233 0.233 0.185 0.185 0.1575 0.1575 0.1575 0.1345 0.1345 0.1125 0.1125 0.1185 0.1185 0.1185 0.158 0.158 0.181 0.181 0.145 0.145 0.145 0.1225 0.1225 0.135 0.135 0.1265 0.1265 0.1265 0.1015 0.1015 0.09999999 0.09999999 0.154 0.154 0.154 0.11 0.11 0.125 0.125 0.076 0.076 0.065 0.065 0.065 0.08 0.08 0.073 0.073 0.07449999 0.07449999 0.07449999 0.09649999 0.09649999 0.1015 0.1015 0.096 0.096 0.096 0.1075 0.1075 0.064 0.064 0.1485 0.1485 0.1485 0.1645 0.1645 0.155 0.155 0.168 0.168 0.168
0.087 0.1365 0.1365 0.1365 0.1455 0.1455 0.233 0.233 0.185 0.185 0.1575 0.1575 0.1575 0.1345 0.1345 0.1125 0.1125 0.1185 0.1185 0.1185 0.158 0.158 0.181 0.181 0.145 0.145 0.145 0.1225 0.1225 0.135 0.135 0.1265 0.1265 0.1265 0.1015 0.1015 0.09999999 0.09999999 0.154 0.154 0.154 0.11 0.11 0.125 0.125 0.076 0.076 0.065 0.065 0.065 0.08 0.08 0.073 0.073 0.07449999 0.07449999 0.07449999 0.09649999 0.09649999 0.1015 0.1015 0.096 0.096 0.096 0.1075 0.1075 0.064 0.064 0.1485 0.1485 0.1485 0.1645 0.1645 0.155 0.155 0.168 0.168 0.168
0.0945 0.1545 0.1545 0.1545 0.226 0.226 0.234 0.234 0.2175 0.2175 0.1855 0.1855 0.1855 0.102 0.102 0.0705 0.0705 0.1275 0.1275 0.1275 0.1485 0.1485 0.168 0.168 0.1495 0.1495 0.1495 0.1445 0.1445 0.167 0.167 0.217 0.217 0.217 0.1715 0.1715 0.1675 0.1675 0.1575 0.1575 0.1575 0.132 0.132 0.1125 0.1125 0.0765 0.0765 0.0845 0.0845 0.0845 0.1115 0.1115 0.107 0.107 0.123 0.123 0.123 0.1145 0.1145 0.1005 0.1005 0.1435 0.1435 0.1435 0.1085 0.1085 0.1325 0.1325 0.156 0.156 0.156 0.221 0.221 0.2595 0.2595 0.153 0.153 0.153
0.0945 0.1545 0.1545 0.1545 0.226 0.226 0.234 0.234 0.2175 0.2175 0.1855 0.1855 0.1855 0.102 0.102 0.0705 0.0705 0.1275 0.1275 0.1275 0.1485 0.1485 0.168 0.168 0.1495 0.1495 0.1495 0.1445 0.1445 0.167 0.167 0.217 0.217 0.217 0.1715 0.1715 0.1675 0.1675 0.1575 0.1575 0.1575 0.132 0.132 0.1125 0.1125 0.0765 0.0765 0.0845 0.0845 0.0845 0.1115 0.1115 0.107 0.107 0.123 0.123 0.123 0.1145 0.1145 0.1005 0.1005 0.1435 0.1435 0.1435 0.1085 0.1085 0.1325 0.1325 0.156 0.156 0.156 0.221 0.221 0.2595 0.2595 0.153 0.153 0.153
0.094 0.1525 0.1525 0.1525 0.1655 0.1655 0.214 0.214 0.206 0.206 0.1765 0.1765 0.1765 0.1705 0.1705 0.1475 0.1475 0.163 0.163 0.163 0.1555 0.1555 0.179 0.179 0.171 0.171 0.171 0.151 0.151 0.1555 0.1555 0.1725 0.1725 0.1725 0.162 0.162 0.1905 0.1905 0.157 0.157 0.157 0.1085 0.1085 0.1075 0.1075 0.136 0.136 0.122 0.122 0.122 0.1135 0.1135 0.1615 0.1615 0.141 0.141 0.141 0.138 0.138 0.132 0.132 0.1485 0.1485 0.1485 0.151 0.151 0.14 0.14 0.16 0.16 0.16 0.2 0.2 0.1915 0.1915 0.1335 0.1335 0.1335
0.094 0.1525 0.1525 0.1525 0.1655 0.1655 0.214 0.214 0.206 0.206 0.1765 0.1765 0.1765 0.1705 0.1705 0.1475 0.1475 0.163 0.163 0.163 0.1555 0.1555 0.179 0.179 0.171 0.171 0.171 0.151 0.151 0.1555 0.1555 0.1725 0.1725 0.1725 0.162 0.162 0.1905 0.1905 0.157 0.157 0.157 0.1085 0.1085 0.1075 0.1075 0.136 0.136 0.122 0.122 0.122 0.1135 0.1135 0.1615 0.1615 0.141 0.141 0.141 0.138 0.138 0.132 0.132 0.1485 0.1485 0.1485 0.151 0.151 0.14 0.14 0.16 0.16 0.16 0.2 0.2 0.1915 0.1915 0.1335 0.1335 0.1335
0.0815 0.109 0.109 0.109 0.1455 0.1455 0.1495 0.1495 0.1725 0.1725 0.1755 0.1755 0.1755 0.158 0.158 0.169 0.169 0.1815 0.1815 0.1815 0.171 0.171 0.177 0.177 0.158 0.158 0.158 0.1605 0.1605 0.188 0.188 0.2035 0.2035 0.2035 0.2065 0.2065 0.1745 0.1745 0.169 0.169 0.169 0.1215 0.1215 0.1705 0.1705 0.1135 0.1135 0.127 0.127 0.127 0.1175 0.1175 0.1305 0.1305 0.109 0.109 0.109 0.154 0.154 0.1495 0.1495 0.1385 0.1385 0.1385 0.1745 0.1745 0.183 0.183 0.164 0.164 0.164 0.145 0.145 0.164 0.164 0.1405 0.1405 0.1405
0.0815 0.109 0.109 0.109 0.1455 0.1455 0.1495 0.1495 0.1725 0.1725 0.1755 0.1755 0.1755 0.158 0.158 0.169 0.169 0.1815 0.1815 0.1815 0.171 0.171 0.177 0.177 0.158 0.158 0.158 0.1605 0.1605 0.188 0.188 0.2035 0.2035 0.2035 0.2065 0.2065 0.1745 0.1745 0.169 0.169 0.169 0.1215 0.1215 0.1705 0.1705 0.1135 0.1135 0.127 0.127 0.127 0.1175 0.1175 0.1305 0.1305 0.109 0.109 0.109 0.154 0.154 0.1495 0.1495 0.1385 0.1385 0.1385 0.1745 0.1745 0.183 0.183 0.164 0.164 0.164 0.145 0.145 0.164 0.164 0.1405 0.1405 0.1405
0.0815 0.109 0.109 0.109 0.1455 0.1455 0.1495 0.1495 0.1725 0.1725 0.1755 0.1755 0.1755 0.158 0.158 0.169 0.169 0.1815 0.1815 0.1815 0.171 0.171 0.177 0.177 0.158 0.158 0.158 0.1605 0.1605 0.188 0.188 0.2035 0.2035 0.2035 0.2065 0.2065 0.1745 0.1745 0.169 0.169 0.169 0.1215 0.1215 0.1705 0.1705 0.1135 0.1135 0.127 0.127 0.127 0.1175 0.1175 0.1305 0.1305 0.109 0.109 0.109 0.154 0.154 0.1495 0.1495 0.1385 0.1385 0.1385 0.1745 0.1745 0.183 0.183 0.164 0.164 0.164 0.145 0.145 0.164 0.164 0.1405 0.1405 0.1405
0.0765 0.101 0.101 0.101 0.1435 0.1435 0.142 0.142 0.147 0.147 0.1775 0.1775 0.1775 0.1715 0.1715 0.2075 0.2075 0.232 0.232 0.232 0.209 0.209 0.1795 0.1795 0.2055 0.2055 0.2055 0.1705 0.1705 0.19 0.19 0.2145 0.2145 0.2145 0.1945 0.1945 0.206 0.206 0.163 0.163 0.163 0.133 0.133 0.092 0.092 0.094 0.094 0.1245 0.1245 0.1245 0.147 0.147 0.106 0.106 0.1435 0.1435 0.1435 0.1375 0.1375 0.1355 0.1355 0.1365 0.1365 0.1365 0.149 0.149 0.1725 0.1725 0.1155 0.1155 0.1155 0.133 0.133 0.1365 0.1365 0.127 0.127 0.127
0.0765 0.101 0.101 0.101 0.1435 0.1435 0.142 0.142 0.147 0.147 0.1775 0.1775 0.1775 0.1715 0.1715 0.2075 0.2075 0.232 0.232 0.232 0.209 0.209 0.1795 0.1795 0.2055 0.2055 0.2055 0.1705 0.1705 0.19 0.19 0.2145 0.2145 0.2145 0.1945 0.1945 0.206 0.206 0.163 0.163 0.163 0.133 0.133 0.092 0.092 0.094 0.094 0.1245 0.1245 0.1245 0.147 0.147 0.106 0.106 0.1435 0.1435 0.1435 0.1375 0.1375 0.1355 0.1355 0.1365 0.1365 0.1365 0.149 0.149 0.1725 0.1725 0.1155 0.1155 0.1155 0.133 0.133 0.1365 0.1365 0.127 0.127 0.127
0.1 0.08 0.08 0.08 0.1015 0.1015 0.1145 0.1145 0.131 0.131 0.143 0.143 0.143 0.1845 0.1845 0.2335 0.2335 0.268 0.268 0.268 0.2395 0.2395 0.202 0.202 0.1605 0.1605 0.1605 0.197 0.197 0.2415 0.2415 0.2225 0.2225 0.2225 0.186 0.186 0.171 0.171 0.139 0.139 0.139 0.1225 0.1225 0.1445 0.1445 0.157 0.157 0.1845 0.1845 0.1845 0.1685 0.1685 0.158 0.158 0.1535 0.1535 0.1535 0.155 0.155 0.1625 0.1625 0.167 0.167 0.167 0.171 0.171 0.1235 0.1235 0.075 0.075 0.075 0.157 0.157 0.141 0.141 0.143 0.143 0.143
0.1 0.08 0.08 0.08 0.1015 0.1015 0.1145 0.1145 0.131 0.131 0.143 0.143 0.143 0.1845 0.1845 0.2335 0.2335 0.268 0.268 0.268 0.2395 0.2395 0.202 0.202 0.1605 0.1605 0.1605 0.197 0.197 0.2415 0.2415 0.2225 0.2225 0.2225 0.186 0.186 0.171 0.171 0.139 0.139 0.139 0.1225 0.1225 0.1445 0.1445 0.157 0.157 0.1845 0.1845 0.1845 0.1685 0.1685 0.158 0.158 0.1535 0.1535 0.1535 0.155 0.155 0.1625 0.1625 0.167 0.167 0.167 0.171 0.171 0.1235 0.1235 0.075 0.075 0.075 0.157 0.157 0.141 0.141 0.143 0.143 0.143
0.0455 0.088 0.088 0.088 0.09 0.09 0.131 0.131 0.1595 0.1595 0.1805 0.1805 0.1805 0.2195 0.2195 0.244 0.244 0.259 0.259 0.259 0.295 0.295 0.267 0.267 0.1915 0.1915 0.1915 0.1785 0.1785 0.197 0.197 0.1955 0.1955 0.1955 0.1805 0.1805 0.1685 0.1685 0.1365 0.1365 0.1365 0.1405 0.1405 0.165 0.165 0.1985 0.1985 0.222 0.222 0.222 0.238 0.238 0.2005 0.2005 0.185 0.185 0.185 0.17 0.17 0.183 0.183 0.2155 0.2155 0.2155 0.1865 0.1865 0.185 0.185 0.129 0.129 0.129 0.124 0.124 0.1715 0.1715 0.154 0.154 0.154
0.0455 0.088 0.088 0.088 0.09 0.09 0.131 0.131 0.1595 0.1595 0.1805 0.1805 0.1805 0.2195 0.2195 0.244 0.244 0.259 0.259 0.259 0.295 0.295 0.267 0.267 0.1915 0.1915 0.1915 0.1785 0.1785 0.197 0.197 0.1955 0.1955 0.1955 0.1805 0.1805 0.1685 0.1685 0.1365 0.1365 0.1365 0.1405 0.1405 0.165 0.165 0.1985 0.1985 0.222 0.222 0.222 0.238 0.238 0.2005 0.2005 0.185 0.185 0.185 0.17 0.17 0.183 0.183 0.2155 0.2155 0.2155 0.1865 0.1865 0.185 0.185 0.129 0.129 0.129 0.124 0.124 0.1715 0.1715 0.154 0.154 0.154
0.0455 0.088 0.088 0.088 0.09 0.09 0.131 0.131 0.1595 0.1595 0.1805 0.1805 0.1805 0.2195 0.2195 0.244 0.244 0.259 0.259 0.259 0.295 0.295 0.267 0.267 0.1915 0.1915 0.1915 0.1785 0.1785 0.197 0.197 0.1955 0.1955 0.1955 0.1805 0.1805 0.1685 0.1685 0.1365 0.1365 0.1365 0.1405 0.1405 0.165 0.165 0.1985 0.1985 0.222 0.222 0.222 0.238 0.238 0.2005 0.2005 0.185 0.185 0.185 0.17 0.17 0.183 0.183 0.2155 0.2155 0.2155 0.1865 0.1865 0.185 0.185 0.129 0.129 0.129 0.124 0.124 0.1715 0.1715 0.154 0.154 0.154
0.1085 0.1195 0.1195 0.1195 0.136 0.136 0.1475 0.1475 0.167 0.167 0.1545 0.1545 0.1545 0.2155 0.2155 0.261 0.261 0.268 0.268 0.268 0.2735 0.2735 0.2645 0.2645 0.1885 0.1885 0.1885 0.195 0.195 0.222 0.222 0.2095 0.2095 0.2095 0.174 0.174 0.192 0.192 0.1485 0.1485 0.1485 0.187 0.187 0.178 0.178 0.2005 0.2005 0.225 0.225 0.225 0.2355 0.2355 0.2175 0.2175 0.251 0.251 0.251 0.217 0.217 0.1945 0.1945 0.209 0.209 0.209 0.168 0.168 0.1705 0.1705 0.225 0.225 0.225 0.223 0.223 0.206 0.206 0.205 0.205 0.205
