ndvi/NOAA-144.asc
ncols         252
nrows         154
xllcorner     -18.017974
yllcorner     13.481982
cellsize      0.035948
NODATA_value  -9999
[rows 102 to 135 of 154, columns 154 to 230 of 252]
0.235 0.216 0.216 0.206 0.206 0.206 0.197 0.197 0.221 0.221 0.237 0.237 0.241 0.241 0.241 0.2335 0.2335 0.253 0.253 0.259 0.259 0.259 0.2505 0.2505 0.241 0.241 0.2475 0.2475 0.2475 0.244 0.244 0.247 0.247 0.242 0.242 0.242 0.2475 0.2475 0.2455 0.2455 0.255 0.255 0.255 0.2615 0.2615 0.259 0.259 0.272 0.272 0.245 0.245 0.245 0.221 0.221 0.215 0.215 0.198 0.198 0.198 0.1975 0.1975 0.199 0.199 0.232 0.232 0.232 0.2325 0.2325 0.2335 0.2335 0.2195 0.2195 0.2195 0.234 0.234 0.237 0.237
0.207 0.217 0.217 0.2145 0.2145 0.2145 0.212 0.212 0.228 0.228 0.2395 0.2395 0.246 0.246 0.246 0.228 0.228 0.2435 0.2435 0.252 0.252 0.252 0.241 0.241 0.2275 0.2275 0.25 0.25 0.25 0.2635 0.2635 0.2525 0.2525 0.2415 0.2415 0.2415 0.2365 0.2365 0.25 0.25 0.2505 0.2505 0.2505 0.2565 0.2565 0.2755 0.2755 0.3075 0.3075 0.302 0.302 0.302 0.26 0.26 0.2185 0.2185 0.2145 0.2145 0.2145 0.2255 0.2255 0.226 0.226 0.25 0.25 0.25 0.2595 0.2595 0.251 0.251 0.2115 0.2115 0.2115 0.227 0.227 0.265 0.265
0.207 0.217 0.217 0.2145 0.2145 0.2145 0.212 0.212 0.228 0.228 0.2395 0.2395 0.246 0.246 0.246 0.228 0.228 0.2435 0.2435 0.252 0.252 0.252 0.241 0.241 0.2275 0.2275 0.25 0.25 0.25 0.2635 0.2635 0.2525 0.2525 0.2415 0.2415 0.2415 0.2365 0.2365 0.25 0.25 0.2505 0.2505 0.2505 0.2565 0.2565 0.2755 0.2755 0.3075 0.3075 0.302 0.302 0.302 0.26 0.26 0.2185 0.2185 0.2145 0.2145 0.2145 0.2255 0.2255 0.226 0.226 0.25 0.25 0.25 0.2595 0.2595 0.251 0.251 0.2115 0.2115 0.2115 0.227 0.227 0.265 0.265
0.207 0.217 0.217 0.2145 0.2145 0.2145 0.212 0.212 0.228 0.228 0.2395 0.2395 0.246 0.246 0.246 0.228 0.228 0.2435 0.2435 0.252 0.252 0.252 0.241 0.241 0.2275 0.2275 0.25 0.25 0.25 0.2635 0.2635 0.2525 0.2525 0.2415 0.2415 0.2415 0.2365 0.2365 0.25 0.25 0.2505 0.2505 0.2505 0.2565 0.2565 0.2755 0.2755 0.3075 0.3075 0.302 0.302 0.302 0.26 0.26 0.2185 0.2185 0.2145 0.2145 0.2145 0.2255 0.2255 0.226 0.226 0.25 0.25 0.25 0.2595 0.2595 0.251 0.251 0.2115 0.2115 0.2115 0.227 0.227 0.265 0.265
0.237 0.241 0.241 0.2375 0.2375 0.2375 0.2355 0.2355 0.2365 0.2365 0.252 0.252 0.247 0.247 0.247 0.238 0.238 0.2405 0.2405 0.2185 0.2185 0.2185 0.229 0.229 0.24 0.24 0.2465 0.2465 0.2465 0.267 0.267 0.2855 0.2855 0.271 0.271 0.271 0.269 0.269 0.258 0.258 0.279 0.279 0.279 0.3105 0.3105 0.2895 0.2895 0.258 0.258 0.2765 0.2765 0.2765 0.279 0.279 0.336 0.336 0.34 0.34 0.34 0.2325 0.2325 0.24 0.24 0.2395 0.2395 0.2395 0.272 0.272 0.273 0.273 0.245 0.245 0.245 0.261 0.261 0.265 0.265
0.237 0.241 0.241 0.2375 0.2375 0.2375 0.2355 0.2355 0.2365 0.2365 0.252 0.252 0.247 0.247 0.247 0.238 0.238 0.2405 0.2405 0.2185 0.2185 0.2185 0.229 0.229 0.24 0.24 0.2465 0.2465 0.2465 0.267 0.267 0.2855 0.2855 0.271 0.271 0.271 0.269 0.269 0.258 0.258 0.279 0.279 0.279 0.3105 0.3105 0.2895 0.2895 0.258 0.258 0.2765 0.2765 0.2765 0.279 0.279 0.336 0.336 0.34 0.34 0.34 0.2325 0.2325 0.24 0.24 0.2395 0.2395 0.2395 0.272 0.272 0.273 0.273 0.245 0.245 0.245 0.261 0.261 0.265 0.265
0.2585 0.267 0.267 0.245 0.245 0.245 0.2375 0.2375 0.2405 0.2405 0.25 0.25 0.252 0.252 0.252 0.2475 0.2475 0.2455 0.2455 0.2265 0.2265 0.2265 0.2325 0.2325 0.2545 0.2545 0.2485 0.2485 0.2485 0.257 0.257 0.2785 0.2785 0.2845 0.2845 0.2845 0.2795 0.2795 0.2985 0.2985 0.299 0.299 0.299 0.2525 0.2525 0.259 0.259 0.2605 0.2605 0.241 0.241 0.241 0.2595 0.2595 0.2755 0.2755 0.3315 0.3315 0.3315 0.2695 0.2695 0.259 0.259 0.258 0.258 0.258 0.2805 0.2805 0.2685 0.2685 0.275 0.275 0.275 0.257 0.257 0.2795 0.2795
0.2585 0.267 0.267 0.245 0.245 0.245 0.2375 0.2375 0.2405 0.2405 0.25 0.25 0.252 0.252 0.252 0.2475 0.2475 0.2455 0.2455 0.2265 0.2265 0.2265 0.2325 0.2325 0.2545 0.2545 0.2485 0.2485 0.2485 0.257 0.257 0.2785 0.2785 0.2845 0.2845 0.2845 0.2795 0.2795 0.2985 0.2985 0.299 0.299 0.299 0.2525 0.2525 0.259 0.259 0.2605 0.2605 0.241 0.241 0.241 0.2595 0.2595 0.2755 0.2755 0.3315 0.3315 0.3315 0.2695 0.2695 0.259 0.259 0.258 0.258 0.258 0.2805 0.2805 0.2685 0.2685 0.275 0.275 0.275 0.257 0.257 0.2795 0.2795
0.2465 0.274 0.274 0.2665 0.2665 0.2665 0.2575 0.2575 0.2375 0.2375 0.237 0.237 0.2405 0.2405 0.2405 0.244 0.244 0.253 0.253 0.2415 0.2415 0.2415 0.256 0.256 0.254 0.254 0.2575 0.2575 0.2575 0.2665 0.2665 0.2665 0.2665 0.2765 0.2765 0.2765 0.2855 0.2855 0.277 0.277 0.2635 0.2635 0.2635 0.255 0.255 0.26 0.26 0.268 0.268 0.241 0.241 0.241 0.262 0.262 0.251 0.251 0.23 0.23 0.23 0.255 0.255 0.2765 0.2765 0.2775 0.2775 0.2775 0.29 0.29 0.278 0.278 0.266 0.266 0.266 0.2405 0.2405 0.294 0.294
0.2465 0.274 0.274 0.2665 0.2665 0.2665 0.2575 0.2575 0.2375 0.2375 0.237 0.237 0.2405 0.2405 0.2405 0.244 0.244 0.253 0.253 0.2415 0.2415 0.2415 0.256 0.256 0.254 0.254 0.2575 0.2575 0.2575 0.2665 0.2665 0.2665 0.2665 0.2765 0.2765 0.2765 0.2855 0.2855 0.277 0.277 0.2635 0.2635 0.2635 0.255 0.255 0.26 0.26 0.268 0.268 0.241 0.241 0.241 0.262 0.262 0.251 0.251 0.23 0.23 0.23 0.255 0.255 0.2765 0.2765 0.2775 0.2775 0.2775 0.29 0.29 0.278 0.278 0.266 0.266 0.266 0.2405 0.2405 0.294 0.294
0.2465 0.274 0.274 0.2665 0.2665 0.2665 0.2575 0.2575 0.2375 0.2375 0.237 0.237 0.2405 0.2405 0.2405 0.244 0.244 0.253 0.253 0.2415 0.2415 0.2415 0.256 0.256 0.254 0.254 0.2575 0.2575 0.2575 0.2665 0.2665 0.2665 0.2665 0.2765 0.2765 0.2765 0.2855 0.2855 0.277 0.277 0.2635 0.2635 0.2635 0.255 0.255 0.26 0.26 0.268 0.268 0.241 0.241 0.241 0.262 0.262 0.251 0.251 0.23 0.23 0.23 0.255 0.255 0.2765 0.2765 0.2775 0.2775 0.2775 0.29 0.29 0.278 0.278 0.266 0.266 0.266 0.2405 0.2405 0.294 0.294
0.2385 0.252 0.252 0.259 0.259 0.259 0.258 0.258 0.235 0.235 0.2485 0.2485 0.233 0.233 0.233 0.287 0.287 0.276 0.276 0.2435 0.2435 0.2435 0.247 0.247 0.251 0.251 0.2575 0.2575 0.2575 0.2375 0.2375 0.257 0.257 0.285 0.285 0.285 0.3155 0.3155 0.276 0.276 0.2475 0.2475 0.2475 0.251 0.251 0.2185 0.2185 0.238 0.238 0.239 0.239 0.239 0.28 0.28 0.2775 0.2775 0.262 0.262 0.262 0.239 0.239 0.252 0.252 0.2585 0.2585 0.2585 0.2725 0.2725 0.2685 0.2685 0.265 0.265 0.265 0.2685 0.2685 0.274 0.274
0.2385 0.252 0.252 0.259 0.259 0.259 0.258 0.258 0.235 0.235 0.2485 0.2485 0.233 0.233 0.233 0.287 0.287 0.276 0.276 0.2435 0.2435 0.2435 0.247 0.247 0.251 0.251 0.2575 0.2575 0.2575 0.2375 0.2375 0.257 0.257 0.285 0.285 0.285 0.3155 0.3155 0.276 0.276 0.2475 0.2475 0.2475 0.251 0.251 0.2185 0.2185 0.238 0.238 0.239 0.239 0.239 0.28 0.28 0.2775 0.2775 0.262 0.262 0.262 0.239 0.239 0.252 0.252 0.2585 0.2585 0.2585 0.2725 0.2725 0.2685 0.2685 0.265 0.265 0.265 0.2685 0.2685 0.274 0.274
0.235 0.2355 0.2355 0.2315 0.2315 0.2315 0.245 0.245 0.2355 0.2355 0.2285 0.2285 0.244 0.244 0.244 0.264 0.264 0.25 0.25 0.248 0.248 0.248 0.2405 0.2405 0.2405 0.2405 0.2355 0.2355 0.2355 0.232 0.232 0.263 0.263 0.2685 0.2685 0.2685 0.2635 0.2635 0.261 0.261 0.2415 0.2415 0.2415 0.2395 0.2395 0.2465 0.2465 0.262 0.262 0.272 0.272 0.272 0.26 0.26 0.2785 0.2785 0.2855 0.2855 0.2855 0.2775 0.2775 0.2595 0.2595 0.2715 0.2715 0.2715 0.2685 0.2685 0.2595 0.2595 0.263 0.263 0.263 0.2495 0.2495 0.2685 0.2685
0.235 0.2355 0.2355 0.2315 0.2315 0.2315 0.245 0.245 0.2355 0.2355 0.2285 0.2285 0.244 0.244 0.244 0.264 0.264 0.25 0.25 0.248 0.248 0.248 0.2405 0.2405 0.2405 0.2405 0.2355 0.2355 0.2355 0.232 0.232 0.263 0.263 0.2685 0.2685 0.2685 0.2635 0.2635 0.261 0.261 0.2415 0.2415 0.2415 0.2395 0.2395 0.2465 0.2465 0.262 0.262 0.272 0.272 0.272 0.26 0.26 0.2785 0.2785 0.2855 0.2855 0.2855 0.2775 0.2775 0.2595 0.2595 0.2715 0.2715 0.2715 0.2685 0.2685 0.2595 0.2595 0.263 0.263 0.263 0.2495 0.2495 0.2685 0.2685
0.2525 0.2415 0.2415 0.249 0.249 0.249 0.2325 0.2325 0.212 0.212 0.249 0.249 0.2535 0.2535 0.2535 0.25 0.25 0.249 0.249 0.254 0.254 0.254 0.2395 0.2395 0.2195 0.2195 0.242 0.242 0.242 0.219 0.219 0.261 0.261 0.247 0.247 0.247 0.249 0.249 0.25 0.25 0.2565 0.2565 0.2565 0.269 0.269 0.311 0.311 0.269 0.269 0.247 0.247 0.247 0.268 0.268 0.262 0.262 0.2725 0.2725 0.2725 0.29 0.29 0.2835 0.2835 0.2725 0.2725 0.2725 0.2665 0.2665 0.2625 0.2625 0.2805 0.2805 0.2805 0.27 0.27 0.2675 0.2675
0.2525 0.2415 0.2415 0.249 0.249 0.249 0.2325 0.2325 0.212 0.212 0.249 0.249 0.2535 0.2535 0.2535 0.25 0.25 0.249 0.249 0.254 0.254 0.254 0.2395 0.2395 0.2195 0.2195 0.242 0.242 0.242 0.219 0.219 0.261 0.261 0.247 0.247 0.247 0.249 0.249 0.25 0.25 0.2565 0.2565 0.2565 0.269 0.269 0.311 0.311 0.269 0.269 0.247 0.247 0.247 0.268 0.268 0.262 0.262 0.2725 0.2725 0.2725 0.29 0.29 0.2835 0.2835 0.2725 0.2725 0.2725 0.2665 0.2665 0.2625 0.2625 0.2805 0.2805 0.2805 0.27 0.27 0.2675 0.2675
0.2525 0.2415 0.2415 0.249 0.249 0.249 0.2325 0.2325 0.212 0.212 0.249 0.249 0.2535 0.2535 0.2535 0.25 0.25 0.249 0.249 0.254 0.254 0.254 0.2395 0.2395 0.2195 0.2195 0.242 0.242 0.242 0.219 0.219 0.261 0.261 0.247 0.247 0.247 0.249 0.249 0.25 0.25 0.2565 0.2565 0.2565 0.269 0.269 0.311 0.311 0.269 0.269 0.247 0.247 0.247 0.268 0.268 0.262 0.262 0.2725 0.2725 0.2725 0.29 0.29 0.2835 0.2835 0.2725 0.2725 0.2725 0.2665 0.2665 0.2625 0.2625 0.2805 0.2805 0.2805 0.27 0.27 0.2675 0.2675
0.2275 0.254 0.254 0.243 0.243 0.243 0.2275 0.2275 0.233 0.233 0.2235 0.2235 0.2585 0.2585 0.2585 0.26 0.26 0.2705 0.2705 0.283 0.283 0.283 0.2755 0.2755 0.28 0.28 0.2715 0.2715 0.2715 0.2245 0.2245 0.2475 0.2475 0.2575 0.2575 0.2575 0.253 0.253 0.28 0.28 0.3105 0.3105 0.3105 0.3155 0.3155 0.2855 0.2855 0.2265 0.2265 0.253 0.253 0.253 0.2735 0.2735 0.271 0.271 0.2605 0.2605 0.2605 0.2875 0.2875 0.28 0.28 0.2675 0.2675 0.2675 0.2965 0.2965 0.274 0.274 0.293 0.293 0.293 0.286 0.286 0.2595 0.2595
0.2275 0.254 0.254 0.243 0.243 0.243 0.2275 0.2275 0.233 0.233 0.2235 0.2235 0.2585 0.2585 0.2585 0.26 0.26 0.2705 0.2705 0.283 0.283 0.283 0.2755 0.2755 0.28 0.28 0.2715 0.2715 0.2715 0.2245 0.2245 0.2475 0.2475 0.2575 0.2575 0.2575 0.253 0.253 0.28 0.28 0.3105 0.3105 0.3105 0.3155 0.3155 0.2855 0.2855 0.2265 0.2265 0.253 0.253 0.253 0.2735 0.2735 0.271 0.271 0.2605 0.2605 0.2605 0.2875 0.2875 0.28 0.28 0.2675 0.2675 0.2675 0.2965 0.2965 0.274 0.274 0.293 0.293 0.293 0.286 0.286 0.2595 0.2595
0.2435 0.2455 0.2455 0.2665 0.2665 0.2665 0.224 0.224 0.2355 0.2355 0.227 0.227 0.2555 0.2555 0.2555 0.2595 0.2595 0.252 0.252 0.2635 0.2635 0.2635 0.2955 0.2955 0.292 0.292 0.249 0.249 0.249 0.2525 0.2525 0.2175 0.2175 0.281 0.281 0.281 0.2705 0.2705 0.27 0.27 0.3035 0.3035 0.3035 0.3045 0.3045 0.2745 0.2745 0.252 0.252 0.272 0.272 0.272 0.284 0.284 0.293 0.293 0.2895 0.2895 0.2895 0.274 0.274 0.2625 0.2625 0.2785 0.2785 0.2785 0.2825 0.2825 0.3015 0.3015 0.305 0.305 0.305 0.292 0.292 0.279 0.279
0.2435 0.2455 0.2455 0.2665 0.2665 0.2665 0.224 0.224 0.2355 0.2355 0.227 0.227 0.2555 0.2555 0.2555 0.2595 0.2595 0.252 0.252 0.2635 0.2635 0.2635 0.2955 0.2955 0.292 0.292 0.249 0.249 0.249 0.2525 0.2525 0.2175 0.2175 0.281 0.281 0.281 0.2705 0.2705 0.27 0.27 0.3035 0.3035 0.3035 0.3045 0.3045 0.2745 0.2745 0.252 0.252 0.272 0.272 0.272 0.284 0.284 0.293 0.293 0.2895 0.2895 0.2895 0.274 0.274 0.2625 0.2625 0.2785 0.2785 0.2785 0.2825 0.2825 0.3015 0.3015 0.305 0.305 0.305 0.292 0.292 0.279 0.279
0.26 0.25 0.25 0.2775 0.2775 0.2775 0.2545 0.2545 0.2305 0.2305 0.252 0.252 0.243 0.243 0.243 0.2585 0.2585 0.2565 0.2565 0.277 0.277 0.277 0.26 0.26 0.293 0.293 0.2525 0.2525 0.2525 0.2325 0.2325 0.271 0.271 0.2305 0.2305 0.2305 0.25 0.25 0.2605 0.2605 0.2595 0.2595 0.2595 0.2555 0.2555 0.2565 0.2565 0.2575 0.2575 0.2545 0.2545 0.2545 0.2865 0.2865 0.2705 0.2705 0.2755 0.2755 0.2755 0.293 0.293 0.272 0.272 0.278 0.278 0.278 0.2635 0.2635 0.3055 0.3055 0.292 0.292 0.292 0.3 0.3 0.2885 0.2885
0.26 0.25 0.25 0.2775 0.2775 0.2775 0.2545 0.2545 0.2305 0.2305 0.252 0.252 0.243 0.243 0.243 0.2585 0.2585 0.2565 0.2565 0.277 0.277 0.277 0.26 0.26 0.293 0.293 0.2525 0.2525 0.2525 0.2325 0.2325 0.271 0.271 0.2305 0.2305 0.2305 0.25 0.25 0.2605 0.2605 0.2595 0.2595 0.2595 0.2555 0.2555 0.2565 0.2565 0.2575 0.2575 0.2545 0.2545 0.2545 0.2865 0.2865 0.2705 0.2705 0.2755 0.2755 0.2755 0.293 0.293 0.272 0.272 0.278 0.278 0.278 0.2635 0.2635 0.3055 0.3055 0.292 0.292 0.292 0.3 0.3 0.2885 0.2885
0.248 0.246 0.246 0.266 0.266 0.266 0.2315 0.2315 0.252 0.252 0.2525 0.2525 0.236 0.236 0.236 0.2625 0.2625 0.271 0.271 0.2485 0.2485 0.2485 0.253 0.253 0.272 0.272 0.265 0.265 0.265 0.257 0.257 0.2525 0.2525 0.263 0.263 0.263 0.238 0.238 0.2895 0.2895 0.2675 0.2675 0.2675 0.266 0.266 0.325 0.325 0.264 0.264 0.3 0.3 0.3 0.282 0.282 0.2585 0.2585 0.267 0.267 0.267 0.2695 0.2695 0.29 0.29 0.262 0.262 0.262 0.267 0.267 0.2865 0.2865 0.295 0.295 0.295 0.2895 0.2895 0.2755 0.2755
0.248 0.246 0.246 0.266 0.266 0.266 0.2315 0.2315 0.252 0.252 0.2525 0.2525 0.236 0.236 0.236 0.2625 0.2625 0.271 0.271 0.2485 0.2485 0.2485 0.253 0.253 0.272 0.272 0.265 0.265 0.265 0.257 0.257 0.2525 0.2525 0.263 0.263 0.263 0.238 0.238 0.2895 0.2895 0.2675 0.2675 0.2675 0.266 0.266 0.325 0.325 0.264 0.264 0.3 0.3 0.3 0.282 0.282 0.2585 0.2585 0.267 0.267 0.267 0.2695 0.2695 0.29 0.29 0.262 0.262 0.262 0.267 0.267 0.2865 0.2865 0.295 0.295 0.295 0.2895 0.2895 0.2755 0.2755
0.248 0.246 0.246 0.266 0.266 0.266 0.2315 0.2315 0.252 0.252 0.2525 0.2525 0.236 0.236 0.236 0.2625 0.2625 0.271 0.271 0.2485 0.2485 0.2485 0.253 0.253 0.272 0.272 0.265 0.265 0.265 0.257 0.257 0.2525 0.2525 0.263 0.263 0.263 0.238 0.238 0.2895 0.2895 0.2675 0.2675 0.2675 0.266 0.266 0.325 0.325 0.264 0.264 0.3 0.3 0.3 0.282 0.282 0.2585 0.2585 0.267 0.267 0.267 0.2695 0.2695 0.29 0.29 0.262 0.262 0.262 0.267 0.267 0.2865 0.2865 0.295 0.295 0.295 0.2895 0.2895 0.2755 0.2755
0.248 0.259 0.259 0.2625 0.2625 0.2625 0.2415 0.2415 0.253 0.253 0.2925 0.2925 0.254 0.254 0.254 0.279 0.279 0.2645 0.2645 0.2665 0.2665 0.2665 0.2525 0.2525 0.247 0.247 0.298 0.298 0.298 0.278 0.278 0.28 0.28 0.2645 0.2645 0.2645 0.2385 0.2385 0.254 0.254 0.275 0.275 0.275 0.3105 0.3105 0.3265 0.3265 0.3085 0.3085 0.3365 0.3365 0.3365 0.27 0.27 0.2535 0.2535 0.2605 0.2605 0.2605 0.3005 0.3005 0.2735 0.2735 0.333 0.333 0.333 0.28 0.28 0.2655 0.2655 0.2875 0.2875 0.2875 0.2685 0.2685 0.2765 0.2765
0.248 0.259 0.259 0.2625 0.2625 0.2625 0.2415 0.2415 0.253 0.253 0.2925 0.2925 0.254 0.254 0.254 0.279 0.279 0.2645 0.2645 0.2665 0.2665 0.2665 0.2525 0.2525 0.247 0.247 0.298 0.298 0.298 0.278 0.278 0.28 0.28 0.2645 0.2645 0.2645 0.2385 0.2385 0.254 0.254 0.275 0.275 0.275 0.3105 0.3105 0.3265 0.3265 0.3085 0.3085 0.3365 0.3365 0.3365 0.27 0.27 0.2535 0.2535 0.2605 0.2605 0.2605 0.3005 0.3005 0.2735 0.2735 0.333 0.333 0.333 0.28 0.28 0.2655 0.2655 0.2875 0.2875 0.2875 0.2685 0.2685 0.2765 0.2765
0.283 0.277 0.277 0.2625 0.2625 0.2625 0.253 0.253 0.2525 0.2525 0.269 0.269 0.269 0.269 0.269 0.2755 0.2755 0.2545 0.2545 0.253 0.253 0.253 0.2565 0.2565 0.295 0.295 0.317 0.317 0.317 0.294 0.294 0.28 0.28 0.296 0.296 0.296 0.281 0.281 0.273 0.273 0.2855 0.2855 0.2855 0.312 0.312 0.27 0.27 0.295 0.295 0.314 0.314 0.314 0.3315 0.3315 0.314 0.314 0.34 0.34 0.34 0.3195 0.3195 0.31 0.31 0.297 0.297 0.297 0.318 0.318 0.2745 0.2745 0.2775 0.2775 0.2775 0.2535 0.2535 0.2725 0.2725
0.283 0.277 0.277 0.2625 0.2625 0.2625 0.253 0.253 0.2525 0.2525 0.269 0.269 0.269 0.269 0.269 0.2755 0.2755 0.2545 0.2545 0.253 0.253 0.253 0.2565 0.2565 0.295 0.295 0.317 0.317 0.317 0.294 0.294 0.28 0.28 0.296 0.296 0.296 0.281 0.281 0.273 0.273 0.2855 0.2855 0.2855 0.312 0.312 0.27 0.27 0.295 0.295 0.314 0.314 0.314 0.3315 0.3315 0.314 0.314 0.34 0.34 0.34 0.3195 0.3195 0.31 0.31 0.297 0.297 0.297 0.318 0.318 0.2745 0.2745 0.2775 0.2775 0.2775 0.2535 0.2535 0.2725 0.2725
0.2895 0.3015 0.3015 0.268 0.268 0.268 0.245 0.245 0.233 0.233 0.2705 0.2705 0.284 0.284 0.284 0.289 0.289 0.267 0.267 0.2605 0.2605 0.2605 0.2855 0.2855 0.2775 0.2775 0.2995 0.2995 0.2995 0.302 0.302 0.2865 0.2865 0.269 0.269 0.269 0.2675 0.2675 0.2585 0.2585 0.2765 0.2765 0.2765 0.3115 0.3115 0.3816 0.3816 0.2585 0.2585 0.2745 0.2745 0.2745 0.2865 0.2865 0.321 0.321 0.3395 0.3395 0.3395 0.3936 0.3936 0.33 0.33 0.3165 0.3165 0.3165 0.313 0.313 0.311 0.311 0.289 0.289 0.289 0.2845 0.2845 0.2835 0.2835
0.2895 0.3015 0.3015 0.268 0.268 0.268 0.245 0.245 0.233 0.233 0.2705 0.2705 0.284 0.284 0.284 0.289 0.289 0.267 0.267 0.2605 0.2605 0.2605 0.2855 0.2855 0.2775 0.2775 0.2995 0.2995 0.2995 0.302 0.302 0.2865 0.2865 0.269 0.269 0.269 0.2675 0.2675 0.2585 0.2585 0.2765 0.2765 0.2765 0.3115 0.3115 0.3816 0.3816 0.2585 0.2585 0.2745 0.2745 0.2745 0.2865 0.2865 0.321 0.321 0.3395 0.3395 0.3395 0.3936 0.3936 0.33 0.33 0.3165 0.3165 0.3165 0.313 0.313 0.311 0.311 0.289 0.289 0.289 0.2845 0.2845 0.2835 0.2835
0.2895 0.3015 0.3015 0.268 0.268 0.268 0.245 0.245 0.233 0.233 0.2705 0.2705 0.284 0.284 0.284 0.289 0.289 0.267 0.267 0.2605 0.2605 0.2605 0.2855 0.2855 0.2775 0.2775 0.2995 0.2995 0.2995 0.302 0.302 0.2865 0.2865 0.269 0.269 0.269 0.2675 0.2675 0.2585 0.2585 0.2765 0.2765 0.2765 0.3115 0.3115 0.3816 0.3816 0.2585 0.2585 0.2745 0.2745 0.2745 0.2865 0.2865 0.321 0.321 0.3395 0.3395 0.3395 0.3936 0.3936 0.33 0.33 0.3165 0.3165 0.3165 0.313 0.313 0.311 0.311 0.289 0.289 0.289 0.2845 0.2845 0.2835 0.2835
