ndvi/NOAA-77.asc
ncols         252
nrows         154
xllcorner     -18.017974
yllcorner     13.481982
cellsize      0.035948
NODATA_value  -9999
[rows 70 to 104 of 154, columns 0 to 76 of 252]
-1 -1 -1 -1 -1 -1 -1 -1 -1 -1 -1 -1 -1 -1 -1 -1 -1 -1 -1 -1 -1 -1 -1 -1 -1 -1 -1 -1 -1 -1 -1 -1 -1 -1 -1 -1 -1 -1 -1 0.23 0.23 0.23 0.3105 0.3105 0.332 0.332 0.265 0.265 0.265 0.267 0.267 0.2445 0.2445 0.248 0.248 0.298 0.298 0.298 0.346 0.346 0.346 0.346 0.346 0.346 0.346 0.3135 0.3135 0.284 0.284 0.219 0.219 0.219 0.2235 0.2235 0.2175 0.2175 0.2175
-1 -1 -1 -1 -1 -1 -1 -1 -1 -1 -1 -1 -1 -1 -1 -1 -1 -1 -1 -1 -1 -1 -1 -1 -1 -1 -1 -1 -1 -1 -1 -1 -1 -1 -1 -1 -1 0.1465 0.1465 0.1685 0.1685 0.1685 0.312 0.312 0.339 0.339 0.263 0.263 0.263 0.24 0.24 0.2175 0.2175 0.224 0.224 0.251 0.251 0.251 0.2715 0.2715 0.235 0.235 0.235 0.235 0.235 0.256 0.256 0.258 0.258 0.249 0.249 0.249 0.2295 0.2295 0.229 0.229 0.2195
-1 -1 -1 -1 -1 -1 -1 -1 -1 -1 -1 -1 -1 -1 -1 -1 -1 -1 -1 -1 -1 -1 -1 -1 -1 -1 -1 -1 -1 -1 -1 -1 -1 -1 -1 -1 -1 0.1465 0.1465 0.1685 0.1685 0.1685 0.312 0.312 0.339 0.339 0.263 0.263 0.263 0.24 0.24 0.2175 0.2175 0.224 0.224 0.251 0.251 0.251 0.2715 0.2715 0.235 0.235 0.235 0.235 0.235 0.256 0.256 0.258 0.258 0.249 0.249 0.249 0.2295 0.2295 0.229 0.229 0.2195
-1 -1 -1 -1 -1 -1 -1 -1 -1 -1 -1 -1 -1 -1 -1 -1 -1 -1 -1 -1 -1 -1 -1 -1 -1 -1 -1 -1 -1 -1 -1 -1 -1 -1 -1 -1 -1 0.1465 0.1465 0.1685 0.1685 0.1685 0.312 0.312 0.339 0.339 0.263 0.263 0.263 0.24 0.24 0.2175 0.2175 0.224 0.224 0.251 0.251 0.251 0.2715 0.2715 0.235 0.235 0.235 0.235 0.235 0.256 0.256 0.258 0.258 0.249 0.249 0.249 0.2295 0.2295 0.229 0.229 0.2195
-1 -1 -1 -1 -1 -1 -1 -1 -1 -1 -1 -1 -1 -1 -1 -1 -1 -1 -1 -1 -1 -1 -1 -1 -1 -1 -1 -1 -1 -1 -1 -1 -1 -1 -1 -1 -1 0.063 0.063 0.1585 0.1585 0.1585 0.2765 0.2765 0.293 0.293 0.258 0.258 0.258 0.2145 0.2145 0.2385 0.2385 0.2055 0.2055 0.173 0.173 0.173 0.2435 0.2435 0.261 0.261 0.261 0.261 0.261 0.2605 0.2605 0.253 0.253 0.2445 0.2445 0.2445 0.235 0.235 0.2295 0.2295 0.225
-1 -1 -1 -1 -1 -1 -1 -1 -1 -1 -1 -1 -1 -1 -1 -1 -1 -1 -1 -1 -1 -1 -1 -1 -1 -1 -1 -1 -1 -1 -1 -1 -1 -1 -1 -1 -1 0.063 0.063 0.1585 0.1585 0.1585 0.2765 0.2765 0.293 0.293 0.258 0.258 0.258 0.2145 0.2145 0.2385 0.2385 0.2055 0.2055 0.173 0.173 0.173 0.2435 0.2435 0.261 0.261 0.261 0.261 0.261 0.2605 0.2605 0.253 0.253 0.2445 0.2445 0.2445 0.235 0.235 0.2295 0.2295 0.225
-1 -1 -1 -1 -1 -1 -1 -1 -1 -1 -1 -1 -1 -1 -1 -1 -1 -1 -1 -1 -1 -1 -1 -1 -1 -1 -1 -1 -1 -1 -1 -1 -1 -1 -1 -1 -1 0.023 0.023 0.153 0.153 0.153 0.2505 0.2505 0.244 0.244 0.2415 0.2415 0.2415 0.2355 0.2355 0.2415 0.2415 0.229 0.229 0.225 0.225 0.225 0.2375 0.2375 0.237 0.237 0.237 0.237 0.237 0.247 0.247 0.246 0.246 0.236 0.236 0.236 0.236 0.236 0.224 0.224 0.2245
-1 -1 -1 -1 -1 -1 -1 -1 -1 -1 -1 -1 -1 -1 -1 -1 -1 -1 -1 -1 -1 -1 -1 -1 -1 -1 -1 -1 -1 -1 -1 -1 -1 -1 -1 -1 -1 0.023 0.023 0.153 0.153 0.153 0.2505 0.2505 0.244 0.244 0.2415 0.2415 0.2415 0.2355 0.2355 0.2415 0.2415 0.229 0.229 0.225 0.225 0.225 0.2375 0.2375 0.237 0.237 0.237 0.237 0.237 0.247 0.247 0.246 0.246 0.236 0.236 0.236 0.236 0.236 0.224 0.224 0.2245
-1 -1 -1 -1 -1 -1 -1 -1 -1 -1 -1 -1 -1 -1 -1 -1 -1 -1 -1 -1 -1 -1 -1 -1 -1 -1 -1 -1 -1 -1 -1 -1 -1 -1 -1 -1 -1 0.1292 0.1292 0.16 0.16 0.16 0.2065 0.2065 0.2425 0.2425 0.2365 0.2365 0.2365 0.2385 0.2385 0.2415 0.2415 0.2305 0.2305 0.233 0.233 0.233 0.2395 0.2395 0.2325 0.2325 0.2325 0.2325 0.2325 0.2415 0.2415 0.236 0.236 0.226 0.226 0.226 0.213 0.213 0.2145 0.2145 0.212
-1 -1 -1 -1 -1 -1 -1 -1 -1 -1 -1 -1 -1 -1 -1 -1 -1 -1 -1 -1 -1 -1 -1 -1 -1 -1 -1 -1 -1 -1 -1 -1 -1 -1 -1 -1 -1 0.1292 0.1292 0.16 0.16 0.16 0.2065 0.2065 0.2425 0.2425 0.2365 0.2365 0.2365 0.2385 0.2385 0.2415 0.2415 0.2305 0.2305 0.233 0.233 0.233 0.2395 0.2395 0.2325 0.2325 0.2325 0.2325 0.2325 0.2415 0.2415 0.236 0.236 0.226 0.226 0.226 0.213 0.213 0.2145 0.2145 0.212
-1 -1 -1 -1 -1 -1 -1 -1 -1 -1 -1 -1 -1 -1 -1 -1 -1 -1 -1 -1 -1 -1 -1 -1 -1 -1 -1 -1 -1 -1 -1 -1 -1 -1 -1 -1 -1 0.0262 0.0262 0.203 0.203 0.203 0.2295 0.2295 0.2335 0.2335 0.2245 0.2245 0.2245 0.216 0.216 0.244 0.244 0.241 0.241 0.2395 0.2395 0.2395 0.216 0.216 0.2405 0.2405 0.2405 0.2405 0.2405 0.2425 0.2425 0.242 0.242 0.22 0.22 0.22 0.222 0.222 0.2195 0.2195 0.222
-1 -1 -1 -1 -1 -1 -1 -1 -1 -1 -1 -1 -1 -1 -1 -1 -1 -1 -1 -1 -1 -1 -1 -1 -1 -1 -1 -1 -1 -1 -1 -1 -1 -1 -1 -1 -1 0.0262 0.0262 0.203 0.203 0.203 0.2295 0.2295 0.2335 0.2335 0.2245 0.2245 0.2245 0.216 0.216 0.244 0.244 0.241 0.241 0.2395 0.2395 0.2395 0.216 0.216 0.2405 0.2405 0.2405 0.2405 0.2405 0.2425 0.2425 0.242 0.242 0.22 0.22 0.22 0.222 0.222 0.2195 0.2195 0.222
-1 -1 -1 -1 -1 -1 -1 -1 -1 -1 -1 -1 -1 -1 -1 -1 -1 -1 -1 -1 -1 -1 -1 -1 -1 -1 -1 -1 -1 -1 -1 -1 -1 -1 -1 -1 -1 0.0262 0.0262 0.203 0.203 0.203 0.2295 0.2295 0.2335 0.2335 0.2245 0.2245 0.2245 0.216 0.216 0.244 0.244 0.241 0.241 0.2395 0.2395 0.2395 0.216 0.216 0.2405 0.2405 0.2405 0.2405 0.2405 0.2425 0.2425 0.242 0.242 0.22 0.22 0.22 0.222 0.222 0.2195 0.2195 0.222
-1 -1 -1 -1 -1 -1 -1 -1 -1 -1 -1 -1 -1 -1 -1 -1 -1 -1 -1 -1 -1 -1 -1 -1 -1 -1 -1 -1 -1 -1 -1 -1 -1 -1 -1 -1 -1 0.054 0.054 0.2165 0.2165 0.2165 0.227 0.227 0.212 0.212 0.2355 0.2355 0.2355 0.237 0.237 0.248 0.248 0.23 0.23 0.2465 0.2465 0.2465 0.234 0.234 0.2295 0.2295 0.2295 0.2295 0.2295 0.2405 0.2405 0.247 0.247 0.2345 0.2345 0.2345 0.226 0.226 0.222 0.222 0.2135
-1 -1 -1 -1 -1 -1 -1 -1 -1 -1 -1 -1 -1 -1 -1 -1 -1 -1 -1 -1 -1 -1 -1 -1 -1 -1 -1 -1 -1 -1 -1 -1 -1 -1 -1 -1 -1 0.054 0.054 0.2165 0.2165 0.2165 0.227 0.227 0.212 0.212 0.2355 0.2355 0.2355 0.237 0.237 0.248 0.248 0.23 0.23 0.2465 0.2465 0.2465 0.234 0.234 0.2295 0.2295 0.2295 0.2295 0.2295 0.2405 0.2405 0.247 0.247 0.2345 0.2345 0.2345 0.226 0.226 0.222 0.222 0.2135
-1 -1 -1 -1 -1 -1 -1 -1 -1 -1 -1 -1 -1 -1 -1 -1 -1 -1 -1 -1 -1 -1 -1 -1 -1 -1 -1 -1 -1 -1 -1 -1 -1 -1 -1 -1 -1 0.14 0.14 0.2555 0.2555 0.2555 0.236 0.236 0.2135 0.2135 0.2205 0.2205 0.2205 0.242 0.242 0.245 0.245 0.2225 0.2225 0.2295 0.2295 0.2295 0.22 0.22 0.244 0.244 0.244 0.244 0.244 0.2355 0.2355 0.2405 0.2405 0.232 0.232 0.232 0.237 0.237 0.233 0.233 0.222
-1 -1 -1 -1 -1 -1 -1 -1 -1 -1 -1 -1 -1 -1 -1 -1 -1 -1 -1 -1 -1 -1 -1 -1 -1 -1 -1 -1 -1 -1 -1 -1 -1 -1 -1 -1 -1 0.14 0.14 0.2555 0.2555 0.2555 0.236 0.236 0.2135 0.2135 0.2205 0.2205 0.2205 0.242 0.242 0.245 0.245 0.2225 0.2225 0.2295 0.2295 0.2295 0.22 0.22 0.244 0.244 0.244 0.244 0.244 0.2355 0.2355 0.2405 0.2405 0.232 0.232 0.232 0.237 0.237 0.233 0.233 0.222
-1 -1 -1 -1 -1 -1 -1 -1 -1 -1 -1 -1 -1 -1 -1 -1 -1 -1 -1 -1 -1 -1 -1 -1 -1 -1 -1 -1 -1 -1 -1 -1 -1 -1 -1 0.0511 0.0511 0.236 0.236 0.243 0.243 0.243 0.2375 0.2375 0.2465 0.2465 0.2105 0.2105 0.2105 0.2465 0.2465 0.267 0.267 0.239 0.239 0.229 0.229 0.229 0.24 0.24 0.229 0.229 0.229 0.229 0.229 0.237 0.237 0.2555 0.2555 0.248 0.248 0.248 0.245 0.245 0.2605 0.2605 0.266
-1 -1 -1 -1 -1 -1 -1 -1 -1 -1 -1 -1 -1 -1 -1 -1 -1 -1 -1 -1 -1 -1 -1 -1 -1 -1 -1 -1 -1 -1 -1 -1 -1 -1 -1 0.0511 0.0511 0.236 0.236 0.243 0.243 0.243 0.2375 0.2375 0.2465 0.2465 0.2105 0.2105 0.2105 0.2465 0.2465 0.267 0.267 0.239 0.239 0.229 0.229 0.229 0.24 0.24 0.229 0.229 0.229 0.229 0.229 0.237 0.237 0.2555 0.2555 0.248 0.248 0.248 0.245 0.245 0.2605 0.2605 0.266
-1 -1 -1 -1 -1 -1 -1 -1 -1 -1 -1 -1 -1 -1 -1 -1 -1 -1 -1 -1 -1 -1 -1 -1 -1 -1 -1 -1 -1 -1 -1 -1 -1 -1 -1 0.0511 0.0511 0.236 0.236 0.243 0.243 0.243 0.2375 0.2375 0.2465 0.2465 0.2105 0.2105 0.2105 0.2465 0.2465 0.267 0.267 0.239 0.239 0.229 0.229 0.229 0.24 0.24 0.229 0.229 0.229 0.229 0.229 0.237 0.237 0.2555 0.2555 0.248 0.248 0.248 0.245 0.245 0.2605 0.2605 0.266
-1 -1 -1 -1 -1 -1 -1 -1 -1 -1 -1 -1 -1 -1 -1 -1 -1 -1 -1 -1 -1 -1 -1 -1 -1 -1 -1 -1 -1 -1 -1 -1 -1 -1 -1 0.1415 0.1415 0.256 0.256 0.247 0.247 0.247 0.2325 0.2325 0.233 0.233 0.24 0.24 0.24 0.2415 0.2415 0.234 0.234 0.2485 0.2485 0.252 0.252 0.252 0.237 0.237 0.254 0.254 0.254 0.254 0.254 0.2665 0.2665 0.273 0.273 0.2515 0.2515 0.2515 0.265 0.265 0.263 0.263 0.266
-1 -1 -1 -1 -1 -1 -1 -1 -1 -1 -1 -1 -1 -1 -1 -1 -1 -1 -1 -1 -1 -1 -1 -1 -1 -1 -1 -1 -1 -1 -1 -1 -1 -1 -1 0.1415 0.1415 0.256 0.256 0.247 0.247 0.247 0.2325 0.2325 0.233 0.233 0.24 0.24 0.24 0.2415 0.2415 0.234 0.234 0.2485 0.2485 0.252 0.252 0.252 0.237 0.237 0.254 0.254 0.254 0.254 0.254 0.2665 0.2665 0.273 0.273 0.2515 0.2515 0.2515 0.265 0.265 0.263 0.263 0.266
-1 -1 -1 -1 -1 -1 -1 -1 -1 -1 -1 -1 -1 -1 -1 -1 -1 -1 -1 -1 -1 -1 -1 -1 -1 -1 -1 -1 -1 -1 -1 -1 0.083 0.083 0.083 0.2575 0.2575 0.239 0.239 0.235 0.235 0.235 0.2295 0.2295 0.235 0.235 0.2485 0.2485 0.2485 0.25 0.25 0.252 0.252 0.26 0.26 0.2595 0.2595 0.2595 0.265 0.265 0.262 0.262 0.262 0.262 0.262 0.277 0.277 0.279 0.279 0.299 0.299 0.299 0.282 0.282 0.275 0.275 0.262
-1 -1 -1 -1 -1 -1 -1 -1 -1 -1 -1 -1 -1 -1 -1 -1 -1 -1 -1 -1 -1 -1 -1 -1 -1 -1 -1 -1 -1 -1 -1 -1 0.083 0.083 0.083 0.2575 0.2575 0.239 0.239 0.235 0.235 0.235 0.2295 0.2295 0.235 0.235 0.2485 0.2485 0.2485 0.25 0.25 0.252 0.252 0.26 0.26 0.2595 0.2595 0.2595 0.265 0.265 0.262 0.262 0.262 0.262 0.262 0.277 0.277 0.279 0.279 0.299 0.299 0.299 0.282 0.282 0.275 0.275 0.262
-1 -1 -1 -1 -1 -1 -1 -1 -1 -1 -1 -1 -1 -1 -1 -1 -1 -1 -1 -1 -1 -1 -1 -1 -1 -1 -1 -1 -1 -1 0.0085 0.0085 0.2785 0.2785 0.2785 0.2405 0.2405 0.223 0.223 0.2205 0.2205 0.2205 0.229 0.229 0.227 0.227 0.2565 0.2565 0.2565 0.25 0.25 0.245 0.245 0.273 0.273 0.2645 0.2645 0.2645 0.2675 0.2675 0.273 0.273 0.273 0.273 0.273 0.285 0.285 0.286 0.286 0.2855 0.2855 0.2855 0.276 0.276 0.2685 0.2685 0.271
-1 -1 -1 -1 -1 -1 -1 -1 -1 -1 -1 -1 -1 -1 -1 -1 -1 -1 -1 -1 -1 -1 -1 -1 -1 -1 -1 -1 -1 -1 0.0085 0.0085 0.2785 0.2785 0.2785 0.2405 0.2405 0.223 0.223 0.2205 0.2205 0.2205 0.229 0.229 0.227 0.227 0.2565 0.2565 0.2565 0.25 0.25 0.245 0.245 0.273 0.273 0.2645 0.2645 0.2645 0.2675 0.2675 0.273 0.273 0.273 0.273 0.273 0.285 0.285 0.286 0.286 0.2855 0.2855 0.2855 0.276 0.276 0.2685 0.2685 0.271
-1 -1 -1 -1 -1 -1 -1 -1 -1 -1 -1 -1 -1 -1 -1 -1 -1 -1 -1 -1 -1 -1 -1 -1 -1 -1 -1 -1 -1 -1 0.0085 0.0085 0.2785 0.2785 0.2785 0.2405 0.2405 0.223 0.223 0.2205 0.2205 0.2205 0.229 0.229 0.227 0.227 0.2565 0.2565 0.2565 0.25 0.25 0.245 0.245 0.273 0.273 0.2645 0.2645 0.2645 0.2675 0.2675 0.273 0.273 0.273 0.273 0.273 0.285 0.285 0.286 0.286 0.2855 0.2855 0.2855 0.276 0.276 0.2685 0.2685 0.271
-1 -1 -1 -1 -1 -1 -1 -1 -1 -1 -1 -1 -1 -1 -1 -1 -1 -1 -1 -1 -1 -1 -1 -1 -1 -1 -1 -1 -1 -1 0.155 0.155 0.251 0.251 0.251 0.238 0.238 0.236 0.236 0.227 0.227 0.227 0.224 0.224 0.2445 0.2445 0.239 0.239 0.239 0.267 0.267 0.275 0.275 0.283 0.283 0.277 0.277 0.277 0.304 0.304 0.292 0.292 0.292 0.292 0.292 0.288 0.288 0.2795 0.2795 0.2795 0.2795 0.2795 0.273 0.273 0.2775 0.2775 0.257
-1 -1 -1 -1 -1 -1 -1 -1 -1 -1 -1 -1 -1 -1 -1 -1 -1 -1 -1 -1 -1 -1 -1 -1 -1 -1 -1 -1 -1 -1 0.155 0.155 0.251 0.251 0.251 0.238 0.238 0.236 0.236 0.227 0.227 0.227 0.224 0.224 0.2445 0.2445 0.239 0.239 0.239 0.267 0.267 0.275 0.275 0.283 0.283 0.277 0.277 0.277 0.304 0.304 0.292 0.292 0.292 0.292 0.292 0.288 0.288 0.2795 0.2795 0.2795 0.2795 0.2795 0.273 0.273 0.2775 0.2775 0.257
-1 -1 -1 -1 -1 -1 -1 -1 -1 -1 -1 -1 -1 -1 -1 -1 -1 -1 -1 -1 -1 -1 -1 -1 -1 -1 -1 -1 0.0271 0.0271 0.2335 0.2335 0.256 0.256 0.256 0.244 0.244 0.241 0.241 0.2355 0.2355 0.2355 0.2385 0.2385 0.2385 0.2385 0.259 0.259 0.259 0.268 0.268 0.2755 0.2755 0.284 0.284 0.294 0.294 0.294 0.306 0.306 0.288 0.288 0.288 0.288 0.288 0.296 0.296 0.2995 0.2995 0.2865 0.2865 0.2865 0.2805 0.2805 0.26 0.26 0.2545
-1 -1 -1 -1 -1 -1 -1 -1 -1 -1 -1 -1 -1 -1 -1 -1 -1 -1 -1 -1 -1 -1 -1 -1 -1 -1 -1 -1 0.0271 0.0271 0.2335 0.2335 0.256 0.256 0.256 0.244 0.244 0.241 0.241 0.2355 0.2355 0.2355 0.2385 0.2385 0.2385 0.2385 0.259 0.259 0.259 0.268 0.268 0.2755 0.2755 0.284 0.284 0.294 0.294 0.294 0.306 0.306 0.288 0.288 0.288 0.288 0.288 0.296 0.296 0.2995 0.2995 0.2865 0.2865 0.2865 0.2805 0.2805 0.26 0.26 0.2545
-1 -1 -1 -1 -1 -1 -1 -1 -1 -1 -1 -1 -1 -1 -1 -1 -1 -1 -1 -1 -1 -1 -1 -1 -1 0.0561 0.0561 0.0561 0.1415 0.1415 0.2675 0.2675 0.257 0.257 0.257 0.2465 0.2465 0.2645 0.2645 0.246 0.246 0.246 0.26 0.26 0.2695 0.2695 0.259 0.259 0.259 0.276 0.276 0.2785 0.2785 0.2885 0.2885 0.3055 0.3055 0.3055 0.2985 0.2985 0.313 0.313 0.313 0.313 0.313 0.302 0.302 0.2975 0.2975 0.285 0.285 0.285 0.282 0.282 0.2865 0.2865 0.259
-1 -1 -1 -1 -1 -1 -1 -1 -1 -1 -1 -1 -1 -1 -1 -1 -1 -1 -1 -1 -1 -1 -1 -1 -1 0.0561 0.0561 0.0561 0.1415 0.1415 0.2675 0.2675 0.257 0.257 0.257 0.2465 0.2465 0.2645 0.2645 0.246 0.246 0.246 0.26 0.26 0.2695 0.2695 0.259 0.259 0.259 0.276 0.276 0.2785 0.2785 0.2885 0.2885 0.3055 0.3055 0.3055 0.2985 0.2985 0.313 0.313 0.313 0.313 0.313 0.302 0.302 0.2975 0.2975 0.285 0.285 0.285 0.282 0.282 0.2865 0.2865 0.259
-1 -1 -1 -1 -1 -1 -1 -1 -1 -1 -1 -1 -1 -1 -1 -1 -1 -1 -1 -1 -1 -1 -1 0.0235 0.0235 0.214 0.214 0.214 0.2765 0.2765 0.2375 0.2375 0.251 0.251 0.251 0.267 0.267 0.275 0.275 0.277 0.277 0.277 0.288 0.288 0.272 0.272 0.2665 0.2665 0.2665 0.2765 0.2765 0.29 0.29 0.2815 0.2815 0.275 0.275 0.275 0.283 0.283 0.29 0.29 0.29 0.29 0.29 0.296 0.296 0.2865 0.2865 0.2925 0.2925 0.2925 0.2985 0.2985 0.275 0.275 0.267
-1 -1 -1 -1 -1 -1 -1 -1 -1 -1 -1 -1 -1 -1 -1 -1 -1 -1 -1 -1 -1 -1 -1 0.0235 0.0235 0.214 0.214 0.214 0.2765 0.2765 0.2375 0.2375 0.251 0.251 0.251 0.267 0.267 0.275 0.275 0.277 0.277 0.277 0.288 0.288 0.272 0.272 0.2665 0.2665 0.2665 0.2765 0.2765 0.29 0.29 0.2815 0.2815 0.275 0.275 0.275 0.283 0.283 0.29 0.29 0.29 0.29 0.29 0.296 0.296 0.2865 0.2865 0.2925 0.2925 0.2925 0.2985 0.2985 0.275 0.275 0.267
