ndvi/NOAA-365.asc
ncols         252
nrows         154
xllcorner     -18.017974
yllcorner     13.481982
cellsize      0.035948
NODATA_value  -9999
[rows 102 to 135 of 154, columns 0 to 76 of 252]
-1 -1 -1 -1 -1 -1 -1 -1 -1 -1 -1 -1 -1 -1 -1 -1 -1 -1 -1 -1 -1 -1 -1 -1 -1 0.0405 0.0405 0.0405 0.098 0.098 0.2075 0.2075 0.2045 0.2045 0.2045 0.218 0.218 0.2105 0.2105 0.214 0.214 0.214 0.215 0.215 0.2145 0.2145 0.209 0.209 0.209 0.2255 0.2255 0.22 0.22 0.2555 0.2555 0.269 0.269 0.269 0.2565 0.2565 0.2505 0.2505 0.2505 0.2505 0.2505 0.2535 0.2535 0.2585 0.2585 0.262 0.262 0.262 0.248 0.248 0.2355 0.2355 0.2195
-1 -1 -1 -1 -1 -1 -1 -1 -1 -1 -1 -1 -1 -1 -1 -1 -1 -1 -1 -1 -1 -1 -1 0.039 0.039 0.1375 0.1375 0.1375 0.2305 0.2305 0.2075 0.2075 0.2035 0.2035 0.2035 0.2145 0.2145 0.2325 0.2325 0.2375 0.2375 0.2375 0.2315 0.2315 0.228 0.228 0.2295 0.2295 0.2295 0.2335 0.2335 0.2355 0.2355 0.2445 0.2445 0.2425 0.2425 0.2425 0.2415 0.2415 0.2505 0.2505 0.2505 0.2505 0.2505 0.241 0.241 0.2615 0.2615 0.279 0.279 0.279 0.246 0.246 0.2335 0.2335 0.2495
-1 -1 -1 -1 -1 -1 -1 -1 -1 -1 -1 -1 -1 -1 -1 -1 -1 -1 -1 -1 -1 -1 -1 0.039 0.039 0.1375 0.1375 0.1375 0.2305 0.2305 0.2075 0.2075 0.2035 0.2035 0.2035 0.2145 0.2145 0.2325 0.2325 0.2375 0.2375 0.2375 0.2315 0.2315 0.228 0.228 0.2295 0.2295 0.2295 0.2335 0.2335 0.2355 0.2355 0.2445 0.2445 0.2425 0.2425 0.2425 0.2415 0.2415 0.2505 0.2505 0.2505 0.2505 0.2505 0.241 0.241 0.2615 0.2615 0.279 0.279 0.279 0.246 0.246 0.2335 0.2335 0.2495
-1 -1 -1 -1 -1 -1 -1 -1 -1 -1 -1 -1 -1 -1 -1 -1 -1 -1 -1 -1 -1 -1 -1 0.039 0.039 0.1375 0.1375 0.1375 0.2305 0.2305 0.2075 0.2075 0.2035 0.2035 0.2035 0.2145 0.2145 0.2325 0.2325 0.2375 0.2375 0.2375 0.2315 0.2315 0.228 0.228 0.2295 0.2295 0.2295 0.2335 0.2335 0.2355 0.2355 0.2445 0.2445 0.2425 0.2425 0.2425 0.2415 0.2415 0.2505 0.2505 0.2505 0.2505 0.2505 0.241 0.241 0.2615 0.2615 0.279 0.279 0.279 0.246 0.246 0.2335 0.2335 0.2495
-1 -1 -1 -1 -1 -1 -1 -1 -1 -1 -1 -1 -1 -1 -1 -1 -1 -1 -1 -1 -1 0.053 0.053 0.1115 0.1115 0.213 0.213 0.213 0.218 0.218 0.2245 0.2245 0.216 0.216 0.216 0.2515 0.2515 0.2445 0.2445 0.2435 0.2435 0.2435 0.2305 0.2305 0.214 0.214 0.2235 0.2235 0.2235 0.247 0.247 0.246 0.246 0.255 0.255 0.256 0.256 0.256 0.2425 0.2425 0.249 0.249 0.249 0.249 0.249 0.26 0.26 0.289 0.289 0.2835 0.2835 0.2835 0.2795 0.2795 0.265 0.265 0.2555
-1 -1 -1 -1 -1 -1 -1 -1 -1 -1 -1 -1 -1 -1 -1 -1 -1 -1 -1 -1 -1 0.053 0.053 0.1115 0.1115 0.213 0.213 0.213 0.218 0.218 0.2245 0.2245 0.216 0.216 0.216 0.2515 0.2515 0.2445 0.2445 0.2435 0.2435 0.2435 0.2305 0.2305 0.214 0.214 0.2235 0.2235 0.2235 0.247 0.247 0.246 0.246 0.255 0.255 0.256 0.256 0.256 0.2425 0.2425 0.249 0.249 0.249 0.249 0.249 0.26 0.26 0.289 0.289 0.2835 0.2835 0.2835 0.2795 0.2795 0.265 0.265 0.2555
-1 -1 -1 -1 -1 -1 -1 -1 -1 -1 -1 -1 -1 -1 -1 -1 -1 -1 -1 -1 -1 0.09 0.09 0.225 0.225 0.2625 0.2625 0.2625 0.233 0.233 0.2225 0.2225 0.236 0.236 0.236 0.258 0.258 0.241 0.241 0.245 0.245 0.245 0.249 0.249 0.2185 0.2185 0.2275 0.2275 0.2275 0.241 0.241 0.258 0.258 0.2475 0.2475 0.24 0.24 0.24 0.249 0.249 0.26 0.26 0.26 0.26 0.26 0.2635 0.2635 0.288 0.288 0.292 0.292 0.292 0.287 0.287 0.2715 0.2715 0.2535
-1 -1 -1 -1 -1 -1 -1 -1 -1 -1 -1 -1 -1 -1 -1 -1 -1 -1 -1 -1 -1 0.09 0.09 0.225 0.225 0.2625 0.2625 0.2625 0.233 0.233 0.2225 0.2225 0.236 0.236 0.236 0.258 0.258 0.241 0.241 0.245 0.245 0.245 0.249 0.249 0.2185 0.2185 0.2275 0.2275 0.2275 0.241 0.241 0.258 0.258 0.2475 0.2475 0.24 0.24 0.24 0.249 0.249 0.26 0.26 0.26 0.26 0.26 0.2635 0.2635 0.288 0.288 0.292 0.292 0.292 0.287 0.287 0.2715 0.2715 0.2535
-1 -1 -1 -1 -1 -1 -1 -1 -1 -1 -1 -1 -1 -1 -1 -1 -1 -1 0.054 0.054 0.054 0.256 0.256 0.2375 0.2375 0.2495 0.2495 0.2495 0.2365 0.2365 0.2375 0.2375 0.2385 0.2385 0.2385 0.2385 0.2385 0.234 0.234 0.2505 0.2505 0.2505 0.2615 0.2615 0.238 0.238 0.232 0.232 0.232 0.244 0.244 0.25 0.25 0.246 0.246 0.225 0.225 0.225 0.222 0.222 0.243 0.243 0.243 0.243 0.243 0.2565 0.2565 0.267 0.267 0.2835 0.2835 0.2835 0.27 0.27 0.278 0.278 0.252
-1 -1 -1 -1 -1 -1 -1 -1 -1 -1 -1 -1 -1 -1 -1 -1 -1 -1 0.054 0.054 0.054 0.256 0.256 0.2375 0.2375 0.2495 0.2495 0.2495 0.2365 0.2365 0.2375 0.2375 0.2385 0.2385 0.2385 0.2385 0.2385 0.234 0.234 0.2505 0.2505 0.2505 0.2615 0.2615 0.238 0.238 0.232 0.232 0.232 0.244 0.244 0.25 0.25 0.246 0.246 0.225 0.225 0.225 0.222 0.222 0.243 0.243 0.243 0.243 0.243 0.2565 0.2565 0.267 0.267 0.2835 0.2835 0.2835 0.27 0.27 0.278 0.278 0.252
-1 -1 -1 -1 -1 -1 -1 -1 -1 -1 -1 -1 -1 -1 -1 -1 -1 -1 0.054 0.054 0.054 0.256 0.256 0.2375 0.2375 0.2495 0.2495 0.2495 0.2365 0.2365 0.2375 0.2375 0.2385 0.2385 0.2385 0.2385 0.2385 0.234 0.234 0.2505 0.2505 0.2505 0.2615 0.2615 0.238 0.238 0.232 0.232 0.232 0.244 0.244 0.25 0.25 0.246 0.246 0.225 0.225 0.225 0.222 0.222 0.243 0.243 0.243 0.243 0.243 0.2565 0.2565 0.267 0.267 0.2835 0.2835 0.2835 0.27 0.27 0.278 0.278 0.252
-1 -1 -1 -1 -1 -1 -1 -1 -1 -1 -1 -1 -1 -1 -1 -1 0.1635 0.1635 0.2785 0.2785 0.2785 0.2715 0.2715 0.2435 0.2435 0.234 0.234 0.234 0.2345 0.2345 0.2465 0.2465 0.2405 0.2405 0.2405 0.2235 0.2235 0.215 0.215 0.2245 0.2245 0.2245 0.242 0.242 0.2235 0.2235 0.2285 0.2285 0.2285 0.244 0.244 0.247 0.247 0.2105 0.2105 0.2205 0.2205 0.2205 0.2315 0.2315 0.2285 0.2285 0.2285 0.2285 0.2285 0.2345 0.2345 0.2395 0.2395 0.2525 0.2525 0.2525 0.255 0.255 0.243 0.243 0.2525
-1 -1 -1 -1 -1 -1 -1 -1 -1 -1 -1 -1 -1 -1 -1 -1 0.1635 0.1635 0.2785 0.2785 0.2785 0.2715 0.2715 0.2435 0.2435 0.234 0.234 0.234 0.2345 0.2345 0.2465 0.2465 0.2405 0.2405 0.2405 0.2235 0.2235 0.215 0.215 0.2245 0.2245 0.2245 0.242 0.242 0.2235 0.2235 0.2285 0.2285 0.2285 0.244 0.244 0.247 0.247 0.2105 0.2105 0.2205 0.2205 0.2205 0.2315 0.2315 0.2285 0.2285 0.2285 0.2285 0.2285 0.2345 0.2345 0.2395 0.2395 0.2525 0.2525 0.2525 0.255 0.255 0.243 0.243 0.2525
-1 -1 -1 -1 -1 -1 -1 -1 -1 -1 -1 -1 0.0805 0.0805 0.1135 0.1135 0.0795 0.0795 0.255 0.255 0.255 0.243 0.243 0.2625 0.2625 0.2415 0.2415 0.2415 0.249 0.249 0.248 0.248 0.2265 0.2265 0.2265 0.2145 0.2145 0.2165 0.2165 0.2215 0.2215 0.2215 0.2285 0.2285 0.23 0.23 0.212 0.212 0.212 0.231 0.231 0.225 0.225 0.229 0.229 0.2325 0.2325 0.2325 0.2445 0.2445 0.231 0.231 0.231 0.231 0.231 0.228 0.228 0.2255 0.2255 0.239 0.239 0.239 0.237 0.237 0.247 0.247 0.2735
-1 -1 -1 -1 -1 -1 -1 -1 -1 -1 -1 -1 0.0805 0.0805 0.1135 0.1135 0.0795 0.0795 0.255 0.255 0.255 0.243 0.243 0.2625 0.2625 0.2415 0.2415 0.2415 0.249 0.249 0.248 0.248 0.2265 0.2265 0.2265 0.2145 0.2145 0.2165 0.2165 0.2215 0.2215 0.2215 0.2285 0.2285 0.23 0.23 0.212 0.212 0.212 0.231 0.231 0.225 0.225 0.229 0.229 0.2325 0.2325 0.2325 0.2445 0.2445 0.231 0.231 0.231 0.231 0.231 0.228 0.228 0.2255 0.2255 0.239 0.239 0.239 0.237 0.237 0.247 0.247 0.2735
-1 -1 -1 -1 -1 -1 -1 -1 -1 0.0975 0.0975 0.0975 0.07619999 0.07619999 0.1279 0.1279 0.1169 0.1169 0.0235 0.0235 0.0235 0.235 0.235 0.2435 0.2435 0.2635 0.2635 0.2635 0.23 0.23 0.222 0.222 0.231 0.231 0.231 0.2215 0.2215 0.198 0.198 0.2135 0.2135 0.2135 0.228 0.228 0.213 0.213 0.2435 0.2435 0.2435 0.22 0.22 0.227 0.227 0.237 0.237 0.2285 0.2285 0.2285 0.228 0.228 0.233 0.233 0.233 0.233 0.233 0.2235 0.2235 0.229 0.229 0.2355 0.2355 0.2355 0.2375 0.2375 0.2535 0.2535 0.2475
-1 -1 -1 -1 -1 -1 -1 -1 -1 0.0975 0.0975 0.0975 0.07619999 0.07619999 0.1279 0.1279 0.1169 0.1169 0.0235 0.0235 0.0235 0.235 0.235 0.2435 0.2435 0.2635 0.2635 0.2635 0.23 0.23 0.222 0.222 0.231 0.231 0.231 0.2215 0.2215 0.198 0.198 0.2135 0.2135 0.2135 0.228 0.228 0.213 0.213 0.2435 0.2435 0.2435 0.22 0.22 0.227 0.227 0.237 0.237 0.2285 0.2285 0.2285 0.228 0.228 0.233 0.233 0.233 0.233 0.233 0.2235 0.2235 0.229 0.229 0.2355 0.2355 0.2355 0.2375 0.2375 0.2535 0.2535 0.2475
-1 -1 -1 -1 -1 -1 -1 -1 -1 0.0975 0.0975 0.0975 0.07619999 0.07619999 0.1279 0.1279 0.1169 0.1169 0.0235 0.0235 0.0235 0.235 0.235 0.2435 0.2435 0.2635 0.2635 0.2635 0.23 0.23 0.222 0.222 0.231 0.231 0.231 0.2215 0.2215 0.198 0.198 0.2135 0.2135 0.2135 0.228 0.228 0.213 0.213 0.2435 0.2435 0.2435 0.22 0.22 0.227 0.227 0.237 0.237 0.2285 0.2285 0.2285 0.228 0.228 0.233 0.233 0.233 0.233 0.233 0.2235 0.2235 0.229 0.229 0.2355 0.2355 0.2355 0.2375 0.2375 0.2535 0.2535 0.2475
-1 -1 -1 -1 -1 -1 -1 -1 -1 -1 -1 -1 0.0949 0.0949 0.1119 0.1119 0.1709 0.1709 0.102 0.102 0.102 0.1715 0.1715 0.236 0.236 0.264 0.264 0.264 0.2415 0.2415 0.239 0.239 0.237 0.237 0.237 0.2125 0.2125 0.208 0.208 0.213 0.213 0.213 0.221 0.221 0.219 0.219 0.2175 0.2175 0.2175 0.2195 0.2195 0.2245 0.2245 0.232 0.232 0.2365 0.2365 0.2365 0.226 0.226 0.214 0.214 0.214 0.214 0.214 0.2265 0.2265 0.2 0.2 0.232 0.232 0.232 0.2545 0.2545 0.272 0.272 0.2245
-1 -1 -1 -1 -1 -1 -1 -1 -1 -1 -1 -1 0.0949 0.0949 0.1119 0.1119 0.1709 0.1709 0.102 0.102 0.102 0.1715 0.1715 0.236 0.236 0.264 0.264 0.264 0.2415 0.2415 0.239 0.239 0.237 0.237 0.237 0.2125 0.2125 0.208 0.208 0.213 0.213 0.213 0.221 0.221 0.219 0.219 0.2175 0.2175 0.2175 0.2195 0.2195 0.2245 0.2245 0.232 0.232 0.2365 0.2365 0.2365 0.226 0.226 0.214 0.214 0.214 0.214 0.214 0.2265 0.2265 0.2 0.2 0.232 0.232 0.232 0.2545 0.2545 0.272 0.272 0.2245
-1 -1 -1 -1 -1 -1 -1 -1 -1 -1 -1 -1 -1 -1 -1 -1 -1 -1 0.09739999 0.09739999 0.09739999 0.1615 0.1615 0.2255 0.2255 0.2105 0.2105 0.2105 0.219 0.219 0.205 0.205 0.2215 0.2215 0.2215 0.208 0.208 0.225 0.225 0.23 0.23 0.23 0.2215 0.2215 0.216 0.216 0.212 0.212 0.212 0.219 0.219 0.2325 0.2325 0.236 0.236 0.2345 0.2345 0.2345 0.2125 0.2125 0.2165 0.2165 0.2165 0.2165 0.2165 0.202 0.202 0.2185 0.2185 0.258 0.258 0.258 0.2595 0.2595 0.2745 0.2745 0.2275
-1 -1 -1 -1 -1 -1 -1 -1 -1 -1 -1 -1 -1 -1 -1 -1 -1 -1 0.09739999 0.09739999 0.09739999 0.1615 0.1615 0.2255 0.2255 0.2105 0.2105 0.2105 0.219 0.219 0.205 0.205 0.2215 0.2215 0.2215 0.208 0.208 0.225 0.225 0.23 0.23 0.23 0.2215 0.2215 0.216 0.216 0.212 0.212 0.212 0.219 0.219 0.2325 0.2325 0.236 0.236 0.2345 0.2345 0.2345 0.2125 0.2125 0.2165 0.2165 0.2165 0.2165 0.2165 0.202 0.202 0.2185 0.2185 0.258 0.258 0.258 0.2595 0.2595 0.2745 0.2745 0.2275
-1 -1 -1 -1 -1 -1 -1 -1 -1 -1 -1 -1 -1 -1 -1 -1 -1 -1 -1 -1 -1 0.1305 0.1305 0.1065 0.1065 0.2185 0.2185 0.2185 0.2385 0.2385 0.2325 0.2325 0.2285 0.2285 0.2285 0.2265 0.2265 0.215 0.215 0.2015 0.2015 0.2015 0.2195 0.2195 0.233 0.233 0.2405 0.2405 0.2405 0.2085 0.2085 0.2205 0.2205 0.2245 0.2245 0.2185 0.2185 0.2185 0.218 0.218 0.236 0.236 0.236 0.236 0.236 0.214 0.214 0.2225 0.2225 0.248 0.248 0.248 0.242 0.242 0.2535 0.2535 0.2445
-1 -1 -1 -1 -1 -1 -1 -1 -1 -1 -1 -1 -1 -1 -1 -1 -1 -1 -1 -1 -1 0.1305 0.1305 0.1065 0.1065 0.2185 0.2185 0.2185 0.2385 0.2385 0.2325 0.2325 0.2285 0.2285 0.2285 0.2265 0.2265 0.215 0.215 0.2015 0.2015 0.2015 0.2195 0.2195 0.233 0.233 0.2405 0.2405 0.2405 0.2085 0.2085 0.2205 0.2205 0.2245 0.2245 0.2185 0.2185 0.2185 0.218 0.218 0.236 0.236 0.236 0.236 0.236 0.214 0.214 0.2225 0.2225 0.248 0.248 0.248 0.242 0.242 0.2535 0.2535 0.2445
-1 -1 -1 -1 -1 -1 -1 -1 -1 -1 -1 -1 -1 -1 -1 -1 -1 -1 -1 -1 -1 0.1579 0.1579 0.1945 0.1945 0.161 0.161 0.161 0.2265 0.2265 0.2555 0.2555 0.255 0.255 0.255 0.2535 0.2535 0.2325 0.2325 0.18 0.18 0.18 0.203 0.203 0.217 0.217 0.2515 0.2515 0.2515 0.233 0.233 0.221 0.221 0.232 0.232 0.2325 0.2325 0.2325 0.2225 0.2225 0.2185 0.2185 0.2185 0.2185 0.2185 0.2065 0.2065 0.2395 0.2395 0.249 0.249 0.249 0.239 0.239 0.24 0.24 0.2335
-1 -1 -1 -1 -1 -1 -1 -1 -1 -1 -1 -1 -1 -1 -1 -1 -1 -1 -1 -1 -1 0.1579 0.1579 0.1945 0.1945 0.161 0.161 0.161 0.2265 0.2265 0.2555 0.2555 0.255 0.255 0.255 0.2535 0.2535 0.2325 0.2325 0.18 0.18 0.18 0.203 0.203 0.217 0.217 0.2515 0.2515 0.2515 0.233 0.233 0.221 0.221 0.232 0.232 0.2325 0.2325 0.2325 0.2225 0.2225 0.2185 0.2185 0.2185 0.2185 0.2185 0.2065 0.2065 0.2395 0.2395 0.249 0.249 0.249 0.239 0.239 0.24 0.24 0.2335
-1 -1 -1 -1 -1 -1 -1 -1 -1 -1 -1 -1 -1 -1 -1 -1 -1 -1 -1 -1 -1 0.1579 0.1579 0.1945 0.1945 0.161 0.161 0.161 0.2265 0.2265 0.2555 0.2555 0.255 0.255 0.255 0.2535 0.2535 0.2325 0.2325 0.18 0.18 0.18 0.203 0.203 0.217 0.217 0.2515 0.2515 0.2515 0.233 0.233 0.221 0.221 0.232 0.232 0.2325 0.2325 0.2325 0.2225 0.2225 0.2185 0.2185 0.2185 0.2185 0.2185 0.2065 0.2065 0.2395 0.2395 0.249 0.249 0.249 0.239 0.239 0.24 0.24 0.2335
-1 -1 -1 -1 -1 -1 -1 -1 -1 -1 -1 -1 -1 -1 -1 -1 -1 -1 -1 -1 -1 -1 -1 0.1672 0.1672 0.012 0.012 0.012 0.2055 0.2055 0.274 0.274 0.248 0.248 0.248 0.2525 0.2525 0.123 0.123 0.1505 0.1505 0.1505 0.185 0.185 0.2015 0.2015 0.207 0.207 0.207 0.221 0.221 0.2255 0.2255 0.248 0.248 0.2425 0.2425 0.2425 0.2245 0.2245 0.2165 0.2165 0.2165 0.2165 0.2165 0.2135 0.2135 0.236 0.236 0.24 0.24 0.24 0.2575 0.2575 0.2355 0.2355 0.236
-1 -1 -1 -1 -1 -1 -1 -1 -1 -1 -1 -1 -1 -1 -1 -1 -1 -1 -1 -1 -1 -1 -1 0.1672 0.1672 0.012 0.012 0.012 0.2055 0.2055 0.274 0.274 0.248 0.248 0.248 0.2525 0.2525 0.123 0.123 0.1505 0.1505 0.1505 0.185 0.185 0.2015 0.2015 0.207 0.207 0.207 0.221 0.221 0.2255 0.2255 0.248 0.248 0.2425 0.2425 0.2425 0.2245 0.2245 0.2165 0.2165 0.2165 0.2165 0.2165 0.2135 0.2135 0.236 0.236 0.24 0.24 0.24 0.2575 0.2575 0.2355 0.2355 0.236
-1 -1 -1 -1 -1 -1 -1 -1 -1 -1 -1 -1 -1 -1 -1 -1 -1 -1 -1 -1 -1 -1 -1 -1 -1 0.0685 0.0685 0.0685 0.1055 0.1055 0.197 0.197 0.206 0.206 0.206 0.1105 0.1105 0.107 0.107 0.08400001 0.08400001 0.08400001 0.2425 0.2425 0.21 0.21 0.264 0.264 0.264 0.2205 0.2205 0.2285 0.2285 0.2225 0.2225 0.2395 0.2395 0.2395 0.2365 0.2365 0.226 0.226 0.226 0.226 0.226 0.2295 0.2295 0.244 0.244 0.243 0.243 0.243 0.2635 0.2635 0.238 0.238 0.229
-1 -1 -1 -1 -1 -1 -1 -1 -1 -1 -1 -1 -1 -1 -1 -1 -1 -1 -1 -1 -1 -1 -1 -1 -1 0.0685 0.0685 0.0685 0.1055 0.1055 0.197 0.197 0.206 0.206 0.206 0.1105 0.1105 0.107 0.107 0.08400001 0.08400001 0.08400001 0.2425 0.2425 0.21 0.21 0.264 0.264 0.264 0.2205 0.2205 0.2285 0.2285 0.2225 0.2225 0.2395 0.2395 0.2395 0.2365 0.2365 0.226 0.226 0.226 0.226 0.226 0.2295 0.2295 0.244 0.244 0.243 0.243 0.243 0.2635 0.2635 0.238 0.238 0.229
-1 -1 -1 -1 -1 -1 -1 -1 -1 -1 -1 -1 -1 -1 -1 -1 -1 -1 -1 -1 -1 -1 -1 -1 -1 0.0879 0.0879 0.0879 0.08750001 0.08750001 0.187 0.187 0.1815 0.1815 0.1815 0.1275 0.1275 0.1245 0.1245 0.207 0.207 0.207 0.1945 0.1945 0.2515 0.2515 0.2835 0.2835 0.2835 0.2235 0.2235 0.2305 0.2305 0.2205 0.2205 0.2315 0.2315 0.2315 0.2445 0.2445 0.247 0.247 0.247 0.247 0.247 0.23 0.23 0.2195 0.2195 0.225 0.225 0.225 0.2355 0.2355 0.2495 0.2495 0.2495
-1 -1 -1 -1 -1 -1 -1 -1 -1 -1 -1 -1 -1 -1 -1 -1 -1 -1 -1 -1 -1 -1 -1 -1 -1 0.0879 0.0879 0.0879 0.08750001 0.08750001 0.187 0.187 0.1815 0.1815 0.1815 0.1275 0.1275 0.1245 0.1245 0.207 0.207 0.207 0.1945 0.1945 0.2515 0.2515 0.2835 0.2835 0.2835 0.2235 0.2235 0.2305 0.2305 0.2205 0.2205 0.2315 0.2315 0.2315 0.2445 0.2445 0.247 0.247 0.247 0.247 0.247 0.23 0.23 0.2195 0.2195 0.225 0.225 0.225 0.2355 0.2355 0.2495 0.2495 0.2495
-1 -1 -1 -1 -1 -1 -1 -1 -1 -1 -1 -1 -1 -1 -1 -1 -1 -1 -1 -1 -1 -1 -1 -1 -1 0.0879 0.0879 0.0879 0.08750001 0.08750001 0.187 0.187 0.1815 0.1815 0.1815 0.1275 0.1275 0.1245 0.1245 0.207 0.207 0.207 0.1945 0.1945 0.2515 0.2515 0.2835 0.2835 0.2835 0.2235 0.2235 0.2305 0.2305 0.2205 0.2205 0.2315 0.2315 0.2315 0.2445 0.2445 0.247 0.247 0.247 0.247 0.247 0.23 0.23 0.2195 0.2195 0.225 0.225 0.225 0.2355 0.2355 0.2495 0.2495 0.2495
