ndvi/NOAA-303.asc
ncols         252
nrows         154
xllcorner     -18.017974
yllcorner     13.481982
cellsize      0.035948
NODATA_value  -9999
[rows 34 to 67 of 154, columns 156 to 233 of 252]
0.1285 0.137 0.137 0.137 0.1165 0.1165 0.1165 0.1165 0.09649999 0.09649999 0.1095 0.1095 0.1095 0.1045 0.1045 0.1135 0.1135 0.1085 0.1085 0.1085 0.1 0.1 0.1225 0.1225 0.157 0.157 0.157 0.1345 0.1345 0.1345 0.1345 0.117 0.117 0.117 0.1175 0.1175 0.128 0.128 0.1265 0.1265 0.1265 0.1165 0.1165 0.1205 0.1205 0.1305 0.1305 0.133 0.133 0.133 0.1315 0.1315 0.115 0.115 0.131 0.131 0.131 0.134 0.134 0.1295 0.1295 0.118 0.118 0.118 0.1145 0.1145 0.1185 0.1185 0.114 0.114 0.114 0.1095 0.1095 0.111 0.111 0.114 0.114 0.114
0.1285 0.137 0.137 0.137 0.1165 0.1165 0.1165 0.1165 0.09649999 0.09649999 0.1095 0.1095 0.1095 0.1045 0.1045 0.1135 0.1135 0.1085 0.1085 0.1085 0.1 0.1 0.1225 0.1225 0.157 0.157 0.157 0.1345 0.1345 0.1345 0.1345 0.117 0.117 0.117 0.1175 0.1175 0.128 0.128 0.1265 0.1265 0.1265 0.1165 0.1165 0.1205 0.1205 0.1305 0.1305 0.133 0.133 0.133 0.1315 0.1315 0.115 0.115 0.131 0.131 0.131 0.134 0.134 0.1295 0.1295 0.118 0.118 0.118 0.1145 0.1145 0.1185 0.1185 0.114 0.114 0.114 0.1095 0.1095 0.111 0.111 0.114 0.114 0.114
0.1285 0.137 0.137 0.137 0.1165 0.1165 0.1165 0.1165 0.09649999 0.09649999 0.1095 0.1095 0.1095 0.1045 0.1045 0.1135 0.1135 0.1085 0.1085 0.1085 0.1 0.1 0.1225 0.1225 0.157 0.157 0.157 0.1345 0.1345 0.1345 0.1345 0.117 0.117 0.117 0.1175 0.1175 0.128 0.128 0.1265 0.1265 0.1265 0.1165 0.1165 0.1205 0.1205 0.1305 0.1305 0.133 0.133 0.133 0.1315 0.1315 0.115 0.115 0.131 0.131 0.131 0.134 0.134 0.1295 0.1295 0.118 0.118 0.118 0.1145 0.1145 0.1185 0.1185 0.114 0.114 0.114 0.1095 0.1095 0.111 0.111 0.114 0.114 0.114
0.121 0.1085 0.1085 0.1085 0.1115 0.1115 0.105 0.105 0.104 0.104 0.0995 0.0995 0.0995 0.095 0.095 0.114 0.114 0.114 0.114 0.114 0.118 0.118 0.1395 0.1395 0.157 0.157 0.157 0.143 0.143 0.133 0.133 0.1305 0.1305 0.1305 0.1195 0.1195 0.119 0.119 0.121 0.121 0.121 0.1355 0.1355 0.13 0.13 0.128 0.128 0.124 0.124 0.124 0.1385 0.1385 0.135 0.135 0.13 0.13 0.13 0.116 0.116 0.121 0.121 0.112 0.112 0.112 0.1115 0.1115 0.114 0.114 0.121 0.121 0.121 0.1125 0.1125 0.115 0.115 0.117 0.117 0.117
0.121 0.1085 0.1085 0.1085 0.1115 0.1115 0.105 0.105 0.104 0.104 0.0995 0.0995 0.0995 0.095 0.095 0.114 0.114 0.114 0.114 0.114 0.118 0.118 0.1395 0.1395 0.157 0.157 0.157 0.143 0.143 0.133 0.133 0.1305 0.1305 0.1305 0.1195 0.1195 0.119 0.119 0.121 0.121 0.121 0.1355 0.1355 0.13 0.13 0.128 0.128 0.124 0.124 0.124 0.1385 0.1385 0.135 0.135 0.13 0.13 0.13 0.116 0.116 0.121 0.121 0.112 0.112 0.112 0.1115 0.1115 0.114 0.114 0.121 0.121 0.121 0.1125 0.1125 0.115 0.115 0.117 0.117 0.117
0.1185 0.1155 0.1155 0.1155 0.095 0.095 0.0975 0.0975 0.1005 0.1005 0.1085 0.1085 0.1085 0.097 0.097 0.094 0.094 0.088 0.088 0.088 0.101 0.101 0.136 0.136 0.1445 0.1445 0.1445 0.169 0.169 0.1585 0.1585 0.1375 0.1375 0.1375 0.1275 0.1275 0.125 0.125 0.1355 0.1355 0.1355 0.1385 0.1385 0.13 0.13 0.1375 0.1375 0.127 0.127 0.127 0.138 0.138 0.1385 0.1385 0.132 0.132 0.132 0.133 0.133 0.1385 0.1385 0.1315 0.1315 0.1315 0.1205 0.1205 0.122 0.122 0.1245 0.1245 0.1245 0.122 0.122 0.124 0.124 0.1235 0.1235 0.1235
0.1185 0.1155 0.1155 0.1155 0.095 0.095 0.0975 0.0975 0.1005 0.1005 0.1085 0.1085 0.1085 0.097 0.097 0.094 0.094 0.088 0.088 0.088 0.101 0.101 0.136 0.136 0.1445 0.1445 0.1445 0.169 0.169 0.1585 0.1585 0.1375 0.1375 0.1375 0.1275 0.1275 0.125 0.125 0.1355 0.1355 0.1355 0.1385 0.1385 0.13 0.13 0.1375 0.1375 0.127 0.127 0.127 0.138 0.138 0.1385 0.1385 0.132 0.132 0.132 0.133 0.133 0.1385 0.1385 0.1315 0.1315 0.1315 0.1205 0.1205 0.122 0.122 0.1245 0.1245 0.1245 0.122 0.122 0.124 0.124 0.1235 0.1235 0.1235
0.115 0.1025 0.1025 0.1025 0.0885 0.0885 0.1015 0.1015 0.1035 0.1035 0.108 0.108 0.108 0.1 0.1 0.099 0.099 0.101 0.101 0.101 0.1115 0.1115 0.1315 0.1315 0.136 0.136 0.136 0.161 0.161 0.1495 0.1495 0.14 0.14 0.14 0.1475 0.1475 0.124 0.124 0.1265 0.1265 0.1265 0.1225 0.1225 0.1295 0.1295 0.132 0.132 0.1255 0.1255 0.1255 0.112 0.112 0.124 0.124 0.1295 0.1295 0.1295 0.1255 0.1255 0.125 0.125 0.1295 0.1295 0.1295 0.1475 0.1475 0.1425 0.1425 0.138 0.138 0.138 0.1345 0.1345 0.134 0.134 0.128 0.128 0.128
0.115 0.1025 0.1025 0.1025 0.0885 0.0885 0.1015 0.1015 0.1035 0.1035 0.108 0.108 0.108 0.1 0.1 0.099 0.099 0.101 0.101 0.101 0.1115 0.1115 0.1315 0.1315 0.136 0.136 0.136 0.161 0.161 0.1495 0.1495 0.14 0.14 0.14 0.1475 0.1475 0.124 0.124 0.1265 0.1265 0.1265 0.1225 0.1225 0.1295 0.1295 0.132 0.132 0.1255 0.1255 0.1255 0.112 0.112 0.124 0.124 0.1295 0.1295 0.1295 0.1255 0.1255 0.125 0.125 0.1295 0.1295 0.1295 0.1475 0.1475 0.1425 0.1425 0.138 0.138 0.138 0.1345 0.1345 0.134 0.134 0.128 0.128 0.128
0.115 0.1025 0.1025 0.1025 0.0885 0.0885 0.1015 0.1015 0.1035 0.1035 0.108 0.108 0.108 0.1 0.1 0.099 0.099 0.101 0.101 0.101 0.1115 0.1115 0.1315 0.1315 0.136 0.136 0.136 0.161 0.161 0.1495 0.1495 0.14 0.14 0.14 0.1475 0.1475 0.124 0.124 0.1265 0.1265 0.1265 0.1225 0.1225 0.1295 0.1295 0.132 0.132 0.1255 0.1255 0.1255 0.112 0.112 0.124 0.124 0.1295 0.1295 0.1295 0.1255 0.1255 0.125 0.125 0.1295 0.1295 0.1295 0.1475 0.1475 0.1425 0.1425 0.138 0.138 0.138 0.1345 0.1345 0.134 0.134 0.128 0.128 0.128
0.12 0.113 0.113 0.113 0.1045 0.1045 0.104 0.104 0.1075 0.1075 0.1005 0.1005 0.1005 0.098 0.098 0.139 0.139 0.1195 0.1195 0.1195 0.12 0.12 0.1375 0.1375 0.138 0.138 0.138 0.1455 0.1455 0.1645 0.1645 0.163 0.163 0.163 0.142 0.142 0.1345 0.1345 0.1375 0.1375 0.1375 0.137 0.137 0.1375 0.1375 0.1355 0.1355 0.1335 0.1335 0.1335 0.131 0.131 0.1285 0.1285 0.148 0.148 0.148 0.143 0.143 0.1465 0.1465 0.1405 0.1405 0.1405 0.1485 0.1485 0.1465 0.1465 0.138 0.138 0.138 0.14 0.14 0.131 0.131 0.132 0.132 0.132
0.12 0.113 0.113 0.113 0.1045 0.1045 0.104 0.104 0.1075 0.1075 0.1005 0.1005 0.1005 0.098 0.098 0.139 0.139 0.1195 0.1195 0.1195 0.12 0.12 0.1375 0.1375 0.138 0.138 0.138 0.1455 0.1455 0.1645 0.1645 0.163 0.163 0.163 0.142 0.142 0.1345 0.1345 0.1375 0.1375 0.1375 0.137 0.137 0.1375 0.1375 0.1355 0.1355 0.1335 0.1335 0.1335 0.131 0.131 0.1285 0.1285 0.148 0.148 0.148 0.143 0.143 0.1465 0.1465 0.1405 0.1405 0.1405 0.1485 0.1485 0.1465 0.1465 0.138 0.138 0.138 0.14 0.14 0.131 0.131 0.132 0.132 0.132
0.1145 0.14 0.14 0.14 0.1225 0.1225 0.1445 0.1445 0.1425 0.1425 0.1515 0.1515 0.1515 0.142 0.142 0.1535 0.1535 0.1495 0.1495 0.1495 0.155 0.155 0.144 0.144 0.1535 0.1535 0.1535 0.145 0.145 0.1465 0.1465 0.1445 0.1445 0.1445 0.168 0.168 0.1415 0.1415 0.144 0.144 0.144 0.146 0.146 0.145 0.145 0.1435 0.1435 0.13 0.13 0.13 0.1255 0.1255 0.123 0.123 0.142 0.142 0.142 0.1455 0.1455 0.127 0.127 0.1305 0.1305 0.1305 0.125 0.125 0.144 0.144 0.144 0.144 0.144 0.1415 0.1415 0.1325 0.1325 0.137 0.137 0.137
0.1145 0.14 0.14 0.14 0.1225 0.1225 0.1445 0.1445 0.1425 0.1425 0.1515 0.1515 0.1515 0.142 0.142 0.1535 0.1535 0.1495 0.1495 0.1495 0.155 0.155 0.144 0.144 0.1535 0.1535 0.1535 0.145 0.145 0.1465 0.1465 0.1445 0.1445 0.1445 0.168 0.168 0.1415 0.1415 0.144 0.144 0.144 0.146 0.146 0.145 0.145 0.1435 0.1435 0.13 0.13 0.13 0.1255 0.1255 0.123 0.123 0.142 0.142 0.142 0.1455 0.1455 0.127 0.127 0.1305 0.1305 0.1305 0.125 0.125 0.144 0.144 0.144 0.144 0.144 0.1415 0.1415 0.1325 0.1325 0.137 0.137 0.137
0.117 0.1685 0.1685 0.1685 0.155 0.155 0.1675 0.1675 0.1425 0.1425 0.1485 0.1485 0.1485 0.1545 0.1545 0.1535 0.1535 0.156 0.156 0.156 0.1515 0.1515 0.167 0.167 0.154 0.154 0.154 0.161 0.161 0.1465 0.1465 0.1505 0.1505 0.1505 0.1445 0.1445 0.146 0.146 0.1595 0.1595 0.1595 0.158 0.158 0.1465 0.1465 0.1375 0.1375 0.1305 0.1305 0.1305 0.136 0.136 0.155 0.155 0.1535 0.1535 0.1535 0.1375 0.1375 0.1385 0.1385 0.135 0.135 0.135 0.119 0.119 0.1345 0.1345 0.147 0.147 0.147 0.132 0.132 0.13 0.13 0.1405 0.1405 0.1405
0.117 0.1685 0.1685 0.1685 0.155 0.155 0.1675 0.1675 0.1425 0.1425 0.1485 0.1485 0.1485 0.1545 0.1545 0.1535 0.1535 0.156 0.156 0.156 0.1515 0.1515 0.167 0.167 0.154 0.154 0.154 0.161 0.161 0.1465 0.1465 0.1505 0.1505 0.1505 0.1445 0.1445 0.146 0.146 0.1595 0.1595 0.1595 0.158 0.158 0.1465 0.1465 0.1375 0.1375 0.1305 0.1305 0.1305 0.136 0.136 0.155 0.155 0.1535 0.1535 0.1535 0.1375 0.1375 0.1385 0.1385 0.135 0.135 0.135 0.119 0.119 0.1345 0.1345 0.147 0.147 0.147 0.132 0.132 0.13 0.13 0.1405 0.1405 0.1405
0.117 0.1685 0.1685 0.1685 0.155 0.155 0.1675 0.1675 0.1425 0.1425 0.1485 0.1485 0.1485 0.1545 0.1545 0.1535 0.1535 0.156 0.156 0.156 0.1515 0.1515 0.167 0.167 0.154 0.154 0.154 0.161 0.161 0.1465 0.1465 0.1505 0.1505 0.1505 0.1445 0.1445 0.146 0.146 0.1595 0.1595 0.1595 0.158 0.158 0.1465 0.1465 0.1375 0.1375 0.1305 0.1305 0.1305 0.136 0.136 0.155 0.155 0.1535 0.1535 0.1535 0.1375 0.1375 0.1385 0.1385 0.135 0.135 0.135 0.119 0.119 0.1345 0.1345 0.147 0.147 0.147 0.132 0.132 0.13 0.13 0.1405 0.1405 0.1405
0.1025 0.1505 0.1505 0.1505 0.1675 0.1675 0.164 0.164 0.161 0.161 0.155 0.155 0.155 0.159 0.159 0.147 0.147 0.152 0.152 0.152 0.1585 0.1585 0.158 0.158 0.175 0.175 0.175 0.1705 0.1705 0.1565 0.1565 0.1535 0.1535 0.1535 0.1595 0.1595 0.173 0.173 0.1455 0.1455 0.1455 0.157 0.157 0.1495 0.1495 0.164 0.164 0.1205 0.1205 0.1205 0.1345 0.1345 0.1355 0.1355 0.1385 0.1385 0.1385 0.147 0.147 0.139 0.139 0.1365 0.1365 0.1365 0.134 0.134 0.1295 0.1295 0.1305 0.1305 0.1305 0.1165 0.1165 0.126 0.126 0.127 0.127 0.127
0.1025 0.1505 0.1505 0.1505 0.1675 0.1675 0.164 0.164 0.161 0.161 0.155 0.155 0.155 0.159 0.159 0.147 0.147 0.152 0.152 0.152 0.1585 0.1585 0.158 0.158 0.175 0.175 0.175 0.1705 0.1705 0.1565 0.1565 0.1535 0.1535 0.1535 0.1595 0.1595 0.173 0.173 0.1455 0.1455 0.1455 0.157 0.157 0.1495 0.1495 0.164 0.164 0.1205 0.1205 0.1205 0.1345 0.1345 0.1355 0.1355 0.1385 0.1385 0.1385 0.147 0.147 0.139 0.139 0.1365 0.1365 0.1365 0.134 0.134 0.1295 0.1295 0.1305 0.1305 0.1305 0.1165 0.1165 0.126 0.126 0.127 0.127 0.127
0.1125 0.1385 0.1385 0.1385 0.1745 0.1745 0.1705 0.1705 0.1755 0.1755 0.1645 0.1645 0.1645 0.1575 0.1575 0.155 0.155 0.1795 0.1795 0.1795 0.17 0.17 0.1905 0.1905 0.178 0.178 0.178 0.1855 0.1855 0.1795 0.1795 0.1905 0.1905 0.1905 0.1745 0.1745 0.169 0.169 0.152 0.152 0.152 0.133 0.133 0.134 0.134 0.132 0.132 0.129 0.129 0.129 0.137 0.137 0.1495 0.1495 0.1525 0.1525 0.1525 0.1585 0.1585 0.1585 0.1585 0.1705 0.1705 0.1705 0.154 0.154 0.134 0.134 0.1395 0.1395 0.1395 0.1375 0.1375 0.1515 0.1515 0.1445 0.1445 0.1445
0.1125 0.1385 0.1385 0.1385 0.1745 0.1745 0.1705 0.1705 0.1755 0.1755 0.1645 0.1645 0.1645 0.1575 0.1575 0.155 0.155 0.1795 0.1795 0.1795 0.17 0.17 0.1905 0.1905 0.178 0.178 0.178 0.1855 0.1855 0.1795 0.1795 0.1905 0.1905 0.1905 0.1745 0.1745 0.169 0.169 0.152 0.152 0.152 0.133 0.133 0.134 0.134 0.132 0.132 0.129 0.129 0.129 0.137 0.137 0.1495 0.1495 0.1525 0.1525 0.1525 0.1585 0.1585 0.1585 0.1585 0.1705 0.1705 0.1705 0.154 0.154 0.134 0.134 0.1395 0.1395 0.1395 0.1375 0.1375 0.1515 0.1515 0.1445 0.1445 0.1445
0.131 0.1465 0.1465 0.1465 0.1535 0.1535 0.1765 0.1765 0.178 0.178 0.1755 0.1755 0.1755 0.163 0.163 0.1845 0.1845 0.195 0.195 0.195 0.1895 0.1895 0.196 0.196 0.1825 0.1825 0.1825 0.2065 0.2065 0.178 0.178 0.1705 0.1705 0.1705 0.179 0.179 0.16 0.16 0.1425 0.1425 0.1425 0.1295 0.1295 0.1355 0.1355 0.1395 0.1395 0.1395 0.1395 0.1395 0.126 0.126 0.1295 0.1295 0.158 0.158 0.158 0.131 0.131 0.153 0.153 0.1575 0.1575 0.1575 0.138 0.138 0.149 0.149 0.141 0.141 0.141 0.1475 0.1475 0.145 0.145 0.144 0.144 0.144
0.131 0.1465 0.1465 0.1465 0.1535 0.1535 0.1765 0.1765 0.178 0.178 0.1755 0.1755 0.1755 0.163 0.163 0.1845 0.1845 0.195 0.195 0.195 0.1895 0.1895 0.196 0.196 0.1825 0.1825 0.1825 0.2065 0.2065 0.178 0.178 0.1705 0.1705 0.1705 0.179 0.179 0.16 0.16 0.1425 0.1425 0.1425 0.1295 0.1295 0.1355 0.1355 0.1395 0.1395 0.1395 0.1395 0.1395 0.126 0.126 0.1295 0.1295 0.158 0.158 0.158 0.131 0.131 0.153 0.153 0.1575 0.1575 0.1575 0.138 0.138 0.149 0.149 0.141 0.141 0.141 0.1475 0.1475 0.145 0.145 0.144 0.144 0.144
0.127 0.1295 0.1295 0.1295 0.1685 0.1685 0.161 0.161 0.1585 0.1585 0.149 0.149 0.149 0.17 0.17 0.188 0.188 0.1995 0.1995 0.1995 0.204 0.204 0.1845 0.1845 0.1885 0.1885 0.1885 0.1905 0.1905 0.1815 0.1815 0.16 0.16 0.16 0.164 0.164 0.161 0.161 0.1485 0.1485 0.1485 0.141 0.141 0.142 0.142 0.127 0.127 0.1305 0.1305 0.1305 0.1395 0.1395 0.127 0.127 0.1335 0.1335 0.1335 0.132 0.132 0.142 0.142 0.149 0.149 0.149 0.158 0.158 0.1415 0.1415 0.137 0.137 0.137 0.1415 0.1415 0.1455 0.1455 0.155 0.155 0.155
0.127 0.1295 0.1295 0.1295 0.1685 0.1685 0.161 0.161 0.1585 0.1585 0.149 0.149 0.149 0.17 0.17 0.188 0.188 0.1995 0.1995 0.1995 0.204 0.204 0.1845 0.1845 0.1885 0.1885 0.1885 0.1905 0.1905 0.1815 0.1815 0.16 0.16 0.16 0.164 0.164 0.161 0.161 0.1485 0.1485 0.1485 0.141 0.141 0.142 0.142 0.127 0.127 0.1305 0.1305 0.1305 0.1395 0.1395 0.127 0.127 0.1335 0.1335 0.1335 0.132 0.132 0.142 0.142 0.149 0.149 0.149 0.158 0.158 0.1415 0.1415 0.137 0.137 0.137 0.1415 0.1415 0.1455 0.1455 0.155 0.155 0.155
0.127 0.1295 0.1295 0.1295 0.1685 0.1685 0.161 0.161 0.1585 0.1585 0.149 0.149 0.149 0.17 0.17 0.188 0.188 0.1995 0.1995 0.1995 0.204 0.204 0.1845 0.1845 0.1885 0.1885 0.1885 0.1905 0.1905 0.1815 0.1815 0.16 0.16 0.16 0.164 0.164 0.161 0.161 0.1485 0.1485 0.1485 0.141 0.141 0.142 0.142 0.127 0.127 0.1305 0.1305 0.1305 0.1395 0.1395 0.127 0.127 0.1335 0.1335 0.1335 0.132 0.132 0.142 0.142 0.149 0.149 0.149 0.158 0.158 0.1415 0.1415 0.137 0.137 0.137 0.1415 0.1415 0.1455 0.1455 0.155 0.155 0.155
0.124 0.133 0.133 0.133 0.107 0.107 0.13 0.13 0.1645 0.1645 0.165 0.165 0.165 0.162 0.162 0.1915 0.1915 0.209 0.209 0.209 0.2155 0.2155 0.182 0.182 0.177 0.177 0.177 0.1535 0.1535 0.1815 0.1815 0.1755 0.1755 0.1755 0.194 0.194 0.171 0.171 0.154 0.154 0.154 0.1635 0.1635 0.1445 0.1445 0.1345 0.1345 0.103 0.103 0.103 0.1165 0.1165 0.128 0.128 0.14 0.14 0.14 0.118 0.118 0.126 0.126 0.1285 0.1285 0.1285 0.1435 0.1435 0.1305 0.1305 0.134 0.134 0.134 0.124 0.124 0.144 0.144 0.147 0.147 0.147
0.124 0.133 0.133 0.133 0.107 0.107 0.13 0.13 0.1645 0.1645 0.165 0.165 0.165 0.162 0.162 0.1915 0.1915 0.209 0.209 0.209 0.2155 0.2155 0.182 0.182 0.177 0.177 0.177 0.1535 0.1535 0.1815 0.1815 0.1755 0.1755 0.1755 0.194 0.194 0.171 0.171 0.154 0.154 0.154 0.1635 0.1635 0.1445 0.1445 0.1345 0.1345 0.103 0.103 0.103 0.1165 0.1165 0.128 0.128 0.14 0.14 0.14 0.118 0.118 0.126 0.126 0.1285 0.1285 0.1285 0.1435 0.1435 0.1305 0.1305 0.134 0.134 0.134 0.124 0.124 0.144 0.144 0.147 0.147 0.147
0.113 0.1075 0.1075 0.1075 0.141 0.141 0.127 0.127 0.1465 0.1465 0.1555 0.1555 0.1555 0.2055 0.2055 0.209 0.209 0.207 0.207 0.207 0.195 0.195 0.199 0.199 0.1595 0.1595 0.1595 0.1625 0.1625 0.1785 0.1785 0.189 0.189 0.189 0.193 0.193 0.172 0.172 0.17 0.17 0.17 0.153 0.153 0.135 0.135 0.1025 0.1025 0.1325 0.1325 0.1325 0.152 0.152 0.134 0.134 0.1265 0.1265 0.1265 0.13 0.13 0.1245 0.1245 0.13 0.13 0.13 0.1525 0.1525 0.129 0.129 0.138 0.138 0.138 0.133 0.133 0.141 0.141 0.1565 0.1565 0.1565
0.113 0.1075 0.1075 0.1075 0.141 0.141 0.127 0.127 0.1465 0.1465 0.1555 0.1555 0.1555 0.2055 0.2055 0.209 0.209 0.207 0.207 0.207 0.195 0.195 0.199 0.199 0.1595 0.1595 0.1595 0.1625 0.1625 0.1785 0.1785 0.189 0.189 0.189 0.193 0.193 0.172 0.172 0.17 0.17 0.17 0.153 0.153 0.135 0.135 0.1025 0.1025 0.1325 0.1325 0.1325 0.152 0.152 0.134 0.134 0.1265 0.1265 0.1265 0.13 0.13 0.1245 0.1245 0.13 0.13 0.13 0.1525 0.1525 0.129 0.129 0.138 0.138 0.138 0.133 0.133 0.141 0.141 0.1565 0.1565 0.1565
0.133 0.128 0.128 0.128 0.114 0.114 0.13 0.13 0.155 0.155 0.1785 0.1785 0.1785 0.186 0.186 0.1945 0.1945 0.207 0.207 0.207 0.1945 0.1945 0.1895 0.1895 0.174 0.174 0.174 0.1435 0.1435 0.1775 0.1775 0.1965 0.1965 0.1965 0.1975 0.1975 0.192 0.192 0.187 0.187 0.187 0.1675 0.1675 0.1655 0.1655 0.158 0.158 0.166 0.166 0.166 0.1685 0.1685 0.1825 0.1825 0.1805 0.1805 0.1805 0.1425 0.1425 0.148 0.148 0.157 0.157 0.157 0.155 0.155 0.1425 0.1425 0.132 0.132 0.132 0.124 0.124 0.144 0.144 0.1415 0.1415 0.1415
0.133 0.128 0.128 0.128 0.114 0.114 0.13 0.13 0.155 0.155 0.1785 0.1785 0.1785 0.186 0.186 0.1945 0.1945 0.207 0.207 0.207 0.1945 0.1945 0.1895 0.1895 0.174 0.174 0.174 0.1435 0.1435 0.1775 0.1775 0.1965 0.1965 0.1965 0.1975 0.1975 0.192 0.192 0.187 0.187 0.187 0.1675 0.1675 0.1655 0.1655 0.158 0.158 0.166 0.166 0.166 0.1685 0.1685 0.1825 0.1825 0.1805 0.1805 0.1805 0.1425 0.1425 0.148 0.148 0.157 0.157 0.157 0.155 0.155 0.1425 0.1425 0.132 0.132 0.132 0.124 0.124 0.144 0.144 0.1415 0.1415 0.1415
0.133 0.128 0.128 0.128 0.114 0.114 0.13 0.13 0.155 0.155 0.1785 0.1785 0.1785 0.186 0.186 0.1945 0.1945 0.207 0.207 0.207 0.1945 0.1945 0.1895 0.1895 0.174 0.174 0.174 0.1435 0.1435 0.1775 0.1775 0.1965 0.1965 0.1965 0.1975 0.1975 0.192 0.192 0.187 0.187 0.187 0.1675 0.1675 0.1655 0.1655 0.158 0.158 0.166 0.166 0.166 0.1685 0.1685 0.1825 0.1825 0.1805 0.1805 0.1805 0.1425 0.1425 0.148 0.148 0.157 0.157 0.157 0.155 0.155 0.1425 0.1425 0.132 0.132 0.132 0.124 0.124 0.144 0.144 0.1415 0.1415 0.1415
0.119 0.118 0.118 0.118 0.106 0.106 0.137 0.137 0.166 0.166 0.18 0.18 0.18 0.218 0.218 0.198 0.198 0.197 0.197 0.197 0.1955 0.1955 0.183 0.183 0.1755 0.1755 0.1755 0.2005 0.2005 0.2005 0.2005 0.207 0.207 0.207 0.195 0.195 0.1825 0.1825 0.183 0.183 0.183 0.201 0.201 0.1975 0.1975 0.182 0.182 0.21 0.21 0.21 0.191 0.191 0.196 0.196 0.2005 0.2005 0.2005 0.193 0.193 0.182 0.182 0.19 0.19 0.19 0.163 0.163 0.165 0.165 0.1865 0.1865 0.1865 0.183 0.183 0.1615 0.1615 0.1785 0.1785 0.1785
