ndvi/NOAA-14.asc
ncols         252
nrows         154
xllcorner     -18.017974
yllcorner     13.481982
cellsize      0.035948
NODATA_value  -9999
[rows 34 to 67 of 154, columns 154 to 230 of 252]
0.139 0.1285 0.1285 0.12 0.12 0.12 0.1315 0.1315 0.117 0.117 0.1105 0.1105 0.1045 0.1045 0.1045 0.104 0.104 0.106 0.106 0.11 0.11 0.11 0.113 0.113 0.133 0.133 0.1275 0.1275 0.1275 0.1365 0.1365 0.1395 0.1395 0.135 0.135 0.135 0.129 0.129 0.131 0.131 0.1305 0.1305 0.1305 0.1335 0.1335 0.1325 0.1325 0.137 0.137 0.1335 0.1335 0.1335 0.129 0.129 0.1335 0.1335 0.1305 0.1305 0.1305 0.125 0.125 0.12 0.12 0.1175 0.1175 0.1175 0.1175 0.1175 0.115 0.115 0.1165 0.1165 0.1165 0.121 0.121 0.116 0.116
0.139 0.1285 0.1285 0.12 0.12 0.12 0.1315 0.1315 0.117 0.117 0.1105 0.1105 0.1045 0.1045 0.1045 0.104 0.104 0.106 0.106 0.11 0.11 0.11 0.113 0.113 0.133 0.133 0.1275 0.1275 0.1275 0.1365 0.1365 0.1395 0.1395 0.135 0.135 0.135 0.129 0.129 0.131 0.131 0.1305 0.1305 0.1305 0.1335 0.1335 0.1325 0.1325 0.137 0.137 0.1335 0.1335 0.1335 0.129 0.129 0.1335 0.1335 0.1305 0.1305 0.1305 0.125 0.125 0.12 0.12 0.1175 0.1175 0.1175 0.1175 0.1175 0.115 0.115 0.1165 0.1165 0.1165 0.121 0.121 0.116 0.116
0.139 0.1285 0.1285 0.12 0.12 0.12 0.1315 0.1315 0.117 0.117 0.1105 0.1105 0.1045 0.1045 0.1045 0.104 0.104 0.106 0.106 0.11 0.11 0.11 0.113 0.113 0.133 0.133 0.1275 0.1275 0.1275 0.1365 0.1365 0.1395 0.1395 0.135 0.135 0.135 0.129 0.129 0.131 0.131 0.1305 0.1305 0.1305 0.1335 0.1335 0.1325 0.1325 0.137 0.137 0.1335 0.1335 0.1335 0.129 0.129 0.1335 0.1335 0.1305 0.1305 0.1305 0.125 0.125 0.12 0.12 0.1175 0.1175 0.1175 0.1175 0.1175 0.115 0.115 0.1165 0.1165 0.1165 0.121 0.121 0.116 0.116
0.1405 0.122 0.122 0.119 0.119 0.119 0.119 0.119 0.1075 0.1075 0.1055 0.1055 0.107 0.107 0.107 0.1095 0.1095 0.1045 0.1045 0.1005 0.1005 0.1005 0.0995 0.0995 0.1335 0.1335 0.141 0.141 0.141 0.1475 0.1475 0.137 0.137 0.142 0.142 0.142 0.1305 0.1305 0.127 0.127 0.124 0.124 0.124 0.1255 0.1255 0.1245 0.1245 0.1355 0.1355 0.1255 0.1255 0.1255 0.116 0.116 0.123 0.123 0.1255 0.1255 0.1255 0.1325 0.1325 0.125 0.125 0.1195 0.1195 0.1195 0.118 0.118 0.1225 0.1225 0.1195 0.1195 0.1195 0.1225 0.1225 0.125 0.125
0.1405 0.122 0.122 0.119 0.119 0.119 0.119 0.119 0.1075 0.1075 0.1055 0.1055 0.107 0.107 0.107 0.1095 0.1095 0.1045 0.1045 0.1005 0.1005 0.1005 0.0995 0.0995 0.1335 0.1335 0.141 0.141 0.141 0.1475 0.1475 0.137 0.137 0.142 0.142 0.142 0.1305 0.1305 0.127 0.127 0.124 0.124 0.124 0.1255 0.1255 0.1245 0.1245 0.1355 0.1355 0.1255 0.1255 0.1255 0.116 0.116 0.123 0.123 0.1255 0.1255 0.1255 0.1325 0.1325 0.125 0.125 0.1195 0.1195 0.1195 0.118 0.118 0.1225 0.1225 0.1195 0.1195 0.1195 0.1225 0.1225 0.125 0.125
0.1405 0.1215 0.1215 0.105 0.105 0.105 0.101 0.101 0.105 0.105 0.104 0.104 0.1085 0.1085 0.1085 0.106 0.106 0.1015 0.1015 0.092 0.092 0.092 0.096 0.096 0.135 0.135 0.1525 0.1525 0.1525 0.1505 0.1505 0.1535 0.1535 0.146 0.146 0.146 0.1385 0.1385 0.1295 0.1295 0.1225 0.1225 0.1225 0.124 0.124 0.125 0.125 0.1255 0.1255 0.1305 0.1305 0.1305 0.124 0.124 0.1235 0.1235 0.1285 0.1285 0.1285 0.1355 0.1355 0.135 0.135 0.122 0.122 0.122 0.1235 0.1235 0.121 0.121 0.1255 0.1255 0.1255 0.13 0.13 0.1245 0.1245
0.1405 0.1215 0.1215 0.105 0.105 0.105 0.101 0.101 0.105 0.105 0.104 0.104 0.1085 0.1085 0.1085 0.106 0.106 0.1015 0.1015 0.092 0.092 0.092 0.096 0.096 0.135 0.135 0.1525 0.1525 0.1525 0.1505 0.1505 0.1535 0.1535 0.146 0.146 0.146 0.1385 0.1385 0.1295 0.1295 0.1225 0.1225 0.1225 0.124 0.124 0.125 0.125 0.1255 0.1255 0.1305 0.1305 0.1305 0.124 0.124 0.1235 0.1235 0.1285 0.1285 0.1285 0.1355 0.1355 0.135 0.135 0.122 0.122 0.122 0.1235 0.1235 0.121 0.121 0.1255 0.1255 0.1255 0.13 0.13 0.1245 0.1245
0.13 0.1105 0.1105 0.1 0.1 0.1 0.1035 0.1035 0.103 0.103 0.101 0.101 0.105 0.105 0.105 0.103 0.103 0.107 0.107 0.102 0.102 0.102 0.1025 0.1025 0.136 0.136 0.1425 0.1425 0.1425 0.1535 0.1535 0.154 0.154 0.1475 0.1475 0.1475 0.1455 0.1455 0.126 0.126 0.128 0.128 0.128 0.1325 0.1325 0.13 0.13 0.132 0.132 0.1215 0.1215 0.1215 0.128 0.128 0.1335 0.1335 0.1355 0.1355 0.1355 0.135 0.135 0.139 0.139 0.1435 0.1435 0.1435 0.1455 0.1455 0.1405 0.1405 0.1355 0.1355 0.1355 0.1335 0.1335 0.1295 0.1295
0.13 0.1105 0.1105 0.1 0.1 0.1 0.1035 0.1035 0.103 0.103 0.101 0.101 0.105 0.105 0.105 0.103 0.103 0.107 0.107 0.102 0.102 0.102 0.1025 0.1025 0.136 0.136 0.1425 0.1425 0.1425 0.1535 0.1535 0.154 0.154 0.1475 0.1475 0.1475 0.1455 0.1455 0.126 0.126 0.128 0.128 0.128 0.1325 0.1325 0.13 0.13 0.132 0.132 0.1215 0.1215 0.1215 0.128 0.128 0.1335 0.1335 0.1355 0.1355 0.1355 0.135 0.135 0.139 0.139 0.1435 0.1435 0.1435 0.1455 0.1455 0.1405 0.1405 0.1355 0.1355 0.1355 0.1335 0.1335 0.1295 0.1295
0.13 0.1105 0.1105 0.1 0.1 0.1 0.1035 0.1035 0.103 0.103 0.101 0.101 0.105 0.105 0.105 0.103 0.103 0.107 0.107 0.102 0.102 0.102 0.1025 0.1025 0.136 0.136 0.1425 0.1425 0.1425 0.1535 0.1535 0.154 0.154 0.1475 0.1475 0.1475 0.1455 0.1455 0.126 0.126 0.128 0.128 0.128 0.1325 0.1325 0.13 0.13 0.132 0.132 0.1215 0.1215 0.1215 0.128 0.128 0.1335 0.1335 0.1355 0.1355 0.1355 0.135 0.135 0.139 0.139 0.1435 0.1435 0.1435 0.1455 0.1455 0.1405 0.1405 0.1355 0.1355 0.1355 0.1335 0.1335 0.1295 0.1295
0.1075 0.1375 0.1375 0.1305 0.1305 0.1305 0.1185 0.1185 0.111 0.111 0.1135 0.1135 0.1145 0.1145 0.1145 0.1065 0.1065 0.15 0.15 0.1435 0.1435 0.1435 0.129 0.129 0.135 0.135 0.141 0.141 0.141 0.1405 0.1405 0.142 0.142 0.138 0.138 0.138 0.1315 0.1315 0.1295 0.1295 0.135 0.135 0.135 0.136 0.136 0.1355 0.1355 0.1315 0.1315 0.146 0.146 0.146 0.1275 0.1275 0.136 0.136 0.1405 0.1405 0.1405 0.147 0.147 0.148 0.148 0.145 0.145 0.145 0.148 0.148 0.1435 0.1435 0.1445 0.1445 0.1445 0.1375 0.1375 0.1345 0.1345
0.1075 0.1375 0.1375 0.1305 0.1305 0.1305 0.1185 0.1185 0.111 0.111 0.1135 0.1135 0.1145 0.1145 0.1145 0.1065 0.1065 0.15 0.15 0.1435 0.1435 0.1435 0.129 0.129 0.135 0.135 0.141 0.141 0.141 0.1405 0.1405 0.142 0.142 0.138 0.138 0.138 0.1315 0.1315 0.1295 0.1295 0.135 0.135 0.135 0.136 0.136 0.1355 0.1355 0.1315 0.1315 0.146 0.146 0.146 0.1275 0.1275 0.136 0.136 0.1405 0.1405 0.1405 0.147 0.147 0.148 0.148 0.145 0.145 0.145 0.148 0.148 0.1435 0.1435 0.1445 0.1445 0.1445 0.1375 0.1375 0.1345 0.1345
0.127 0.111 0.111 0.1535 0.1535 0.1535 0.1655 0.1655 0.158 0.158 0.1575 0.1575 0.161 0.161 0.161 0.1585 0.1585 0.17 0.17 0.1555 0.1555 0.1555 0.158 0.158 0.15 0.15 0.1505 0.1505 0.1505 0.137 0.137 0.1485 0.1485 0.139 0.139 0.139 0.139 0.139 0.132 0.132 0.1365 0.1365 0.1365 0.138 0.138 0.138 0.138 0.1295 0.1295 0.143 0.143 0.143 0.1315 0.1315 0.134 0.134 0.145 0.145 0.145 0.1505 0.1505 0.1505 0.1505 0.142 0.142 0.142 0.1445 0.1445 0.1425 0.1425 0.145 0.145 0.145 0.146 0.146 0.145 0.145
0.127 0.111 0.111 0.1535 0.1535 0.1535 0.1655 0.1655 0.158 0.158 0.1575 0.1575 0.161 0.161 0.161 0.1585 0.1585 0.17 0.17 0.1555 0.1555 0.1555 0.158 0.158 0.15 0.15 0.1505 0.1505 0.1505 0.137 0.137 0.1485 0.1485 0.139 0.139 0.139 0.139 0.139 0.132 0.132 0.1365 0.1365 0.1365 0.138 0.138 0.138 0.138 0.1295 0.1295 0.143 0.143 0.143 0.1315 0.1315 0.134 0.134 0.145 0.145 0.145 0.1505 0.1505 0.1505 0.1505 0.142 0.142 0.142 0.1445 0.1445 0.1425 0.1425 0.145 0.145 0.145 0.146 0.146 0.145 0.145
0.1225 0.1235 0.1235 0.147 0.147 0.147 0.1615 0.1615 0.171 0.171 0.158 0.158 0.1565 0.1565 0.1565 0.162 0.162 0.1585 0.1585 0.149 0.149 0.149 0.145 0.145 0.1555 0.1555 0.1495 0.1495 0.1495 0.145 0.145 0.1385 0.1385 0.1485 0.1485 0.1485 0.149 0.149 0.153 0.153 0.148 0.148 0.148 0.1535 0.1535 0.146 0.146 0.1395 0.1395 0.1305 0.1305 0.1305 0.129 0.129 0.136 0.136 0.149 0.149 0.149 0.1525 0.1525 0.151 0.151 0.1365 0.1365 0.1365 0.1385 0.1385 0.137 0.137 0.139 0.139 0.139 0.1455 0.1455 0.146 0.146
0.1225 0.1235 0.1235 0.147 0.147 0.147 0.1615 0.1615 0.171 0.171 0.158 0.158 0.1565 0.1565 0.1565 0.162 0.162 0.1585 0.1585 0.149 0.149 0.149 0.145 0.145 0.1555 0.1555 0.1495 0.1495 0.1495 0.145 0.145 0.1385 0.1385 0.1485 0.1485 0.1485 0.149 0.149 0.153 0.153 0.148 0.148 0.148 0.1535 0.1535 0.146 0.146 0.1395 0.1395 0.1305 0.1305 0.1305 0.129 0.129 0.136 0.136 0.149 0.149 0.149 0.1525 0.1525 0.151 0.151 0.1365 0.1365 0.1365 0.1385 0.1385 0.137 0.137 0.139 0.139 0.139 0.1455 0.1455 0.146 0.146
0.1225 0.1235 0.1235 0.147 0.147 0.147 0.1615 0.1615 0.171 0.171 0.158 0.158 0.1565 0.1565 0.1565 0.162 0.162 0.1585 0.1585 0.149 0.149 0.149 0.145 0.145 0.1555 0.1555 0.1495 0.1495 0.1495 0.145 0.145 0.1385 0.1385 0.1485 0.1485 0.1485 0.149 0.149 0.153 0.153 0.148 0.148 0.148 0.1535 0.1535 0.146 0.146 0.1395 0.1395 0.1305 0.1305 0.1305 0.129 0.129 0.136 0.136 0.149 0.149 0.149 0.1525 0.1525 0.151 0.151 0.1365 0.1365 0.1365 0.1385 0.1385 0.137 0.137 0.139 0.139 0.139 0.1455 0.1455 0.146 0.146
0.1195 0.137 0.137 0.155 0.155 0.155 0.1825 0.1825 0.19 0.19 0.184 0.184 0.1645 0.1645 0.1645 0.151 0.151 0.154 0.154 0.149 0.149 0.149 0.162 0.162 0.178 0.178 0.1665 0.1665 0.1665 0.156 0.156 0.1435 0.1435 0.1505 0.1505 0.1505 0.1525 0.1525 0.162 0.162 0.1505 0.1505 0.1505 0.1495 0.1495 0.1465 0.1465 0.131 0.131 0.126 0.126 0.126 0.1305 0.1305 0.138 0.138 0.152 0.152 0.152 0.1535 0.1535 0.154 0.154 0.148 0.148 0.148 0.1405 0.1405 0.1405 0.1405 0.1475 0.1475 0.1475 0.148 0.148 0.147 0.147
0.1195 0.137 0.137 0.155 0.155 0.155 0.1825 0.1825 0.19 0.19 0.184 0.184 0.1645 0.1645 0.1645 0.151 0.151 0.154 0.154 0.149 0.149 0.149 0.162 0.162 0.178 0.178 0.1665 0.1665 0.1665 0.156 0.156 0.1435 0.1435 0.1505 0.1505 0.1505 0.1525 0.1525 0.162 0.162 0.1505 0.1505 0.1505 0.1495 0.1495 0.1465 0.1465 0.131 0.131 0.126 0.126 0.126 0.1305 0.1305 0.138 0.138 0.152 0.152 0.152 0.1535 0.1535 0.154 0.154 0.148 0.148 0.148 0.1405 0.1405 0.1405 0.1405 0.1475 0.1475 0.1475 0.148 0.148 0.147 0.147
0.1035 0.1245 0.1245 0.1625 0.1625 0.1625 0.191 0.191 0.194 0.194 0.1845 0.1845 0.181 0.181 0.181 0.148 0.148 0.1565 0.1565 0.1555 0.1555 0.1555 0.162 0.162 0.181 0.181 0.1785 0.1785 0.1785 0.169 0.169 0.1855 0.1855 0.1855 0.1855 0.1855 0.173 0.173 0.1675 0.1675 0.155 0.155 0.155 0.1385 0.1385 0.1355 0.1355 0.149 0.149 0.1335 0.1335 0.1335 0.1375 0.1375 0.148 0.148 0.158 0.158 0.158 0.154 0.154 0.16 0.16 0.154 0.154 0.154 0.145 0.145 0.156 0.156 0.1565 0.1565 0.1565 0.158 0.158 0.1655 0.1655
0.1035 0.1245 0.1245 0.1625 0.1625 0.1625 0.191 0.191 0.194 0.194 0.1845 0.1845 0.181 0.181 0.181 0.148 0.148 0.1565 0.1565 0.1555 0.1555 0.1555 0.162 0.162 0.181 0.181 0.1785 0.1785 0.1785 0.169 0.169 0.1855 0.1855 0.1855 0.1855 0.1855 0.173 0.173 0.1675 0.1675 0.155 0.155 0.155 0.1385 0.1385 0.1355 0.1355 0.149 0.149 0.1335 0.1335 0.1335 0.1375 0.1375 0.148 0.148 0.158 0.158 0.158 0.154 0.154 0.16 0.16 0.154 0.154 0.154 0.145 0.145 0.156 0.156 0.1565 0.1565 0.1565 0.158 0.158 0.1655 0.1655
0.113 0.119 0.119 0.17 0.17 0.17 0.1495 0.1495 0.18 0.18 0.1795 0.1795 0.1785 0.1785 0.1785 0.1915 0.1915 0.1785 0.1785 0.188 0.188 0.188 0.193 0.193 0.191 0.191 0.191 0.191 0.191 0.1865 0.1865 0.177 0.177 0.1755 0.1755 0.1755 0.176 0.176 0.1775 0.1775 0.163 0.163 0.163 0.1675 0.1675 0.152 0.152 0.16 0.16 0.146 0.146 0.146 0.1425 0.1425 0.137 0.137 0.147 0.147 0.147 0.14 0.14 0.164 0.164 0.1625 0.1625 0.1625 0.156 0.156 0.1485 0.1485 0.162 0.162 0.162 0.1625 0.1625 0.161 0.161
0.113 0.119 0.119 0.17 0.17 0.17 0.1495 0.1495 0.18 0.18 0.1795 0.1795 0.1785 0.1785 0.1785 0.1915 0.1915 0.1785 0.1785 0.188 0.188 0.188 0.193 0.193 0.191 0.191 0.191 0.191 0.191 0.1865 0.1865 0.177 0.177 0.1755 0.1755 0.1755 0.176 0.176 0.1775 0.1775 0.163 0.163 0.163 0.1675 0.1675 0.152 0.152 0.16 0.16 0.146 0.146 0.146 0.1425 0.1425 0.137 0.137 0.147 0.147 0.147 0.14 0.14 0.164 0.164 0.1625 0.1625 0.1625 0.156 0.156 0.1485 0.1485 0.162 0.162 0.162 0.1625 0.1625 0.161 0.161
0.1155 0.123 0.123 0.1305 0.1305 0.1305 0.157 0.157 0.1695 0.1695 0.1525 0.1525 0.16 0.16 0.16 0.1715 0.1715 0.192 0.192 0.2105 0.2105 0.2105 0.2005 0.2005 0.2015 0.2015 0.183 0.183 0.183 0.177 0.177 0.178 0.178 0.174 0.174 0.174 0.1795 0.1795 0.1745 0.1745 0.159 0.159 0.159 0.1525 0.1525 0.145 0.145 0.149 0.149 0.147 0.147 0.147 0.1255 0.1255 0.1335 0.1335 0.1345 0.1345 0.1345 0.1445 0.1445 0.167 0.167 0.16 0.16 0.16 0.163 0.163 0.1565 0.1565 0.1575 0.1575 0.1575 0.15 0.15 0.1585 0.1585
0.1155 0.123 0.123 0.1305 0.1305 0.1305 0.157 0.157 0.1695 0.1695 0.1525 0.1525 0.16 0.16 0.16 0.1715 0.1715 0.192 0.192 0.2105 0.2105 0.2105 0.2005 0.2005 0.2015 0.2015 0.183 0.183 0.183 0.177 0.177 0.178 0.178 0.174 0.174 0.174 0.1795 0.1795 0.1745 0.1745 0.159 0.159 0.159 0.1525 0.1525 0.145 0.145 0.149 0.149 0.147 0.147 0.147 0.1255 0.1255 0.1335 0.1335 0.1345 0.1345 0.1345 0.1445 0.1445 0.167 0.167 0.16 0.16 0.16 0.163 0.163 0.1565 0.1565 0.1575 0.1575 0.1575 0.15 0.15 0.1585 0.1585
0.1155 0.123 0.123 0.1305 0.1305 0.1305 0.157 0.157 0.1695 0.1695 0.1525 0.1525 0.16 0.16 0.16 0.1715 0.1715 0.192 0.192 0.2105 0.2105 0.2105 0.2005 0.2005 0.2015 0.2015 0.183 0.183 0.183 0.177 0.177 0.178 0.178 0.174 0.174 0.174 0.1795 0.1795 0.1745 0.1745 0.159 0.159 0.159 0.1525 0.1525 0.145 0.145 0.149 0.149 0.147 0.147 0.147 0.1255 0.1255 0.1335 0.1335 0.1345 0.1345 0.1345 0.1445 0.1445 0.167 0.167 0.16 0.16 0.16 0.163 0.163 0.1565 0.1565 0.1575 0.1575 0.1575 0.15 0.15 0.1585 0.1585
0.127 0.1285 0.1285 0.1195 0.1195 0.1195 0.1285 0.1285 0.1615 0.1615 0.156 0.156 0.157 0.157 0.157 0.1645 0.1645 0.196 0.196 0.206 0.206 0.206 0.2 0.2 0.1965 0.1965 0.175 0.175 0.175 0.1875 0.1875 0.1775 0.1775 0.183 0.183 0.183 0.1805 0.1805 0.1705 0.1705 0.1755 0.1755 0.1755 0.147 0.147 0.13 0.13 0.136 0.136 0.128 0.128 0.128 0.134 0.134 0.119 0.119 0.1235 0.1235 0.1235 0.1355 0.1355 0.1525 0.1525 0.1415 0.1415 0.1415 0.1605 0.1605 0.15 0.15 0.1455 0.1455 0.1455 0.1355 0.1355 0.1485 0.1485
0.127 0.1285 0.1285 0.1195 0.1195 0.1195 0.1285 0.1285 0.1615 0.1615 0.156 0.156 0.157 0.157 0.157 0.1645 0.1645 0.196 0.196 0.206 0.206 0.206 0.2 0.2 0.1965 0.1965 0.175 0.175 0.175 0.1875 0.1875 0.1775 0.1775 0.183 0.183 0.183 0.1805 0.1805 0.1705 0.1705 0.1755 0.1755 0.1755 0.147 0.147 0.13 0.13 0.136 0.136 0.128 0.128 0.128 0.134 0.134 0.119 0.119 0.1235 0.1235 0.1235 0.1355 0.1355 0.1525 0.1525 0.1415 0.1415 0.1415 0.1605 0.1605 0.15 0.15 0.1455 0.1455 0.1455 0.1355 0.1355 0.1485 0.1485
0.1275 0.1265 0.1265 0.1125 0.1125 0.1125 0.116 0.116 0.126 0.126 0.1515 0.1515 0.165 0.165 0.165 0.2005 0.2005 0.209 0.209 0.213 0.213 0.213 0.203 0.203 0.2 0.2 0.191 0.191 0.191 0.1845 0.1845 0.1885 0.1885 0.182 0.182 0.182 0.1805 0.1805 0.1905 0.1905 0.1825 0.1825 0.1825 0.1695 0.1695 0.1575 0.1575 0.1365 0.1365 0.153 0.153 0.153 0.1525 0.1525 0.163 0.163 0.146 0.146 0.146 0.138 0.138 0.1455 0.1455 0.164 0.164 0.164 0.166 0.166 0.1385 0.1385 0.1355 0.1355 0.1355 0.127 0.127 0.149 0.149
0.1275 0.1265 0.1265 0.1125 0.1125 0.1125 0.116 0.116 0.126 0.126 0.1515 0.1515 0.165 0.165 0.165 0.2005 0.2005 0.209 0.209 0.213 0.213 0.213 0.203 0.203 0.2 0.2 0.191 0.191 0.191 0.1845 0.1845 0.1885 0.1885 0.182 0.182 0.182 0.1805 0.1805 0.1905 0.1905 0.1825 0.1825 0.1825 0.1695 0.1695 0.1575 0.1575 0.1365 0.1365 0.153 0.153 0.153 0.1525 0.1525 0.163 0.163 0.146 0.146 0.146 0.138 0.138 0.1455 0.1455 0.164 0.164 0.164 0.166 0.166 0.1385 0.1385 0.1355 0.1355 0.1355 0.127 0.127 0.149 0.149
0.133 0.1395 0.1395 0.1315 0.1315 0.1315 0.1075 0.1075 0.1325 0.1325 0.1665 0.1665 0.1885 0.1885 0.1885 0.1975 0.1975 0.219 0.219 0.21 0.21 0.21 0.205 0.205 0.197 0.197 0.18 0.18 0.18 0.18 0.18 0.19 0.19 0.1995 0.1995 0.1995 0.196 0.196 0.1975 0.1975 0.1945 0.1945 0.1945 0.186 0.186 0.186 0.186 0.1855 0.1855 0.1875 0.1875 0.1875 0.198 0.198 0.207 0.207 0.1855 0.1855 0.1855 0.1645 0.1645 0.1705 0.1705 0.177 0.177 0.177 0.1785 0.1785 0.1615 0.1615 0.171 0.171 0.171 0.173 0.173 0.1715 0.1715
0.133 0.1395 0.1395 0.1315 0.1315 0.1315 0.1075 0.1075 0.1325 0.1325 0.1665 0.1665 0.1885 0.1885 0.1885 0.1975 0.1975 0.219 0.219 0.21 0.21 0.21 0.205 0.205 0.197 0.197 0.18 0.18 0.18 0.18 0.18 0.19 0.19 0.1995 0.1995 0.1995 0.196 0.196 0.1975 0.1975 0.1945 0.1945 0.1945 0.186 0.186 0.186 0.186 0.1855 0.1855 0.1875 0.1875 0.1875 0.198 0.198 0.207 0.207 0.1855 0.1855 0.1855 0.1645 0.1645 0.1705 0.1705 0.177 0.177 0.177 0.1785 0.1785 0.1615 0.1615 0.171 0.171 0.171 0.173 0.173 0.1715 0.1715
0.133 0.1395 0.1395 0.1315 0.1315 0.1315 0.1075 0.1075 0.1325 0.1325 0.1665 0.1665 0.1885 0.1885 0.1885 0.1975 0.1975 0.219 0.219 0.21 0.21 0.21 0.205 0.205 0.197 0.197 0.18 0.18 0.18 0.18 0.18 0.19 0.19 0.1995 0.1995 0.1995 0.196 0.196 0.1975 0.1975 0.1945 0.1945 0.1945 0.186 0.186 0.186 0.186 0.1855 0.1855 0.1875 0.1875 0.1875 0.198 0.198 0.207 0.207 0.1855 0.1855 0.1855 0.1645 0.1645 0.1705 0.1705 0.177 0.177 0.177 0.1785 0.1785 0.1615 0.1615 0.171 0.171 0.171 0.173 0.173 0.1715 0.1715
0.128 0.137 0.137 0.1405 0.1405 0.1405 0.1455 0.1455 0.142 0.142 0.181 0.181 0.182 0.182 0.182 0.2075 0.2075 0.2105 0.2105 0.207 0.207 0.207 0.2245 0.2245 0.2115 0.2115 0.2065 0.2065 0.2065 0.2115 0.2115 0.2075 0.2075 0.205 0.205 0.205 0.202 0.202 0.208 0.208 0.2095 0.2095 0.2095 0.196 0.196 0.2015 0.2015 0.1955 0.1955 0.1975 0.1975 0.1975 0.206 0.206 0.199 0.199 0.2115 0.2115 0.2115 0.225 0.225 0.2115 0.2115 0.1995 0.1995 0.1995 0.186 0.186 0.187 0.187 0.2075 0.2075 0.2075 0.194 0.194 0.188 0.188
