ndvi/NOAA-161.asc
ncols         252
nrows         154
xllcorner     -18.017974
yllcorner     13.481982
cellsize      0.035948
NODATA_value  -9999
[rows 35 to 69 of 154, columns 154 to 230 of 252]
0.154 0.1575 0.1575 0.1515 0.1515 0.1515 0.159 0.159 0.1505 0.1505 0.1405 0.1405 0.1345 0.1345 0.1345 0.132 0.132 0.1425 0.1425 0.128 0.128 0.128 0.122 0.122 0.1485 0.1485 0.1485 0.1485 0.1485 0.147 0.147 0.149 0.149 0.141 0.141 0.141 0.1425 0.1425 0.14 0.14 0.1365 0.1365 0.1365 0.134 0.134 0.13 0.13 0.1415 0.1415 0.1415 0.1415 0.1415 0.143 0.143 0.143 0.143 0.1395 0.1395 0.1395 0.14 0.14 0.1365 0.1365 0.137 0.137 0.137 0.1415 0.1415 0.138 0.138 0.1445 0.1445 0.1445 0.1425 0.1425 0.139 0.139
0.154 0.1575 0.1575 0.1515 0.1515 0.1515 0.159 0.159 0.1505 0.1505 0.1405 0.1405 0.1345 0.1345 0.1345 0.132 0.132 0.1425 0.1425 0.128 0.128 0.128 0.122 0.122 0.1485 0.1485 0.1485 0.1485 0.1485 0.147 0.147 0.149 0.149 0.141 0.141 0.141 0.1425 0.1425 0.14 0.14 0.1365 0.1365 0.1365 0.134 0.134 0.13 0.13 0.1415 0.1415 0.1415 0.1415 0.1415 0.143 0.143 0.143 0.143 0.1395 0.1395 0.1395 0.14 0.14 0.1365 0.1365 0.137 0.137 0.137 0.1415 0.1415 0.138 0.138 0.1445 0.1445 0.1445 0.1425 0.1425 0.139 0.139
0.1525 0.1625 0.1625 0.156 0.156 0.156 0.14 0.14 0.1515 0.1515 0.135 0.135 0.146 0.146 0.146 0.1375 0.1375 0.144 0.144 0.1305 0.1305 0.1305 0.1335 0.1335 0.156 0.156 0.1655 0.1655 0.1655 0.173 0.173 0.164 0.164 0.153 0.153 0.153 0.1465 0.1465 0.1425 0.1425 0.1385 0.1385 0.1385 0.1385 0.1385 0.1375 0.1375 0.1515 0.1515 0.1435 0.1435 0.1435 0.1495 0.1495 0.146 0.146 0.1495 0.1495 0.1495 0.143 0.143 0.143 0.143 0.1405 0.1405 0.1405 0.138 0.138 0.141 0.141 0.1535 0.1535 0.1535 0.151 0.151 0.148 0.148
0.1525 0.1625 0.1625 0.156 0.156 0.156 0.14 0.14 0.1515 0.1515 0.135 0.135 0.146 0.146 0.146 0.1375 0.1375 0.144 0.144 0.1305 0.1305 0.1305 0.1335 0.1335 0.156 0.156 0.1655 0.1655 0.1655 0.173 0.173 0.164 0.164 0.153 0.153 0.153 0.1465 0.1465 0.1425 0.1425 0.1385 0.1385 0.1385 0.1385 0.1385 0.1375 0.1375 0.1515 0.1515 0.1435 0.1435 0.1435 0.1495 0.1495 0.146 0.146 0.1495 0.1495 0.1495 0.143 0.143 0.143 0.143 0.1405 0.1405 0.1405 0.138 0.138 0.141 0.141 0.1535 0.1535 0.1535 0.151 0.151 0.148 0.148
0.1625 0.1445 0.1445 0.1445 0.1445 0.1445 0.144 0.144 0.151 0.151 0.146 0.146 0.1415 0.1415 0.1415 0.1435 0.1435 0.145 0.145 0.1345 0.1345 0.1345 0.137 0.137 0.156 0.156 0.1705 0.1705 0.1705 0.1705 0.1705 0.161 0.161 0.157 0.157 0.157 0.148 0.148 0.138 0.138 0.1365 0.1365 0.1365 0.139 0.139 0.158 0.158 0.1595 0.1595 0.162 0.162 0.162 0.1515 0.1515 0.16 0.16 0.152 0.152 0.152 0.153 0.153 0.1495 0.1495 0.153 0.153 0.153 0.144 0.144 0.1435 0.1435 0.1515 0.1515 0.1515 0.1555 0.1555 0.1505 0.1505
0.1625 0.1445 0.1445 0.1445 0.1445 0.1445 0.144 0.144 0.151 0.151 0.146 0.146 0.1415 0.1415 0.1415 0.1435 0.1435 0.145 0.145 0.1345 0.1345 0.1345 0.137 0.137 0.156 0.156 0.1705 0.1705 0.1705 0.1705 0.1705 0.161 0.161 0.157 0.157 0.157 0.148 0.148 0.138 0.138 0.1365 0.1365 0.1365 0.139 0.139 0.158 0.158 0.1595 0.1595 0.162 0.162 0.162 0.1515 0.1515 0.16 0.16 0.152 0.152 0.152 0.153 0.153 0.1495 0.1495 0.153 0.153 0.153 0.144 0.144 0.1435 0.1435 0.1515 0.1515 0.1515 0.1555 0.1555 0.1505 0.1505
0.1585 0.1615 0.1615 0.1415 0.1415 0.1415 0.146 0.146 0.147 0.147 0.1475 0.1475 0.149 0.149 0.149 0.157 0.157 0.1445 0.1445 0.146 0.146 0.146 0.149 0.149 0.1705 0.1705 0.17 0.17 0.17 0.178 0.178 0.189 0.189 0.1685 0.1685 0.1685 0.171 0.171 0.1665 0.1665 0.1675 0.1675 0.1675 0.1555 0.1555 0.164 0.164 0.1635 0.1635 0.157 0.157 0.157 0.1525 0.1525 0.1545 0.1545 0.1525 0.1525 0.1525 0.16 0.16 0.165 0.165 0.168 0.168 0.168 0.1565 0.1565 0.147 0.147 0.1405 0.1405 0.1405 0.144 0.144 0.149 0.149
0.1585 0.1615 0.1615 0.1415 0.1415 0.1415 0.146 0.146 0.147 0.147 0.1475 0.1475 0.149 0.149 0.149 0.157 0.157 0.1445 0.1445 0.146 0.146 0.146 0.149 0.149 0.1705 0.1705 0.17 0.17 0.17 0.178 0.178 0.189 0.189 0.1685 0.1685 0.1685 0.171 0.171 0.1665 0.1665 0.1675 0.1675 0.1675 0.1555 0.1555 0.164 0.164 0.1635 0.1635 0.157 0.157 0.157 0.1525 0.1525 0.1545 0.1545 0.1525 0.1525 0.1525 0.16 0.16 0.165 0.165 0.168 0.168 0.168 0.1565 0.1565 0.147 0.147 0.1405 0.1405 0.1405 0.144 0.144 0.149 0.149
0.1585 0.1615 0.1615 0.1415 0.1415 0.1415 0.146 0.146 0.147 0.147 0.1475 0.1475 0.149 0.149 0.149 0.157 0.157 0.1445 0.1445 0.146 0.146 0.146 0.149 0.149 0.1705 0.1705 0.17 0.17 0.17 0.178 0.178 0.189 0.189 0.1685 0.1685 0.1685 0.171 0.171 0.1665 0.1665 0.1675 0.1675 0.1675 0.1555 0.1555 0.164 0.164 0.1635 0.1635 0.157 0.157 0.157 0.1525 0.1525 0.1545 0.1545 0.1525 0.1525 0.1525 0.16 0.16 0.165 0.165 0.168 0.168 0.168 0.1565 0.1565 0.147 0.147 0.1405 0.1405 0.1405 0.144 0.144 0.149 0.149
0.151 0.1745 0.1745 0.1945 0.1945 0.1945 0.155 0.155 0.157 0.157 0.162 0.162 0.1735 0.1735 0.1735 0.164 0.164 0.207 0.207 0.1725 0.1725 0.1725 0.1735 0.1735 0.1735 0.1735 0.182 0.182 0.182 0.19 0.19 0.1925 0.1925 0.2025 0.2025 0.2025 0.1715 0.1715 0.149 0.149 0.16 0.16 0.16 0.165 0.165 0.173 0.173 0.168 0.168 0.1875 0.1875 0.1875 0.172 0.172 0.1625 0.1625 0.155 0.155 0.155 0.163 0.163 0.168 0.168 0.164 0.164 0.164 0.158 0.158 0.1505 0.1505 0.151 0.151 0.151 0.1535 0.1535 0.144 0.144
0.151 0.1745 0.1745 0.1945 0.1945 0.1945 0.155 0.155 0.157 0.157 0.162 0.162 0.1735 0.1735 0.1735 0.164 0.164 0.207 0.207 0.1725 0.1725 0.1725 0.1735 0.1735 0.1735 0.1735 0.182 0.182 0.182 0.19 0.19 0.1925 0.1925 0.2025 0.2025 0.2025 0.1715 0.1715 0.149 0.149 0.16 0.16 0.16 0.165 0.165 0.173 0.173 0.168 0.168 0.1875 0.1875 0.1875 0.172 0.172 0.1625 0.1625 0.155 0.155 0.155 0.163 0.163 0.168 0.168 0.164 0.164 0.164 0.158 0.158 0.1505 0.1505 0.151 0.151 0.151 0.1535 0.1535 0.144 0.144
0.167 0.1865 0.1865 0.1975 0.1975 0.1975 0.2105 0.2105 0.214 0.214 0.2215 0.2215 0.2265 0.2265 0.2265 0.23 0.23 0.2075 0.2075 0.186 0.186 0.186 0.212 0.212 0.184 0.184 0.2055 0.2055 0.2055 0.204 0.204 0.196 0.196 0.207 0.207 0.207 0.1925 0.1925 0.1805 0.1805 0.1945 0.1945 0.1945 0.2025 0.2025 0.202 0.202 0.18 0.18 0.183 0.183 0.183 0.182 0.182 0.17 0.17 0.17 0.17 0.17 0.175 0.175 0.172 0.172 0.172 0.172 0.172 0.165 0.165 0.1545 0.1545 0.1545 0.1545 0.1545 0.1655 0.1655 0.162 0.162
0.167 0.1865 0.1865 0.1975 0.1975 0.1975 0.2105 0.2105 0.214 0.214 0.2215 0.2215 0.2265 0.2265 0.2265 0.23 0.23 0.2075 0.2075 0.186 0.186 0.186 0.212 0.212 0.184 0.184 0.2055 0.2055 0.2055 0.204 0.204 0.196 0.196 0.207 0.207 0.207 0.1925 0.1925 0.1805 0.1805 0.1945 0.1945 0.1945 0.2025 0.2025 0.202 0.202 0.18 0.18 0.183 0.183 0.183 0.182 0.182 0.17 0.17 0.17 0.17 0.17 0.175 0.175 0.172 0.172 0.172 0.172 0.172 0.165 0.165 0.1545 0.1545 0.1545 0.1545 0.1545 0.1655 0.1655 0.162 0.162
0.1645 0.167 0.167 0.2095 0.2095 0.2095 0.212 0.212 0.237 0.237 0.209 0.209 0.2075 0.2075 0.2075 0.2065 0.2065 0.213 0.213 0.198 0.198 0.198 0.205 0.205 0.217 0.217 0.21 0.21 0.21 0.214 0.214 0.1995 0.1995 0.2175 0.2175 0.2175 0.2075 0.2075 0.1895 0.1895 0.2 0.2 0.2 0.2005 0.2005 0.207 0.207 0.205 0.205 0.1805 0.1805 0.1805 0.1595 0.1595 0.163 0.163 0.1805 0.1805 0.1805 0.1855 0.1855 0.166 0.166 0.174 0.174 0.174 0.183 0.183 0.1685 0.1685 0.1615 0.1615 0.1615 0.1605 0.1605 0.164 0.164
0.1645 0.167 0.167 0.2095 0.2095 0.2095 0.212 0.212 0.237 0.237 0.209 0.209 0.2075 0.2075 0.2075 0.2065 0.2065 0.213 0.213 0.198 0.198 0.198 0.205 0.205 0.217 0.217 0.21 0.21 0.21 0.214 0.214 0.1995 0.1995 0.2175 0.2175 0.2175 0.2075 0.2075 0.1895 0.1895 0.2 0.2 0.2 0.2005 0.2005 0.207 0.207 0.205 0.205 0.1805 0.1805 0.1805 0.1595 0.1595 0.163 0.163 0.1805 0.1805 0.1805 0.1855 0.1855 0.166 0.166 0.174 0.174 0.174 0.183 0.183 0.1685 0.1685 0.1615 0.1615 0.1615 0.1605 0.1605 0.164 0.164
0.1645 0.167 0.167 0.2095 0.2095 0.2095 0.212 0.212 0.237 0.237 0.209 0.209 0.2075 0.2075 0.2075 0.2065 0.2065 0.213 0.213 0.198 0.198 0.198 0.205 0.205 0.217 0.217 0.21 0.21 0.21 0.214 0.214 0.1995 0.1995 0.2175 0.2175 0.2175 0.2075 0.2075 0.1895 0.1895 0.2 0.2 0.2 0.2005 0.2005 0.207 0.207 0.205 0.205 0.1805 0.1805 0.1805 0.1595 0.1595 0.163 0.163 0.1805 0.1805 0.1805 0.1855 0.1855 0.166 0.166 0.174 0.174 0.174 0.183 0.183 0.1685 0.1685 0.1615 0.1615 0.1615 0.1605 0.1605 0.164 0.164
0.154 0.165 0.165 0.1975 0.1975 0.1975 0.2185 0.2185 0.2325 0.2325 0.2355 0.2355 0.221 0.221 0.221 0.2095 0.2095 0.1845 0.1845 0.181 0.181 0.181 0.1845 0.1845 0.196 0.196 0.2245 0.2245 0.2245 0.226 0.226 0.211 0.211 0.2145 0.2145 0.2145 0.1905 0.1905 0.2145 0.2145 0.2115 0.2115 0.2115 0.1885 0.1885 0.1815 0.1815 0.1915 0.1915 0.155 0.155 0.155 0.1605 0.1605 0.1725 0.1725 0.209 0.209 0.209 0.1995 0.1995 0.1975 0.1975 0.198 0.198 0.198 0.186 0.186 0.177 0.177 0.189 0.189 0.189 0.175 0.175 0.166 0.166
0.154 0.165 0.165 0.1975 0.1975 0.1975 0.2185 0.2185 0.2325 0.2325 0.2355 0.2355 0.221 0.221 0.221 0.2095 0.2095 0.1845 0.1845 0.181 0.181 0.181 0.1845 0.1845 0.196 0.196 0.2245 0.2245 0.2245 0.226 0.226 0.211 0.211 0.2145 0.2145 0.2145 0.1905 0.1905 0.2145 0.2145 0.2115 0.2115 0.2115 0.1885 0.1885 0.1815 0.1815 0.1915 0.1915 0.155 0.155 0.155 0.1605 0.1605 0.1725 0.1725 0.209 0.209 0.209 0.1995 0.1995 0.1975 0.1975 0.198 0.198 0.198 0.186 0.186 0.177 0.177 0.189 0.189 0.189 0.175 0.175 0.166 0.166
0.154 0.1525 0.1525 0.205 0.205 0.205 0.22 0.22 0.2225 0.2225 0.2385 0.2385 0.235 0.235 0.235 0.229 0.229 0.176 0.176 0.1795 0.1795 0.1795 0.1995 0.1995 0.218 0.218 0.233 0.233 0.233 0.238 0.238 0.243 0.243 0.249 0.249 0.249 0.248 0.248 0.231 0.231 0.232 0.232 0.232 0.193 0.193 0.1915 0.1915 0.205 0.205 0.1765 0.1765 0.1765 0.174 0.174 0.219 0.219 0.2045 0.2045 0.2045 0.2065 0.2065 0.203 0.203 0.2305 0.2305 0.2305 0.1885 0.1885 0.215 0.215 0.2195 0.2195 0.2195 0.2275 0.2275 0.216 0.216
0.154 0.1525 0.1525 0.205 0.205 0.205 0.22 0.22 0.2225 0.2225 0.2385 0.2385 0.235 0.235 0.235 0.229 0.229 0.176 0.176 0.1795 0.1795 0.1795 0.1995 0.1995 0.218 0.218 0.233 0.233 0.233 0.238 0.238 0.243 0.243 0.249 0.249 0.249 0.248 0.248 0.231 0.231 0.232 0.232 0.232 0.193 0.193 0.1915 0.1915 0.205 0.205 0.1765 0.1765 0.1765 0.174 0.174 0.219 0.219 0.2045 0.2045 0.2045 0.2065 0.2065 0.203 0.203 0.2305 0.2305 0.2305 0.1885 0.1885 0.215 0.215 0.2195 0.2195 0.2195 0.2275 0.2275 0.216 0.216
0.134 0.1635 0.1635 0.202 0.202 0.202 0.204 0.204 0.2245 0.2245 0.217 0.217 0.224 0.224 0.224 0.2425 0.2425 0.2335 0.2335 0.244 0.244 0.244 0.2245 0.2245 0.242 0.242 0.2405 0.2405 0.2405 0.255 0.255 0.2345 0.2345 0.2215 0.2215 0.2215 0.2185 0.2185 0.2135 0.2135 0.215 0.215 0.215 0.2125 0.2125 0.2 0.2 0.193 0.193 0.1955 0.1955 0.1955 0.2025 0.2025 0.1895 0.1895 0.198 0.198 0.198 0.197 0.197 0.2245 0.2245 0.2325 0.2325 0.2325 0.217 0.217 0.215 0.215 0.213 0.213 0.213 0.2225 0.2225 0.201 0.201
0.134 0.1635 0.1635 0.202 0.202 0.202 0.204 0.204 0.2245 0.2245 0.217 0.217 0.224 0.224 0.224 0.2425 0.2425 0.2335 0.2335 0.244 0.244 0.244 0.2245 0.2245 0.242 0.242 0.2405 0.2405 0.2405 0.255 0.255 0.2345 0.2345 0.2215 0.2215 0.2215 0.2185 0.2185 0.2135 0.2135 0.215 0.215 0.215 0.2125 0.2125 0.2 0.2 0.193 0.193 0.1955 0.1955 0.1955 0.2025 0.2025 0.1895 0.1895 0.198 0.198 0.198 0.197 0.197 0.2245 0.2245 0.2325 0.2325 0.2325 0.217 0.217 0.215 0.215 0.213 0.213 0.213 0.2225 0.2225 0.201 0.201
0.1245 0.1445 0.1445 0.1595 0.1595 0.1595 0.2025 0.2025 0.207 0.207 0.206 0.206 0.211 0.211 0.211 0.2225 0.2225 0.2405 0.2405 0.251 0.251 0.251 0.259 0.259 0.2425 0.2425 0.232 0.232 0.232 0.2265 0.2265 0.219 0.219 0.211 0.211 0.211 0.224 0.224 0.206 0.206 0.2195 0.2195 0.2195 0.1905 0.1905 0.1885 0.1885 0.161 0.161 0.167 0.167 0.167 0.174 0.174 0.1915 0.1915 0.1775 0.1775 0.1775 0.181 0.181 0.201 0.201 0.2145 0.2145 0.2145 0.2295 0.2295 0.212 0.212 0.205 0.205 0.205 0.2035 0.2035 0.215 0.215
0.1245 0.1445 0.1445 0.1595 0.1595 0.1595 0.2025 0.2025 0.207 0.207 0.206 0.206 0.211 0.211 0.211 0.2225 0.2225 0.2405 0.2405 0.251 0.251 0.251 0.259 0.259 0.2425 0.2425 0.232 0.232 0.232 0.2265 0.2265 0.219 0.219 0.211 0.211 0.211 0.224 0.224 0.206 0.206 0.2195 0.2195 0.2195 0.1905 0.1905 0.1885 0.1885 0.161 0.161 0.167 0.167 0.167 0.174 0.174 0.1915 0.1915 0.1775 0.1775 0.1775 0.181 0.181 0.201 0.201 0.2145 0.2145 0.2145 0.2295 0.2295 0.212 0.212 0.205 0.205 0.205 0.2035 0.2035 0.215 0.215
0.1245 0.1445 0.1445 0.1595 0.1595 0.1595 0.2025 0.2025 0.207 0.207 0.206 0.206 0.211 0.211 0.211 0.2225 0.2225 0.2405 0.2405 0.251 0.251 0.251 0.259 0.259 0.2425 0.2425 0.232 0.232 0.232 0.2265 0.2265 0.219 0.219 0.211 0.211 0.211 0.224 0.224 0.206 0.206 0.2195 0.2195 0.2195 0.1905 0.1905 0.1885 0.1885 0.161 0.161 0.167 0.167 0.167 0.174 0.174 0.1915 0.1915 0.1775 0.1775 0.1775 0.181 0.181 0.201 0.201 0.2145 0.2145 0.2145 0.2295 0.2295 0.212 0.212 0.205 0.205 0.205 0.2035 0.2035 0.215 0.215
0.15 0.169 0.169 0.1525 0.1525 0.1525 0.1755 0.1755 0.1925 0.1925 0.198 0.198 0.2115 0.2115 0.2115 0.222 0.222 0.2365 0.2365 0.25 0.25 0.25 0.2575 0.2575 0.2485 0.2485 0.223 0.223 0.223 0.214 0.214 0.2205 0.2205 0.2255 0.2255 0.2255 0.236 0.236 0.208 0.208 0.22 0.22 0.22 0.1855 0.1855 0.159 0.159 0.1625 0.1625 0.1745 0.1745 0.1745 0.19 0.19 0.1725 0.1725 0.1855 0.1855 0.1855 0.188 0.188 0.183 0.183 0.201 0.201 0.201 0.2115 0.2115 0.197 0.197 0.2225 0.2225 0.2225 0.2155 0.2155 0.2195 0.2195
0.15 0.169 0.169 0.1525 0.1525 0.1525 0.1755 0.1755 0.1925 0.1925 0.198 0.198 0.2115 0.2115 0.2115 0.222 0.222 0.2365 0.2365 0.25 0.25 0.25 0.2575 0.2575 0.2485 0.2485 0.223 0.223 0.223 0.214 0.214 0.2205 0.2205 0.2255 0.2255 0.2255 0.236 0.236 0.208 0.208 0.22 0.22 0.22 0.1855 0.1855 0.159 0.159 0.1625 0.1625 0.1745 0.1745 0.1745 0.19 0.19 0.1725 0.1725 0.1855 0.1855 0.1855 0.188 0.188 0.183 0.183 0.201 0.201 0.201 0.2115 0.2115 0.197 0.197 0.2225 0.2225 0.2225 0.2155 0.2155 0.2195 0.2195
0.162 0.158 0.158 0.15 0.15 0.15 0.1725 0.1725 0.1745 0.1745 0.193 0.193 0.212 0.212 0.212 0.24 0.24 0.259 0.259 0.2545 0.2545 0.2545 0.26 0.26 0.2565 0.2565 0.2175 0.2175 0.2175 0.218 0.218 0.2195 0.2195 0.226 0.226 0.226 0.223 0.223 0.2125 0.2125 0.223 0.223 0.223 0.224 0.224 0.204 0.204 0.207 0.207 0.202 0.202 0.202 0.215 0.215 0.2055 0.2055 0.1955 0.1955 0.1955 0.1975 0.1975 0.197 0.197 0.2225 0.2225 0.2225 0.21 0.21 0.1905 0.1905 0.1885 0.1885 0.1885 0.2055 0.2055 0.1945 0.1945
0.162 0.158 0.158 0.15 0.15 0.15 0.1725 0.1725 0.1745 0.1745 0.193 0.193 0.212 0.212 0.212 0.24 0.24 0.259 0.259 0.2545 0.2545 0.2545 0.26 0.26 0.2565 0.2565 0.2175 0.2175 0.2175 0.218 0.218 0.2195 0.2195 0.226 0.226 0.226 0.223 0.223 0.2125 0.2125 0.223 0.223 0.223 0.224 0.224 0.204 0.204 0.207 0.207 0.202 0.202 0.202 0.215 0.215 0.2055 0.2055 0.1955 0.1955 0.1955 0.1975 0.1975 0.197 0.197 0.2225 0.2225 0.2225 0.21 0.21 0.1905 0.1905 0.1885 0.1885 0.1885 0.2055 0.2055 0.1945 0.1945
0.167 0.188 0.188 0.1615 0.1615 0.1615 0.179 0.179 0.1745 0.1745 0.2115 0.2115 0.2185 0.2185 0.2185 0.233 0.233 0.2525 0.2525 0.2465 0.2465 0.2465 0.242 0.242 0.2505 0.2505 0.241 0.241 0.241 0.1975 0.1975 0.219 0.219 0.246 0.246 0.246 0.25 0.25 0.2275 0.2275 0.244 0.244 0.244 0.232 0.232 0.1995 0.1995 0.228 0.228 0.243 0.243 0.243 0.226 0.226 0.233 0.233 0.238 0.238 0.238 0.2345 0.2345 0.24 0.24 0.227 0.227 0.227 0.2285 0.2285 0.208 0.208 0.1985 0.1985 0.1985 0.197 0.197 0.1975 0.1975
0.167 0.188 0.188 0.1615 0.1615 0.1615 0.179 0.179 0.1745 0.1745 0.2115 0.2115 0.2185 0.2185 0.2185 0.233 0.233 0.2525 0.2525 0.2465 0.2465 0.2465 0.242 0.242 0.2505 0.2505 0.241 0.241 0.241 0.1975 0.1975 0.219 0.219 0.246 0.246 0.246 0.25 0.25 0.2275 0.2275 0.244 0.244 0.244 0.232 0.232 0.1995 0.1995 0.228 0.228 0.243 0.243 0.243 0.226 0.226 0.233 0.233 0.238 0.238 0.238 0.2345 0.2345 0.24 0.24 0.227 0.227 0.227 0.2285 0.2285 0.208 0.208 0.1985 0.1985 0.1985 0.197 0.197 0.1975 0.1975
0.167 0.188 0.188 0.1615 0.1615 0.1615 0.179 0.179 0.1745 0.1745 0.2115 0.2115 0.2185 0.2185 0.2185 0.233 0.233 0.2525 0.2525 0.2465 0.2465 0.2465 0.242 0.242 0.2505 0.2505 0.241 0.241 0.241 0.1975 0.1975 0.219 0.219 0.246 0.246 0.246 0.25 0.25 0.2275 0.2275 0.244 0.244 0.244 0.232 0.232 0.1995 0.1995 0.228 0.228 0.243 0.243 0.243 0.226 0.226 0.233 0.233 0.238 0.238 0.238 0.2345 0.2345 0.24 0.24 0.227 0.227 0.227 0.2285 0.2285 0.208 0.208 0.1985 0.1985 0.1985 0.197 0.197 0.1975 0.1975
0.1505 0.1825 0.1825 0.17 0.17 0.17 0.1725 0.1725 0.2085 0.2085 0.2085 0.2085 0.202 0.202 0.202 0.2295 0.2295 0.2515 0.2515 0.2515 0.2515 0.2515 0.2535 0.2535 0.231 0.231 0.225 0.225 0.225 0.255 0.255 0.2405 0.2405 0.243 0.243 0.243 0.2345 0.2345 0.216 0.216 0.2365 0.2365 0.2365 0.2525 0.2525 0.2385 0.2385 0.215 0.215 0.225 0.225 0.225 0.218 0.218 0.24 0.24 0.2545 0.2545 0.2545 0.2455 0.2455 0.25 0.25 0.2405 0.2405 0.2405 0.2135 0.2135 0.231 0.231 0.2375 0.2375 0.2375 0.2365 0.2365 0.2365 0.2365
0.1505 0.1825 0.1825 0.17 0.17 0.17 0.1725 0.1725 0.2085 0.2085 0.2085 0.2085 0.202 0.202 0.202 0.2295 0.2295 0.2515 0.2515 0.2515 0.2515 0.2515 0.2535 0.2535 0.231 0.231 0.225 0.225 0.225 0.255 0.255 0.2405 0.2405 0.243 0.243 0.243 0.2345 0.2345 0.216 0.216 0.2365 0.2365 0.2365 0.2525 0.2525 0.2385 0.2385 0.215 0.215 0.225 0.225 0.225 0.218 0.218 0.24 0.24 0.2545 0.2545 0.2545 0.2455 0.2455 0.25 0.25 0.2405 0.2405 0.2405 0.2135 0.2135 0.231 0.231 0.2375 0.2375 0.2375 0.2365 0.2365 0.2365 0.2365
0.189 0.1975 0.1975 0.187 0.187 0.187 0.203 0.203 0.196 0.196 0.192 0.192 0.2215 0.2215 0.2215 0.2645 0.2645 0.2485 0.2485 0.2385 0.2385 0.2385 0.242 0.242 0.2575 0.2575 0.251 0.251 0.251 0.2375 0.2375 0.234 0.234 0.219 0.219 0.219 0.235 0.235 0.2185 0.2185 0.232 0.232 0.232 0.227 0.227 0.218 0.218 0.225 0.225 0.233 0.233 0.233 0.207 0.207 0.254 0.254 0.2485 0.2485 0.2485 0.245 0.245 0.231 0.231 0.217 0.217 0.217 0.2535 0.2535 0.264 0.264 0.2465 0.2465 0.2465 0.2435 0.2435 0.236 0.236
