ndvi/NOAA-289.asc
ncols         252
nrows         154
xllcorner     -18.017974
yllcorner     13.481982
cellsize      0.035948
NODATA_value  -9999
[rows 34 to 67 of 154, columns 77 to 153 of 252]
0.1605 0.1605 0.163 0.163 0.1655 0.1655 0.167 0.167 0.167 0.157 0.157 0.171 0.171 0.178 0.178 0.172 0.172 0.172 0.167 0.167 0.169 0.169 0.1785 0.1785 0.1785 0.181 0.181 0.186 0.186 0.1825 0.1825 0.1825 0.1875 0.1875 0.1785 0.1785 0.173 0.173 0.173 0.171 0.171 0.1665 0.1665 0.19 0.19 0.19 0.1855 0.1855 0.181 0.181 0.1825 0.1825 0.184 0.184 0.184 0.1825 0.1825 0.181 0.181 0.182 0.182 0.182 0.1815 0.1815 0.1875 0.1875 0.1905 0.1905 0.1905 0.181 0.181 0.1175 0.1175 0.1325 0.1325 0.1325 0.134
0.1605 0.1605 0.163 0.163 0.1655 0.1655 0.167 0.167 0.167 0.157 0.157 0.171 0.171 0.178 0.178 0.172 0.172 0.172 0.167 0.167 0.169 0.169 0.1785 0.1785 0.1785 0.181 0.181 0.186 0.186 0.1825 0.1825 0.1825 0.1875 0.1875 0.1785 0.1785 0.173 0.173 0.173 0.171 0.171 0.1665 0.1665 0.19 0.19 0.19 0.1855 0.1855 0.181 0.181 0.1825 0.1825 0.184 0.184 0.184 0.1825 0.1825 0.181 0.181 0.182 0.182 0.182 0.1815 0.1815 0.1875 0.1875 0.1905 0.1905 0.1905 0.181 0.181 0.1175 0.1175 0.1325 0.1325 0.1325 0.134
0.1605 0.1605 0.163 0.163 0.1655 0.1655 0.167 0.167 0.167 0.157 0.157 0.171 0.171 0.178 0.178 0.172 0.172 0.172 0.167 0.167 0.169 0.169 0.1785 0.1785 0.1785 0.181 0.181 0.186 0.186 0.1825 0.1825 0.1825 0.1875 0.1875 0.1785 0.1785 0.173 0.173 0.173 0.171 0.171 0.1665 0.1665 0.19 0.19 0.19 0.1855 0.1855 0.181 0.181 0.1825 0.1825 0.184 0.184 0.184 0.1825 0.1825 0.181 0.181 0.182 0.182 0.182 0.1815 0.1815 0.1875 0.1875 0.1905 0.1905 0.1905 0.181 0.181 0.1175 0.1175 0.1325 0.1325 0.1325 0.134
0.172 0.172 0.1625 0.1625 0.1665 0.1665 0.172 0.172 0.172 0.162 0.162 0.168 0.168 0.175 0.175 0.1745 0.1745 0.1745 0.171 0.171 0.166 0.166 0.1735 0.1735 0.1735 0.1935 0.1935 0.191 0.191 0.1915 0.1915 0.1915 0.1855 0.1855 0.186 0.186 0.177 0.177 0.177 0.172 0.172 0.1795 0.1795 0.1885 0.1885 0.1885 0.187 0.187 0.1785 0.1785 0.2 0.2 0.1925 0.1925 0.1925 0.197 0.197 0.214 0.214 0.1985 0.1985 0.1985 0.1935 0.1935 0.1805 0.1805 0.178 0.178 0.178 0.1675 0.1675 0.179 0.179 0.161 0.161 0.161 0.1655
0.172 0.172 0.1625 0.1625 0.1665 0.1665 0.172 0.172 0.172 0.162 0.162 0.168 0.168 0.175 0.175 0.1745 0.1745 0.1745 0.171 0.171 0.166 0.166 0.1735 0.1735 0.1735 0.1935 0.1935 0.191 0.191 0.1915 0.1915 0.1915 0.1855 0.1855 0.186 0.186 0.177 0.177 0.177 0.172 0.172 0.1795 0.1795 0.1885 0.1885 0.1885 0.187 0.187 0.1785 0.1785 0.2 0.2 0.1925 0.1925 0.1925 0.197 0.197 0.214 0.214 0.1985 0.1985 0.1985 0.1935 0.1935 0.1805 0.1805 0.178 0.178 0.178 0.1675 0.1675 0.179 0.179 0.161 0.161 0.161 0.1655
0.1745 0.1745 0.169 0.169 0.1655 0.1655 0.161 0.161 0.161 0.166 0.166 0.163 0.163 0.174 0.174 0.171 0.171 0.171 0.163 0.163 0.165 0.165 0.1735 0.1735 0.1735 0.1795 0.1795 0.1845 0.1845 0.1985 0.1985 0.1985 0.1965 0.1965 0.1905 0.1905 0.186 0.186 0.186 0.1895 0.1895 0.196 0.196 0.2105 0.2105 0.2105 0.2185 0.2185 0.223 0.223 0.2165 0.2165 0.2535 0.2535 0.2535 0.2165 0.2165 0.1875 0.1875 0.1965 0.1965 0.1965 0.2025 0.2025 0.191 0.191 0.1715 0.1715 0.1715 0.1785 0.1785 0.1515 0.1515 0.1375 0.1375 0.1375 0.149
0.1745 0.1745 0.169 0.169 0.1655 0.1655 0.161 0.161 0.161 0.166 0.166 0.163 0.163 0.174 0.174 0.171 0.171 0.171 0.163 0.163 0.165 0.165 0.1735 0.1735 0.1735 0.1795 0.1795 0.1845 0.1845 0.1985 0.1985 0.1985 0.1965 0.1965 0.1905 0.1905 0.186 0.186 0.186 0.1895 0.1895 0.196 0.196 0.2105 0.2105 0.2105 0.2185 0.2185 0.223 0.223 0.2165 0.2165 0.2535 0.2535 0.2535 0.2165 0.2165 0.1875 0.1875 0.1965 0.1965 0.1965 0.2025 0.2025 0.191 0.191 0.1715 0.1715 0.1715 0.1785 0.1785 0.1515 0.1515 0.1375 0.1375 0.1375 0.149
0.194 0.194 0.171 0.171 0.1765 0.1765 0.164 0.164 0.164 0.1615 0.1615 0.163 0.163 0.174 0.174 0.173 0.173 0.173 0.154 0.154 0.168 0.168 0.1875 0.1875 0.1875 0.197 0.197 0.1885 0.1885 0.184 0.184 0.184 0.1855 0.1855 0.1905 0.1905 0.1945 0.1945 0.1945 0.191 0.191 0.213 0.213 0.2115 0.2115 0.2115 0.2135 0.2135 0.215 0.215 0.201 0.201 0.22 0.22 0.22 0.2015 0.2015 0.1915 0.1915 0.181 0.181 0.181 0.164 0.164 0.1685 0.1685 0.177 0.177 0.177 0.172 0.172 0.161 0.161 0.115 0.115 0.115 0.15
0.194 0.194 0.171 0.171 0.1765 0.1765 0.164 0.164 0.164 0.1615 0.1615 0.163 0.163 0.174 0.174 0.173 0.173 0.173 0.154 0.154 0.168 0.168 0.1875 0.1875 0.1875 0.197 0.197 0.1885 0.1885 0.184 0.184 0.184 0.1855 0.1855 0.1905 0.1905 0.1945 0.1945 0.1945 0.191 0.191 0.213 0.213 0.2115 0.2115 0.2115 0.2135 0.2135 0.215 0.215 0.201 0.201 0.22 0.22 0.22 0.2015 0.2015 0.1915 0.1915 0.181 0.181 0.181 0.164 0.164 0.1685 0.1685 0.177 0.177 0.177 0.172 0.172 0.161 0.161 0.115 0.115 0.115 0.15
0.194 0.194 0.171 0.171 0.1765 0.1765 0.164 0.164 0.164 0.1615 0.1615 0.163 0.163 0.174 0.174 0.173 0.173 0.173 0.154 0.154 0.168 0.168 0.1875 0.1875 0.1875 0.197 0.197 0.1885 0.1885 0.184 0.184 0.184 0.1855 0.1855 0.1905 0.1905 0.1945 0.1945 0.1945 0.191 0.191 0.213 0.213 0.2115 0.2115 0.2115 0.2135 0.2135 0.215 0.215 0.201 0.201 0.22 0.22 0.22 0.2015 0.2015 0.1915 0.1915 0.181 0.181 0.181 0.164 0.164 0.1685 0.1685 0.177 0.177 0.177 0.172 0.172 0.161 0.161 0.115 0.115 0.115 0.15
0.2055 0.2055 0.1795 0.1795 0.164 0.164 0.1625 0.1625 0.1625 0.1665 0.1665 0.1685 0.1685 0.1665 0.1665 0.1715 0.1715 0.1715 0.1595 0.1595 0.1895 0.1895 0.1935 0.1935 0.1935 0.1965 0.1965 0.1925 0.1925 0.181 0.181 0.181 0.202 0.202 0.2145 0.2145 0.2165 0.2165 0.2165 0.2095 0.2095 0.2125 0.2125 0.2 0.2 0.2 0.1725 0.1725 0.1805 0.1805 0.184 0.184 0.1995 0.1995 0.1995 0.1885 0.1885 0.2055 0.2055 0.1755 0.1755 0.1755 0.1905 0.1905 0.1505 0.1505 0.15 0.15 0.15 0.1565 0.1565 0.1455 0.1455 0.1425 0.1425 0.1425 0.1385
0.2055 0.2055 0.1795 0.1795 0.164 0.164 0.1625 0.1625 0.1625 0.1665 0.1665 0.1685 0.1685 0.1665 0.1665 0.1715 0.1715 0.1715 0.1595 0.1595 0.1895 0.1895 0.1935 0.1935 0.1935 0.1965 0.1965 0.1925 0.1925 0.181 0.181 0.181 0.202 0.202 0.2145 0.2145 0.2165 0.2165 0.2165 0.2095 0.2095 0.2125 0.2125 0.2 0.2 0.2 0.1725 0.1725 0.1805 0.1805 0.184 0.184 0.1995 0.1995 0.1995 0.1885 0.1885 0.2055 0.2055 0.1755 0.1755 0.1755 0.1905 0.1905 0.1505 0.1505 0.15 0.15 0.15 0.1565 0.1565 0.1455 0.1455 0.1425 0.1425 0.1425 0.1385
0.194 0.194 0.1865 0.1865 0.1775 0.1775 0.173 0.173 0.173 0.1695 0.1695 0.1645 0.1645 0.174 0.174 0.174 0.174 0.174 0.176 0.176 0.196 0.196 0.197 0.197 0.197 0.1945 0.1945 0.187 0.187 0.1945 0.1945 0.1945 0.212 0.212 0.2155 0.2155 0.1945 0.1945 0.1945 0.1835 0.1835 0.198 0.198 0.187 0.187 0.187 0.1915 0.1915 0.2275 0.2275 0.199 0.199 0.2135 0.2135 0.2135 0.223 0.223 0.194 0.194 0.2035 0.2035 0.2035 0.1855 0.1855 0.162 0.162 0.176 0.176 0.176 0.2045 0.2045 0.1655 0.1655 0.154 0.154 0.154 0.161
0.194 0.194 0.1865 0.1865 0.1775 0.1775 0.173 0.173 0.173 0.1695 0.1695 0.1645 0.1645 0.174 0.174 0.174 0.174 0.174 0.176 0.176 0.196 0.196 0.197 0.197 0.197 0.1945 0.1945 0.187 0.187 0.1945 0.1945 0.1945 0.212 0.212 0.2155 0.2155 0.1945 0.1945 0.1945 0.1835 0.1835 0.198 0.198 0.187 0.187 0.187 0.1915 0.1915 0.2275 0.2275 0.199 0.199 0.2135 0.2135 0.2135 0.223 0.223 0.194 0.194 0.2035 0.2035 0.2035 0.1855 0.1855 0.162 0.162 0.176 0.176 0.176 0.2045 0.2045 0.1655 0.1655 0.154 0.154 0.154 0.161
0.2075 0.2075 0.1775 0.1775 0.1795 0.1795 0.1655 0.1655 0.1655 0.168 0.168 0.161 0.161 0.1945 0.1945 0.194 0.194 0.194 0.203 0.203 0.2125 0.2125 0.2125 0.2125 0.2125 0.2155 0.2155 0.2275 0.2275 0.228 0.228 0.228 0.2115 0.2115 0.257 0.257 0.168 0.168 0.168 0.174 0.174 0.1665 0.1665 0.1905 0.1905 0.1905 0.196 0.196 0.211 0.211 0.209 0.209 0.198 0.198 0.198 0.194 0.194 0.2075 0.2075 0.196 0.196 0.196 0.2075 0.2075 0.1875 0.1875 0.23 0.23 0.23 0.2005 0.2005 0.2365 0.2365 0.186 0.186 0.186 0.1415
0.2075 0.2075 0.1775 0.1775 0.1795 0.1795 0.1655 0.1655 0.1655 0.168 0.168 0.161 0.161 0.1945 0.1945 0.194 0.194 0.194 0.203 0.203 0.2125 0.2125 0.2125 0.2125 0.2125 0.2155 0.2155 0.2275 0.2275 0.228 0.228 0.228 0.2115 0.2115 0.257 0.257 0.168 0.168 0.168 0.174 0.174 0.1665 0.1665 0.1905 0.1905 0.1905 0.196 0.196 0.211 0.211 0.209 0.209 0.198 0.198 0.198 0.194 0.194 0.2075 0.2075 0.196 0.196 0.196 0.2075 0.2075 0.1875 0.1875 0.23 0.23 0.23 0.2005 0.2005 0.2365 0.2365 0.186 0.186 0.186 0.1415
0.2075 0.2075 0.1775 0.1775 0.1795 0.1795 0.1655 0.1655 0.1655 0.168 0.168 0.161 0.161 0.1945 0.1945 0.194 0.194 0.194 0.203 0.203 0.2125 0.2125 0.2125 0.2125 0.2125 0.2155 0.2155 0.2275 0.2275 0.228 0.228 0.228 0.2115 0.2115 0.257 0.257 0.168 0.168 0.168 0.174 0.174 0.1665 0.1665 0.1905 0.1905 0.1905 0.196 0.196 0.211 0.211 0.209 0.209 0.198 0.198 0.198 0.194 0.194 0.2075 0.2075 0.196 0.196 0.196 0.2075 0.2075 0.1875 0.1875 0.23 0.23 0.23 0.2005 0.2005 0.2365 0.2365 0.186 0.186 0.186 0.1415
0.187 0.187 0.189 0.189 0.2115 0.2115 0.2185 0.2185 0.2185 0.2165 0.2165 0.209 0.209 0.209 0.209 0.2165 0.2165 0.2165 0.2135 0.2135 0.222 0.222 0.2315 0.2315 0.2315 0.229 0.229 0.229 0.229 0.235 0.235 0.235 0.204 0.204 0.251 0.251 0.2105 0.2105 0.2105 0.1635 0.1635 0.1655 0.1655 0.1735 0.1735 0.1735 0.2295 0.2295 0.158 0.158 0.187 0.187 0.2055 0.2055 0.2055 0.214 0.214 0.193 0.193 0.201 0.201 0.201 0.218 0.218 0.248 0.248 0.215 0.215 0.215 0.1965 0.1965 0.212 0.212 0.1905 0.1905 0.1905 0.1445
0.187 0.187 0.189 0.189 0.2115 0.2115 0.2185 0.2185 0.2185 0.2165 0.2165 0.209 0.209 0.209 0.209 0.2165 0.2165 0.2165 0.2135 0.2135 0.222 0.222 0.2315 0.2315 0.2315 0.229 0.229 0.229 0.229 0.235 0.235 0.235 0.204 0.204 0.251 0.251 0.2105 0.2105 0.2105 0.1635 0.1635 0.1655 0.1655 0.1735 0.1735 0.1735 0.2295 0.2295 0.158 0.158 0.187 0.187 0.2055 0.2055 0.2055 0.214 0.214 0.193 0.193 0.201 0.201 0.201 0.218 0.218 0.248 0.248 0.215 0.215 0.215 0.1965 0.1965 0.212 0.212 0.1905 0.1905 0.1905 0.1445
0.196 0.196 0.215 0.215 0.223 0.223 0.2155 0.2155 0.2155 0.242 0.242 0.2155 0.2155 0.2105 0.2105 0.2465 0.2465 0.2465 0.2385 0.2385 0.2285 0.2285 0.222 0.222 0.222 0.2135 0.2135 0.221 0.221 0.2315 0.2315 0.2315 0.209 0.209 0.2245 0.2245 0.207 0.207 0.207 0.184 0.184 0.1775 0.1775 0.1655 0.1655 0.1655 0.156 0.156 0.1785 0.1785 0.2295 0.2295 0.194 0.194 0.194 0.2345 0.2345 0.2295 0.2295 0.2625 0.2625 0.2625 0.239 0.239 0.2295 0.2295 0.2185 0.2185 0.2185 0.2085 0.2085 0.207 0.207 0.198 0.198 0.198 0.127
0.196 0.196 0.215 0.215 0.223 0.223 0.2155 0.2155 0.2155 0.242 0.242 0.2155 0.2155 0.2105 0.2105 0.2465 0.2465 0.2465 0.2385 0.2385 0.2285 0.2285 0.222 0.222 0.222 0.2135 0.2135 0.221 0.221 0.2315 0.2315 0.2315 0.209 0.209 0.2245 0.2245 0.207 0.207 0.207 0.184 0.184 0.1775 0.1775 0.1655 0.1655 0.1655 0.156 0.156 0.1785 0.1785 0.2295 0.2295 0.194 0.194 0.194 0.2345 0.2345 0.2295 0.2295 0.2625 0.2625 0.2625 0.239 0.239 0.2295 0.2295 0.2185 0.2185 0.2185 0.2085 0.2085 0.207 0.207 0.198 0.198 0.198 0.127
0.2485 0.2485 0.258 0.258 0.238 0.238 0.2605 0.2605 0.2605 0.2375 0.2375 0.25 0.25 0.258 0.258 0.243 0.243 0.243 0.238 0.238 0.234 0.234 0.22 0.22 0.22 0.217 0.217 0.2185 0.2185 0.2145 0.2145 0.2145 0.187 0.187 0.199 0.199 0.2095 0.2095 0.2095 0.2055 0.2055 0.157 0.157 0.1465 0.1465 0.1465 0.1605 0.1605 0.176 0.176 0.214 0.214 0.206 0.206 0.206 0.216 0.216 0.2555 0.2555 0.2285 0.2285 0.2285 0.2395 0.2395 0.2295 0.2295 0.2255 0.2255 0.2255 0.1995 0.1995 0.208 0.208 0.1735 0.1735 0.1735 0.14
0.2485 0.2485 0.258 0.258 0.238 0.238 0.2605 0.2605 0.2605 0.2375 0.2375 0.25 0.25 0.258 0.258 0.243 0.243 0.243 0.238 0.238 0.234 0.234 0.22 0.22 0.22 0.217 0.217 0.2185 0.2185 0.2145 0.2145 0.2145 0.187 0.187 0.199 0.199 0.2095 0.2095 0.2095 0.2055 0.2055 0.157 0.157 0.1465 0.1465 0.1465 0.1605 0.1605 0.176 0.176 0.214 0.214 0.206 0.206 0.206 0.216 0.216 0.2555 0.2555 0.2285 0.2285 0.2285 0.2395 0.2395 0.2295 0.2295 0.2255 0.2255 0.2255 0.1995 0.1995 0.208 0.208 0.1735 0.1735 0.1735 0.14
0.262 0.262 0.254 0.254 0.259 0.259 0.27 0.27 0.27 0.265 0.265 0.257 0.257 0.2545 0.2545 0.2545 0.2545 0.2545 0.2315 0.2315 0.2355 0.2355 0.221 0.221 0.221 0.2305 0.2305 0.225 0.225 0.241 0.241 0.241 0.2265 0.2265 0.2155 0.2155 0.198 0.198 0.198 0.1845 0.1845 0.1755 0.1755 0.199 0.199 0.199 0.1855 0.1855 0.169 0.169 0.1795 0.1795 0.2135 0.2135 0.2135 0.2225 0.2225 0.223 0.223 0.246 0.246 0.246 0.24 0.24 0.2385 0.2385 0.2305 0.2305 0.2305 0.206 0.206 0.1695 0.1695 0.172 0.172 0.172 0.1295
0.262 0.262 0.254 0.254 0.259 0.259 0.27 0.27 0.27 0.265 0.265 0.257 0.257 0.2545 0.2545 0.2545 0.2545 0.2545 0.2315 0.2315 0.2355 0.2355 0.221 0.221 0.221 0.2305 0.2305 0.225 0.225 0.241 0.241 0.241 0.2265 0.2265 0.2155 0.2155 0.198 0.198 0.198 0.1845 0.1845 0.1755 0.1755 0.199 0.199 0.199 0.1855 0.1855 0.169 0.169 0.1795 0.1795 0.2135 0.2135 0.2135 0.2225 0.2225 0.223 0.223 0.246 0.246 0.246 0.24 0.24 0.2385 0.2385 0.2305 0.2305 0.2305 0.206 0.206 0.1695 0.1695 0.172 0.172 0.172 0.1295
0.262 0.262 0.254 0.254 0.259 0.259 0.27 0.27 0.27 0.265 0.265 0.257 0.257 0.2545 0.2545 0.2545 0.2545 0.2545 0.2315 0.2315 0.2355 0.2355 0.221 0.221 0.221 0.2305 0.2305 0.225 0.225 0.241 0.241 0.241 0.2265 0.2265 0.2155 0.2155 0.198 0.198 0.198 0.1845 0.1845 0.1755 0.1755 0.199 0.199 0.199 0.1855 0.1855 0.169 0.169 0.1795 0.1795 0.2135 0.2135 0.2135 0.2225 0.2225 0.223 0.223 0.246 0.246 0.246 0.24 0.24 0.2385 0.2385 0.2305 0.2305 0.2305 0.206 0.206 0.1695 0.1695 0.172 0.172 0.172 0.1295
0.258 0.258 0.252 0.252 0.2635 0.2635 0.2565 0.2565 0.2565 0.2805 0.2805 0.2255 0.2255 0.2345 0.2345 0.251 0.251 0.251 0.196 0.196 0.212 0.212 0.233 0.233 0.233 0.228 0.228 0.246 0.246 0.24 0.24 0.24 0.241 0.241 0.239 0.239 0.2285 0.2285 0.2285 0.1855 0.1855 0.171 0.171 0.1965 0.1965 0.1965 0.1965 0.1965 0.154 0.154 0.1565 0.1565 0.1785 0.1785 0.1785 0.154 0.154 0.214 0.214 0.246 0.246 0.246 0.245 0.245 0.2625 0.2625 0.277 0.277 0.277 0.2105 0.2105 0.2255 0.2255 0.191 0.191 0.191 0.1515
0.258 0.258 0.252 0.252 0.2635 0.2635 0.2565 0.2565 0.2565 0.2805 0.2805 0.2255 0.2255 0.2345 0.2345 0.251 0.251 0.251 0.196 0.196 0.212 0.212 0.233 0.233 0.233 0.228 0.228 0.246 0.246 0.24 0.24 0.24 0.241 0.241 0.239 0.239 0.2285 0.2285 0.2285 0.1855 0.1855 0.171 0.171 0.1965 0.1965 0.1965 0.1965 0.1965 0.154 0.154 0.1565 0.1565 0.1785 0.1785 0.1785 0.154 0.154 0.214 0.214 0.246 0.246 0.246 0.245 0.245 0.2625 0.2625 0.277 0.277 0.277 0.2105 0.2105 0.2255 0.2255 0.191 0.191 0.191 0.1515
0.329 0.329 0.286 0.286 0.3105 0.3105 0.2965 0.2965 0.2965 0.252 0.252 0.2625 0.2625 0.2605 0.2605 0.232 0.232 0.232 0.24 0.24 0.275 0.275 0.277 0.277 0.277 0.2595 0.2595 0.2595 0.2595 0.2315 0.2315 0.2315 0.239 0.239 0.2235 0.2235 0.225 0.225 0.225 0.241 0.241 0.201 0.201 0.2275 0.2275 0.2275 0.1955 0.1955 0.135 0.135 0.132 0.132 0.129 0.129 0.129 0.177 0.177 0.188 0.188 0.2375 0.2375 0.2375 0.245 0.245 0.234 0.234 0.2445 0.2445 0.2445 0.215 0.215 0.1985 0.1985 0.1825 0.1825 0.1825 0.14
0.329 0.329 0.286 0.286 0.3105 0.3105 0.2965 0.2965 0.2965 0.252 0.252 0.2625 0.2625 0.2605 0.2605 0.232 0.232 0.232 0.24 0.24 0.275 0.275 0.277 0.277 0.277 0.2595 0.2595 0.2595 0.2595 0.2315 0.2315 0.2315 0.239 0.239 0.2235 0.2235 0.225 0.225 0.225 0.241 0.241 0.201 0.201 0.2275 0.2275 0.2275 0.1955 0.1955 0.135 0.135 0.132 0.132 0.129 0.129 0.129 0.177 0.177 0.188 0.188 0.2375 0.2375 0.2375 0.245 0.245 0.234 0.234 0.2445 0.2445 0.2445 0.215 0.215 0.1985 0.1985 0.1825 0.1825 0.1825 0.14
0.2855 0.2855 0.2935 0.2935 0.2575 0.2575 0.2255 0.2255 0.2255 0.2375 0.2375 0.2495 0.2495 0.3025 0.3025 0.278 0.278 0.278 0.3075 0.3075 0.324 0.324 0.3195 0.3195 0.3195 0.234 0.234 0.2595 0.2595 0.237 0.237 0.237 0.2375 0.2375 0.257 0.257 0.2405 0.2405 0.2405 0.2355 0.2355 0.22 0.22 0.1455 0.1455 0.1455 0.134 0.134 0.152 0.152 0.153 0.153 0.223 0.223 0.223 0.1925 0.1925 0.205 0.205 0.2495 0.2495 0.2495 0.2495 0.2495 0.2195 0.2195 0.248 0.248 0.248 0.2445 0.2445 0.21 0.21 0.179 0.179 0.179 0.1705
0.2855 0.2855 0.2935 0.2935 0.2575 0.2575 0.2255 0.2255 0.2255 0.2375 0.2375 0.2495 0.2495 0.3025 0.3025 0.278 0.278 0.278 0.3075 0.3075 0.324 0.324 0.3195 0.3195 0.3195 0.234 0.234 0.2595 0.2595 0.237 0.237 0.237 0.2375 0.2375 0.257 0.257 0.2405 0.2405 0.2405 0.2355 0.2355 0.22 0.22 0.1455 0.1455 0.1455 0.134 0.134 0.152 0.152 0.153 0.153 0.223 0.223 0.223 0.1925 0.1925 0.205 0.205 0.2495 0.2495 0.2495 0.2495 0.2495 0.2195 0.2195 0.248 0.248 0.248 0.2445 0.2445 0.21 0.21 0.179 0.179 0.179 0.1705
0.2855 0.2855 0.2935 0.2935 0.2575 0.2575 0.2255 0.2255 0.2255 0.2375 0.2375 0.2495 0.2495 0.3025 0.3025 0.278 0.278 0.278 0.3075 0.3075 0.324 0.324 0.3195 0.3195 0.3195 0.234 0.234 0.2595 0.2595 0.237 0.237 0.237 0.2375 0.2375 0.257 0.257 0.2405 0.2405 0.2405 0.2355 0.2355 0.22 0.22 0.1455 0.1455 0.1455 0.134 0.134 0.152 0.152 0.153 0.153 0.223 0.223 0.223 0.1925 0.1925 0.205 0.205 0.2495 0.2495 0.2495 0.2495 0.2495 0.2195 0.2195 0.248 0.248 0.248 0.2445 0.2445 0.21 0.21 0.179 0.179 0.179 0.1705
0.229 0.229 0.223 0.223 0.284 0.284 0.2605 0.2605 0.2605 0.282 0.282 0.2225 0.2225 0.2495 0.2495 0.2185 0.2185 0.2185 0.2295 0.2295 0.272 0.272 0.3275 0.3275 0.3275 0.3025 0.3025 0.294 0.294 0.276 0.276 0.276 0.248 0.248 0.2475 0.2475 0.229 0.229 0.229 0.2305 0.2305 0.2265 0.2265 0.1925 0.1925 0.1925 0.1755 0.1755 0.2215 0.2215 0.1985 0.1985 0.21 0.21 0.21 0.2235 0.2235 0.2125 0.2125 0.252 0.252 0.252 0.2535 0.2535 0.25 0.25 0.298 0.298 0.298 0.238 0.238 0.2255 0.2255 0.1865 0.1865 0.1865 0.173
