ndvi/NOAA-208.asc
ncols         252
nrows         154
xllcorner     -18.017974
yllcorner     13.481982
cellsize      0.035948
NODATA_value  -9999
[rows 68 to 101 of 154, columns 77 to 153 of 252]
0.1975 0.1975 0.2125 0.2125 0.1965 0.1965 0.201 0.201 0.201 0.194 0.194 0.2135 0.2135 0.2105 0.2105 0.2195 0.2195 0.2195 0.2305 0.2305 0.2265 0.2265 0.2265 0.2265 0.2265 0.2195 0.2195 0.214 0.214 0.2085 0.2085 0.2085 0.199 0.199 0.1885 0.1885 0.1895 0.1895 0.1895 0.185 0.185 0.184 0.184 0.1675 0.1675 0.1675 0.1365 0.1365 0.1725 0.1725 0.1675 0.1675 0.178 0.178 0.178 0.185 0.185 0.186 0.186 0.2115 0.2115 0.2115 0.207 0.207 0.2075 0.2075 0.1985 0.1985 0.1985 0.206 0.206 0.1905 0.1905 0.169 0.169 0.169 0.1325
0.1985 0.1985 0.1935 0.1935 0.187 0.187 0.2035 0.2035 0.2035 0.2 0.2 0.2075 0.2075 0.223 0.223 0.227 0.227 0.227 0.211 0.211 0.217 0.217 0.2195 0.2195 0.2195 0.2465 0.2465 0.2175 0.2175 0.2075 0.2075 0.2075 0.194 0.194 0.1885 0.1885 0.2 0.2 0.2 0.2055 0.2055 0.196 0.196 0.182 0.182 0.182 0.1695 0.1695 0.1555 0.1555 0.166 0.166 0.1745 0.1745 0.1745 0.1825 0.1825 0.1945 0.1945 0.2025 0.2025 0.2025 0.2165 0.2165 0.216 0.216 0.208 0.208 0.208 0.1985 0.1985 0.205 0.205 0.1855 0.1855 0.1855 0.1345
0.1985 0.1985 0.1935 0.1935 0.187 0.187 0.2035 0.2035 0.2035 0.2 0.2 0.2075 0.2075 0.223 0.223 0.227 0.227 0.227 0.211 0.211 0.217 0.217 0.2195 0.2195 0.2195 0.2465 0.2465 0.2175 0.2175 0.2075 0.2075 0.2075 0.194 0.194 0.1885 0.1885 0.2 0.2 0.2 0.2055 0.2055 0.196 0.196 0.182 0.182 0.182 0.1695 0.1695 0.1555 0.1555 0.166 0.166 0.1745 0.1745 0.1745 0.1825 0.1825 0.1945 0.1945 0.2025 0.2025 0.2025 0.2165 0.2165 0.216 0.216 0.208 0.208 0.208 0.1985 0.1985 0.205 0.205 0.1855 0.1855 0.1855 0.1345
0.2065 0.2065 0.2 0.2 0.189 0.189 0.1895 0.1895 0.1895 0.189 0.189 0.1945 0.1945 0.2015 0.2015 0.205 0.205 0.205 0.2285 0.2285 0.203 0.203 0.2095 0.2095 0.2095 0.2655 0.2655 0.2425 0.2425 0.221 0.221 0.221 0.201 0.201 0.204 0.204 0.206 0.206 0.206 0.204 0.204 0.1995 0.1995 0.179 0.179 0.179 0.152 0.152 0.1585 0.1585 0.165 0.165 0.1875 0.1875 0.1875 0.1995 0.1995 0.2155 0.2155 0.207 0.207 0.207 0.209 0.209 0.2125 0.2125 0.1975 0.1975 0.1975 0.1935 0.1935 0.198 0.198 0.2 0.2 0.2 0.1565
0.2065 0.2065 0.2 0.2 0.189 0.189 0.1895 0.1895 0.1895 0.189 0.189 0.1945 0.1945 0.2015 0.2015 0.205 0.205 0.205 0.2285 0.2285 0.203 0.203 0.2095 0.2095 0.2095 0.2655 0.2655 0.2425 0.2425 0.221 0.221 0.221 0.201 0.201 0.204 0.204 0.206 0.206 0.206 0.204 0.204 0.1995 0.1995 0.179 0.179 0.179 0.152 0.152 0.1585 0.1585 0.165 0.165 0.1875 0.1875 0.1875 0.1995 0.1995 0.2155 0.2155 0.207 0.207 0.207 0.209 0.209 0.2125 0.2125 0.1975 0.1975 0.1975 0.1935 0.1935 0.198 0.198 0.2 0.2 0.2 0.1565
0.2065 0.2065 0.2 0.2 0.189 0.189 0.1895 0.1895 0.1895 0.189 0.189 0.1945 0.1945 0.2015 0.2015 0.205 0.205 0.205 0.2285 0.2285 0.203 0.203 0.2095 0.2095 0.2095 0.2655 0.2655 0.2425 0.2425 0.221 0.221 0.221 0.201 0.201 0.204 0.204 0.206 0.206 0.206 0.204 0.204 0.1995 0.1995 0.179 0.179 0.179 0.152 0.152 0.1585 0.1585 0.165 0.165 0.1875 0.1875 0.1875 0.1995 0.1995 0.2155 0.2155 0.207 0.207 0.207 0.209 0.209 0.2125 0.2125 0.1975 0.1975 0.1975 0.1935 0.1935 0.198 0.198 0.2 0.2 0.2 0.1565
0.2175 0.2175 0.2065 0.2065 0.209 0.209 0.2035 0.2035 0.2035 0.216 0.216 0.2185 0.2185 0.2145 0.2145 0.2005 0.2005 0.2005 0.2045 0.2045 0.2145 0.2145 0.207 0.207 0.207 0.1975 0.1975 0.2125 0.2125 0.2195 0.2195 0.2195 0.2215 0.2215 0.215 0.215 0.2095 0.2095 0.2095 0.2045 0.2045 0.1945 0.1945 0.1745 0.1745 0.1745 0.181 0.181 0.215 0.215 0.202 0.202 0.205 0.205 0.205 0.2055 0.2055 0.2075 0.2075 0.2065 0.2065 0.2065 0.1995 0.1995 0.2085 0.2085 0.217 0.217 0.217 0.2055 0.2055 0.198 0.198 0.1505 0.1505 0.1505 0.158
0.2175 0.2175 0.2065 0.2065 0.209 0.209 0.2035 0.2035 0.2035 0.216 0.216 0.2185 0.2185 0.2145 0.2145 0.2005 0.2005 0.2005 0.2045 0.2045 0.2145 0.2145 0.207 0.207 0.207 0.1975 0.1975 0.2125 0.2125 0.2195 0.2195 0.2195 0.2215 0.2215 0.215 0.215 0.2095 0.2095 0.2095 0.2045 0.2045 0.1945 0.1945 0.1745 0.1745 0.1745 0.181 0.181 0.215 0.215 0.202 0.202 0.205 0.205 0.205 0.2055 0.2055 0.2075 0.2075 0.2065 0.2065 0.2065 0.1995 0.1995 0.2085 0.2085 0.217 0.217 0.217 0.2055 0.2055 0.198 0.198 0.1505 0.1505 0.1505 0.158
0.21 0.21 0.211 0.211 0.208 0.208 0.1985 0.1985 0.1985 0.212 0.212 0.1945 0.1945 0.21 0.21 0.2125 0.2125 0.2125 0.19 0.19 0.193 0.193 0.2025 0.2025 0.2025 0.2055 0.2055 0.209 0.209 0.219 0.219 0.219 0.2305 0.2305 0.2125 0.2125 0.221 0.221 0.221 0.2115 0.2115 0.209 0.209 0.197 0.197 0.197 0.1915 0.1915 0.2265 0.2265 0.213 0.213 0.2 0.2 0.2 0.198 0.198 0.196 0.196 0.188 0.188 0.188 0.1935 0.1935 0.199 0.199 0.2075 0.2075 0.2075 0.193 0.193 0.1655 0.1655 0.109 0.109 0.109 0.1375
0.21 0.21 0.211 0.211 0.208 0.208 0.1985 0.1985 0.1985 0.212 0.212 0.1945 0.1945 0.21 0.21 0.2125 0.2125 0.2125 0.19 0.19 0.193 0.193 0.2025 0.2025 0.2025 0.2055 0.2055 0.209 0.209 0.219 0.219 0.219 0.2305 0.2305 0.2125 0.2125 0.221 0.221 0.221 0.2115 0.2115 0.209 0.209 0.197 0.197 0.197 0.1915 0.1915 0.2265 0.2265 0.213 0.213 0.2 0.2 0.2 0.198 0.198 0.196 0.196 0.188 0.188 0.188 0.1935 0.1935 0.199 0.199 0.2075 0.2075 0.2075 0.193 0.193 0.1655 0.1655 0.109 0.109 0.109 0.1375
0.205 0.205 0.1965 0.1965 0.1945 0.1945 0.1955 0.1955 0.1955 0.1955 0.1955 0.21 0.21 0.2005 0.2005 0.21 0.21 0.21 0.1935 0.1935 0.1985 0.1985 0.1945 0.1945 0.1945 0.207 0.207 0.198 0.198 0.209 0.209 0.209 0.2165 0.2165 0.23 0.23 0.2215 0.2215 0.2215 0.215 0.215 0.226 0.226 0.218 0.218 0.218 0.216 0.216 0.228 0.228 0.1965 0.1965 0.198 0.198 0.198 0.1865 0.1865 0.1805 0.1805 0.187 0.187 0.187 0.193 0.193 0.1865 0.1865 0.1885 0.1885 0.1885 0.197 0.197 0.202 0.202 0.152 0.152 0.152 0.133
0.205 0.205 0.1965 0.1965 0.1945 0.1945 0.1955 0.1955 0.1955 0.1955 0.1955 0.21 0.21 0.2005 0.2005 0.21 0.21 0.21 0.1935 0.1935 0.1985 0.1985 0.1945 0.1945 0.1945 0.207 0.207 0.198 0.198 0.209 0.209 0.209 0.2165 0.2165 0.23 0.23 0.2215 0.2215 0.2215 0.215 0.215 0.226 0.226 0.218 0.218 0.218 0.216 0.216 0.228 0.228 0.1965 0.1965 0.198 0.198 0.198 0.1865 0.1865 0.1805 0.1805 0.187 0.187 0.187 0.193 0.193 0.1865 0.1865 0.1885 0.1885 0.1885 0.197 0.197 0.202 0.202 0.152 0.152 0.152 0.133
0.203 0.203 0.194 0.194 0.197 0.197 0.1865 0.1865 0.1865 0.193 0.193 0.205 0.205 0.2155 0.2155 0.2035 0.2035 0.2035 0.1925 0.1925 0.16 0.16 0.188 0.188 0.188 0.1955 0.1955 0.1975 0.1975 0.197 0.197 0.197 0.2115 0.2115 0.216 0.216 0.2145 0.2145 0.2145 0.2115 0.2115 0.206 0.206 0.221 0.221 0.221 0.2355 0.2355 0.2405 0.2405 0.2145 0.2145 0.1945 0.1945 0.1945 0.1725 0.1725 0.1765 0.1765 0.1845 0.1845 0.1845 0.194 0.194 0.1625 0.1625 0.1605 0.1605 0.1605 0.1665 0.1665 0.167 0.167 0.1575 0.1575 0.1575 0.1335
0.203 0.203 0.194 0.194 0.197 0.197 0.1865 0.1865 0.1865 0.193 0.193 0.205 0.205 0.2155 0.2155 0.2035 0.2035 0.2035 0.1925 0.1925 0.16 0.16 0.188 0.188 0.188 0.1955 0.1955 0.1975 0.1975 0.197 0.197 0.197 0.2115 0.2115 0.216 0.216 0.2145 0.2145 0.2145 0.2115 0.2115 0.206 0.206 0.221 0.221 0.221 0.2355 0.2355 0.2405 0.2405 0.2145 0.2145 0.1945 0.1945 0.1945 0.1725 0.1725 0.1765 0.1765 0.1845 0.1845 0.1845 0.194 0.194 0.1625 0.1625 0.1605 0.1605 0.1605 0.1665 0.1665 0.167 0.167 0.1575 0.1575 0.1575 0.1335
0.203 0.203 0.194 0.194 0.197 0.197 0.1865 0.1865 0.1865 0.193 0.193 0.205 0.205 0.2155 0.2155 0.2035 0.2035 0.2035 0.1925 0.1925 0.16 0.16 0.188 0.188 0.188 0.1955 0.1955 0.1975 0.1975 0.197 0.197 0.197 0.2115 0.2115 0.216 0.216 0.2145 0.2145 0.2145 0.2115 0.2115 0.206 0.206 0.221 0.221 0.221 0.2355 0.2355 0.2405 0.2405 0.2145 0.2145 0.1945 0.1945 0.1945 0.1725 0.1725 0.1765 0.1765 0.1845 0.1845 0.1845 0.194 0.194 0.1625 0.1625 0.1605 0.1605 0.1605 0.1665 0.1665 0.167 0.167 0.1575 0.1575 0.1575 0.1335
0.21 0.21 0.1995 0.1995 0.2 0.2 0.1935 0.1935 0.1935 0.204 0.204 0.217 0.217 0.213 0.213 0.1985 0.1985 0.1985 0.1795 0.1795 0.1885 0.1885 0.1995 0.1995 0.1995 0.1915 0.1915 0.1905 0.1905 0.191 0.191 0.191 0.202 0.202 0.1985 0.1985 0.221 0.221 0.221 0.214 0.214 0.2045 0.2045 0.1895 0.1895 0.1895 0.217 0.217 0.2305 0.2305 0.2145 0.2145 0.205 0.205 0.205 0.198 0.198 0.187 0.187 0.1895 0.1895 0.1895 0.1905 0.1905 0.1965 0.1965 0.178 0.178 0.178 0.1665 0.1665 0.171 0.171 0.1555 0.1555 0.1555 0.1455
0.21 0.21 0.1995 0.1995 0.2 0.2 0.1935 0.1935 0.1935 0.204 0.204 0.217 0.217 0.213 0.213 0.1985 0.1985 0.1985 0.1795 0.1795 0.1885 0.1885 0.1995 0.1995 0.1995 0.1915 0.1915 0.1905 0.1905 0.191 0.191 0.191 0.202 0.202 0.1985 0.1985 0.221 0.221 0.221 0.214 0.214 0.2045 0.2045 0.1895 0.1895 0.1895 0.217 0.217 0.2305 0.2305 0.2145 0.2145 0.205 0.205 0.205 0.198 0.198 0.187 0.187 0.1895 0.1895 0.1895 0.1905 0.1905 0.1965 0.1965 0.178 0.178 0.178 0.1665 0.1665 0.171 0.171 0.1555 0.1555 0.1555 0.1455
0.222 0.222 0.215 0.215 0.214 0.214 0.227 0.227 0.227 0.2315 0.2315 0.228 0.228 0.213 0.213 0.206 0.206 0.206 0.2245 0.2245 0.195 0.195 0.2075 0.2075 0.2075 0.1905 0.1905 0.201 0.201 0.197 0.197 0.197 0.2045 0.2045 0.2315 0.2315 0.2195 0.2195 0.2195 0.208 0.208 0.224 0.224 0.199 0.199 0.199 0.199 0.199 0.2085 0.2085 0.2195 0.2195 0.226 0.226 0.226 0.2085 0.2085 0.199 0.199 0.2045 0.2045 0.2045 0.2225 0.2225 0.2075 0.2075 0.1815 0.1815 0.1815 0.172 0.172 0.1755 0.1755 0.167 0.167 0.167 0.1525
0.222 0.222 0.215 0.215 0.214 0.214 0.227 0.227 0.227 0.2315 0.2315 0.228 0.228 0.213 0.213 0.206 0.206 0.206 0.2245 0.2245 0.195 0.195 0.2075 0.2075 0.2075 0.1905 0.1905 0.201 0.201 0.197 0.197 0.197 0.2045 0.2045 0.2315 0.2315 0.2195 0.2195 0.2195 0.208 0.208 0.224 0.224 0.199 0.199 0.199 0.199 0.199 0.2085 0.2085 0.2195 0.2195 0.226 0.226 0.226 0.2085 0.2085 0.199 0.199 0.2045 0.2045 0.2045 0.2225 0.2225 0.2075 0.2075 0.1815 0.1815 0.1815 0.172 0.172 0.1755 0.1755 0.167 0.167 0.167 0.1525
0.23 0.23 0.228 0.228 0.246 0.246 0.2275 0.2275 0.2275 0.223 0.223 0.221 0.221 0.2155 0.2155 0.2005 0.2005 0.2005 0.1925 0.1925 0.1845 0.1845 0.197 0.197 0.197 0.1955 0.1955 0.1865 0.1865 0.1935 0.1935 0.1935 0.2105 0.2105 0.2325 0.2325 0.208 0.208 0.208 0.224 0.224 0.233 0.233 0.2265 0.2265 0.2265 0.2175 0.2175 0.224 0.224 0.229 0.229 0.2165 0.2165 0.2165 0.2105 0.2105 0.2015 0.2015 0.214 0.214 0.214 0.2215 0.2215 0.221 0.221 0.1825 0.1825 0.1825 0.1745 0.1745 0.179 0.179 0.1925 0.1925 0.1925 0.1925
0.23 0.23 0.228 0.228 0.246 0.246 0.2275 0.2275 0.2275 0.223 0.223 0.221 0.221 0.2155 0.2155 0.2005 0.2005 0.2005 0.1925 0.1925 0.1845 0.1845 0.197 0.197 0.197 0.1955 0.1955 0.1865 0.1865 0.1935 0.1935 0.1935 0.2105 0.2105 0.2325 0.2325 0.208 0.208 0.208 0.224 0.224 0.233 0.233 0.2265 0.2265 0.2265 0.2175 0.2175 0.224 0.224 0.229 0.229 0.2165 0.2165 0.2165 0.2105 0.2105 0.2015 0.2015 0.214 0.214 0.214 0.2215 0.2215 0.221 0.221 0.1825 0.1825 0.1825 0.1745 0.1745 0.179 0.179 0.1925 0.1925 0.1925 0.1925
0.23 0.23 0.228 0.228 0.246 0.246 0.2275 0.2275 0.2275 0.223 0.223 0.221 0.221 0.2155 0.2155 0.2005 0.2005 0.2005 0.1925 0.1925 0.1845 0.1845 0.197 0.197 0.197 0.1955 0.1955 0.1865 0.1865 0.1935 0.1935 0.1935 0.2105 0.2105 0.2325 0.2325 0.208 0.208 0.208 0.224 0.224 0.233 0.233 0.2265 0.2265 0.2265 0.2175 0.2175 0.224 0.224 0.229 0.229 0.2165 0.2165 0.2165 0.2105 0.2105 0.2015 0.2015 0.214 0.214 0.214 0.2215 0.2215 0.221 0.221 0.1825 0.1825 0.1825 0.1745 0.1745 0.179 0.179 0.1925 0.1925 0.1925 0.1925
0.225 0.225 0.228 0.228 0.218 0.218 0.2135 0.2135 0.2135 0.2055 0.2055 0.212 0.212 0.206 0.206 0.191 0.191 0.191 0.1945 0.1945 0.181 0.181 0.186 0.186 0.186 0.19 0.19 0.1955 0.1955 0.1815 0.1815 0.1815 0.1865 0.1865 0.201 0.201 0.21 0.21 0.21 0.2135 0.2135 0.2285 0.2285 0.2275 0.2275 0.2275 0.2335 0.2335 0.229 0.229 0.2135 0.2135 0.208 0.208 0.208 0.2185 0.2185 0.221 0.221 0.2095 0.2095 0.2095 0.235 0.235 0.2185 0.2185 0.223 0.223 0.223 0.167 0.167 0.186 0.186 0.165 0.165 0.165 0.165
0.225 0.225 0.228 0.228 0.218 0.218 0.2135 0.2135 0.2135 0.2055 0.2055 0.212 0.212 0.206 0.206 0.191 0.191 0.191 0.1945 0.1945 0.181 0.181 0.186 0.186 0.186 0.19 0.19 0.1955 0.1955 0.1815 0.1815 0.1815 0.1865 0.1865 0.201 0.201 0.21 0.21 0.21 0.2135 0.2135 0.2285 0.2285 0.2275 0.2275 0.2275 0.2335 0.2335 0.229 0.229 0.2135 0.2135 0.208 0.208 0.208 0.2185 0.2185 0.221 0.221 0.2095 0.2095 0.2095 0.235 0.235 0.2185 0.2185 0.223 0.223 0.223 0.167 0.167 0.186 0.186 0.165 0.165 0.165 0.165
0.2305 0.2305 0.214 0.214 0.2065 0.2065 0.2015 0.2015 0.2015 0.2135 0.2135 0.206 0.206 0.182 0.182 0.194 0.194 0.194 0.1915 0.1915 0.199 0.199 0.213 0.213 0.213 0.1895 0.1895 0.193 0.193 0.197 0.197 0.197 0.1835 0.1835 0.1985 0.1985 0.215 0.215 0.215 0.218 0.218 0.2165 0.2165 0.2155 0.2155 0.2155 0.2365 0.2365 0.223 0.223 0.2225 0.2225 0.2165 0.2165 0.2165 0.2085 0.2085 0.2155 0.2155 0.2125 0.2125 0.2125 0.2215 0.2215 0.2205 0.2205 0.218 0.218 0.218 0.2195 0.2195 0.2205 0.2205 0.21 0.21 0.21 0.2035
0.2305 0.2305 0.214 0.214 0.2065 0.2065 0.2015 0.2015 0.2015 0.2135 0.2135 0.206 0.206 0.182 0.182 0.194 0.194 0.194 0.1915 0.1915 0.199 0.199 0.213 0.213 0.213 0.1895 0.1895 0.193 0.193 0.197 0.197 0.197 0.1835 0.1835 0.1985 0.1985 0.215 0.215 0.215 0.218 0.218 0.2165 0.2165 0.2155 0.2155 0.2155 0.2365 0.2365 0.223 0.223 0.2225 0.2225 0.2165 0.2165 0.2165 0.2085 0.2085 0.2155 0.2155 0.2125 0.2125 0.2125 0.2215 0.2215 0.2205 0.2205 0.218 0.218 0.218 0.2195 0.2195 0.2205 0.2205 0.21 0.21 0.21 0.2035
0.222 0.222 0.222 0.222 0.2305 0.2305 0.231 0.231 0.231 0.225 0.225 0.225 0.225 0.208 0.208 0.198 0.198 0.198 0.2005 0.2005 0.2015 0.2015 0.1995 0.1995 0.1995 0.201 0.201 0.2025 0.2025 0.198 0.198 0.198 0.2085 0.2085 0.2175 0.2175 0.2125 0.2125 0.2125 0.2175 0.2175 0.215 0.215 0.2225 0.2225 0.2225 0.2275 0.2275 0.2375 0.2375 0.236 0.236 0.2045 0.2045 0.2045 0.2295 0.2295 0.2175 0.2175 0.2165 0.2165 0.2165 0.231 0.231 0.2425 0.2425 0.2305 0.2305 0.2305 0.204 0.204 0.2065 0.2065 0.206 0.206 0.206 0.186
0.222 0.222 0.222 0.222 0.2305 0.2305 0.231 0.231 0.231 0.225 0.225 0.225 0.225 0.208 0.208 0.198 0.198 0.198 0.2005 0.2005 0.2015 0.2015 0.1995 0.1995 0.1995 0.201 0.201 0.2025 0.2025 0.198 0.198 0.198 0.2085 0.2085 0.2175 0.2175 0.2125 0.2125 0.2125 0.2175 0.2175 0.215 0.215 0.2225 0.2225 0.2225 0.2275 0.2275 0.2375 0.2375 0.236 0.236 0.2045 0.2045 0.2045 0.2295 0.2295 0.2175 0.2175 0.2165 0.2165 0.2165 0.231 0.231 0.2425 0.2425 0.2305 0.2305 0.2305 0.204 0.204 0.2065 0.2065 0.206 0.206 0.206 0.186
0.222 0.222 0.222 0.222 0.2305 0.2305 0.231 0.231 0.231 0.225 0.225 0.225 0.225 0.208 0.208 0.198 0.198 0.198 0.2005 0.2005 0.2015 0.2015 0.1995 0.1995 0.1995 0.201 0.201 0.2025 0.2025 0.198 0.198 0.198 0.2085 0.2085 0.2175 0.2175 0.2125 0.2125 0.2125 0.2175 0.2175 0.215 0.215 0.2225 0.2225 0.2225 0.2275 0.2275 0.2375 0.2375 0.236 0.236 0.2045 0.2045 0.2045 0.2295 0.2295 0.2175 0.2175 0.2165 0.2165 0.2165 0.231 0.231 0.2425 0.2425 0.2305 0.2305 0.2305 0.204 0.204 0.2065 0.2065 0.206 0.206 0.206 0.186
0.2235 0.2235 0.228 0.228 0.222 0.222 0.201 0.201 0.201 0.2145 0.2145 0.216 0.216 0.2085 0.2085 0.199 0.199 0.199 0.206 0.206 0.1975 0.1975 0.204 0.204 0.204 0.2125 0.2125 0.216 0.216 0.2385 0.2385 0.2385 0.219 0.219 0.2245 0.2245 0.22 0.22 0.22 0.2375 0.2375 0.229 0.229 0.2335 0.2335 0.2335 0.227 0.227 0.2305 0.2305 0.228 0.228 0.2415 0.2415 0.2415 0.237 0.237 0.222 0.222 0.225 0.225 0.225 0.23 0.23 0.223 0.223 0.233 0.233 0.233 0.2245 0.2245 0.2085 0.2085 0.1695 0.1695 0.1695 0.1925
0.2235 0.2235 0.228 0.228 0.222 0.222 0.201 0.201 0.201 0.2145 0.2145 0.216 0.216 0.2085 0.2085 0.199 0.199 0.199 0.206 0.206 0.1975 0.1975 0.204 0.204 0.204 0.2125 0.2125 0.216 0.216 0.2385 0.2385 0.2385 0.219 0.219 0.2245 0.2245 0.22 0.22 0.22 0.2375 0.2375 0.229 0.229 0.2335 0.2335 0.2335 0.227 0.227 0.2305 0.2305 0.228 0.228 0.2415 0.2415 0.2415 0.237 0.237 0.222 0.222 0.225 0.225 0.225 0.23 0.23 0.223 0.223 0.233 0.233 0.233 0.2245 0.2245 0.2085 0.2085 0.1695 0.1695 0.1695 0.1925
0.222 0.222 0.2205 0.2205 0.2085 0.2085 0.208 0.208 0.208 0.2015 0.2015 0.201 0.201 0.2105 0.2105 0.2045 0.2045 0.2045 0.2065 0.2065 0.1975 0.1975 0.207 0.207 0.207 0.226 0.226 0.2105 0.2105 0.2135 0.2135 0.2135 0.206 0.206 0.213 0.213 0.221 0.221 0.221 0.229 0.229 0.2425 0.2425 0.2505 0.2505 0.2505 0.249 0.249 0.232 0.232 0.2475 0.2475 0.2455 0.2455 0.2455 0.2345 0.2345 0.2235 0.2235 0.2255 0.2255 0.2255 0.22 0.22 0.223 0.223 0.2395 0.2395 0.2395 0.255 0.255 0.2425 0.2425 0.226 0.226 0.226 0.214
0.222 0.222 0.2205 0.2205 0.2085 0.2085 0.208 0.208 0.208 0.2015 0.2015 0.201 0.201 0.2105 0.2105 0.2045 0.2045 0.2045 0.2065 0.2065 0.1975 0.1975 0.207 0.207 0.207 0.226 0.226 0.2105 0.2105 0.2135 0.2135 0.2135 0.206 0.206 0.213 0.213 0.221 0.221 0.221 0.229 0.229 0.2425 0.2425 0.2505 0.2505 0.2505 0.249 0.249 0.232 0.232 0.2475 0.2475 0.2455 0.2455 0.2455 0.2345 0.2345 0.2235 0.2235 0.2255 0.2255 0.2255 0.22 0.22 0.223 0.223 0.2395 0.2395 0.2395 0.255 0.255 0.2425 0.2425 0.226 0.226 0.226 0.214
0.2235 0.2235 0.219 0.219 0.216 0.216 0.21 0.21 0.21 0.2165 0.2165 0.1965 0.1965 0.2035 0.2035 0.2025 0.2025 0.2025 0.206 0.206 0.21 0.21 0.228 0.228 0.228 0.213 0.213 0.2145 0.2145 0.214 0.214 0.214 0.217 0.217 0.2335 0.2335 0.2435 0.2435 0.2435 0.2405 0.2405 0.2525 0.2525 0.256 0.256 0.256 0.252 0.252 0.2575 0.2575 0.256 0.256 0.2465 0.2465 0.2465 0.26 0.26 0.2225 0.2225 0.2195 0.2195 0.2195 0.225 0.225 0.246 0.246 0.2375 0.2375 0.2375 0.246 0.246 0.223 0.223 0.2095 0.2095 0.2095 0.215
