ndvi/NOAA-257.asc
ncols         252
nrows         154
xllcorner     -18.017974
yllcorner     13.481982
cellsize      0.035948
NODATA_value  -9999
[rows 34 to 67 of 154, columns 78 to 155 of 252]
0.162 0.156 0.156 0.1525 0.1525 0.15 0.15 0.15 0.147 0.147 0.1485 0.1485 0.145 0.145 0.158 0.158 0.158 0.1615 0.1615 0.166 0.166 0.168 0.168 0.168 0.1675 0.1675 0.167 0.167 0.163 0.163 0.163 0.1795 0.1795 0.1725 0.1725 0.1675 0.1675 0.1675 0.172 0.172 0.1775 0.1775 0.1835 0.1835 0.1835 0.169 0.169 0.1655 0.1655 0.1645 0.1645 0.1645 0.1645 0.1645 0.155 0.155 0.152 0.152 0.1465 0.1465 0.1465 0.152 0.152 0.1625 0.1625 0.1655 0.1655 0.1655 0.1685 0.1685 0.1345 0.1345 0.1365 0.1365 0.1365 0.1425 0.1425 0.1435
0.162 0.156 0.156 0.1525 0.1525 0.15 0.15 0.15 0.147 0.147 0.1485 0.1485 0.145 0.145 0.158 0.158 0.158 0.1615 0.1615 0.166 0.166 0.168 0.168 0.168 0.1675 0.1675 0.167 0.167 0.163 0.163 0.163 0.1795 0.1795 0.1725 0.1725 0.1675 0.1675 0.1675 0.172 0.172 0.1775 0.1775 0.1835 0.1835 0.1835 0.169 0.169 0.1655 0.1655 0.1645 0.1645 0.1645 0.1645 0.1645 0.155 0.155 0.152 0.152 0.1465 0.1465 0.1465 0.152 0.152 0.1625 0.1625 0.1655 0.1655 0.1655 0.1685 0.1685 0.1345 0.1345 0.1365 0.1365 0.1365 0.1425 0.1425 0.1435
0.162 0.156 0.156 0.1525 0.1525 0.15 0.15 0.15 0.147 0.147 0.1485 0.1485 0.145 0.145 0.158 0.158 0.158 0.1615 0.1615 0.166 0.166 0.168 0.168 0.168 0.1675 0.1675 0.167 0.167 0.163 0.163 0.163 0.1795 0.1795 0.1725 0.1725 0.1675 0.1675 0.1675 0.172 0.172 0.1775 0.1775 0.1835 0.1835 0.1835 0.169 0.169 0.1655 0.1655 0.1645 0.1645 0.1645 0.1645 0.1645 0.155 0.155 0.152 0.152 0.1465 0.1465 0.1465 0.152 0.152 0.1625 0.1625 0.1655 0.1655 0.1655 0.1685 0.1685 0.1345 0.1345 0.1365 0.1365 0.1365 0.1425 0.1425 0.1435
0.174 0.1805 0.1805 0.1755 0.1755 0.1715 0.1715 0.1715 0.1785 0.1785 0.1725 0.1725 0.175 0.175 0.154 0.154 0.154 0.1675 0.1675 0.166 0.166 0.186 0.186 0.186 0.1865 0.1865 0.18 0.18 0.184 0.184 0.184 0.1815 0.1815 0.181 0.181 0.174 0.174 0.174 0.1815 0.1815 0.187 0.187 0.2025 0.2025 0.2025 0.192 0.192 0.184 0.184 0.1835 0.1835 0.1775 0.1775 0.1775 0.179 0.179 0.1775 0.1775 0.1775 0.1775 0.1775 0.176 0.176 0.1725 0.1725 0.169 0.169 0.169 0.1435 0.1435 0.139 0.139 0.15 0.15 0.15 0.15 0.15 0.133
0.174 0.1805 0.1805 0.1755 0.1755 0.1715 0.1715 0.1715 0.1785 0.1785 0.1725 0.1725 0.175 0.175 0.154 0.154 0.154 0.1675 0.1675 0.166 0.166 0.186 0.186 0.186 0.1865 0.1865 0.18 0.18 0.184 0.184 0.184 0.1815 0.1815 0.181 0.181 0.174 0.174 0.174 0.1815 0.1815 0.187 0.187 0.2025 0.2025 0.2025 0.192 0.192 0.184 0.184 0.1835 0.1835 0.1775 0.1775 0.1775 0.179 0.179 0.1775 0.1775 0.1775 0.1775 0.1775 0.176 0.176 0.1725 0.1725 0.169 0.169 0.169 0.1435 0.1435 0.139 0.139 0.15 0.15 0.15 0.15 0.15 0.133
0.172 0.1755 0.1755 0.1835 0.1835 0.1805 0.1805 0.1805 0.183 0.183 0.1785 0.1785 0.1805 0.1805 0.17 0.17 0.17 0.156 0.156 0.172 0.172 0.171 0.171 0.171 0.183 0.183 0.1875 0.1875 0.188 0.188 0.188 0.194 0.194 0.2 0.2 0.184 0.184 0.184 0.1945 0.1945 0.1975 0.1975 0.22 0.22 0.22 0.2035 0.2035 0.187 0.187 0.1865 0.1865 0.256 0.256 0.256 0.2215 0.2215 0.2225 0.2225 0.1975 0.1975 0.1975 0.1735 0.1735 0.1665 0.1665 0.1675 0.1675 0.1675 0.1545 0.1545 0.137 0.137 0.1465 0.1465 0.1465 0.1475 0.1475 0.141
0.172 0.1755 0.1755 0.1835 0.1835 0.1805 0.1805 0.1805 0.183 0.183 0.1785 0.1785 0.1805 0.1805 0.17 0.17 0.17 0.156 0.156 0.172 0.172 0.171 0.171 0.171 0.183 0.183 0.1875 0.1875 0.188 0.188 0.188 0.194 0.194 0.2 0.2 0.184 0.184 0.184 0.1945 0.1945 0.1975 0.1975 0.22 0.22 0.22 0.2035 0.2035 0.187 0.187 0.1865 0.1865 0.256 0.256 0.256 0.2215 0.2215 0.2225 0.2225 0.1975 0.1975 0.1975 0.1735 0.1735 0.1665 0.1665 0.1675 0.1675 0.1675 0.1545 0.1545 0.137 0.137 0.1465 0.1465 0.1465 0.1475 0.1475 0.141
0.1885 0.175 0.175 0.176 0.176 0.1695 0.1695 0.1695 0.18 0.18 0.172 0.172 0.182 0.182 0.1945 0.1945 0.1945 0.181 0.181 0.17 0.17 0.1795 0.1795 0.1795 0.19 0.19 0.1975 0.1975 0.2065 0.2065 0.2065 0.2075 0.2075 0.2025 0.2025 0.199 0.199 0.199 0.204 0.204 0.212 0.212 0.2155 0.2155 0.2155 0.199 0.199 0.21 0.21 0.201 0.201 0.243 0.243 0.243 0.222 0.222 0.2105 0.2105 0.193 0.193 0.193 0.165 0.165 0.158 0.158 0.137 0.137 0.137 0.1475 0.1475 0.13 0.13 0.1455 0.1455 0.1455 0.1345 0.1345 0.1495
0.1885 0.175 0.175 0.176 0.176 0.1695 0.1695 0.1695 0.18 0.18 0.172 0.172 0.182 0.182 0.1945 0.1945 0.1945 0.181 0.181 0.17 0.17 0.1795 0.1795 0.1795 0.19 0.19 0.1975 0.1975 0.2065 0.2065 0.2065 0.2075 0.2075 0.2025 0.2025 0.199 0.199 0.199 0.204 0.204 0.212 0.212 0.2155 0.2155 0.2155 0.199 0.199 0.21 0.21 0.201 0.201 0.243 0.243 0.243 0.222 0.222 0.2105 0.2105 0.193 0.193 0.193 0.165 0.165 0.158 0.158 0.137 0.137 0.137 0.1475 0.1475 0.13 0.13 0.1455 0.1455 0.1455 0.1345 0.1345 0.1495
0.1885 0.175 0.175 0.176 0.176 0.1695 0.1695 0.1695 0.18 0.18 0.172 0.172 0.182 0.182 0.1945 0.1945 0.1945 0.181 0.181 0.17 0.17 0.1795 0.1795 0.1795 0.19 0.19 0.1975 0.1975 0.2065 0.2065 0.2065 0.2075 0.2075 0.2025 0.2025 0.199 0.199 0.199 0.204 0.204 0.212 0.212 0.2155 0.2155 0.2155 0.199 0.199 0.21 0.21 0.201 0.201 0.243 0.243 0.243 0.222 0.222 0.2105 0.2105 0.193 0.193 0.193 0.165 0.165 0.158 0.158 0.137 0.137 0.137 0.1475 0.1475 0.13 0.13 0.1455 0.1455 0.1455 0.1345 0.1345 0.1495
0.195 0.177 0.177 0.172 0.172 0.1795 0.1795 0.1795 0.1725 0.1725 0.1695 0.1695 0.171 0.171 0.1915 0.1915 0.1915 0.192 0.192 0.176 0.176 0.177 0.177 0.177 0.191 0.191 0.1985 0.1985 0.2085 0.2085 0.2085 0.2195 0.2195 0.2235 0.2235 0.22 0.22 0.22 0.2195 0.2195 0.215 0.215 0.204 0.204 0.204 0.1985 0.1985 0.2015 0.2015 0.193 0.193 0.2015 0.2015 0.2015 0.213 0.213 0.2005 0.2005 0.177 0.177 0.177 0.1665 0.1665 0.151 0.151 0.153 0.153 0.153 0.1425 0.1425 0.1395 0.1395 0.1125 0.1125 0.1125 0.124 0.124 0.143
0.195 0.177 0.177 0.172 0.172 0.1795 0.1795 0.1795 0.1725 0.1725 0.1695 0.1695 0.171 0.171 0.1915 0.1915 0.1915 0.192 0.192 0.176 0.176 0.177 0.177 0.177 0.191 0.191 0.1985 0.1985 0.2085 0.2085 0.2085 0.2195 0.2195 0.2235 0.2235 0.22 0.22 0.22 0.2195 0.2195 0.215 0.215 0.204 0.204 0.204 0.1985 0.1985 0.2015 0.2015 0.193 0.193 0.2015 0.2015 0.2015 0.213 0.213 0.2005 0.2005 0.177 0.177 0.177 0.1665 0.1665 0.151 0.151 0.153 0.153 0.153 0.1425 0.1425 0.1395 0.1395 0.1125 0.1125 0.1125 0.124 0.124 0.143
0.214 0.2045 0.2045 0.197 0.197 0.1865 0.1865 0.1865 0.1705 0.1705 0.1625 0.1625 0.178 0.178 0.192 0.192 0.192 0.209 0.209 0.209 0.209 0.2035 0.2035 0.2035 0.1995 0.1995 0.203 0.203 0.2135 0.2135 0.2135 0.232 0.232 0.236 0.236 0.219 0.219 0.219 0.1955 0.1955 0.2235 0.2235 0.208 0.208 0.208 0.2235 0.2235 0.2245 0.2245 0.196 0.196 0.209 0.209 0.209 0.194 0.194 0.185 0.185 0.177 0.177 0.177 0.165 0.165 0.1625 0.1625 0.1565 0.1565 0.1565 0.15 0.15 0.1505 0.1505 0.1185 0.1185 0.1185 0.151 0.151 0.1665
0.214 0.2045 0.2045 0.197 0.197 0.1865 0.1865 0.1865 0.1705 0.1705 0.1625 0.1625 0.178 0.178 0.192 0.192 0.192 0.209 0.209 0.209 0.209 0.2035 0.2035 0.2035 0.1995 0.1995 0.203 0.203 0.2135 0.2135 0.2135 0.232 0.232 0.236 0.236 0.219 0.219 0.219 0.1955 0.1955 0.2235 0.2235 0.208 0.208 0.208 0.2235 0.2235 0.2245 0.2245 0.196 0.196 0.209 0.209 0.209 0.194 0.194 0.185 0.185 0.177 0.177 0.177 0.165 0.165 0.1625 0.1625 0.1565 0.1565 0.1565 0.15 0.15 0.1505 0.1505 0.1185 0.1185 0.1185 0.151 0.151 0.1665
0.218 0.21 0.21 0.213 0.213 0.2005 0.2005 0.2005 0.1855 0.1855 0.175 0.175 0.213 0.213 0.213 0.213 0.213 0.2205 0.2205 0.2265 0.2265 0.221 0.221 0.221 0.2095 0.2095 0.223 0.223 0.231 0.231 0.231 0.2265 0.2265 0.2495 0.2495 0.218 0.218 0.218 0.2005 0.2005 0.2085 0.2085 0.195 0.195 0.195 0.2195 0.2195 0.2125 0.2125 0.207 0.207 0.203 0.203 0.203 0.2035 0.2035 0.191 0.191 0.1785 0.1785 0.1785 0.1795 0.1795 0.1725 0.1725 0.1775 0.1775 0.1775 0.1705 0.1705 0.182 0.182 0.1725 0.1725 0.1725 0.162 0.162 0.165
0.218 0.21 0.21 0.213 0.213 0.2005 0.2005 0.2005 0.1855 0.1855 0.175 0.175 0.213 0.213 0.213 0.213 0.213 0.2205 0.2205 0.2265 0.2265 0.221 0.221 0.221 0.2095 0.2095 0.223 0.223 0.231 0.231 0.231 0.2265 0.2265 0.2495 0.2495 0.218 0.218 0.218 0.2005 0.2005 0.2085 0.2085 0.195 0.195 0.195 0.2195 0.2195 0.2125 0.2125 0.207 0.207 0.203 0.203 0.203 0.2035 0.2035 0.191 0.191 0.1785 0.1785 0.1785 0.1795 0.1795 0.1725 0.1725 0.1775 0.1775 0.1775 0.1705 0.1705 0.182 0.182 0.1725 0.1725 0.1725 0.162 0.162 0.165
0.218 0.21 0.21 0.213 0.213 0.2005 0.2005 0.2005 0.1855 0.1855 0.175 0.175 0.213 0.213 0.213 0.213 0.213 0.2205 0.2205 0.2265 0.2265 0.221 0.221 0.221 0.2095 0.2095 0.223 0.223 0.231 0.231 0.231 0.2265 0.2265 0.2495 0.2495 0.218 0.218 0.218 0.2005 0.2005 0.2085 0.2085 0.195 0.195 0.195 0.2195 0.2195 0.2125 0.2125 0.207 0.207 0.203 0.203 0.203 0.2035 0.2035 0.191 0.191 0.1785 0.1785 0.1785 0.1795 0.1795 0.1725 0.1725 0.1775 0.1775 0.1775 0.1705 0.1705 0.182 0.182 0.1725 0.1725 0.1725 0.162 0.162 0.165
0.216 0.21 0.21 0.2145 0.2145 0.2135 0.2135 0.2135 0.225 0.225 0.225 0.225 0.2395 0.2395 0.2375 0.2375 0.2375 0.233 0.233 0.2235 0.2235 0.2275 0.2275 0.2275 0.218 0.218 0.2185 0.2185 0.225 0.225 0.225 0.226 0.226 0.247 0.247 0.2365 0.2365 0.2365 0.206 0.206 0.211 0.211 0.2085 0.2085 0.2085 0.2335 0.2335 0.1675 0.1675 0.2005 0.2005 0.2085 0.2085 0.2085 0.213 0.213 0.2005 0.2005 0.194 0.194 0.194 0.21 0.21 0.2265 0.2265 0.2225 0.2225 0.2225 0.2215 0.2215 0.2185 0.2185 0.164 0.164 0.164 0.1475 0.1475 0.1625
0.216 0.21 0.21 0.2145 0.2145 0.2135 0.2135 0.2135 0.225 0.225 0.225 0.225 0.2395 0.2395 0.2375 0.2375 0.2375 0.233 0.233 0.2235 0.2235 0.2275 0.2275 0.2275 0.218 0.218 0.2185 0.2185 0.225 0.225 0.225 0.226 0.226 0.247 0.247 0.2365 0.2365 0.2365 0.206 0.206 0.211 0.211 0.2085 0.2085 0.2085 0.2335 0.2335 0.1675 0.1675 0.2005 0.2005 0.2085 0.2085 0.2085 0.213 0.213 0.2005 0.2005 0.194 0.194 0.194 0.21 0.21 0.2265 0.2265 0.2225 0.2225 0.2225 0.2215 0.2215 0.2185 0.2185 0.164 0.164 0.164 0.1475 0.1475 0.1625
0.2135 0.215 0.215 0.2405 0.2405 0.2405 0.2405 0.2405 0.2435 0.2435 0.249 0.249 0.249 0.249 0.2435 0.2435 0.2435 0.2335 0.2335 0.2275 0.2275 0.218 0.218 0.218 0.214 0.214 0.2105 0.2105 0.213 0.213 0.213 0.1985 0.1985 0.238 0.238 0.235 0.235 0.235 0.216 0.216 0.1965 0.1965 0.192 0.192 0.192 0.1625 0.1625 0.1645 0.1645 0.19 0.19 0.199 0.199 0.199 0.2215 0.2215 0.235 0.235 0.2425 0.2425 0.2425 0.242 0.242 0.232 0.232 0.229 0.229 0.229 0.222 0.222 0.2125 0.2125 0.2165 0.2165 0.2165 0.1315 0.1315 0.1455
0.2135 0.215 0.215 0.2405 0.2405 0.2405 0.2405 0.2405 0.2435 0.2435 0.249 0.249 0.249 0.249 0.2435 0.2435 0.2435 0.2335 0.2335 0.2275 0.2275 0.218 0.218 0.218 0.214 0.214 0.2105 0.2105 0.213 0.213 0.213 0.1985 0.1985 0.238 0.238 0.235 0.235 0.235 0.216 0.216 0.1965 0.1965 0.192 0.192 0.192 0.1625 0.1625 0.1645 0.1645 0.19 0.19 0.199 0.199 0.199 0.2215 0.2215 0.235 0.235 0.2425 0.2425 0.2425 0.242 0.242 0.232 0.232 0.229 0.229 0.229 0.222 0.222 0.2125 0.2125 0.2165 0.2165 0.2165 0.1315 0.1315 0.1455
0.2275 0.248 0.248 0.2575 0.2575 0.2485 0.2485 0.2485 0.2635 0.2635 0.2665 0.2665 0.2595 0.2595 0.2575 0.2575 0.2575 0.251 0.251 0.227 0.227 0.2255 0.2255 0.2255 0.218 0.218 0.2125 0.2125 0.2025 0.2025 0.2025 0.191 0.191 0.1995 0.1995 0.201 0.201 0.201 0.206 0.206 0.1715 0.1715 0.186 0.186 0.186 0.182 0.182 0.17 0.17 0.1965 0.1965 0.1995 0.1995 0.1995 0.225 0.225 0.232 0.232 0.252 0.252 0.252 0.241 0.241 0.234 0.234 0.2275 0.2275 0.2275 0.197 0.197 0.182 0.182 0.179 0.179 0.179 0.1295 0.1295 0.1495
0.2275 0.248 0.248 0.2575 0.2575 0.2485 0.2485 0.2485 0.2635 0.2635 0.2665 0.2665 0.2595 0.2595 0.2575 0.2575 0.2575 0.251 0.251 0.227 0.227 0.2255 0.2255 0.2255 0.218 0.218 0.2125 0.2125 0.2025 0.2025 0.2025 0.191 0.191 0.1995 0.1995 0.201 0.201 0.201 0.206 0.206 0.1715 0.1715 0.186 0.186 0.186 0.182 0.182 0.17 0.17 0.1965 0.1965 0.1995 0.1995 0.1995 0.225 0.225 0.232 0.232 0.252 0.252 0.252 0.241 0.241 0.234 0.234 0.2275 0.2275 0.2275 0.197 0.197 0.182 0.182 0.179 0.179 0.179 0.1295 0.1295 0.1495
0.232 0.236 0.236 0.248 0.248 0.2515 0.2515 0.2515 0.245 0.245 0.2515 0.2515 0.252 0.252 0.253 0.253 0.253 0.2555 0.2555 0.2515 0.2515 0.246 0.246 0.246 0.239 0.239 0.2215 0.2215 0.2175 0.2175 0.2175 0.2095 0.2095 0.207 0.207 0.1985 0.1985 0.1985 0.213 0.213 0.1905 0.1905 0.1955 0.1955 0.1955 0.186 0.186 0.1645 0.1645 0.1615 0.1615 0.186 0.186 0.186 0.2035 0.2035 0.219 0.219 0.242 0.242 0.242 0.2425 0.2425 0.2395 0.2395 0.209 0.209 0.209 0.1975 0.1975 0.171 0.171 0.1705 0.1705 0.1705 0.1255 0.1255 0.1365
0.232 0.236 0.236 0.248 0.248 0.2515 0.2515 0.2515 0.245 0.245 0.2515 0.2515 0.252 0.252 0.253 0.253 0.253 0.2555 0.2555 0.2515 0.2515 0.246 0.246 0.246 0.239 0.239 0.2215 0.2215 0.2175 0.2175 0.2175 0.2095 0.2095 0.207 0.207 0.1985 0.1985 0.1985 0.213 0.213 0.1905 0.1905 0.1955 0.1955 0.1955 0.186 0.186 0.1645 0.1645 0.1615 0.1615 0.186 0.186 0.186 0.2035 0.2035 0.219 0.219 0.242 0.242 0.242 0.2425 0.2425 0.2395 0.2395 0.209 0.209 0.209 0.1975 0.1975 0.171 0.171 0.1705 0.1705 0.1705 0.1255 0.1255 0.1365
0.232 0.236 0.236 0.248 0.248 0.2515 0.2515 0.2515 0.245 0.245 0.2515 0.2515 0.252 0.252 0.253 0.253 0.253 0.2555 0.2555 0.2515 0.2515 0.246 0.246 0.246 0.239 0.239 0.2215 0.2215 0.2175 0.2175 0.2175 0.2095 0.2095 0.207 0.207 0.1985 0.1985 0.1985 0.213 0.213 0.1905 0.1905 0.1955 0.1955 0.1955 0.186 0.186 0.1645 0.1645 0.1615 0.1615 0.186 0.186 0.186 0.2035 0.2035 0.219 0.219 0.242 0.242 0.242 0.2425 0.2425 0.2395 0.2395 0.209 0.209 0.209 0.1975 0.1975 0.171 0.171 0.1705 0.1705 0.1705 0.1255 0.1255 0.1365
0.2285 0.222 0.222 0.241 0.241 0.238 0.238 0.238 0.208 0.208 0.2095 0.2095 0.2005 0.2005 0.2445 0.2445 0.2445 0.175 0.175 0.232 0.232 0.236 0.236 0.236 0.24 0.24 0.2415 0.2415 0.2365 0.2365 0.2365 0.233 0.233 0.222 0.222 0.218 0.218 0.218 0.1855 0.1855 0.1875 0.1875 0.1965 0.1965 0.1965 0.1885 0.1885 0.139 0.139 0.132 0.132 0.142 0.142 0.142 0.1565 0.1565 0.202 0.202 0.254 0.254 0.254 0.254 0.254 0.236 0.236 0.227 0.227 0.227 0.21 0.21 0.212 0.212 0.188 0.188 0.188 0.134 0.134 0.1535
0.2285 0.222 0.222 0.241 0.241 0.238 0.238 0.238 0.208 0.208 0.2095 0.2095 0.2005 0.2005 0.2445 0.2445 0.2445 0.175 0.175 0.232 0.232 0.236 0.236 0.236 0.24 0.24 0.2415 0.2415 0.2365 0.2365 0.2365 0.233 0.233 0.222 0.222 0.218 0.218 0.218 0.1855 0.1855 0.1875 0.1875 0.1965 0.1965 0.1965 0.1885 0.1885 0.139 0.139 0.132 0.132 0.142 0.142 0.142 0.1565 0.1565 0.202 0.202 0.254 0.254 0.254 0.254 0.254 0.236 0.236 0.227 0.227 0.227 0.21 0.21 0.212 0.212 0.188 0.188 0.188 0.134 0.134 0.1535
0.228 0.239 0.239 0.223 0.223 0.2205 0.2205 0.2205 0.227 0.227 0.234 0.234 0.227 0.227 0.206 0.206 0.206 0.1905 0.1905 0.204 0.204 0.233 0.233 0.233 0.2285 0.2285 0.2365 0.2365 0.2405 0.2405 0.2405 0.2595 0.2595 0.2555 0.2555 0.229 0.229 0.229 0.229 0.229 0.1635 0.1635 0.1805 0.1805 0.1805 0.1655 0.1655 0.138 0.138 0.17 0.17 0.1655 0.1655 0.1655 0.199 0.199 0.208 0.208 0.254 0.254 0.254 0.2545 0.2545 0.2415 0.2415 0.2265 0.2265 0.2265 0.23 0.23 0.2225 0.2225 0.169 0.169 0.169 0.158 0.158 0.1565
0.228 0.239 0.239 0.223 0.223 0.2205 0.2205 0.2205 0.227 0.227 0.234 0.234 0.227 0.227 0.206 0.206 0.206 0.1905 0.1905 0.204 0.204 0.233 0.233 0.233 0.2285 0.2285 0.2365 0.2365 0.2405 0.2405 0.2405 0.2595 0.2595 0.2555 0.2555 0.229 0.229 0.229 0.229 0.229 0.1635 0.1635 0.1805 0.1805 0.1805 0.1655 0.1655 0.138 0.138 0.17 0.17 0.1655 0.1655 0.1655 0.199 0.199 0.208 0.208 0.254 0.254 0.254 0.2545 0.2545 0.2415 0.2415 0.2265 0.2265 0.2265 0.23 0.23 0.2225 0.2225 0.169 0.169 0.169 0.158 0.158 0.1565
0.2515 0.2315 0.2315 0.257 0.257 0.2885 0.2885 0.2885 0.2495 0.2495 0.2585 0.2585 0.268 0.268 0.2425 0.2425 0.2425 0.2425 0.2425 0.2305 0.2305 0.216 0.216 0.216 0.2035 0.2035 0.23 0.23 0.2415 0.2415 0.2415 0.2615 0.2615 0.26 0.26 0.255 0.255 0.255 0.246 0.246 0.21 0.21 0.1565 0.1565 0.1565 0.1645 0.1645 0.138 0.138 0.174 0.174 0.2035 0.2035 0.2035 0.2105 0.2105 0.2265 0.2265 0.25 0.25 0.25 0.245 0.245 0.2385 0.2385 0.24 0.24 0.24 0.2255 0.2255 0.2625 0.2625 0.2 0.2 0.2 0.1725 0.1725 0.1875
0.2515 0.2315 0.2315 0.257 0.257 0.2885 0.2885 0.2885 0.2495 0.2495 0.2585 0.2585 0.268 0.268 0.2425 0.2425 0.2425 0.2425 0.2425 0.2305 0.2305 0.216 0.216 0.216 0.2035 0.2035 0.23 0.23 0.2415 0.2415 0.2415 0.2615 0.2615 0.26 0.26 0.255 0.255 0.255 0.246 0.246 0.21 0.21 0.1565 0.1565 0.1565 0.1645 0.1645 0.138 0.138 0.174 0.174 0.2035 0.2035 0.2035 0.2105 0.2105 0.2265 0.2265 0.25 0.25 0.25 0.245 0.245 0.2385 0.2385 0.24 0.24 0.24 0.2255 0.2255 0.2625 0.2625 0.2 0.2 0.2 0.1725 0.1725 0.1875
0.2515 0.2315 0.2315 0.257 0.257 0.2885 0.2885 0.2885 0.2495 0.2495 0.2585 0.2585 0.268 0.268 0.2425 0.2425 0.2425 0.2425 0.2425 0.2305 0.2305 0.216 0.216 0.216 0.2035 0.2035 0.23 0.23 0.2415 0.2415 0.2415 0.2615 0.2615 0.26 0.26 0.255 0.255 0.255 0.246 0.246 0.21 0.21 0.1565 0.1565 0.1565 0.1645 0.1645 0.138 0.138 0.174 0.174 0.2035 0.2035 0.2035 0.2105 0.2105 0.2265 0.2265 0.25 0.25 0.25 0.245 0.245 0.2385 0.2385 0.24 0.24 0.24 0.2255 0.2255 0.2625 0.2625 0.2 0.2 0.2 0.1725 0.1725 0.1875
0.2065 0.214 0.214 0.2445 0.2445 0.269 0.269 0.269 0.294 0.294 0.2885 0.2885 0.2725 0.2725 0.2525 0.2525 0.2525 0.2505 0.2505 0.2765 0.2765 0.251 0.251 0.251 0.2195 0.2195 0.2345 0.2345 0.2305 0.2305 0.2305 0.262 0.262 0.264 0.264 0.2615 0.2615 0.2615 0.2605 0.2605 0.2665 0.2665 0.226 0.226 0.226 0.169 0.169 0.1925 0.1925 0.2045 0.2045 0.222 0.222 0.222 0.232 0.232 0.2325 0.2325 0.2375 0.2375 0.2375 0.248 0.248 0.2545 0.2545 0.246 0.246 0.246 0.242 0.242 0.233 0.233 0.2115 0.2115 0.2115 0.152 0.152 0.1685
