ndvi/NOAA-3.asc
ncols         252
nrows         154
xllcorner     -18.017974
yllcorner     13.481982
cellsize      0.035948
NODATA_value  -9999
[rows 34 to 67 of 154, columns 154 to 230 of 252]
0.139 0.1335 0.1335 0.112 0.112 0.112 0.123 0.123 0.114 0.114 0.1085 0.1085 0.0985 0.0985 0.0985 0.1095 0.1095 0.1055 0.1055 0.1135 0.1135 0.1135 0.117 0.117 0.141 0.141 0.139 0.139 0.139 0.1425 0.1425 0.145 0.145 0.136 0.136 0.136 0.1315 0.1315 0.132 0.132 0.1335 0.1335 0.1335 0.129 0.129 0.1325 0.1325 0.1385 0.1385 0.1395 0.1395 0.1395 0.1365 0.1365 0.1375 0.1375 0.135 0.135 0.135 0.1425 0.1425 0.137 0.137 0.1315 0.1315 0.1315 0.13 0.13 0.132 0.132 0.1325 0.1325 0.1325 0.1325 0.1325 0.13 0.13
0.139 0.1335 0.1335 0.112 0.112 0.112 0.123 0.123 0.114 0.114 0.1085 0.1085 0.0985 0.0985 0.0985 0.1095 0.1095 0.1055 0.1055 0.1135 0.1135 0.1135 0.117 0.117 0.141 0.141 0.139 0.139 0.139 0.1425 0.1425 0.145 0.145 0.136 0.136 0.136 0.1315 0.1315 0.132 0.132 0.1335 0.1335 0.1335 0.129 0.129 0.1325 0.1325 0.1385 0.1385 0.1395 0.1395 0.1395 0.1365 0.1365 0.1375 0.1375 0.135 0.135 0.135 0.1425 0.1425 0.137 0.137 0.1315 0.1315 0.1315 0.13 0.13 0.132 0.132 0.1325 0.1325 0.1325 0.1325 0.1325 0.13 0.13
0.139 0.1335 0.1335 0.112 0.112 0.112 0.123 0.123 0.114 0.114 0.1085 0.1085 0.0985 0.0985 0.0985 0.1095 0.1095 0.1055 0.1055 0.1135 0.1135 0.1135 0.117 0.117 0.141 0.141 0.139 0.139 0.139 0.1425 0.1425 0.145 0.145 0.136 0.136 0.136 0.1315 0.1315 0.132 0.132 0.1335 0.1335 0.1335 0.129 0.129 0.1325 0.1325 0.1385 0.1385 0.1395 0.1395 0.1395 0.1365 0.1365 0.1375 0.1375 0.135 0.135 0.135 0.1425 0.1425 0.137 0.137 0.1315 0.1315 0.1315 0.13 0.13 0.132 0.132 0.1325 0.1325 0.1325 0.1325 0.1325 0.13 0.13
0.1425 0.1185 0.1185 0.115 0.115 0.115 0.1065 0.1065 0.1065 0.1065 0.1065 0.1065 0.114 0.114 0.114 0.112 0.112 0.1085 0.1085 0.106 0.106 0.106 0.106 0.106 0.143 0.143 0.143 0.143 0.143 0.1545 0.1545 0.144 0.144 0.1445 0.1445 0.1445 0.1365 0.1365 0.1345 0.1345 0.133 0.133 0.133 0.1335 0.1335 0.133 0.133 0.1385 0.1385 0.1345 0.1345 0.1345 0.137 0.137 0.1355 0.1355 0.1375 0.1375 0.1375 0.143 0.143 0.1395 0.1395 0.133 0.133 0.133 0.1315 0.1315 0.134 0.134 0.13 0.13 0.13 0.138 0.138 0.137 0.137
0.1425 0.1185 0.1185 0.115 0.115 0.115 0.1065 0.1065 0.1065 0.1065 0.1065 0.1065 0.114 0.114 0.114 0.112 0.112 0.1085 0.1085 0.106 0.106 0.106 0.106 0.106 0.143 0.143 0.143 0.143 0.143 0.1545 0.1545 0.144 0.144 0.1445 0.1445 0.1445 0.1365 0.1365 0.1345 0.1345 0.133 0.133 0.133 0.1335 0.1335 0.133 0.133 0.1385 0.1385 0.1345 0.1345 0.1345 0.137 0.137 0.1355 0.1355 0.1375 0.1375 0.1375 0.143 0.143 0.1395 0.1395 0.133 0.133 0.133 0.1315 0.1315 0.134 0.134 0.13 0.13 0.13 0.138 0.138 0.137 0.137
0.142 0.117 0.117 0.0985 0.0985 0.0985 0.105 0.105 0.1075 0.1075 0.1065 0.1065 0.1065 0.1065 0.1065 0.1105 0.1105 0.108 0.108 0.1045 0.1045 0.1045 0.1085 0.1085 0.1455 0.1455 0.1575 0.1575 0.1575 0.1655 0.1655 0.161 0.161 0.155 0.155 0.155 0.151 0.151 0.1385 0.1385 0.1335 0.1335 0.1335 0.131 0.131 0.1335 0.1335 0.1365 0.1365 0.1395 0.1395 0.1395 0.136 0.136 0.134 0.134 0.142 0.142 0.142 0.1475 0.1475 0.147 0.147 0.138 0.138 0.138 0.1345 0.1345 0.1365 0.1365 0.1405 0.1405 0.1405 0.1425 0.1425 0.137 0.137
0.142 0.117 0.117 0.0985 0.0985 0.0985 0.105 0.105 0.1075 0.1075 0.1065 0.1065 0.1065 0.1065 0.1065 0.1105 0.1105 0.108 0.108 0.1045 0.1045 0.1045 0.1085 0.1085 0.1455 0.1455 0.1575 0.1575 0.1575 0.1655 0.1655 0.161 0.161 0.155 0.155 0.155 0.151 0.151 0.1385 0.1385 0.1335 0.1335 0.1335 0.131 0.131 0.1335 0.1335 0.1365 0.1365 0.1395 0.1395 0.1395 0.136 0.136 0.134 0.134 0.142 0.142 0.142 0.1475 0.1475 0.147 0.147 0.138 0.138 0.138 0.1345 0.1345 0.1365 0.1365 0.1405 0.1405 0.1405 0.1425 0.1425 0.137 0.137
0.126 0.1215 0.1215 0.1055 0.1055 0.1055 0.103 0.103 0.0995 0.0995 0.1075 0.1075 0.1135 0.1135 0.1135 0.1115 0.1115 0.113 0.113 0.1155 0.1155 0.1155 0.12 0.12 0.145 0.145 0.1465 0.1465 0.1465 0.1635 0.1635 0.1675 0.1675 0.163 0.163 0.163 0.165 0.165 0.1455 0.1455 0.1405 0.1405 0.1405 0.1425 0.1425 0.1415 0.1415 0.149 0.149 0.1385 0.1385 0.1385 0.134 0.134 0.1355 0.1355 0.1455 0.1455 0.1455 0.145 0.145 0.149 0.149 0.154 0.154 0.154 0.1545 0.1545 0.1515 0.1515 0.1465 0.1465 0.1465 0.1425 0.1425 0.144 0.144
0.126 0.1215 0.1215 0.1055 0.1055 0.1055 0.103 0.103 0.0995 0.0995 0.1075 0.1075 0.1135 0.1135 0.1135 0.1115 0.1115 0.113 0.113 0.1155 0.1155 0.1155 0.12 0.12 0.145 0.145 0.1465 0.1465 0.1465 0.1635 0.1635 0.1675 0.1675 0.163 0.163 0.163 0.165 0.165 0.1455 0.1455 0.1405 0.1405 0.1405 0.1425 0.1425 0.1415 0.1415 0.149 0.149 0.1385 0.1385 0.1385 0.134 0.134 0.1355 0.1355 0.1455 0.1455 0.1455 0.145 0.145 0.149 0.149 0.154 0.154 0.154 0.1545 0.1545 0.1515 0.1515 0.1465 0.1465 0.1465 0.1425 0.1425 0.144 0.144
0.126 0.1215 0.1215 0.1055 0.1055 0.1055 0.103 0.103 0.0995 0.0995 0.1075 0.1075 0.1135 0.1135 0.1135 0.1115 0.1115 0.113 0.113 0.1155 0.1155 0.1155 0.12 0.12 0.145 0.145 0.1465 0.1465 0.1465 0.1635 0.1635 0.1675 0.1675 0.163 0.163 0.163 0.165 0.165 0.1455 0.1455 0.1405 0.1405 0.1405 0.1425 0.1425 0.1415 0.1415 0.149 0.149 0.1385 0.1385 0.1385 0.134 0.134 0.1355 0.1355 0.1455 0.1455 0.1455 0.145 0.145 0.149 0.149 0.154 0.154 0.154 0.1545 0.1545 0.1515 0.1515 0.1465 0.1465 0.1465 0.1425 0.1425 0.144 0.144
0.1135 0.1395 0.1395 0.1335 0.1335 0.1335 0.122 0.122 0.1165 0.1165 0.1255 0.1255 0.1225 0.1225 0.1225 0.1095 0.1095 0.158 0.158 0.1575 0.1575 0.1575 0.1445 0.1445 0.1505 0.1505 0.1665 0.1665 0.1665 0.154 0.154 0.153 0.153 0.156 0.156 0.156 0.1515 0.1515 0.148 0.148 0.15 0.15 0.15 0.152 0.152 0.1475 0.1475 0.1465 0.1465 0.159 0.159 0.159 0.1375 0.1375 0.1445 0.1445 0.1505 0.1505 0.1505 0.158 0.158 0.155 0.155 0.157 0.157 0.157 0.16 0.16 0.159 0.159 0.148 0.148 0.148 0.15 0.15 0.1445 0.1445
0.1135 0.1395 0.1395 0.1335 0.1335 0.1335 0.122 0.122 0.1165 0.1165 0.1255 0.1255 0.1225 0.1225 0.1225 0.1095 0.1095 0.158 0.158 0.1575 0.1575 0.1575 0.1445 0.1445 0.1505 0.1505 0.1665 0.1665 0.1665 0.154 0.154 0.153 0.153 0.156 0.156 0.156 0.1515 0.1515 0.148 0.148 0.15 0.15 0.15 0.152 0.152 0.1475 0.1475 0.1465 0.1465 0.159 0.159 0.159 0.1375 0.1375 0.1445 0.1445 0.1505 0.1505 0.1505 0.158 0.158 0.155 0.155 0.157 0.157 0.157 0.16 0.16 0.159 0.159 0.148 0.148 0.148 0.15 0.15 0.1445 0.1445
0.125 0.1245 0.1245 0.149 0.149 0.149 0.164 0.164 0.16 0.16 0.1565 0.1565 0.165 0.165 0.165 0.1655 0.1655 0.1685 0.1685 0.1555 0.1555 0.1555 0.164 0.164 0.158 0.158 0.1595 0.1595 0.1595 0.16 0.16 0.16 0.16 0.1575 0.1575 0.1575 0.163 0.163 0.156 0.156 0.154 0.154 0.154 0.1475 0.1475 0.157 0.157 0.1545 0.1545 0.165 0.165 0.165 0.1445 0.1445 0.1375 0.1375 0.1525 0.1525 0.1525 0.165 0.165 0.1625 0.1625 0.1645 0.1645 0.1645 0.16 0.16 0.154 0.154 0.1535 0.1535 0.1535 0.1575 0.1575 0.1505 0.1505
0.125 0.1245 0.1245 0.149 0.149 0.149 0.164 0.164 0.16 0.16 0.1565 0.1565 0.165 0.165 0.165 0.1655 0.1655 0.1685 0.1685 0.1555 0.1555 0.1555 0.164 0.164 0.158 0.158 0.1595 0.1595 0.1595 0.16 0.16 0.16 0.16 0.1575 0.1575 0.1575 0.163 0.163 0.156 0.156 0.154 0.154 0.154 0.1475 0.1475 0.157 0.157 0.1545 0.1545 0.165 0.165 0.165 0.1445 0.1445 0.1375 0.1375 0.1525 0.1525 0.1525 0.165 0.165 0.1625 0.1625 0.1645 0.1645 0.1645 0.16 0.16 0.154 0.154 0.1535 0.1535 0.1535 0.1575 0.1575 0.1505 0.1505
0.124 0.1325 0.1325 0.154 0.154 0.154 0.165 0.165 0.1815 0.1815 0.1625 0.1625 0.158 0.158 0.158 0.1605 0.1605 0.16 0.16 0.158 0.158 0.158 0.168 0.168 0.169 0.169 0.1655 0.1655 0.1655 0.1645 0.1645 0.165 0.165 0.165 0.165 0.165 0.1685 0.1685 0.166 0.166 0.1665 0.1665 0.1665 0.1655 0.1655 0.159 0.159 0.1525 0.1525 0.1475 0.1475 0.1475 0.145 0.145 0.148 0.148 0.1585 0.1585 0.1585 0.1555 0.1555 0.158 0.158 0.152 0.152 0.152 0.1485 0.1485 0.1465 0.1465 0.1555 0.1555 0.1555 0.1535 0.1535 0.152 0.152
0.124 0.1325 0.1325 0.154 0.154 0.154 0.165 0.165 0.1815 0.1815 0.1625 0.1625 0.158 0.158 0.158 0.1605 0.1605 0.16 0.16 0.158 0.158 0.158 0.168 0.168 0.169 0.169 0.1655 0.1655 0.1655 0.1645 0.1645 0.165 0.165 0.165 0.165 0.165 0.1685 0.1685 0.166 0.166 0.1665 0.1665 0.1665 0.1655 0.1655 0.159 0.159 0.1525 0.1525 0.1475 0.1475 0.1475 0.145 0.145 0.148 0.148 0.1585 0.1585 0.1585 0.1555 0.1555 0.158 0.158 0.152 0.152 0.152 0.1485 0.1485 0.1465 0.1465 0.1555 0.1555 0.1555 0.1535 0.1535 0.152 0.152
0.124 0.1325 0.1325 0.154 0.154 0.154 0.165 0.165 0.1815 0.1815 0.1625 0.1625 0.158 0.158 0.158 0.1605 0.1605 0.16 0.16 0.158 0.158 0.158 0.168 0.168 0.169 0.169 0.1655 0.1655 0.1655 0.1645 0.1645 0.165 0.165 0.165 0.165 0.165 0.1685 0.1685 0.166 0.166 0.1665 0.1665 0.1665 0.1655 0.1655 0.159 0.159 0.1525 0.1525 0.1475 0.1475 0.1475 0.145 0.145 0.148 0.148 0.1585 0.1585 0.1585 0.1555 0.1555 0.158 0.158 0.152 0.152 0.152 0.1485 0.1485 0.1465 0.1465 0.1555 0.1555 0.1555 0.1535 0.1535 0.152 0.152
0.11 0.134 0.134 0.153 0.153 0.153 0.18 0.18 0.195 0.195 0.1765 0.1765 0.1665 0.1665 0.1665 0.1585 0.1585 0.1565 0.1565 0.162 0.162 0.162 0.1665 0.1665 0.1715 0.1715 0.179 0.179 0.179 0.1845 0.1845 0.176 0.176 0.172 0.172 0.172 0.184 0.184 0.172 0.172 0.1745 0.1745 0.1745 0.168 0.168 0.164 0.164 0.1485 0.1485 0.1445 0.1445 0.1445 0.139 0.139 0.147 0.147 0.164 0.164 0.164 0.161 0.161 0.162 0.162 0.164 0.164 0.164 0.1545 0.1545 0.1525 0.1525 0.154 0.154 0.154 0.158 0.158 0.1545 0.1545
0.11 0.134 0.134 0.153 0.153 0.153 0.18 0.18 0.195 0.195 0.1765 0.1765 0.1665 0.1665 0.1665 0.1585 0.1585 0.1565 0.1565 0.162 0.162 0.162 0.1665 0.1665 0.1715 0.1715 0.179 0.179 0.179 0.1845 0.1845 0.176 0.176 0.172 0.172 0.172 0.184 0.184 0.172 0.172 0.1745 0.1745 0.1745 0.168 0.168 0.164 0.164 0.1485 0.1485 0.1445 0.1445 0.1445 0.139 0.139 0.147 0.147 0.164 0.164 0.164 0.161 0.161 0.162 0.162 0.164 0.164 0.164 0.1545 0.1545 0.1525 0.1525 0.154 0.154 0.154 0.158 0.158 0.1545 0.1545
0.115 0.127 0.127 0.162 0.162 0.162 0.189 0.189 0.1925 0.1925 0.1895 0.1895 0.188 0.188 0.188 0.16 0.16 0.1715 0.1715 0.181 0.181 0.181 0.182 0.182 0.204 0.204 0.1985 0.1985 0.1985 0.194 0.194 0.197 0.197 0.195 0.195 0.195 0.1985 0.1985 0.182 0.182 0.169 0.169 0.169 0.1575 0.1575 0.1515 0.1515 0.1605 0.1605 0.146 0.146 0.146 0.152 0.152 0.1505 0.1505 0.162 0.162 0.162 0.167 0.167 0.16 0.16 0.1725 0.1725 0.1725 0.1645 0.1645 0.1645 0.1645 0.168 0.168 0.168 0.168 0.168 0.1795 0.1795
0.115 0.127 0.127 0.162 0.162 0.162 0.189 0.189 0.1925 0.1925 0.1895 0.1895 0.188 0.188 0.188 0.16 0.16 0.1715 0.1715 0.181 0.181 0.181 0.182 0.182 0.204 0.204 0.1985 0.1985 0.1985 0.194 0.194 0.197 0.197 0.195 0.195 0.195 0.1985 0.1985 0.182 0.182 0.169 0.169 0.169 0.1575 0.1575 0.1515 0.1515 0.1605 0.1605 0.146 0.146 0.146 0.152 0.152 0.1505 0.1505 0.162 0.162 0.162 0.167 0.167 0.16 0.16 0.1725 0.1725 0.1725 0.1645 0.1645 0.1645 0.1645 0.168 0.168 0.168 0.168 0.168 0.1795 0.1795
0.1155 0.1175 0.1175 0.171 0.171 0.171 0.1655 0.1655 0.182 0.182 0.1805 0.1805 0.1895 0.1895 0.1895 0.206 0.206 0.1915 0.1915 0.2145 0.2145 0.2145 0.212 0.212 0.2115 0.2115 0.2095 0.2095 0.2095 0.2 0.2 0.2125 0.2125 0.2085 0.2085 0.2085 0.2165 0.2165 0.192 0.192 0.171 0.171 0.171 0.1675 0.1675 0.162 0.162 0.159 0.159 0.1545 0.1545 0.1545 0.145 0.145 0.1465 0.1465 0.154 0.154 0.154 0.1605 0.1605 0.169 0.169 0.1695 0.1695 0.1695 0.166 0.166 0.1625 0.1625 0.1675 0.1675 0.1675 0.1635 0.1635 0.167 0.167
0.1155 0.1175 0.1175 0.171 0.171 0.171 0.1655 0.1655 0.182 0.182 0.1805 0.1805 0.1895 0.1895 0.1895 0.206 0.206 0.1915 0.1915 0.2145 0.2145 0.2145 0.212 0.212 0.2115 0.2115 0.2095 0.2095 0.2095 0.2 0.2 0.2125 0.2125 0.2085 0.2085 0.2085 0.2165 0.2165 0.192 0.192 0.171 0.171 0.171 0.1675 0.1675 0.162 0.162 0.159 0.159 0.1545 0.1545 0.1545 0.145 0.145 0.1465 0.1465 0.154 0.154 0.154 0.1605 0.1605 0.169 0.169 0.1695 0.1695 0.1695 0.166 0.166 0.1625 0.1625 0.1675 0.1675 0.1675 0.1635 0.1635 0.167 0.167
0.122 0.1325 0.1325 0.1305 0.1305 0.1305 0.1645 0.1645 0.176 0.176 0.1685 0.1685 0.181 0.181 0.181 0.181 0.181 0.205 0.205 0.21 0.21 0.21 0.21 0.21 0.215 0.215 0.2065 0.2065 0.2065 0.204 0.204 0.2185 0.2185 0.1925 0.1925 0.1925 0.19 0.19 0.1855 0.1855 0.1685 0.1685 0.1685 0.168 0.168 0.159 0.159 0.1465 0.1465 0.157 0.157 0.157 0.1425 0.1425 0.137 0.137 0.1485 0.1485 0.1485 0.1485 0.1485 0.17 0.17 0.1645 0.1645 0.1645 0.173 0.173 0.168 0.168 0.169 0.169 0.169 0.1615 0.1615 0.1715 0.1715
0.122 0.1325 0.1325 0.1305 0.1305 0.1305 0.1645 0.1645 0.176 0.176 0.1685 0.1685 0.181 0.181 0.181 0.181 0.181 0.205 0.205 0.21 0.21 0.21 0.21 0.21 0.215 0.215 0.2065 0.2065 0.2065 0.204 0.204 0.2185 0.2185 0.1925 0.1925 0.1925 0.19 0.19 0.1855 0.1855 0.1685 0.1685 0.1685 0.168 0.168 0.159 0.159 0.1465 0.1465 0.157 0.157 0.157 0.1425 0.1425 0.137 0.137 0.1485 0.1485 0.1485 0.1485 0.1485 0.17 0.17 0.1645 0.1645 0.1645 0.173 0.173 0.168 0.168 0.169 0.169 0.169 0.1615 0.1615 0.1715 0.1715
0.122 0.1325 0.1325 0.1305 0.1305 0.1305 0.1645 0.1645 0.176 0.176 0.1685 0.1685 0.181 0.181 0.181 0.181 0.181 0.205 0.205 0.21 0.21 0.21 0.21 0.21 0.215 0.215 0.2065 0.2065 0.2065 0.204 0.204 0.2185 0.2185 0.1925 0.1925 0.1925 0.19 0.19 0.1855 0.1855 0.1685 0.1685 0.1685 0.168 0.168 0.159 0.159 0.1465 0.1465 0.157 0.157 0.157 0.1425 0.1425 0.137 0.137 0.1485 0.1485 0.1485 0.1485 0.1485 0.17 0.17 0.1645 0.1645 0.1645 0.173 0.173 0.168 0.168 0.169 0.169 0.169 0.1615 0.1615 0.1715 0.1715
0.1435 0.137 0.137 0.1305 0.1305 0.1305 0.125 0.125 0.182 0.182 0.164 0.164 0.1695 0.1695 0.1695 0.1795 0.1795 0.2185 0.2185 0.2145 0.2145 0.2145 0.2205 0.2205 0.217 0.217 0.2145 0.2145 0.2145 0.204 0.204 0.2135 0.2135 0.2075 0.2075 0.2075 0.202 0.202 0.1875 0.1875 0.194 0.194 0.194 0.18 0.18 0.159 0.159 0.143 0.143 0.1425 0.1425 0.1425 0.142 0.142 0.1325 0.1325 0.1425 0.1425 0.1425 0.138 0.138 0.157 0.157 0.157 0.157 0.157 0.167 0.167 0.152 0.152 0.1545 0.1545 0.1545 0.1505 0.1505 0.1575 0.1575
0.1435 0.137 0.137 0.1305 0.1305 0.1305 0.125 0.125 0.182 0.182 0.164 0.164 0.1695 0.1695 0.1695 0.1795 0.1795 0.2185 0.2185 0.2145 0.2145 0.2145 0.2205 0.2205 0.217 0.217 0.2145 0.2145 0.2145 0.204 0.204 0.2135 0.2135 0.2075 0.2075 0.2075 0.202 0.202 0.1875 0.1875 0.194 0.194 0.194 0.18 0.18 0.159 0.159 0.143 0.143 0.1425 0.1425 0.1425 0.142 0.142 0.1325 0.1325 0.1425 0.1425 0.1425 0.138 0.138 0.157 0.157 0.157 0.157 0.157 0.167 0.167 0.152 0.152 0.1545 0.1545 0.1545 0.1505 0.1505 0.1575 0.1575
0.1245 0.131 0.131 0.1275 0.1275 0.1275 0.12 0.12 0.1345 0.1345 0.1645 0.1645 0.1815 0.1815 0.1815 0.21 0.21 0.223 0.223 0.2285 0.2285 0.2285 0.2335 0.2335 0.219 0.219 0.218 0.218 0.218 0.213 0.213 0.2225 0.2225 0.2005 0.2005 0.2005 0.2075 0.2075 0.1915 0.1915 0.191 0.191 0.191 0.18 0.18 0.161 0.161 0.149 0.149 0.154 0.154 0.154 0.161 0.161 0.1595 0.1595 0.148 0.148 0.148 0.1455 0.1455 0.1505 0.1505 0.171 0.171 0.171 0.1715 0.1715 0.147 0.147 0.15 0.15 0.15 0.142 0.142 0.1565 0.1565
0.1245 0.131 0.131 0.1275 0.1275 0.1275 0.12 0.12 0.1345 0.1345 0.1645 0.1645 0.1815 0.1815 0.1815 0.21 0.21 0.223 0.223 0.2285 0.2285 0.2285 0.2335 0.2335 0.219 0.219 0.218 0.218 0.218 0.213 0.213 0.2225 0.2225 0.2005 0.2005 0.2005 0.2075 0.2075 0.1915 0.1915 0.191 0.191 0.191 0.18 0.18 0.161 0.161 0.149 0.149 0.154 0.154 0.154 0.161 0.161 0.1595 0.1595 0.148 0.148 0.148 0.1455 0.1455 0.1505 0.1505 0.171 0.171 0.171 0.1715 0.1715 0.147 0.147 0.15 0.15 0.15 0.142 0.142 0.1565 0.1565
0.1405 0.148 0.148 0.1425 0.1425 0.1425 0.1305 0.1305 0.1475 0.1475 0.18 0.18 0.1915 0.1915 0.1915 0.211 0.211 0.224 0.224 0.217 0.217 0.217 0.221 0.221 0.215 0.215 0.2115 0.2115 0.2115 0.1955 0.1955 0.216 0.216 0.209 0.209 0.209 0.2075 0.2075 0.2115 0.2115 0.211 0.211 0.211 0.204 0.204 0.1955 0.1955 0.1875 0.1875 0.1895 0.1895 0.1895 0.196 0.196 0.206 0.206 0.1875 0.1875 0.1875 0.1655 0.1655 0.168 0.168 0.1775 0.1775 0.1775 0.183 0.183 0.1665 0.1665 0.1695 0.1695 0.1695 0.1645 0.1645 0.1735 0.1735
0.1405 0.148 0.148 0.1425 0.1425 0.1425 0.1305 0.1305 0.1475 0.1475 0.18 0.18 0.1915 0.1915 0.1915 0.211 0.211 0.224 0.224 0.217 0.217 0.217 0.221 0.221 0.215 0.215 0.2115 0.2115 0.2115 0.1955 0.1955 0.216 0.216 0.209 0.209 0.209 0.2075 0.2075 0.2115 0.2115 0.211 0.211 0.211 0.204 0.204 0.1955 0.1955 0.1875 0.1875 0.1895 0.1895 0.1895 0.196 0.196 0.206 0.206 0.1875 0.1875 0.1875 0.1655 0.1655 0.168 0.168 0.1775 0.1775 0.1775 0.183 0.183 0.1665 0.1665 0.1695 0.1695 0.1695 0.1645 0.1645 0.1735 0.1735
0.1405 0.148 0.148 0.1425 0.1425 0.1425 0.1305 0.1305 0.1475 0.1475 0.18 0.18 0.1915 0.1915 0.1915 0.211 0.211 0.224 0.224 0.217 0.217 0.217 0.221 0.221 0.215 0.215 0.2115 0.2115 0.2115 0.1955 0.1955 0.216 0.216 0.209 0.209 0.209 0.2075 0.2075 0.2115 0.2115 0.211 0.211 0.211 0.204 0.204 0.1955 0.1955 0.1875 0.1875 0.1895 0.1895 0.1895 0.196 0.196 0.206 0.206 0.1875 0.1875 0.1875 0.1655 0.1655 0.168 0.168 0.1775 0.1775 0.1775 0.183 0.183 0.1665 0.1665 0.1695 0.1695 0.1695 0.1645 0.1645 0.1735 0.1735
0.1355 0.1555 0.1555 0.144 0.144 0.144 0.1425 0.1425 0.1475 0.1475 0.187 0.187 0.1975 0.1975 0.1975 0.218 0.218 0.221 0.221 0.2175 0.2175 0.2175 0.218 0.218 0.212 0.212 0.202 0.202 0.202 0.2175 0.2175 0.211 0.211 0.2175 0.2175 0.2175 0.203 0.203 0.2015 0.2015 0.2055 0.2055 0.2055 0.2205 0.2205 0.205 0.205 0.1995 0.1995 0.2055 0.2055 0.2055 0.211 0.211 0.2085 0.2085 0.2075 0.2075 0.2075 0.2195 0.2195 0.205 0.205 0.2055 0.2055 0.2055 0.1865 0.1865 0.2015 0.2015 0.208 0.208 0.208 0.1925 0.1925 0.1885 0.1885
