ndvi/NOAA-290.asc
ncols         252
nrows         154
xllcorner     -18.017974
yllcorner     13.481982
cellsize      0.035948
NODATA_value  -9999
[rows 34 to 67 of 154, columns 154 to 230 of 252]
0.155 0.1325 0.1325 0.1445 0.1445 0.1445 0.1255 0.1255 0.114 0.114 0.104 0.104 0.119 0.119 0.119 0.136 0.136 0.1295 0.1295 0.113 0.113 0.113 0.114 0.114 0.138 0.138 0.146 0.146 0.146 0.165 0.165 0.1475 0.1475 0.1345 0.1345 0.1345 0.1355 0.1355 0.135 0.135 0.1355 0.1355 0.1355 0.1345 0.1345 0.1285 0.1285 0.1405 0.1405 0.146 0.146 0.146 0.141 0.141 0.153 0.153 0.1385 0.1385 0.1385 0.15 0.15 0.1305 0.1305 0.1375 0.1375 0.1375 0.1335 0.1335 0.1385 0.1385 0.1365 0.1365 0.1365 0.1385 0.1385 0.13 0.13
0.155 0.1325 0.1325 0.1445 0.1445 0.1445 0.1255 0.1255 0.114 0.114 0.104 0.104 0.119 0.119 0.119 0.136 0.136 0.1295 0.1295 0.113 0.113 0.113 0.114 0.114 0.138 0.138 0.146 0.146 0.146 0.165 0.165 0.1475 0.1475 0.1345 0.1345 0.1345 0.1355 0.1355 0.135 0.135 0.1355 0.1355 0.1355 0.1345 0.1345 0.1285 0.1285 0.1405 0.1405 0.146 0.146 0.146 0.141 0.141 0.153 0.153 0.1385 0.1385 0.1385 0.15 0.15 0.1305 0.1305 0.1375 0.1375 0.1375 0.1335 0.1335 0.1385 0.1385 0.1365 0.1365 0.1365 0.1385 0.1385 0.13 0.13
0.155 0.1325 0.1325 0.1445 0.1445 0.1445 0.1255 0.1255 0.114 0.114 0.104 0.104 0.119 0.119 0.119 0.136 0.136 0.1295 0.1295 0.113 0.113 0.113 0.114 0.114 0.138 0.138 0.146 0.146 0.146 0.165 0.165 0.1475 0.1475 0.1345 0.1345 0.1345 0.1355 0.1355 0.135 0.135 0.1355 0.1355 0.1355 0.1345 0.1345 0.1285 0.1285 0.1405 0.1405 0.146 0.146 0.146 0.141 0.141 0.153 0.153 0.1385 0.1385 0.1385 0.15 0.15 0.1305 0.1305 0.1375 0.1375 0.1375 0.1335 0.1335 0.1385 0.1385 0.1365 0.1365 0.1365 0.1385 0.1385 0.13 0.13
0.1325 0.1145 0.1145 0.1305 0.1305 0.1305 0.112 0.112 0.11 0.11 0.108 0.108 0.1155 0.1155 0.1155 0.1115 0.1115 0.124 0.124 0.123 0.123 0.123 0.1245 0.1245 0.143 0.143 0.1355 0.1355 0.1355 0.164 0.164 0.1615 0.1615 0.153 0.153 0.153 0.142 0.142 0.1395 0.1395 0.1355 0.1355 0.1355 0.1375 0.1375 0.134 0.134 0.1345 0.1345 0.144 0.144 0.144 0.1455 0.1455 0.1385 0.1385 0.131 0.131 0.131 0.1425 0.1425 0.145 0.145 0.14 0.14 0.14 0.135 0.135 0.136 0.136 0.131 0.131 0.131 0.139 0.139 0.136 0.136
0.1325 0.1145 0.1145 0.1305 0.1305 0.1305 0.112 0.112 0.11 0.11 0.108 0.108 0.1155 0.1155 0.1155 0.1115 0.1115 0.124 0.124 0.123 0.123 0.123 0.1245 0.1245 0.143 0.143 0.1355 0.1355 0.1355 0.164 0.164 0.1615 0.1615 0.153 0.153 0.153 0.142 0.142 0.1395 0.1395 0.1355 0.1355 0.1355 0.1375 0.1375 0.134 0.134 0.1345 0.1345 0.144 0.144 0.144 0.1455 0.1455 0.1385 0.1385 0.131 0.131 0.131 0.1425 0.1425 0.145 0.145 0.14 0.14 0.14 0.135 0.135 0.136 0.136 0.131 0.131 0.131 0.139 0.139 0.136 0.136
0.131 0.1195 0.1195 0.1005 0.1005 0.1005 0.1025 0.1025 0.107 0.107 0.109 0.109 0.111 0.111 0.111 0.117 0.117 0.11 0.11 0.107 0.107 0.107 0.1065 0.1065 0.1515 0.1515 0.17 0.17 0.17 0.1765 0.1765 0.167 0.167 0.1555 0.1555 0.1555 0.157 0.157 0.1465 0.1465 0.1425 0.1425 0.1425 0.1395 0.1395 0.1405 0.1405 0.138 0.138 0.1395 0.1395 0.1395 0.14 0.14 0.1355 0.1355 0.1425 0.1425 0.1425 0.143 0.143 0.133 0.133 0.152 0.152 0.152 0.1385 0.1385 0.1305 0.1305 0.1385 0.1385 0.1385 0.1425 0.1425 0.14 0.14
0.131 0.1195 0.1195 0.1005 0.1005 0.1005 0.1025 0.1025 0.107 0.107 0.109 0.109 0.111 0.111 0.111 0.117 0.117 0.11 0.11 0.107 0.107 0.107 0.1065 0.1065 0.1515 0.1515 0.17 0.17 0.17 0.1765 0.1765 0.167 0.167 0.1555 0.1555 0.1555 0.157 0.157 0.1465 0.1465 0.1425 0.1425 0.1425 0.1395 0.1395 0.1405 0.1405 0.138 0.138 0.1395 0.1395 0.1395 0.14 0.14 0.1355 0.1355 0.1425 0.1425 0.1425 0.143 0.143 0.133 0.133 0.152 0.152 0.152 0.1385 0.1385 0.1305 0.1305 0.1385 0.1385 0.1385 0.1425 0.1425 0.14 0.14
0.1285 0.1235 0.1235 0.1085 0.1085 0.1085 0.1055 0.1055 0.1095 0.1095 0.106 0.106 0.108 0.108 0.108 0.115 0.115 0.107 0.107 0.1145 0.1145 0.1145 0.126 0.126 0.15 0.15 0.1425 0.1425 0.1425 0.1655 0.1655 0.174 0.174 0.1655 0.1655 0.1655 0.1695 0.1695 0.1555 0.1555 0.1485 0.1485 0.1485 0.15 0.15 0.1545 0.1545 0.1495 0.1495 0.1405 0.1405 0.1405 0.1435 0.1435 0.146 0.146 0.1555 0.1555 0.1555 0.156 0.156 0.1545 0.1545 0.1555 0.1555 0.1555 0.146 0.146 0.154 0.154 0.137 0.137 0.137 0.136 0.136 0.1445 0.1445
0.1285 0.1235 0.1235 0.1085 0.1085 0.1085 0.1055 0.1055 0.1095 0.1095 0.106 0.106 0.108 0.108 0.108 0.115 0.115 0.107 0.107 0.1145 0.1145 0.1145 0.126 0.126 0.15 0.15 0.1425 0.1425 0.1425 0.1655 0.1655 0.174 0.174 0.1655 0.1655 0.1655 0.1695 0.1695 0.1555 0.1555 0.1485 0.1485 0.1485 0.15 0.15 0.1545 0.1545 0.1495 0.1495 0.1405 0.1405 0.1405 0.1435 0.1435 0.146 0.146 0.1555 0.1555 0.1555 0.156 0.156 0.1545 0.1545 0.1555 0.1555 0.1555 0.146 0.146 0.154 0.154 0.137 0.137 0.137 0.136 0.136 0.1445 0.1445
0.1285 0.1235 0.1235 0.1085 0.1085 0.1085 0.1055 0.1055 0.1095 0.1095 0.106 0.106 0.108 0.108 0.108 0.115 0.115 0.107 0.107 0.1145 0.1145 0.1145 0.126 0.126 0.15 0.15 0.1425 0.1425 0.1425 0.1655 0.1655 0.174 0.174 0.1655 0.1655 0.1655 0.1695 0.1695 0.1555 0.1555 0.1485 0.1485 0.1485 0.15 0.15 0.1545 0.1545 0.1495 0.1495 0.1405 0.1405 0.1405 0.1435 0.1435 0.146 0.146 0.1555 0.1555 0.1555 0.156 0.156 0.1545 0.1545 0.1555 0.1555 0.1555 0.146 0.146 0.154 0.154 0.137 0.137 0.137 0.136 0.136 0.1445 0.1445
0.115 0.133 0.133 0.1305 0.1305 0.1305 0.116 0.116 0.118 0.118 0.116 0.116 0.137 0.137 0.137 0.1175 0.1175 0.169 0.169 0.1685 0.1685 0.1685 0.163 0.163 0.156 0.156 0.158 0.158 0.158 0.1625 0.1625 0.1715 0.1715 0.1735 0.1735 0.1735 0.1705 0.1705 0.152 0.152 0.1565 0.1565 0.1565 0.1555 0.1555 0.15 0.15 0.142 0.142 0.165 0.165 0.165 0.144 0.144 0.1455 0.1455 0.1475 0.1475 0.1475 0.156 0.156 0.153 0.153 0.15 0.15 0.15 0.1485 0.1485 0.1465 0.1465 0.145 0.145 0.145 0.138 0.138 0.1415 0.1415
0.115 0.133 0.133 0.1305 0.1305 0.1305 0.116 0.116 0.118 0.118 0.116 0.116 0.137 0.137 0.137 0.1175 0.1175 0.169 0.169 0.1685 0.1685 0.1685 0.163 0.163 0.156 0.156 0.158 0.158 0.158 0.1625 0.1625 0.1715 0.1715 0.1735 0.1735 0.1735 0.1705 0.1705 0.152 0.152 0.1565 0.1565 0.1565 0.1555 0.1555 0.15 0.15 0.142 0.142 0.165 0.165 0.165 0.144 0.144 0.1455 0.1455 0.1475 0.1475 0.1475 0.156 0.156 0.153 0.153 0.15 0.15 0.15 0.1485 0.1485 0.1465 0.1465 0.145 0.145 0.145 0.138 0.138 0.1415 0.1415
0.136 0.147 0.147 0.1595 0.1595 0.1595 0.1725 0.1725 0.1615 0.1615 0.154 0.154 0.16 0.16 0.16 0.209 0.209 0.1835 0.1835 0.171 0.171 0.171 0.175 0.175 0.1715 0.1715 0.163 0.163 0.163 0.158 0.158 0.1585 0.1585 0.1755 0.1755 0.1755 0.1655 0.1655 0.1605 0.1605 0.1645 0.1645 0.1645 0.158 0.158 0.1675 0.1675 0.158 0.158 0.1525 0.1525 0.1525 0.1355 0.1355 0.1395 0.1395 0.151 0.151 0.151 0.1565 0.1565 0.1505 0.1505 0.1435 0.1435 0.1435 0.149 0.149 0.1525 0.1525 0.144 0.144 0.144 0.154 0.154 0.14 0.14
0.136 0.147 0.147 0.1595 0.1595 0.1595 0.1725 0.1725 0.1615 0.1615 0.154 0.154 0.16 0.16 0.16 0.209 0.209 0.1835 0.1835 0.171 0.171 0.171 0.175 0.175 0.1715 0.1715 0.163 0.163 0.163 0.158 0.158 0.1585 0.1585 0.1755 0.1755 0.1755 0.1655 0.1655 0.1605 0.1605 0.1645 0.1645 0.1645 0.158 0.158 0.1675 0.1675 0.158 0.158 0.1525 0.1525 0.1525 0.1355 0.1355 0.1395 0.1395 0.151 0.151 0.151 0.1565 0.1565 0.1505 0.1505 0.1435 0.1435 0.1435 0.149 0.149 0.1525 0.1525 0.144 0.144 0.144 0.154 0.154 0.14 0.14
0.1245 0.1395 0.1395 0.169 0.169 0.169 0.1585 0.1585 0.208 0.208 0.1905 0.1905 0.164 0.164 0.164 0.1705 0.1705 0.173 0.173 0.1695 0.1695 0.1695 0.1715 0.1715 0.1845 0.1845 0.1685 0.1685 0.1685 0.1665 0.1665 0.1635 0.1635 0.1695 0.1695 0.1695 0.1715 0.1715 0.172 0.172 0.174 0.174 0.174 0.172 0.172 0.159 0.159 0.163 0.163 0.155 0.155 0.155 0.155 0.155 0.152 0.152 0.1595 0.1595 0.1595 0.1665 0.1665 0.1565 0.1565 0.1545 0.1545 0.1545 0.1615 0.1615 0.1465 0.1465 0.151 0.151 0.151 0.15 0.15 0.1505 0.1505
0.1245 0.1395 0.1395 0.169 0.169 0.169 0.1585 0.1585 0.208 0.208 0.1905 0.1905 0.164 0.164 0.164 0.1705 0.1705 0.173 0.173 0.1695 0.1695 0.1695 0.1715 0.1715 0.1845 0.1845 0.1685 0.1685 0.1685 0.1665 0.1665 0.1635 0.1635 0.1695 0.1695 0.1695 0.1715 0.1715 0.172 0.172 0.174 0.174 0.174 0.172 0.172 0.159 0.159 0.163 0.163 0.155 0.155 0.155 0.155 0.155 0.152 0.152 0.1595 0.1595 0.1595 0.1665 0.1665 0.1565 0.1565 0.1545 0.1545 0.1545 0.1615 0.1615 0.1465 0.1465 0.151 0.151 0.151 0.15 0.15 0.1505 0.1505
0.1245 0.1395 0.1395 0.169 0.169 0.169 0.1585 0.1585 0.208 0.208 0.1905 0.1905 0.164 0.164 0.164 0.1705 0.1705 0.173 0.173 0.1695 0.1695 0.1695 0.1715 0.1715 0.1845 0.1845 0.1685 0.1685 0.1685 0.1665 0.1665 0.1635 0.1635 0.1695 0.1695 0.1695 0.1715 0.1715 0.172 0.172 0.174 0.174 0.174 0.172 0.172 0.159 0.159 0.163 0.163 0.155 0.155 0.155 0.155 0.155 0.152 0.152 0.1595 0.1595 0.1595 0.1665 0.1665 0.1565 0.1565 0.1545 0.1545 0.1545 0.1615 0.1615 0.1465 0.1465 0.151 0.151 0.151 0.15 0.15 0.1505 0.1505
0.137 0.1325 0.1325 0.15 0.15 0.15 0.1865 0.1865 0.1895 0.1895 0.175 0.175 0.168 0.168 0.168 0.164 0.164 0.1675 0.1675 0.174 0.174 0.174 0.183 0.183 0.1845 0.1845 0.173 0.173 0.173 0.1795 0.1795 0.1735 0.1735 0.1725 0.1725 0.1725 0.186 0.186 0.182 0.182 0.1745 0.1745 0.1745 0.1845 0.1845 0.187 0.187 0.147 0.147 0.149 0.149 0.149 0.1445 0.1445 0.1565 0.1565 0.1665 0.1665 0.1665 0.1705 0.1705 0.1445 0.1445 0.1605 0.1605 0.1605 0.1505 0.1505 0.159 0.159 0.155 0.155 0.155 0.148 0.148 0.1485 0.1485
0.137 0.1325 0.1325 0.15 0.15 0.15 0.1865 0.1865 0.1895 0.1895 0.175 0.175 0.168 0.168 0.168 0.164 0.164 0.1675 0.1675 0.174 0.174 0.174 0.183 0.183 0.1845 0.1845 0.173 0.173 0.173 0.1795 0.1795 0.1735 0.1735 0.1725 0.1725 0.1725 0.186 0.186 0.182 0.182 0.1745 0.1745 0.1745 0.1845 0.1845 0.187 0.187 0.147 0.147 0.149 0.149 0.149 0.1445 0.1445 0.1565 0.1565 0.1665 0.1665 0.1665 0.1705 0.1705 0.1445 0.1445 0.1605 0.1605 0.1605 0.1505 0.1505 0.159 0.159 0.155 0.155 0.155 0.148 0.148 0.1485 0.1485
0.096 0.1185 0.1185 0.161 0.161 0.161 0.188 0.188 0.193 0.193 0.1865 0.1865 0.183 0.183 0.183 0.1865 0.1865 0.178 0.178 0.1765 0.1765 0.1765 0.176 0.176 0.205 0.205 0.1985 0.1985 0.1985 0.204 0.204 0.2005 0.2005 0.197 0.197 0.197 0.1955 0.1955 0.184 0.184 0.1645 0.1645 0.1645 0.1375 0.1375 0.1335 0.1335 0.147 0.147 0.1545 0.1545 0.1545 0.14 0.14 0.1475 0.1475 0.181 0.181 0.181 0.173 0.173 0.162 0.162 0.1565 0.1565 0.1565 0.1735 0.1735 0.165 0.165 0.1665 0.1665 0.1665 0.1755 0.1755 0.1715 0.1715
0.096 0.1185 0.1185 0.161 0.161 0.161 0.188 0.188 0.193 0.193 0.1865 0.1865 0.183 0.183 0.183 0.1865 0.1865 0.178 0.178 0.1765 0.1765 0.1765 0.176 0.176 0.205 0.205 0.1985 0.1985 0.1985 0.204 0.204 0.2005 0.2005 0.197 0.197 0.197 0.1955 0.1955 0.184 0.184 0.1645 0.1645 0.1645 0.1375 0.1375 0.1335 0.1335 0.147 0.147 0.1545 0.1545 0.1545 0.14 0.14 0.1475 0.1475 0.181 0.181 0.181 0.173 0.173 0.162 0.162 0.1565 0.1565 0.1565 0.1735 0.1735 0.165 0.165 0.1665 0.1665 0.1665 0.1755 0.1755 0.1715 0.1715
0.137 0.111 0.111 0.17 0.17 0.17 0.187 0.187 0.185 0.185 0.1725 0.1725 0.174 0.174 0.174 0.1915 0.1915 0.186 0.186 0.214 0.214 0.214 0.2145 0.2145 0.198 0.198 0.2025 0.2025 0.2025 0.2105 0.2105 0.209 0.209 0.2035 0.2035 0.2035 0.193 0.193 0.1755 0.1755 0.1625 0.1625 0.1625 0.1635 0.1635 0.158 0.158 0.162 0.162 0.1565 0.1565 0.1565 0.153 0.153 0.1525 0.1525 0.152 0.152 0.152 0.1615 0.1615 0.1615 0.1615 0.1745 0.1745 0.1745 0.1785 0.1785 0.163 0.163 0.167 0.167 0.167 0.1705 0.1705 0.17 0.17
0.137 0.111 0.111 0.17 0.17 0.17 0.187 0.187 0.185 0.185 0.1725 0.1725 0.174 0.174 0.174 0.1915 0.1915 0.186 0.186 0.214 0.214 0.214 0.2145 0.2145 0.198 0.198 0.2025 0.2025 0.2025 0.2105 0.2105 0.209 0.209 0.2035 0.2035 0.2035 0.193 0.193 0.1755 0.1755 0.1625 0.1625 0.1625 0.1635 0.1635 0.158 0.158 0.162 0.162 0.1565 0.1565 0.1565 0.153 0.153 0.1525 0.1525 0.152 0.152 0.152 0.1615 0.1615 0.1615 0.1615 0.1745 0.1745 0.1745 0.1785 0.1785 0.163 0.163 0.167 0.167 0.167 0.1705 0.1705 0.17 0.17
0.1165 0.12 0.12 0.1525 0.1525 0.1525 0.169 0.169 0.1635 0.1635 0.1755 0.1755 0.1645 0.1645 0.1645 0.1905 0.1905 0.2055 0.2055 0.2055 0.2055 0.2055 0.219 0.219 0.2115 0.2115 0.1975 0.1975 0.1975 0.2065 0.2065 0.199 0.199 0.188 0.188 0.188 0.196 0.196 0.185 0.185 0.156 0.156 0.156 0.151 0.151 0.153 0.153 0.133 0.133 0.1555 0.1555 0.1555 0.138 0.138 0.129 0.129 0.1525 0.1525 0.1525 0.1535 0.1535 0.1655 0.1655 0.165 0.165 0.165 0.166 0.166 0.163 0.163 0.1795 0.1795 0.1795 0.171 0.171 0.1615 0.1615
0.1165 0.12 0.12 0.1525 0.1525 0.1525 0.169 0.169 0.1635 0.1635 0.1755 0.1755 0.1645 0.1645 0.1645 0.1905 0.1905 0.2055 0.2055 0.2055 0.2055 0.2055 0.219 0.219 0.2115 0.2115 0.1975 0.1975 0.1975 0.2065 0.2065 0.199 0.199 0.188 0.188 0.188 0.196 0.196 0.185 0.185 0.156 0.156 0.156 0.151 0.151 0.153 0.153 0.133 0.133 0.1555 0.1555 0.1555 0.138 0.138 0.129 0.129 0.1525 0.1525 0.1525 0.1535 0.1535 0.1655 0.1655 0.165 0.165 0.165 0.166 0.166 0.163 0.163 0.1795 0.1795 0.1795 0.171 0.171 0.1615 0.1615
0.1165 0.12 0.12 0.1525 0.1525 0.1525 0.169 0.169 0.1635 0.1635 0.1755 0.1755 0.1645 0.1645 0.1645 0.1905 0.1905 0.2055 0.2055 0.2055 0.2055 0.2055 0.219 0.219 0.2115 0.2115 0.1975 0.1975 0.1975 0.2065 0.2065 0.199 0.199 0.188 0.188 0.188 0.196 0.196 0.185 0.185 0.156 0.156 0.156 0.151 0.151 0.153 0.153 0.133 0.133 0.1555 0.1555 0.1555 0.138 0.138 0.129 0.129 0.1525 0.1525 0.1525 0.1535 0.1535 0.1655 0.1655 0.165 0.165 0.165 0.166 0.166 0.163 0.163 0.1795 0.1795 0.1795 0.171 0.171 0.1615 0.1615
0.134 0.1615 0.1615 0.1295 0.1295 0.1295 0.128 0.128 0.1715 0.1715 0.166 0.166 0.16 0.16 0.16 0.173 0.173 0.2085 0.2085 0.2055 0.2055 0.2055 0.2195 0.2195 0.211 0.211 0.187 0.187 0.187 0.1815 0.1815 0.2 0.2 0.1925 0.1925 0.1925 0.191 0.191 0.183 0.183 0.1755 0.1755 0.1755 0.1595 0.1595 0.144 0.144 0.133 0.133 0.129 0.129 0.129 0.1345 0.1345 0.1285 0.1285 0.1385 0.1385 0.1385 0.1425 0.1425 0.1555 0.1555 0.1495 0.1495 0.1495 0.162 0.162 0.146 0.146 0.139 0.139 0.139 0.149 0.149 0.1545 0.1545
0.134 0.1615 0.1615 0.1295 0.1295 0.1295 0.128 0.128 0.1715 0.1715 0.166 0.166 0.16 0.16 0.16 0.173 0.173 0.2085 0.2085 0.2055 0.2055 0.2055 0.2195 0.2195 0.211 0.211 0.187 0.187 0.187 0.1815 0.1815 0.2 0.2 0.1925 0.1925 0.1925 0.191 0.191 0.183 0.183 0.1755 0.1755 0.1755 0.1595 0.1595 0.144 0.144 0.133 0.133 0.129 0.129 0.129 0.1345 0.1345 0.1285 0.1285 0.1385 0.1385 0.1385 0.1425 0.1425 0.1555 0.1555 0.1495 0.1495 0.1495 0.162 0.162 0.146 0.146 0.139 0.139 0.139 0.149 0.149 0.1545 0.1545
0.1305 0.127 0.127 0.1295 0.1295 0.1295 0.1085 0.1085 0.119 0.119 0.1655 0.1655 0.1815 0.1815 0.1815 0.204 0.204 0.215 0.215 0.217 0.217 0.217 0.2135 0.2135 0.209 0.209 0.1895 0.1895 0.1895 0.1925 0.1925 0.194 0.194 0.2115 0.2115 0.2115 0.201 0.201 0.1865 0.1865 0.19 0.19 0.19 0.1785 0.1785 0.1605 0.1605 0.1405 0.1405 0.151 0.151 0.151 0.167 0.167 0.1595 0.1595 0.15 0.15 0.15 0.1535 0.1535 0.1675 0.1675 0.175 0.175 0.175 0.1685 0.1685 0.1535 0.1535 0.148 0.148 0.148 0.1345 0.1345 0.1725 0.1725
0.1305 0.127 0.127 0.1295 0.1295 0.1295 0.1085 0.1085 0.119 0.119 0.1655 0.1655 0.1815 0.1815 0.1815 0.204 0.204 0.215 0.215 0.217 0.217 0.217 0.2135 0.2135 0.209 0.209 0.1895 0.1895 0.1895 0.1925 0.1925 0.194 0.194 0.2115 0.2115 0.2115 0.201 0.201 0.1865 0.1865 0.19 0.19 0.19 0.1785 0.1785 0.1605 0.1605 0.1405 0.1405 0.151 0.151 0.151 0.167 0.167 0.1595 0.1595 0.15 0.15 0.15 0.1535 0.1535 0.1675 0.1675 0.175 0.175 0.175 0.1685 0.1685 0.1535 0.1535 0.148 0.148 0.148 0.1345 0.1345 0.1725 0.1725
0.135 0.1185 0.1185 0.139 0.139 0.139 0.1255 0.1255 0.1355 0.1355 0.188 0.188 0.1835 0.1835 0.1835 0.1975 0.1975 0.197 0.197 0.1985 0.1985 0.1985 0.2145 0.2145 0.207 0.207 0.1855 0.1855 0.1855 0.191 0.191 0.196 0.196 0.206 0.206 0.206 0.208 0.208 0.203 0.203 0.219 0.219 0.219 0.1865 0.1865 0.1935 0.1935 0.175 0.175 0.1835 0.1835 0.1835 0.188 0.188 0.219 0.219 0.1955 0.1955 0.1955 0.16 0.16 0.155 0.155 0.183 0.183 0.183 0.1895 0.1895 0.17 0.17 0.1585 0.1585 0.1585 0.172 0.172 0.1795 0.1795
0.135 0.1185 0.1185 0.139 0.139 0.139 0.1255 0.1255 0.1355 0.1355 0.188 0.188 0.1835 0.1835 0.1835 0.1975 0.1975 0.197 0.197 0.1985 0.1985 0.1985 0.2145 0.2145 0.207 0.207 0.1855 0.1855 0.1855 0.191 0.191 0.196 0.196 0.206 0.206 0.206 0.208 0.208 0.203 0.203 0.219 0.219 0.219 0.1865 0.1865 0.1935 0.1935 0.175 0.175 0.1835 0.1835 0.1835 0.188 0.188 0.219 0.219 0.1955 0.1955 0.1955 0.16 0.16 0.155 0.155 0.183 0.183 0.183 0.1895 0.1895 0.17 0.17 0.1585 0.1585 0.1585 0.172 0.172 0.1795 0.1795
0.135 0.1185 0.1185 0.139 0.139 0.139 0.1255 0.1255 0.1355 0.1355 0.188 0.188 0.1835 0.1835 0.1835 0.1975 0.1975 0.197 0.197 0.1985 0.1985 0.1985 0.2145 0.2145 0.207 0.207 0.1855 0.1855 0.1855 0.191 0.191 0.196 0.196 0.206 0.206 0.206 0.208 0.208 0.203 0.203 0.219 0.219 0.219 0.1865 0.1865 0.1935 0.1935 0.175 0.175 0.1835 0.1835 0.1835 0.188 0.188 0.219 0.219 0.1955 0.1955 0.1955 0.16 0.16 0.155 0.155 0.183 0.183 0.183 0.1895 0.1895 0.17 0.17 0.1585 0.1585 0.1585 0.172 0.172 0.1795 0.1795
0.1435 0.159 0.159 0.1405 0.1405 0.1405 0.127 0.127 0.1415 0.1415 0.18 0.18 0.183 0.183 0.183 0.204 0.204 0.208 0.208 0.189 0.189 0.189 0.2115 0.2115 0.2075 0.2075 0.2 0.2 0.2 0.214 0.214 0.2105 0.2105 0.213 0.213 0.213 0.2145 0.2145 0.2045 0.2045 0.1985 0.1985 0.1985 0.192 0.192 0.23 0.23 0.198 0.198 0.1975 0.1975 0.1975 0.1965 0.1965 0.202 0.202 0.1925 0.1925 0.1925 0.205 0.205 0.2 0.2 0.1995 0.1995 0.1995 0.1915 0.1915 0.192 0.192 0.205 0.205 0.205 0.188 0.188 0.177 0.177
