ndvi/NOAA-174.asc
ncols         252
nrows         154
xllcorner     -18.017974
yllcorner     13.481982
cellsize      0.035948
NODATA_value  -9999
[rows 68 to 101 of 154, columns 0 to 77 of 252]
-1 -1 -1 -1 -1 -1 -1 -1 -1 -1 -1 -1 -1 -1 -1 -1 -1 -1 -1 -1 -1 -1 -1 -1 -1 -1 -1 -1 -1 -1 -1 -1 -1 -1 -1 -1 -1 -1 -1 0.1675 0.1675 0.1675 0.182 0.182 0.2945 0.2945 0.2935 0.2935 0.2935 0.2805 0.2805 0.269 0.269 0.2665 0.2665 0.2835 0.2835 0.2835 0.331 0.331 0.3555 0.3555 0.3555 0.3555 0.3555 0.329 0.329 0.34 0.34 0.2565 0.2565 0.2565 0.224 0.224 0.229 0.229 0.2165 0.2165
-1 -1 -1 -1 -1 -1 -1 -1 -1 -1 -1 -1 -1 -1 -1 -1 -1 -1 -1 -1 -1 -1 -1 -1 -1 -1 -1 -1 -1 -1 -1 -1 -1 -1 -1 -1 -1 -1 -1 0.2225 0.2225 0.2225 0.286 0.286 0.307 0.307 0.244 0.244 0.244 0.2585 0.2585 0.257 0.257 0.2765 0.2765 0.291 0.291 0.291 0.3575 0.3575 0.3615 0.3615 0.3615 0.3615 0.3615 0.3855 0.3855 0.302 0.302 0.215 0.215 0.215 0.217 0.217 0.2125 0.2125 0.2055 0.2055
-1 -1 -1 -1 -1 -1 -1 -1 -1 -1 -1 -1 -1 -1 -1 -1 -1 -1 -1 -1 -1 -1 -1 -1 -1 -1 -1 -1 -1 -1 -1 -1 -1 -1 -1 -1 -1 -1 -1 0.2225 0.2225 0.2225 0.286 0.286 0.307 0.307 0.244 0.244 0.244 0.2585 0.2585 0.257 0.257 0.2765 0.2765 0.291 0.291 0.291 0.3575 0.3575 0.3615 0.3615 0.3615 0.3615 0.3615 0.3855 0.3855 0.302 0.302 0.215 0.215 0.215 0.217 0.217 0.2125 0.2125 0.2055 0.2055
-1 -1 -1 -1 -1 -1 -1 -1 -1 -1 -1 -1 -1 -1 -1 -1 -1 -1 -1 -1 -1 -1 -1 -1 -1 -1 -1 -1 -1 -1 -1 -1 -1 -1 -1 -1 -1 0.07009999 0.07009999 0.1555 0.1555 0.1555 0.3105 0.3105 0.3415 0.3415 0.2535 0.2535 0.2535 0.238 0.238 0.2295 0.2295 0.229 0.229 0.2195 0.2195 0.2195 0.269 0.269 0.3 0.3 0.3 0.3 0.3 0.2555 0.2555 0.236 0.236 0.2245 0.2245 0.2245 0.2085 0.2085 0.2095 0.2095 0.199 0.199
-1 -1 -1 -1 -1 -1 -1 -1 -1 -1 -1 -1 -1 -1 -1 -1 -1 -1 -1 -1 -1 -1 -1 -1 -1 -1 -1 -1 -1 -1 -1 -1 -1 -1 -1 -1 -1 0.07009999 0.07009999 0.1555 0.1555 0.1555 0.3105 0.3105 0.3415 0.3415 0.2535 0.2535 0.2535 0.238 0.238 0.2295 0.2295 0.229 0.229 0.2195 0.2195 0.2195 0.269 0.269 0.3 0.3 0.3 0.3 0.3 0.2555 0.2555 0.236 0.236 0.2245 0.2245 0.2245 0.2085 0.2085 0.2095 0.2095 0.199 0.199
-1 -1 -1 -1 -1 -1 -1 -1 -1 -1 -1 -1 -1 -1 -1 -1 -1 -1 -1 -1 -1 -1 -1 -1 -1 -1 -1 -1 -1 -1 -1 -1 -1 -1 -1 -1 -1 0.07009999 0.07009999 0.1555 0.1555 0.1555 0.3105 0.3105 0.3415 0.3415 0.2535 0.2535 0.2535 0.238 0.238 0.2295 0.2295 0.229 0.229 0.2195 0.2195 0.2195 0.269 0.269 0.3 0.3 0.3 0.3 0.3 0.2555 0.2555 0.236 0.236 0.2245 0.2245 0.2245 0.2085 0.2085 0.2095 0.2095 0.199 0.199
-1 -1 -1 -1 -1 -1 -1 -1 -1 -1 -1 -1 -1 -1 -1 -1 -1 -1 -1 -1 -1 -1 -1 -1 -1 -1 -1 -1 -1 -1 -1 -1 -1 -1 -1 -1 -1 0.03 0.03 0.1445 0.1445 0.1445 0.298 0.298 0.3045 0.3045 0.244 0.244 0.244 0.1985 0.1985 0.225 0.225 0.2 0.2 0.179 0.179 0.179 0.2435 0.2435 0.2545 0.2545 0.2545 0.2545 0.2545 0.25 0.25 0.2345 0.2345 0.23 0.23 0.23 0.218 0.218 0.218 0.218 0.2165 0.2165
-1 -1 -1 -1 -1 -1 -1 -1 -1 -1 -1 -1 -1 -1 -1 -1 -1 -1 -1 -1 -1 -1 -1 -1 -1 -1 -1 -1 -1 -1 -1 -1 -1 -1 -1 -1 -1 0.03 0.03 0.1445 0.1445 0.1445 0.298 0.298 0.3045 0.3045 0.244 0.244 0.244 0.1985 0.1985 0.225 0.225 0.2 0.2 0.179 0.179 0.179 0.2435 0.2435 0.2545 0.2545 0.2545 0.2545 0.2545 0.25 0.25 0.2345 0.2345 0.23 0.23 0.23 0.218 0.218 0.218 0.218 0.2165 0.2165
-1 -1 -1 -1 -1 -1 -1 -1 -1 -1 -1 -1 -1 -1 -1 -1 -1 -1 -1 -1 -1 -1 -1 -1 -1 -1 -1 -1 -1 -1 -1 -1 -1 -1 -1 -1 -1 -0.0009000001 -0.0009000001 0.1285 0.1285 0.1285 0.269 0.269 0.2385 0.2385 0.2315 0.2315 0.2315 0.2155 0.2155 0.232 0.232 0.216 0.216 0.203 0.203 0.203 0.229 0.229 0.229 0.229 0.229 0.229 0.229 0.228 0.228 0.224 0.224 0.216 0.216 0.216 0.232 0.232 0.217 0.217 0.208 0.208
-1 -1 -1 -1 -1 -1 -1 -1 -1 -1 -1 -1 -1 -1 -1 -1 -1 -1 -1 -1 -1 -1 -1 -1 -1 -1 -1 -1 -1 -1 -1 -1 -1 -1 -1 -1 -1 -0.0009000001 -0.0009000001 0.1285 0.1285 0.1285 0.269 0.269 0.2385 0.2385 0.2315 0.2315 0.2315 0.2155 0.2155 0.232 0.232 0.216 0.216 0.203 0.203 0.203 0.229 0.229 0.229 0.229 0.229 0.229 0.229 0.228 0.228 0.224 0.224 0.216 0.216 0.216 0.232 0.232 0.217 0.217 0.208 0.208
-1 -1 -1 -1 -1 -1 -1 -1 -1 -1 -1 -1 -1 -1 -1 -1 -1 -1 -1 -1 -1 -1 -1 -1 -1 -1 -1 -1 -1 -1 -1 -1 -1 -1 -1 -1 -1 0.0992 0.0992 0.1435 0.1435 0.1435 0.1865 0.1865 0.2295 0.2295 0.2265 0.2265 0.2265 0.233 0.233 0.23 0.23 0.225 0.225 0.227 0.227 0.227 0.229 0.229 0.2245 0.2245 0.2245 0.2245 0.2245 0.227 0.227 0.2225 0.2225 0.218 0.218 0.218 0.1955 0.1955 0.194 0.194 0.1855 0.1855
-1 -1 -1 -1 -1 -1 -1 -1 -1 -1 -1 -1 -1 -1 -1 -1 -1 -1 -1 -1 -1 -1 -1 -1 -1 -1 -1 -1 -1 -1 -1 -1 -1 -1 -1 -1 -1 0.0992 0.0992 0.1435 0.1435 0.1435 0.1865 0.1865 0.2295 0.2295 0.2265 0.2265 0.2265 0.233 0.233 0.23 0.23 0.225 0.225 0.227 0.227 0.227 0.229 0.229 0.2245 0.2245 0.2245 0.2245 0.2245 0.227 0.227 0.2225 0.2225 0.218 0.218 0.218 0.1955 0.1955 0.194 0.194 0.1855 0.1855
-1 -1 -1 -1 -1 -1 -1 -1 -1 -1 -1 -1 -1 -1 -1 -1 -1 -1 -1 -1 -1 -1 -1 -1 -1 -1 -1 -1 -1 -1 -1 -1 -1 -1 -1 -1 -1 0.0137 0.0137 0.196 0.196 0.196 0.2185 0.2185 0.2265 0.2265 0.225 0.225 0.225 0.216 0.216 0.233 0.233 0.2565 0.2565 0.234 0.234 0.234 0.2015 0.2015 0.2215 0.2215 0.2215 0.2215 0.2215 0.225 0.225 0.2215 0.2215 0.21 0.21 0.21 0.2095 0.2095 0.1995 0.1995 0.213 0.213
-1 -1 -1 -1 -1 -1 -1 -1 -1 -1 -1 -1 -1 -1 -1 -1 -1 -1 -1 -1 -1 -1 -1 -1 -1 -1 -1 -1 -1 -1 -1 -1 -1 -1 -1 -1 -1 0.0137 0.0137 0.196 0.196 0.196 0.2185 0.2185 0.2265 0.2265 0.225 0.225 0.225 0.216 0.216 0.233 0.233 0.2565 0.2565 0.234 0.234 0.234 0.2015 0.2015 0.2215 0.2215 0.2215 0.2215 0.2215 0.225 0.225 0.2215 0.2215 0.21 0.21 0.21 0.2095 0.2095 0.1995 0.1995 0.213 0.213
-1 -1 -1 -1 -1 -1 -1 -1 -1 -1 -1 -1 -1 -1 -1 -1 -1 -1 -1 -1 -1 -1 -1 -1 -1 -1 -1 -1 -1 -1 -1 -1 -1 -1 -1 -1 -1 0.0137 0.0137 0.196 0.196 0.196 0.2185 0.2185 0.2265 0.2265 0.225 0.225 0.225 0.216 0.216 0.233 0.233 0.2565 0.2565 0.234 0.234 0.234 0.2015 0.2015 0.2215 0.2215 0.2215 0.2215 0.2215 0.225 0.225 0.2215 0.2215 0.21 0.21 0.21 0.2095 0.2095 0.1995 0.1995 0.213 0.213
-1 -1 -1 -1 -1 -1 -1 -1 -1 -1 -1 -1 -1 -1 -1 -1 -1 -1 -1 -1 -1 -1 -1 -1 -1 -1 -1 -1 -1 -1 -1 -1 -1 -1 -1 -1 -1 0.017 0.017 0.206 0.206 0.206 0.215 0.215 0.2035 0.2035 0.2265 0.2265 0.2265 0.2235 0.2235 0.239 0.239 0.217 0.217 0.2355 0.2355 0.2355 0.221 0.221 0.2185 0.2185 0.2185 0.2185 0.2185 0.2265 0.2265 0.219 0.219 0.216 0.216 0.216 0.211 0.211 0.2035 0.2035 0.2105 0.2105
-1 -1 -1 -1 -1 -1 -1 -1 -1 -1 -1 -1 -1 -1 -1 -1 -1 -1 -1 -1 -1 -1 -1 -1 -1 -1 -1 -1 -1 -1 -1 -1 -1 -1 -1 -1 -1 0.017 0.017 0.206 0.206 0.206 0.215 0.215 0.2035 0.2035 0.2265 0.2265 0.2265 0.2235 0.2235 0.239 0.239 0.217 0.217 0.2355 0.2355 0.2355 0.221 0.221 0.2185 0.2185 0.2185 0.2185 0.2185 0.2265 0.2265 0.219 0.219 0.216 0.216 0.216 0.211 0.211 0.2035 0.2035 0.2105 0.2105
-1 -1 -1 -1 -1 -1 -1 -1 -1 -1 -1 -1 -1 -1 -1 -1 -1 -1 -1 -1 -1 -1 -1 -1 -1 -1 -1 -1 -1 -1 -1 -1 -1 -1 -1 -1 -1 0.0895 0.0895 0.25 0.25 0.25 0.234 0.234 0.202 0.202 0.2155 0.2155 0.2155 0.2365 0.2365 0.2265 0.2265 0.212 0.212 0.2245 0.2245 0.2245 0.216 0.216 0.244 0.244 0.244 0.244 0.244 0.2225 0.2225 0.2225 0.2225 0.2195 0.2195 0.2195 0.2255 0.2255 0.225 0.225 0.213 0.213
-1 -1 -1 -1 -1 -1 -1 -1 -1 -1 -1 -1 -1 -1 -1 -1 -1 -1 -1 -1 -1 -1 -1 -1 -1 -1 -1 -1 -1 -1 -1 -1 -1 -1 -1 -1 -1 0.0895 0.0895 0.25 0.25 0.25 0.234 0.234 0.202 0.202 0.2155 0.2155 0.2155 0.2365 0.2365 0.2265 0.2265 0.212 0.212 0.2245 0.2245 0.2245 0.216 0.216 0.244 0.244 0.244 0.244 0.244 0.2225 0.2225 0.2225 0.2225 0.2195 0.2195 0.2195 0.2255 0.2255 0.225 0.225 0.213 0.213
-1 -1 -1 -1 -1 -1 -1 -1 -1 -1 -1 -1 -1 -1 -1 -1 -1 -1 -1 -1 -1 -1 -1 -1 -1 -1 -1 -1 -1 -1 -1 -1 -1 -1 -1 0.0377 0.0377 0.195 0.195 0.234 0.234 0.234 0.2265 0.2265 0.2245 0.2245 0.199 0.199 0.199 0.2475 0.2475 0.268 0.268 0.224 0.224 0.226 0.226 0.226 0.237 0.237 0.2225 0.2225 0.2225 0.2225 0.2225 0.23 0.23 0.2365 0.2365 0.205 0.205 0.205 0.2315 0.2315 0.2485 0.2485 0.249 0.249
-1 -1 -1 -1 -1 -1 -1 -1 -1 -1 -1 -1 -1 -1 -1 -1 -1 -1 -1 -1 -1 -1 -1 -1 -1 -1 -1 -1 -1 -1 -1 -1 -1 -1 -1 0.0377 0.0377 0.195 0.195 0.234 0.234 0.234 0.2265 0.2265 0.2245 0.2245 0.199 0.199 0.199 0.2475 0.2475 0.268 0.268 0.224 0.224 0.226 0.226 0.226 0.237 0.237 0.2225 0.2225 0.2225 0.2225 0.2225 0.23 0.23 0.2365 0.2365 0.205 0.205 0.205 0.2315 0.2315 0.2485 0.2485 0.249 0.249
-1 -1 -1 -1 -1 -1 -1 -1 -1 -1 -1 -1 -1 -1 -1 -1 -1 -1 -1 -1 -1 -1 -1 -1 -1 -1 -1 -1 -1 -1 -1 -1 -1 -1 -1 0.0377 0.0377 0.195 0.195 0.234 0.234 0.234 0.2265 0.2265 0.2245 0.2245 0.199 0.199 0.199 0.2475 0.2475 0.268 0.268 0.224 0.224 0.226 0.226 0.226 0.237 0.237 0.2225 0.2225 0.2225 0.2225 0.2225 0.23 0.23 0.2365 0.2365 0.205 0.205 0.205 0.2315 0.2315 0.2485 0.2485 0.249 0.249
-1 -1 -1 -1 -1 -1 -1 -1 -1 -1 -1 -1 -1 -1 -1 -1 -1 -1 -1 -1 -1 -1 -1 -1 -1 -1 -1 -1 -1 -1 -1 -1 -1 -1 -1 0.048 0.048 0.2515 0.2515 0.237 0.237 0.237 0.212 0.212 0.2155 0.2155 0.2275 0.2275 0.2275 0.236 0.236 0.2305 0.2305 0.2315 0.2315 0.2515 0.2515 0.2515 0.233 0.233 0.255 0.255 0.255 0.255 0.255 0.2535 0.2535 0.2655 0.2655 0.2285 0.2285 0.2285 0.245 0.245 0.25 0.25 0.248 0.248
-1 -1 -1 -1 -1 -1 -1 -1 -1 -1 -1 -1 -1 -1 -1 -1 -1 -1 -1 -1 -1 -1 -1 -1 -1 -1 -1 -1 -1 -1 -1 -1 -1 -1 -1 0.048 0.048 0.2515 0.2515 0.237 0.237 0.237 0.212 0.212 0.2155 0.2155 0.2275 0.2275 0.2275 0.236 0.236 0.2305 0.2305 0.2315 0.2315 0.2515 0.2515 0.2515 0.233 0.233 0.255 0.255 0.255 0.255 0.255 0.2535 0.2535 0.2655 0.2655 0.2285 0.2285 0.2285 0.245 0.245 0.25 0.25 0.248 0.248
-1 -1 -1 -1 -1 -1 -1 -1 -1 -1 -1 -1 -1 -1 -1 -1 -1 -1 -1 -1 -1 -1 -1 -1 -1 -1 -1 -1 -1 -1 -1 -1 0.0317 0.0317 0.0317 0.2355 0.2355 0.227 0.227 0.2105 0.2105 0.2105 0.216 0.216 0.216 0.216 0.2315 0.2315 0.2315 0.2305 0.2305 0.2215 0.2215 0.2415 0.2415 0.239 0.239 0.239 0.244 0.244 0.256 0.256 0.256 0.256 0.256 0.2585 0.2585 0.262 0.262 0.273 0.273 0.273 0.259 0.259 0.257 0.257 0.248 0.248
-1 -1 -1 -1 -1 -1 -1 -1 -1 -1 -1 -1 -1 -1 -1 -1 -1 -1 -1 -1 -1 -1 -1 -1 -1 -1 -1 -1 -1 -1 -1 -1 0.0317 0.0317 0.0317 0.2355 0.2355 0.227 0.227 0.2105 0.2105 0.2105 0.216 0.216 0.216 0.216 0.2315 0.2315 0.2315 0.2305 0.2305 0.2215 0.2215 0.2415 0.2415 0.239 0.239 0.239 0.244 0.244 0.256 0.256 0.256 0.256 0.256 0.2585 0.2585 0.262 0.262 0.273 0.273 0.273 0.259 0.259 0.257 0.257 0.248 0.248
-1 -1 -1 -1 -1 -1 -1 -1 -1 -1 -1 -1 -1 -1 -1 -1 -1 -1 -1 -1 -1 -1 -1 -1 -1 -1 -1 -1 -1 -1 0.0012 0.0012 0.266 0.266 0.266 0.2285 0.2285 0.2085 0.2085 0.2075 0.2075 0.2075 0.2065 0.2065 0.2185 0.2185 0.235 0.235 0.235 0.231 0.231 0.2245 0.2245 0.244 0.244 0.24 0.24 0.24 0.2505 0.2505 0.267 0.267 0.267 0.267 0.267 0.262 0.262 0.2685 0.2685 0.2835 0.2835 0.2835 0.255 0.255 0.244 0.244 0.246 0.246
-1 -1 -1 -1 -1 -1 -1 -1 -1 -1 -1 -1 -1 -1 -1 -1 -1 -1 -1 -1 -1 -1 -1 -1 -1 -1 -1 -1 -1 -1 0.0012 0.0012 0.266 0.266 0.266 0.2285 0.2285 0.2085 0.2085 0.2075 0.2075 0.2075 0.2065 0.2065 0.2185 0.2185 0.235 0.235 0.235 0.231 0.231 0.2245 0.2245 0.244 0.244 0.24 0.24 0.24 0.2505 0.2505 0.267 0.267 0.267 0.267 0.267 0.262 0.262 0.2685 0.2685 0.2835 0.2835 0.2835 0.255 0.255 0.244 0.244 0.246 0.246
-1 -1 -1 -1 -1 -1 -1 -1 -1 -1 -1 -1 -1 -1 -1 -1 -1 -1 -1 -1 -1 -1 -1 -1 -1 -1 -1 -1 -1 -1 0.0012 0.0012 0.266 0.266 0.266 0.2285 0.2285 0.2085 0.2085 0.2075 0.2075 0.2075 0.2065 0.2065 0.2185 0.2185 0.235 0.235 0.235 0.231 0.231 0.2245 0.2245 0.244 0.244 0.24 0.24 0.24 0.2505 0.2505 0.267 0.267 0.267 0.267 0.267 0.262 0.262 0.2685 0.2685 0.2835 0.2835 0.2835 0.255 0.255 0.244 0.244 0.246 0.246
-1 -1 -1 -1 -1 -1 -1 -1 -1 -1 -1 -1 -1 -1 -1 -1 -1 -1 -1 -1 -1 -1 -1 -1 -1 -1 -1 -1 -1 -1 0.0845 0.0845 0.2325 0.2325 0.2325 0.227 0.227 0.22 0.22 0.219 0.219 0.219 0.216 0.216 0.2325 0.2325 0.218 0.218 0.218 0.239 0.239 0.2445 0.2445 0.2585 0.2585 0.2555 0.2555 0.2555 0.268 0.268 0.2795 0.2795 0.2795 0.2795 0.2795 0.2845 0.2845 0.2575 0.2575 0.2725 0.2725 0.2725 0.259 0.259 0.256 0.256 0.2315 0.2315
-1 -1 -1 -1 -1 -1 -1 -1 -1 -1 -1 -1 -1 -1 -1 -1 -1 -1 -1 -1 -1 -1 -1 -1 -1 -1 -1 -1 -1 -1 0.0845 0.0845 0.2325 0.2325 0.2325 0.227 0.227 0.22 0.22 0.219 0.219 0.219 0.216 0.216 0.2325 0.2325 0.218 0.218 0.218 0.239 0.239 0.2445 0.2445 0.2585 0.2585 0.2555 0.2555 0.2555 0.268 0.268 0.2795 0.2795 0.2795 0.2795 0.2795 0.2845 0.2845 0.2575 0.2575 0.2725 0.2725 0.2725 0.259 0.259 0.256 0.256 0.2315 0.2315
-1 -1 -1 -1 -1 -1 -1 -1 -1 -1 -1 -1 -1 -1 -1 -1 -1 -1 -1 -1 -1 -1 -1 -1 -1 -1 -1 -1 0.0017 0.0017 0.2095 0.2095 0.2425 0.2425 0.2425 0.23 0.23 0.2235 0.2235 0.2185 0.2185 0.2185 0.2245 0.2245 0.2345 0.2345 0.232 0.232 0.232 0.241 0.241 0.2455 0.2455 0.2635 0.2635 0.267 0.267 0.267 0.269 0.269 0.267 0.267 0.267 0.267 0.267 0.275 0.275 0.2685 0.2685 0.268 0.268 0.268 0.246 0.246 0.227 0.227 0.2295 0.2295
-1 -1 -1 -1 -1 -1 -1 -1 -1 -1 -1 -1 -1 -1 -1 -1 -1 -1 -1 -1 -1 -1 -1 -1 -1 -1 -1 -1 0.0017 0.0017 0.2095 0.2095 0.2425 0.2425 0.2425 0.23 0.23 0.2235 0.2235 0.2185 0.2185 0.2185 0.2245 0.2245 0.2345 0.2345 0.232 0.232 0.232 0.241 0.241 0.2455 0.2455 0.2635 0.2635 0.267 0.267 0.267 0.269 0.269 0.267 0.267 0.267 0.267 0.267 0.275 0.275 0.2685 0.2685 0.268 0.268 0.268 0.246 0.246 0.227 0.227 0.2295 0.2295
-1 -1 -1 -1 -1 -1 -1 -1 -1 -1 -1 -1 -1 -1 -1 -1 -1 -1 -1 -1 -1 -1 -1 -1 -1 0.0516 0.0516 0.0516 0.1115 0.1115 0.261 0.261 0.238 0.238 0.238 0.234 0.234 0.225 0.225 0.2275 0.2275 0.2275 0.2365 0.2365 0.2505 0.2505 0.234 0.234 0.234 0.2475 0.2475 0.255 0.255 0.26 0.26 0.281 0.281 0.281 0.274 0.274 0.2855 0.2855 0.2855 0.2855 0.2855 0.2725 0.2725 0.2595 0.2595 0.2565 0.2565 0.2565 0.2485 0.2485 0.245 0.245 0.221 0.221
