ndvi/NOAA-178.asc
ncols         252
nrows         154
xllcorner     -18.017974
yllcorner     13.481982
cellsize      0.035948
NODATA_value  -9999
[rows 102 to 135 of 154, columns 154 to 230 of 252]
0.2955 0.282 0.282 0.3085 0.3085 0.3085 0.3015 0.3015 0.285 0.285 0.3235 0.3235 0.3705 0.3705 0.3705 0.318 0.318 0.3535 0.3535 0.3295 0.3295 0.3295 0.3485 0.3485 0.373 0.373 0.358 0.358 0.358 0.3745 0.3745 0.3655 0.3655 0.3695 0.3695 0.3695 0.377 0.377 0.3615 0.3615 0.323 0.323 0.323 0.335 0.335 0.3095 0.3095 0.33 0.33 0.3905 0.3905 0.3905 0.2865 0.2865 0.29 0.29 0.3125 0.3125 0.3125 0.331 0.331 0.3345 0.3345 0.3385 0.3385 0.3385 0.331 0.331 0.319 0.319 0.3455 0.3455 0.3455 0.3535 0.3535 0.3515 0.3515
0.3245 0.2885 0.2885 0.36 0.36 0.36 0.2595 0.2595 0.3225 0.3225 0.369 0.369 0.355 0.355 0.355 0.3285 0.3285 0.314 0.314 0.3225 0.3225 0.3225 0.3185 0.3185 0.361 0.361 0.336 0.336 0.336 0.407 0.407 0.3625 0.3625 0.3575 0.3575 0.3575 0.3435 0.3435 0.323 0.323 0.333 0.333 0.333 0.364 0.364 0.377 0.377 0.3755 0.3755 0.345 0.345 0.345 0.328 0.328 0.3215 0.3215 0.344 0.344 0.344 0.319 0.319 0.317 0.317 0.3455 0.3455 0.3455 0.3405 0.3405 0.3625 0.3625 0.3595 0.3595 0.3595 0.385 0.385 0.397 0.397
0.3245 0.2885 0.2885 0.36 0.36 0.36 0.2595 0.2595 0.3225 0.3225 0.369 0.369 0.355 0.355 0.355 0.3285 0.3285 0.314 0.314 0.3225 0.3225 0.3225 0.3185 0.3185 0.361 0.361 0.336 0.336 0.336 0.407 0.407 0.3625 0.3625 0.3575 0.3575 0.3575 0.3435 0.3435 0.323 0.323 0.333 0.333 0.333 0.364 0.364 0.377 0.377 0.3755 0.3755 0.345 0.345 0.345 0.328 0.328 0.3215 0.3215 0.344 0.344 0.344 0.319 0.319 0.317 0.317 0.3455 0.3455 0.3455 0.3405 0.3405 0.3625 0.3625 0.3595 0.3595 0.3595 0.385 0.385 0.397 0.397
0.3245 0.2885 0.2885 0.36 0.36 0.36 0.2595 0.2595 0.3225 0.3225 0.369 0.369 0.355 0.355 0.355 0.3285 0.3285 0.314 0.314 0.3225 0.3225 0.3225 0.3185 0.3185 0.361 0.361 0.336 0.336 0.336 0.407 0.407 0.3625 0.3625 0.3575 0.3575 0.3575 0.3435 0.3435 0.323 0.323 0.333 0.333 0.333 0.364 0.364 0.377 0.377 0.3755 0.3755 0.345 0.345 0.345 0.328 0.328 0.3215 0.3215 0.344 0.344 0.344 0.319 0.319 0.317 0.317 0.3455 0.3455 0.3455 0.3405 0.3405 0.3625 0.3625 0.3595 0.3595 0.3595 0.385 0.385 0.397 0.397
0.32 0.3225 0.3225 0.298 0.298 0.298 0.2975 0.2975 0.3385 0.3385 0.3555 0.3555 0.325 0.325 0.325 0.3415 0.3415 0.352 0.352 0.347 0.347 0.347 0.4045 0.4045 0.3785 0.3785 0.3515 0.3515 0.3515 0.3875 0.3875 0.4015 0.4015 0.378 0.378 0.378 0.347 0.347 0.352 0.352 0.391 0.391 0.391 0.417 0.417 0.386 0.386 0.386 0.386 0.4005 0.4005 0.4005 0.3895 0.3895 0.388 0.388 0.435 0.435 0.435 0.3555 0.3555 0.359 0.359 0.3735 0.3735 0.3735 0.366 0.366 0.3465 0.3465 0.366 0.366 0.366 0.387 0.387 0.392 0.392
0.32 0.3225 0.3225 0.298 0.298 0.298 0.2975 0.2975 0.3385 0.3385 0.3555 0.3555 0.325 0.325 0.325 0.3415 0.3415 0.352 0.352 0.347 0.347 0.347 0.4045 0.4045 0.3785 0.3785 0.3515 0.3515 0.3515 0.3875 0.3875 0.4015 0.4015 0.378 0.378 0.378 0.347 0.347 0.352 0.352 0.391 0.391 0.391 0.417 0.417 0.386 0.386 0.386 0.386 0.4005 0.4005 0.4005 0.3895 0.3895 0.388 0.388 0.435 0.435 0.435 0.3555 0.3555 0.359 0.359 0.3735 0.3735 0.3735 0.366 0.366 0.3465 0.3465 0.366 0.366 0.366 0.387 0.387 0.392 0.392
0.308 0.324 0.324 0.327 0.327 0.327 0.3205 0.3205 0.346 0.346 0.3405 0.3405 0.332 0.332 0.332 0.308 0.308 0.339 0.339 0.3715 0.3715 0.3715 0.3405 0.3405 0.361 0.361 0.361 0.361 0.361 0.3625 0.3625 0.4035 0.4035 0.387 0.387 0.387 0.359 0.359 0.3745 0.3745 0.398 0.398 0.398 0.429 0.429 0.411 0.411 0.4045 0.4045 0.4195 0.4195 0.4195 0.475 0.475 0.394 0.394 0.3835 0.3835 0.3835 0.3775 0.3775 0.3815 0.3815 0.39 0.39 0.39 0.369 0.369 0.388 0.388 0.433 0.433 0.433 0.4225 0.4225 0.421 0.421
0.308 0.324 0.324 0.327 0.327 0.327 0.3205 0.3205 0.346 0.346 0.3405 0.3405 0.332 0.332 0.332 0.308 0.308 0.339 0.339 0.3715 0.3715 0.3715 0.3405 0.3405 0.361 0.361 0.361 0.361 0.361 0.3625 0.3625 0.4035 0.4035 0.387 0.387 0.387 0.359 0.359 0.3745 0.3745 0.398 0.398 0.398 0.429 0.429 0.411 0.411 0.4045 0.4045 0.4195 0.4195 0.4195 0.475 0.475 0.394 0.394 0.3835 0.3835 0.3835 0.3775 0.3775 0.3815 0.3815 0.39 0.39 0.39 0.369 0.369 0.388 0.388 0.433 0.433 0.433 0.4225 0.4225 0.421 0.421
0.2845 0.35 0.35 0.383 0.383 0.383 0.387 0.387 0.3545 0.3545 0.351 0.351 0.3525 0.3525 0.3525 0.3535 0.3535 0.3465 0.3465 0.317 0.317 0.317 0.321 0.321 0.3655 0.3655 0.3655 0.3655 0.3655 0.376 0.376 0.3915 0.3915 0.4005 0.4005 0.4005 0.38 0.38 0.3985 0.3985 0.428 0.428 0.428 0.419 0.419 0.4055 0.4055 0.4155 0.4155 0.4055 0.4055 0.4055 0.427 0.427 0.4615 0.4615 0.4115 0.4115 0.4115 0.394 0.394 0.359 0.359 0.371 0.371 0.371 0.364 0.364 0.3705 0.3705 0.411 0.411 0.411 0.409 0.409 0.422 0.422
0.2845 0.35 0.35 0.383 0.383 0.383 0.387 0.387 0.3545 0.3545 0.351 0.351 0.3525 0.3525 0.3525 0.3535 0.3535 0.3465 0.3465 0.317 0.317 0.317 0.321 0.321 0.3655 0.3655 0.3655 0.3655 0.3655 0.376 0.376 0.3915 0.3915 0.4005 0.4005 0.4005 0.38 0.38 0.3985 0.3985 0.428 0.428 0.428 0.419 0.419 0.4055 0.4055 0.4155 0.4155 0.4055 0.4055 0.4055 0.427 0.427 0.4615 0.4615 0.4115 0.4115 0.4115 0.394 0.394 0.359 0.359 0.371 0.371 0.371 0.364 0.364 0.3705 0.3705 0.411 0.411 0.411 0.409 0.409 0.422 0.422
0.2845 0.35 0.35 0.383 0.383 0.383 0.387 0.387 0.3545 0.3545 0.351 0.351 0.3525 0.3525 0.3525 0.3535 0.3535 0.3465 0.3465 0.317 0.317 0.317 0.321 0.321 0.3655 0.3655 0.3655 0.3655 0.3655 0.376 0.376 0.3915 0.3915 0.4005 0.4005 0.4005 0.38 0.38 0.3985 0.3985 0.428 0.428 0.428 0.419 0.419 0.4055 0.4055 0.4155 0.4155 0.4055 0.4055 0.4055 0.427 0.427 0.4615 0.4615 0.4115 0.4115 0.4115 0.394 0.394 0.359 0.359 0.371 0.371 0.371 0.364 0.364 0.3705 0.3705 0.411 0.411 0.411 0.409 0.409 0.422 0.422
0.36 0.366 0.366 0.3605 0.3605 0.3605 0.3615 0.3615 0.397 0.397 0.373 0.373 0.3815 0.3815 0.3815 0.364 0.364 0.3585 0.3585 0.3765 0.3765 0.3765 0.3795 0.3795 0.415 0.415 0.374 0.374 0.374 0.376 0.376 0.3805 0.3805 0.419 0.419 0.419 0.444 0.444 0.4085 0.4085 0.391 0.391 0.391 0.394 0.394 0.383 0.383 0.3985 0.3985 0.4555 0.4555 0.4555 0.4765 0.4765 0.473 0.473 0.4105 0.4105 0.4105 0.4185 0.4185 0.421 0.421 0.341 0.341 0.341 0.383 0.383 0.3975 0.3975 0.407 0.407 0.407 0.3875 0.3875 0.399 0.399
0.36 0.366 0.366 0.3605 0.3605 0.3605 0.3615 0.3615 0.397 0.397 0.373 0.373 0.3815 0.3815 0.3815 0.364 0.364 0.3585 0.3585 0.3765 0.3765 0.3765 0.3795 0.3795 0.415 0.415 0.374 0.374 0.374 0.376 0.376 0.3805 0.3805 0.419 0.419 0.419 0.444 0.444 0.4085 0.4085 0.391 0.391 0.391 0.394 0.394 0.383 0.383 0.3985 0.3985 0.4555 0.4555 0.4555 0.4765 0.4765 0.473 0.473 0.4105 0.4105 0.4105 0.4185 0.4185 0.421 0.421 0.341 0.341 0.341 0.383 0.383 0.3975 0.3975 0.407 0.407 0.407 0.3875 0.3875 0.399 0.399
0.3645 0.372 0.372 0.372 0.372 0.372 0.3785 0.3785 0.4025 0.4025 0.3835 0.3835 0.367 0.367 0.367 0.3795 0.3795 0.3965 0.3965 0.3845 0.3845 0.3845 0.3965 0.3965 0.3995 0.3995 0.3895 0.3895 0.3895 0.3885 0.3885 0.391 0.391 0.394 0.394 0.394 0.4075 0.4075 0.3945 0.3945 0.3535 0.3535 0.3535 0.371 0.371 0.393 0.393 0.4245 0.4245 0.48 0.48 0.48 0.486 0.486 0.47 0.47 0.45 0.45 0.45 0.4475 0.4475 0.4095 0.4095 0.416 0.416 0.416 0.434 0.434 0.408 0.408 0.3995 0.3995 0.3995 0.4195 0.4195 0.4525 0.4525
0.3645 0.372 0.372 0.372 0.372 0.372 0.3785 0.3785 0.4025 0.4025 0.3835 0.3835 0.367 0.367 0.367 0.3795 0.3795 0.3965 0.3965 0.3845 0.3845 0.3845 0.3965 0.3965 0.3995 0.3995 0.3895 0.3895 0.3895 0.3885 0.3885 0.391 0.391 0.394 0.394 0.394 0.4075 0.4075 0.3945 0.3945 0.3535 0.3535 0.3535 0.371 0.371 0.393 0.393 0.4245 0.4245 0.48 0.48 0.48 0.486 0.486 0.47 0.47 0.45 0.45 0.45 0.4475 0.4475 0.4095 0.4095 0.416 0.416 0.416 0.434 0.434 0.408 0.408 0.3995 0.3995 0.3995 0.4195 0.4195 0.4525 0.4525
0.413 0.404 0.404 0.4155 0.4155 0.4155 0.392 0.392 0.3975 0.3975 0.3895 0.3895 0.391 0.391 0.391 0.401 0.401 0.394 0.394 0.442 0.442 0.442 0.412 0.412 0.3925 0.3925 0.3935 0.3935 0.3935 0.407 0.407 0.422 0.422 0.4065 0.4065 0.4065 0.359 0.359 0.356 0.356 0.4005 0.4005 0.4005 0.4195 0.4195 0.435 0.435 0.48 0.48 0.539 0.539 0.539 0.508 0.508 0.516 0.516 0.503 0.503 0.503 0.478 0.478 0.4665 0.4665 0.445 0.445 0.445 0.446 0.446 0.4375 0.4375 0.427 0.427 0.427 0.418 0.418 0.4365 0.4365
0.413 0.404 0.404 0.4155 0.4155 0.4155 0.392 0.392 0.3975 0.3975 0.3895 0.3895 0.391 0.391 0.391 0.401 0.401 0.394 0.394 0.442 0.442 0.442 0.412 0.412 0.3925 0.3925 0.3935 0.3935 0.3935 0.407 0.407 0.422 0.422 0.4065 0.4065 0.4065 0.359 0.359 0.356 0.356 0.4005 0.4005 0.4005 0.4195 0.4195 0.435 0.435 0.48 0.48 0.539 0.539 0.539 0.508 0.508 0.516 0.516 0.503 0.503 0.503 0.478 0.478 0.4665 0.4665 0.445 0.445 0.445 0.446 0.446 0.4375 0.4375 0.427 0.427 0.427 0.418 0.418 0.4365 0.4365
0.413 0.404 0.404 0.4155 0.4155 0.4155 0.392 0.392 0.3975 0.3975 0.3895 0.3895 0.391 0.391 0.391 0.401 0.401 0.394 0.394 0.442 0.442 0.442 0.412 0.412 0.3925 0.3925 0.3935 0.3935 0.3935 0.407 0.407 0.422 0.422 0.4065 0.4065 0.4065 0.359 0.359 0.356 0.356 0.4005 0.4005 0.4005 0.4195 0.4195 0.435 0.435 0.48 0.48 0.539 0.539 0.539 0.508 0.508 0.516 0.516 0.503 0.503 0.503 0.478 0.478 0.4665 0.4665 0.445 0.445 0.445 0.446 0.446 0.4375 0.4375 0.427 0.427 0.427 0.418 0.418 0.4365 0.4365
0.384 0.4125 0.4125 0.4065 0.4065 0.4065 0.436 0.436 0.4475 0.4475 0.4245 0.4245 0.409 0.409 0.409 0.421 0.421 0.417 0.417 0.4095 0.4095 0.4095 0.4015 0.4015 0.406 0.406 0.38 0.38 0.38 0.4015 0.4015 0.392 0.392 0.3965 0.3965 0.3965 0.4315 0.4315 0.3745 0.3745 0.413 0.413 0.413 0.459 0.459 0.4675 0.4675 0.538 0.538 0.526 0.526 0.526 0.4815 0.4815 0.5145 0.5145 0.502 0.502 0.502 0.4845 0.4845 0.5 0.5 0.473 0.473 0.473 0.488 0.488 0.4785 0.4785 0.441 0.441 0.441 0.422 0.422 0.4285 0.4285
0.384 0.4125 0.4125 0.4065 0.4065 0.4065 0.436 0.436 0.4475 0.4475 0.4245 0.4245 0.409 0.409 0.409 0.421 0.421 0.417 0.417 0.4095 0.4095 0.4095 0.4015 0.4015 0.406 0.406 0.38 0.38 0.38 0.4015 0.4015 0.392 0.392 0.3965 0.3965 0.3965 0.4315 0.4315 0.3745 0.3745 0.413 0.413 0.413 0.459 0.459 0.4675 0.4675 0.538 0.538 0.526 0.526 0.526 0.4815 0.4815 0.5145 0.5145 0.502 0.502 0.502 0.4845 0.4845 0.5 0.5 0.473 0.473 0.473 0.488 0.488 0.4785 0.4785 0.441 0.441 0.441 0.422 0.422 0.4285 0.4285
0.4275 0.4035 0.4035 0.383 0.383 0.383 0.448 0.448 0.5306 0.5306 0.47 0.47 0.5016 0.5016 0.5016 0.4715 0.4715 0.5076 0.5076 0.451 0.451 0.451 0.461 0.461 0.406 0.406 0.408 0.408 0.408 0.3865 0.3865 0.4145 0.4145 0.4085 0.4085 0.4085 0.3765 0.3765 0.3635 0.3635 0.4255 0.4255 0.4255 0.521 0.521 0.549 0.549 0.6395 0.6395 0.5125 0.5125 0.5125 0.537 0.537 0.5115 0.5115 0.525 0.525 0.525 0.489 0.489 0.485 0.485 0.5365 0.5365 0.5365 0.483 0.483 0.516 0.516 0.455 0.455 0.455 0.4575 0.4575 0.43 0.43
0.4275 0.4035 0.4035 0.383 0.383 0.383 0.448 0.448 0.5306 0.5306 0.47 0.47 0.5016 0.5016 0.5016 0.4715 0.4715 0.5076 0.5076 0.451 0.451 0.451 0.461 0.461 0.406 0.406 0.408 0.408 0.408 0.3865 0.3865 0.4145 0.4145 0.4085 0.4085 0.4085 0.3765 0.3765 0.3635 0.3635 0.4255 0.4255 0.4255 0.521 0.521 0.549 0.549 0.6395 0.6395 0.5125 0.5125 0.5125 0.537 0.537 0.5115 0.5115 0.525 0.525 0.525 0.489 0.489 0.485 0.485 0.5365 0.5365 0.5365 0.483 0.483 0.516 0.516 0.455 0.455 0.455 0.4575 0.4575 0.43 0.43
0.423 0.4315 0.4315 0.4045 0.4045 0.4045 0.49 0.49 0.5145 0.5145 0.4905 0.4905 0.4575 0.4575 0.4575 0.472 0.472 0.4585 0.4585 0.4335 0.4335 0.4335 0.462 0.462 0.4505 0.4505 0.422 0.422 0.422 0.3935 0.3935 0.4215 0.4215 0.418 0.418 0.418 0.4285 0.4285 0.427 0.427 0.5165 0.5165 0.5165 0.495 0.495 0.533 0.533 0.5005 0.5005 0.552 0.552 0.552 0.56 0.56 0.5246 0.5246 0.4585 0.4585 0.4585 0.445 0.445 0.5085 0.5085 0.5135 0.5135 0.5135 0.5045 0.5045 0.4965 0.4965 0.466 0.466 0.466 0.425 0.425 0.428 0.428
0.423 0.4315 0.4315 0.4045 0.4045 0.4045 0.49 0.49 0.5145 0.5145 0.4905 0.4905 0.4575 0.4575 0.4575 0.472 0.472 0.4585 0.4585 0.4335 0.4335 0.4335 0.462 0.462 0.4505 0.4505 0.422 0.422 0.422 0.3935 0.3935 0.4215 0.4215 0.418 0.418 0.418 0.4285 0.4285 0.427 0.427 0.5165 0.5165 0.5165 0.495 0.495 0.533 0.533 0.5005 0.5005 0.552 0.552 0.552 0.56 0.56 0.5246 0.5246 0.4585 0.4585 0.4585 0.445 0.445 0.5085 0.5085 0.5135 0.5135 0.5135 0.5045 0.5045 0.4965 0.4965 0.466 0.466 0.466 0.425 0.425 0.428 0.428
0.4465 0.452 0.452 0.3675 0.3675 0.3675 0.442 0.442 0.5075 0.5075 0.4895 0.4895 0.4945 0.4945 0.4945 0.466 0.466 0.458 0.458 0.47 0.47 0.47 0.5075 0.5075 0.4615 0.4615 0.4645 0.4645 0.4645 0.481 0.481 0.4795 0.4795 0.424 0.424 0.424 0.4595 0.4595 0.4685 0.4685 0.4385 0.4385 0.4385 0.5145 0.5145 0.6005 0.6005 0.5565 0.5565 0.52 0.52 0.52 0.495 0.495 0.5105 0.5105 0.5346 0.5346 0.5346 0.478 0.478 0.5 0.5 0.523 0.523 0.523 0.5235 0.5235 0.4975 0.4975 0.479 0.479 0.479 0.4705 0.4705 0.496 0.496
0.4465 0.452 0.452 0.3675 0.3675 0.3675 0.442 0.442 0.5075 0.5075 0.4895 0.4895 0.4945 0.4945 0.4945 0.466 0.466 0.458 0.458 0.47 0.47 0.47 0.5075 0.5075 0.4615 0.4615 0.4645 0.4645 0.4645 0.481 0.481 0.4795 0.4795 0.424 0.424 0.424 0.4595 0.4595 0.4685 0.4685 0.4385 0.4385 0.4385 0.5145 0.5145 0.6005 0.6005 0.5565 0.5565 0.52 0.52 0.52 0.495 0.495 0.5105 0.5105 0.5346 0.5346 0.5346 0.478 0.478 0.5 0.5 0.523 0.523 0.523 0.5235 0.5235 0.4975 0.4975 0.479 0.479 0.479 0.4705 0.4705 0.496 0.496
0.4465 0.452 0.452 0.3675 0.3675 0.3675 0.442 0.442 0.5075 0.5075 0.4895 0.4895 0.4945 0.4945 0.4945 0.466 0.466 0.458 0.458 0.47 0.47 0.47 0.5075 0.5075 0.4615 0.4615 0.4645 0.4645 0.4645 0.481 0.481 0.4795 0.4795 0.424 0.424 0.424 0.4595 0.4595 0.4685 0.4685 0.4385 0.4385 0.4385 0.5145 0.5145 0.6005 0.6005 0.5565 0.5565 0.52 0.52 0.52 0.495 0.495 0.5105 0.5105 0.5346 0.5346 0.5346 0.478 0.478 0.5 0.5 0.523 0.523 0.523 0.5235 0.5235 0.4975 0.4975 0.479 0.479 0.479 0.4705 0.4705 0.496 0.496
0.4725 0.505 0.505 0.4215 0.4215 0.4215 0.4185 0.4185 0.4735 0.4735 0.4935 0.4935 0.4765 0.4765 0.4765 0.475 0.475 0.497 0.497 0.5015 0.5015 0.5015 0.516 0.516 0.4855 0.4855 0.483 0.483 0.483 0.4585 0.4585 0.4595 0.4595 0.4665 0.4665 0.4665 0.4365 0.4365 0.44 0.44 0.442 0.442 0.442 0.4695 0.4695 0.5215 0.5215 0.578 0.578 0.599 0.599 0.599 0.5435 0.5435 0.552 0.552 0.5676 0.5676 0.5676 0.561 0.561 0.5826 0.5826 0.5535 0.5535 0.5535 0.524 0.524 0.527 0.527 0.467 0.467 0.467 0.451 0.451 0.458 0.458
0.4725 0.505 0.505 0.4215 0.4215 0.4215 0.4185 0.4185 0.4735 0.4735 0.4935 0.4935 0.4765 0.4765 0.4765 0.475 0.475 0.497 0.497 0.5015 0.5015 0.5015 0.516 0.516 0.4855 0.4855 0.483 0.483 0.483 0.4585 0.4585 0.4595 0.4595 0.4665 0.4665 0.4665 0.4365 0.4365 0.44 0.44 0.442 0.442 0.442 0.4695 0.4695 0.5215 0.5215 0.578 0.578 0.599 0.599 0.599 0.5435 0.5435 0.552 0.552 0.5676 0.5676 0.5676 0.561 0.561 0.5826 0.5826 0.5535 0.5535 0.5535 0.524 0.524 0.527 0.527 0.467 0.467 0.467 0.451 0.451 0.458 0.458
0.5215 0.5335 0.5335 0.499 0.499 0.499 0.5115 0.5115 0.5265 0.5265 0.491 0.491 0.487 0.487 0.487 0.5635 0.5635 0.5186 0.5186 0.5405 0.5405 0.5405 0.53 0.53 0.5575 0.5575 0.4865 0.4865 0.4865 0.546 0.546 0.514 0.514 0.471 0.471 0.471 0.4795 0.4795 0.459 0.459 0.4855 0.4855 0.4855 0.5425 0.5425 0.566 0.566 0.549 0.549 0.6261 0.6261 0.6261 0.5655 0.5655 0.529 0.529 0.581 0.581 0.581 0.5736 0.5736 0.5650001 0.5650001 0.5555 0.5555 0.5555 0.53 0.53 0.5045 0.5045 0.543 0.543 0.543 0.4715 0.4715 0.4965 0.4965
0.5215 0.5335 0.5335 0.499 0.499 0.499 0.5115 0.5115 0.5265 0.5265 0.491 0.491 0.487 0.487 0.487 0.5635 0.5635 0.5186 0.5186 0.5405 0.5405 0.5405 0.53 0.53 0.5575 0.5575 0.4865 0.4865 0.4865 0.546 0.546 0.514 0.514 0.471 0.471 0.471 0.4795 0.4795 0.459 0.459 0.4855 0.4855 0.4855 0.5425 0.5425 0.566 0.566 0.549 0.549 0.6261 0.6261 0.6261 0.5655 0.5655 0.529 0.529 0.581 0.581 0.581 0.5736 0.5736 0.5650001 0.5650001 0.5555 0.5555 0.5555 0.53 0.53 0.5045 0.5045 0.543 0.543 0.543 0.4715 0.4715 0.4965 0.4965
0.5445 0.5645 0.5645 0.53 0.53 0.53 0.4775 0.4775 0.504 0.504 0.5175 0.5175 0.564 0.564 0.564 0.5435 0.5435 0.5 0.5 0.491 0.491 0.491 0.532 0.532 0.564 0.564 0.5705 0.5705 0.5705 0.5465 0.5465 0.4885 0.4885 0.5055 0.5055 0.5055 0.542 0.542 0.494 0.494 0.5395 0.5395 0.5395 0.604 0.604 0.597 0.597 0.577 0.577 0.588 0.588 0.588 0.6085 0.6085 0.62 0.62 0.627 0.627 0.627 0.6385 0.6385 0.6315 0.6315 0.5645 0.5645 0.5645 0.5295 0.5295 0.5665 0.5665 0.5335 0.5335 0.5335 0.5245 0.5245 0.5635 0.5635
0.5445 0.5645 0.5645 0.53 0.53 0.53 0.4775 0.4775 0.504 0.504 0.5175 0.5175 0.564 0.564 0.564 0.5435 0.5435 0.5 0.5 0.491 0.491 0.491 0.532 0.532 0.564 0.564 0.5705 0.5705 0.5705 0.5465 0.5465 0.4885 0.4885 0.5055 0.5055 0.5055 0.542 0.542 0.494 0.494 0.5395 0.5395 0.5395 0.604 0.604 0.597 0.597 0.577 0.577 0.588 0.588 0.588 0.6085 0.6085 0.62 0.62 0.627 0.627 0.627 0.6385 0.6385 0.6315 0.6315 0.5645 0.5645 0.5645 0.5295 0.5295 0.5665 0.5665 0.5335 0.5335 0.5335 0.5245 0.5245 0.5635 0.5635
0.5445 0.5645 0.5645 0.53 0.53 0.53 0.4775 0.4775 0.504 0.504 0.5175 0.5175 0.564 0.564 0.564 0.5435 0.5435 0.5 0.5 0.491 0.491 0.491 0.532 0.532 0.564 0.564 0.5705 0.5705 0.5705 0.5465 0.5465 0.4885 0.4885 0.5055 0.5055 0.5055 0.542 0.542 0.494 0.494 0.5395 0.5395 0.5395 0.604 0.604 0.597 0.597 0.577 0.577 0.588 0.588 0.588 0.6085 0.6085 0.62 0.62 0.627 0.627 0.627 0.6385 0.6385 0.6315 0.6315 0.5645 0.5645 0.5645 0.5295 0.5295 0.5665 0.5665 0.5335 0.5335 0.5335 0.5245 0.5245 0.5635 0.5635
