ndvi/NOAA-368.asc
ncols         252
nrows         154
xllcorner     -18.017974
yllcorner     13.481982
cellsize      0.035948
NODATA_value  -9999
[rows 105 to 139 of 154, columns 154 to 230 of 252]
0.5475 0.454 0.454 0.348 0.348 0.348 0.361 0.361 0.3685 0.3685 0.398 0.398 0.368 0.368 0.368 0.426 0.426 0.3475 0.3475 0.371 0.371 0.371 0.336 0.336 0.322 0.322 0.311 0.311 0.311 0.3825 0.3825 0.404 0.404 0.3825 0.3825 0.3825 0.4055 0.4055 0.3905 0.3905 0.3755 0.3755 0.3755 0.3335 0.3335 0.334 0.334 0.3545 0.3545 0.3505 0.3505 0.3505 0.32 0.32 0.515 0.515 0.478 0.478 0.478 0.3875 0.3875 0.4025 0.4025 0.457 0.457 0.457 0.4895 0.4895 0.392 0.392 0.408 0.408 0.408 0.513 0.513 0.459 0.459
0.443 0.4155 0.4155 0.3985 0.3985 0.3985 0.3085 0.3085 0.4135 0.4135 0.444 0.444 0.482 0.482 0.482 0.3715 0.3715 0.308 0.308 0.3785 0.3785 0.3785 0.3695 0.3695 0.379 0.379 0.3765 0.3765 0.3765 0.485 0.485 0.4995 0.4995 0.436 0.436 0.436 0.444 0.444 0.4165 0.4165 0.441 0.441 0.441 0.3525 0.3525 0.353 0.353 0.394 0.394 0.358 0.358 0.358 0.5261 0.5261 0.6215 0.6215 0.5691 0.5691 0.5691 0.5525 0.5525 0.4425 0.4425 0.517 0.517 0.517 0.513 0.513 0.4235 0.4235 0.45 0.45 0.45 0.491 0.491 0.539 0.539
0.443 0.4155 0.4155 0.3985 0.3985 0.3985 0.3085 0.3085 0.4135 0.4135 0.444 0.444 0.482 0.482 0.482 0.3715 0.3715 0.308 0.308 0.3785 0.3785 0.3785 0.3695 0.3695 0.379 0.379 0.3765 0.3765 0.3765 0.485 0.485 0.4995 0.4995 0.436 0.436 0.436 0.444 0.444 0.4165 0.4165 0.441 0.441 0.441 0.3525 0.3525 0.353 0.353 0.394 0.394 0.358 0.358 0.358 0.5261 0.5261 0.6215 0.6215 0.5691 0.5691 0.5691 0.5525 0.5525 0.4425 0.4425 0.517 0.517 0.517 0.513 0.513 0.4235 0.4235 0.45 0.45 0.45 0.491 0.491 0.539 0.539
0.4045 0.459 0.459 0.4755 0.4755 0.4755 0.4385 0.4385 0.441 0.441 0.4845 0.4845 0.484 0.484 0.484 0.45 0.45 0.403 0.403 0.355 0.355 0.355 0.389 0.389 0.433 0.433 0.481 0.481 0.481 0.547 0.547 0.525 0.525 0.548 0.548 0.548 0.5705 0.5705 0.4655 0.4655 0.475 0.475 0.475 0.453 0.453 0.4655 0.4655 0.4115 0.4115 0.5305 0.5305 0.5305 0.571 0.571 0.6095999 0.6095999 0.6025 0.6025 0.6025 0.561 0.561 0.5236 0.5236 0.613 0.613 0.613 0.64 0.64 0.5275 0.5275 0.5700001 0.5700001 0.5700001 0.579 0.579 0.6195 0.6195
0.4045 0.459 0.459 0.4755 0.4755 0.4755 0.4385 0.4385 0.441 0.441 0.4845 0.4845 0.484 0.484 0.484 0.45 0.45 0.403 0.403 0.355 0.355 0.355 0.389 0.389 0.433 0.433 0.481 0.481 0.481 0.547 0.547 0.525 0.525 0.548 0.548 0.548 0.5705 0.5705 0.4655 0.4655 0.475 0.475 0.475 0.453 0.453 0.4655 0.4655 0.4115 0.4115 0.5305 0.5305 0.5305 0.571 0.571 0.6095999 0.6095999 0.6025 0.6025 0.6025 0.561 0.561 0.5236 0.5236 0.613 0.613 0.613 0.64 0.64 0.5275 0.5275 0.5700001 0.5700001 0.5700001 0.579 0.579 0.6195 0.6195
0.411 0.438 0.438 0.469 0.469 0.469 0.4435 0.4435 0.454 0.454 0.429 0.429 0.5175 0.5175 0.5175 0.444 0.444 0.4285 0.4285 0.4615 0.4615 0.4615 0.43 0.43 0.463 0.463 0.503 0.503 0.503 0.5695 0.5695 0.552 0.552 0.5815 0.5815 0.5815 0.5246 0.5246 0.4325 0.4325 0.3895 0.3895 0.3895 0.5381 0.5381 0.46 0.46 0.4225 0.4225 0.5785 0.5785 0.5785 0.7061 0.7061 0.7055 0.7055 0.6446 0.6446 0.6446 0.5955 0.5955 0.6016 0.6016 0.5715 0.5715 0.5715 0.5621 0.5621 0.5845 0.5845 0.5725 0.5725 0.5725 0.5901 0.5901 0.6415 0.6415
0.411 0.438 0.438 0.469 0.469 0.469 0.4435 0.4435 0.454 0.454 0.429 0.429 0.5175 0.5175 0.5175 0.444 0.444 0.4285 0.4285 0.4615 0.4615 0.4615 0.43 0.43 0.463 0.463 0.503 0.503 0.503 0.5695 0.5695 0.552 0.552 0.5815 0.5815 0.5815 0.5246 0.5246 0.4325 0.4325 0.3895 0.3895 0.3895 0.5381 0.5381 0.46 0.46 0.4225 0.4225 0.5785 0.5785 0.5785 0.7061 0.7061 0.7055 0.7055 0.6446 0.6446 0.6446 0.5955 0.5955 0.6016 0.6016 0.5715 0.5715 0.5715 0.5621 0.5621 0.5845 0.5845 0.5725 0.5725 0.5725 0.5901 0.5901 0.6415 0.6415
0.411 0.438 0.438 0.469 0.469 0.469 0.4435 0.4435 0.454 0.454 0.429 0.429 0.5175 0.5175 0.5175 0.444 0.444 0.4285 0.4285 0.4615 0.4615 0.4615 0.43 0.43 0.463 0.463 0.503 0.503 0.503 0.5695 0.5695 0.552 0.552 0.5815 0.5815 0.5815 0.5246 0.5246 0.4325 0.4325 0.3895 0.3895 0.3895 0.5381 0.5381 0.46 0.46 0.4225 0.4225 0.5785 0.5785 0.5785 0.7061 0.7061 0.7055 0.7055 0.6446 0.6446 0.6446 0.5955 0.5955 0.6016 0.6016 0.5715 0.5715 0.5715 0.5621 0.5621 0.5845 0.5845 0.5725 0.5725 0.5725 0.5901 0.5901 0.6415 0.6415
0.4705 0.4225 0.4225 0.4935 0.4935 0.4935 0.543 0.543 0.4435 0.4435 0.481 0.481 0.532 0.532 0.532 0.528 0.528 0.5435 0.5435 0.505 0.505 0.505 0.498 0.498 0.501 0.501 0.572 0.572 0.572 0.59 0.59 0.5565 0.5565 0.526 0.526 0.526 0.5946 0.5946 0.503 0.503 0.485 0.485 0.485 0.495 0.495 0.511 0.511 0.5471 0.5471 0.6305 0.6305 0.6305 0.666 0.666 0.667 0.667 0.613 0.613 0.613 0.5395 0.5395 0.5491 0.5491 0.5821 0.5821 0.5821 0.5525 0.5525 0.5875 0.5875 0.6206 0.6206 0.6206 0.6404999 0.6404999 0.609 0.609
0.4705 0.4225 0.4225 0.4935 0.4935 0.4935 0.543 0.543 0.4435 0.4435 0.481 0.481 0.532 0.532 0.532 0.528 0.528 0.5435 0.5435 0.505 0.505 0.505 0.498 0.498 0.501 0.501 0.572 0.572 0.572 0.59 0.59 0.5565 0.5565 0.526 0.526 0.526 0.5946 0.5946 0.503 0.503 0.485 0.485 0.485 0.495 0.495 0.511 0.511 0.5471 0.5471 0.6305 0.6305 0.6305 0.666 0.666 0.667 0.667 0.613 0.613 0.613 0.5395 0.5395 0.5491 0.5491 0.5821 0.5821 0.5821 0.5525 0.5525 0.5875 0.5875 0.6206 0.6206 0.6206 0.6404999 0.6404999 0.609 0.609
0.432 0.492 0.492 0.5 0.5 0.5 0.5626 0.5626 0.495 0.495 0.484 0.484 0.51 0.51 0.51 0.568 0.568 0.57 0.57 0.5655 0.5655 0.5655 0.5525 0.5525 0.5425 0.5425 0.5775 0.5775 0.5775 0.5525 0.5525 0.5915 0.5915 0.5455 0.5455 0.5455 0.5645 0.5645 0.5015 0.5015 0.476 0.476 0.476 0.551 0.551 0.651 0.651 0.6661 0.6661 0.7406 0.7406 0.7406 0.6615 0.6615 0.622 0.622 0.63 0.63 0.63 0.5725 0.5725 0.5611 0.5611 0.6295 0.6295 0.6295 0.568 0.568 0.546 0.546 0.5821 0.5821 0.5821 0.5915 0.5915 0.5995 0.5995
0.432 0.492 0.492 0.5 0.5 0.5 0.5626 0.5626 0.495 0.495 0.484 0.484 0.51 0.51 0.51 0.568 0.568 0.57 0.57 0.5655 0.5655 0.5655 0.5525 0.5525 0.5425 0.5425 0.5775 0.5775 0.5775 0.5525 0.5525 0.5915 0.5915 0.5455 0.5455 0.5455 0.5645 0.5645 0.5015 0.5015 0.476 0.476 0.476 0.551 0.551 0.651 0.651 0.6661 0.6661 0.7406 0.7406 0.7406 0.6615 0.6615 0.622 0.622 0.63 0.63 0.63 0.5725 0.5725 0.5611 0.5611 0.6295 0.6295 0.6295 0.568 0.568 0.546 0.546 0.5821 0.5821 0.5821 0.5915 0.5915 0.5995 0.5995
0.507 0.4685 0.4685 0.5255 0.5255 0.5255 0.5621001 0.5621001 0.5015 0.5015 0.573 0.573 0.571 0.571 0.571 0.5915 0.5915 0.5605 0.5605 0.5925 0.5925 0.5925 0.552 0.552 0.525 0.525 0.5565 0.5565 0.5565 0.501 0.501 0.5355 0.5355 0.5235 0.5235 0.5235 0.4871 0.4871 0.537 0.537 0.602 0.602 0.602 0.6135 0.6135 0.65 0.65 0.619 0.619 0.6991 0.6991 0.6991 0.7255 0.7255 0.6725 0.6725 0.603 0.603 0.603 0.5905 0.5905 0.5925 0.5925 0.5656 0.5656 0.5656 0.614 0.614 0.599 0.599 0.5756 0.5756 0.5756 0.552 0.552 0.5625 0.5625
0.507 0.4685 0.4685 0.5255 0.5255 0.5255 0.5621001 0.5621001 0.5015 0.5015 0.573 0.573 0.571 0.571 0.571 0.5915 0.5915 0.5605 0.5605 0.5925 0.5925 0.5925 0.552 0.552 0.525 0.525 0.5565 0.5565 0.5565 0.501 0.501 0.5355 0.5355 0.5235 0.5235 0.5235 0.4871 0.4871 0.537 0.537 0.602 0.602 0.602 0.6135 0.6135 0.65 0.65 0.619 0.619 0.6991 0.6991 0.6991 0.7255 0.7255 0.6725 0.6725 0.603 0.603 0.603 0.5905 0.5905 0.5925 0.5925 0.5656 0.5656 0.5656 0.614 0.614 0.599 0.599 0.5756 0.5756 0.5756 0.552 0.552 0.5625 0.5625
0.507 0.4685 0.4685 0.5255 0.5255 0.5255 0.5621001 0.5621001 0.5015 0.5015 0.573 0.573 0.571 0.571 0.571 0.5915 0.5915 0.5605 0.5605 0.5925 0.5925 0.5925 0.552 0.552 0.525 0.525 0.5565 0.5565 0.5565 0.501 0.501 0.5355 0.5355 0.5235 0.5235 0.5235 0.4871 0.4871 0.537 0.537 0.602 0.602 0.602 0.6135 0.6135 0.65 0.65 0.619 0.619 0.6991 0.6991 0.6991 0.7255 0.7255 0.6725 0.6725 0.603 0.603 0.603 0.5905 0.5905 0.5925 0.5925 0.5656 0.5656 0.5656 0.614 0.614 0.599 0.599 0.5756 0.5756 0.5756 0.552 0.552 0.5625 0.5625
0.5605 0.549 0.549 0.4975 0.4975 0.4975 0.5434999 0.5434999 0.609 0.609 0.653 0.653 0.6555001 0.6555001 0.6555001 0.654 0.654 0.621 0.621 0.5595 0.5595 0.5595 0.547 0.547 0.5055 0.5055 0.5225 0.5225 0.5225 0.5365 0.5365 0.546 0.546 0.497 0.497 0.497 0.4895 0.4895 0.5325 0.5325 0.578 0.578 0.578 0.642 0.642 0.6845 0.6845 0.6786 0.6786 0.6545 0.6545 0.6545 0.679 0.679 0.693 0.693 0.684 0.684 0.684 0.5995 0.5995 0.607 0.607 0.583 0.583 0.583 0.5575 0.5575 0.6015 0.6015 0.6086 0.6086 0.6086 0.593 0.593 0.555 0.555
0.5605 0.549 0.549 0.4975 0.4975 0.4975 0.5434999 0.5434999 0.609 0.609 0.653 0.653 0.6555001 0.6555001 0.6555001 0.654 0.654 0.621 0.621 0.5595 0.5595 0.5595 0.547 0.547 0.5055 0.5055 0.5225 0.5225 0.5225 0.5365 0.5365 0.546 0.546 0.497 0.497 0.497 0.4895 0.4895 0.5325 0.5325 0.578 0.578 0.578 0.642 0.642 0.6845 0.6845 0.6786 0.6786 0.6545 0.6545 0.6545 0.679 0.679 0.693 0.693 0.684 0.684 0.684 0.5995 0.5995 0.607 0.607 0.583 0.583 0.583 0.5575 0.5575 0.6015 0.6015 0.6086 0.6086 0.6086 0.593 0.593 0.555 0.555
0.5425 0.5445 0.5445 0.5535001 0.5535001 0.5535001 0.541 0.541 0.5905 0.5905 0.694 0.694 0.6555001 0.6555001 0.6555001 0.67 0.67 0.652 0.652 0.661 0.661 0.661 0.558 0.558 0.538 0.538 0.525 0.525 0.525 0.5015 0.5015 0.5141 0.5141 0.5775 0.5775 0.5775 0.5775 0.5775 0.583 0.583 0.6225 0.6225 0.6225 0.7425 0.7425 0.7395 0.7395 0.776 0.776 0.789 0.789 0.789 0.758 0.758 0.779 0.779 0.671 0.671 0.671 0.5515 0.5515 0.584 0.584 0.61 0.61 0.61 0.6145 0.6145 0.59 0.59 0.5475 0.5475 0.5475 0.5385 0.5385 0.543 0.543
0.5425 0.5445 0.5445 0.5535001 0.5535001 0.5535001 0.541 0.541 0.5905 0.5905 0.694 0.694 0.6555001 0.6555001 0.6555001 0.67 0.67 0.652 0.652 0.661 0.661 0.661 0.558 0.558 0.538 0.538 0.525 0.525 0.525 0.5015 0.5015 0.5141 0.5141 0.5775 0.5775 0.5775 0.5775 0.5775 0.583 0.583 0.6225 0.6225 0.6225 0.7425 0.7425 0.7395 0.7395 0.776 0.776 0.789 0.789 0.789 0.758 0.758 0.779 0.779 0.671 0.671 0.671 0.5515 0.5515 0.584 0.584 0.61 0.61 0.61 0.6145 0.6145 0.59 0.59 0.5475 0.5475 0.5475 0.5385 0.5385 0.543 0.543
0.64 0.5765 0.5765 0.5605 0.5605 0.5605 0.566 0.566 0.617 0.617 0.6895 0.6895 0.6655 0.6655 0.6655 0.6655 0.6655 0.689 0.689 0.669 0.669 0.669 0.638 0.638 0.551 0.551 0.432 0.432 0.432 0.5955 0.5955 0.604 0.604 0.5225 0.5225 0.5225 0.5625 0.5625 0.624 0.624 0.6181 0.6181 0.6181 0.6271 0.6271 0.6861 0.6861 0.7611 0.7611 0.698 0.698 0.698 0.6795 0.6795 0.7135 0.7135 0.63 0.63 0.63 0.644 0.644 0.594 0.594 0.631 0.631 0.631 0.6215 0.6215 0.6525 0.6525 0.6275001 0.6275001 0.6275001 0.645 0.645 0.626 0.626
0.64 0.5765 0.5765 0.5605 0.5605 0.5605 0.566 0.566 0.617 0.617 0.6895 0.6895 0.6655 0.6655 0.6655 0.6655 0.6655 0.689 0.689 0.669 0.669 0.669 0.638 0.638 0.551 0.551 0.432 0.432 0.432 0.5955 0.5955 0.604 0.604 0.5225 0.5225 0.5225 0.5625 0.5625 0.624 0.624 0.6181 0.6181 0.6181 0.6271 0.6271 0.6861 0.6861 0.7611 0.7611 0.698 0.698 0.698 0.6795 0.6795 0.7135 0.7135 0.63 0.63 0.63 0.644 0.644 0.594 0.594 0.631 0.631 0.631 0.6215 0.6215 0.6525 0.6525 0.6275001 0.6275001 0.6275001 0.645 0.645 0.626 0.626
0.6105 0.6515 0.6515 0.5985 0.5985 0.5985 0.6 0.6 0.6485 0.6485 0.6905 0.6905 0.693 0.693 0.693 0.7065 0.7065 0.73 0.73 0.704 0.704 0.704 0.7205 0.7205 0.6454999 0.6454999 0.6445 0.6445 0.6445 0.6115 0.6115 0.6365 0.6365 0.637 0.637 0.637 0.5715 0.5715 0.7415 0.7415 0.713 0.713 0.713 0.6605 0.6605 0.7596 0.7596 0.7335 0.7335 0.7071 0.7071 0.7071 0.712 0.712 0.6845 0.6845 0.698 0.698 0.698 0.6135 0.6135 0.635 0.635 0.639 0.639 0.639 0.661 0.661 0.6355 0.6355 0.6671 0.6671 0.6671 0.6315 0.6315 0.665 0.665
0.6105 0.6515 0.6515 0.5985 0.5985 0.5985 0.6 0.6 0.6485 0.6485 0.6905 0.6905 0.693 0.693 0.693 0.7065 0.7065 0.73 0.73 0.704 0.704 0.704 0.7205 0.7205 0.6454999 0.6454999 0.6445 0.6445 0.6445 0.6115 0.6115 0.6365 0.6365 0.637 0.637 0.637 0.5715 0.5715 0.7415 0.7415 0.713 0.713 0.713 0.6605 0.6605 0.7596 0.7596 0.7335 0.7335 0.7071 0.7071 0.7071 0.712 0.712 0.6845 0.6845 0.698 0.698 0.698 0.6135 0.6135 0.635 0.635 0.639 0.639 0.639 0.661 0.661 0.6355 0.6355 0.6671 0.6671 0.6671 0.6315 0.6315 0.665 0.665
0.6105 0.6515 0.6515 0.5985 0.5985 0.5985 0.6 0.6 0.6485 0.6485 0.6905 0.6905 0.693 0.693 0.693 0.7065 0.7065 0.73 0.73 0.704 0.704 0.704 0.7205 0.7205 0.6454999 0.6454999 0.6445 0.6445 0.6445 0.6115 0.6115 0.6365 0.6365 0.637 0.637 0.637 0.5715 0.5715 0.7415 0.7415 0.713 0.713 0.713 0.6605 0.6605 0.7596 0.7596 0.7335 0.7335 0.7071 0.7071 0.7071 0.712 0.712 0.6845 0.6845 0.698 0.698 0.698 0.6135 0.6135 0.635 0.635 0.639 0.639 0.639 0.661 0.661 0.6355 0.6355 0.6671 0.6671 0.6671 0.6315 0.6315 0.665 0.665
0.614 0.6406 0.6406 0.6031 0.6031 0.6031 0.6425 0.6425 0.6785 0.6785 0.6585 0.6585 0.6935 0.6935 0.6935 0.7045 0.7045 0.6995 0.6995 0.6855 0.6855 0.6855 0.679 0.679 0.6605 0.6605 0.6725 0.6725 0.6725 0.714 0.714 0.6695 0.6695 0.6375 0.6375 0.6375 0.692 0.692 0.6785 0.6785 0.7 0.7 0.7 0.7335 0.7335 0.759 0.759 0.7345 0.7345 0.745 0.745 0.745 0.7205 0.7205 0.6971 0.6971 0.677 0.677 0.677 0.678 0.678 0.6585 0.6585 0.6415 0.6415 0.6415 0.6426 0.6426 0.6496 0.6496 0.59 0.59 0.59 0.6031 0.6031 0.6005 0.6005
0.614 0.6406 0.6406 0.6031 0.6031 0.6031 0.6425 0.6425 0.6785 0.6785 0.6585 0.6585 0.6935 0.6935 0.6935 0.7045 0.7045 0.6995 0.6995 0.6855 0.6855 0.6855 0.679 0.679 0.6605 0.6605 0.6725 0.6725 0.6725 0.714 0.714 0.6695 0.6695 0.6375 0.6375 0.6375 0.692 0.692 0.6785 0.6785 0.7 0.7 0.7 0.7335 0.7335 0.759 0.759 0.7345 0.7345 0.745 0.745 0.745 0.7205 0.7205 0.6971 0.6971 0.677 0.677 0.677 0.678 0.678 0.6585 0.6585 0.6415 0.6415 0.6415 0.6426 0.6426 0.6496 0.6496 0.59 0.59 0.59 0.6031 0.6031 0.6005 0.6005
0.6914999 0.7725 0.7725 0.7795 0.7795 0.7795 0.675 0.675 0.689 0.689 0.7325 0.7325 0.706 0.706 0.706 0.7155 0.7155 0.7355 0.7355 0.669 0.669 0.669 0.6015 0.6015 0.6386 0.6386 0.7415 0.7415 0.7415 0.7255 0.7255 0.6941 0.6941 0.6705 0.6705 0.6705 0.6975 0.6975 0.7345 0.7345 0.7555 0.7555 0.7555 0.757 0.757 0.8165 0.8165 0.7475 0.7475 0.7991 0.7991 0.7991 0.7495 0.7495 0.6951 0.6951 0.6956 0.6956 0.6956 0.7455 0.7455 0.606 0.606 0.62 0.62 0.62 0.6786 0.6786 0.637 0.637 0.709 0.709 0.709 0.624 0.624 0.6175 0.6175
0.6914999 0.7725 0.7725 0.7795 0.7795 0.7795 0.675 0.675 0.689 0.689 0.7325 0.7325 0.706 0.706 0.706 0.7155 0.7155 0.7355 0.7355 0.669 0.669 0.669 0.6015 0.6015 0.6386 0.6386 0.7415 0.7415 0.7415 0.7255 0.7255 0.6941 0.6941 0.6705 0.6705 0.6705 0.6975 0.6975 0.7345 0.7345 0.7555 0.7555 0.7555 0.757 0.757 0.8165 0.8165 0.7475 0.7475 0.7991 0.7991 0.7991 0.7495 0.7495 0.6951 0.6951 0.6956 0.6956 0.6956 0.7455 0.7455 0.606 0.606 0.62 0.62 0.62 0.6786 0.6786 0.637 0.637 0.709 0.709 0.709 0.624 0.624 0.6175 0.6175
0.7146 0.785 0.785 0.7605 0.7605 0.7605 0.7015 0.7015 0.695 0.695 0.732 0.732 0.738 0.738 0.738 0.711 0.711 0.664 0.664 0.6765 0.6765 0.6765 0.686 0.686 0.7275 0.7275 0.6591 0.6591 0.6591 0.7005 0.7005 0.6961 0.6961 0.735 0.735 0.735 0.7055 0.7055 0.6755 0.6755 0.697 0.697 0.697 0.707 0.707 0.725 0.725 0.745 0.745 0.8075 0.8075 0.8075 0.6586 0.6586 0.713 0.713 0.69 0.69 0.69 0.736 0.736 0.6785 0.6785 0.676 0.676 0.676 0.6336 0.6336 0.6571 0.6571 0.688 0.688 0.688 0.6645 0.6645 0.679 0.679
0.7146 0.785 0.785 0.7605 0.7605 0.7605 0.7015 0.7015 0.695 0.695 0.732 0.732 0.738 0.738 0.738 0.711 0.711 0.664 0.664 0.6765 0.6765 0.6765 0.686 0.686 0.7275 0.7275 0.6591 0.6591 0.6591 0.7005 0.7005 0.6961 0.6961 0.735 0.735 0.735 0.7055 0.7055 0.6755 0.6755 0.697 0.697 0.697 0.707 0.707 0.725 0.725 0.745 0.745 0.8075 0.8075 0.8075 0.6586 0.6586 0.713 0.713 0.69 0.69 0.69 0.736 0.736 0.6785 0.6785 0.676 0.676 0.676 0.6336 0.6336 0.6571 0.6571 0.688 0.688 0.688 0.6645 0.6645 0.679 0.679
0.7146 0.785 0.785 0.7605 0.7605 0.7605 0.7015 0.7015 0.695 0.695 0.732 0.732 0.738 0.738 0.738 0.711 0.711 0.664 0.664 0.6765 0.6765 0.6765 0.686 0.686 0.7275 0.7275 0.6591 0.6591 0.6591 0.7005 0.7005 0.6961 0.6961 0.735 0.735 0.735 0.7055 0.7055 0.6755 0.6755 0.697 0.697 0.697 0.707 0.707 0.725 0.725 0.745 0.745 0.8075 0.8075 0.8075 0.6586 0.6586 0.713 0.713 0.69 0.69 0.69 0.736 0.736 0.6785 0.6785 0.676 0.676 0.676 0.6336 0.6336 0.6571 0.6571 0.688 0.688 0.688 0.6645 0.6645 0.679 0.679
0.7556 0.7785 0.7785 0.735 0.735 0.735 0.7245 0.7245 0.7435 0.7435 0.6411 0.6411 0.665 0.665 0.665 0.6885 0.6885 0.6865 0.6865 0.7175 0.7175 0.7175 0.652 0.652 0.6945 0.6945 0.6951 0.6951 0.6951 0.671 0.671 0.6296 0.6296 0.673 0.673 0.673 0.6776 0.6776 0.669 0.669 0.718 0.718 0.718 0.6676 0.6676 0.74 0.74 0.7635 0.7635 0.75 0.75 0.75 0.7355 0.7355 0.7346 0.7346 0.7071 0.7071 0.7071 0.737 0.737 0.728 0.728 0.7016 0.7016 0.7016 0.6795 0.6795 0.7775 0.7775 0.7075 0.7075 0.7075 0.662 0.662 0.6454999 0.6454999
0.7556 0.7785 0.7785 0.735 0.735 0.735 0.7245 0.7245 0.7435 0.7435 0.6411 0.6411 0.665 0.665 0.665 0.6885 0.6885 0.6865 0.6865 0.7175 0.7175 0.7175 0.652 0.652 0.6945 0.6945 0.6951 0.6951 0.6951 0.671 0.671 0.6296 0.6296 0.673 0.673 0.673 0.6776 0.6776 0.669 0.669 0.718 0.718 0.718 0.6676 0.6676 0.74 0.74 0.7635 0.7635 0.75 0.75 0.75 0.7355 0.7355 0.7346 0.7346 0.7071 0.7071 0.7071 0.737 0.737 0.728 0.728 0.7016 0.7016 0.7016 0.6795 0.6795 0.7775 0.7775 0.7075 0.7075 0.7075 0.662 0.662 0.6454999 0.6454999
0.7446 0.7991 0.7991 0.8325 0.8325 0.8325 0.7195 0.7195 0.7256 0.7256 0.75 0.75 0.7005 0.7005 0.7005 0.646 0.646 0.6516 0.6516 0.695 0.695 0.695 0.7025 0.7025 0.72 0.72 0.778 0.778 0.778 0.705 0.705 0.7055 0.7055 0.6935 0.6935 0.6935 0.7235 0.7235 0.641 0.641 0.708 0.708 0.708 0.6901 0.6901 0.754 0.754 0.7771 0.7771 0.7291 0.7291 0.7291 0.736 0.736 0.7546 0.7546 0.7405 0.7405 0.7405 0.788 0.788 0.765 0.765 0.689 0.689 0.689 0.7205 0.7205 0.717 0.717 0.707 0.707 0.707 0.687 0.687 0.669 0.669
0.7446 0.7991 0.7991 0.8325 0.8325 0.8325 0.7195 0.7195 0.7256 0.7256 0.75 0.75 0.7005 0.7005 0.7005 0.646 0.646 0.6516 0.6516 0.695 0.695 0.695 0.7025 0.7025 0.72 0.72 0.778 0.778 0.778 0.705 0.705 0.7055 0.7055 0.6935 0.6935 0.6935 0.7235 0.7235 0.641 0.641 0.708 0.708 0.708 0.6901 0.6901 0.754 0.754 0.7771 0.7771 0.7291 0.7291 0.7291 0.736 0.736 0.7546 0.7546 0.7405 0.7405 0.7405 0.788 0.788 0.765 0.765 0.689 0.689 0.689 0.7205 0.7205 0.717 0.717 0.707 0.707 0.707 0.687 0.687 0.669 0.669
