ndvi/NOAA-77.asc
ncols         252
nrows         154
xllcorner     -18.017974
yllcorner     13.481982
cellsize      0.035948
NODATA_value  -9999
[rows 105 to 139 of 154, columns 0 to 76 of 252]
-1 -1 -1 -1 -1 -1 -1 -1 -1 -1 -1 -1 -1 -1 -1 -1 -1 -1 -1 -1 -1 -1 -1 0.0235 0.0235 0.214 0.214 0.214 0.2765 0.2765 0.2375 0.2375 0.251 0.251 0.251 0.267 0.267 0.275 0.275 0.277 0.277 0.277 0.288 0.288 0.272 0.272 0.2665 0.2665 0.2665 0.2765 0.2765 0.29 0.29 0.2815 0.2815 0.275 0.275 0.275 0.283 0.283 0.29 0.29 0.29 0.29 0.29 0.296 0.296 0.2865 0.2865 0.2925 0.2925 0.2925 0.2985 0.2985 0.275 0.275 0.267
-1 -1 -1 -1 -1 -1 -1 -1 -1 -1 -1 -1 -1 -1 -1 -1 -1 -1 -1 -1 -1 0.0362 0.0362 0.1635 0.1635 0.2525 0.2525 0.2525 0.2445 0.2445 0.2505 0.2505 0.269 0.269 0.269 0.2955 0.2955 0.288 0.288 0.2805 0.2805 0.2805 0.275 0.275 0.271 0.271 0.266 0.266 0.266 0.282 0.282 0.2775 0.2775 0.2895 0.2895 0.288 0.288 0.288 0.294 0.294 0.2865 0.2865 0.2865 0.2865 0.2865 0.3055 0.3055 0.338 0.338 0.3195 0.3195 0.3195 0.309 0.309 0.298 0.298 0.252
-1 -1 -1 -1 -1 -1 -1 -1 -1 -1 -1 -1 -1 -1 -1 -1 -1 -1 -1 -1 -1 0.0362 0.0362 0.1635 0.1635 0.2525 0.2525 0.2525 0.2445 0.2445 0.2505 0.2505 0.269 0.269 0.269 0.2955 0.2955 0.288 0.288 0.2805 0.2805 0.2805 0.275 0.275 0.271 0.271 0.266 0.266 0.266 0.282 0.282 0.2775 0.2775 0.2895 0.2895 0.288 0.288 0.288 0.294 0.294 0.2865 0.2865 0.2865 0.2865 0.2865 0.3055 0.3055 0.338 0.338 0.3195 0.3195 0.3195 0.309 0.309 0.298 0.298 0.252
-1 -1 -1 -1 -1 -1 -1 -1 -1 -1 -1 -1 -1 -1 -1 -1 -1 -1 -1 -1 -1 0.117 0.117 0.2775 0.2775 0.282 0.282 0.282 0.2635 0.2635 0.2685 0.2685 0.271 0.271 0.271 0.2875 0.2875 0.298 0.298 0.284 0.284 0.284 0.2935 0.2935 0.268 0.268 0.2715 0.2715 0.2715 0.292 0.292 0.2985 0.2985 0.291 0.291 0.281 0.281 0.281 0.2875 0.2875 0.286 0.286 0.286 0.286 0.286 0.299 0.299 0.3175 0.3175 0.31 0.31 0.31 0.299 0.299 0.302 0.302 0.2645
-1 -1 -1 -1 -1 -1 -1 -1 -1 -1 -1 -1 -1 -1 -1 -1 -1 -1 -1 -1 -1 0.117 0.117 0.2775 0.2775 0.282 0.282 0.282 0.2635 0.2635 0.2685 0.2685 0.271 0.271 0.271 0.2875 0.2875 0.298 0.298 0.284 0.284 0.284 0.2935 0.2935 0.268 0.268 0.2715 0.2715 0.2715 0.292 0.292 0.2985 0.2985 0.291 0.291 0.281 0.281 0.281 0.2875 0.2875 0.286 0.286 0.286 0.286 0.286 0.299 0.299 0.3175 0.3175 0.31 0.31 0.31 0.299 0.299 0.302 0.302 0.2645
-1 -1 -1 -1 -1 -1 -1 -1 -1 -1 -1 -1 -1 -1 -1 -1 -1 -1 0.122 0.122 0.122 0.289 0.289 0.271 0.271 0.27 0.27 0.27 0.3 0.3 0.2825 0.2825 0.2845 0.2845 0.2845 0.281 0.281 0.28 0.28 0.2865 0.2865 0.2865 0.2875 0.2875 0.2795 0.2795 0.28 0.28 0.28 0.3045 0.3045 0.2915 0.2915 0.287 0.287 0.275 0.275 0.275 0.269 0.269 0.2835 0.2835 0.2835 0.2835 0.2835 0.27 0.27 0.277 0.277 0.295 0.295 0.295 0.283 0.283 0.2885 0.2885 0.298
-1 -1 -1 -1 -1 -1 -1 -1 -1 -1 -1 -1 -1 -1 -1 -1 -1 -1 0.122 0.122 0.122 0.289 0.289 0.271 0.271 0.27 0.27 0.27 0.3 0.3 0.2825 0.2825 0.2845 0.2845 0.2845 0.281 0.281 0.28 0.28 0.2865 0.2865 0.2865 0.2875 0.2875 0.2795 0.2795 0.28 0.28 0.28 0.3045 0.3045 0.2915 0.2915 0.287 0.287 0.275 0.275 0.275 0.269 0.269 0.2835 0.2835 0.2835 0.2835 0.2835 0.27 0.27 0.277 0.277 0.295 0.295 0.295 0.283 0.283 0.2885 0.2885 0.298
-1 -1 -1 -1 -1 -1 -1 -1 -1 -1 -1 -1 -1 -1 -1 -1 -1 -1 0.122 0.122 0.122 0.289 0.289 0.271 0.271 0.27 0.27 0.27 0.3 0.3 0.2825 0.2825 0.2845 0.2845 0.2845 0.281 0.281 0.28 0.28 0.2865 0.2865 0.2865 0.2875 0.2875 0.2795 0.2795 0.28 0.28 0.28 0.3045 0.3045 0.2915 0.2915 0.287 0.287 0.275 0.275 0.275 0.269 0.269 0.2835 0.2835 0.2835 0.2835 0.2835 0.27 0.27 0.277 0.277 0.295 0.295 0.295 0.283 0.283 0.2885 0.2885 0.298
-1 -1 -1 -1 -1 -1 -1 -1 -1 -1 -1 -1 -1 -1 -1 -1 0.1461 0.1461 0.344 0.344 0.344 0.2975 0.2975 0.281 0.281 0.2765 0.2765 0.2765 0.287 0.287 0.286 0.286 0.2895 0.2895 0.2895 0.277 0.277 0.258 0.258 0.267 0.267 0.267 0.2835 0.2835 0.2685 0.2685 0.2775 0.2775 0.2775 0.2835 0.2835 0.2795 0.2795 0.2915 0.2915 0.291 0.291 0.291 0.2855 0.2855 0.272 0.272 0.272 0.272 0.272 0.2695 0.2695 0.272 0.272 0.279 0.279 0.279 0.284 0.284 0.2675 0.2675 0.283
-1 -1 -1 -1 -1 -1 -1 -1 -1 -1 -1 -1 -1 -1 -1 -1 0.1461 0.1461 0.344 0.344 0.344 0.2975 0.2975 0.281 0.281 0.2765 0.2765 0.2765 0.287 0.287 0.286 0.286 0.2895 0.2895 0.2895 0.277 0.277 0.258 0.258 0.267 0.267 0.267 0.2835 0.2835 0.2685 0.2685 0.2775 0.2775 0.2775 0.2835 0.2835 0.2795 0.2795 0.2915 0.2915 0.291 0.291 0.291 0.2855 0.2855 0.272 0.272 0.272 0.272 0.272 0.2695 0.2695 0.272 0.272 0.279 0.279 0.279 0.284 0.284 0.2675 0.2675 0.283
-1 -1 -1 -1 -1 -1 -1 -1 -1 -1 -1 -1 0.1467 0.1467 0.172 0.172 0.105 0.105 0.299 0.299 0.299 0.295 0.295 0.2865 0.2865 0.3005 0.3005 0.3005 0.2845 0.2845 0.2865 0.2865 0.297 0.297 0.297 0.287 0.287 0.283 0.283 0.284 0.284 0.284 0.281 0.281 0.272 0.272 0.2625 0.2625 0.2625 0.271 0.271 0.2795 0.2795 0.262 0.262 0.2745 0.2745 0.2745 0.287 0.287 0.2795 0.2795 0.2795 0.2795 0.2795 0.278 0.278 0.274 0.274 0.2865 0.2865 0.2865 0.284 0.284 0.283 0.283 0.282
-1 -1 -1 -1 -1 -1 -1 -1 -1 -1 -1 -1 0.1467 0.1467 0.172 0.172 0.105 0.105 0.299 0.299 0.299 0.295 0.295 0.2865 0.2865 0.3005 0.3005 0.3005 0.2845 0.2845 0.2865 0.2865 0.297 0.297 0.297 0.287 0.287 0.283 0.283 0.284 0.284 0.284 0.281 0.281 0.272 0.272 0.2625 0.2625 0.2625 0.271 0.271 0.2795 0.2795 0.262 0.262 0.2745 0.2745 0.2745 0.287 0.287 0.2795 0.2795 0.2795 0.2795 0.2795 0.278 0.278 0.274 0.274 0.2865 0.2865 0.2865 0.284 0.284 0.283 0.283 0.282
-1 -1 -1 -1 -1 -1 -1 -1 -1 0.104 0.104 0.104 0.1085 0.1085 0.1157 0.1157 0.1271 0.1271 0.057 0.057 0.057 0.2955 0.2955 0.2855 0.2855 0.2995 0.2995 0.2995 0.287 0.287 0.299 0.299 0.295 0.295 0.295 0.278 0.278 0.276 0.276 0.279 0.279 0.279 0.286 0.286 0.2715 0.2715 0.276 0.276 0.276 0.2815 0.2815 0.2645 0.2645 0.258 0.258 0.254 0.254 0.254 0.265 0.265 0.261 0.261 0.261 0.261 0.261 0.2685 0.2685 0.279 0.279 0.2975 0.2975 0.2975 0.285 0.285 0.2875 0.2875 0.2735
-1 -1 -1 -1 -1 -1 -1 -1 -1 0.104 0.104 0.104 0.1085 0.1085 0.1157 0.1157 0.1271 0.1271 0.057 0.057 0.057 0.2955 0.2955 0.2855 0.2855 0.2995 0.2995 0.2995 0.287 0.287 0.299 0.299 0.295 0.295 0.295 0.278 0.278 0.276 0.276 0.279 0.279 0.279 0.286 0.286 0.2715 0.2715 0.276 0.276 0.276 0.2815 0.2815 0.2645 0.2645 0.258 0.258 0.254 0.254 0.254 0.265 0.265 0.261 0.261 0.261 0.261 0.261 0.2685 0.2685 0.279 0.279 0.2975 0.2975 0.2975 0.285 0.285 0.2875 0.2875 0.2735
-1 -1 -1 -1 -1 -1 -1 -1 -1 0.104 0.104 0.104 0.1085 0.1085 0.1157 0.1157 0.1271 0.1271 0.057 0.057 0.057 0.2955 0.2955 0.2855 0.2855 0.2995 0.2995 0.2995 0.287 0.287 0.299 0.299 0.295 0.295 0.295 0.278 0.278 0.276 0.276 0.279 0.279 0.279 0.286 0.286 0.2715 0.2715 0.276 0.276 0.276 0.2815 0.2815 0.2645 0.2645 0.258 0.258 0.254 0.254 0.254 0.265 0.265 0.261 0.261 0.261 0.261 0.261 0.2685 0.2685 0.279 0.279 0.2975 0.2975 0.2975 0.285 0.285 0.2875 0.2875 0.2735
-1 -1 -1 -1 -1 -1 -1 -1 -1 -1 -1 -1 0.0997 0.0997 0.1142 0.1142 0.1772 0.1772 0.132 0.132 0.132 0.1855 0.1855 0.29 0.29 0.2955 0.2955 0.2955 0.291 0.291 0.285 0.285 0.2835 0.2835 0.2835 0.286 0.286 0.273 0.273 0.2845 0.2845 0.2845 0.2865 0.2865 0.289 0.289 0.293 0.293 0.293 0.2915 0.2915 0.278 0.278 0.268 0.268 0.266 0.266 0.266 0.2565 0.2565 0.259 0.259 0.259 0.259 0.259 0.2525 0.2525 0.2835 0.2835 0.2895 0.2895 0.2895 0.273 0.273 0.289 0.289 0.2725
-1 -1 -1 -1 -1 -1 -1 -1 -1 -1 -1 -1 0.0997 0.0997 0.1142 0.1142 0.1772 0.1772 0.132 0.132 0.132 0.1855 0.1855 0.29 0.29 0.2955 0.2955 0.2955 0.291 0.291 0.285 0.285 0.2835 0.2835 0.2835 0.286 0.286 0.273 0.273 0.2845 0.2845 0.2845 0.2865 0.2865 0.289 0.289 0.293 0.293 0.293 0.2915 0.2915 0.278 0.278 0.268 0.268 0.266 0.266 0.266 0.2565 0.2565 0.259 0.259 0.259 0.259 0.259 0.2525 0.2525 0.2835 0.2835 0.2895 0.2895 0.2895 0.273 0.273 0.289 0.289 0.2725
-1 -1 -1 -1 -1 -1 -1 -1 -1 -1 -1 -1 -1 -1 -1 -1 -1 -1 0.0871 0.0871 0.0871 0.131 0.131 0.2455 0.2455 0.275 0.275 0.275 0.289 0.289 0.264 0.264 0.2725 0.2725 0.2725 0.2755 0.2755 0.279 0.279 0.281 0.281 0.281 0.288 0.288 0.299 0.299 0.299 0.299 0.299 0.2865 0.2865 0.294 0.294 0.286 0.286 0.2805 0.2805 0.2805 0.273 0.273 0.254 0.254 0.254 0.254 0.254 0.2615 0.2615 0.265 0.265 0.2625 0.2625 0.2625 0.263 0.263 0.279 0.279 0.239
-1 -1 -1 -1 -1 -1 -1 -1 -1 -1 -1 -1 -1 -1 -1 -1 -1 -1 0.0871 0.0871 0.0871 0.131 0.131 0.2455 0.2455 0.275 0.275 0.275 0.289 0.289 0.264 0.264 0.2725 0.2725 0.2725 0.2755 0.2755 0.279 0.279 0.281 0.281 0.281 0.288 0.288 0.299 0.299 0.299 0.299 0.299 0.2865 0.2865 0.294 0.294 0.286 0.286 0.2805 0.2805 0.2805 0.273 0.273 0.254 0.254 0.254 0.254 0.254 0.2615 0.2615 0.265 0.265 0.2625 0.2625 0.2625 0.263 0.263 0.279 0.279 0.239
-1 -1 -1 -1 -1 -1 -1 -1 -1 -1 -1 -1 -1 -1 -1 -1 -1 -1 -1 -1 -1 0.1536 0.1536 0.148 0.148 0.2705 0.2705 0.2705 0.288 0.288 0.3065 0.3065 0.28 0.28 0.28 0.2715 0.2715 0.278 0.278 0.2685 0.2685 0.2685 0.301 0.301 0.286 0.286 0.2975 0.2975 0.2975 0.2935 0.2935 0.2695 0.2695 0.301 0.301 0.286 0.286 0.286 0.2795 0.2795 0.2865 0.2865 0.2865 0.2865 0.2865 0.264 0.264 0.2745 0.2745 0.255 0.255 0.255 0.261 0.261 0.29 0.29 0.2715
-1 -1 -1 -1 -1 -1 -1 -1 -1 -1 -1 -1 -1 -1 -1 -1 -1 -1 -1 -1 -1 0.1536 0.1536 0.148 0.148 0.2705 0.2705 0.2705 0.288 0.288 0.3065 0.3065 0.28 0.28 0.28 0.2715 0.2715 0.278 0.278 0.2685 0.2685 0.2685 0.301 0.301 0.286 0.286 0.2975 0.2975 0.2975 0.2935 0.2935 0.2695 0.2695 0.301 0.301 0.286 0.286 0.286 0.2795 0.2795 0.2865 0.2865 0.2865 0.2865 0.2865 0.264 0.264 0.2745 0.2745 0.255 0.255 0.255 0.261 0.261 0.29 0.29 0.2715
-1 -1 -1 -1 -1 -1 -1 -1 -1 -1 -1 -1 -1 -1 -1 -1 -1 -1 -1 -1 -1 0.1627 0.1627 0.098 0.098 0.176 0.176 0.176 0.2955 0.2955 0.3275 0.3275 0.31 0.31 0.31 0.2965 0.2965 0.2645 0.2645 0.2205 0.2205 0.2205 0.261 0.261 0.258 0.258 0.295 0.295 0.295 0.284 0.284 0.2865 0.2865 0.308 0.308 0.2825 0.2825 0.2825 0.28 0.28 0.284 0.284 0.284 0.284 0.284 0.269 0.269 0.286 0.286 0.2835 0.2835 0.2835 0.251 0.251 0.273 0.273 0.2785
-1 -1 -1 -1 -1 -1 -1 -1 -1 -1 -1 -1 -1 -1 -1 -1 -1 -1 -1 -1 -1 0.1627 0.1627 0.098 0.098 0.176 0.176 0.176 0.2955 0.2955 0.3275 0.3275 0.31 0.31 0.31 0.2965 0.2965 0.2645 0.2645 0.2205 0.2205 0.2205 0.261 0.261 0.258 0.258 0.295 0.295 0.295 0.284 0.284 0.2865 0.2865 0.308 0.308 0.2825 0.2825 0.2825 0.28 0.28 0.284 0.284 0.284 0.284 0.284 0.269 0.269 0.286 0.286 0.2835 0.2835 0.2835 0.251 0.251 0.273 0.273 0.2785
-1 -1 -1 -1 -1 -1 -1 -1 -1 -1 -1 -1 -1 -1 -1 -1 -1 -1 -1 -1 -1 0.1627 0.1627 0.098 0.098 0.176 0.176 0.176 0.2955 0.2955 0.3275 0.3275 0.31 0.31 0.31 0.2965 0.2965 0.2645 0.2645 0.2205 0.2205 0.2205 0.261 0.261 0.258 0.258 0.295 0.295 0.295 0.284 0.284 0.2865 0.2865 0.308 0.308 0.2825 0.2825 0.2825 0.28 0.28 0.284 0.284 0.284 0.284 0.284 0.269 0.269 0.286 0.286 0.2835 0.2835 0.2835 0.251 0.251 0.273 0.273 0.2785
-1 -1 -1 -1 -1 -1 -1 -1 -1 -1 -1 -1 -1 -1 -1 -1 -1 -1 -1 -1 -1 -1 -1 0.1516 0.1516 0.06900001 0.06900001 0.06900001 0.2335 0.2335 0.322 0.322 0.2975 0.2975 0.2975 0.241 0.241 0.1735 0.1735 0.157 0.157 0.157 0.24 0.24 0.2675 0.2675 0.2575 0.2575 0.2575 0.27 0.27 0.2945 0.2945 0.303 0.303 0.293 0.293 0.293 0.269 0.269 0.2785 0.2785 0.2785 0.2785 0.2785 0.252 0.252 0.2615 0.2615 0.274 0.274 0.274 0.2795 0.2795 0.2755 0.2755 0.277
-1 -1 -1 -1 -1 -1 -1 -1 -1 -1 -1 -1 -1 -1 -1 -1 -1 -1 -1 -1 -1 -1 -1 0.1516 0.1516 0.06900001 0.06900001 0.06900001 0.2335 0.2335 0.322 0.322 0.2975 0.2975 0.2975 0.241 0.241 0.1735 0.1735 0.157 0.157 0.157 0.24 0.24 0.2675 0.2675 0.2575 0.2575 0.2575 0.27 0.27 0.2945 0.2945 0.303 0.303 0.293 0.293 0.293 0.269 0.269 0.2785 0.2785 0.2785 0.2785 0.2785 0.252 0.252 0.2615 0.2615 0.274 0.274 0.274 0.2795 0.2795 0.2755 0.2755 0.277
-1 -1 -1 -1 -1 -1 -1 -1 -1 -1 -1 -1 -1 -1 -1 -1 -1 -1 -1 -1 -1 -1 -1 -1 -1 0.086 0.086 0.086 0.1175 0.1175 0.2075 0.2075 0.215 0.215 0.215 0.1925 0.1925 0.171 0.171 0.1675 0.1675 0.1675 0.2925 0.2925 0.244 0.244 0.293 0.293 0.293 0.248 0.248 0.2825 0.2825 0.2985 0.2985 0.286 0.286 0.286 0.2855 0.2855 0.2825 0.2825 0.2825 0.2825 0.2825 0.2505 0.2505 0.2595 0.2595 0.263 0.263 0.263 0.279 0.279 0.262 0.262 0.271
-1 -1 -1 -1 -1 -1 -1 -1 -1 -1 -1 -1 -1 -1 -1 -1 -1 -1 -1 -1 -1 -1 -1 -1 -1 0.086 0.086 0.086 0.1175 0.1175 0.2075 0.2075 0.215 0.215 0.215 0.1925 0.1925 0.171 0.171 0.1675 0.1675 0.1675 0.2925 0.2925 0.244 0.244 0.293 0.293 0.293 0.248 0.248 0.2825 0.2825 0.2985 0.2985 0.286 0.286 0.286 0.2855 0.2855 0.2825 0.2825 0.2825 0.2825 0.2825 0.2505 0.2505 0.2595 0.2595 0.263 0.263 0.263 0.279 0.279 0.262 0.262 0.271
-1 -1 -1 -1 -1 -1 -1 -1 -1 -1 -1 -1 -1 -1 -1 -1 -1 -1 -1 -1 -1 -1 -1 -1 -1 0.0827 0.0827 0.0827 0.0595 0.0595 0.197 0.197 0.19 0.19 0.19 0.246 0.246 0.2495 0.2495 0.288 0.288 0.288 0.347 0.347 0.331 0.331 0.3085 0.3085 0.3085 0.2615 0.2615 0.243 0.243 0.2685 0.2685 0.273 0.273 0.273 0.274 0.274 0.2795 0.2795 0.2795 0.2795 0.2795 0.262 0.262 0.254 0.254 0.2585 0.2585 0.2585 0.259 0.259 0.2765 0.2765 0.2705
-1 -1 -1 -1 -1 -1 -1 -1 -1 -1 -1 -1 -1 -1 -1 -1 -1 -1 -1 -1 -1 -1 -1 -1 -1 0.0827 0.0827 0.0827 0.0595 0.0595 0.197 0.197 0.19 0.19 0.19 0.246 0.246 0.2495 0.2495 0.288 0.288 0.288 0.347 0.347 0.331 0.331 0.3085 0.3085 0.3085 0.2615 0.2615 0.243 0.243 0.2685 0.2685 0.273 0.273 0.273 0.274 0.274 0.2795 0.2795 0.2795 0.2795 0.2795 0.262 0.262 0.254 0.254 0.2585 0.2585 0.2585 0.259 0.259 0.2765 0.2765 0.2705
-1 -1 -1 -1 -1 -1 -1 -1 -1 -1 -1 -1 -1 -1 -1 -1 -1 -1 -1 -1 -1 -1 -1 -1 -1 0.0827 0.0827 0.0827 0.0595 0.0595 0.197 0.197 0.19 0.19 0.19 0.246 0.246 0.2495 0.2495 0.288 0.288 0.288 0.347 0.347 0.331 0.331 0.3085 0.3085 0.3085 0.2615 0.2615 0.243 0.243 0.2685 0.2685 0.273 0.273 0.273 0.274 0.274 0.2795 0.2795 0.2795 0.2795 0.2795 0.262 0.262 0.254 0.254 0.2585 0.2585 0.2585 0.259 0.259 0.2765 0.2765 0.2705
-1 -1 -1 -1 -1 -1 -1 -1 -1 -1 -1 -1 -1 -1 -1 -1 -1 -1 -1 -1 -1 -1 -1 -1 -1 -1 -1 -1 0.0495 0.0495 0.2065 0.2065 0.2285 0.2285 0.2285 0.289 0.289 0.3425 0.3425 0.3215 0.3215 0.3215 0.294 0.294 0.29 0.29 0.295 0.295 0.295 0.304 0.304 0.315 0.315 0.279 0.279 0.2795 0.2795 0.2795 0.2525 0.2525 0.2755 0.2755 0.2755 0.2755 0.2755 0.259 0.259 0.2525 0.2525 0.272 0.272 0.272 0.2685 0.2685 0.2675 0.2675 0.256
-1 -1 -1 -1 -1 -1 -1 -1 -1 -1 -1 -1 -1 -1 -1 -1 -1 -1 -1 -1 -1 -1 -1 -1 -1 -1 -1 -1 0.0495 0.0495 0.2065 0.2065 0.2285 0.2285 0.2285 0.289 0.289 0.3425 0.3425 0.3215 0.3215 0.3215 0.294 0.294 0.29 0.29 0.295 0.295 0.295 0.304 0.304 0.315 0.315 0.279 0.279 0.2795 0.2795 0.2795 0.2525 0.2525 0.2755 0.2755 0.2755 0.2755 0.2755 0.259 0.259 0.2525 0.2525 0.272 0.272 0.272 0.2685 0.2685 0.2675 0.2675 0.256
-1 -1 -1 -1 -1 -1 -1 -1 -1 -1 -1 -1 -1 -1 -1 -1 -1 -1 -1 -1 -1 -1 -1 -1 -1 -1 -1 -1 0.0126 0.0126 0.295 0.295 0.3605 0.3605 0.3605 0.3965 0.3965 0.4 0.4 0.3465 0.3465 0.3465 0.3005 0.3005 0.303 0.303 0.3045 0.3045 0.3045 0.2965 0.2965 0.281 0.281 0.2615 0.2615 0.2875 0.2875 0.2875 0.258 0.258 0.2715 0.2715 0.2715 0.2715 0.2715 0.2545 0.2545 0.2775 0.2775 0.311 0.311 0.311 0.2935 0.2935 0.2735 0.2735 0.2675
-1 -1 -1 -1 -1 -1 -1 -1 -1 -1 -1 -1 -1 -1 -1 -1 -1 -1 -1 -1 -1 -1 -1 -1 -1 -1 -1 -1 0.0126 0.0126 0.295 0.295 0.3605 0.3605 0.3605 0.3965 0.3965 0.4 0.4 0.3465 0.3465 0.3465 0.3005 0.3005 0.303 0.303 0.3045 0.3045 0.3045 0.2965 0.2965 0.281 0.281 0.2615 0.2615 0.2875 0.2875 0.2875 0.258 0.258 0.2715 0.2715 0.2715 0.2715 0.2715 0.2545 0.2545 0.2775 0.2775 0.311 0.311 0.311 0.2935 0.2935 0.2735 0.2735 0.2675
