ndvi/NOAA-55.asc
ncols         252
nrows         154
xllcorner     -18.017974
yllcorner     13.481982
cellsize      0.035948
NODATA_value  -9999
[rows 105 to 139 of 154, columns 0 to 76 of 252]
-1 -1 -1 -1 -1 -1 -1 -1 -1 -1 -1 -1 -1 -1 -1 -1 -1 -1 -1 -1 -1 -1 -1 0.0121 0.0121 0.1675 0.1675 0.1675 0.2625 0.2625 0.225 0.225 0.231 0.231 0.231 0.236 0.236 0.261 0.261 0.249 0.249 0.249 0.264 0.264 0.254 0.254 0.2555 0.2555 0.2555 0.257 0.257 0.267 0.267 0.264 0.264 0.26 0.26 0.26 0.275 0.275 0.2985 0.2985 0.2985 0.2985 0.2985 0.291 0.291 0.301 0.301 0.3065 0.3065 0.3065 0.2925 0.2925 0.279 0.279 0.266
-1 -1 -1 -1 -1 -1 -1 -1 -1 -1 -1 -1 -1 -1 -1 -1 -1 -1 -1 -1 -1 0.0361 0.0361 0.119 0.119 0.229 0.229 0.229 0.2205 0.2205 0.2235 0.2235 0.2225 0.2225 0.2225 0.2535 0.2535 0.25 0.25 0.261 0.261 0.261 0.252 0.252 0.2525 0.2525 0.2415 0.2415 0.2415 0.266 0.266 0.2625 0.2625 0.2575 0.2575 0.2845 0.2845 0.2845 0.295 0.295 0.292 0.292 0.292 0.292 0.292 0.293 0.293 0.2995 0.2995 0.3045 0.3045 0.3045 0.313 0.313 0.307 0.307 0.2555
-1 -1 -1 -1 -1 -1 -1 -1 -1 -1 -1 -1 -1 -1 -1 -1 -1 -1 -1 -1 -1 0.0361 0.0361 0.119 0.119 0.229 0.229 0.229 0.2205 0.2205 0.2235 0.2235 0.2225 0.2225 0.2225 0.2535 0.2535 0.25 0.25 0.261 0.261 0.261 0.252 0.252 0.2525 0.2525 0.2415 0.2415 0.2415 0.266 0.266 0.2625 0.2625 0.2575 0.2575 0.2845 0.2845 0.2845 0.295 0.295 0.292 0.292 0.292 0.292 0.292 0.293 0.293 0.2995 0.2995 0.3045 0.3045 0.3045 0.313 0.313 0.307 0.307 0.2555
-1 -1 -1 -1 -1 -1 -1 -1 -1 -1 -1 -1 -1 -1 -1 -1 -1 -1 -1 -1 -1 0.0965 0.0965 0.2745 0.2745 0.268 0.268 0.268 0.226 0.226 0.218 0.218 0.2385 0.2385 0.2385 0.258 0.258 0.25 0.25 0.266 0.266 0.266 0.2805 0.2805 0.253 0.253 0.2495 0.2495 0.2495 0.2485 0.2485 0.2665 0.2665 0.2825 0.2825 0.2815 0.2815 0.2815 0.2895 0.2895 0.284 0.284 0.284 0.284 0.284 0.284 0.284 0.3045 0.3045 0.3105 0.3105 0.3105 0.2925 0.2925 0.293 0.293 0.245
-1 -1 -1 -1 -1 -1 -1 -1 -1 -1 -1 -1 -1 -1 -1 -1 -1 -1 -1 -1 -1 0.0965 0.0965 0.2745 0.2745 0.268 0.268 0.268 0.226 0.226 0.218 0.218 0.2385 0.2385 0.2385 0.258 0.258 0.25 0.25 0.266 0.266 0.266 0.2805 0.2805 0.253 0.253 0.2495 0.2495 0.2495 0.2485 0.2485 0.2665 0.2665 0.2825 0.2825 0.2815 0.2815 0.2815 0.2895 0.2895 0.284 0.284 0.284 0.284 0.284 0.284 0.284 0.3045 0.3045 0.3105 0.3105 0.3105 0.2925 0.2925 0.293 0.293 0.245
-1 -1 -1 -1 -1 -1 -1 -1 -1 -1 -1 -1 -1 -1 -1 -1 -1 -1 0.1161 0.1161 0.1161 0.285 0.285 0.271 0.271 0.265 0.265 0.265 0.262 0.262 0.257 0.257 0.257 0.257 0.257 0.2625 0.2625 0.2655 0.2655 0.267 0.267 0.267 0.272 0.272 0.262 0.262 0.258 0.258 0.258 0.27 0.27 0.269 0.269 0.265 0.265 0.2685 0.2685 0.2685 0.269 0.269 0.286 0.286 0.286 0.286 0.286 0.2675 0.2675 0.272 0.272 0.298 0.298 0.298 0.288 0.288 0.2695 0.2695 0.246
-1 -1 -1 -1 -1 -1 -1 -1 -1 -1 -1 -1 -1 -1 -1 -1 -1 -1 0.1161 0.1161 0.1161 0.285 0.285 0.271 0.271 0.265 0.265 0.265 0.262 0.262 0.257 0.257 0.257 0.257 0.257 0.2625 0.2625 0.2655 0.2655 0.267 0.267 0.267 0.272 0.272 0.262 0.262 0.258 0.258 0.258 0.27 0.27 0.269 0.269 0.265 0.265 0.2685 0.2685 0.2685 0.269 0.269 0.286 0.286 0.286 0.286 0.286 0.2675 0.2675 0.272 0.272 0.298 0.298 0.298 0.288 0.288 0.2695 0.2695 0.246
-1 -1 -1 -1 -1 -1 -1 -1 -1 -1 -1 -1 -1 -1 -1 -1 -1 -1 0.1161 0.1161 0.1161 0.285 0.285 0.271 0.271 0.265 0.265 0.265 0.262 0.262 0.257 0.257 0.257 0.257 0.257 0.2625 0.2625 0.2655 0.2655 0.267 0.267 0.267 0.272 0.272 0.262 0.262 0.258 0.258 0.258 0.27 0.27 0.269 0.269 0.265 0.265 0.2685 0.2685 0.2685 0.269 0.269 0.286 0.286 0.286 0.286 0.286 0.2675 0.2675 0.272 0.272 0.298 0.298 0.298 0.288 0.288 0.2695 0.2695 0.246
-1 -1 -1 -1 -1 -1 -1 -1 -1 -1 -1 -1 -1 -1 -1 -1 0.1512 0.1512 0.3065 0.3065 0.3065 0.302 0.302 0.2935 0.2935 0.263 0.263 0.263 0.2605 0.2605 0.2805 0.2805 0.2905 0.2905 0.2905 0.277 0.277 0.2595 0.2595 0.263 0.263 0.263 0.278 0.278 0.2475 0.2475 0.257 0.257 0.257 0.267 0.267 0.253 0.253 0.2475 0.2475 0.2575 0.2575 0.2575 0.281 0.281 0.2635 0.2635 0.2635 0.2635 0.2635 0.264 0.264 0.2635 0.2635 0.2575 0.2575 0.2575 0.279 0.279 0.248 0.248 0.265
-1 -1 -1 -1 -1 -1 -1 -1 -1 -1 -1 -1 -1 -1 -1 -1 0.1512 0.1512 0.3065 0.3065 0.3065 0.302 0.302 0.2935 0.2935 0.263 0.263 0.263 0.2605 0.2605 0.2805 0.2805 0.2905 0.2905 0.2905 0.277 0.277 0.2595 0.2595 0.263 0.263 0.263 0.278 0.278 0.2475 0.2475 0.257 0.257 0.257 0.267 0.267 0.253 0.253 0.2475 0.2475 0.2575 0.2575 0.2575 0.281 0.281 0.2635 0.2635 0.2635 0.2635 0.2635 0.264 0.264 0.2635 0.2635 0.2575 0.2575 0.2575 0.279 0.279 0.248 0.248 0.265
-1 -1 -1 -1 -1 -1 -1 -1 -1 -1 -1 -1 0.1306 0.1306 0.176 0.176 0.1315 0.1315 0.3155 0.3155 0.3155 0.3105 0.3105 0.269 0.269 0.2845 0.2845 0.2845 0.2725 0.2725 0.2785 0.2785 0.28 0.28 0.28 0.2715 0.2715 0.2665 0.2665 0.258 0.258 0.258 0.247 0.247 0.2485 0.2485 0.2375 0.2375 0.2375 0.2525 0.2525 0.251 0.251 0.235 0.235 0.243 0.243 0.243 0.2725 0.2725 0.266 0.266 0.266 0.266 0.266 0.2635 0.2635 0.2575 0.2575 0.272 0.272 0.272 0.2615 0.2615 0.258 0.258 0.271
-1 -1 -1 -1 -1 -1 -1 -1 -1 -1 -1 -1 0.1306 0.1306 0.176 0.176 0.1315 0.1315 0.3155 0.3155 0.3155 0.3105 0.3105 0.269 0.269 0.2845 0.2845 0.2845 0.2725 0.2725 0.2785 0.2785 0.28 0.28 0.28 0.2715 0.2715 0.2665 0.2665 0.258 0.258 0.258 0.247 0.247 0.2485 0.2485 0.2375 0.2375 0.2375 0.2525 0.2525 0.251 0.251 0.235 0.235 0.243 0.243 0.243 0.2725 0.2725 0.266 0.266 0.266 0.266 0.266 0.2635 0.2635 0.2575 0.2575 0.272 0.272 0.272 0.2615 0.2615 0.258 0.258 0.271
-1 -1 -1 -1 -1 -1 -1 -1 -1 0.108 0.108 0.108 0.103 0.103 0.1326 0.1326 0.1226 0.1226 0.072 0.072 0.072 0.2995 0.2995 0.2685 0.2685 0.272 0.272 0.272 0.2795 0.2795 0.2785 0.2785 0.2765 0.2765 0.2765 0.267 0.267 0.259 0.259 0.2505 0.2505 0.2505 0.255 0.255 0.244 0.244 0.232 0.232 0.232 0.2595 0.2595 0.24 0.24 0.236 0.236 0.238 0.238 0.238 0.2505 0.2505 0.243 0.243 0.243 0.243 0.243 0.267 0.267 0.26 0.26 0.271 0.271 0.271 0.2795 0.2795 0.2535 0.2535 0.2435
-1 -1 -1 -1 -1 -1 -1 -1 -1 0.108 0.108 0.108 0.103 0.103 0.1326 0.1326 0.1226 0.1226 0.072 0.072 0.072 0.2995 0.2995 0.2685 0.2685 0.272 0.272 0.272 0.2795 0.2795 0.2785 0.2785 0.2765 0.2765 0.2765 0.267 0.267 0.259 0.259 0.2505 0.2505 0.2505 0.255 0.255 0.244 0.244 0.232 0.232 0.232 0.2595 0.2595 0.24 0.24 0.236 0.236 0.238 0.238 0.238 0.2505 0.2505 0.243 0.243 0.243 0.243 0.243 0.267 0.267 0.26 0.26 0.271 0.271 0.271 0.2795 0.2795 0.2535 0.2535 0.2435
-1 -1 -1 -1 -1 -1 -1 -1 -1 0.108 0.108 0.108 0.103 0.103 0.1326 0.1326 0.1226 0.1226 0.072 0.072 0.072 0.2995 0.2995 0.2685 0.2685 0.272 0.272 0.272 0.2795 0.2795 0.2785 0.2785 0.2765 0.2765 0.2765 0.267 0.267 0.259 0.259 0.2505 0.2505 0.2505 0.255 0.255 0.244 0.244 0.232 0.232 0.232 0.2595 0.2595 0.24 0.24 0.236 0.236 0.238 0.238 0.238 0.2505 0.2505 0.243 0.243 0.243 0.243 0.243 0.267 0.267 0.26 0.26 0.271 0.271 0.271 0.2795 0.2795 0.2535 0.2535 0.2435
-1 -1 -1 -1 -1 -1 -1 -1 -1 -1 -1 -1 0.0922 0.0922 0.1287 0.1287 0.1797 0.1797 0.1121 0.1121 0.1121 0.2095 0.2095 0.2895 0.2895 0.29 0.29 0.29 0.2825 0.2825 0.2795 0.2795 0.268 0.268 0.268 0.258 0.258 0.25 0.25 0.2545 0.2545 0.2545 0.251 0.251 0.257 0.257 0.2505 0.2505 0.2505 0.2425 0.2425 0.2405 0.2405 0.239 0.239 0.2475 0.2475 0.2475 0.256 0.256 0.2385 0.2385 0.2385 0.2385 0.2385 0.2345 0.2345 0.255 0.255 0.2655 0.2655 0.2655 0.254 0.254 0.244 0.244 0.2575
-1 -1 -1 -1 -1 -1 -1 -1 -1 -1 -1 -1 0.0922 0.0922 0.1287 0.1287 0.1797 0.1797 0.1121 0.1121 0.1121 0.2095 0.2095 0.2895 0.2895 0.29 0.29 0.29 0.2825 0.2825 0.2795 0.2795 0.268 0.268 0.268 0.258 0.258 0.25 0.25 0.2545 0.2545 0.2545 0.251 0.251 0.257 0.257 0.2505 0.2505 0.2505 0.2425 0.2425 0.2405 0.2405 0.239 0.239 0.2475 0.2475 0.2475 0.256 0.256 0.2385 0.2385 0.2385 0.2385 0.2385 0.2345 0.2345 0.255 0.255 0.2655 0.2655 0.2655 0.254 0.254 0.244 0.244 0.2575
-1 -1 -1 -1 -1 -1 -1 -1 -1 -1 -1 -1 -1 -1 -1 -1 -1 -1 0.1032 0.1032 0.1032 0.137 0.137 0.2485 0.2485 0.2805 0.2805 0.2805 0.293 0.293 0.2705 0.2705 0.273 0.273 0.273 0.263 0.263 0.262 0.262 0.255 0.255 0.255 0.259 0.259 0.2585 0.2585 0.249 0.249 0.249 0.2445 0.2445 0.2615 0.2615 0.248 0.248 0.255 0.255 0.255 0.254 0.254 0.224 0.224 0.224 0.224 0.224 0.2465 0.2465 0.2485 0.2485 0.254 0.254 0.254 0.242 0.242 0.2505 0.2505 0.246
-1 -1 -1 -1 -1 -1 -1 -1 -1 -1 -1 -1 -1 -1 -1 -1 -1 -1 0.1032 0.1032 0.1032 0.137 0.137 0.2485 0.2485 0.2805 0.2805 0.2805 0.293 0.293 0.2705 0.2705 0.273 0.273 0.273 0.263 0.263 0.262 0.262 0.255 0.255 0.255 0.259 0.259 0.2585 0.2585 0.249 0.249 0.249 0.2445 0.2445 0.2615 0.2615 0.248 0.248 0.255 0.255 0.255 0.254 0.254 0.224 0.224 0.224 0.224 0.224 0.2465 0.2465 0.2485 0.2485 0.254 0.254 0.254 0.242 0.242 0.2505 0.2505 0.246
-1 -1 -1 -1 -1 -1 -1 -1 -1 -1 -1 -1 -1 -1 -1 -1 -1 -1 -1 -1 -1 0.1467 0.1467 0.146 0.146 0.2645 0.2645 0.2645 0.304 0.304 0.301 0.301 0.275 0.275 0.275 0.269 0.269 0.262 0.262 0.259 0.259 0.259 0.278 0.278 0.2715 0.2715 0.2825 0.2825 0.2825 0.269 0.269 0.259 0.259 0.271 0.271 0.261 0.261 0.261 0.261 0.261 0.264 0.264 0.264 0.264 0.264 0.2365 0.2365 0.2665 0.2665 0.2625 0.2625 0.2625 0.268 0.268 0.287 0.287 0.2335
-1 -1 -1 -1 -1 -1 -1 -1 -1 -1 -1 -1 -1 -1 -1 -1 -1 -1 -1 -1 -1 0.1467 0.1467 0.146 0.146 0.2645 0.2645 0.2645 0.304 0.304 0.301 0.301 0.275 0.275 0.275 0.269 0.269 0.262 0.262 0.259 0.259 0.259 0.278 0.278 0.2715 0.2715 0.2825 0.2825 0.2825 0.269 0.269 0.259 0.259 0.271 0.271 0.261 0.261 0.261 0.261 0.261 0.264 0.264 0.264 0.264 0.264 0.2365 0.2365 0.2665 0.2665 0.2625 0.2625 0.2625 0.268 0.268 0.287 0.287 0.2335
-1 -1 -1 -1 -1 -1 -1 -1 -1 -1 -1 -1 -1 -1 -1 -1 -1 -1 -1 -1 -1 0.1697 0.1697 0.103 0.103 0.1795 0.1795 0.1795 0.298 0.298 0.333 0.333 0.3215 0.3215 0.3215 0.2745 0.2745 0.2335 0.2335 0.204 0.204 0.204 0.258 0.258 0.2475 0.2475 0.2775 0.2775 0.2775 0.2655 0.2655 0.256 0.256 0.265 0.265 0.255 0.255 0.255 0.261 0.261 0.2625 0.2625 0.2625 0.2625 0.2625 0.269 0.269 0.265 0.265 0.2735 0.2735 0.2735 0.2535 0.2535 0.251 0.251 0.2805
-1 -1 -1 -1 -1 -1 -1 -1 -1 -1 -1 -1 -1 -1 -1 -1 -1 -1 -1 -1 -1 0.1697 0.1697 0.103 0.103 0.1795 0.1795 0.1795 0.298 0.298 0.333 0.333 0.3215 0.3215 0.3215 0.2745 0.2745 0.2335 0.2335 0.204 0.204 0.204 0.258 0.258 0.2475 0.2475 0.2775 0.2775 0.2775 0.2655 0.2655 0.256 0.256 0.265 0.265 0.255 0.255 0.255 0.261 0.261 0.2625 0.2625 0.2625 0.2625 0.2625 0.269 0.269 0.265 0.265 0.2735 0.2735 0.2735 0.2535 0.2535 0.251 0.251 0.2805
-1 -1 -1 -1 -1 -1 -1 -1 -1 -1 -1 -1 -1 -1 -1 -1 -1 -1 -1 -1 -1 0.1697 0.1697 0.103 0.103 0.1795 0.1795 0.1795 0.298 0.298 0.333 0.333 0.3215 0.3215 0.3215 0.2745 0.2745 0.2335 0.2335 0.204 0.204 0.204 0.258 0.258 0.2475 0.2475 0.2775 0.2775 0.2775 0.2655 0.2655 0.256 0.256 0.265 0.265 0.255 0.255 0.255 0.261 0.261 0.2625 0.2625 0.2625 0.2625 0.2625 0.269 0.269 0.265 0.265 0.2735 0.2735 0.2735 0.2535 0.2535 0.251 0.251 0.2805
-1 -1 -1 -1 -1 -1 -1 -1 -1 -1 -1 -1 -1 -1 -1 -1 -1 -1 -1 -1 -1 -1 -1 0.1942 0.1942 0.103 0.103 0.103 0.242 0.242 0.335 0.335 0.3125 0.3125 0.3125 0.223 0.223 0.179 0.179 0.1615 0.1615 0.1615 0.2505 0.2505 0.271 0.271 0.258 0.258 0.258 0.26 0.26 0.286 0.286 0.268 0.268 0.294 0.294 0.294 0.271 0.271 0.2755 0.2755 0.2755 0.2755 0.2755 0.2645 0.2645 0.257 0.257 0.2655 0.2655 0.2655 0.2725 0.2725 0.2775 0.2775 0.29
-1 -1 -1 -1 -1 -1 -1 -1 -1 -1 -1 -1 -1 -1 -1 -1 -1 -1 -1 -1 -1 -1 -1 0.1942 0.1942 0.103 0.103 0.103 0.242 0.242 0.335 0.335 0.3125 0.3125 0.3125 0.223 0.223 0.179 0.179 0.1615 0.1615 0.1615 0.2505 0.2505 0.271 0.271 0.258 0.258 0.258 0.26 0.26 0.286 0.286 0.268 0.268 0.294 0.294 0.294 0.271 0.271 0.2755 0.2755 0.2755 0.2755 0.2755 0.2645 0.2645 0.257 0.257 0.2655 0.2655 0.2655 0.2725 0.2725 0.2775 0.2775 0.29
-1 -1 -1 -1 -1 -1 -1 -1 -1 -1 -1 -1 -1 -1 -1 -1 -1 -1 -1 -1 -1 -1 -1 -1 -1 0.089 0.089 0.089 0.128 0.128 0.2235 0.2235 0.226 0.226 0.226 0.163 0.163 0.1505 0.1505 0.1465 0.1465 0.1465 0.289 0.289 0.2645 0.2645 0.3285 0.3285 0.3285 0.2475 0.2475 0.2875 0.2875 0.306 0.306 0.2865 0.2865 0.2865 0.288 0.288 0.2835 0.2835 0.2835 0.2835 0.2835 0.265 0.265 0.2655 0.2655 0.252 0.252 0.252 0.2695 0.2695 0.272 0.272 0.284
-1 -1 -1 -1 -1 -1 -1 -1 -1 -1 -1 -1 -1 -1 -1 -1 -1 -1 -1 -1 -1 -1 -1 -1 -1 0.089 0.089 0.089 0.128 0.128 0.2235 0.2235 0.226 0.226 0.226 0.163 0.163 0.1505 0.1505 0.1465 0.1465 0.1465 0.289 0.289 0.2645 0.2645 0.3285 0.3285 0.3285 0.2475 0.2475 0.2875 0.2875 0.306 0.306 0.2865 0.2865 0.2865 0.288 0.288 0.2835 0.2835 0.2835 0.2835 0.2835 0.265 0.265 0.2655 0.2655 0.252 0.252 0.252 0.2695 0.2695 0.272 0.272 0.284
-1 -1 -1 -1 -1 -1 -1 -1 -1 -1 -1 -1 -1 -1 -1 -1 -1 -1 -1 -1 -1 -1 -1 -1 -1 0.0847 0.0847 0.0847 0.112 0.112 0.2135 0.2135 0.2125 0.2125 0.2125 0.23 0.23 0.1785 0.1785 0.309 0.309 0.309 0.3895 0.3895 0.3835 0.3835 0.357 0.357 0.357 0.2835 0.2835 0.275 0.275 0.255 0.255 0.2685 0.2685 0.2685 0.281 0.281 0.278 0.278 0.278 0.278 0.278 0.2585 0.2585 0.253 0.253 0.2595 0.2595 0.2595 0.268 0.268 0.2785 0.2785 0.271
-1 -1 -1 -1 -1 -1 -1 -1 -1 -1 -1 -1 -1 -1 -1 -1 -1 -1 -1 -1 -1 -1 -1 -1 -1 0.0847 0.0847 0.0847 0.112 0.112 0.2135 0.2135 0.2125 0.2125 0.2125 0.23 0.23 0.1785 0.1785 0.309 0.309 0.309 0.3895 0.3895 0.3835 0.3835 0.357 0.357 0.357 0.2835 0.2835 0.275 0.275 0.255 0.255 0.2685 0.2685 0.2685 0.281 0.281 0.278 0.278 0.278 0.278 0.278 0.2585 0.2585 0.253 0.253 0.2595 0.2595 0.2595 0.268 0.268 0.2785 0.2785 0.271
-1 -1 -1 -1 -1 -1 -1 -1 -1 -1 -1 -1 -1 -1 -1 -1 -1 -1 -1 -1 -1 -1 -1 -1 -1 0.0847 0.0847 0.0847 0.112 0.112 0.2135 0.2135 0.2125 0.2125 0.2125 0.23 0.23 0.1785 0.1785 0.309 0.309 0.309 0.3895 0.3895 0.3835 0.3835 0.357 0.357 0.357 0.2835 0.2835 0.275 0.275 0.255 0.255 0.2685 0.2685 0.2685 0.281 0.281 0.278 0.278 0.278 0.278 0.278 0.2585 0.2585 0.253 0.253 0.2595 0.2595 0.2595 0.268 0.268 0.2785 0.2785 0.271
-1 -1 -1 -1 -1 -1 -1 -1 -1 -1 -1 -1 -1 -1 -1 -1 -1 -1 -1 -1 -1 -1 -1 -1 -1 -1 -1 -1 0.0365 0.0365 0.212 0.212 0.2405 0.2405 0.2405 0.2715 0.2715 0.3685 0.3685 0.351 0.351 0.351 0.3635 0.3635 0.367 0.367 0.3515 0.3515 0.3515 0.3125 0.3125 0.331 0.331 0.2885 0.2885 0.277 0.277 0.277 0.255 0.255 0.251 0.251 0.251 0.251 0.251 0.2315 0.2315 0.2235 0.2235 0.263 0.263 0.263 0.2875 0.2875 0.2785 0.2785 0.269
-1 -1 -1 -1 -1 -1 -1 -1 -1 -1 -1 -1 -1 -1 -1 -1 -1 -1 -1 -1 -1 -1 -1 -1 -1 -1 -1 -1 0.0365 0.0365 0.212 0.212 0.2405 0.2405 0.2405 0.2715 0.2715 0.3685 0.3685 0.351 0.351 0.351 0.3635 0.3635 0.367 0.367 0.3515 0.3515 0.3515 0.3125 0.3125 0.331 0.331 0.2885 0.2885 0.277 0.277 0.277 0.255 0.255 0.251 0.251 0.251 0.251 0.251 0.2315 0.2315 0.2235 0.2235 0.263 0.263 0.263 0.2875 0.2875 0.2785 0.2785 0.269
-1 -1 -1 -1 -1 -1 -1 -1 -1 -1 -1 -1 -1 -1 -1 -1 -1 -1 -1 -1 -1 -1 -1 -1 -1 -1 -1 -1 0.0062 0.0062 0.2975 0.2975 0.4011 0.4011 0.4011 0.4866 0.4866 0.4115 0.4115 0.3815 0.3815 0.3815 0.35 0.35 0.321 0.321 0.3105 0.3105 0.3105 0.313 0.313 0.291 0.291 0.276 0.276 0.282 0.282 0.282 0.256 0.256 0.2615 0.2615 0.2615 0.2615 0.2615 0.252 0.252 0.309 0.309 0.3245 0.3245 0.3245 0.3075 0.3075 0.297 0.297 0.287
-1 -1 -1 -1 -1 -1 -1 -1 -1 -1 -1 -1 -1 -1 -1 -1 -1 -1 -1 -1 -1 -1 -1 -1 -1 -1 -1 -1 0.0062 0.0062 0.2975 0.2975 0.4011 0.4011 0.4011 0.4866 0.4866 0.4115 0.4115 0.3815 0.3815 0.3815 0.35 0.35 0.321 0.321 0.3105 0.3105 0.3105 0.313 0.313 0.291 0.291 0.276 0.276 0.282 0.282 0.282 0.256 0.256 0.2615 0.2615 0.2615 0.2615 0.2615 0.252 0.252 0.309 0.309 0.3245 0.3245 0.3245 0.3075 0.3075 0.297 0.297 0.287
