ndvi/NOAA-113.asc
ncols         252
nrows         154
xllcorner     -18.017974
yllcorner     13.481982
cellsize      0.035948
NODATA_value  -9999
[rows 0 to 33 of 154, columns 78 to 155 of 252]
0.126 0.122 0.122 0.12 0.12 0.126 0.126 0.126 0.124 0.124 0.131 0.131 0.1175 0.1175 0.126 0.126 0.126 0.126 0.126 0.12 0.12 0.1245 0.1245 0.1245 0.124 0.124 0.124 0.124 0.1235 0.1235 0.1235 0.121 0.121 0.1185 0.1185 0.115 0.115 0.115 0.114 0.114 0.114 0.114 0.125 0.125 0.125 0.145 0.145 0.1155 0.1155 0.1025 0.1025 0.117 0.117 0.117 0.12 0.12 0.1215 0.1215 0.122 0.122 0.122 0.1265 0.1265 0.1315 0.1315 0.1345 0.1345 0.1345 0.1325 0.1325 0.1325 0.1325 0.13 0.13 0.13 0.1235 0.1235 0.13
0.126 0.122 0.122 0.12 0.12 0.126 0.126 0.126 0.124 0.124 0.131 0.131 0.1175 0.1175 0.126 0.126 0.126 0.126 0.126 0.12 0.12 0.1245 0.1245 0.1245 0.124 0.124 0.124 0.124 0.1235 0.1235 0.1235 0.121 0.121 0.1185 0.1185 0.115 0.115 0.115 0.114 0.114 0.114 0.114 0.125 0.125 0.125 0.145 0.145 0.1155 0.1155 0.1025 0.1025 0.117 0.117 0.117 0.12 0.12 0.1215 0.1215 0.122 0.122 0.122 0.1265 0.1265 0.1315 0.1315 0.1345 0.1345 0.1345 0.1325 0.1325 0.1325 0.1325 0.13 0.13 0.13 0.1235 0.1235 0.13
0.1255 0.1235 0.1235 0.123 0.123 0.123 0.123 0.123 0.138 0.138 0.1255 0.1255 0.1295 0.1295 0.127 0.127 0.127 0.1285 0.1285 0.134 0.134 0.131 0.131 0.131 0.124 0.124 0.1275 0.1275 0.118 0.118 0.118 0.115 0.115 0.1155 0.1155 0.1165 0.1165 0.1165 0.12 0.12 0.112 0.112 0.12 0.12 0.12 0.119 0.119 0.1135 0.1135 0.1325 0.1325 0.1355 0.1355 0.1355 0.125 0.125 0.128 0.128 0.1215 0.1215 0.1215 0.1355 0.1355 0.1395 0.1395 0.1335 0.1335 0.1335 0.1255 0.1255 0.124 0.124 0.1265 0.1265 0.1265 0.136 0.136 0.1175
0.1255 0.1235 0.1235 0.123 0.123 0.123 0.123 0.123 0.138 0.138 0.1255 0.1255 0.1295 0.1295 0.127 0.127 0.127 0.1285 0.1285 0.134 0.134 0.131 0.131 0.131 0.124 0.124 0.1275 0.1275 0.118 0.118 0.118 0.115 0.115 0.1155 0.1155 0.1165 0.1165 0.1165 0.12 0.12 0.112 0.112 0.12 0.12 0.12 0.119 0.119 0.1135 0.1135 0.1325 0.1325 0.1355 0.1355 0.1355 0.125 0.125 0.128 0.128 0.1215 0.1215 0.1215 0.1355 0.1355 0.1395 0.1395 0.1335 0.1335 0.1335 0.1255 0.1255 0.124 0.124 0.1265 0.1265 0.1265 0.136 0.136 0.1175
0.1255 0.1235 0.1235 0.123 0.123 0.123 0.123 0.123 0.138 0.138 0.1255 0.1255 0.1295 0.1295 0.127 0.127 0.127 0.1285 0.1285 0.134 0.134 0.131 0.131 0.131 0.124 0.124 0.1275 0.1275 0.118 0.118 0.118 0.115 0.115 0.1155 0.1155 0.1165 0.1165 0.1165 0.12 0.12 0.112 0.112 0.12 0.12 0.12 0.119 0.119 0.1135 0.1135 0.1325 0.1325 0.1355 0.1355 0.1355 0.125 0.125 0.128 0.128 0.1215 0.1215 0.1215 0.1355 0.1355 0.1395 0.1395 0.1335 0.1335 0.1335 0.1255 0.1255 0.124 0.124 0.1265 0.1265 0.1265 0.136 0.136 0.1175
0.123 0.1265 0.1265 0.126 0.126 0.1295 0.1295 0.1295 0.1305 0.1305 0.1305 0.1305 0.1325 0.1325 0.132 0.132 0.132 0.1335 0.1335 0.1255 0.1255 0.124 0.124 0.124 0.1185 0.1185 0.126 0.126 0.1155 0.1155 0.1155 0.12 0.12 0.1185 0.1185 0.119 0.119 0.119 0.1135 0.1135 0.1115 0.1115 0.1195 0.1195 0.1195 0.127 0.127 0.1305 0.1305 0.129 0.129 0.133 0.133 0.133 0.135 0.135 0.1425 0.1425 0.139 0.139 0.139 0.1375 0.1375 0.1315 0.1315 0.1295 0.1295 0.1295 0.1345 0.1345 0.1285 0.1285 0.1345 0.1345 0.1345 0.127 0.127 0.13
0.123 0.1265 0.1265 0.126 0.126 0.1295 0.1295 0.1295 0.1305 0.1305 0.1305 0.1305 0.1325 0.1325 0.132 0.132 0.132 0.1335 0.1335 0.1255 0.1255 0.124 0.124 0.124 0.1185 0.1185 0.126 0.126 0.1155 0.1155 0.1155 0.12 0.12 0.1185 0.1185 0.119 0.119 0.119 0.1135 0.1135 0.1115 0.1115 0.1195 0.1195 0.1195 0.127 0.127 0.1305 0.1305 0.129 0.129 0.133 0.133 0.133 0.135 0.135 0.1425 0.1425 0.139 0.139 0.139 0.1375 0.1375 0.1315 0.1315 0.1295 0.1295 0.1295 0.1345 0.1345 0.1285 0.1285 0.1345 0.1345 0.1345 0.127 0.127 0.13
0.1315 0.1295 0.1295 0.13 0.13 0.129 0.129 0.129 0.131 0.131 0.128 0.128 0.1345 0.1345 0.13 0.13 0.13 0.1385 0.1385 0.1255 0.1255 0.126 0.126 0.126 0.134 0.134 0.126 0.126 0.125 0.125 0.125 0.13 0.13 0.1305 0.1305 0.124 0.124 0.124 0.1215 0.1215 0.118 0.118 0.123 0.123 0.123 0.1365 0.1365 0.1465 0.1465 0.1385 0.1385 0.1385 0.1385 0.1385 0.133 0.133 0.1415 0.1415 0.141 0.141 0.141 0.1385 0.1385 0.1355 0.1355 0.1425 0.1425 0.1425 0.1265 0.1265 0.137 0.137 0.127 0.127 0.127 0.137 0.137 0.1335
0.1315 0.1295 0.1295 0.13 0.13 0.129 0.129 0.129 0.131 0.131 0.128 0.128 0.1345 0.1345 0.13 0.13 0.13 0.1385 0.1385 0.1255 0.1255 0.126 0.126 0.126 0.134 0.134 0.126 0.126 0.125 0.125 0.125 0.13 0.13 0.1305 0.1305 0.124 0.124 0.124 0.1215 0.1215 0.118 0.118 0.123 0.123 0.123 0.1365 0.1365 0.1465 0.1465 0.1385 0.1385 0.1385 0.1385 0.1385 0.133 0.133 0.1415 0.1415 0.141 0.141 0.141 0.1385 0.1385 0.1355 0.1355 0.1425 0.1425 0.1425 0.1265 0.1265 0.137 0.137 0.127 0.127 0.127 0.137 0.137 0.1335
0.1315 0.131 0.131 0.1275 0.1275 0.1395 0.1395 0.1395 0.131 0.131 0.131 0.131 0.135 0.135 0.141 0.141 0.141 0.136 0.136 0.119 0.119 0.117 0.117 0.117 0.13 0.13 0.1355 0.1355 0.14 0.14 0.14 0.126 0.126 0.1305 0.1305 0.126 0.126 0.126 0.1305 0.1305 0.129 0.129 0.132 0.132 0.132 0.1385 0.1385 0.1445 0.1445 0.1335 0.1335 0.1395 0.1395 0.1395 0.147 0.147 0.149 0.149 0.1435 0.1435 0.1435 0.143 0.143 0.1385 0.1385 0.137 0.137 0.137 0.1325 0.1325 0.138 0.138 0.135 0.135 0.135 0.1385 0.1385 0.124
0.1315 0.131 0.131 0.1275 0.1275 0.1395 0.1395 0.1395 0.131 0.131 0.131 0.131 0.135 0.135 0.141 0.141 0.141 0.136 0.136 0.119 0.119 0.117 0.117 0.117 0.13 0.13 0.1355 0.1355 0.14 0.14 0.14 0.126 0.126 0.1305 0.1305 0.126 0.126 0.126 0.1305 0.1305 0.129 0.129 0.132 0.132 0.132 0.1385 0.1385 0.1445 0.1445 0.1335 0.1335 0.1395 0.1395 0.1395 0.147 0.147 0.149 0.149 0.1435 0.1435 0.1435 0.143 0.143 0.1385 0.1385 0.137 0.137 0.137 0.1325 0.1325 0.138 0.138 0.135 0.135 0.135 0.1385 0.1385 0.124
0.137 0.1395 0.1395 0.134 0.134 0.1365 0.1365 0.1365 0.1375 0.1375 0.137 0.137 0.143 0.143 0.125 0.125 0.125 0.134 0.134 0.1375 0.1375 0.14 0.14 0.14 0.141 0.141 0.138 0.138 0.1335 0.1335 0.1335 0.141 0.141 0.147 0.147 0.142 0.142 0.142 0.1435 0.1435 0.1415 0.1415 0.135 0.135 0.135 0.145 0.145 0.141 0.141 0.1415 0.1415 0.1565 0.1565 0.1565 0.1445 0.1445 0.1425 0.1425 0.145 0.145 0.145 0.145 0.145 0.1465 0.1465 0.1405 0.1405 0.1405 0.1325 0.1325 0.14 0.14 0.136 0.136 0.136 0.1335 0.1335 0.126
0.137 0.1395 0.1395 0.134 0.134 0.1365 0.1365 0.1365 0.1375 0.1375 0.137 0.137 0.143 0.143 0.125 0.125 0.125 0.134 0.134 0.1375 0.1375 0.14 0.14 0.14 0.141 0.141 0.138 0.138 0.1335 0.1335 0.1335 0.141 0.141 0.147 0.147 0.142 0.142 0.142 0.1435 0.1435 0.1415 0.1415 0.135 0.135 0.135 0.145 0.145 0.141 0.141 0.1415 0.1415 0.1565 0.1565 0.1565 0.1445 0.1445 0.1425 0.1425 0.145 0.145 0.145 0.145 0.145 0.1465 0.1465 0.1405 0.1405 0.1405 0.1325 0.1325 0.14 0.14 0.136 0.136 0.136 0.1335 0.1335 0.126
0.137 0.1395 0.1395 0.134 0.134 0.1365 0.1365 0.1365 0.1375 0.1375 0.137 0.137 0.143 0.143 0.125 0.125 0.125 0.134 0.134 0.1375 0.1375 0.14 0.14 0.14 0.141 0.141 0.138 0.138 0.1335 0.1335 0.1335 0.141 0.141 0.147 0.147 0.142 0.142 0.142 0.1435 0.1435 0.1415 0.1415 0.135 0.135 0.135 0.145 0.145 0.141 0.141 0.1415 0.1415 0.1565 0.1565 0.1565 0.1445 0.1445 0.1425 0.1425 0.145 0.145 0.145 0.145 0.145 0.1465 0.1465 0.1405 0.1405 0.1405 0.1325 0.1325 0.14 0.14 0.136 0.136 0.136 0.1335 0.1335 0.126
0.1455 0.14 0.14 0.142 0.142 0.14 0.14 0.14 0.1405 0.1405 0.1385 0.1385 0.1365 0.1365 0.1425 0.1425 0.1425 0.1415 0.1415 0.1405 0.1405 0.1415 0.1415 0.1415 0.141 0.141 0.1375 0.1375 0.1375 0.1375 0.1375 0.1385 0.1385 0.1395 0.1395 0.137 0.137 0.137 0.137 0.137 0.1405 0.1405 0.1415 0.1415 0.1415 0.1485 0.1485 0.1475 0.1475 0.1495 0.1495 0.149 0.149 0.149 0.157 0.157 0.1535 0.1535 0.1465 0.1465 0.1465 0.147 0.147 0.1485 0.1485 0.133 0.133 0.133 0.1345 0.1345 0.135 0.135 0.137 0.137 0.137 0.138 0.138 0.1445
0.1455 0.14 0.14 0.142 0.142 0.14 0.14 0.14 0.1405 0.1405 0.1385 0.1385 0.1365 0.1365 0.1425 0.1425 0.1425 0.1415 0.1415 0.1405 0.1405 0.1415 0.1415 0.1415 0.141 0.141 0.1375 0.1375 0.1375 0.1375 0.1375 0.1385 0.1385 0.1395 0.1395 0.137 0.137 0.137 0.137 0.137 0.1405 0.1405 0.1415 0.1415 0.1415 0.1485 0.1485 0.1475 0.1475 0.1495 0.1495 0.149 0.149 0.149 0.157 0.157 0.1535 0.1535 0.1465 0.1465 0.1465 0.147 0.147 0.1485 0.1485 0.133 0.133 0.133 0.1345 0.1345 0.135 0.135 0.137 0.137 0.137 0.138 0.138 0.1445
0.1405 0.1395 0.1395 0.1435 0.1435 0.1445 0.1445 0.1445 0.146 0.146 0.143 0.143 0.144 0.144 0.1415 0.1415 0.1415 0.148 0.148 0.145 0.145 0.141 0.141 0.141 0.142 0.142 0.1365 0.1365 0.1415 0.1415 0.1415 0.1335 0.1335 0.1395 0.1395 0.1355 0.1355 0.1355 0.1405 0.1405 0.143 0.143 0.136 0.136 0.136 0.1475 0.1475 0.1515 0.1515 0.145 0.145 0.1495 0.1495 0.1495 0.1335 0.1335 0.1335 0.1335 0.1355 0.1355 0.1355 0.153 0.153 0.143 0.143 0.139 0.139 0.139 0.135 0.135 0.1305 0.1305 0.1345 0.1345 0.1345 0.129 0.129 0.1315
0.1405 0.1395 0.1395 0.1435 0.1435 0.1445 0.1445 0.1445 0.146 0.146 0.143 0.143 0.144 0.144 0.1415 0.1415 0.1415 0.148 0.148 0.145 0.145 0.141 0.141 0.141 0.142 0.142 0.1365 0.1365 0.1415 0.1415 0.1415 0.1335 0.1335 0.1395 0.1395 0.1355 0.1355 0.1355 0.1405 0.1405 0.143 0.143 0.136 0.136 0.136 0.1475 0.1475 0.1515 0.1515 0.145 0.145 0.1495 0.1495 0.1495 0.1335 0.1335 0.1335 0.1335 0.1355 0.1355 0.1355 0.153 0.153 0.143 0.143 0.139 0.139 0.139 0.135 0.135 0.1305 0.1305 0.1345 0.1345 0.1345 0.129 0.129 0.1315
0.139 0.1475 0.1475 0.148 0.148 0.147 0.147 0.147 0.142 0.142 0.1415 0.1415 0.1515 0.1515 0.1505 0.1505 0.1505 0.1415 0.1415 0.1445 0.1445 0.143 0.143 0.143 0.1405 0.1405 0.141 0.141 0.1435 0.1435 0.1435 0.144 0.144 0.141 0.141 0.1375 0.1375 0.1375 0.14 0.14 0.1365 0.1365 0.1435 0.1435 0.1435 0.153 0.153 0.1475 0.1475 0.144 0.144 0.1385 0.1385 0.1385 0.1415 0.1415 0.143 0.143 0.1415 0.1415 0.1415 0.146 0.146 0.1465 0.1465 0.145 0.145 0.145 0.1525 0.1525 0.1455 0.1455 0.1285 0.1285 0.1285 0.133 0.133 0.1175
0.139 0.1475 0.1475 0.148 0.148 0.147 0.147 0.147 0.142 0.142 0.1415 0.1415 0.1515 0.1515 0.1505 0.1505 0.1505 0.1415 0.1415 0.1445 0.1445 0.143 0.143 0.143 0.1405 0.1405 0.141 0.141 0.1435 0.1435 0.1435 0.144 0.144 0.141 0.141 0.1375 0.1375 0.1375 0.14 0.14 0.1365 0.1365 0.1435 0.1435 0.1435 0.153 0.153 0.1475 0.1475 0.144 0.144 0.1385 0.1385 0.1385 0.1415 0.1415 0.143 0.143 0.1415 0.1415 0.1415 0.146 0.146 0.1465 0.1465 0.145 0.145 0.145 0.1525 0.1525 0.1455 0.1455 0.1285 0.1285 0.1285 0.133 0.133 0.1175
0.139 0.1475 0.1475 0.148 0.148 0.147 0.147 0.147 0.142 0.142 0.1415 0.1415 0.1515 0.1515 0.1505 0.1505 0.1505 0.1415 0.1415 0.1445 0.1445 0.143 0.143 0.143 0.1405 0.1405 0.141 0.141 0.1435 0.1435 0.1435 0.144 0.144 0.141 0.141 0.1375 0.1375 0.1375 0.14 0.14 0.1365 0.1365 0.1435 0.1435 0.1435 0.153 0.153 0.1475 0.1475 0.144 0.144 0.1385 0.1385 0.1385 0.1415 0.1415 0.143 0.143 0.1415 0.1415 0.1415 0.146 0.146 0.1465 0.1465 0.145 0.145 0.145 0.1525 0.1525 0.1455 0.1455 0.1285 0.1285 0.1285 0.133 0.133 0.1175
0.144 0.1495 0.1495 0.1405 0.1405 0.1415 0.1415 0.1415 0.149 0.149 0.151 0.151 0.149 0.149 0.145 0.145 0.145 0.1425 0.1425 0.148 0.148 0.1445 0.1445 0.1445 0.1435 0.1435 0.152 0.152 0.1635 0.1635 0.1635 0.1595 0.1595 0.1615 0.1615 0.1545 0.1545 0.1545 0.1455 0.1455 0.145 0.145 0.155 0.155 0.155 0.153 0.153 0.144 0.144 0.1375 0.1375 0.138 0.138 0.138 0.1525 0.1525 0.144 0.144 0.148 0.148 0.148 0.154 0.154 0.148 0.148 0.154 0.154 0.154 0.151 0.151 0.152 0.152 0.145 0.145 0.145 0.1265 0.1265 0.134
0.144 0.1495 0.1495 0.1405 0.1405 0.1415 0.1415 0.1415 0.149 0.149 0.151 0.151 0.149 0.149 0.145 0.145 0.145 0.1425 0.1425 0.148 0.148 0.1445 0.1445 0.1445 0.1435 0.1435 0.152 0.152 0.1635 0.1635 0.1635 0.1595 0.1595 0.1615 0.1615 0.1545 0.1545 0.1545 0.1455 0.1455 0.145 0.145 0.155 0.155 0.155 0.153 0.153 0.144 0.144 0.1375 0.1375 0.138 0.138 0.138 0.1525 0.1525 0.144 0.144 0.148 0.148 0.148 0.154 0.154 0.148 0.148 0.154 0.154 0.154 0.151 0.151 0.152 0.152 0.145 0.145 0.145 0.1265 0.1265 0.134
0.1445 0.1465 0.1465 0.1475 0.1475 0.159 0.159 0.159 0.164 0.164 0.1695 0.1695 0.146 0.146 0.1455 0.1455 0.1455 0.157 0.157 0.1605 0.1605 0.163 0.163 0.163 0.158 0.158 0.159 0.159 0.145 0.145 0.145 0.1425 0.1425 0.141 0.141 0.1505 0.1505 0.1505 0.1455 0.1455 0.1535 0.1535 0.1485 0.1485 0.1485 0.1475 0.1475 0.152 0.152 0.148 0.148 0.1415 0.1415 0.1415 0.138 0.138 0.139 0.139 0.1485 0.1485 0.1485 0.149 0.149 0.1455 0.1455 0.1525 0.1525 0.1525 0.1495 0.1495 0.148 0.148 0.1495 0.1495 0.1495 0.1365 0.1365 0.1375
0.1445 0.1465 0.1465 0.1475 0.1475 0.159 0.159 0.159 0.164 0.164 0.1695 0.1695 0.146 0.146 0.1455 0.1455 0.1455 0.157 0.157 0.1605 0.1605 0.163 0.163 0.163 0.158 0.158 0.159 0.159 0.145 0.145 0.145 0.1425 0.1425 0.141 0.141 0.1505 0.1505 0.1505 0.1455 0.1455 0.1535 0.1535 0.1485 0.1485 0.1485 0.1475 0.1475 0.152 0.152 0.148 0.148 0.1415 0.1415 0.1415 0.138 0.138 0.139 0.139 0.1485 0.1485 0.1485 0.149 0.149 0.1455 0.1455 0.1525 0.1525 0.1525 0.1495 0.1495 0.148 0.148 0.1495 0.1495 0.1495 0.1365 0.1365 0.1375
0.146 0.1555 0.1555 0.152 0.152 0.16 0.16 0.16 0.163 0.163 0.1615 0.1615 0.152 0.152 0.154 0.154 0.154 0.1665 0.1665 0.1705 0.1705 0.156 0.156 0.156 0.1595 0.1595 0.155 0.155 0.1395 0.1395 0.1395 0.153 0.153 0.157 0.157 0.153 0.153 0.153 0.1505 0.1505 0.1515 0.1515 0.149 0.149 0.149 0.145 0.145 0.1425 0.1425 0.152 0.152 0.1485 0.1485 0.1485 0.14 0.14 0.137 0.137 0.148 0.148 0.148 0.1545 0.1545 0.1615 0.1615 0.1505 0.1505 0.1505 0.1495 0.1495 0.1355 0.1355 0.1455 0.1455 0.1455 0.146 0.146 0.1415
0.146 0.1555 0.1555 0.152 0.152 0.16 0.16 0.16 0.163 0.163 0.1615 0.1615 0.152 0.152 0.154 0.154 0.154 0.1665 0.1665 0.1705 0.1705 0.156 0.156 0.156 0.1595 0.1595 0.155 0.155 0.1395 0.1395 0.1395 0.153 0.153 0.157 0.157 0.153 0.153 0.153 0.1505 0.1505 0.1515 0.1515 0.149 0.149 0.149 0.145 0.145 0.1425 0.1425 0.152 0.152 0.1485 0.1485 0.1485 0.14 0.14 0.137 0.137 0.148 0.148 0.148 0.1545 0.1545 0.1615 0.1615 0.1505 0.1505 0.1505 0.1495 0.1495 0.1355 0.1355 0.1455 0.1455 0.1455 0.146 0.146 0.1415
0.146 0.1555 0.1555 0.152 0.152 0.16 0.16 0.16 0.163 0.163 0.1615 0.1615 0.152 0.152 0.154 0.154 0.154 0.1665 0.1665 0.1705 0.1705 0.156 0.156 0.156 0.1595 0.1595 0.155 0.155 0.1395 0.1395 0.1395 0.153 0.153 0.157 0.157 0.153 0.153 0.153 0.1505 0.1505 0.1515 0.1515 0.149 0.149 0.149 0.145 0.145 0.1425 0.1425 0.152 0.152 0.1485 0.1485 0.1485 0.14 0.14 0.137 0.137 0.148 0.148 0.148 0.1545 0.1545 0.1615 0.1615 0.1505 0.1505 0.1505 0.1495 0.1495 0.1355 0.1355 0.1455 0.1455 0.1455 0.146 0.146 0.1415
0.157 0.1705 0.1705 0.1585 0.1585 0.167 0.167 0.167 0.1645 0.1645 0.1715 0.1715 0.164 0.164 0.1775 0.1775 0.1775 0.1585 0.1585 0.1625 0.1625 0.1625 0.1625 0.1625 0.1645 0.1645 0.163 0.163 0.1615 0.1615 0.1615 0.1475 0.1475 0.168 0.168 0.159 0.159 0.159 0.147 0.147 0.166 0.166 0.149 0.149 0.149 0.1415 0.1415 0.144 0.144 0.159 0.159 0.1505 0.1505 0.1505 0.1565 0.1565 0.143 0.143 0.15 0.15 0.15 0.1565 0.1565 0.1545 0.1545 0.1475 0.1475 0.1475 0.1405 0.1405 0.142 0.142 0.1465 0.1465 0.1465 0.146 0.146 0.1315
0.157 0.1705 0.1705 0.1585 0.1585 0.167 0.167 0.167 0.1645 0.1645 0.1715 0.1715 0.164 0.164 0.1775 0.1775 0.1775 0.1585 0.1585 0.1625 0.1625 0.1625 0.1625 0.1625 0.1645 0.1645 0.163 0.163 0.1615 0.1615 0.1615 0.1475 0.1475 0.168 0.168 0.159 0.159 0.159 0.147 0.147 0.166 0.166 0.149 0.149 0.149 0.1415 0.1415 0.144 0.144 0.159 0.159 0.1505 0.1505 0.1505 0.1565 0.1565 0.143 0.143 0.15 0.15 0.15 0.1565 0.1565 0.1545 0.1545 0.1475 0.1475 0.1475 0.1405 0.1405 0.142 0.142 0.1465 0.1465 0.1465 0.146 0.146 0.1315
0.164 0.1805 0.1805 0.1575 0.1575 0.157 0.157 0.157 0.172 0.172 0.1765 0.1765 0.1775 0.1775 0.1885 0.1885 0.1885 0.179 0.179 0.159 0.159 0.152 0.152 0.152 0.1545 0.1545 0.171 0.171 0.17 0.17 0.17 0.164 0.164 0.1505 0.1505 0.1515 0.1515 0.1515 0.1675 0.1675 0.1475 0.1475 0.15 0.15 0.15 0.146 0.146 0.156 0.156 0.1645 0.1645 0.1595 0.1595 0.1595 0.159 0.159 0.1595 0.1595 0.165 0.165 0.165 0.1585 0.1585 0.154 0.154 0.1435 0.1435 0.1435 0.1495 0.1495 0.144 0.144 0.142 0.142 0.142 0.165 0.165 0.135
0.164 0.1805 0.1805 0.1575 0.1575 0.157 0.157 0.157 0.172 0.172 0.1765 0.1765 0.1775 0.1775 0.1885 0.1885 0.1885 0.179 0.179 0.159 0.159 0.152 0.152 0.152 0.1545 0.1545 0.171 0.171 0.17 0.17 0.17 0.164 0.164 0.1505 0.1505 0.1515 0.1515 0.1515 0.1675 0.1675 0.1475 0.1475 0.15 0.15 0.15 0.146 0.146 0.156 0.156 0.1645 0.1645 0.1595 0.1595 0.1595 0.159 0.159 0.1595 0.1595 0.165 0.165 0.165 0.1585 0.1585 0.154 0.154 0.1435 0.1435 0.1435 0.1495 0.1495 0.144 0.144 0.142 0.142 0.142 0.165 0.165 0.135
0.1785 0.1725 0.1725 0.168 0.168 0.1645 0.1645 0.1645 0.157 0.157 0.164 0.164 0.188 0.188 0.178 0.178 0.178 0.1715 0.1715 0.1735 0.1735 0.1765 0.1765 0.1765 0.1705 0.1705 0.165 0.165 0.161 0.161 0.161 0.1625 0.1625 0.1595 0.1595 0.1565 0.1565 0.1565 0.1525 0.1525 0.153 0.153 0.1855 0.1855 0.1855 0.179 0.179 0.173 0.173 0.175 0.175 0.161 0.161 0.161 0.165 0.165 0.163 0.163 0.1565 0.1565 0.1565 0.16 0.16 0.1615 0.1615 0.1595 0.1595 0.1595 0.1535 0.1535 0.149 0.149 0.138 0.138 0.138 0.1485 0.1485 0.1385
0.1785 0.1725 0.1725 0.168 0.168 0.1645 0.1645 0.1645 0.157 0.157 0.164 0.164 0.188 0.188 0.178 0.178 0.178 0.1715 0.1715 0.1735 0.1735 0.1765 0.1765 0.1765 0.1705 0.1705 0.165 0.165 0.161 0.161 0.161 0.1625 0.1625 0.1595 0.1595 0.1565 0.1565 0.1565 0.1525 0.1525 0.153 0.153 0.1855 0.1855 0.1855 0.179 0.179 0.173 0.173 0.175 0.175 0.161 0.161 0.161 0.165 0.165 0.163 0.163 0.1565 0.1565 0.1565 0.16 0.16 0.1615 0.1615 0.1595 0.1595 0.1595 0.1535 0.1535 0.149 0.149 0.138 0.138 0.138 0.1485 0.1485 0.1385
