ndvi/NOAA-130.asc
ncols         252
nrows         154
xllcorner     -18.017974
yllcorner     13.481982
cellsize      0.035948
NODATA_value  -9999
[rows 34 to 67 of 154, columns 77 to 153 of 252]
0.125 0.125 0.1285 0.1285 0.124 0.124 0.1235 0.1235 0.1235 0.1215 0.1215 0.1325 0.1325 0.1295 0.1295 0.139 0.139 0.139 0.139 0.139 0.1415 0.1415 0.137 0.137 0.137 0.145 0.145 0.1395 0.1395 0.1365 0.1365 0.1365 0.136 0.136 0.1345 0.1345 0.127 0.127 0.127 0.1355 0.1355 0.1275 0.1275 0.143 0.143 0.143 0.138 0.138 0.133 0.133 0.128 0.128 0.1355 0.1355 0.1355 0.128 0.128 0.138 0.138 0.14 0.14 0.14 0.143 0.143 0.142 0.142 0.1535 0.1535 0.1535 0.141 0.141 0.124 0.124 0.0955 0.0955 0.0955 0.117
0.125 0.125 0.1285 0.1285 0.124 0.124 0.1235 0.1235 0.1235 0.1215 0.1215 0.1325 0.1325 0.1295 0.1295 0.139 0.139 0.139 0.139 0.139 0.1415 0.1415 0.137 0.137 0.137 0.145 0.145 0.1395 0.1395 0.1365 0.1365 0.1365 0.136 0.136 0.1345 0.1345 0.127 0.127 0.127 0.1355 0.1355 0.1275 0.1275 0.143 0.143 0.143 0.138 0.138 0.133 0.133 0.128 0.128 0.1355 0.1355 0.1355 0.128 0.128 0.138 0.138 0.14 0.14 0.14 0.143 0.143 0.142 0.142 0.1535 0.1535 0.1535 0.141 0.141 0.124 0.124 0.0955 0.0955 0.0955 0.117
0.125 0.125 0.1285 0.1285 0.124 0.124 0.1235 0.1235 0.1235 0.1215 0.1215 0.1325 0.1325 0.1295 0.1295 0.139 0.139 0.139 0.139 0.139 0.1415 0.1415 0.137 0.137 0.137 0.145 0.145 0.1395 0.1395 0.1365 0.1365 0.1365 0.136 0.136 0.1345 0.1345 0.127 0.127 0.127 0.1355 0.1355 0.1275 0.1275 0.143 0.143 0.143 0.138 0.138 0.133 0.133 0.128 0.128 0.1355 0.1355 0.1355 0.128 0.128 0.138 0.138 0.14 0.14 0.14 0.143 0.143 0.142 0.142 0.1535 0.1535 0.1535 0.141 0.141 0.124 0.124 0.0955 0.0955 0.0955 0.117
0.14 0.14 0.134 0.134 0.1375 0.1375 0.137 0.137 0.137 0.1305 0.1305 0.1365 0.1365 0.1395 0.1395 0.133 0.133 0.133 0.146 0.146 0.145 0.145 0.141 0.141 0.141 0.1485 0.1485 0.1475 0.1475 0.135 0.135 0.135 0.1355 0.1355 0.1375 0.1375 0.137 0.137 0.137 0.1395 0.1395 0.128 0.128 0.147 0.147 0.147 0.1455 0.1455 0.1405 0.1405 0.145 0.145 0.136 0.136 0.136 0.1485 0.1485 0.165 0.165 0.159 0.159 0.159 0.161 0.161 0.1545 0.1545 0.153 0.153 0.153 0.135 0.135 0.112 0.112 0.098 0.098 0.098 0.122
0.14 0.14 0.134 0.134 0.1375 0.1375 0.137 0.137 0.137 0.1305 0.1305 0.1365 0.1365 0.1395 0.1395 0.133 0.133 0.133 0.146 0.146 0.145 0.145 0.141 0.141 0.141 0.1485 0.1485 0.1475 0.1475 0.135 0.135 0.135 0.1355 0.1355 0.1375 0.1375 0.137 0.137 0.137 0.1395 0.1395 0.128 0.128 0.147 0.147 0.147 0.1455 0.1455 0.1405 0.1405 0.145 0.145 0.136 0.136 0.136 0.1485 0.1485 0.165 0.165 0.159 0.159 0.159 0.161 0.161 0.1545 0.1545 0.153 0.153 0.153 0.135 0.135 0.112 0.112 0.098 0.098 0.098 0.122
0.1445 0.1445 0.134 0.134 0.1365 0.1365 0.136 0.136 0.136 0.1365 0.1365 0.137 0.137 0.1435 0.1435 0.146 0.146 0.146 0.1545 0.1545 0.151 0.151 0.146 0.146 0.146 0.147 0.147 0.154 0.154 0.1555 0.1555 0.1555 0.1445 0.1445 0.148 0.148 0.1515 0.1515 0.1515 0.147 0.147 0.1425 0.1425 0.1645 0.1645 0.1645 0.1695 0.1695 0.1675 0.1675 0.1645 0.1645 0.2 0.2 0.2 0.1635 0.1635 0.172 0.172 0.1755 0.1755 0.1755 0.1475 0.1475 0.1395 0.1395 0.1395 0.1395 0.1395 0.1475 0.1475 0.1055 0.1055 0.104 0.104 0.104 0.109
0.1445 0.1445 0.134 0.134 0.1365 0.1365 0.136 0.136 0.136 0.1365 0.1365 0.137 0.137 0.1435 0.1435 0.146 0.146 0.146 0.1545 0.1545 0.151 0.151 0.146 0.146 0.146 0.147 0.147 0.154 0.154 0.1555 0.1555 0.1555 0.1445 0.1445 0.148 0.148 0.1515 0.1515 0.1515 0.147 0.147 0.1425 0.1425 0.1645 0.1645 0.1645 0.1695 0.1695 0.1675 0.1675 0.1645 0.1645 0.2 0.2 0.2 0.1635 0.1635 0.172 0.172 0.1755 0.1755 0.1755 0.1475 0.1475 0.1395 0.1395 0.1395 0.1395 0.1395 0.1475 0.1475 0.1055 0.1055 0.104 0.104 0.104 0.109
0.1515 0.1515 0.1445 0.1445 0.1415 0.1415 0.136 0.136 0.136 0.137 0.137 0.1465 0.1465 0.1525 0.1525 0.1535 0.1535 0.1535 0.1555 0.1555 0.15 0.15 0.1535 0.1535 0.1535 0.146 0.146 0.152 0.152 0.162 0.162 0.162 0.1515 0.1515 0.147 0.147 0.1445 0.1445 0.1445 0.146 0.146 0.166 0.166 0.1685 0.1685 0.1685 0.163 0.163 0.167 0.167 0.181 0.181 0.202 0.202 0.202 0.1695 0.1695 0.1675 0.1675 0.161 0.161 0.161 0.1485 0.1485 0.147 0.147 0.1115 0.1115 0.1115 0.1355 0.1355 0.1285 0.1285 0.0925 0.0925 0.0925 0.1115
0.1515 0.1515 0.1445 0.1445 0.1415 0.1415 0.136 0.136 0.136 0.137 0.137 0.1465 0.1465 0.1525 0.1525 0.1535 0.1535 0.1535 0.1555 0.1555 0.15 0.15 0.1535 0.1535 0.1535 0.146 0.146 0.152 0.152 0.162 0.162 0.162 0.1515 0.1515 0.147 0.147 0.1445 0.1445 0.1445 0.146 0.146 0.166 0.166 0.1685 0.1685 0.1685 0.163 0.163 0.167 0.167 0.181 0.181 0.202 0.202 0.202 0.1695 0.1695 0.1675 0.1675 0.161 0.161 0.161 0.1485 0.1485 0.147 0.147 0.1115 0.1115 0.1115 0.1355 0.1355 0.1285 0.1285 0.0925 0.0925 0.0925 0.1115
0.1515 0.1515 0.1445 0.1445 0.1415 0.1415 0.136 0.136 0.136 0.137 0.137 0.1465 0.1465 0.1525 0.1525 0.1535 0.1535 0.1535 0.1555 0.1555 0.15 0.15 0.1535 0.1535 0.1535 0.146 0.146 0.152 0.152 0.162 0.162 0.162 0.1515 0.1515 0.147 0.147 0.1445 0.1445 0.1445 0.146 0.146 0.166 0.166 0.1685 0.1685 0.1685 0.163 0.163 0.167 0.167 0.181 0.181 0.202 0.202 0.202 0.1695 0.1695 0.1675 0.1675 0.161 0.161 0.161 0.1485 0.1485 0.147 0.147 0.1115 0.1115 0.1115 0.1355 0.1355 0.1285 0.1285 0.0925 0.0925 0.0925 0.1115
0.16 0.16 0.154 0.154 0.1475 0.1475 0.1625 0.1625 0.1625 0.1585 0.1585 0.1485 0.1485 0.156 0.156 0.1695 0.1695 0.1695 0.1715 0.1715 0.1345 0.1345 0.139 0.139 0.139 0.151 0.151 0.1565 0.1565 0.1575 0.1575 0.1575 0.167 0.167 0.1625 0.1625 0.1745 0.1745 0.1745 0.175 0.175 0.1615 0.1615 0.1535 0.1535 0.1535 0.139 0.139 0.1225 0.1225 0.1345 0.1345 0.1625 0.1625 0.1625 0.1475 0.1475 0.1525 0.1525 0.1335 0.1335 0.1335 0.137 0.137 0.122 0.122 0.113 0.113 0.113 0.12 0.12 0.1075 0.1075 0.1 0.1 0.1 0.094
0.16 0.16 0.154 0.154 0.1475 0.1475 0.1625 0.1625 0.1625 0.1585 0.1585 0.1485 0.1485 0.156 0.156 0.1695 0.1695 0.1695 0.1715 0.1715 0.1345 0.1345 0.139 0.139 0.139 0.151 0.151 0.1565 0.1565 0.1575 0.1575 0.1575 0.167 0.167 0.1625 0.1625 0.1745 0.1745 0.1745 0.175 0.175 0.1615 0.1615 0.1535 0.1535 0.1535 0.139 0.139 0.1225 0.1225 0.1345 0.1345 0.1625 0.1625 0.1625 0.1475 0.1475 0.1525 0.1525 0.1335 0.1335 0.1335 0.137 0.137 0.122 0.122 0.113 0.113 0.113 0.12 0.12 0.1075 0.1075 0.1 0.1 0.1 0.094
0.159 0.159 0.159 0.159 0.1685 0.1685 0.1785 0.1785 0.1785 0.1705 0.1705 0.1695 0.1695 0.168 0.168 0.165 0.165 0.165 0.17 0.17 0.159 0.159 0.1475 0.1475 0.1475 0.1425 0.1425 0.1525 0.1525 0.1745 0.1745 0.1745 0.2045 0.2045 0.214 0.214 0.1555 0.1555 0.1555 0.124 0.124 0.151 0.151 0.1455 0.1455 0.1455 0.149 0.149 0.184 0.184 0.187 0.187 0.1675 0.1675 0.1675 0.1515 0.1515 0.1575 0.1575 0.1575 0.1575 0.1575 0.154 0.154 0.1335 0.1335 0.1345 0.1345 0.1345 0.1335 0.1335 0.1315 0.1315 0.1105 0.1105 0.1105 0.13
0.159 0.159 0.159 0.159 0.1685 0.1685 0.1785 0.1785 0.1785 0.1705 0.1705 0.1695 0.1695 0.168 0.168 0.165 0.165 0.165 0.17 0.17 0.159 0.159 0.1475 0.1475 0.1475 0.1425 0.1425 0.1525 0.1525 0.1745 0.1745 0.1745 0.2045 0.2045 0.214 0.214 0.1555 0.1555 0.1555 0.124 0.124 0.151 0.151 0.1455 0.1455 0.1455 0.149 0.149 0.184 0.184 0.187 0.187 0.1675 0.1675 0.1675 0.1515 0.1515 0.1575 0.1575 0.1575 0.1575 0.1575 0.154 0.154 0.1335 0.1335 0.1345 0.1345 0.1345 0.1335 0.1335 0.1315 0.1315 0.1105 0.1105 0.1105 0.13
0.182 0.182 0.1755 0.1755 0.192 0.192 0.1705 0.1705 0.1705 0.16 0.16 0.1585 0.1585 0.1745 0.1745 0.1975 0.1975 0.1975 0.2125 0.2125 0.206 0.206 0.1735 0.1735 0.1735 0.178 0.178 0.201 0.201 0.196 0.196 0.196 0.2755 0.2755 0.284 0.284 0.1535 0.1535 0.1535 0.1505 0.1505 0.1435 0.1435 0.165 0.165 0.165 0.182 0.182 0.1725 0.1725 0.156 0.156 0.1615 0.1615 0.1615 0.1505 0.1505 0.155 0.155 0.151 0.151 0.151 0.155 0.155 0.147 0.147 0.146 0.146 0.146 0.1515 0.1515 0.1655 0.1655 0.1255 0.1255 0.1255 0.1205
0.182 0.182 0.1755 0.1755 0.192 0.192 0.1705 0.1705 0.1705 0.16 0.16 0.1585 0.1585 0.1745 0.1745 0.1975 0.1975 0.1975 0.2125 0.2125 0.206 0.206 0.1735 0.1735 0.1735 0.178 0.178 0.201 0.201 0.196 0.196 0.196 0.2755 0.2755 0.284 0.284 0.1535 0.1535 0.1535 0.1505 0.1505 0.1435 0.1435 0.165 0.165 0.165 0.182 0.182 0.1725 0.1725 0.156 0.156 0.1615 0.1615 0.1615 0.1505 0.1505 0.155 0.155 0.151 0.151 0.151 0.155 0.155 0.147 0.147 0.146 0.146 0.146 0.1515 0.1515 0.1655 0.1655 0.1255 0.1255 0.1255 0.1205
0.182 0.182 0.1755 0.1755 0.192 0.192 0.1705 0.1705 0.1705 0.16 0.16 0.1585 0.1585 0.1745 0.1745 0.1975 0.1975 0.1975 0.2125 0.2125 0.206 0.206 0.1735 0.1735 0.1735 0.178 0.178 0.201 0.201 0.196 0.196 0.196 0.2755 0.2755 0.284 0.284 0.1535 0.1535 0.1535 0.1505 0.1505 0.1435 0.1435 0.165 0.165 0.165 0.182 0.182 0.1725 0.1725 0.156 0.156 0.1615 0.1615 0.1615 0.1505 0.1505 0.155 0.155 0.151 0.151 0.151 0.155 0.155 0.147 0.147 0.146 0.146 0.146 0.1515 0.1515 0.1655 0.1655 0.1255 0.1255 0.1255 0.1205
0.1935 0.1935 0.193 0.193 0.205 0.205 0.2075 0.2075 0.2075 0.204 0.204 0.1955 0.1955 0.203 0.203 0.2375 0.2375 0.2375 0.2275 0.2275 0.209 0.209 0.1875 0.1875 0.1875 0.1815 0.1815 0.184 0.184 0.179 0.179 0.179 0.198 0.198 0.2365 0.2365 0.177 0.177 0.177 0.135 0.135 0.1295 0.1295 0.1335 0.1335 0.1335 0.1485 0.1485 0.118 0.118 0.1605 0.1605 0.1565 0.1565 0.1565 0.157 0.157 0.1495 0.1495 0.1595 0.1595 0.1595 0.185 0.185 0.1845 0.1845 0.1755 0.1755 0.1755 0.183 0.183 0.183 0.183 0.152 0.152 0.152 0.0985
0.1935 0.1935 0.193 0.193 0.205 0.205 0.2075 0.2075 0.2075 0.204 0.204 0.1955 0.1955 0.203 0.203 0.2375 0.2375 0.2375 0.2275 0.2275 0.209 0.209 0.1875 0.1875 0.1875 0.1815 0.1815 0.184 0.184 0.179 0.179 0.179 0.198 0.198 0.2365 0.2365 0.177 0.177 0.177 0.135 0.135 0.1295 0.1295 0.1335 0.1335 0.1335 0.1485 0.1485 0.118 0.118 0.1605 0.1605 0.1565 0.1565 0.1565 0.157 0.157 0.1495 0.1495 0.1595 0.1595 0.1595 0.185 0.185 0.1845 0.1845 0.1755 0.1755 0.1755 0.183 0.183 0.183 0.183 0.152 0.152 0.152 0.0985
0.19 0.19 0.2105 0.2105 0.208 0.208 0.202 0.202 0.202 0.2095 0.2095 0.2125 0.2125 0.2105 0.2105 0.2495 0.2495 0.2495 0.2285 0.2285 0.208 0.208 0.1855 0.1855 0.1855 0.1795 0.1795 0.171 0.171 0.169 0.169 0.169 0.1625 0.1625 0.2035 0.2035 0.18 0.18 0.18 0.165 0.165 0.1205 0.1205 0.1385 0.1385 0.1385 0.128 0.128 0.129 0.129 0.1795 0.1795 0.1705 0.1705 0.1705 0.1855 0.1855 0.1915 0.1915 0.2045 0.2045 0.2045 0.214 0.214 0.205 0.205 0.177 0.177 0.177 0.168 0.168 0.176 0.176 0.1555 0.1555 0.1555 0.083
0.19 0.19 0.2105 0.2105 0.208 0.208 0.202 0.202 0.202 0.2095 0.2095 0.2125 0.2125 0.2105 0.2105 0.2495 0.2495 0.2495 0.2285 0.2285 0.208 0.208 0.1855 0.1855 0.1855 0.1795 0.1795 0.171 0.171 0.169 0.169 0.169 0.1625 0.1625 0.2035 0.2035 0.18 0.18 0.18 0.165 0.165 0.1205 0.1205 0.1385 0.1385 0.1385 0.128 0.128 0.129 0.129 0.1795 0.1795 0.1705 0.1705 0.1705 0.1855 0.1855 0.1915 0.1915 0.2045 0.2045 0.2045 0.214 0.214 0.205 0.205 0.177 0.177 0.177 0.168 0.168 0.176 0.176 0.1555 0.1555 0.1555 0.083
0.26 0.26 0.243 0.243 0.2415 0.2415 0.231 0.231 0.231 0.2415 0.2415 0.2405 0.2405 0.224 0.224 0.2355 0.2355 0.2355 0.2295 0.2295 0.188 0.188 0.1855 0.1855 0.1855 0.172 0.172 0.178 0.178 0.1635 0.1635 0.1635 0.1585 0.1585 0.1745 0.1745 0.1755 0.1755 0.1755 0.1715 0.1715 0.1305 0.1305 0.14 0.14 0.14 0.123 0.123 0.146 0.146 0.1705 0.1705 0.181 0.181 0.181 0.209 0.209 0.2005 0.2005 0.2155 0.2155 0.2155 0.2115 0.2115 0.2105 0.2105 0.174 0.174 0.174 0.16 0.16 0.152 0.152 0.1465 0.1465 0.1465 0.1045
0.26 0.26 0.243 0.243 0.2415 0.2415 0.231 0.231 0.231 0.2415 0.2415 0.2405 0.2405 0.224 0.224 0.2355 0.2355 0.2355 0.2295 0.2295 0.188 0.188 0.1855 0.1855 0.1855 0.172 0.172 0.178 0.178 0.1635 0.1635 0.1635 0.1585 0.1585 0.1745 0.1745 0.1755 0.1755 0.1755 0.1715 0.1715 0.1305 0.1305 0.14 0.14 0.14 0.123 0.123 0.146 0.146 0.1705 0.1705 0.181 0.181 0.181 0.209 0.209 0.2005 0.2005 0.2155 0.2155 0.2155 0.2115 0.2115 0.2105 0.2105 0.174 0.174 0.174 0.16 0.16 0.152 0.152 0.1465 0.1465 0.1465 0.1045
0.2415 0.2415 0.258 0.258 0.2515 0.2515 0.2365 0.2365 0.2365 0.25 0.25 0.2715 0.2715 0.259 0.259 0.2505 0.2505 0.2505 0.2195 0.2195 0.1925 0.1925 0.1895 0.1895 0.1895 0.1855 0.1855 0.1845 0.1845 0.193 0.193 0.193 0.1745 0.1745 0.174 0.174 0.178 0.178 0.178 0.163 0.163 0.1465 0.1465 0.159 0.159 0.159 0.145 0.145 0.123 0.123 0.1335 0.1335 0.1715 0.1715 0.1715 0.2005 0.2005 0.2055 0.2055 0.2225 0.2225 0.2225 0.228 0.228 0.218 0.218 0.188 0.188 0.188 0.147 0.147 0.1605 0.1605 0.1385 0.1385 0.1385 0.101
0.2415 0.2415 0.258 0.258 0.2515 0.2515 0.2365 0.2365 0.2365 0.25 0.25 0.2715 0.2715 0.259 0.259 0.2505 0.2505 0.2505 0.2195 0.2195 0.1925 0.1925 0.1895 0.1895 0.1895 0.1855 0.1855 0.1845 0.1845 0.193 0.193 0.193 0.1745 0.1745 0.174 0.174 0.178 0.178 0.178 0.163 0.163 0.1465 0.1465 0.159 0.159 0.159 0.145 0.145 0.123 0.123 0.1335 0.1335 0.1715 0.1715 0.1715 0.2005 0.2005 0.2055 0.2055 0.2225 0.2225 0.2225 0.228 0.228 0.218 0.218 0.188 0.188 0.188 0.147 0.147 0.1605 0.1605 0.1385 0.1385 0.1385 0.101
0.2415 0.2415 0.258 0.258 0.2515 0.2515 0.2365 0.2365 0.2365 0.25 0.25 0.2715 0.2715 0.259 0.259 0.2505 0.2505 0.2505 0.2195 0.2195 0.1925 0.1925 0.1895 0.1895 0.1895 0.1855 0.1855 0.1845 0.1845 0.193 0.193 0.193 0.1745 0.1745 0.174 0.174 0.178 0.178 0.178 0.163 0.163 0.1465 0.1465 0.159 0.159 0.159 0.145 0.145 0.123 0.123 0.1335 0.1335 0.1715 0.1715 0.1715 0.2005 0.2005 0.2055 0.2055 0.2225 0.2225 0.2225 0.228 0.228 0.218 0.218 0.188 0.188 0.188 0.147 0.147 0.1605 0.1605 0.1385 0.1385 0.1385 0.101
0.258 0.258 0.2395 0.2395 0.2515 0.2515 0.252 0.252 0.252 0.2575 0.2575 0.2285 0.2285 0.2275 0.2275 0.205 0.205 0.205 0.139 0.139 0.19 0.19 0.23 0.23 0.23 0.219 0.219 0.2095 0.2095 0.2055 0.2055 0.2055 0.2165 0.2165 0.213 0.213 0.2015 0.2015 0.2015 0.169 0.169 0.14 0.14 0.172 0.172 0.172 0.165 0.165 0.124 0.124 0.102 0.102 0.097 0.097 0.097 0.125 0.125 0.186 0.186 0.2335 0.2335 0.2335 0.233 0.233 0.2185 0.2185 0.227 0.227 0.227 0.1965 0.1965 0.1995 0.1995 0.1385 0.1385 0.1385 0.1135
0.258 0.258 0.2395 0.2395 0.2515 0.2515 0.252 0.252 0.252 0.2575 0.2575 0.2285 0.2285 0.2275 0.2275 0.205 0.205 0.205 0.139 0.139 0.19 0.19 0.23 0.23 0.23 0.219 0.219 0.2095 0.2095 0.2055 0.2055 0.2055 0.2165 0.2165 0.213 0.213 0.2015 0.2015 0.2015 0.169 0.169 0.14 0.14 0.172 0.172 0.172 0.165 0.165 0.124 0.124 0.102 0.102 0.097 0.097 0.097 0.125 0.125 0.186 0.186 0.2335 0.2335 0.2335 0.233 0.233 0.2185 0.2185 0.227 0.227 0.227 0.1965 0.1965 0.1995 0.1995 0.1385 0.1385 0.1385 0.1135
0.2735 0.2735 0.2425 0.2425 0.275 0.275 0.273 0.273 0.273 0.2705 0.2705 0.2445 0.2445 0.205 0.205 0.1565 0.1565 0.1565 0.1395 0.1395 0.1515 0.1515 0.197 0.197 0.197 0.2165 0.2165 0.215 0.215 0.2215 0.2215 0.2215 0.211 0.211 0.2055 0.2055 0.201 0.201 0.201 0.1655 0.1655 0.147 0.147 0.163 0.163 0.163 0.14 0.14 0.122 0.122 0.104 0.104 0.1135 0.1135 0.1135 0.133 0.133 0.206 0.206 0.2335 0.2335 0.2335 0.226 0.226 0.2195 0.2195 0.2155 0.2155 0.2155 0.219 0.219 0.202 0.202 0.1575 0.1575 0.1575 0.134
0.2735 0.2735 0.2425 0.2425 0.275 0.275 0.273 0.273 0.273 0.2705 0.2705 0.2445 0.2445 0.205 0.205 0.1565 0.1565 0.1565 0.1395 0.1395 0.1515 0.1515 0.197 0.197 0.197 0.2165 0.2165 0.215 0.215 0.2215 0.2215 0.2215 0.211 0.211 0.2055 0.2055 0.201 0.201 0.201 0.1655 0.1655 0.147 0.147 0.163 0.163 0.163 0.14 0.14 0.122 0.122 0.104 0.104 0.1135 0.1135 0.1135 0.133 0.133 0.206 0.206 0.2335 0.2335 0.2335 0.226 0.226 0.2195 0.2195 0.2155 0.2155 0.2155 0.219 0.219 0.202 0.202 0.1575 0.1575 0.1575 0.134
0.2755 0.2755 0.2565 0.2565 0.277 0.277 0.394 0.394 0.394 0.2965 0.2965 0.253 0.253 0.2005 0.2005 0.197 0.197 0.197 0.1845 0.1845 0.2275 0.2275 0.189 0.189 0.189 0.183 0.183 0.2365 0.2365 0.2055 0.2055 0.2055 0.2015 0.2015 0.2045 0.2045 0.219 0.219 0.219 0.222 0.222 0.1825 0.1825 0.1245 0.1245 0.1245 0.1645 0.1645 0.1255 0.1255 0.116 0.116 0.1565 0.1565 0.1565 0.167 0.167 0.1775 0.1775 0.2195 0.2195 0.2195 0.2165 0.2165 0.213 0.213 0.211 0.211 0.211 0.2295 0.2295 0.199 0.199 0.141 0.141 0.141 0.1475
0.2755 0.2755 0.2565 0.2565 0.277 0.277 0.394 0.394 0.394 0.2965 0.2965 0.253 0.253 0.2005 0.2005 0.197 0.197 0.197 0.1845 0.1845 0.2275 0.2275 0.189 0.189 0.189 0.183 0.183 0.2365 0.2365 0.2055 0.2055 0.2055 0.2015 0.2015 0.2045 0.2045 0.219 0.219 0.219 0.222 0.222 0.1825 0.1825 0.1245 0.1245 0.1245 0.1645 0.1645 0.1255 0.1255 0.116 0.116 0.1565 0.1565 0.1565 0.167 0.167 0.1775 0.1775 0.2195 0.2195 0.2195 0.2165 0.2165 0.213 0.213 0.211 0.211 0.211 0.2295 0.2295 0.199 0.199 0.141 0.141 0.141 0.1475
0.2755 0.2755 0.2565 0.2565 0.277 0.277 0.394 0.394 0.394 0.2965 0.2965 0.253 0.253 0.2005 0.2005 0.197 0.197 0.197 0.1845 0.1845 0.2275 0.2275 0.189 0.189 0.189 0.183 0.183 0.2365 0.2365 0.2055 0.2055 0.2055 0.2015 0.2015 0.2045 0.2045 0.219 0.219 0.219 0.222 0.222 0.1825 0.1825 0.1245 0.1245 0.1245 0.1645 0.1645 0.1255 0.1255 0.116 0.116 0.1565 0.1565 0.1565 0.167 0.167 0.1775 0.1775 0.2195 0.2195 0.2195 0.2165 0.2165 0.213 0.213 0.211 0.211 0.211 0.2295 0.2295 0.199 0.199 0.141 0.141 0.141 0.1475
0.238 0.238 0.2505 0.2505 0.218 0.218 0.219 0.219 0.219 0.232 0.232 0.2235 0.2235 0.2125 0.2125 0.196 0.196 0.196 0.1945 0.1945 0.305 0.305 0.21 0.21 0.21 0.22 0.22 0.2235 0.2235 0.224 0.224 0.224 0.2185 0.2185 0.222 0.222 0.206 0.206 0.206 0.2075 0.2075 0.201 0.201 0.1535 0.1535 0.1535 0.127 0.127 0.173 0.173 0.152 0.152 0.1775 0.1775 0.1775 0.1875 0.1875 0.166 0.166 0.2095 0.2095 0.2095 0.2125 0.2125 0.218 0.218 0.2135 0.2135 0.2135 0.2195 0.2195 0.1925 0.1925 0.1765 0.1765 0.1765 0.149
