ndvi/NOAA-34.asc
ncols         252
nrows         154
xllcorner     -18.017974
yllcorner     13.481982
cellsize      0.035948
NODATA_value  -9999
[rows 102 to 135 of 154, columns 0 to 76 of 252]
-1 -1 -1 -1 -1 -1 -1 -1 -1 -1 -1 -1 -1 -1 -1 -1 -1 -1 -1 -1 -1 -1 -1 -1 -1 0.0097 0.0097 0.0097 0.089 0.089 0.3355 0.3355 0.374 0.374 0.374 0.353 0.353 0.3335 0.3335 0.35 0.35 0.35 0.342 0.342 0.2855 0.2855 0.318 0.318 0.318 0.3125 0.3125 0.294 0.294 0.3335 0.3335 0.376 0.376 0.376 0.3005 0.3005 0.296 0.296 0.296 0.296 0.296 0.2945 0.2945 0.277 0.277 0.2565 0.2565 0.2565 0.2395 0.2395 0.224 0.224 0.2615
-1 -1 -1 -1 -1 -1 -1 -1 -1 -1 -1 -1 -1 -1 -1 -1 -1 -1 -1 -1 -1 -1 -1 0.0306 0.0306 0.231 0.231 0.231 0.3765 0.3765 0.3745 0.3745 0.3605 0.3605 0.3605 0.3275 0.3275 0.343 0.343 0.385 0.385 0.385 0.2735 0.2735 0.2805 0.2805 0.2825 0.2825 0.2825 0.329 0.329 0.329 0.329 0.334 0.334 0.3255 0.3255 0.3255 0.306 0.306 0.309 0.309 0.309 0.309 0.309 0.3685 0.3685 0.3505 0.3505 0.3385 0.3385 0.3385 0.2555 0.2555 0.2525 0.2525 0.246
-1 -1 -1 -1 -1 -1 -1 -1 -1 -1 -1 -1 -1 -1 -1 -1 -1 -1 -1 -1 -1 -1 -1 0.0306 0.0306 0.231 0.231 0.231 0.3765 0.3765 0.3745 0.3745 0.3605 0.3605 0.3605 0.3275 0.3275 0.343 0.343 0.385 0.385 0.385 0.2735 0.2735 0.2805 0.2805 0.2825 0.2825 0.2825 0.329 0.329 0.329 0.329 0.334 0.334 0.3255 0.3255 0.3255 0.306 0.306 0.309 0.309 0.309 0.309 0.309 0.3685 0.3685 0.3505 0.3505 0.3385 0.3385 0.3385 0.2555 0.2555 0.2525 0.2525 0.246
-1 -1 -1 -1 -1 -1 -1 -1 -1 -1 -1 -1 -1 -1 -1 -1 -1 -1 -1 -1 -1 -1 -1 0.0306 0.0306 0.231 0.231 0.231 0.3765 0.3765 0.3745 0.3745 0.3605 0.3605 0.3605 0.3275 0.3275 0.343 0.343 0.385 0.385 0.385 0.2735 0.2735 0.2805 0.2805 0.2825 0.2825 0.2825 0.329 0.329 0.329 0.329 0.334 0.334 0.3255 0.3255 0.3255 0.306 0.306 0.309 0.309 0.309 0.309 0.309 0.3685 0.3685 0.3505 0.3505 0.3385 0.3385 0.3385 0.2555 0.2555 0.2525 0.2525 0.246
-1 -1 -1 -1 -1 -1 -1 -1 -1 -1 -1 -1 -1 -1 -1 -1 -1 -1 -1 -1 -1 0.0282 0.0282 0.0975 0.0975 0.401 0.401 0.401 0.3885 0.3885 0.369 0.369 0.3485 0.3485 0.3485 0.3655 0.3655 0.365 0.365 0.3235 0.3235 0.3235 0.3025 0.3025 0.2795 0.2795 0.3465 0.3465 0.3465 0.36 0.36 0.331 0.331 0.3175 0.3175 0.3035 0.3035 0.3035 0.3065 0.3065 0.34 0.34 0.34 0.34 0.34 0.357 0.357 0.4385 0.4385 0.425 0.425 0.425 0.367 0.367 0.271 0.271 0.2895
-1 -1 -1 -1 -1 -1 -1 -1 -1 -1 -1 -1 -1 -1 -1 -1 -1 -1 -1 -1 -1 0.0282 0.0282 0.0975 0.0975 0.401 0.401 0.401 0.3885 0.3885 0.369 0.369 0.3485 0.3485 0.3485 0.3655 0.3655 0.365 0.365 0.3235 0.3235 0.3235 0.3025 0.3025 0.2795 0.2795 0.3465 0.3465 0.3465 0.36 0.36 0.331 0.331 0.3175 0.3175 0.3035 0.3035 0.3035 0.3065 0.3065 0.34 0.34 0.34 0.34 0.34 0.357 0.357 0.4385 0.4385 0.425 0.425 0.425 0.367 0.367 0.271 0.271 0.2895
-1 -1 -1 -1 -1 -1 -1 -1 -1 -1 -1 -1 -1 -1 -1 -1 -1 -1 -1 -1 -1 0.143 0.143 0.368 0.368 0.4255 0.4255 0.4255 0.4035 0.4035 0.385 0.385 0.368 0.368 0.368 0.3905 0.3905 0.3955 0.3955 0.354 0.354 0.354 0.326 0.326 0.3695 0.3695 0.369 0.369 0.369 0.386 0.386 0.3745 0.3745 0.32 0.32 0.346 0.346 0.346 0.3405 0.3405 0.3895 0.3895 0.3895 0.3895 0.3895 0.373 0.373 0.421 0.421 0.408 0.408 0.408 0.395 0.395 0.3245 0.3245 0.2995
-1 -1 -1 -1 -1 -1 -1 -1 -1 -1 -1 -1 -1 -1 -1 -1 -1 -1 -1 -1 -1 0.143 0.143 0.368 0.368 0.4255 0.4255 0.4255 0.4035 0.4035 0.385 0.385 0.368 0.368 0.368 0.3905 0.3905 0.3955 0.3955 0.354 0.354 0.354 0.326 0.326 0.3695 0.3695 0.369 0.369 0.369 0.386 0.386 0.3745 0.3745 0.32 0.32 0.346 0.346 0.346 0.3405 0.3405 0.3895 0.3895 0.3895 0.3895 0.3895 0.373 0.373 0.421 0.421 0.408 0.408 0.408 0.395 0.395 0.3245 0.3245 0.2995
-1 -1 -1 -1 -1 -1 -1 -1 -1 -1 -1 -1 -1 -1 -1 -1 -1 -1 0.2007 0.2007 0.2007 0.419 0.419 0.426 0.426 0.415 0.415 0.415 0.39 0.39 0.419 0.419 0.412 0.412 0.412 0.4105 0.4105 0.401 0.401 0.3535 0.3535 0.3535 0.36 0.36 0.3735 0.3735 0.342 0.342 0.342 0.388 0.388 0.384 0.384 0.3515 0.3515 0.3555 0.3555 0.3555 0.374 0.374 0.3805 0.3805 0.3805 0.3805 0.3805 0.3695 0.3695 0.386 0.386 0.4095 0.4095 0.4095 0.4015 0.4015 0.3185 0.3185 0.33
-1 -1 -1 -1 -1 -1 -1 -1 -1 -1 -1 -1 -1 -1 -1 -1 -1 -1 0.2007 0.2007 0.2007 0.419 0.419 0.426 0.426 0.415 0.415 0.415 0.39 0.39 0.419 0.419 0.412 0.412 0.412 0.4105 0.4105 0.401 0.401 0.3535 0.3535 0.3535 0.36 0.36 0.3735 0.3735 0.342 0.342 0.342 0.388 0.388 0.384 0.384 0.3515 0.3515 0.3555 0.3555 0.3555 0.374 0.374 0.3805 0.3805 0.3805 0.3805 0.3805 0.3695 0.3695 0.386 0.386 0.4095 0.4095 0.4095 0.4015 0.4015 0.3185 0.3185 0.33
-1 -1 -1 -1 -1 -1 -1 -1 -1 -1 -1 -1 -1 -1 -1 -1 -1 -1 0.2007 0.2007 0.2007 0.419 0.419 0.426 0.426 0.415 0.415 0.415 0.39 0.39 0.419 0.419 0.412 0.412 0.412 0.4105 0.4105 0.401 0.401 0.3535 0.3535 0.3535 0.36 0.36 0.3735 0.3735 0.342 0.342 0.342 0.388 0.388 0.384 0.384 0.3515 0.3515 0.3555 0.3555 0.3555 0.374 0.374 0.3805 0.3805 0.3805 0.3805 0.3805 0.3695 0.3695 0.386 0.386 0.4095 0.4095 0.4095 0.4015 0.4015 0.3185 0.3185 0.33
-1 -1 -1 -1 -1 -1 -1 -1 -1 -1 -1 -1 -1 -1 -1 -1 0.2442 0.2442 0.46 0.46 0.46 0.461 0.461 0.4445 0.4445 0.4275 0.4275 0.4275 0.4435 0.4435 0.4455 0.4455 0.3945 0.3945 0.3945 0.3165 0.3165 0.3335 0.3335 0.3615 0.3615 0.3615 0.37 0.37 0.3635 0.3635 0.3285 0.3285 0.3285 0.348 0.348 0.344 0.344 0.431 0.431 0.3875 0.3875 0.3875 0.3905 0.3905 0.359 0.359 0.359 0.359 0.359 0.353 0.353 0.3395 0.3395 0.37 0.37 0.37 0.3255 0.3255 0.3295 0.3295 0.3825
-1 -1 -1 -1 -1 -1 -1 -1 -1 -1 -1 -1 -1 -1 -1 -1 0.2442 0.2442 0.46 0.46 0.46 0.461 0.461 0.4445 0.4445 0.4275 0.4275 0.4275 0.4435 0.4435 0.4455 0.4455 0.3945 0.3945 0.3945 0.3165 0.3165 0.3335 0.3335 0.3615 0.3615 0.3615 0.37 0.37 0.3635 0.3635 0.3285 0.3285 0.3285 0.348 0.348 0.344 0.344 0.431 0.431 0.3875 0.3875 0.3875 0.3905 0.3905 0.359 0.359 0.359 0.359 0.359 0.353 0.353 0.3395 0.3395 0.37 0.37 0.37 0.3255 0.3255 0.3295 0.3295 0.3825
-1 -1 -1 -1 -1 -1 -1 -1 -1 -1 -1 -1 0.1812 0.1812 0.2035 0.2035 0.2365 0.2365 0.472 0.472 0.472 0.4995 0.4995 0.5065 0.5065 0.4255 0.4255 0.4255 0.484 0.484 0.4545 0.4545 0.4055 0.4055 0.4055 0.4125 0.4125 0.422 0.422 0.4125 0.4125 0.4125 0.377 0.377 0.364 0.364 0.3635 0.3635 0.3635 0.402 0.402 0.438 0.438 0.4305 0.4305 0.3985 0.3985 0.3985 0.387 0.387 0.3625 0.3625 0.3625 0.3625 0.3625 0.385 0.385 0.402 0.402 0.3825 0.3825 0.3825 0.3465 0.3465 0.354 0.354 0.385
-1 -1 -1 -1 -1 -1 -1 -1 -1 -1 -1 -1 0.1812 0.1812 0.2035 0.2035 0.2365 0.2365 0.472 0.472 0.472 0.4995 0.4995 0.5065 0.5065 0.4255 0.4255 0.4255 0.484 0.484 0.4545 0.4545 0.4055 0.4055 0.4055 0.4125 0.4125 0.422 0.422 0.4125 0.4125 0.4125 0.377 0.377 0.364 0.364 0.3635 0.3635 0.3635 0.402 0.402 0.438 0.438 0.4305 0.4305 0.3985 0.3985 0.3985 0.387 0.387 0.3625 0.3625 0.3625 0.3625 0.3625 0.385 0.385 0.402 0.402 0.3825 0.3825 0.3825 0.3465 0.3465 0.354 0.354 0.385
-1 -1 -1 -1 -1 -1 -1 -1 -1 0.128 0.128 0.128 0.1905 0.1905 0.1165 0.1165 0.1045 0.1045 0.226 0.226 0.226 0.4705 0.4705 0.542 0.542 0.469 0.469 0.469 0.4775 0.4775 0.483 0.483 0.3945 0.3945 0.3945 0.391 0.391 0.4275 0.4275 0.422 0.422 0.422 0.3765 0.3765 0.369 0.369 0.379 0.379 0.379 0.4175 0.4175 0.41 0.41 0.4085 0.4085 0.408 0.408 0.408 0.3845 0.3845 0.4085 0.4085 0.4085 0.4085 0.4085 0.4055 0.4055 0.3915 0.3915 0.403 0.403 0.403 0.336 0.336 0.3465 0.3465 0.364
-1 -1 -1 -1 -1 -1 -1 -1 -1 0.128 0.128 0.128 0.1905 0.1905 0.1165 0.1165 0.1045 0.1045 0.226 0.226 0.226 0.4705 0.4705 0.542 0.542 0.469 0.469 0.469 0.4775 0.4775 0.483 0.483 0.3945 0.3945 0.3945 0.391 0.391 0.4275 0.4275 0.422 0.422 0.422 0.3765 0.3765 0.369 0.369 0.379 0.379 0.379 0.4175 0.4175 0.41 0.41 0.4085 0.4085 0.408 0.408 0.408 0.3845 0.3845 0.4085 0.4085 0.4085 0.4085 0.4085 0.4055 0.4055 0.3915 0.3915 0.403 0.403 0.403 0.336 0.336 0.3465 0.3465 0.364
-1 -1 -1 -1 -1 -1 -1 -1 -1 0.128 0.128 0.128 0.1905 0.1905 0.1165 0.1165 0.1045 0.1045 0.226 0.226 0.226 0.4705 0.4705 0.542 0.542 0.469 0.469 0.469 0.4775 0.4775 0.483 0.483 0.3945 0.3945 0.3945 0.391 0.391 0.4275 0.4275 0.422 0.422 0.422 0.3765 0.3765 0.369 0.369 0.379 0.379 0.379 0.4175 0.4175 0.41 0.41 0.4085 0.4085 0.408 0.408 0.408 0.3845 0.3845 0.4085 0.4085 0.4085 0.4085 0.4085 0.4055 0.4055 0.3915 0.3915 0.403 0.403 0.403 0.336 0.336 0.3465 0.3465 0.364
-1 -1 -1 -1 -1 -1 -1 -1 -1 -1 -1 -1 0.08859999 0.08859999 0.0532 0.0532 0.0427 0.0427 0.1276 0.1276 0.1276 0.417 0.417 0.463 0.463 0.5135 0.5135 0.5135 0.4795 0.4795 0.46 0.46 0.4735 0.4735 0.4735 0.447 0.447 0.4315 0.4315 0.4285 0.4285 0.4285 0.3705 0.3705 0.407 0.407 0.432 0.432 0.432 0.395 0.395 0.38 0.38 0.3625 0.3625 0.371 0.371 0.371 0.374 0.374 0.423 0.423 0.423 0.423 0.423 0.4325 0.4325 0.443 0.443 0.4035 0.4035 0.4035 0.383 0.383 0.401 0.401 0.4665
-1 -1 -1 -1 -1 -1 -1 -1 -1 -1 -1 -1 0.08859999 0.08859999 0.0532 0.0532 0.0427 0.0427 0.1276 0.1276 0.1276 0.417 0.417 0.463 0.463 0.5135 0.5135 0.5135 0.4795 0.4795 0.46 0.46 0.4735 0.4735 0.4735 0.447 0.447 0.4315 0.4315 0.4285 0.4285 0.4285 0.3705 0.3705 0.407 0.407 0.432 0.432 0.432 0.395 0.395 0.38 0.38 0.3625 0.3625 0.371 0.371 0.371 0.374 0.374 0.423 0.423 0.423 0.423 0.423 0.4325 0.4325 0.443 0.443 0.4035 0.4035 0.4035 0.383 0.383 0.401 0.401 0.4665
-1 -1 -1 -1 -1 -1 -1 -1 -1 -1 -1 -1 -1 -1 -1 -1 -1 -1 0.0407 0.0407 0.0407 0.2835 0.2835 0.4735 0.4735 0.5695 0.5695 0.5695 0.4955 0.4955 0.514 0.514 0.4485 0.4485 0.4485 0.4105 0.4105 0.418 0.418 0.4275 0.4275 0.4275 0.412 0.412 0.445 0.445 0.4325 0.4325 0.4325 0.4045 0.4045 0.4105 0.4105 0.403 0.403 0.3955 0.3955 0.3955 0.436 0.436 0.4455 0.4455 0.4455 0.4455 0.4455 0.4165 0.4165 0.503 0.503 0.4755 0.4755 0.4755 0.5095 0.5095 0.449 0.449 0.4365
-1 -1 -1 -1 -1 -1 -1 -1 -1 -1 -1 -1 -1 -1 -1 -1 -1 -1 0.0407 0.0407 0.0407 0.2835 0.2835 0.4735 0.4735 0.5695 0.5695 0.5695 0.4955 0.4955 0.514 0.514 0.4485 0.4485 0.4485 0.4105 0.4105 0.418 0.418 0.4275 0.4275 0.4275 0.412 0.412 0.445 0.445 0.4325 0.4325 0.4325 0.4045 0.4045 0.4105 0.4105 0.403 0.403 0.3955 0.3955 0.3955 0.436 0.436 0.4455 0.4455 0.4455 0.4455 0.4455 0.4165 0.4165 0.503 0.503 0.4755 0.4755 0.4755 0.5095 0.5095 0.449 0.449 0.4365
-1 -1 -1 -1 -1 -1 -1 -1 -1 -1 -1 -1 -1 -1 -1 -1 -1 -1 -1 -1 -1 0.047 0.047 0.3765 0.3765 0.481 0.481 0.481 0.51 0.51 0.502 0.502 0.4625 0.4625 0.4625 0.4245 0.4245 0.414 0.414 0.3935 0.3935 0.3935 0.4015 0.4015 0.436 0.436 0.43 0.43 0.43 0.4745 0.4745 0.501 0.501 0.475 0.475 0.43 0.43 0.43 0.466 0.466 0.4675 0.4675 0.4675 0.4675 0.4675 0.452 0.452 0.4765 0.4765 0.473 0.473 0.473 0.434 0.434 0.4115 0.4115 0.42
-1 -1 -1 -1 -1 -1 -1 -1 -1 -1 -1 -1 -1 -1 -1 -1 -1 -1 -1 -1 -1 0.047 0.047 0.3765 0.3765 0.481 0.481 0.481 0.51 0.51 0.502 0.502 0.4625 0.4625 0.4625 0.4245 0.4245 0.414 0.414 0.3935 0.3935 0.3935 0.4015 0.4015 0.436 0.436 0.43 0.43 0.43 0.4745 0.4745 0.501 0.501 0.475 0.475 0.43 0.43 0.43 0.466 0.466 0.4675 0.4675 0.4675 0.4675 0.4675 0.452 0.452 0.4765 0.4765 0.473 0.473 0.473 0.434 0.434 0.4115 0.4115 0.42
-1 -1 -1 -1 -1 -1 -1 -1 -1 -1 -1 -1 -1 -1 -1 -1 -1 -1 -1 -1 -1 0.0972 0.0972 0.2597 0.2597 0.3905 0.3905 0.3905 0.5095 0.5095 0.547 0.547 0.5345 0.5345 0.5345 0.497 0.497 0.388 0.388 0.37 0.37 0.37 0.339 0.339 0.4775 0.4775 0.4965 0.4965 0.4965 0.5015 0.5015 0.5315 0.5315 0.5435 0.5435 0.483 0.483 0.483 0.4815 0.4815 0.4845 0.4845 0.4845 0.4845 0.4845 0.4185 0.4185 0.4605 0.4605 0.451 0.451 0.451 0.4045 0.4045 0.3965 0.3965 0.436
-1 -1 -1 -1 -1 -1 -1 -1 -1 -1 -1 -1 -1 -1 -1 -1 -1 -1 -1 -1 -1 0.0972 0.0972 0.2597 0.2597 0.3905 0.3905 0.3905 0.5095 0.5095 0.547 0.547 0.5345 0.5345 0.5345 0.497 0.497 0.388 0.388 0.37 0.37 0.37 0.339 0.339 0.4775 0.4775 0.4965 0.4965 0.4965 0.5015 0.5015 0.5315 0.5315 0.5435 0.5435 0.483 0.483 0.483 0.4815 0.4815 0.4845 0.4845 0.4845 0.4845 0.4845 0.4185 0.4185 0.4605 0.4605 0.451 0.451 0.451 0.4045 0.4045 0.3965 0.3965 0.436
-1 -1 -1 -1 -1 -1 -1 -1 -1 -1 -1 -1 -1 -1 -1 -1 -1 -1 -1 -1 -1 0.0972 0.0972 0.2597 0.2597 0.3905 0.3905 0.3905 0.5095 0.5095 0.547 0.547 0.5345 0.5345 0.5345 0.497 0.497 0.388 0.388 0.37 0.37 0.37 0.339 0.339 0.4775 0.4775 0.4965 0.4965 0.4965 0.5015 0.5015 0.5315 0.5315 0.5435 0.5435 0.483 0.483 0.483 0.4815 0.4815 0.4845 0.4845 0.4845 0.4845 0.4845 0.4185 0.4185 0.4605 0.4605 0.451 0.451 0.451 0.4045 0.4045 0.3965 0.3965 0.436
-1 -1 -1 -1 -1 -1 -1 -1 -1 -1 -1 -1 -1 -1 -1 -1 -1 -1 -1 -1 -1 -1 -1 0.0567 0.0567 0.2325 0.2325 0.2325 0.527 0.527 0.561 0.561 0.5465 0.5465 0.5465 0.5005 0.5005 0.2405 0.2405 0.2095 0.2095 0.2095 0.3245 0.3245 0.432 0.432 0.4935 0.4935 0.4935 0.5345 0.5345 0.542 0.542 0.5495 0.5495 0.496 0.496 0.496 0.493 0.493 0.497 0.497 0.497 0.497 0.497 0.435 0.435 0.4425 0.4425 0.4925 0.4925 0.4925 0.412 0.412 0.416 0.416 0.432
-1 -1 -1 -1 -1 -1 -1 -1 -1 -1 -1 -1 -1 -1 -1 -1 -1 -1 -1 -1 -1 -1 -1 0.0567 0.0567 0.2325 0.2325 0.2325 0.527 0.527 0.561 0.561 0.5465 0.5465 0.5465 0.5005 0.5005 0.2405 0.2405 0.2095 0.2095 0.2095 0.3245 0.3245 0.432 0.432 0.4935 0.4935 0.4935 0.5345 0.5345 0.542 0.542 0.5495 0.5495 0.496 0.496 0.496 0.493 0.493 0.497 0.497 0.497 0.497 0.497 0.435 0.435 0.4425 0.4425 0.4925 0.4925 0.4925 0.412 0.412 0.416 0.416 0.432
-1 -1 -1 -1 -1 -1 -1 -1 -1 -1 -1 -1 -1 -1 -1 -1 -1 -1 -1 -1 -1 -1 -1 -1 -1 0.1875 0.1875 0.1875 0.396 0.396 0.5115 0.5115 0.449 0.449 0.449 0.342 0.342 0.1515 0.1515 0.169 0.169 0.169 0.352 0.352 0.416 0.416 0.5075 0.5075 0.5075 0.4445 0.4445 0.5305001 0.5305001 0.509 0.509 0.547 0.547 0.547 0.527 0.527 0.523 0.523 0.523 0.523 0.523 0.449 0.449 0.458 0.458 0.439 0.439 0.439 0.413 0.413 0.44 0.44 0.439
-1 -1 -1 -1 -1 -1 -1 -1 -1 -1 -1 -1 -1 -1 -1 -1 -1 -1 -1 -1 -1 -1 -1 -1 -1 0.1875 0.1875 0.1875 0.396 0.396 0.5115 0.5115 0.449 0.449 0.449 0.342 0.342 0.1515 0.1515 0.169 0.169 0.169 0.352 0.352 0.416 0.416 0.5075 0.5075 0.5075 0.4445 0.4445 0.5305001 0.5305001 0.509 0.509 0.547 0.547 0.547 0.527 0.527 0.523 0.523 0.523 0.523 0.523 0.449 0.449 0.458 0.458 0.439 0.439 0.439 0.413 0.413 0.44 0.44 0.439
-1 -1 -1 -1 -1 -1 -1 -1 -1 -1 -1 -1 -1 -1 -1 -1 -1 -1 -1 -1 -1 -1 -1 -1 -1 0.0687 0.0687 0.0687 0.179 0.179 0.388 0.388 0.421 0.421 0.421 0.358 0.358 0.217 0.217 0.3875 0.3875 0.3875 0.533 0.533 0.508 0.508 0.5215 0.5215 0.5215 0.3005 0.3005 0.507 0.507 0.5005 0.5005 0.512 0.512 0.512 0.481 0.481 0.469 0.469 0.469 0.469 0.469 0.4515 0.4515 0.444 0.444 0.445 0.445 0.445 0.401 0.401 0.4 0.4 0.3955
-1 -1 -1 -1 -1 -1 -1 -1 -1 -1 -1 -1 -1 -1 -1 -1 -1 -1 -1 -1 -1 -1 -1 -1 -1 0.0687 0.0687 0.0687 0.179 0.179 0.388 0.388 0.421 0.421 0.421 0.358 0.358 0.217 0.217 0.3875 0.3875 0.3875 0.533 0.533 0.508 0.508 0.5215 0.5215 0.5215 0.3005 0.3005 0.507 0.507 0.5005 0.5005 0.512 0.512 0.512 0.481 0.481 0.469 0.469 0.469 0.469 0.469 0.4515 0.4515 0.444 0.444 0.445 0.445 0.445 0.401 0.401 0.4 0.4 0.3955
-1 -1 -1 -1 -1 -1 -1 -1 -1 -1 -1 -1 -1 -1 -1 -1 -1 -1 -1 -1 -1 -1 -1 -1 -1 0.0687 0.0687 0.0687 0.179 0.179 0.388 0.388 0.421 0.421 0.421 0.358 0.358 0.217 0.217 0.3875 0.3875 0.3875 0.533 0.533 0.508 0.508 0.5215 0.5215 0.5215 0.3005 0.3005 0.507 0.507 0.5005 0.5005 0.512 0.512 0.512 0.481 0.481 0.469 0.469 0.469 0.469 0.469 0.4515 0.4515 0.444 0.444 0.445 0.445 0.445 0.401 0.401 0.4 0.4 0.3955
