ndvi/NOAA-50.asc
ncols         252
nrows         154
xllcorner     -18.017974
yllcorner     13.481982
cellsize      0.035948
NODATA_value  -9999
[rows 34 to 67 of 154, columns 156 to 233 of 252]
0.137 0.1285 0.1285 0.1285 0.1305 0.1305 0.123 0.123 0.124 0.124 0.117 0.117 0.117 0.121 0.121 0.127 0.127 0.125 0.125 0.125 0.124 0.124 0.1495 0.1495 0.1535 0.1535 0.1535 0.148 0.148 0.1465 0.1465 0.1375 0.1375 0.1375 0.135 0.135 0.135 0.135 0.1345 0.1345 0.1345 0.1315 0.1315 0.134 0.134 0.1445 0.1445 0.141 0.141 0.141 0.1385 0.1385 0.137 0.137 0.1355 0.1355 0.1355 0.144 0.144 0.1375 0.1375 0.134 0.134 0.134 0.1325 0.1325 0.135 0.135 0.134 0.134 0.134 0.1345 0.1345 0.1285 0.1285 0.128 0.128 0.128
0.137 0.1285 0.1285 0.1285 0.1305 0.1305 0.123 0.123 0.124 0.124 0.117 0.117 0.117 0.121 0.121 0.127 0.127 0.125 0.125 0.125 0.124 0.124 0.1495 0.1495 0.1535 0.1535 0.1535 0.148 0.148 0.1465 0.1465 0.1375 0.1375 0.1375 0.135 0.135 0.135 0.135 0.1345 0.1345 0.1345 0.1315 0.1315 0.134 0.134 0.1445 0.1445 0.141 0.141 0.141 0.1385 0.1385 0.137 0.137 0.1355 0.1355 0.1355 0.144 0.144 0.1375 0.1375 0.134 0.134 0.134 0.1325 0.1325 0.135 0.135 0.134 0.134 0.134 0.1345 0.1345 0.1285 0.1285 0.128 0.128 0.128
0.137 0.1285 0.1285 0.1285 0.1305 0.1305 0.123 0.123 0.124 0.124 0.117 0.117 0.117 0.121 0.121 0.127 0.127 0.125 0.125 0.125 0.124 0.124 0.1495 0.1495 0.1535 0.1535 0.1535 0.148 0.148 0.1465 0.1465 0.1375 0.1375 0.1375 0.135 0.135 0.135 0.135 0.1345 0.1345 0.1345 0.1315 0.1315 0.134 0.134 0.1445 0.1445 0.141 0.141 0.141 0.1385 0.1385 0.137 0.137 0.1355 0.1355 0.1355 0.144 0.144 0.1375 0.1375 0.134 0.134 0.134 0.1325 0.1325 0.135 0.135 0.134 0.134 0.134 0.1345 0.1345 0.1285 0.1285 0.128 0.128 0.128
0.134 0.138 0.138 0.138 0.1185 0.1185 0.126 0.126 0.117 0.117 0.115 0.115 0.115 0.115 0.115 0.1185 0.1185 0.1205 0.1205 0.1205 0.1205 0.1205 0.154 0.154 0.146 0.146 0.146 0.1625 0.1625 0.1465 0.1465 0.1435 0.1435 0.1435 0.139 0.139 0.1395 0.1395 0.134 0.134 0.134 0.134 0.134 0.135 0.135 0.1415 0.1415 0.1375 0.1375 0.1375 0.1335 0.1335 0.137 0.137 0.136 0.136 0.136 0.1415 0.1415 0.1445 0.1445 0.1345 0.1345 0.1345 0.1335 0.1335 0.136 0.136 0.134 0.134 0.134 0.139 0.139 0.1385 0.1385 0.1295 0.1295 0.1295
0.134 0.138 0.138 0.138 0.1185 0.1185 0.126 0.126 0.117 0.117 0.115 0.115 0.115 0.115 0.115 0.1185 0.1185 0.1205 0.1205 0.1205 0.1205 0.1205 0.154 0.154 0.146 0.146 0.146 0.1625 0.1625 0.1465 0.1465 0.1435 0.1435 0.1435 0.139 0.139 0.1395 0.1395 0.134 0.134 0.134 0.134 0.134 0.135 0.135 0.1415 0.1415 0.1375 0.1375 0.1375 0.1335 0.1335 0.137 0.137 0.136 0.136 0.136 0.1415 0.1415 0.1445 0.1445 0.1345 0.1345 0.1345 0.1335 0.1335 0.136 0.136 0.134 0.134 0.134 0.139 0.139 0.1385 0.1385 0.1295 0.1295 0.1295
0.122 0.115 0.115 0.115 0.1165 0.1165 0.121 0.121 0.1205 0.1205 0.126 0.126 0.126 0.125 0.125 0.1185 0.1185 0.123 0.123 0.123 0.12 0.12 0.1555 0.1555 0.1665 0.1665 0.1665 0.1735 0.1735 0.1725 0.1725 0.153 0.153 0.153 0.145 0.145 0.1385 0.1385 0.135 0.135 0.135 0.1315 0.1315 0.135 0.135 0.1395 0.1395 0.1395 0.1395 0.1395 0.1395 0.1395 0.14 0.14 0.1385 0.1385 0.1385 0.1475 0.1475 0.145 0.145 0.1375 0.1375 0.1375 0.1395 0.1395 0.139 0.139 0.1435 0.1435 0.1435 0.145 0.145 0.1425 0.1425 0.1435 0.1435 0.1435
0.122 0.115 0.115 0.115 0.1165 0.1165 0.121 0.121 0.1205 0.1205 0.126 0.126 0.126 0.125 0.125 0.1185 0.1185 0.123 0.123 0.123 0.12 0.12 0.1555 0.1555 0.1665 0.1665 0.1665 0.1735 0.1735 0.1725 0.1725 0.153 0.153 0.153 0.145 0.145 0.1385 0.1385 0.135 0.135 0.135 0.1315 0.1315 0.135 0.135 0.1395 0.1395 0.1395 0.1395 0.1395 0.1395 0.1395 0.14 0.14 0.1385 0.1385 0.1385 0.1475 0.1475 0.145 0.145 0.1375 0.1375 0.1375 0.1395 0.1395 0.139 0.139 0.1435 0.1435 0.1435 0.145 0.145 0.1425 0.1425 0.1435 0.1435 0.1435
0.1275 0.124 0.124 0.124 0.121 0.121 0.114 0.114 0.122 0.122 0.1225 0.1225 0.1225 0.1255 0.1255 0.1235 0.1235 0.132 0.132 0.132 0.123 0.123 0.1575 0.1575 0.152 0.152 0.152 0.164 0.164 0.1705 0.1705 0.1635 0.1635 0.1635 0.1635 0.1635 0.1465 0.1465 0.1425 0.1425 0.1425 0.143 0.143 0.1445 0.1445 0.1435 0.1435 0.14 0.14 0.14 0.1405 0.1405 0.1495 0.1495 0.153 0.153 0.153 0.151 0.151 0.153 0.153 0.152 0.152 0.152 0.152 0.152 0.1515 0.1515 0.145 0.145 0.145 0.14 0.14 0.1465 0.1465 0.1415 0.1415 0.1415
0.1275 0.124 0.124 0.124 0.121 0.121 0.114 0.114 0.122 0.122 0.1225 0.1225 0.1225 0.1255 0.1255 0.1235 0.1235 0.132 0.132 0.132 0.123 0.123 0.1575 0.1575 0.152 0.152 0.152 0.164 0.164 0.1705 0.1705 0.1635 0.1635 0.1635 0.1635 0.1635 0.1465 0.1465 0.1425 0.1425 0.1425 0.143 0.143 0.1445 0.1445 0.1435 0.1435 0.14 0.14 0.14 0.1405 0.1405 0.1495 0.1495 0.153 0.153 0.153 0.151 0.151 0.153 0.153 0.152 0.152 0.152 0.152 0.152 0.1515 0.1515 0.145 0.145 0.145 0.14 0.14 0.1465 0.1465 0.1415 0.1415 0.1415
0.1275 0.124 0.124 0.124 0.121 0.121 0.114 0.114 0.122 0.122 0.1225 0.1225 0.1225 0.1255 0.1255 0.1235 0.1235 0.132 0.132 0.132 0.123 0.123 0.1575 0.1575 0.152 0.152 0.152 0.164 0.164 0.1705 0.1705 0.1635 0.1635 0.1635 0.1635 0.1635 0.1465 0.1465 0.1425 0.1425 0.1425 0.143 0.143 0.1445 0.1445 0.1435 0.1435 0.14 0.14 0.14 0.1405 0.1405 0.1495 0.1495 0.153 0.153 0.153 0.151 0.151 0.153 0.153 0.152 0.152 0.152 0.152 0.152 0.1515 0.1515 0.145 0.145 0.145 0.14 0.14 0.1465 0.1465 0.1415 0.1415 0.1415
0.1445 0.1345 0.1345 0.1345 0.1325 0.1325 0.1335 0.1335 0.124 0.124 0.138 0.138 0.138 0.133 0.133 0.167 0.167 0.159 0.159 0.159 0.1505 0.1505 0.1475 0.1475 0.1535 0.1535 0.1535 0.1635 0.1635 0.1625 0.1625 0.165 0.165 0.165 0.1565 0.1565 0.15 0.15 0.1495 0.1495 0.1495 0.1495 0.1495 0.147 0.147 0.1445 0.1445 0.163 0.163 0.163 0.1385 0.1385 0.15 0.15 0.15 0.15 0.15 0.1575 0.1575 0.1525 0.1525 0.16 0.16 0.16 0.164 0.164 0.1655 0.1655 0.157 0.157 0.157 0.1455 0.1455 0.143 0.143 0.1475 0.1475 0.1475
0.1445 0.1345 0.1345 0.1345 0.1325 0.1325 0.1335 0.1335 0.124 0.124 0.138 0.138 0.138 0.133 0.133 0.167 0.167 0.159 0.159 0.159 0.1505 0.1505 0.1475 0.1475 0.1535 0.1535 0.1535 0.1635 0.1635 0.1625 0.1625 0.165 0.165 0.165 0.1565 0.1565 0.15 0.15 0.1495 0.1495 0.1495 0.1495 0.1495 0.147 0.147 0.1445 0.1445 0.163 0.163 0.163 0.1385 0.1385 0.15 0.15 0.15 0.15 0.15 0.1575 0.1575 0.1525 0.1525 0.16 0.16 0.16 0.164 0.164 0.1655 0.1655 0.157 0.157 0.157 0.1455 0.1455 0.143 0.143 0.1475 0.1475 0.1475
0.153 0.1545 0.1545 0.1545 0.1675 0.1675 0.1685 0.1685 0.158 0.158 0.171 0.171 0.171 0.179 0.179 0.169 0.169 0.1585 0.1585 0.1585 0.163 0.163 0.167 0.167 0.167 0.167 0.167 0.168 0.168 0.165 0.165 0.168 0.168 0.168 0.1665 0.1665 0.1545 0.1545 0.1565 0.1565 0.1565 0.154 0.154 0.157 0.157 0.165 0.165 0.168 0.168 0.168 0.1485 0.1485 0.146 0.146 0.169 0.169 0.169 0.1705 0.1705 0.172 0.172 0.163 0.163 0.163 0.1595 0.1595 0.1565 0.1565 0.1615 0.1615 0.1615 0.1625 0.1625 0.1485 0.1485 0.1505 0.1505 0.1505
0.153 0.1545 0.1545 0.1545 0.1675 0.1675 0.1685 0.1685 0.158 0.158 0.171 0.171 0.171 0.179 0.179 0.169 0.169 0.1585 0.1585 0.1585 0.163 0.163 0.167 0.167 0.167 0.167 0.167 0.168 0.168 0.165 0.165 0.168 0.168 0.168 0.1665 0.1665 0.1545 0.1545 0.1565 0.1565 0.1565 0.154 0.154 0.157 0.157 0.165 0.165 0.168 0.168 0.168 0.1485 0.1485 0.146 0.146 0.169 0.169 0.169 0.1705 0.1705 0.172 0.172 0.163 0.163 0.163 0.1595 0.1595 0.1565 0.1565 0.1615 0.1615 0.1615 0.1625 0.1625 0.1485 0.1485 0.1505 0.1505 0.1505
0.153 0.176 0.176 0.176 0.1715 0.1715 0.1935 0.1935 0.1885 0.1885 0.1785 0.1785 0.1785 0.1675 0.1675 0.17 0.17 0.169 0.169 0.169 0.1655 0.1655 0.176 0.176 0.177 0.177 0.177 0.1635 0.1635 0.166 0.166 0.1655 0.1655 0.1655 0.1655 0.1655 0.168 0.168 0.1725 0.1725 0.1725 0.1795 0.1795 0.1655 0.1655 0.157 0.157 0.152 0.152 0.152 0.1475 0.1475 0.1665 0.1665 0.1785 0.1785 0.1785 0.175 0.175 0.174 0.174 0.1595 0.1595 0.1595 0.1555 0.1555 0.147 0.147 0.17 0.17 0.17 0.162 0.162 0.1525 0.1525 0.1555 0.1555 0.1555
0.153 0.176 0.176 0.176 0.1715 0.1715 0.1935 0.1935 0.1885 0.1885 0.1785 0.1785 0.1785 0.1675 0.1675 0.17 0.17 0.169 0.169 0.169 0.1655 0.1655 0.176 0.176 0.177 0.177 0.177 0.1635 0.1635 0.166 0.166 0.1655 0.1655 0.1655 0.1655 0.1655 0.168 0.168 0.1725 0.1725 0.1725 0.1795 0.1795 0.1655 0.1655 0.157 0.157 0.152 0.152 0.152 0.1475 0.1475 0.1665 0.1665 0.1785 0.1785 0.1785 0.175 0.175 0.174 0.174 0.1595 0.1595 0.1595 0.1555 0.1555 0.147 0.147 0.17 0.17 0.17 0.162 0.162 0.1525 0.1525 0.1555 0.1555 0.1555
0.153 0.176 0.176 0.176 0.1715 0.1715 0.1935 0.1935 0.1885 0.1885 0.1785 0.1785 0.1785 0.1675 0.1675 0.17 0.17 0.169 0.169 0.169 0.1655 0.1655 0.176 0.176 0.177 0.177 0.177 0.1635 0.1635 0.166 0.166 0.1655 0.1655 0.1655 0.1655 0.1655 0.168 0.168 0.1725 0.1725 0.1725 0.1795 0.1795 0.1655 0.1655 0.157 0.157 0.152 0.152 0.152 0.1475 0.1475 0.1665 0.1665 0.1785 0.1785 0.1785 0.175 0.175 0.174 0.174 0.1595 0.1595 0.1595 0.1555 0.1555 0.147 0.147 0.17 0.17 0.17 0.162 0.162 0.1525 0.1525 0.1555 0.1555 0.1555
0.1405 0.176 0.176 0.176 0.1975 0.1975 0.205 0.205 0.189 0.189 0.183 0.183 0.183 0.177 0.177 0.164 0.164 0.17 0.17 0.17 0.178 0.178 0.1855 0.1855 0.1815 0.1815 0.1815 0.19 0.19 0.1765 0.1765 0.1775 0.1775 0.1775 0.181 0.181 0.1735 0.1735 0.181 0.181 0.181 0.178 0.178 0.168 0.168 0.1635 0.1635 0.145 0.145 0.145 0.143 0.143 0.1595 0.1595 0.1815 0.1815 0.1815 0.1795 0.1795 0.1775 0.1775 0.169 0.169 0.169 0.159 0.159 0.1545 0.1545 0.16 0.16 0.16 0.159 0.159 0.1535 0.1535 0.1555 0.1555 0.1555
0.1405 0.176 0.176 0.176 0.1975 0.1975 0.205 0.205 0.189 0.189 0.183 0.183 0.183 0.177 0.177 0.164 0.164 0.17 0.17 0.17 0.178 0.178 0.1855 0.1855 0.1815 0.1815 0.1815 0.19 0.19 0.1765 0.1765 0.1775 0.1775 0.1775 0.181 0.181 0.1735 0.1735 0.181 0.181 0.181 0.178 0.178 0.168 0.168 0.1635 0.1635 0.145 0.145 0.145 0.143 0.143 0.1595 0.1595 0.1815 0.1815 0.1815 0.1795 0.1795 0.1775 0.1775 0.169 0.169 0.169 0.159 0.159 0.1545 0.1545 0.16 0.16 0.16 0.159 0.159 0.1535 0.1535 0.1555 0.1555 0.1555
0.134 0.179 0.179 0.179 0.2045 0.2045 0.2085 0.2085 0.1985 0.1985 0.1855 0.1855 0.1855 0.182 0.182 0.176 0.176 0.1765 0.1765 0.1765 0.1785 0.1785 0.2005 0.2005 0.2045 0.2045 0.2045 0.196 0.196 0.199 0.199 0.199 0.199 0.199 0.1965 0.1965 0.191 0.191 0.1795 0.1795 0.1795 0.1675 0.1675 0.156 0.156 0.1755 0.1755 0.15 0.15 0.15 0.159 0.159 0.1655 0.1655 0.1795 0.1795 0.1795 0.18 0.18 0.178 0.178 0.1785 0.1785 0.1785 0.1865 0.1865 0.178 0.178 0.1795 0.1795 0.1795 0.1855 0.1855 0.183 0.183 0.182 0.182 0.182
0.134 0.179 0.179 0.179 0.2045 0.2045 0.2085 0.2085 0.1985 0.1985 0.1855 0.1855 0.1855 0.182 0.182 0.176 0.176 0.1765 0.1765 0.1765 0.1785 0.1785 0.2005 0.2005 0.2045 0.2045 0.2045 0.196 0.196 0.199 0.199 0.199 0.199 0.199 0.1965 0.1965 0.191 0.191 0.1795 0.1795 0.1795 0.1675 0.1675 0.156 0.156 0.1755 0.1755 0.15 0.15 0.15 0.159 0.159 0.1655 0.1655 0.1795 0.1795 0.1795 0.18 0.18 0.178 0.178 0.1785 0.1785 0.1785 0.1865 0.1865 0.178 0.178 0.1795 0.1795 0.1795 0.1855 0.1855 0.183 0.183 0.182 0.182 0.182
0.1295 0.178 0.178 0.178 0.1855 0.1855 0.1965 0.1965 0.195 0.195 0.2015 0.2015 0.2015 0.207 0.207 0.198 0.198 0.2105 0.2105 0.2105 0.2105 0.2105 0.212 0.212 0.205 0.205 0.205 0.209 0.209 0.1955 0.1955 0.191 0.191 0.191 0.2025 0.2025 0.184 0.184 0.1785 0.1785 0.1785 0.1805 0.1805 0.1755 0.1755 0.164 0.164 0.1595 0.1595 0.1595 0.155 0.155 0.153 0.153 0.172 0.172 0.172 0.1765 0.1765 0.18 0.18 0.1775 0.1775 0.1775 0.1765 0.1765 0.18 0.18 0.1755 0.1755 0.1755 0.1715 0.1715 0.17 0.17 0.1755 0.1755 0.1755
0.1295 0.178 0.178 0.178 0.1855 0.1855 0.1965 0.1965 0.195 0.195 0.2015 0.2015 0.2015 0.207 0.207 0.198 0.198 0.2105 0.2105 0.2105 0.2105 0.2105 0.212 0.212 0.205 0.205 0.205 0.209 0.209 0.1955 0.1955 0.191 0.191 0.191 0.2025 0.2025 0.184 0.184 0.1785 0.1785 0.1785 0.1805 0.1805 0.1755 0.1755 0.164 0.164 0.1595 0.1595 0.1595 0.155 0.155 0.153 0.153 0.172 0.172 0.172 0.1765 0.1765 0.18 0.18 0.1775 0.1775 0.1775 0.1765 0.1765 0.18 0.18 0.1755 0.1755 0.1755 0.1715 0.1715 0.17 0.17 0.1755 0.1755 0.1755
0.1395 0.1465 0.1465 0.1465 0.1725 0.1725 0.1905 0.1905 0.18 0.18 0.192 0.192 0.192 0.187 0.187 0.2175 0.2175 0.211 0.211 0.211 0.2205 0.2205 0.2145 0.2145 0.1985 0.1985 0.1985 0.194 0.194 0.203 0.203 0.195 0.195 0.195 0.1935 0.1935 0.1895 0.1895 0.169 0.169 0.169 0.164 0.164 0.166 0.166 0.163 0.163 0.169 0.169 0.169 0.151 0.151 0.1425 0.1425 0.167 0.167 0.167 0.152 0.152 0.1865 0.1865 0.172 0.172 0.172 0.1875 0.1875 0.1715 0.1715 0.1735 0.1735 0.1735 0.162 0.162 0.167 0.167 0.1745 0.1745 0.1745
0.1395 0.1465 0.1465 0.1465 0.1725 0.1725 0.1905 0.1905 0.18 0.18 0.192 0.192 0.192 0.187 0.187 0.2175 0.2175 0.211 0.211 0.211 0.2205 0.2205 0.2145 0.2145 0.1985 0.1985 0.1985 0.194 0.194 0.203 0.203 0.195 0.195 0.195 0.1935 0.1935 0.1895 0.1895 0.169 0.169 0.169 0.164 0.164 0.166 0.166 0.163 0.163 0.169 0.169 0.169 0.151 0.151 0.1425 0.1425 0.167 0.167 0.167 0.152 0.152 0.1865 0.1865 0.172 0.172 0.172 0.1875 0.1875 0.1715 0.1715 0.1735 0.1735 0.1735 0.162 0.162 0.167 0.167 0.1745 0.1745 0.1745
0.1395 0.1465 0.1465 0.1465 0.1725 0.1725 0.1905 0.1905 0.18 0.18 0.192 0.192 0.192 0.187 0.187 0.2175 0.2175 0.211 0.211 0.211 0.2205 0.2205 0.2145 0.2145 0.1985 0.1985 0.1985 0.194 0.194 0.203 0.203 0.195 0.195 0.195 0.1935 0.1935 0.1895 0.1895 0.169 0.169 0.169 0.164 0.164 0.166 0.166 0.163 0.163 0.169 0.169 0.169 0.151 0.151 0.1425 0.1425 0.167 0.167 0.167 0.152 0.152 0.1865 0.1865 0.172 0.172 0.172 0.1875 0.1875 0.1715 0.1715 0.1735 0.1735 0.1735 0.162 0.162 0.167 0.167 0.1745 0.1745 0.1745
0.143 0.1545 0.1545 0.1545 0.137 0.137 0.1745 0.1745 0.18 0.18 0.1865 0.1865 0.1865 0.1965 0.1965 0.231 0.231 0.23 0.23 0.23 0.2385 0.2385 0.228 0.228 0.209 0.209 0.209 0.2055 0.2055 0.1955 0.1955 0.1945 0.1945 0.1945 0.197 0.197 0.186 0.186 0.1985 0.1985 0.1985 0.1955 0.1955 0.1855 0.1855 0.15 0.15 0.1515 0.1515 0.1515 0.149 0.149 0.155 0.155 0.158 0.158 0.158 0.153 0.153 0.1625 0.1625 0.1795 0.1795 0.1795 0.18 0.18 0.1655 0.1655 0.1595 0.1595 0.1595 0.1455 0.1455 0.153 0.153 0.16 0.16 0.16
0.143 0.1545 0.1545 0.1545 0.137 0.137 0.1745 0.1745 0.18 0.18 0.1865 0.1865 0.1865 0.1965 0.1965 0.231 0.231 0.23 0.23 0.23 0.2385 0.2385 0.228 0.228 0.209 0.209 0.209 0.2055 0.2055 0.1955 0.1955 0.1945 0.1945 0.1945 0.197 0.197 0.186 0.186 0.1985 0.1985 0.1985 0.1955 0.1955 0.1855 0.1855 0.15 0.15 0.1515 0.1515 0.1515 0.149 0.149 0.155 0.155 0.158 0.158 0.158 0.153 0.153 0.1625 0.1625 0.1795 0.1795 0.1795 0.18 0.18 0.1655 0.1655 0.1595 0.1595 0.1595 0.1455 0.1455 0.153 0.153 0.16 0.16 0.16
0.1275 0.138 0.138 0.138 0.13 0.13 0.139 0.139 0.188 0.188 0.1915 0.1915 0.1915 0.2295 0.2295 0.2375 0.2375 0.234 0.234 0.234 0.2335 0.2335 0.2235 0.2235 0.1845 0.1845 0.1845 0.191 0.191 0.2 0.2 0.1985 0.1985 0.1985 0.218 0.218 0.2035 0.2035 0.1965 0.1965 0.1965 0.1885 0.1885 0.1735 0.1735 0.1615 0.1615 0.164 0.164 0.164 0.175 0.175 0.1745 0.1745 0.159 0.159 0.159 0.157 0.157 0.171 0.171 0.181 0.181 0.181 0.174 0.174 0.1625 0.1625 0.164 0.164 0.164 0.1575 0.1575 0.1675 0.1675 0.1725 0.1725 0.1725
0.1275 0.138 0.138 0.138 0.13 0.13 0.139 0.139 0.188 0.188 0.1915 0.1915 0.1915 0.2295 0.2295 0.2375 0.2375 0.234 0.234 0.234 0.2335 0.2335 0.2235 0.2235 0.1845 0.1845 0.1845 0.191 0.191 0.2 0.2 0.1985 0.1985 0.1985 0.218 0.218 0.2035 0.2035 0.1965 0.1965 0.1965 0.1885 0.1885 0.1735 0.1735 0.1615 0.1615 0.164 0.164 0.164 0.175 0.175 0.1745 0.1745 0.159 0.159 0.159 0.157 0.157 0.171 0.171 0.181 0.181 0.181 0.174 0.174 0.1625 0.1625 0.164 0.164 0.164 0.1575 0.1575 0.1675 0.1675 0.1725 0.1725 0.1725
0.153 0.1515 0.1515 0.1515 0.156 0.156 0.164 0.164 0.1945 0.1945 0.2195 0.2195 0.2195 0.2315 0.2315 0.241 0.241 0.2235 0.2235 0.2235 0.23 0.23 0.226 0.226 0.2085 0.2085 0.2085 0.199 0.199 0.2115 0.2115 0.2135 0.2135 0.2135 0.2105 0.2105 0.2125 0.2125 0.2135 0.2135 0.2135 0.197 0.197 0.2015 0.2015 0.189 0.189 0.203 0.203 0.203 0.202 0.202 0.234 0.234 0.1975 0.1975 0.1975 0.184 0.184 0.189 0.189 0.194 0.194 0.194 0.1925 0.1925 0.179 0.179 0.176 0.176 0.176 0.173 0.173 0.178 0.178 0.177 0.177 0.177
0.153 0.1515 0.1515 0.1515 0.156 0.156 0.164 0.164 0.1945 0.1945 0.2195 0.2195 0.2195 0.2315 0.2315 0.241 0.241 0.2235 0.2235 0.2235 0.23 0.23 0.226 0.226 0.2085 0.2085 0.2085 0.199 0.199 0.2115 0.2115 0.2135 0.2135 0.2135 0.2105 0.2105 0.2125 0.2125 0.2135 0.2135 0.2135 0.197 0.197 0.2015 0.2015 0.189 0.189 0.203 0.203 0.203 0.202 0.202 0.234 0.234 0.1975 0.1975 0.1975 0.184 0.184 0.189 0.189 0.194 0.194 0.194 0.1925 0.1925 0.179 0.179 0.176 0.176 0.176 0.173 0.173 0.178 0.178 0.177 0.177 0.177
0.153 0.1515 0.1515 0.1515 0.156 0.156 0.164 0.164 0.1945 0.1945 0.2195 0.2195 0.2195 0.2315 0.2315 0.241 0.241 0.2235 0.2235 0.2235 0.23 0.23 0.226 0.226 0.2085 0.2085 0.2085 0.199 0.199 0.2115 0.2115 0.2135 0.2135 0.2135 0.2105 0.2105 0.2125 0.2125 0.2135 0.2135 0.2135 0.197 0.197 0.2015 0.2015 0.189 0.189 0.203 0.203 0.203 0.202 0.202 0.234 0.234 0.1975 0.1975 0.1975 0.184 0.184 0.189 0.189 0.194 0.194 0.194 0.1925 0.1925 0.179 0.179 0.176 0.176 0.176 0.173 0.173 0.178 0.178 0.177 0.177 0.177
0.1675 0.151 0.151 0.151 0.1455 0.1455 0.159 0.159 0.198 0.198 0.2195 0.2195 0.2195 0.243 0.243 0.2525 0.2525 0.252 0.252 0.252 0.229 0.229 0.231 0.231 0.231 0.231 0.231 0.2305 0.2305 0.2165 0.2165 0.2165 0.2165 0.2165 0.215 0.215 0.2045 0.2045 0.2065 0.2065 0.2065 0.2245 0.2245 0.2175 0.2175 0.204 0.204 0.219 0.219 0.219 0.2235 0.2235 0.224 0.224 0.2245 0.2245 0.2245 0.235 0.235 0.225 0.225 0.2085 0.2085 0.2085 0.1945 0.1945 0.208 0.208 0.207 0.207 0.207 0.197 0.197 0.1965 0.1965 0.224 0.224 0.224
