ndvi/NOAA-57.asc
ncols         252
nrows         154
xllcorner     -18.017974
yllcorner     13.481982
cellsize      0.035948
NODATA_value  -9999
[rows 0 to 33 of 154, columns 154 to 230 of 252]
0.096 0.087 0.087 0.0965 0.0965 0.0965 0.098 0.098 0.099 0.099 0.0925 0.0925 0.0905 0.0905 0.0905 0.093 0.093 0.0925 0.0925 0.0895 0.0895 0.0895 0.0935 0.0935 0.0935 0.0935 0.096 0.096 0.096 0.09100001 0.09100001 0.0925 0.0925 0.0945 0.0945 0.0945 0.098 0.098 0.0925 0.0925 0.0885 0.0885 0.0885 0.0935 0.0935 0.093 0.093 0.0935 0.0935 0.09649999 0.09649999 0.09649999 0.0885 0.0885 0.0915 0.0915 0.09299999 0.09299999 0.09299999 0.093 0.093 0.0925 0.0925 0.089 0.089 0.089 0.0855 0.0855 0.082 0.082 0.085 0.085 0.085 0.083 0.083 0.08 0.08
0.096 0.087 0.087 0.0965 0.0965 0.0965 0.098 0.098 0.099 0.099 0.0925 0.0925 0.0905 0.0905 0.0905 0.093 0.093 0.0925 0.0925 0.0895 0.0895 0.0895 0.0935 0.0935 0.0935 0.0935 0.096 0.096 0.096 0.09100001 0.09100001 0.0925 0.0925 0.0945 0.0945 0.0945 0.098 0.098 0.0925 0.0925 0.0885 0.0885 0.0885 0.0935 0.0935 0.093 0.093 0.0935 0.0935 0.09649999 0.09649999 0.09649999 0.0885 0.0885 0.0915 0.0915 0.09299999 0.09299999 0.09299999 0.093 0.093 0.0925 0.0925 0.089 0.089 0.089 0.0855 0.0855 0.082 0.082 0.085 0.085 0.085 0.083 0.083 0.08 0.08
0.091 0.089 0.089 0.0925 0.0925 0.0925 0.102 0.102 0.0995 0.0995 0.0925 0.0925 0.089 0.089 0.089 0.0935 0.0935 0.0895 0.0895 0.0865 0.0865 0.0865 0.0955 0.0955 0.0955 0.0955 0.096 0.096 0.096 0.1055 0.1055 0.094 0.094 0.099 0.099 0.099 0.102 0.102 0.0995 0.0995 0.1015 0.1015 0.1015 0.1005 0.1005 0.102 0.102 0.0985 0.0985 0.09999999 0.09999999 0.09999999 0.094 0.094 0.095 0.095 0.096 0.096 0.096 0.1 0.1 0.0985 0.0985 0.09 0.09 0.09 0.092 0.092 0.091 0.091 0.083 0.083 0.083 0.083 0.083 0.0825 0.0825
0.091 0.089 0.089 0.0925 0.0925 0.0925 0.102 0.102 0.0995 0.0995 0.0925 0.0925 0.089 0.089 0.089 0.0935 0.0935 0.0895 0.0895 0.0865 0.0865 0.0865 0.0955 0.0955 0.0955 0.0955 0.096 0.096 0.096 0.1055 0.1055 0.094 0.094 0.099 0.099 0.099 0.102 0.102 0.0995 0.0995 0.1015 0.1015 0.1015 0.1005 0.1005 0.102 0.102 0.0985 0.0985 0.09999999 0.09999999 0.09999999 0.094 0.094 0.095 0.095 0.096 0.096 0.096 0.1 0.1 0.0985 0.0985 0.09 0.09 0.09 0.092 0.092 0.091 0.091 0.083 0.083 0.083 0.083 0.083 0.0825 0.0825
0.091 0.089 0.089 0.0925 0.0925 0.0925 0.102 0.102 0.0995 0.0995 0.0925 0.0925 0.089 0.089 0.089 0.0935 0.0935 0.0895 0.0895 0.0865 0.0865 0.0865 0.0955 0.0955 0.0955 0.0955 0.096 0.096 0.096 0.1055 0.1055 0.094 0.094 0.099 0.099 0.099 0.102 0.102 0.0995 0.0995 0.1015 0.1015 0.1015 0.1005 0.1005 0.102 0.102 0.0985 0.0985 0.09999999 0.09999999 0.09999999 0.094 0.094 0.095 0.095 0.096 0.096 0.096 0.1 0.1 0.0985 0.0985 0.09 0.09 0.09 0.092 0.092 0.091 0.091 0.083 0.083 0.083 0.083 0.083 0.0825 0.0825
0.095 0.096 0.096 0.1035 0.1035 0.1035 0.094 0.094 0.095 0.095 0.093 0.093 0.0895 0.0895 0.0895 0.091 0.091 0.093 0.093 0.094 0.094 0.094 0.096 0.096 0.103 0.103 0.1035 0.1035 0.1035 0.103 0.103 0.105 0.105 0.1025 0.1025 0.1025 0.098 0.098 0.103 0.103 0.104 0.104 0.104 0.1035 0.1035 0.0965 0.0965 0.0905 0.0905 0.09299999 0.09299999 0.09299999 0.096 0.096 0.097 0.097 0.0935 0.0935 0.0935 0.0925 0.0925 0.0935 0.0935 0.095 0.095 0.095 0.0915 0.0915 0.086 0.086 0.086 0.086 0.086 0.0855 0.0855 0.083 0.083
0.095 0.096 0.096 0.1035 0.1035 0.1035 0.094 0.094 0.095 0.095 0.093 0.093 0.0895 0.0895 0.0895 0.091 0.091 0.093 0.093 0.094 0.094 0.094 0.096 0.096 0.103 0.103 0.1035 0.1035 0.1035 0.103 0.103 0.105 0.105 0.1025 0.1025 0.1025 0.098 0.098 0.103 0.103 0.104 0.104 0.104 0.1035 0.1035 0.0965 0.0965 0.0905 0.0905 0.09299999 0.09299999 0.09299999 0.096 0.096 0.097 0.097 0.0935 0.0935 0.0935 0.0925 0.0925 0.0935 0.0935 0.095 0.095 0.095 0.0915 0.0915 0.086 0.086 0.086 0.086 0.086 0.0855 0.0855 0.083 0.083
0.099 0.102 0.102 0.1045 0.1045 0.1045 0.09100001 0.09100001 0.1 0.1 0.099 0.099 0.0985 0.0985 0.0985 0.098 0.098 0.0985 0.0985 0.0995 0.0995 0.0995 0.096 0.096 0.102 0.102 0.1035 0.1035 0.1035 0.104 0.104 0.104 0.104 0.107 0.107 0.107 0.0975 0.0975 0.099 0.099 0.099 0.099 0.099 0.105 0.105 0.1 0.1 0.0975 0.0975 0.1005 0.1005 0.1005 0.098 0.098 0.095 0.095 0.097 0.097 0.097 0.095 0.095 0.09299999 0.09299999 0.091 0.091 0.091 0.095 0.095 0.093 0.093 0.089 0.089 0.089 0.0885 0.0885 0.0865 0.0865
0.099 0.102 0.102 0.1045 0.1045 0.1045 0.09100001 0.09100001 0.1 0.1 0.099 0.099 0.0985 0.0985 0.0985 0.098 0.098 0.0985 0.0985 0.0995 0.0995 0.0995 0.096 0.096 0.102 0.102 0.1035 0.1035 0.1035 0.104 0.104 0.104 0.104 0.107 0.107 0.107 0.0975 0.0975 0.099 0.099 0.099 0.099 0.099 0.105 0.105 0.1 0.1 0.0975 0.0975 0.1005 0.1005 0.1005 0.098 0.098 0.095 0.095 0.097 0.097 0.097 0.095 0.095 0.09299999 0.09299999 0.091 0.091 0.091 0.095 0.095 0.093 0.093 0.089 0.089 0.089 0.0885 0.0885 0.0865 0.0865
0.1005 0.097 0.097 0.094 0.094 0.094 0.09299999 0.09299999 0.09649999 0.09649999 0.104 0.104 0.1015 0.1015 0.1015 0.1005 0.1005 0.1015 0.1015 0.103 0.103 0.103 0.107 0.107 0.09450001 0.09450001 0.101 0.101 0.101 0.09999999 0.09999999 0.102 0.102 0.101 0.101 0.101 0.09299999 0.09299999 0.0885 0.0885 0.0865 0.0865 0.0865 0.09100001 0.09100001 0.0915 0.0915 0.097 0.097 0.0955 0.0955 0.0955 0.097 0.097 0.094 0.094 0.095 0.095 0.095 0.097 0.097 0.097 0.097 0.091 0.091 0.091 0.09450001 0.09450001 0.091 0.091 0.0865 0.0865 0.0865 0.087 0.087 0.0885 0.0885
0.1005 0.097 0.097 0.094 0.094 0.094 0.09299999 0.09299999 0.09649999 0.09649999 0.104 0.104 0.1015 0.1015 0.1015 0.1005 0.1005 0.1015 0.1015 0.103 0.103 0.103 0.107 0.107 0.09450001 0.09450001 0.101 0.101 0.101 0.09999999 0.09999999 0.102 0.102 0.101 0.101 0.101 0.09299999 0.09299999 0.0885 0.0885 0.0865 0.0865 0.0865 0.09100001 0.09100001 0.0915 0.0915 0.097 0.097 0.0955 0.0955 0.0955 0.097 0.097 0.094 0.094 0.095 0.095 0.095 0.097 0.097 0.097 0.097 0.091 0.091 0.091 0.09450001 0.09450001 0.091 0.091 0.0865 0.0865 0.0865 0.087 0.087 0.0885 0.0885
0.095 0.089 0.089 0.0905 0.0905 0.0905 0.0895 0.0895 0.1025 0.1025 0.111 0.111 0.109 0.109 0.109 0.1085 0.1085 0.1075 0.1075 0.1015 0.1015 0.1015 0.1055 0.1055 0.103 0.103 0.093 0.093 0.093 0.0985 0.0985 0.1015 0.1015 0.0975 0.0975 0.0975 0.0925 0.0925 0.0985 0.0985 0.08849999 0.08849999 0.08849999 0.095 0.095 0.094 0.094 0.1035 0.1035 0.095 0.095 0.095 0.0935 0.0935 0.099 0.099 0.097 0.097 0.097 0.0935 0.0935 0.0915 0.0915 0.08400001 0.08400001 0.08400001 0.0845 0.0845 0.084 0.084 0.0865 0.0865 0.0865 0.085 0.085 0.087 0.087
0.095 0.089 0.089 0.0905 0.0905 0.0905 0.0895 0.0895 0.1025 0.1025 0.111 0.111 0.109 0.109 0.109 0.1085 0.1085 0.1075 0.1075 0.1015 0.1015 0.1015 0.1055 0.1055 0.103 0.103 0.093 0.093 0.093 0.0985 0.0985 0.1015 0.1015 0.0975 0.0975 0.0975 0.0925 0.0925 0.0985 0.0985 0.08849999 0.08849999 0.08849999 0.095 0.095 0.094 0.094 0.1035 0.1035 0.095 0.095 0.095 0.0935 0.0935 0.099 0.099 0.097 0.097 0.097 0.0935 0.0935 0.0915 0.0915 0.08400001 0.08400001 0.08400001 0.0845 0.0845 0.084 0.084 0.0865 0.0865 0.0865 0.085 0.085 0.087 0.087
0.095 0.089 0.089 0.0905 0.0905 0.0905 0.0895 0.0895 0.1025 0.1025 0.111 0.111 0.109 0.109 0.109 0.1085 0.1085 0.1075 0.1075 0.1015 0.1015 0.1015 0.1055 0.1055 0.103 0.103 0.093 0.093 0.093 0.0985 0.0985 0.1015 0.1015 0.0975 0.0975 0.0975 0.0925 0.0925 0.0985 0.0985 0.08849999 0.08849999 0.08849999 0.095 0.095 0.094 0.094 0.1035 0.1035 0.095 0.095 0.095 0.0935 0.0935 0.099 0.099 0.097 0.097 0.097 0.0935 0.0935 0.0915 0.0915 0.08400001 0.08400001 0.08400001 0.0845 0.0845 0.084 0.084 0.0865 0.0865 0.0865 0.085 0.085 0.087 0.087
0.094 0.0995 0.0995 0.0955 0.0955 0.0955 0.101 0.101 0.1 0.1 0.1065 0.1065 0.103 0.103 0.103 0.113 0.113 0.109 0.109 0.1095 0.1095 0.1095 0.103 0.103 0.1045 0.1045 0.092 0.092 0.092 0.0915 0.0915 0.092 0.092 0.095 0.095 0.095 0.0875 0.0875 0.09 0.09 0.0795 0.0795 0.0795 0.08750001 0.08750001 0.0955 0.0955 0.094 0.094 0.08750001 0.08750001 0.08750001 0.0845 0.0845 0.088 0.088 0.0845 0.0845 0.0845 0.0905 0.0905 0.0855 0.0855 0.084 0.084 0.084 0.0835 0.0835 0.082 0.082 0.08 0.08 0.08 0.08 0.08 0.088 0.088
0.094 0.0995 0.0995 0.0955 0.0955 0.0955 0.101 0.101 0.1 0.1 0.1065 0.1065 0.103 0.103 0.103 0.113 0.113 0.109 0.109 0.1095 0.1095 0.1095 0.103 0.103 0.1045 0.1045 0.092 0.092 0.092 0.0915 0.0915 0.092 0.092 0.095 0.095 0.095 0.0875 0.0875 0.09 0.09 0.0795 0.0795 0.0795 0.08750001 0.08750001 0.0955 0.0955 0.094 0.094 0.08750001 0.08750001 0.08750001 0.0845 0.0845 0.088 0.088 0.0845 0.0845 0.0845 0.0905 0.0905 0.0855 0.0855 0.084 0.084 0.084 0.0835 0.0835 0.082 0.082 0.08 0.08 0.08 0.08 0.08 0.088 0.088
0.0985 0.0955 0.0955 0.098 0.098 0.098 0.099 0.099 0.09649999 0.09649999 0.114 0.114 0.1135 0.1135 0.1135 0.11 0.11 0.116 0.116 0.097 0.097 0.097 0.093 0.093 0.0985 0.0985 0.0935 0.0935 0.0935 0.0835 0.0835 0.081 0.081 0.086 0.086 0.086 0.0845 0.0845 0.082 0.082 0.0805 0.0805 0.0805 0.07799999 0.07799999 0.0705 0.0705 0.0765 0.0765 0.08 0.08 0.08 0.0815 0.0815 0.084 0.084 0.0835 0.0835 0.0835 0.083 0.083 0.0855 0.0855 0.086 0.086 0.086 0.0865 0.0865 0.083 0.083 0.086 0.086 0.086 0.085 0.085 0.096 0.096
0.0985 0.0955 0.0955 0.098 0.098 0.098 0.099 0.099 0.09649999 0.09649999 0.114 0.114 0.1135 0.1135 0.1135 0.11 0.11 0.116 0.116 0.097 0.097 0.097 0.093 0.093 0.0985 0.0985 0.0935 0.0935 0.0935 0.0835 0.0835 0.081 0.081 0.086 0.086 0.086 0.0845 0.0845 0.082 0.082 0.0805 0.0805 0.0805 0.07799999 0.07799999 0.0705 0.0705 0.0765 0.0765 0.08 0.08 0.08 0.0815 0.0815 0.084 0.084 0.0835 0.0835 0.0835 0.083 0.083 0.0855 0.0855 0.086 0.086 0.086 0.0865 0.0865 0.083 0.083 0.086 0.086 0.086 0.085 0.085 0.096 0.096
0.098 0.1055 0.1055 0.0995 0.0995 0.0995 0.0945 0.0945 0.094 0.094 0.0865 0.0865 0.091 0.091 0.091 0.09 0.09 0.092 0.092 0.098 0.098 0.098 0.111 0.111 0.0815 0.0815 0.0785 0.0785 0.0785 0.0755 0.0755 0.093 0.093 0.07099999 0.07099999 0.07099999 0.0785 0.0785 0.0775 0.0775 0.0855 0.0855 0.0855 0.08499999 0.08499999 0.08149999 0.08149999 0.085 0.085 0.07700001 0.07700001 0.07700001 0.0855 0.0855 0.093 0.093 0.0845 0.0845 0.0845 0.0865 0.0865 0.0875 0.0875 0.0895 0.0895 0.0895 0.088 0.088 0.0865 0.0865 0.0865 0.0865 0.0865 0.089 0.089 0.0905 0.0905
0.098 0.1055 0.1055 0.0995 0.0995 0.0995 0.0945 0.0945 0.094 0.094 0.0865 0.0865 0.091 0.091 0.091 0.09 0.09 0.092 0.092 0.098 0.098 0.098 0.111 0.111 0.0815 0.0815 0.0785 0.0785 0.0785 0.0755 0.0755 0.093 0.093 0.07099999 0.07099999 0.07099999 0.0785 0.0785 0.0775 0.0775 0.0855 0.0855 0.0855 0.08499999 0.08499999 0.08149999 0.08149999 0.085 0.085 0.07700001 0.07700001 0.07700001 0.0855 0.0855 0.093 0.093 0.0845 0.0845 0.0845 0.0865 0.0865 0.0875 0.0875 0.0895 0.0895 0.0895 0.088 0.088 0.0865 0.0865 0.0865 0.0865 0.0865 0.089 0.089 0.0905 0.0905
0.098 0.1055 0.1055 0.0995 0.0995 0.0995 0.0945 0.0945 0.094 0.094 0.0865 0.0865 0.091 0.091 0.091 0.09 0.09 0.092 0.092 0.098 0.098 0.098 0.111 0.111 0.0815 0.0815 0.0785 0.0785 0.0785 0.0755 0.0755 0.093 0.093 0.07099999 0.07099999 0.07099999 0.0785 0.0785 0.0775 0.0775 0.0855 0.0855 0.0855 0.08499999 0.08499999 0.08149999 0.08149999 0.085 0.085 0.07700001 0.07700001 0.07700001 0.0855 0.0855 0.093 0.093 0.0845 0.0845 0.0845 0.0865 0.0865 0.0875 0.0875 0.0895 0.0895 0.0895 0.088 0.088 0.0865 0.0865 0.0865 0.0865 0.0865 0.089 0.089 0.0905 0.0905
0.114 0.1225 0.1225 0.09649999 0.09649999 0.09649999 0.0885 0.0885 0.0885 0.0885 0.09100001 0.09100001 0.092 0.092 0.092 0.1085 0.1085 0.1075 0.1075 0.108 0.108 0.108 0.0935 0.0935 0.0955 0.0955 0.081 0.081 0.081 0.0785 0.0785 0.0805 0.0805 0.0735 0.0735 0.0735 0.096 0.096 0.1 0.1 0.09299999 0.09299999 0.09299999 0.09 0.09 0.0885 0.0885 0.087 0.087 0.0825 0.0825 0.0825 0.0875 0.0875 0.087 0.087 0.0855 0.0855 0.0855 0.084 0.084 0.0865 0.0865 0.0865 0.0865 0.0865 0.091 0.091 0.0895 0.0895 0.09 0.09 0.09 0.09 0.09 0.086 0.086
0.114 0.1225 0.1225 0.09649999 0.09649999 0.09649999 0.0885 0.0885 0.0885 0.0885 0.09100001 0.09100001 0.092 0.092 0.092 0.1085 0.1085 0.1075 0.1075 0.108 0.108 0.108 0.0935 0.0935 0.0955 0.0955 0.081 0.081 0.081 0.0785 0.0785 0.0805 0.0805 0.0735 0.0735 0.0735 0.096 0.096 0.1 0.1 0.09299999 0.09299999 0.09299999 0.09 0.09 0.0885 0.0885 0.087 0.087 0.0825 0.0825 0.0825 0.0875 0.0875 0.087 0.087 0.0855 0.0855 0.0855 0.084 0.084 0.0865 0.0865 0.0865 0.0865 0.0865 0.091 0.091 0.0895 0.0895 0.09 0.09 0.09 0.09 0.09 0.086 0.086
0.1015 0.1065 0.1065 0.102 0.102 0.102 0.108 0.108 0.0995 0.0995 0.1005 0.1005 0.112 0.112 0.112 0.104 0.104 0.1 0.1 0.121 0.121 0.121 0.112 0.112 0.1115 0.1115 0.112 0.112 0.112 0.11 0.11 0.1075 0.1075 0.107 0.107 0.107 0.1025 0.1025 0.0935 0.0935 0.0885 0.0885 0.0885 0.0905 0.0905 0.0875 0.0875 0.087 0.087 0.0825 0.0825 0.0825 0.082 0.082 0.083 0.083 0.084 0.084 0.084 0.088 0.088 0.092 0.092 0.092 0.092 0.092 0.0915 0.0915 0.088 0.088 0.0905 0.0905 0.0905 0.09299999 0.09299999 0.087 0.087
0.1015 0.1065 0.1065 0.102 0.102 0.102 0.108 0.108 0.0995 0.0995 0.1005 0.1005 0.112 0.112 0.112 0.104 0.104 0.1 0.1 0.121 0.121 0.121 0.112 0.112 0.1115 0.1115 0.112 0.112 0.112 0.11 0.11 0.1075 0.1075 0.107 0.107 0.107 0.1025 0.1025 0.0935 0.0935 0.0885 0.0885 0.0885 0.0905 0.0905 0.0875 0.0875 0.087 0.087 0.0825 0.0825 0.0825 0.082 0.082 0.083 0.083 0.084 0.084 0.084 0.088 0.088 0.092 0.092 0.092 0.092 0.092 0.0915 0.0915 0.088 0.088 0.0905 0.0905 0.0905 0.09299999 0.09299999 0.087 0.087
0.1085 0.103 0.103 0.123 0.123 0.123 0.131 0.131 0.1245 0.1245 0.119 0.119 0.117 0.117 0.117 0.1315 0.1315 0.1115 0.1115 0.1185 0.1185 0.1185 0.115 0.115 0.109 0.109 0.108 0.108 0.108 0.0985 0.0985 0.1045 0.1045 0.1075 0.1075 0.1075 0.1 0.1 0.095 0.095 0.085 0.085 0.085 0.085 0.085 0.0855 0.0855 0.0895 0.0895 0.092 0.092 0.092 0.0895 0.0895 0.0875 0.0875 0.087 0.087 0.087 0.09 0.09 0.0925 0.0925 0.096 0.096 0.096 0.0945 0.0945 0.09100001 0.09100001 0.09 0.09 0.09 0.0925 0.0925 0.085 0.085
0.1085 0.103 0.103 0.123 0.123 0.123 0.131 0.131 0.1245 0.1245 0.119 0.119 0.117 0.117 0.117 0.1315 0.1315 0.1115 0.1115 0.1185 0.1185 0.1185 0.115 0.115 0.109 0.109 0.108 0.108 0.108 0.0985 0.0985 0.1045 0.1045 0.1075 0.1075 0.1075 0.1 0.1 0.095 0.095 0.085 0.085 0.085 0.085 0.085 0.0855 0.0855 0.0895 0.0895 0.092 0.092 0.092 0.0895 0.0895 0.0875 0.0875 0.087 0.087 0.087 0.09 0.09 0.0925 0.0925 0.096 0.096 0.096 0.0945 0.0945 0.09100001 0.09100001 0.09 0.09 0.09 0.0925 0.0925 0.085 0.085
0.1085 0.103 0.103 0.123 0.123 0.123 0.131 0.131 0.1245 0.1245 0.119 0.119 0.117 0.117 0.117 0.1315 0.1315 0.1115 0.1115 0.1185 0.1185 0.1185 0.115 0.115 0.109 0.109 0.108 0.108 0.108 0.0985 0.0985 0.1045 0.1045 0.1075 0.1075 0.1075 0.1 0.1 0.095 0.095 0.085 0.085 0.085 0.085 0.085 0.0855 0.0855 0.0895 0.0895 0.092 0.092 0.092 0.0895 0.0895 0.0875 0.0875 0.087 0.087 0.087 0.09 0.09 0.0925 0.0925 0.096 0.096 0.096 0.0945 0.0945 0.09100001 0.09100001 0.09 0.09 0.09 0.0925 0.0925 0.085 0.085
0.109 0.1155 0.1155 0.1185 0.1185 0.1185 0.159 0.159 0.1195 0.1195 0.1265 0.1265 0.1265 0.1265 0.1265 0.136 0.136 0.1205 0.1205 0.113 0.113 0.113 0.117 0.117 0.116 0.116 0.11 0.11 0.11 0.113 0.113 0.116 0.116 0.099 0.099 0.099 0.0985 0.0985 0.093 0.093 0.087 0.087 0.087 0.085 0.085 0.087 0.087 0.096 0.096 0.0925 0.0925 0.0925 0.088 0.088 0.088 0.088 0.0915 0.0915 0.0915 0.0905 0.0905 0.09900001 0.09900001 0.0945 0.0945 0.0945 0.0955 0.0955 0.093 0.093 0.09649999 0.09649999 0.09649999 0.095 0.095 0.092 0.092
0.109 0.1155 0.1155 0.1185 0.1185 0.1185 0.159 0.159 0.1195 0.1195 0.1265 0.1265 0.1265 0.1265 0.1265 0.136 0.136 0.1205 0.1205 0.113 0.113 0.113 0.117 0.117 0.116 0.116 0.11 0.11 0.11 0.113 0.113 0.116 0.116 0.099 0.099 0.099 0.0985 0.0985 0.093 0.093 0.087 0.087 0.087 0.085 0.085 0.087 0.087 0.096 0.096 0.0925 0.0925 0.0925 0.088 0.088 0.088 0.088 0.0915 0.0915 0.0915 0.0905 0.0905 0.09900001 0.09900001 0.0945 0.0945 0.0945 0.0955 0.0955 0.093 0.093 0.09649999 0.09649999 0.09649999 0.095 0.095 0.092 0.092
0.1175 0.112 0.112 0.135 0.135 0.135 0.148 0.148 0.1385 0.1385 0.123 0.123 0.12 0.12 0.12 0.1315 0.1315 0.1185 0.1185 0.1255 0.1255 0.1255 0.12 0.12 0.117 0.117 0.11 0.11 0.11 0.11 0.11 0.11 0.11 0.1055 0.1055 0.1055 0.101 0.101 0.099 0.099 0.1085 0.1085 0.1085 0.1095 0.1095 0.101 0.101 0.0975 0.0975 0.0955 0.0955 0.0955 0.096 0.096 0.094 0.094 0.0935 0.0935 0.0935 0.09649999 0.09649999 0.0985 0.0985 0.09900001 0.09900001 0.09900001 0.105 0.105 0.105 0.105 0.1005 0.1005 0.1005 0.1 0.1 0.091 0.091
0.1175 0.112 0.112 0.135 0.135 0.135 0.148 0.148 0.1385 0.1385 0.123 0.123 0.12 0.12 0.12 0.1315 0.1315 0.1185 0.1185 0.1255 0.1255 0.1255 0.12 0.12 0.117 0.117 0.11 0.11 0.11 0.11 0.11 0.11 0.11 0.1055 0.1055 0.1055 0.101 0.101 0.099 0.099 0.1085 0.1085 0.1085 0.1095 0.1095 0.101 0.101 0.0975 0.0975 0.0955 0.0955 0.0955 0.096 0.096 0.094 0.094 0.0935 0.0935 0.0935 0.09649999 0.09649999 0.0985 0.0985 0.09900001 0.09900001 0.09900001 0.105 0.105 0.105 0.105 0.1005 0.1005 0.1005 0.1 0.1 0.091 0.091
0.1295 0.133 0.133 0.1365 0.1365 0.1365 0.1535 0.1535 0.142 0.142 0.126 0.126 0.1235 0.1235 0.1235 0.1195 0.1195 0.114 0.114 0.114 0.114 0.114 0.1195 0.1195 0.1185 0.1185 0.1095 0.1095 0.1095 0.115 0.115 0.1195 0.1195 0.1145 0.1145 0.1145 0.111 0.111 0.12 0.12 0.115 0.115 0.115 0.11 0.11 0.1075 0.1075 0.1245 0.1245 0.1205 0.1205 0.1205 0.116 0.116 0.0975 0.0975 0.0975 0.0975 0.0975 0.099 0.099 0.101 0.101 0.103 0.103 0.103 0.102 0.102 0.0995 0.0995 0.1055 0.1055 0.1055 0.09649999 0.09649999 0.0925 0.0925
0.1295 0.133 0.133 0.1365 0.1365 0.1365 0.1535 0.1535 0.142 0.142 0.126 0.126 0.1235 0.1235 0.1235 0.1195 0.1195 0.114 0.114 0.114 0.114 0.114 0.1195 0.1195 0.1185 0.1185 0.1095 0.1095 0.1095 0.115 0.115 0.1195 0.1195 0.1145 0.1145 0.1145 0.111 0.111 0.12 0.12 0.115 0.115 0.115 0.11 0.11 0.1075 0.1075 0.1245 0.1245 0.1205 0.1205 0.1205 0.116 0.116 0.0975 0.0975 0.0975 0.0975 0.0975 0.099 0.099 0.101 0.101 0.103 0.103 0.103 0.102 0.102 0.0995 0.0995 0.1055 0.1055 0.1055 0.09649999 0.09649999 0.0925 0.0925
