ndvi/NOAA-284.asc
ncols         252
nrows         154
xllcorner     -18.017974
yllcorner     13.481982
cellsize      0.035948
NODATA_value  -9999
[rows 34 to 67 of 154, columns 154 to 230 of 252]
0.136 0.128 0.128 0.1335 0.1335 0.1335 0.197 0.197 0.1255 0.1255 0.121 0.121 0.1075 0.1075 0.1075 0.1125 0.1125 0.1085 0.1085 0.092 0.092 0.092 0.095 0.095 0.116 0.116 0.0975 0.0975 0.0975 0.11 0.11 0.1185 0.1185 0.109 0.109 0.109 0.1005 0.1005 0.113 0.113 0.118 0.118 0.118 0.1095 0.1095 0.112 0.112 0.1385 0.1385 0.1525 0.1525 0.1525 0.138 0.138 0.1205 0.1205 0.123 0.123 0.123 0.0915 0.0915 0.09100001 0.09100001 0.0915 0.0915 0.0915 0.09900001 0.09900001 0.095 0.095 0.095 0.095 0.095 0.0885 0.0885 0.093 0.093
0.136 0.128 0.128 0.1335 0.1335 0.1335 0.197 0.197 0.1255 0.1255 0.121 0.121 0.1075 0.1075 0.1075 0.1125 0.1125 0.1085 0.1085 0.092 0.092 0.092 0.095 0.095 0.116 0.116 0.0975 0.0975 0.0975 0.11 0.11 0.1185 0.1185 0.109 0.109 0.109 0.1005 0.1005 0.113 0.113 0.118 0.118 0.118 0.1095 0.1095 0.112 0.112 0.1385 0.1385 0.1525 0.1525 0.1525 0.138 0.138 0.1205 0.1205 0.123 0.123 0.123 0.0915 0.0915 0.09100001 0.09100001 0.0915 0.0915 0.0915 0.09900001 0.09900001 0.095 0.095 0.095 0.095 0.095 0.0885 0.0885 0.093 0.093
0.136 0.128 0.128 0.1335 0.1335 0.1335 0.197 0.197 0.1255 0.1255 0.121 0.121 0.1075 0.1075 0.1075 0.1125 0.1125 0.1085 0.1085 0.092 0.092 0.092 0.095 0.095 0.116 0.116 0.0975 0.0975 0.0975 0.11 0.11 0.1185 0.1185 0.109 0.109 0.109 0.1005 0.1005 0.113 0.113 0.118 0.118 0.118 0.1095 0.1095 0.112 0.112 0.1385 0.1385 0.1525 0.1525 0.1525 0.138 0.138 0.1205 0.1205 0.123 0.123 0.123 0.0915 0.0915 0.09100001 0.09100001 0.0915 0.0915 0.0915 0.09900001 0.09900001 0.095 0.095 0.095 0.095 0.095 0.0885 0.0885 0.093 0.093
0.1215 0.14 0.14 0.177 0.177 0.177 0.1325 0.1325 0.1195 0.1195 0.1225 0.1225 0.123 0.123 0.123 0.1395 0.1395 0.1265 0.1265 0.107 0.107 0.107 0.1055 0.1055 0.104 0.104 0.1005 0.1005 0.1005 0.114 0.114 0.118 0.118 0.09450001 0.09450001 0.09450001 0.1225 0.1225 0.1135 0.1135 0.1205 0.1205 0.1205 0.111 0.111 0.112 0.112 0.1355 0.1355 0.1325 0.1325 0.1325 0.122 0.122 0.113 0.113 0.15 0.15 0.15 0.1205 0.1205 0.0985 0.0985 0.0925 0.0925 0.0925 0.0915 0.0915 0.094 0.094 0.106 0.106 0.106 0.102 0.102 0.098 0.098
0.1215 0.14 0.14 0.177 0.177 0.177 0.1325 0.1325 0.1195 0.1195 0.1225 0.1225 0.123 0.123 0.123 0.1395 0.1395 0.1265 0.1265 0.107 0.107 0.107 0.1055 0.1055 0.104 0.104 0.1005 0.1005 0.1005 0.114 0.114 0.118 0.118 0.09450001 0.09450001 0.09450001 0.1225 0.1225 0.1135 0.1135 0.1205 0.1205 0.1205 0.111 0.111 0.112 0.112 0.1355 0.1355 0.1325 0.1325 0.1325 0.122 0.122 0.113 0.113 0.15 0.15 0.15 0.1205 0.1205 0.0985 0.0985 0.0925 0.0925 0.0925 0.0915 0.0915 0.094 0.094 0.106 0.106 0.106 0.102 0.102 0.098 0.098
0.144 0.151 0.151 0.1345 0.1345 0.1345 0.1355 0.1355 0.1495 0.1495 0.153 0.153 0.1285 0.1285 0.1285 0.1315 0.1315 0.107 0.107 0.125 0.125 0.125 0.096 0.096 0.11 0.11 0.1055 0.1055 0.1055 0.1235 0.1235 0.1305 0.1305 0.138 0.138 0.138 0.138 0.138 0.134 0.134 0.126 0.126 0.126 0.1085 0.1085 0.144 0.144 0.14 0.14 0.133 0.133 0.133 0.136 0.136 0.136 0.136 0.157 0.157 0.157 0.1345 0.1345 0.1285 0.1285 0.106 0.106 0.106 0.091 0.091 0.1 0.1 0.111 0.111 0.111 0.113 0.113 0.105 0.105
0.144 0.151 0.151 0.1345 0.1345 0.1345 0.1355 0.1355 0.1495 0.1495 0.153 0.153 0.1285 0.1285 0.1285 0.1315 0.1315 0.107 0.107 0.125 0.125 0.125 0.096 0.096 0.11 0.11 0.1055 0.1055 0.1055 0.1235 0.1235 0.1305 0.1305 0.138 0.138 0.138 0.138 0.138 0.134 0.134 0.126 0.126 0.126 0.1085 0.1085 0.144 0.144 0.14 0.14 0.133 0.133 0.133 0.136 0.136 0.136 0.136 0.157 0.157 0.157 0.1345 0.1345 0.1285 0.1285 0.106 0.106 0.106 0.091 0.091 0.1 0.1 0.111 0.111 0.111 0.113 0.113 0.105 0.105
0.1365 0.135 0.135 0.124 0.124 0.124 0.1315 0.1315 0.136 0.136 0.1535 0.1535 0.1315 0.1315 0.1315 0.1555 0.1555 0.138 0.138 0.129 0.129 0.129 0.12 0.12 0.1375 0.1375 0.1525 0.1525 0.1525 0.1555 0.1555 0.195 0.195 0.1945 0.1945 0.1945 0.18 0.18 0.174 0.174 0.157 0.157 0.157 0.1425 0.1425 0.1665 0.1665 0.18 0.18 0.156 0.156 0.156 0.167 0.167 0.159 0.159 0.1375 0.1375 0.1375 0.1485 0.1485 0.1475 0.1475 0.157 0.157 0.157 0.1295 0.1295 0.1255 0.1255 0.124 0.124 0.124 0.121 0.121 0.096 0.096
0.1365 0.135 0.135 0.124 0.124 0.124 0.1315 0.1315 0.136 0.136 0.1535 0.1535 0.1315 0.1315 0.1315 0.1555 0.1555 0.138 0.138 0.129 0.129 0.129 0.12 0.12 0.1375 0.1375 0.1525 0.1525 0.1525 0.1555 0.1555 0.195 0.195 0.1945 0.1945 0.1945 0.18 0.18 0.174 0.174 0.157 0.157 0.157 0.1425 0.1425 0.1665 0.1665 0.18 0.18 0.156 0.156 0.156 0.167 0.167 0.159 0.159 0.1375 0.1375 0.1375 0.1485 0.1485 0.1475 0.1475 0.157 0.157 0.157 0.1295 0.1295 0.1255 0.1255 0.124 0.124 0.124 0.121 0.121 0.096 0.096
0.1365 0.135 0.135 0.124 0.124 0.124 0.1315 0.1315 0.136 0.136 0.1535 0.1535 0.1315 0.1315 0.1315 0.1555 0.1555 0.138 0.138 0.129 0.129 0.129 0.12 0.12 0.1375 0.1375 0.1525 0.1525 0.1525 0.1555 0.1555 0.195 0.195 0.1945 0.1945 0.1945 0.18 0.18 0.174 0.174 0.157 0.157 0.157 0.1425 0.1425 0.1665 0.1665 0.18 0.18 0.156 0.156 0.156 0.167 0.167 0.159 0.159 0.1375 0.1375 0.1375 0.1485 0.1485 0.1475 0.1475 0.157 0.157 0.157 0.1295 0.1295 0.1255 0.1255 0.124 0.124 0.124 0.121 0.121 0.096 0.096
0.145 0.178 0.178 0.152 0.152 0.152 0.1555 0.1555 0.1875 0.1875 0.1745 0.1745 0.1845 0.1845 0.1845 0.164 0.164 0.21 0.21 0.2175 0.2175 0.2175 0.1715 0.1715 0.178 0.178 0.183 0.183 0.183 0.1905 0.1905 0.211 0.211 0.209 0.209 0.209 0.2085 0.2085 0.1985 0.1985 0.186 0.186 0.186 0.19 0.19 0.1635 0.1635 0.181 0.181 0.1915 0.1915 0.1915 0.171 0.171 0.1365 0.1365 0.134 0.134 0.134 0.1695 0.1695 0.1695 0.1695 0.1755 0.1755 0.1755 0.1465 0.1465 0.1335 0.1335 0.1375 0.1375 0.1375 0.1275 0.1275 0.117 0.117
0.145 0.178 0.178 0.152 0.152 0.152 0.1555 0.1555 0.1875 0.1875 0.1745 0.1745 0.1845 0.1845 0.1845 0.164 0.164 0.21 0.21 0.2175 0.2175 0.2175 0.1715 0.1715 0.178 0.178 0.183 0.183 0.183 0.1905 0.1905 0.211 0.211 0.209 0.209 0.209 0.2085 0.2085 0.1985 0.1985 0.186 0.186 0.186 0.19 0.19 0.1635 0.1635 0.181 0.181 0.1915 0.1915 0.1915 0.171 0.171 0.1365 0.1365 0.134 0.134 0.134 0.1695 0.1695 0.1695 0.1695 0.1755 0.1755 0.1755 0.1465 0.1465 0.1335 0.1335 0.1375 0.1375 0.1375 0.1275 0.1275 0.117 0.117
0.198 0.2005 0.2005 0.236 0.236 0.236 0.248 0.248 0.2455 0.2455 0.2475 0.2475 0.2985 0.2985 0.2985 0.254 0.254 0.2795 0.2795 0.2875 0.2875 0.2875 0.2235 0.2235 0.2175 0.2175 0.2265 0.2265 0.2265 0.2275 0.2275 0.239 0.239 0.2275 0.2275 0.2275 0.2025 0.2025 0.1935 0.1935 0.2175 0.2175 0.2175 0.233 0.233 0.2295 0.2295 0.199 0.199 0.1775 0.1775 0.1775 0.177 0.177 0.1715 0.1715 0.196 0.196 0.196 0.183 0.183 0.169 0.169 0.165 0.165 0.165 0.149 0.149 0.1475 0.1475 0.14 0.14 0.14 0.122 0.122 0.126 0.126
0.198 0.2005 0.2005 0.236 0.236 0.236 0.248 0.248 0.2455 0.2455 0.2475 0.2475 0.2985 0.2985 0.2985 0.254 0.254 0.2795 0.2795 0.2875 0.2875 0.2875 0.2235 0.2235 0.2175 0.2175 0.2265 0.2265 0.2265 0.2275 0.2275 0.239 0.239 0.2275 0.2275 0.2275 0.2025 0.2025 0.1935 0.1935 0.2175 0.2175 0.2175 0.233 0.233 0.2295 0.2295 0.199 0.199 0.1775 0.1775 0.1775 0.177 0.177 0.1715 0.1715 0.196 0.196 0.196 0.183 0.183 0.169 0.169 0.165 0.165 0.165 0.149 0.149 0.1475 0.1475 0.14 0.14 0.14 0.122 0.122 0.126 0.126
0.213 0.245 0.245 0.262 0.262 0.262 0.293 0.293 0.2685 0.2685 0.2645 0.2645 0.262 0.262 0.262 0.286 0.286 0.284 0.284 0.216 0.216 0.216 0.212 0.212 0.232 0.232 0.2485 0.2485 0.2485 0.273 0.273 0.251 0.251 0.236 0.236 0.236 0.2085 0.2085 0.183 0.183 0.245 0.245 0.245 0.303 0.303 0.2755 0.2755 0.2415 0.2415 0.1945 0.1945 0.1945 0.187 0.187 0.21 0.21 0.211 0.211 0.211 0.2005 0.2005 0.204 0.204 0.2015 0.2015 0.2015 0.1875 0.1875 0.175 0.175 0.1455 0.1455 0.1455 0.132 0.132 0.1225 0.1225
0.213 0.245 0.245 0.262 0.262 0.262 0.293 0.293 0.2685 0.2685 0.2645 0.2645 0.262 0.262 0.262 0.286 0.286 0.284 0.284 0.216 0.216 0.216 0.212 0.212 0.232 0.232 0.2485 0.2485 0.2485 0.273 0.273 0.251 0.251 0.236 0.236 0.236 0.2085 0.2085 0.183 0.183 0.245 0.245 0.245 0.303 0.303 0.2755 0.2755 0.2415 0.2415 0.1945 0.1945 0.1945 0.187 0.187 0.21 0.21 0.211 0.211 0.211 0.2005 0.2005 0.204 0.204 0.2015 0.2015 0.2015 0.1875 0.1875 0.175 0.175 0.1455 0.1455 0.1455 0.132 0.132 0.1225 0.1225
0.213 0.245 0.245 0.262 0.262 0.262 0.293 0.293 0.2685 0.2685 0.2645 0.2645 0.262 0.262 0.262 0.286 0.286 0.284 0.284 0.216 0.216 0.216 0.212 0.212 0.232 0.232 0.2485 0.2485 0.2485 0.273 0.273 0.251 0.251 0.236 0.236 0.236 0.2085 0.2085 0.183 0.183 0.245 0.245 0.245 0.303 0.303 0.2755 0.2755 0.2415 0.2415 0.1945 0.1945 0.1945 0.187 0.187 0.21 0.21 0.211 0.211 0.211 0.2005 0.2005 0.204 0.204 0.2015 0.2015 0.2015 0.1875 0.1875 0.175 0.175 0.1455 0.1455 0.1455 0.132 0.132 0.1225 0.1225
0.1965 0.2035 0.2035 0.2325 0.2325 0.2325 0.2955 0.2955 0.3415 0.3415 0.316 0.316 0.256 0.256 0.256 0.2605 0.2605 0.274 0.274 0.2505 0.2505 0.2505 0.2655 0.2655 0.2495 0.2495 0.3205 0.3205 0.3205 0.298 0.298 0.3385 0.3385 0.2845 0.2845 0.2845 0.255 0.255 0.2435 0.2435 0.2995 0.2995 0.2995 0.282 0.282 0.274 0.274 0.22 0.22 0.153 0.153 0.153 0.1885 0.1885 0.1715 0.1715 0.236 0.236 0.236 0.2375 0.2375 0.223 0.223 0.2125 0.2125 0.2125 0.198 0.198 0.197 0.197 0.139 0.139 0.139 0.1775 0.1775 0.1535 0.1535
0.1965 0.2035 0.2035 0.2325 0.2325 0.2325 0.2955 0.2955 0.3415 0.3415 0.316 0.316 0.256 0.256 0.256 0.2605 0.2605 0.274 0.274 0.2505 0.2505 0.2505 0.2655 0.2655 0.2495 0.2495 0.3205 0.3205 0.3205 0.298 0.298 0.3385 0.3385 0.2845 0.2845 0.2845 0.255 0.255 0.2435 0.2435 0.2995 0.2995 0.2995 0.282 0.282 0.274 0.274 0.22 0.22 0.153 0.153 0.153 0.1885 0.1885 0.1715 0.1715 0.236 0.236 0.236 0.2375 0.2375 0.223 0.223 0.2125 0.2125 0.2125 0.198 0.198 0.197 0.197 0.139 0.139 0.139 0.1775 0.1775 0.1535 0.1535
0.165 0.2105 0.2105 0.245 0.245 0.245 0.321 0.321 0.3245 0.3245 0.3105 0.3105 0.2975 0.2975 0.2975 0.2905 0.2905 0.238 0.238 0.271 0.271 0.271 0.304 0.304 0.356 0.356 0.3335 0.3335 0.3335 0.36 0.36 0.3855 0.3855 0.3925 0.3925 0.3925 0.3385 0.3385 0.309 0.309 0.2835 0.2835 0.2835 0.2425 0.2425 0.2105 0.2105 0.215 0.215 0.178 0.178 0.178 0.186 0.186 0.2165 0.2165 0.247 0.247 0.247 0.254 0.254 0.2455 0.2455 0.2335 0.2335 0.2335 0.1665 0.1665 0.1855 0.1855 0.2185 0.2185 0.2185 0.209 0.209 0.1955 0.1955
0.165 0.2105 0.2105 0.245 0.245 0.245 0.321 0.321 0.3245 0.3245 0.3105 0.3105 0.2975 0.2975 0.2975 0.2905 0.2905 0.238 0.238 0.271 0.271 0.271 0.304 0.304 0.356 0.356 0.3335 0.3335 0.3335 0.36 0.36 0.3855 0.3855 0.3925 0.3925 0.3925 0.3385 0.3385 0.309 0.309 0.2835 0.2835 0.2835 0.2425 0.2425 0.2105 0.2105 0.215 0.215 0.178 0.178 0.178 0.186 0.186 0.2165 0.2165 0.247 0.247 0.247 0.254 0.254 0.2455 0.2455 0.2335 0.2335 0.2335 0.1665 0.1665 0.1855 0.1855 0.2185 0.2185 0.2185 0.209 0.209 0.1955 0.1955
0.154 0.179 0.179 0.2465 0.2465 0.2465 0.2885 0.2885 0.3005 0.3005 0.3085 0.3085 0.3025 0.3025 0.3025 0.324 0.324 0.298 0.298 0.308 0.308 0.308 0.3375 0.3375 0.374 0.374 0.3895 0.3895 0.3895 0.3905 0.3905 0.3735 0.3735 0.3715 0.3715 0.3715 0.3495 0.3495 0.337 0.337 0.2815 0.2815 0.2815 0.2915 0.2915 0.273 0.273 0.2355 0.2355 0.2465 0.2465 0.2465 0.2505 0.2505 0.2735 0.2735 0.2715 0.2715 0.2715 0.2455 0.2455 0.253 0.253 0.2575 0.2575 0.2575 0.238 0.238 0.1935 0.1935 0.198 0.198 0.198 0.1875 0.1875 0.198 0.198
0.154 0.179 0.179 0.2465 0.2465 0.2465 0.2885 0.2885 0.3005 0.3005 0.3085 0.3085 0.3025 0.3025 0.3025 0.324 0.324 0.298 0.298 0.308 0.308 0.308 0.3375 0.3375 0.374 0.374 0.3895 0.3895 0.3895 0.3905 0.3905 0.3735 0.3735 0.3715 0.3715 0.3715 0.3495 0.3495 0.337 0.337 0.2815 0.2815 0.2815 0.2915 0.2915 0.273 0.273 0.2355 0.2355 0.2465 0.2465 0.2465 0.2505 0.2505 0.2735 0.2735 0.2715 0.2715 0.2715 0.2455 0.2455 0.253 0.253 0.2575 0.2575 0.2575 0.238 0.238 0.1935 0.1935 0.198 0.198 0.198 0.1875 0.1875 0.198 0.198
0.131 0.16 0.16 0.25 0.25 0.25 0.2915 0.2915 0.2795 0.2795 0.266 0.266 0.2895 0.2895 0.2895 0.273 0.273 0.314 0.314 0.311 0.311 0.311 0.341 0.341 0.3755 0.3755 0.387 0.387 0.387 0.366 0.366 0.364 0.364 0.3485 0.3485 0.3485 0.329 0.329 0.2655 0.2655 0.2985 0.2985 0.2985 0.2635 0.2635 0.2705 0.2705 0.208 0.208 0.2295 0.2295 0.2295 0.2095 0.2095 0.2115 0.2115 0.212 0.212 0.212 0.242 0.242 0.247 0.247 0.243 0.243 0.243 0.2095 0.2095 0.179 0.179 0.173 0.173 0.173 0.1685 0.1685 0.1745 0.1745
0.131 0.16 0.16 0.25 0.25 0.25 0.2915 0.2915 0.2795 0.2795 0.266 0.266 0.2895 0.2895 0.2895 0.273 0.273 0.314 0.314 0.311 0.311 0.311 0.341 0.341 0.3755 0.3755 0.387 0.387 0.387 0.366 0.366 0.364 0.364 0.3485 0.3485 0.3485 0.329 0.329 0.2655 0.2655 0.2985 0.2985 0.2985 0.2635 0.2635 0.2705 0.2705 0.208 0.208 0.2295 0.2295 0.2295 0.2095 0.2095 0.2115 0.2115 0.212 0.212 0.212 0.242 0.242 0.247 0.247 0.243 0.243 0.243 0.2095 0.2095 0.179 0.179 0.173 0.173 0.173 0.1685 0.1685 0.1745 0.1745
0.131 0.16 0.16 0.25 0.25 0.25 0.2915 0.2915 0.2795 0.2795 0.266 0.266 0.2895 0.2895 0.2895 0.273 0.273 0.314 0.314 0.311 0.311 0.311 0.341 0.341 0.3755 0.3755 0.387 0.387 0.387 0.366 0.366 0.364 0.364 0.3485 0.3485 0.3485 0.329 0.329 0.2655 0.2655 0.2985 0.2985 0.2985 0.2635 0.2635 0.2705 0.2705 0.208 0.208 0.2295 0.2295 0.2295 0.2095 0.2095 0.2115 0.2115 0.212 0.212 0.212 0.242 0.242 0.247 0.247 0.243 0.243 0.243 0.2095 0.2095 0.179 0.179 0.173 0.173 0.173 0.1685 0.1685 0.1745 0.1745
0.147 0.1705 0.1705 0.195 0.195 0.195 0.215 0.215 0.2685 0.2685 0.2635 0.2635 0.27 0.27 0.27 0.2985 0.2985 0.3215 0.3215 0.3295 0.3295 0.3295 0.3515 0.3515 0.3385 0.3385 0.326 0.326 0.326 0.331 0.331 0.3335 0.3335 0.333 0.333 0.333 0.3075 0.3075 0.2535 0.2535 0.2405 0.2405 0.2405 0.227 0.227 0.211 0.211 0.198 0.198 0.201 0.201 0.201 0.228 0.228 0.187 0.187 0.2185 0.2185 0.2185 0.248 0.248 0.2615 0.2615 0.2365 0.2365 0.2365 0.2025 0.2025 0.2 0.2 0.196 0.196 0.196 0.1935 0.1935 0.1375 0.1375
0.147 0.1705 0.1705 0.195 0.195 0.195 0.215 0.215 0.2685 0.2685 0.2635 0.2635 0.27 0.27 0.27 0.2985 0.2985 0.3215 0.3215 0.3295 0.3295 0.3295 0.3515 0.3515 0.3385 0.3385 0.326 0.326 0.326 0.331 0.331 0.3335 0.3335 0.333 0.333 0.333 0.3075 0.3075 0.2535 0.2535 0.2405 0.2405 0.2405 0.227 0.227 0.211 0.211 0.198 0.198 0.201 0.201 0.201 0.228 0.228 0.187 0.187 0.2185 0.2185 0.2185 0.248 0.248 0.2615 0.2615 0.2365 0.2365 0.2365 0.2025 0.2025 0.2 0.2 0.196 0.196 0.196 0.1935 0.1935 0.1375 0.1375
0.1755 0.1745 0.1745 0.1715 0.1715 0.1715 0.1866 0.1866 0.22 0.22 0.237 0.237 0.265 0.265 0.265 0.321 0.321 0.339 0.339 0.3485 0.3485 0.3485 0.3595 0.3595 0.354 0.354 0.3085 0.3085 0.3085 0.288 0.288 0.3105 0.3105 0.305 0.305 0.305 0.31 0.31 0.281 0.281 0.316 0.316 0.316 0.2605 0.2605 0.2455 0.2455 0.2665 0.2665 0.281 0.281 0.281 0.319 0.319 0.2435 0.2435 0.2295 0.2295 0.2295 0.2175 0.2175 0.214 0.214 0.2545 0.2545 0.2545 0.24 0.24 0.193 0.193 0.1745 0.1745 0.1745 0.1755 0.1755 0.1825 0.1825
0.1755 0.1745 0.1745 0.1715 0.1715 0.1715 0.1866 0.1866 0.22 0.22 0.237 0.237 0.265 0.265 0.265 0.321 0.321 0.339 0.339 0.3485 0.3485 0.3485 0.3595 0.3595 0.354 0.354 0.3085 0.3085 0.3085 0.288 0.288 0.3105 0.3105 0.305 0.305 0.305 0.31 0.31 0.281 0.281 0.316 0.316 0.316 0.2605 0.2605 0.2455 0.2455 0.2665 0.2665 0.281 0.281 0.281 0.319 0.319 0.2435 0.2435 0.2295 0.2295 0.2295 0.2175 0.2175 0.214 0.214 0.2545 0.2545 0.2545 0.24 0.24 0.193 0.193 0.1745 0.1745 0.1745 0.1755 0.1755 0.1825 0.1825
0.1675 0.188 0.188 0.1685 0.1685 0.1685 0.186 0.186 0.2175 0.2175 0.2385 0.2385 0.2485 0.2485 0.2485 0.2825 0.2825 0.303 0.303 0.3365 0.3365 0.3365 0.3485 0.3485 0.3395 0.3395 0.299 0.299 0.299 0.261 0.261 0.3195 0.3195 0.3265 0.3265 0.3265 0.3295 0.3295 0.295 0.295 0.267 0.267 0.267 0.2505 0.2505 0.2455 0.2455 0.286 0.286 0.301 0.301 0.301 0.345 0.345 0.3405 0.3405 0.269 0.269 0.269 0.244 0.244 0.262 0.262 0.2925 0.2925 0.2925 0.2735 0.2735 0.235 0.235 0.2045 0.2045 0.2045 0.219 0.219 0.2265 0.2265
0.1675 0.188 0.188 0.1685 0.1685 0.1685 0.186 0.186 0.2175 0.2175 0.2385 0.2385 0.2485 0.2485 0.2485 0.2825 0.2825 0.303 0.303 0.3365 0.3365 0.3365 0.3485 0.3485 0.3395 0.3395 0.299 0.299 0.299 0.261 0.261 0.3195 0.3195 0.3265 0.3265 0.3265 0.3295 0.3295 0.295 0.295 0.267 0.267 0.267 0.2505 0.2505 0.2455 0.2455 0.286 0.286 0.301 0.301 0.301 0.345 0.345 0.3405 0.3405 0.269 0.269 0.269 0.244 0.244 0.262 0.262 0.2925 0.2925 0.2925 0.2735 0.2735 0.235 0.235 0.2045 0.2045 0.2045 0.219 0.219 0.2265 0.2265
0.1675 0.188 0.188 0.1685 0.1685 0.1685 0.186 0.186 0.2175 0.2175 0.2385 0.2385 0.2485 0.2485 0.2485 0.2825 0.2825 0.303 0.303 0.3365 0.3365 0.3365 0.3485 0.3485 0.3395 0.3395 0.299 0.299 0.299 0.261 0.261 0.3195 0.3195 0.3265 0.3265 0.3265 0.3295 0.3295 0.295 0.295 0.267 0.267 0.267 0.2505 0.2505 0.2455 0.2455 0.286 0.286 0.301 0.301 0.301 0.345 0.345 0.3405 0.3405 0.269 0.269 0.269 0.244 0.244 0.262 0.262 0.2925 0.2925 0.2925 0.2735 0.2735 0.235 0.235 0.2045 0.2045 0.2045 0.219 0.219 0.2265 0.2265
0.185 0.192 0.192 0.1885 0.1885 0.1885 0.1905 0.1905 0.238 0.238 0.2415 0.2415 0.264 0.264 0.264 0.2935 0.2935 0.3375 0.3375 0.3 0.3 0.3 0.3425 0.3425 0.3265 0.3265 0.258 0.258 0.258 0.347 0.347 0.333 0.333 0.2825 0.2825 0.2825 0.281 0.281 0.3275 0.3275 0.303 0.303 0.303 0.3275 0.3275 0.249 0.249 0.309 0.309 0.3595 0.3595 0.3595 0.37 0.37 0.3645 0.3645 0.314 0.314 0.314 0.2745 0.2745 0.2695 0.2695 0.2575 0.2575 0.2575 0.272 0.272 0.2935 0.2935 0.263 0.263 0.263 0.2205 0.2205 0.2075 0.2075
