ndvi/NOAA-372.asc
ncols         252
nrows         154
xllcorner     -18.017974
yllcorner     13.481982
cellsize      0.035948
NODATA_value  -9999
[rows 102 to 135 of 154, columns 78 to 155 of 252]
0.2835 0.3145 0.3145 0.2995 0.2995 0.2875 0.2875 0.2875 0.271 0.271 0.2615 0.2615 0.283 0.283 0.296 0.296 0.296 0.2855 0.2855 0.291 0.291 0.3575 0.3575 0.3575 0.3515 0.3515 0.36 0.36 0.367 0.367 0.367 0.371 0.371 0.3485 0.3485 0.346 0.346 0.346 0.3905 0.3905 0.3205 0.3205 0.3885 0.3885 0.3885 0.432 0.432 0.4095 0.4095 0.4375 0.4375 0.3975 0.3975 0.3975 0.3275 0.3275 0.3275 0.3275 0.266 0.266 0.266 0.3015 0.3015 0.3325 0.3325 0.348 0.348 0.348 0.3475 0.3475 0.3305 0.3305 0.359 0.359 0.359 0.3015 0.3015 0.351
0.3195 0.3285 0.3285 0.3275 0.3275 0.3335 0.3335 0.3335 0.325 0.325 0.3295 0.3295 0.295 0.295 0.304 0.304 0.304 0.282 0.282 0.2965 0.2965 0.313 0.313 0.313 0.35 0.35 0.3655 0.3655 0.381 0.381 0.381 0.371 0.371 0.3335 0.3335 0.374 0.374 0.374 0.349 0.349 0.349 0.349 0.373 0.373 0.373 0.4445 0.4445 0.4015 0.4015 0.356 0.356 0.401 0.401 0.401 0.3615 0.3615 0.368 0.368 0.2775 0.2775 0.2775 0.278 0.278 0.307 0.307 0.37 0.37 0.37 0.3615 0.3615 0.288 0.288 0.343 0.343 0.343 0.3005 0.3005 0.2865
0.3195 0.3285 0.3285 0.3275 0.3275 0.3335 0.3335 0.3335 0.325 0.325 0.3295 0.3295 0.295 0.295 0.304 0.304 0.304 0.282 0.282 0.2965 0.2965 0.313 0.313 0.313 0.35 0.35 0.3655 0.3655 0.381 0.381 0.381 0.371 0.371 0.3335 0.3335 0.374 0.374 0.374 0.349 0.349 0.349 0.349 0.373 0.373 0.373 0.4445 0.4445 0.4015 0.4015 0.356 0.356 0.401 0.401 0.401 0.3615 0.3615 0.368 0.368 0.2775 0.2775 0.2775 0.278 0.278 0.307 0.307 0.37 0.37 0.37 0.3615 0.3615 0.288 0.288 0.343 0.343 0.343 0.3005 0.3005 0.2865
0.3195 0.3285 0.3285 0.3275 0.3275 0.3335 0.3335 0.3335 0.325 0.325 0.3295 0.3295 0.295 0.295 0.304 0.304 0.304 0.282 0.282 0.2965 0.2965 0.313 0.313 0.313 0.35 0.35 0.3655 0.3655 0.381 0.381 0.381 0.371 0.371 0.3335 0.3335 0.374 0.374 0.374 0.349 0.349 0.349 0.349 0.373 0.373 0.373 0.4445 0.4445 0.4015 0.4015 0.356 0.356 0.401 0.401 0.401 0.3615 0.3615 0.368 0.368 0.2775 0.2775 0.2775 0.278 0.278 0.307 0.307 0.37 0.37 0.37 0.3615 0.3615 0.288 0.288 0.343 0.343 0.343 0.3005 0.3005 0.2865
0.37 0.3345 0.3345 0.331 0.331 0.321 0.321 0.321 0.336 0.336 0.3015 0.3015 0.2735 0.2735 0.2885 0.2885 0.2885 0.331 0.331 0.342 0.342 0.3545 0.3545 0.3545 0.3415 0.3415 0.3915 0.3915 0.3795 0.3795 0.3795 0.377 0.377 0.392 0.392 0.3775 0.3775 0.3775 0.3585 0.3585 0.3855 0.3855 0.382 0.382 0.382 0.36 0.36 0.342 0.342 0.42 0.42 0.4335 0.4335 0.4335 0.374 0.374 0.369 0.369 0.3205 0.3205 0.3205 0.2725 0.2725 0.3085 0.3085 0.3575 0.3575 0.3575 0.3605 0.3605 0.3265 0.3265 0.3065 0.3065 0.3065 0.3 0.3 0.2935
0.37 0.3345 0.3345 0.331 0.331 0.321 0.321 0.321 0.336 0.336 0.3015 0.3015 0.2735 0.2735 0.2885 0.2885 0.2885 0.331 0.331 0.342 0.342 0.3545 0.3545 0.3545 0.3415 0.3415 0.3915 0.3915 0.3795 0.3795 0.3795 0.377 0.377 0.392 0.392 0.3775 0.3775 0.3775 0.3585 0.3585 0.3855 0.3855 0.382 0.382 0.382 0.36 0.36 0.342 0.342 0.42 0.42 0.4335 0.4335 0.4335 0.374 0.374 0.369 0.369 0.3205 0.3205 0.3205 0.2725 0.2725 0.3085 0.3085 0.3575 0.3575 0.3575 0.3605 0.3605 0.3265 0.3265 0.3065 0.3065 0.3065 0.3 0.3 0.2935
0.382 0.348 0.348 0.3215 0.3215 0.3135 0.3135 0.3135 0.344 0.344 0.3065 0.3065 0.3675 0.3675 0.3625 0.3625 0.3625 0.3875 0.3875 0.346 0.346 0.346 0.346 0.346 0.346 0.346 0.3695 0.3695 0.3845 0.3845 0.3845 0.3835 0.3835 0.412 0.412 0.3585 0.3585 0.3585 0.348 0.348 0.3855 0.3855 0.3535 0.3535 0.3535 0.348 0.348 0.3735 0.3735 0.368 0.368 0.374 0.374 0.374 0.3655 0.3655 0.3705 0.3705 0.3705 0.3705 0.3705 0.31 0.31 0.346 0.346 0.331 0.331 0.331 0.3585 0.3585 0.355 0.355 0.3265 0.3265 0.3265 0.3225 0.3225 0.3175
0.382 0.348 0.348 0.3215 0.3215 0.3135 0.3135 0.3135 0.344 0.344 0.3065 0.3065 0.3675 0.3675 0.3625 0.3625 0.3625 0.3875 0.3875 0.346 0.346 0.346 0.346 0.346 0.346 0.346 0.3695 0.3695 0.3845 0.3845 0.3845 0.3835 0.3835 0.412 0.412 0.3585 0.3585 0.3585 0.348 0.348 0.3855 0.3855 0.3535 0.3535 0.3535 0.348 0.348 0.3735 0.3735 0.368 0.368 0.374 0.374 0.374 0.3655 0.3655 0.3705 0.3705 0.3705 0.3705 0.3705 0.31 0.31 0.346 0.346 0.331 0.331 0.331 0.3585 0.3585 0.355 0.355 0.3265 0.3265 0.3265 0.3225 0.3225 0.3175
0.343 0.356 0.356 0.358 0.358 0.323 0.323 0.323 0.344 0.344 0.3425 0.3425 0.3685 0.3685 0.3805 0.3805 0.3805 0.33 0.33 0.3855 0.3855 0.4015 0.4015 0.4015 0.392 0.392 0.401 0.401 0.4005 0.4005 0.4005 0.331 0.331 0.4395 0.4395 0.409 0.409 0.409 0.372 0.372 0.3975 0.3975 0.395 0.395 0.395 0.377 0.377 0.363 0.363 0.3785 0.3785 0.3585 0.3585 0.3585 0.387 0.387 0.434 0.434 0.4325 0.4325 0.4325 0.412 0.412 0.3925 0.3925 0.353 0.353 0.353 0.4055 0.4055 0.32 0.32 0.3 0.3 0.3 0.3115 0.3115 0.327
0.343 0.356 0.356 0.358 0.358 0.323 0.323 0.323 0.344 0.344 0.3425 0.3425 0.3685 0.3685 0.3805 0.3805 0.3805 0.33 0.33 0.3855 0.3855 0.4015 0.4015 0.4015 0.392 0.392 0.401 0.401 0.4005 0.4005 0.4005 0.331 0.331 0.4395 0.4395 0.409 0.409 0.409 0.372 0.372 0.3975 0.3975 0.395 0.395 0.395 0.377 0.377 0.363 0.363 0.3785 0.3785 0.3585 0.3585 0.3585 0.387 0.387 0.434 0.434 0.4325 0.4325 0.4325 0.412 0.412 0.3925 0.3925 0.353 0.353 0.353 0.4055 0.4055 0.32 0.32 0.3 0.3 0.3 0.3115 0.3115 0.327
0.343 0.356 0.356 0.358 0.358 0.323 0.323 0.323 0.344 0.344 0.3425 0.3425 0.3685 0.3685 0.3805 0.3805 0.3805 0.33 0.33 0.3855 0.3855 0.4015 0.4015 0.4015 0.392 0.392 0.401 0.401 0.4005 0.4005 0.4005 0.331 0.331 0.4395 0.4395 0.409 0.409 0.409 0.372 0.372 0.3975 0.3975 0.395 0.395 0.395 0.377 0.377 0.363 0.363 0.3785 0.3785 0.3585 0.3585 0.3585 0.387 0.387 0.434 0.434 0.4325 0.4325 0.4325 0.412 0.412 0.3925 0.3925 0.353 0.353 0.353 0.4055 0.4055 0.32 0.32 0.3 0.3 0.3 0.3115 0.3115 0.327
0.3115 0.3515 0.3515 0.377 0.377 0.3935 0.3935 0.3935 0.3505 0.3505 0.382 0.382 0.373 0.373 0.406 0.406 0.406 0.3565 0.3565 0.366 0.366 0.378 0.378 0.378 0.4095 0.4095 0.369 0.369 0.4095 0.4095 0.4095 0.3585 0.3585 0.4085 0.4085 0.417 0.417 0.417 0.407 0.407 0.4215 0.4215 0.418 0.418 0.418 0.3665 0.3665 0.3655 0.3655 0.3905 0.3905 0.3595 0.3595 0.3595 0.4175 0.4175 0.4245 0.4245 0.433 0.433 0.433 0.3965 0.3965 0.36 0.36 0.2935 0.2935 0.2935 0.3585 0.3585 0.3035 0.3035 0.293 0.293 0.293 0.3265 0.3265 0.384
0.3115 0.3515 0.3515 0.377 0.377 0.3935 0.3935 0.3935 0.3505 0.3505 0.382 0.382 0.373 0.373 0.406 0.406 0.406 0.3565 0.3565 0.366 0.366 0.378 0.378 0.378 0.4095 0.4095 0.369 0.369 0.4095 0.4095 0.4095 0.3585 0.3585 0.4085 0.4085 0.417 0.417 0.417 0.407 0.407 0.4215 0.4215 0.418 0.418 0.418 0.3665 0.3665 0.3655 0.3655 0.3905 0.3905 0.3595 0.3595 0.3595 0.4175 0.4175 0.4245 0.4245 0.433 0.433 0.433 0.3965 0.3965 0.36 0.36 0.2935 0.2935 0.2935 0.3585 0.3585 0.3035 0.3035 0.293 0.293 0.293 0.3265 0.3265 0.384
0.3245 0.3165 0.3165 0.3415 0.3415 0.3795 0.3795 0.3795 0.347 0.347 0.3515 0.3515 0.401 0.401 0.391 0.391 0.391 0.3735 0.3735 0.359 0.359 0.391 0.391 0.391 0.3665 0.3665 0.3725 0.3725 0.363 0.363 0.363 0.3575 0.3575 0.379 0.379 0.408 0.408 0.408 0.4045 0.4045 0.4 0.4 0.391 0.391 0.391 0.3675 0.3675 0.41 0.41 0.4185 0.4185 0.473 0.473 0.473 0.4045 0.4045 0.4165 0.4165 0.41 0.41 0.41 0.3925 0.3925 0.391 0.391 0.3665 0.3665 0.3665 0.3365 0.3365 0.3445 0.3445 0.3555 0.3555 0.3555 0.2955 0.2955 0.3035
0.3245 0.3165 0.3165 0.3415 0.3415 0.3795 0.3795 0.3795 0.347 0.347 0.3515 0.3515 0.401 0.401 0.391 0.391 0.391 0.3735 0.3735 0.359 0.359 0.391 0.391 0.391 0.3665 0.3665 0.3725 0.3725 0.363 0.363 0.363 0.3575 0.3575 0.379 0.379 0.408 0.408 0.408 0.4045 0.4045 0.4 0.4 0.391 0.391 0.391 0.3675 0.3675 0.41 0.41 0.4185 0.4185 0.473 0.473 0.473 0.4045 0.4045 0.4165 0.4165 0.41 0.41 0.41 0.3925 0.3925 0.391 0.391 0.3665 0.3665 0.3665 0.3365 0.3365 0.3445 0.3445 0.3555 0.3555 0.3555 0.2955 0.2955 0.3035
0.2965 0.3195 0.3195 0.3305 0.3305 0.3425 0.3425 0.3425 0.3315 0.3315 0.3425 0.3425 0.3305 0.3305 0.284 0.284 0.284 0.3685 0.3685 0.394 0.394 0.3885 0.3885 0.3885 0.416 0.416 0.385 0.385 0.3685 0.3685 0.3685 0.3865 0.3865 0.4045 0.4045 0.39 0.39 0.39 0.393 0.393 0.403 0.403 0.3815 0.3815 0.3815 0.4095 0.4095 0.4285 0.4285 0.439 0.439 0.426 0.426 0.426 0.442 0.442 0.3725 0.3725 0.407 0.407 0.407 0.409 0.409 0.3815 0.3815 0.376 0.376 0.376 0.296 0.296 0.3185 0.3185 0.3425 0.3425 0.3425 0.311 0.311 0.286
0.2965 0.3195 0.3195 0.3305 0.3305 0.3425 0.3425 0.3425 0.3315 0.3315 0.3425 0.3425 0.3305 0.3305 0.284 0.284 0.284 0.3685 0.3685 0.394 0.394 0.3885 0.3885 0.3885 0.416 0.416 0.385 0.385 0.3685 0.3685 0.3685 0.3865 0.3865 0.4045 0.4045 0.39 0.39 0.39 0.393 0.393 0.403 0.403 0.3815 0.3815 0.3815 0.4095 0.4095 0.4285 0.4285 0.439 0.439 0.426 0.426 0.426 0.442 0.442 0.3725 0.3725 0.407 0.407 0.407 0.409 0.409 0.3815 0.3815 0.376 0.376 0.376 0.296 0.296 0.3185 0.3185 0.3425 0.3425 0.3425 0.311 0.311 0.286
0.2965 0.3195 0.3195 0.3305 0.3305 0.3425 0.3425 0.3425 0.3315 0.3315 0.3425 0.3425 0.3305 0.3305 0.284 0.284 0.284 0.3685 0.3685 0.394 0.394 0.3885 0.3885 0.3885 0.416 0.416 0.385 0.385 0.3685 0.3685 0.3685 0.3865 0.3865 0.4045 0.4045 0.39 0.39 0.39 0.393 0.393 0.403 0.403 0.3815 0.3815 0.3815 0.4095 0.4095 0.4285 0.4285 0.439 0.439 0.426 0.426 0.426 0.442 0.442 0.3725 0.3725 0.407 0.407 0.407 0.409 0.409 0.3815 0.3815 0.376 0.376 0.376 0.296 0.296 0.3185 0.3185 0.3425 0.3425 0.3425 0.311 0.311 0.286
0.3085 0.3125 0.3125 0.306 0.306 0.336 0.336 0.336 0.3205 0.3205 0.3745 0.3745 0.3655 0.3655 0.3165 0.3165 0.3165 0.357 0.357 0.409 0.409 0.3915 0.3915 0.3915 0.42 0.42 0.377 0.377 0.386 0.386 0.386 0.371 0.371 0.4125 0.4125 0.371 0.371 0.371 0.4075 0.4075 0.41 0.41 0.409 0.409 0.409 0.3815 0.3815 0.443 0.443 0.415 0.415 0.4075 0.4075 0.4075 0.3895 0.3895 0.349 0.349 0.391 0.391 0.391 0.3705 0.3705 0.363 0.363 0.357 0.357 0.357 0.334 0.334 0.3935 0.3935 0.3605 0.3605 0.3605 0.3685 0.3685 0.3335
0.3085 0.3125 0.3125 0.306 0.306 0.336 0.336 0.336 0.3205 0.3205 0.3745 0.3745 0.3655 0.3655 0.3165 0.3165 0.3165 0.357 0.357 0.409 0.409 0.3915 0.3915 0.3915 0.42 0.42 0.377 0.377 0.386 0.386 0.386 0.371 0.371 0.4125 0.4125 0.371 0.371 0.371 0.4075 0.4075 0.41 0.41 0.409 0.409 0.409 0.3815 0.3815 0.443 0.443 0.415 0.415 0.4075 0.4075 0.4075 0.3895 0.3895 0.349 0.349 0.391 0.391 0.391 0.3705 0.3705 0.363 0.363 0.357 0.357 0.357 0.334 0.334 0.3935 0.3935 0.3605 0.3605 0.3605 0.3685 0.3685 0.3335
0.3075 0.2865 0.2865 0.315 0.315 0.3065 0.3065 0.3065 0.334 0.334 0.3455 0.3455 0.33 0.33 0.3565 0.3565 0.3565 0.3325 0.3325 0.3555 0.3555 0.3525 0.3525 0.3525 0.349 0.349 0.4025 0.4025 0.4015 0.4015 0.4015 0.4095 0.4095 0.4015 0.4015 0.3885 0.3885 0.3885 0.433 0.433 0.4035 0.4035 0.449 0.449 0.449 0.403 0.403 0.424 0.424 0.4195 0.4195 0.3905 0.3905 0.3905 0.4145 0.4145 0.361 0.361 0.4095 0.4095 0.4095 0.364 0.364 0.367 0.367 0.384 0.384 0.384 0.3745 0.3745 0.375 0.375 0.3425 0.3425 0.3425 0.358 0.358 0.361
0.3075 0.2865 0.2865 0.315 0.315 0.3065 0.3065 0.3065 0.334 0.334 0.3455 0.3455 0.33 0.33 0.3565 0.3565 0.3565 0.3325 0.3325 0.3555 0.3555 0.3525 0.3525 0.3525 0.349 0.349 0.4025 0.4025 0.4015 0.4015 0.4015 0.4095 0.4095 0.4015 0.4015 0.3885 0.3885 0.3885 0.433 0.433 0.4035 0.4035 0.449 0.449 0.449 0.403 0.403 0.424 0.424 0.4195 0.4195 0.3905 0.3905 0.3905 0.4145 0.4145 0.361 0.361 0.4095 0.4095 0.4095 0.364 0.364 0.367 0.367 0.384 0.384 0.384 0.3745 0.3745 0.375 0.375 0.3425 0.3425 0.3425 0.358 0.358 0.361
0.349 0.337 0.337 0.324 0.324 0.318 0.318 0.318 0.3085 0.3085 0.337 0.337 0.34 0.34 0.3475 0.3475 0.3475 0.3525 0.3525 0.3765 0.3765 0.396 0.396 0.396 0.3235 0.3235 0.3495 0.3495 0.307 0.307 0.307 0.3455 0.3455 0.365 0.365 0.389 0.389 0.389 0.4165 0.4165 0.3645 0.3645 0.4125 0.4125 0.4125 0.3635 0.3635 0.3755 0.3755 0.4 0.4 0.4075 0.4075 0.4075 0.3635 0.3635 0.39 0.39 0.366 0.366 0.366 0.4145 0.4145 0.386 0.386 0.411 0.411 0.411 0.3525 0.3525 0.352 0.352 0.338 0.338 0.338 0.347 0.347 0.3515
0.349 0.337 0.337 0.324 0.324 0.318 0.318 0.318 0.3085 0.3085 0.337 0.337 0.34 0.34 0.3475 0.3475 0.3475 0.3525 0.3525 0.3765 0.3765 0.396 0.396 0.396 0.3235 0.3235 0.3495 0.3495 0.307 0.307 0.307 0.3455 0.3455 0.365 0.365 0.389 0.389 0.389 0.4165 0.4165 0.3645 0.3645 0.4125 0.4125 0.4125 0.3635 0.3635 0.3755 0.3755 0.4 0.4 0.4075 0.4075 0.4075 0.3635 0.3635 0.39 0.39 0.366 0.366 0.366 0.4145 0.4145 0.386 0.386 0.411 0.411 0.411 0.3525 0.3525 0.352 0.352 0.338 0.338 0.338 0.347 0.347 0.3515
0.322 0.3315 0.3315 0.3345 0.3345 0.354 0.354 0.354 0.353 0.353 0.369 0.369 0.3455 0.3455 0.331 0.331 0.331 0.343 0.343 0.401 0.401 0.4435 0.4435 0.4435 0.3925 0.3925 0.331 0.331 0.352 0.352 0.352 0.3345 0.3345 0.3525 0.3525 0.3965 0.3965 0.3965 0.373 0.373 0.404 0.404 0.372 0.372 0.372 0.379 0.379 0.351 0.351 0.385 0.385 0.3805 0.3805 0.3805 0.364 0.364 0.377 0.377 0.398 0.398 0.398 0.3985 0.3985 0.4105 0.4105 0.35 0.35 0.35 0.372 0.372 0.368 0.368 0.347 0.347 0.347 0.34 0.34 0.387
0.322 0.3315 0.3315 0.3345 0.3345 0.354 0.354 0.354 0.353 0.353 0.369 0.369 0.3455 0.3455 0.331 0.331 0.331 0.343 0.343 0.401 0.401 0.4435 0.4435 0.4435 0.3925 0.3925 0.331 0.331 0.352 0.352 0.352 0.3345 0.3345 0.3525 0.3525 0.3965 0.3965 0.3965 0.373 0.373 0.404 0.404 0.372 0.372 0.372 0.379 0.379 0.351 0.351 0.385 0.385 0.3805 0.3805 0.3805 0.364 0.364 0.377 0.377 0.398 0.398 0.398 0.3985 0.3985 0.4105 0.4105 0.35 0.35 0.35 0.372 0.372 0.368 0.368 0.347 0.347 0.347 0.34 0.34 0.387
0.322 0.3315 0.3315 0.3345 0.3345 0.354 0.354 0.354 0.353 0.353 0.369 0.369 0.3455 0.3455 0.331 0.331 0.331 0.343 0.343 0.401 0.401 0.4435 0.4435 0.4435 0.3925 0.3925 0.331 0.331 0.352 0.352 0.352 0.3345 0.3345 0.3525 0.3525 0.3965 0.3965 0.3965 0.373 0.373 0.404 0.404 0.372 0.372 0.372 0.379 0.379 0.351 0.351 0.385 0.385 0.3805 0.3805 0.3805 0.364 0.364 0.377 0.377 0.398 0.398 0.398 0.3985 0.3985 0.4105 0.4105 0.35 0.35 0.35 0.372 0.372 0.368 0.368 0.347 0.347 0.347 0.34 0.34 0.387
0.344 0.3585 0.3585 0.356 0.356 0.367 0.367 0.367 0.358 0.358 0.344 0.344 0.356 0.356 0.3265 0.3265 0.3265 0.344 0.344 0.3605 0.3605 0.38 0.38 0.38 0.396 0.396 0.4065 0.4065 0.3825 0.3825 0.3825 0.372 0.372 0.4005 0.4005 0.4345 0.4345 0.4345 0.405 0.405 0.4105 0.4105 0.369 0.369 0.369 0.379 0.379 0.3685 0.3685 0.345 0.345 0.367 0.367 0.367 0.36 0.36 0.4355 0.4355 0.444 0.444 0.444 0.394 0.394 0.396 0.396 0.4015 0.4015 0.4015 0.378 0.378 0.385 0.385 0.3835 0.3835 0.3835 0.3585 0.3585 0.3415
0.344 0.3585 0.3585 0.356 0.356 0.367 0.367 0.367 0.358 0.358 0.344 0.344 0.356 0.356 0.3265 0.3265 0.3265 0.344 0.344 0.3605 0.3605 0.38 0.38 0.38 0.396 0.396 0.4065 0.4065 0.3825 0.3825 0.3825 0.372 0.372 0.4005 0.4005 0.4345 0.4345 0.4345 0.405 0.405 0.4105 0.4105 0.369 0.369 0.369 0.379 0.379 0.3685 0.3685 0.345 0.345 0.367 0.367 0.367 0.36 0.36 0.4355 0.4355 0.444 0.444 0.444 0.394 0.394 0.396 0.396 0.4015 0.4015 0.4015 0.378 0.378 0.385 0.385 0.3835 0.3835 0.3835 0.3585 0.3585 0.3415
0.351 0.374 0.374 0.3365 0.3365 0.3465 0.3465 0.3465 0.348 0.348 0.328 0.328 0.3405 0.3405 0.341 0.341 0.341 0.373 0.373 0.356 0.356 0.3715 0.3715 0.3715 0.4205 0.4205 0.39 0.39 0.3995 0.3995 0.3995 0.34 0.34 0.4215 0.4215 0.395 0.395 0.395 0.391 0.391 0.35 0.35 0.365 0.365 0.365 0.3995 0.3995 0.3745 0.3745 0.3965 0.3965 0.428 0.428 0.428 0.3755 0.3755 0.342 0.342 0.377 0.377 0.377 0.3975 0.3975 0.4385 0.4385 0.3915 0.3915 0.3915 0.4305 0.4305 0.372 0.372 0.3715 0.3715 0.3715 0.3995 0.3995 0.4115
0.351 0.374 0.374 0.3365 0.3365 0.3465 0.3465 0.3465 0.348 0.348 0.328 0.328 0.3405 0.3405 0.341 0.341 0.341 0.373 0.373 0.356 0.356 0.3715 0.3715 0.3715 0.4205 0.4205 0.39 0.39 0.3995 0.3995 0.3995 0.34 0.34 0.4215 0.4215 0.395 0.395 0.395 0.391 0.391 0.35 0.35 0.365 0.365 0.365 0.3995 0.3995 0.3745 0.3745 0.3965 0.3965 0.428 0.428 0.428 0.3755 0.3755 0.342 0.342 0.377 0.377 0.377 0.3975 0.3975 0.4385 0.4385 0.3915 0.3915 0.3915 0.4305 0.4305 0.372 0.372 0.3715 0.3715 0.3715 0.3995 0.3995 0.4115
0.316 0.3355 0.3355 0.333 0.333 0.3465 0.3465 0.3465 0.3355 0.3355 0.355 0.355 0.3115 0.3115 0.3345 0.3345 0.3345 0.3465 0.3465 0.349 0.349 0.3855 0.3855 0.3855 0.3765 0.3765 0.3645 0.3645 0.4375 0.4375 0.4375 0.3595 0.3595 0.361 0.361 0.354 0.354 0.354 0.3795 0.3795 0.4085 0.4085 0.4015 0.4015 0.4015 0.372 0.372 0.373 0.373 0.3635 0.3635 0.388 0.388 0.388 0.3925 0.3925 0.3625 0.3625 0.4165 0.4165 0.4165 0.38 0.38 0.4165 0.4165 0.465 0.465 0.465 0.467 0.467 0.433 0.433 0.382 0.382 0.382 0.428 0.428 0.4705
0.316 0.3355 0.3355 0.333 0.333 0.3465 0.3465 0.3465 0.3355 0.3355 0.355 0.355 0.3115 0.3115 0.3345 0.3345 0.3345 0.3465 0.3465 0.349 0.349 0.3855 0.3855 0.3855 0.3765 0.3765 0.3645 0.3645 0.4375 0.4375 0.4375 0.3595 0.3595 0.361 0.361 0.354 0.354 0.354 0.3795 0.3795 0.4085 0.4085 0.4015 0.4015 0.4015 0.372 0.372 0.373 0.373 0.3635 0.3635 0.388 0.388 0.388 0.3925 0.3925 0.3625 0.3625 0.4165 0.4165 0.4165 0.38 0.38 0.4165 0.4165 0.465 0.465 0.465 0.467 0.467 0.433 0.433 0.382 0.382 0.382 0.428 0.428 0.4705
0.316 0.3355 0.3355 0.333 0.333 0.3465 0.3465 0.3465 0.3355 0.3355 0.355 0.355 0.3115 0.3115 0.3345 0.3345 0.3345 0.3465 0.3465 0.349 0.349 0.3855 0.3855 0.3855 0.3765 0.3765 0.3645 0.3645 0.4375 0.4375 0.4375 0.3595 0.3595 0.361 0.361 0.354 0.354 0.354 0.3795 0.3795 0.4085 0.4085 0.4015 0.4015 0.4015 0.372 0.372 0.373 0.373 0.3635 0.3635 0.388 0.388 0.388 0.3925 0.3925 0.3625 0.3625 0.4165 0.4165 0.4165 0.38 0.38 0.4165 0.4165 0.465 0.465 0.465 0.467 0.467 0.433 0.433 0.382 0.382 0.382 0.428 0.428 0.4705
