ndvi/NOAA-11.asc
ncols         252
nrows         154
xllcorner     -18.017974
yllcorner     13.481982
cellsize      0.035948
NODATA_value  -9999
[rows 0 to 33 of 154, columns 154 to 230 of 252]
0.1015 0.09 0.09 0.097 0.097 0.097 0.1005 0.1005 0.1025 0.1025 0.1025 0.1025 0.099 0.099 0.099 0.1035 0.1035 0.104 0.104 0.101 0.101 0.101 0.103 0.103 0.1025 0.1025 0.1015 0.1015 0.1015 0.1035 0.1035 0.104 0.104 0.1035 0.1035 0.1035 0.102 0.102 0.0955 0.0955 0.0935 0.0935 0.0935 0.1045 0.1045 0.106 0.106 0.1055 0.1055 0.1065 0.1065 0.1065 0.107 0.107 0.1065 0.1065 0.107 0.107 0.107 0.1075 0.1075 0.1015 0.1015 0.099 0.099 0.099 0.1 0.1 0.09649999 0.09649999 0.096 0.096 0.096 0.095 0.095 0.0905 0.0905
0.1015 0.09 0.09 0.097 0.097 0.097 0.1005 0.1005 0.1025 0.1025 0.1025 0.1025 0.099 0.099 0.099 0.1035 0.1035 0.104 0.104 0.101 0.101 0.101 0.103 0.103 0.1025 0.1025 0.1015 0.1015 0.1015 0.1035 0.1035 0.104 0.104 0.1035 0.1035 0.1035 0.102 0.102 0.0955 0.0955 0.0935 0.0935 0.0935 0.1045 0.1045 0.106 0.106 0.1055 0.1055 0.1065 0.1065 0.1065 0.107 0.107 0.1065 0.1065 0.107 0.107 0.107 0.1075 0.1075 0.1015 0.1015 0.099 0.099 0.099 0.1 0.1 0.09649999 0.09649999 0.096 0.096 0.096 0.095 0.095 0.0905 0.0905
0.0955 0.105 0.105 0.1045 0.1045 0.1045 0.104 0.104 0.1035 0.1035 0.1005 0.1005 0.0995 0.0995 0.0995 0.102 0.102 0.1005 0.1005 0.0985 0.0985 0.0985 0.1015 0.1015 0.104 0.104 0.1055 0.1055 0.1055 0.1035 0.1035 0.1065 0.1065 0.11 0.11 0.11 0.1115 0.1115 0.1165 0.1165 0.113 0.113 0.113 0.1245 0.1245 0.117 0.117 0.1125 0.1125 0.117 0.117 0.117 0.114 0.114 0.1145 0.1145 0.113 0.113 0.113 0.1145 0.1145 0.1065 0.1065 0.1 0.1 0.1 0.103 0.103 0.0975 0.0975 0.0975 0.0975 0.0975 0.0955 0.0955 0.091 0.091
0.0955 0.105 0.105 0.1045 0.1045 0.1045 0.104 0.104 0.1035 0.1035 0.1005 0.1005 0.0995 0.0995 0.0995 0.102 0.102 0.1005 0.1005 0.0985 0.0985 0.0985 0.1015 0.1015 0.104 0.104 0.1055 0.1055 0.1055 0.1035 0.1035 0.1065 0.1065 0.11 0.11 0.11 0.1115 0.1115 0.1165 0.1165 0.113 0.113 0.113 0.1245 0.1245 0.117 0.117 0.1125 0.1125 0.117 0.117 0.117 0.114 0.114 0.1145 0.1145 0.113 0.113 0.113 0.1145 0.1145 0.1065 0.1065 0.1 0.1 0.1 0.103 0.103 0.0975 0.0975 0.0975 0.0975 0.0975 0.0955 0.0955 0.091 0.091
0.0955 0.105 0.105 0.1045 0.1045 0.1045 0.104 0.104 0.1035 0.1035 0.1005 0.1005 0.0995 0.0995 0.0995 0.102 0.102 0.1005 0.1005 0.0985 0.0985 0.0985 0.1015 0.1015 0.104 0.104 0.1055 0.1055 0.1055 0.1035 0.1035 0.1065 0.1065 0.11 0.11 0.11 0.1115 0.1115 0.1165 0.1165 0.113 0.113 0.113 0.1245 0.1245 0.117 0.117 0.1125 0.1125 0.117 0.117 0.117 0.114 0.114 0.1145 0.1145 0.113 0.113 0.113 0.1145 0.1145 0.1065 0.1065 0.1 0.1 0.1 0.103 0.103 0.0975 0.0975 0.0975 0.0975 0.0975 0.0955 0.0955 0.091 0.091
0.104 0.1045 0.1045 0.106 0.106 0.106 0.1065 0.1065 0.111 0.111 0.1085 0.1085 0.107 0.107 0.107 0.1105 0.1105 0.107 0.107 0.1095 0.1095 0.1095 0.112 0.112 0.114 0.114 0.12 0.12 0.12 0.1195 0.1195 0.1205 0.1205 0.12 0.12 0.12 0.118 0.118 0.1135 0.1135 0.1195 0.1195 0.1195 0.117 0.117 0.116 0.116 0.117 0.117 0.119 0.119 0.119 0.117 0.117 0.112 0.112 0.1115 0.1115 0.1115 0.111 0.111 0.106 0.106 0.106 0.106 0.106 0.103 0.103 0.102 0.102 0.097 0.097 0.097 0.0965 0.0965 0.096 0.096
0.104 0.1045 0.1045 0.106 0.106 0.106 0.1065 0.1065 0.111 0.111 0.1085 0.1085 0.107 0.107 0.107 0.1105 0.1105 0.107 0.107 0.1095 0.1095 0.1095 0.112 0.112 0.114 0.114 0.12 0.12 0.12 0.1195 0.1195 0.1205 0.1205 0.12 0.12 0.12 0.118 0.118 0.1135 0.1135 0.1195 0.1195 0.1195 0.117 0.117 0.116 0.116 0.117 0.117 0.119 0.119 0.119 0.117 0.117 0.112 0.112 0.1115 0.1115 0.1115 0.111 0.111 0.106 0.106 0.106 0.106 0.106 0.103 0.103 0.102 0.102 0.097 0.097 0.097 0.0965 0.0965 0.096 0.096
0.104 0.103 0.103 0.1035 0.1035 0.1035 0.111 0.111 0.1125 0.1125 0.1105 0.1105 0.1075 0.1075 0.1075 0.106 0.106 0.113 0.113 0.1115 0.1115 0.1115 0.117 0.117 0.112 0.112 0.1145 0.1145 0.1145 0.1105 0.1105 0.1185 0.1185 0.1105 0.1105 0.1105 0.114 0.114 0.113 0.113 0.113 0.113 0.113 0.1125 0.1125 0.1155 0.1155 0.1155 0.1155 0.1145 0.1145 0.1145 0.1165 0.1165 0.1155 0.1155 0.1095 0.1095 0.1095 0.109 0.109 0.1105 0.1105 0.1075 0.1075 0.1075 0.1055 0.1055 0.099 0.099 0.101 0.101 0.101 0.1005 0.1005 0.1015 0.1015
0.104 0.103 0.103 0.1035 0.1035 0.1035 0.111 0.111 0.1125 0.1125 0.1105 0.1105 0.1075 0.1075 0.1075 0.106 0.106 0.113 0.113 0.1115 0.1115 0.1115 0.117 0.117 0.112 0.112 0.1145 0.1145 0.1145 0.1105 0.1105 0.1185 0.1185 0.1105 0.1105 0.1105 0.114 0.114 0.113 0.113 0.113 0.113 0.113 0.1125 0.1125 0.1155 0.1155 0.1155 0.1155 0.1145 0.1145 0.1145 0.1165 0.1165 0.1155 0.1155 0.1095 0.1095 0.1095 0.109 0.109 0.1105 0.1105 0.1075 0.1075 0.1075 0.1055 0.1055 0.099 0.099 0.101 0.101 0.101 0.1005 0.1005 0.1015 0.1015
0.111 0.1135 0.1135 0.1125 0.1125 0.1125 0.1055 0.1055 0.103 0.103 0.1065 0.1065 0.109 0.109 0.109 0.1125 0.1125 0.1155 0.1155 0.1165 0.1165 0.1165 0.1085 0.1085 0.1145 0.1145 0.1125 0.1125 0.1125 0.1075 0.1075 0.105 0.105 0.106 0.106 0.106 0.104 0.104 0.103 0.103 0.1045 0.1045 0.1045 0.104 0.104 0.105 0.105 0.1205 0.1205 0.1205 0.1205 0.1205 0.1175 0.1175 0.1125 0.1125 0.115 0.115 0.115 0.109 0.109 0.1055 0.1055 0.108 0.108 0.108 0.1025 0.1025 0.1005 0.1005 0.102 0.102 0.102 0.1 0.1 0.102 0.102
0.111 0.1135 0.1135 0.1125 0.1125 0.1125 0.1055 0.1055 0.103 0.103 0.1065 0.1065 0.109 0.109 0.109 0.1125 0.1125 0.1155 0.1155 0.1165 0.1165 0.1165 0.1085 0.1085 0.1145 0.1145 0.1125 0.1125 0.1125 0.1075 0.1075 0.105 0.105 0.106 0.106 0.106 0.104 0.104 0.103 0.103 0.1045 0.1045 0.1045 0.104 0.104 0.105 0.105 0.1205 0.1205 0.1205 0.1205 0.1205 0.1175 0.1175 0.1125 0.1125 0.115 0.115 0.115 0.109 0.109 0.1055 0.1055 0.108 0.108 0.108 0.1025 0.1025 0.1005 0.1005 0.102 0.102 0.102 0.1 0.1 0.102 0.102
0.114 0.111 0.111 0.1085 0.1085 0.1085 0.101 0.101 0.101 0.101 0.1075 0.1075 0.1065 0.1065 0.1065 0.1145 0.1145 0.1155 0.1155 0.1095 0.1095 0.1095 0.1075 0.1075 0.108 0.108 0.116 0.116 0.116 0.1105 0.1105 0.1085 0.1085 0.1055 0.1055 0.1055 0.1035 0.1035 0.094 0.094 0.102 0.102 0.102 0.112 0.112 0.117 0.117 0.1245 0.1245 0.114 0.114 0.114 0.1105 0.1105 0.1105 0.1105 0.104 0.104 0.104 0.1055 0.1055 0.098 0.098 0.089 0.089 0.089 0.09 0.09 0.08750001 0.08750001 0.0915 0.0915 0.0915 0.095 0.095 0.1015 0.1015
0.114 0.111 0.111 0.1085 0.1085 0.1085 0.101 0.101 0.101 0.101 0.1075 0.1075 0.1065 0.1065 0.1065 0.1145 0.1145 0.1155 0.1155 0.1095 0.1095 0.1095 0.1075 0.1075 0.108 0.108 0.116 0.116 0.116 0.1105 0.1105 0.1085 0.1085 0.1055 0.1055 0.1055 0.1035 0.1035 0.094 0.094 0.102 0.102 0.102 0.112 0.112 0.117 0.117 0.1245 0.1245 0.114 0.114 0.114 0.1105 0.1105 0.1105 0.1105 0.104 0.104 0.104 0.1055 0.1055 0.098 0.098 0.089 0.089 0.089 0.09 0.09 0.08750001 0.08750001 0.0915 0.0915 0.0915 0.095 0.095 0.1015 0.1015
0.114 0.111 0.111 0.1085 0.1085 0.1085 0.101 0.101 0.101 0.101 0.1075 0.1075 0.1065 0.1065 0.1065 0.1145 0.1145 0.1155 0.1155 0.1095 0.1095 0.1095 0.1075 0.1075 0.108 0.108 0.116 0.116 0.116 0.1105 0.1105 0.1085 0.1085 0.1055 0.1055 0.1055 0.1035 0.1035 0.094 0.094 0.102 0.102 0.102 0.112 0.112 0.117 0.117 0.1245 0.1245 0.114 0.114 0.114 0.1105 0.1105 0.1105 0.1105 0.104 0.104 0.104 0.1055 0.1055 0.098 0.098 0.089 0.089 0.089 0.09 0.09 0.08750001 0.08750001 0.0915 0.0915 0.0915 0.095 0.095 0.1015 0.1015
0.111 0.1055 0.1055 0.115 0.115 0.115 0.1115 0.1115 0.117 0.117 0.1075 0.1075 0.113 0.113 0.113 0.1145 0.1145 0.1115 0.1115 0.12 0.12 0.12 0.113 0.113 0.1055 0.1055 0.1055 0.1055 0.1055 0.107 0.107 0.111 0.111 0.1075 0.1075 0.1075 0.1055 0.1055 0.11 0.11 0.105 0.105 0.105 0.112 0.112 0.1105 0.1105 0.1085 0.1085 0.0885 0.0885 0.0885 0.095 0.095 0.1125 0.1125 0.112 0.112 0.112 0.109 0.109 0.09299999 0.09299999 0.09 0.09 0.09 0.088 0.088 0.087 0.087 0.09100001 0.09100001 0.09100001 0.09450001 0.09450001 0.1035 0.1035
0.111 0.1055 0.1055 0.115 0.115 0.115 0.1115 0.1115 0.117 0.117 0.1075 0.1075 0.113 0.113 0.113 0.1145 0.1145 0.1115 0.1115 0.12 0.12 0.12 0.113 0.113 0.1055 0.1055 0.1055 0.1055 0.1055 0.107 0.107 0.111 0.111 0.1075 0.1075 0.1075 0.1055 0.1055 0.11 0.11 0.105 0.105 0.105 0.112 0.112 0.1105 0.1105 0.1085 0.1085 0.0885 0.0885 0.0885 0.095 0.095 0.1125 0.1125 0.112 0.112 0.112 0.109 0.109 0.09299999 0.09299999 0.09 0.09 0.09 0.088 0.088 0.087 0.087 0.09100001 0.09100001 0.09100001 0.09450001 0.09450001 0.1035 0.1035
0.119 0.1125 0.1125 0.1125 0.1125 0.1125 0.107 0.107 0.1125 0.1125 0.1195 0.1195 0.114 0.114 0.114 0.123 0.123 0.1175 0.1175 0.116 0.116 0.116 0.1145 0.1145 0.115 0.115 0.109 0.109 0.109 0.104 0.104 0.1055 0.1055 0.105 0.105 0.105 0.1025 0.1025 0.09299999 0.09299999 0.087 0.087 0.087 0.08750001 0.08750001 0.08499999 0.08499999 0.0745 0.0745 0.068 0.068 0.068 0.085 0.085 0.091 0.091 0.0935 0.0935 0.0935 0.098 0.098 0.098 0.098 0.092 0.092 0.092 0.093 0.093 0.09299999 0.09299999 0.0955 0.0955 0.0955 0.095 0.095 0.102 0.102
0.119 0.1125 0.1125 0.1125 0.1125 0.1125 0.107 0.107 0.1125 0.1125 0.1195 0.1195 0.114 0.114 0.114 0.123 0.123 0.1175 0.1175 0.116 0.116 0.116 0.1145 0.1145 0.115 0.115 0.109 0.109 0.109 0.104 0.104 0.1055 0.1055 0.105 0.105 0.105 0.1025 0.1025 0.09299999 0.09299999 0.087 0.087 0.087 0.08750001 0.08750001 0.08499999 0.08499999 0.0745 0.0745 0.068 0.068 0.068 0.085 0.085 0.091 0.091 0.0935 0.0935 0.0935 0.098 0.098 0.098 0.098 0.092 0.092 0.092 0.093 0.093 0.09299999 0.09299999 0.0955 0.0955 0.0955 0.095 0.095 0.102 0.102
0.118 0.147 0.147 0.14 0.14 0.14 0.0945 0.0945 0.1095 0.1095 0.0925 0.0925 0.099 0.099 0.099 0.098 0.098 0.101 0.101 0.101 0.101 0.101 0.09450001 0.09450001 0.09450001 0.09450001 0.08750001 0.08750001 0.08750001 0.0775 0.0775 0.083 0.083 0.081 0.081 0.081 0.093 0.093 0.0985 0.0985 0.116 0.116 0.116 0.1155 0.1155 0.1155 0.1155 0.113 0.113 0.1095 0.1095 0.1095 0.11 0.11 0.102 0.102 0.1 0.1 0.1 0.1015 0.1015 0.101 0.101 0.098 0.098 0.098 0.0985 0.0985 0.101 0.101 0.098 0.098 0.098 0.103 0.103 0.1025 0.1025
0.118 0.147 0.147 0.14 0.14 0.14 0.0945 0.0945 0.1095 0.1095 0.0925 0.0925 0.099 0.099 0.099 0.098 0.098 0.101 0.101 0.101 0.101 0.101 0.09450001 0.09450001 0.09450001 0.09450001 0.08750001 0.08750001 0.08750001 0.0775 0.0775 0.083 0.083 0.081 0.081 0.081 0.093 0.093 0.0985 0.0985 0.116 0.116 0.116 0.1155 0.1155 0.1155 0.1155 0.113 0.113 0.1095 0.1095 0.1095 0.11 0.11 0.102 0.102 0.1 0.1 0.1 0.1015 0.1015 0.101 0.101 0.098 0.098 0.098 0.0985 0.0985 0.101 0.101 0.098 0.098 0.098 0.103 0.103 0.1025 0.1025
0.118 0.147 0.147 0.14 0.14 0.14 0.0945 0.0945 0.1095 0.1095 0.0925 0.0925 0.099 0.099 0.099 0.098 0.098 0.101 0.101 0.101 0.101 0.101 0.09450001 0.09450001 0.09450001 0.09450001 0.08750001 0.08750001 0.08750001 0.0775 0.0775 0.083 0.083 0.081 0.081 0.081 0.093 0.093 0.0985 0.0985 0.116 0.116 0.116 0.1155 0.1155 0.1155 0.1155 0.113 0.113 0.1095 0.1095 0.1095 0.11 0.11 0.102 0.102 0.1 0.1 0.1 0.1015 0.1015 0.101 0.101 0.098 0.098 0.098 0.0985 0.0985 0.101 0.101 0.098 0.098 0.098 0.103 0.103 0.1025 0.1025
0.1205 0.1475 0.1475 0.126 0.126 0.126 0.1035 0.1035 0.09450001 0.09450001 0.1 0.1 0.0995 0.0995 0.0995 0.1105 0.1105 0.112 0.112 0.104 0.104 0.104 0.1045 0.1045 0.0965 0.0965 0.095 0.095 0.095 0.095 0.095 0.092 0.092 0.098 0.098 0.098 0.124 0.124 0.1195 0.1195 0.1105 0.1105 0.1105 0.109 0.109 0.111 0.111 0.109 0.109 0.1055 0.1055 0.1055 0.103 0.103 0.103 0.103 0.1025 0.1025 0.1025 0.1025 0.1025 0.1085 0.1085 0.111 0.111 0.111 0.108 0.108 0.1105 0.1105 0.1085 0.1085 0.1085 0.109 0.109 0.095 0.095
0.1205 0.1475 0.1475 0.126 0.126 0.126 0.1035 0.1035 0.09450001 0.09450001 0.1 0.1 0.0995 0.0995 0.0995 0.1105 0.1105 0.112 0.112 0.104 0.104 0.104 0.1045 0.1045 0.0965 0.0965 0.095 0.095 0.095 0.095 0.095 0.092 0.092 0.098 0.098 0.098 0.124 0.124 0.1195 0.1195 0.1105 0.1105 0.1105 0.109 0.109 0.111 0.111 0.109 0.109 0.1055 0.1055 0.1055 0.103 0.103 0.103 0.103 0.1025 0.1025 0.1025 0.1025 0.1025 0.1085 0.1085 0.111 0.111 0.111 0.108 0.108 0.1105 0.1105 0.1085 0.1085 0.1085 0.109 0.109 0.095 0.095
0.112 0.1155 0.1155 0.128 0.128 0.128 0.1235 0.1235 0.1055 0.1055 0.09999999 0.09999999 0.104 0.104 0.104 0.1055 0.1055 0.105 0.105 0.126 0.126 0.126 0.1255 0.1255 0.1295 0.1295 0.125 0.125 0.125 0.124 0.124 0.118 0.118 0.129 0.129 0.129 0.1195 0.1195 0.109 0.109 0.112 0.112 0.112 0.111 0.111 0.1065 0.1065 0.1125 0.1125 0.1045 0.1045 0.1045 0.105 0.105 0.1065 0.1065 0.1075 0.1075 0.1075 0.109 0.109 0.1095 0.1095 0.1135 0.1135 0.1135 0.114 0.114 0.1075 0.1075 0.1085 0.1085 0.1085 0.106 0.106 0.093 0.093
0.112 0.1155 0.1155 0.128 0.128 0.128 0.1235 0.1235 0.1055 0.1055 0.09999999 0.09999999 0.104 0.104 0.104 0.1055 0.1055 0.105 0.105 0.126 0.126 0.126 0.1255 0.1255 0.1295 0.1295 0.125 0.125 0.125 0.124 0.124 0.118 0.118 0.129 0.129 0.129 0.1195 0.1195 0.109 0.109 0.112 0.112 0.112 0.111 0.111 0.1065 0.1065 0.1125 0.1125 0.1045 0.1045 0.1045 0.105 0.105 0.1065 0.1065 0.1075 0.1075 0.1075 0.109 0.109 0.1095 0.1095 0.1135 0.1135 0.1135 0.114 0.114 0.1075 0.1075 0.1085 0.1085 0.1085 0.106 0.106 0.093 0.093
0.119 0.103 0.103 0.13 0.13 0.13 0.1595 0.1595 0.131 0.131 0.1295 0.1295 0.1265 0.1265 0.1265 0.133 0.133 0.1345 0.1345 0.135 0.135 0.135 0.139 0.139 0.1345 0.1345 0.1295 0.1295 0.1295 0.1325 0.1325 0.1285 0.1285 0.1155 0.1155 0.1155 0.1145 0.1145 0.1075 0.1075 0.115 0.115 0.115 0.1115 0.1115 0.114 0.114 0.117 0.117 0.1155 0.1155 0.1155 0.113 0.113 0.1065 0.1065 0.111 0.111 0.111 0.11 0.11 0.1095 0.1095 0.1145 0.1145 0.1145 0.111 0.111 0.1075 0.1075 0.1055 0.1055 0.1055 0.1065 0.1065 0.1085 0.1085
0.119 0.103 0.103 0.13 0.13 0.13 0.1595 0.1595 0.131 0.131 0.1295 0.1295 0.1265 0.1265 0.1265 0.133 0.133 0.1345 0.1345 0.135 0.135 0.135 0.139 0.139 0.1345 0.1345 0.1295 0.1295 0.1295 0.1325 0.1325 0.1285 0.1285 0.1155 0.1155 0.1155 0.1145 0.1145 0.1075 0.1075 0.115 0.115 0.115 0.1115 0.1115 0.114 0.114 0.117 0.117 0.1155 0.1155 0.1155 0.113 0.113 0.1065 0.1065 0.111 0.111 0.111 0.11 0.11 0.1095 0.1095 0.1145 0.1145 0.1145 0.111 0.111 0.1075 0.1075 0.1055 0.1055 0.1055 0.1065 0.1065 0.1085 0.1085
0.119 0.103 0.103 0.13 0.13 0.13 0.1595 0.1595 0.131 0.131 0.1295 0.1295 0.1265 0.1265 0.1265 0.133 0.133 0.1345 0.1345 0.135 0.135 0.135 0.139 0.139 0.1345 0.1345 0.1295 0.1295 0.1295 0.1325 0.1325 0.1285 0.1285 0.1155 0.1155 0.1155 0.1145 0.1145 0.1075 0.1075 0.115 0.115 0.115 0.1115 0.1115 0.114 0.114 0.117 0.117 0.1155 0.1155 0.1155 0.113 0.113 0.1065 0.1065 0.111 0.111 0.111 0.11 0.11 0.1095 0.1095 0.1145 0.1145 0.1145 0.111 0.111 0.1075 0.1075 0.1055 0.1055 0.1055 0.1065 0.1065 0.1085 0.1085
0.1065 0.1145 0.1145 0.143 0.143 0.143 0.175 0.175 0.2055 0.2055 0.137 0.137 0.136 0.136 0.136 0.1345 0.1345 0.1345 0.1345 0.1365 0.1365 0.1365 0.1375 0.1375 0.128 0.128 0.118 0.118 0.118 0.1205 0.1205 0.1165 0.1165 0.112 0.112 0.112 0.1155 0.1155 0.117 0.117 0.111 0.111 0.111 0.111 0.111 0.1195 0.1195 0.1245 0.1245 0.1225 0.1225 0.1225 0.1205 0.1205 0.117 0.117 0.113 0.113 0.113 0.108 0.108 0.119 0.119 0.1215 0.1215 0.1215 0.1195 0.1195 0.122 0.122 0.119 0.119 0.119 0.1115 0.1115 0.109 0.109
0.1065 0.1145 0.1145 0.143 0.143 0.143 0.175 0.175 0.2055 0.2055 0.137 0.137 0.136 0.136 0.136 0.1345 0.1345 0.1345 0.1345 0.1365 0.1365 0.1365 0.1375 0.1375 0.128 0.128 0.118 0.118 0.118 0.1205 0.1205 0.1165 0.1165 0.112 0.112 0.112 0.1155 0.1155 0.117 0.117 0.111 0.111 0.111 0.111 0.111 0.1195 0.1195 0.1245 0.1245 0.1225 0.1225 0.1225 0.1205 0.1205 0.117 0.117 0.113 0.113 0.113 0.108 0.108 0.119 0.119 0.1215 0.1215 0.1215 0.1195 0.1195 0.122 0.122 0.119 0.119 0.119 0.1115 0.1115 0.109 0.109
0.116 0.1025 0.1025 0.113 0.113 0.113 0.1375 0.1375 0.1645 0.1645 0.1215 0.1215 0.1195 0.1195 0.1195 0.129 0.129 0.1205 0.1205 0.131 0.131 0.131 0.127 0.127 0.1285 0.1285 0.1265 0.1265 0.1265 0.143 0.143 0.1245 0.1245 0.1145 0.1145 0.1145 0.124 0.124 0.1245 0.1245 0.125 0.125 0.125 0.1235 0.1235 0.1245 0.1245 0.1235 0.1235 0.126 0.126 0.126 0.132 0.132 0.127 0.127 0.1235 0.1235 0.1235 0.1215 0.1215 0.1215 0.1215 0.1235 0.1235 0.1235 0.124 0.124 0.124 0.124 0.123 0.123 0.123 0.1125 0.1125 0.113 0.113
0.116 0.1025 0.1025 0.113 0.113 0.113 0.1375 0.1375 0.1645 0.1645 0.1215 0.1215 0.1195 0.1195 0.1195 0.129 0.129 0.1205 0.1205 0.131 0.131 0.131 0.127 0.127 0.1285 0.1285 0.1265 0.1265 0.1265 0.143 0.143 0.1245 0.1245 0.1145 0.1145 0.1145 0.124 0.124 0.1245 0.1245 0.125 0.125 0.125 0.1235 0.1235 0.1245 0.1245 0.1235 0.1235 0.126 0.126 0.126 0.132 0.132 0.127 0.127 0.1235 0.1235 0.1235 0.1215 0.1215 0.1215 0.1215 0.1235 0.1235 0.1235 0.124 0.124 0.124 0.124 0.123 0.123 0.123 0.1125 0.1125 0.113 0.113
0.129 0.1195 0.1195 0.1075 0.1075 0.1075 0.1345 0.1345 0.1295 0.1295 0.1095 0.1095 0.102 0.102 0.102 0.1115 0.1115 0.114 0.114 0.117 0.117 0.117 0.113 0.113 0.126 0.126 0.123 0.123 0.123 0.134 0.134 0.133 0.133 0.1225 0.1225 0.1225 0.128 0.128 0.129 0.129 0.13 0.13 0.13 0.124 0.124 0.125 0.125 0.1405 0.1405 0.136 0.136 0.136 0.1405 0.1405 0.1385 0.1385 0.1325 0.1325 0.1325 0.1285 0.1285 0.1275 0.1275 0.1235 0.1235 0.1235 0.1285 0.1285 0.126 0.126 0.1225 0.1225 0.1225 0.122 0.122 0.112 0.112
0.129 0.1195 0.1195 0.1075 0.1075 0.1075 0.1345 0.1345 0.1295 0.1295 0.1095 0.1095 0.102 0.102 0.102 0.1115 0.1115 0.114 0.114 0.117 0.117 0.117 0.113 0.113 0.126 0.126 0.123 0.123 0.123 0.134 0.134 0.133 0.133 0.1225 0.1225 0.1225 0.128 0.128 0.129 0.129 0.13 0.13 0.13 0.124 0.124 0.125 0.125 0.1405 0.1405 0.136 0.136 0.136 0.1405 0.1405 0.1385 0.1385 0.1325 0.1325 0.1325 0.1285 0.1285 0.1275 0.1275 0.1235 0.1235 0.1235 0.1285 0.1285 0.126 0.126 0.1225 0.1225 0.1225 0.122 0.122 0.112 0.112
