ndvi/NOAA-210.asc
ncols         252
nrows         154
xllcorner     -18.017974
yllcorner     13.481982
cellsize      0.035948
NODATA_value  -9999
[rows 0 to 34 of 154, columns 154 to 230 of 252]
0.1055 0.1005 0.1005 0.1085 0.1085 0.1085 0.114 0.114 0.1155 0.1155 0.1125 0.1125 0.1085 0.1085 0.1085 0.11 0.11 0.107 0.107 0.105 0.105 0.105 0.106 0.106 0.106 0.106 0.1045 0.1045 0.1045 0.1025 0.1025 0.1025 0.1025 0.1045 0.1045 0.1045 0.101 0.101 0.0965 0.0965 0.1015 0.1015 0.1015 0.105 0.105 0.1055 0.1055 0.1065 0.1065 0.1075 0.1075 0.1075 0.1095 0.1095 0.112 0.112 0.11 0.11 0.11 0.111 0.111 0.1085 0.1085 0.105 0.105 0.105 0.1045 0.1045 0.101 0.101 0.1005 0.1005 0.1005 0.101 0.101 0.0985 0.0985
0.1055 0.1005 0.1005 0.1085 0.1085 0.1085 0.114 0.114 0.1155 0.1155 0.1125 0.1125 0.1085 0.1085 0.1085 0.11 0.11 0.107 0.107 0.105 0.105 0.105 0.106 0.106 0.106 0.106 0.1045 0.1045 0.1045 0.1025 0.1025 0.1025 0.1025 0.1045 0.1045 0.1045 0.101 0.101 0.0965 0.0965 0.1015 0.1015 0.1015 0.105 0.105 0.1055 0.1055 0.1065 0.1065 0.1075 0.1075 0.1075 0.1095 0.1095 0.112 0.112 0.11 0.11 0.11 0.111 0.111 0.1085 0.1085 0.105 0.105 0.105 0.1045 0.1045 0.101 0.101 0.1005 0.1005 0.1005 0.101 0.101 0.0985 0.0985
0.104 0.1055 0.1055 0.1095 0.1095 0.1095 0.1125 0.1125 0.11 0.11 0.1115 0.1115 0.1075 0.1075 0.1075 0.107 0.107 0.1055 0.1055 0.102 0.102 0.102 0.1035 0.1035 0.1035 0.1035 0.103 0.103 0.103 0.105 0.105 0.1045 0.1045 0.107 0.107 0.107 0.113 0.113 0.1145 0.1145 0.1145 0.1145 0.1145 0.115 0.115 0.1175 0.1175 0.114 0.114 0.112 0.112 0.112 0.1165 0.1165 0.113 0.113 0.1165 0.1165 0.1165 0.118 0.118 0.1085 0.1085 0.1035 0.1035 0.1035 0.104 0.104 0.104 0.104 0.1025 0.1025 0.1025 0.1005 0.1005 0.098 0.098
0.104 0.1055 0.1055 0.1095 0.1095 0.1095 0.1125 0.1125 0.11 0.11 0.1115 0.1115 0.1075 0.1075 0.1075 0.107 0.107 0.1055 0.1055 0.102 0.102 0.102 0.1035 0.1035 0.1035 0.1035 0.103 0.103 0.103 0.105 0.105 0.1045 0.1045 0.107 0.107 0.107 0.113 0.113 0.1145 0.1145 0.1145 0.1145 0.1145 0.115 0.115 0.1175 0.1175 0.114 0.114 0.112 0.112 0.112 0.1165 0.1165 0.113 0.113 0.1165 0.1165 0.1165 0.118 0.118 0.1085 0.1085 0.1035 0.1035 0.1035 0.104 0.104 0.104 0.104 0.1025 0.1025 0.1025 0.1005 0.1005 0.098 0.098
0.104 0.1055 0.1055 0.1095 0.1095 0.1095 0.1125 0.1125 0.11 0.11 0.1115 0.1115 0.1075 0.1075 0.1075 0.107 0.107 0.1055 0.1055 0.102 0.102 0.102 0.1035 0.1035 0.1035 0.1035 0.103 0.103 0.103 0.105 0.105 0.1045 0.1045 0.107 0.107 0.107 0.113 0.113 0.1145 0.1145 0.1145 0.1145 0.1145 0.115 0.115 0.1175 0.1175 0.114 0.114 0.112 0.112 0.112 0.1165 0.1165 0.113 0.113 0.1165 0.1165 0.1165 0.118 0.118 0.1085 0.1085 0.1035 0.1035 0.1035 0.104 0.104 0.104 0.104 0.1025 0.1025 0.1025 0.1005 0.1005 0.098 0.098
0.11 0.11 0.11 0.111 0.111 0.111 0.1055 0.1055 0.099 0.099 0.1085 0.1085 0.1095 0.1095 0.1095 0.115 0.115 0.1115 0.1115 0.114 0.114 0.114 0.1105 0.1105 0.1155 0.1155 0.1135 0.1135 0.1135 0.1195 0.1195 0.1175 0.1175 0.1185 0.1185 0.1185 0.118 0.118 0.1185 0.1185 0.118 0.118 0.118 0.112 0.112 0.112 0.112 0.108 0.108 0.1105 0.1105 0.1105 0.1115 0.1115 0.1105 0.1105 0.1125 0.1125 0.1125 0.1095 0.1095 0.107 0.107 0.1075 0.1075 0.1075 0.1065 0.1065 0.1 0.1 0.1 0.1 0.1 0.1015 0.1015 0.1005 0.1005
0.11 0.11 0.11 0.111 0.111 0.111 0.1055 0.1055 0.099 0.099 0.1085 0.1085 0.1095 0.1095 0.1095 0.115 0.115 0.1115 0.1115 0.114 0.114 0.114 0.1105 0.1105 0.1155 0.1155 0.1135 0.1135 0.1135 0.1195 0.1195 0.1175 0.1175 0.1185 0.1185 0.1185 0.118 0.118 0.1185 0.1185 0.118 0.118 0.118 0.112 0.112 0.112 0.112 0.108 0.108 0.1105 0.1105 0.1105 0.1115 0.1115 0.1105 0.1105 0.1125 0.1125 0.1125 0.1095 0.1095 0.107 0.107 0.1075 0.1075 0.1075 0.1065 0.1065 0.1 0.1 0.1 0.1 0.1 0.1015 0.1015 0.1005 0.1005
0.1105 0.1095 0.1095 0.1105 0.1105 0.1105 0.112 0.112 0.1125 0.1125 0.111 0.111 0.11 0.11 0.11 0.108 0.108 0.1155 0.1155 0.115 0.115 0.115 0.112 0.112 0.112 0.112 0.1125 0.1125 0.1125 0.112 0.112 0.117 0.117 0.113 0.113 0.113 0.1165 0.1165 0.1125 0.1125 0.114 0.114 0.114 0.1135 0.1135 0.1135 0.1135 0.113 0.113 0.1135 0.1135 0.1135 0.113 0.113 0.11 0.11 0.109 0.109 0.109 0.106 0.106 0.1105 0.1105 0.1065 0.1065 0.1065 0.1065 0.1065 0.1025 0.1025 0.1015 0.1015 0.1015 0.103 0.103 0.102 0.102
0.1105 0.1095 0.1095 0.1105 0.1105 0.1105 0.112 0.112 0.1125 0.1125 0.111 0.111 0.11 0.11 0.11 0.108 0.108 0.1155 0.1155 0.115 0.115 0.115 0.112 0.112 0.112 0.112 0.1125 0.1125 0.1125 0.112 0.112 0.117 0.117 0.113 0.113 0.113 0.1165 0.1165 0.1125 0.1125 0.114 0.114 0.114 0.1135 0.1135 0.1135 0.1135 0.113 0.113 0.1135 0.1135 0.1135 0.113 0.113 0.11 0.11 0.109 0.109 0.109 0.106 0.106 0.1105 0.1105 0.1065 0.1065 0.1065 0.1065 0.1065 0.1025 0.1025 0.1015 0.1015 0.1015 0.103 0.103 0.102 0.102
0.1115 0.1065 0.1065 0.1055 0.1055 0.1055 0.1085 0.1085 0.112 0.112 0.1145 0.1145 0.114 0.114 0.114 0.1105 0.1105 0.115 0.115 0.1135 0.1135 0.1135 0.1145 0.1145 0.109 0.109 0.109 0.109 0.109 0.1095 0.1095 0.11 0.11 0.106 0.106 0.106 0.108 0.108 0.1055 0.1055 0.1005 0.1005 0.1005 0.1 0.1 0.1035 0.1035 0.1195 0.1195 0.115 0.115 0.115 0.104 0.104 0.107 0.107 0.1005 0.1005 0.1005 0.108 0.108 0.106 0.106 0.102 0.102 0.102 0.103 0.103 0.101 0.101 0.09999999 0.09999999 0.09999999 0.09999999 0.09999999 0.1 0.1
0.1115 0.1065 0.1065 0.1055 0.1055 0.1055 0.1085 0.1085 0.112 0.112 0.1145 0.1145 0.114 0.114 0.114 0.1105 0.1105 0.115 0.115 0.1135 0.1135 0.1135 0.1145 0.1145 0.109 0.109 0.109 0.109 0.109 0.1095 0.1095 0.11 0.11 0.106 0.106 0.106 0.108 0.108 0.1055 0.1055 0.1005 0.1005 0.1005 0.1 0.1 0.1035 0.1035 0.1195 0.1195 0.115 0.115 0.115 0.104 0.104 0.107 0.107 0.1005 0.1005 0.1005 0.108 0.108 0.106 0.106 0.102 0.102 0.102 0.103 0.103 0.101 0.101 0.09999999 0.09999999 0.09999999 0.09999999 0.09999999 0.1 0.1
0.115 0.109 0.109 0.105 0.105 0.105 0.11 0.11 0.1125 0.1125 0.1195 0.1195 0.1165 0.1165 0.1165 0.114 0.114 0.1185 0.1185 0.1095 0.1095 0.1095 0.1095 0.1095 0.1115 0.1115 0.1115 0.1115 0.1115 0.11 0.11 0.1065 0.1065 0.1065 0.1065 0.1065 0.104 0.104 0.104 0.104 0.1005 0.1005 0.1005 0.109 0.109 0.1195 0.1195 0.123 0.123 0.112 0.112 0.112 0.103 0.103 0.1005 0.1005 0.1035 0.1035 0.1035 0.1015 0.1015 0.0985 0.0985 0.093 0.093 0.093 0.092 0.092 0.0925 0.0925 0.0925 0.0925 0.0925 0.09299999 0.09299999 0.097 0.097
0.115 0.109 0.109 0.105 0.105 0.105 0.11 0.11 0.1125 0.1125 0.1195 0.1195 0.1165 0.1165 0.1165 0.114 0.114 0.1185 0.1185 0.1095 0.1095 0.1095 0.1095 0.1095 0.1115 0.1115 0.1115 0.1115 0.1115 0.11 0.11 0.1065 0.1065 0.1065 0.1065 0.1065 0.104 0.104 0.104 0.104 0.1005 0.1005 0.1005 0.109 0.109 0.1195 0.1195 0.123 0.123 0.112 0.112 0.112 0.103 0.103 0.1005 0.1005 0.1035 0.1035 0.1035 0.1015 0.1015 0.0985 0.0985 0.093 0.093 0.093 0.092 0.092 0.0925 0.0925 0.0925 0.0925 0.0925 0.09299999 0.09299999 0.097 0.097
0.115 0.109 0.109 0.105 0.105 0.105 0.11 0.11 0.1125 0.1125 0.1195 0.1195 0.1165 0.1165 0.1165 0.114 0.114 0.1185 0.1185 0.1095 0.1095 0.1095 0.1095 0.1095 0.1115 0.1115 0.1115 0.1115 0.1115 0.11 0.11 0.1065 0.1065 0.1065 0.1065 0.1065 0.104 0.104 0.104 0.104 0.1005 0.1005 0.1005 0.109 0.109 0.1195 0.1195 0.123 0.123 0.112 0.112 0.112 0.103 0.103 0.1005 0.1005 0.1035 0.1035 0.1035 0.1015 0.1015 0.0985 0.0985 0.093 0.093 0.093 0.092 0.092 0.0925 0.0925 0.0925 0.0925 0.0925 0.09299999 0.09299999 0.097 0.097
0.1085 0.113 0.113 0.112 0.112 0.112 0.114 0.114 0.1185 0.1185 0.121 0.121 0.121 0.121 0.121 0.117 0.117 0.115 0.115 0.11 0.11 0.11 0.111 0.111 0.1045 0.1045 0.1145 0.1145 0.1145 0.1065 0.1065 0.1055 0.1055 0.1055 0.1055 0.1055 0.108 0.108 0.1105 0.1105 0.105 0.105 0.105 0.1075 0.1075 0.111 0.111 0.1015 0.1015 0.0835 0.0835 0.0835 0.09299999 0.09299999 0.1045 0.1045 0.1005 0.1005 0.1005 0.09649999 0.09649999 0.097 0.097 0.0975 0.0975 0.0975 0.096 0.096 0.0935 0.0935 0.097 0.097 0.097 0.0995 0.0995 0.0985 0.0985
0.1085 0.113 0.113 0.112 0.112 0.112 0.114 0.114 0.1185 0.1185 0.121 0.121 0.121 0.121 0.121 0.117 0.117 0.115 0.115 0.11 0.11 0.11 0.111 0.111 0.1045 0.1045 0.1145 0.1145 0.1145 0.1065 0.1065 0.1055 0.1055 0.1055 0.1055 0.1055 0.108 0.108 0.1105 0.1105 0.105 0.105 0.105 0.1075 0.1075 0.111 0.111 0.1015 0.1015 0.0835 0.0835 0.0835 0.09299999 0.09299999 0.1045 0.1045 0.1005 0.1005 0.1005 0.09649999 0.09649999 0.097 0.097 0.0975 0.0975 0.0975 0.096 0.096 0.0935 0.0935 0.097 0.097 0.097 0.0995 0.0995 0.0985 0.0985
0.1155 0.112 0.112 0.11 0.11 0.11 0.1115 0.1115 0.1155 0.1155 0.1175 0.1175 0.1165 0.1165 0.1165 0.127 0.127 0.121 0.121 0.113 0.113 0.113 0.1115 0.1115 0.108 0.108 0.1085 0.1085 0.1085 0.105 0.105 0.09999999 0.09999999 0.0995 0.0995 0.0995 0.0985 0.0985 0.082 0.082 0.087 0.087 0.087 0.07250001 0.07250001 0.07449999 0.07449999 0.0715 0.0715 0.07600001 0.07600001 0.07600001 0.079 0.079 0.0885 0.0885 0.09 0.09 0.09 0.098 0.098 0.098 0.098 0.0975 0.0975 0.0975 0.099 0.099 0.0975 0.0975 0.098 0.098 0.098 0.1005 0.1005 0.0995 0.0995
0.1155 0.112 0.112 0.11 0.11 0.11 0.1115 0.1115 0.1155 0.1155 0.1175 0.1175 0.1165 0.1165 0.1165 0.127 0.127 0.121 0.121 0.113 0.113 0.113 0.1115 0.1115 0.108 0.108 0.1085 0.1085 0.1085 0.105 0.105 0.09999999 0.09999999 0.0995 0.0995 0.0995 0.0985 0.0985 0.082 0.082 0.087 0.087 0.087 0.07250001 0.07250001 0.07449999 0.07449999 0.0715 0.0715 0.07600001 0.07600001 0.07600001 0.079 0.079 0.0885 0.0885 0.09 0.09 0.09 0.098 0.098 0.098 0.098 0.0975 0.0975 0.0975 0.099 0.099 0.0975 0.0975 0.098 0.098 0.098 0.1005 0.1005 0.0995 0.0995
0.105 0.0915 0.0915 0.1015 0.1015 0.1015 0.0965 0.0965 0.089 0.089 0.096 0.096 0.0915 0.0915 0.0915 0.0985 0.0985 0.099 0.099 0.1015 0.1015 0.1015 0.0995 0.0995 0.097 0.097 0.093 0.093 0.093 0.085 0.085 0.0755 0.0755 0.07600001 0.07600001 0.07600001 0.0825 0.0825 0.0885 0.0885 0.098 0.098 0.098 0.108 0.108 0.1065 0.1065 0.1055 0.1055 0.1075 0.1075 0.1075 0.09900001 0.09900001 0.101 0.101 0.0985 0.0985 0.0985 0.098 0.098 0.1015 0.1015 0.09999999 0.09999999 0.09999999 0.1 0.1 0.0975 0.0975 0.09649999 0.09649999 0.09649999 0.099 0.099 0.098 0.098
0.105 0.0915 0.0915 0.1015 0.1015 0.1015 0.0965 0.0965 0.089 0.089 0.096 0.096 0.0915 0.0915 0.0915 0.0985 0.0985 0.099 0.099 0.1015 0.1015 0.1015 0.0995 0.0995 0.097 0.097 0.093 0.093 0.093 0.085 0.085 0.0755 0.0755 0.07600001 0.07600001 0.07600001 0.0825 0.0825 0.0885 0.0885 0.098 0.098 0.098 0.108 0.108 0.1065 0.1065 0.1055 0.1055 0.1075 0.1075 0.1075 0.09900001 0.09900001 0.101 0.101 0.0985 0.0985 0.0985 0.098 0.098 0.1015 0.1015 0.09999999 0.09999999 0.09999999 0.1 0.1 0.0975 0.0975 0.09649999 0.09649999 0.09649999 0.099 0.099 0.098 0.098
0.105 0.0915 0.0915 0.1015 0.1015 0.1015 0.0965 0.0965 0.089 0.089 0.096 0.096 0.0915 0.0915 0.0915 0.0985 0.0985 0.099 0.099 0.1015 0.1015 0.1015 0.0995 0.0995 0.097 0.097 0.093 0.093 0.093 0.085 0.085 0.0755 0.0755 0.07600001 0.07600001 0.07600001 0.0825 0.0825 0.0885 0.0885 0.098 0.098 0.098 0.108 0.108 0.1065 0.1065 0.1055 0.1055 0.1075 0.1075 0.1075 0.09900001 0.09900001 0.101 0.101 0.0985 0.0985 0.0985 0.098 0.098 0.1015 0.1015 0.09999999 0.09999999 0.09999999 0.1 0.1 0.0975 0.0975 0.09649999 0.09649999 0.09649999 0.099 0.099 0.098 0.098
0.1065 0.09999999 0.09999999 0.1065 0.1065 0.1065 0.095 0.095 0.083 0.083 0.0955 0.0955 0.0935 0.0935 0.0935 0.098 0.098 0.1015 0.1015 0.103 0.103 0.103 0.102 0.102 0.103 0.103 0.0935 0.0935 0.0935 0.0855 0.0855 0.083 0.083 0.096 0.096 0.096 0.1155 0.1155 0.1135 0.1135 0.1065 0.1065 0.1065 0.104 0.104 0.1045 0.1045 0.107 0.107 0.0995 0.0995 0.0995 0.102 0.102 0.099 0.099 0.09900001 0.09900001 0.09900001 0.101 0.101 0.106 0.106 0.1015 0.1015 0.1015 0.1025 0.1025 0.0995 0.0995 0.1035 0.1035 0.1035 0.0975 0.0975 0.095 0.095
0.1065 0.09999999 0.09999999 0.1065 0.1065 0.1065 0.095 0.095 0.083 0.083 0.0955 0.0955 0.0935 0.0935 0.0935 0.098 0.098 0.1015 0.1015 0.103 0.103 0.103 0.102 0.102 0.103 0.103 0.0935 0.0935 0.0935 0.0855 0.0855 0.083 0.083 0.096 0.096 0.096 0.1155 0.1155 0.1135 0.1135 0.1065 0.1065 0.1065 0.104 0.104 0.1045 0.1045 0.107 0.107 0.0995 0.0995 0.0995 0.102 0.102 0.099 0.099 0.09900001 0.09900001 0.09900001 0.101 0.101 0.106 0.106 0.1015 0.1015 0.1015 0.1025 0.1025 0.0995 0.0995 0.1035 0.1035 0.1035 0.0975 0.0975 0.095 0.095
0.1155 0.09649999 0.09649999 0.111 0.111 0.111 0.1 0.1 0.104 0.104 0.1025 0.1025 0.1025 0.1025 0.1025 0.0955 0.0955 0.099 0.099 0.1155 0.1155 0.1155 0.114 0.114 0.115 0.115 0.1115 0.1115 0.1115 0.105 0.105 0.114 0.114 0.1255 0.1255 0.1255 0.1165 0.1165 0.1105 0.1105 0.105 0.105 0.105 0.1065 0.1065 0.103 0.103 0.1125 0.1125 0.104 0.104 0.104 0.104 0.104 0.096 0.096 0.102 0.102 0.102 0.0995 0.0995 0.104 0.104 0.104 0.104 0.104 0.102 0.102 0.1025 0.1025 0.1025 0.1025 0.1025 0.0985 0.0985 0.0975 0.0975
0.1155 0.09649999 0.09649999 0.111 0.111 0.111 0.1 0.1 0.104 0.104 0.1025 0.1025 0.1025 0.1025 0.1025 0.0955 0.0955 0.099 0.099 0.1155 0.1155 0.1155 0.114 0.114 0.115 0.115 0.1115 0.1115 0.1115 0.105 0.105 0.114 0.114 0.1255 0.1255 0.1255 0.1165 0.1165 0.1105 0.1105 0.105 0.105 0.105 0.1065 0.1065 0.103 0.103 0.1125 0.1125 0.104 0.104 0.104 0.104 0.104 0.096 0.096 0.102 0.102 0.102 0.0995 0.0995 0.104 0.104 0.104 0.104 0.104 0.102 0.102 0.1025 0.1025 0.1025 0.1025 0.1025 0.0985 0.0985 0.0975 0.0975
0.1175 0.103 0.103 0.1195 0.1195 0.1195 0.125 0.125 0.1235 0.1235 0.132 0.132 0.128 0.128 0.128 0.135 0.135 0.12 0.12 0.128 0.128 0.128 0.132 0.132 0.1245 0.1245 0.127 0.127 0.127 0.1265 0.1265 0.126 0.126 0.122 0.122 0.122 0.116 0.116 0.11 0.11 0.11 0.11 0.11 0.1065 0.1065 0.107 0.107 0.1125 0.1125 0.116 0.116 0.116 0.105 0.105 0.1025 0.1025 0.1 0.1 0.1 0.0985 0.0985 0.1015 0.1015 0.103 0.103 0.103 0.1065 0.1065 0.101 0.101 0.1005 0.1005 0.1005 0.1 0.1 0.0995 0.0995
0.1175 0.103 0.103 0.1195 0.1195 0.1195 0.125 0.125 0.1235 0.1235 0.132 0.132 0.128 0.128 0.128 0.135 0.135 0.12 0.12 0.128 0.128 0.128 0.132 0.132 0.1245 0.1245 0.127 0.127 0.127 0.1265 0.1265 0.126 0.126 0.122 0.122 0.122 0.116 0.116 0.11 0.11 0.11 0.11 0.11 0.1065 0.1065 0.107 0.107 0.1125 0.1125 0.116 0.116 0.116 0.105 0.105 0.1025 0.1025 0.1 0.1 0.1 0.0985 0.0985 0.1015 0.1015 0.103 0.103 0.103 0.1065 0.1065 0.101 0.101 0.1005 0.1005 0.1005 0.1 0.1 0.0995 0.0995
0.1175 0.103 0.103 0.1195 0.1195 0.1195 0.125 0.125 0.1235 0.1235 0.132 0.132 0.128 0.128 0.128 0.135 0.135 0.12 0.12 0.128 0.128 0.128 0.132 0.132 0.1245 0.1245 0.127 0.127 0.127 0.1265 0.1265 0.126 0.126 0.122 0.122 0.122 0.116 0.116 0.11 0.11 0.11 0.11 0.11 0.1065 0.1065 0.107 0.107 0.1125 0.1125 0.116 0.116 0.116 0.105 0.105 0.1025 0.1025 0.1 0.1 0.1 0.0985 0.0985 0.1015 0.1015 0.103 0.103 0.103 0.1065 0.1065 0.101 0.101 0.1005 0.1005 0.1005 0.1 0.1 0.0995 0.0995
0.1185 0.119 0.119 0.137 0.137 0.137 0.1345 0.1345 0.142 0.142 0.1325 0.1325 0.129 0.129 0.129 0.1315 0.1315 0.1265 0.1265 0.123 0.123 0.123 0.1285 0.1285 0.1245 0.1245 0.1285 0.1285 0.1285 0.1235 0.1235 0.125 0.125 0.118 0.118 0.118 0.1215 0.1215 0.121 0.121 0.113 0.113 0.113 0.111 0.111 0.1115 0.1115 0.1175 0.1175 0.116 0.116 0.116 0.1135 0.1135 0.102 0.102 0.099 0.099 0.099 0.098 0.098 0.1065 0.1065 0.105 0.105 0.105 0.109 0.109 0.1085 0.1085 0.1075 0.1075 0.1075 0.1035 0.1035 0.1035 0.1035
0.1185 0.119 0.119 0.137 0.137 0.137 0.1345 0.1345 0.142 0.142 0.1325 0.1325 0.129 0.129 0.129 0.1315 0.1315 0.1265 0.1265 0.123 0.123 0.123 0.1285 0.1285 0.1245 0.1245 0.1285 0.1285 0.1285 0.1235 0.1235 0.125 0.125 0.118 0.118 0.118 0.1215 0.1215 0.121 0.121 0.113 0.113 0.113 0.111 0.111 0.1115 0.1115 0.1175 0.1175 0.116 0.116 0.116 0.1135 0.1135 0.102 0.102 0.099 0.099 0.099 0.098 0.098 0.1065 0.1065 0.105 0.105 0.105 0.109 0.109 0.1085 0.1085 0.1075 0.1075 0.1075 0.1035 0.1035 0.1035 0.1035
0.1255 0.116 0.116 0.135 0.135 0.135 0.128 0.128 0.1295 0.1295 0.1215 0.1215 0.119 0.119 0.119 0.1265 0.1265 0.118 0.118 0.126 0.126 0.126 0.13 0.13 0.1325 0.1325 0.121 0.121 0.121 0.126 0.126 0.1255 0.1255 0.1205 0.1205 0.1205 0.128 0.128 0.1225 0.1225 0.124 0.124 0.124 0.1225 0.1225 0.12 0.12 0.12 0.12 0.12 0.12 0.12 0.1155 0.1155 0.112 0.112 0.109 0.109 0.109 0.109 0.109 0.11 0.11 0.113 0.113 0.113 0.119 0.119 0.1145 0.1145 0.108 0.108 0.108 0.1075 0.1075 0.1055 0.1055
0.1255 0.116 0.116 0.135 0.135 0.135 0.128 0.128 0.1295 0.1295 0.1215 0.1215 0.119 0.119 0.119 0.1265 0.1265 0.118 0.118 0.126 0.126 0.126 0.13 0.13 0.1325 0.1325 0.121 0.121 0.121 0.126 0.126 0.1255 0.1255 0.1205 0.1205 0.1205 0.128 0.128 0.1225 0.1225 0.124 0.124 0.124 0.1225 0.1225 0.12 0.12 0.12 0.12 0.12 0.12 0.12 0.1155 0.1155 0.112 0.112 0.109 0.109 0.109 0.109 0.109 0.11 0.11 0.113 0.113 0.113 0.119 0.119 0.1145 0.1145 0.108 0.108 0.108 0.1075 0.1075 0.1055 0.1055
0.133 0.1245 0.1245 0.128 0.128 0.128 0.136 0.136 0.127 0.127 0.107 0.107 0.1065 0.1065 0.1065 0.1115 0.1115 0.116 0.116 0.12 0.12 0.12 0.1155 0.1155 0.115 0.115 0.117 0.117 0.117 0.1265 0.1265 0.1265 0.1265 0.13 0.13 0.13 0.1325 0.1325 0.132 0.132 0.1275 0.1275 0.1275 0.12 0.12 0.122 0.122 0.135 0.135 0.133 0.133 0.133 0.131 0.131 0.115 0.115 0.1135 0.1135 0.1135 0.112 0.112 0.117 0.117 0.1175 0.1175 0.1175 0.117 0.117 0.1145 0.1145 0.115 0.115 0.115 0.116 0.116 0.1115 0.1115
0.133 0.1245 0.1245 0.128 0.128 0.128 0.136 0.136 0.127 0.127 0.107 0.107 0.1065 0.1065 0.1065 0.1115 0.1115 0.116 0.116 0.12 0.12 0.12 0.1155 0.1155 0.115 0.115 0.117 0.117 0.117 0.1265 0.1265 0.1265 0.1265 0.13 0.13 0.13 0.1325 0.1325 0.132 0.132 0.1275 0.1275 0.1275 0.12 0.12 0.122 0.122 0.135 0.135 0.133 0.133 0.133 0.131 0.131 0.115 0.115 0.1135 0.1135 0.1135 0.112 0.112 0.117 0.117 0.1175 0.1175 0.1175 0.117 0.117 0.1145 0.1145 0.115 0.115 0.115 0.116 0.116 0.1115 0.1115
0.13 0.1325 0.1325 0.1345 0.1345 0.1345 0.1345 0.1345 0.1225 0.1225 0.1155 0.1155 0.1045 0.1045 0.1045 0.1135 0.1135 0.1165 0.1165 0.1135 0.1135 0.1135 0.1125 0.1125 0.1275 0.1275 0.133 0.133 0.133 0.136 0.136 0.135 0.135 0.132 0.132 0.132 0.1275 0.1275 0.128 0.128 0.131 0.131 0.131 0.1245 0.1245 0.119 0.119 0.13 0.13 0.133 0.133 0.133 0.138 0.138 0.135 0.135 0.1315 0.1315 0.1315 0.118 0.118 0.1155 0.1155 0.1155 0.1155 0.1155 0.1155 0.1155 0.116 0.116 0.124 0.124 0.124 0.119 0.119 0.116 0.116
