ndvi/NOAA-286.asc
ncols         252
nrows         154
xllcorner     -18.017974
yllcorner     13.481982
cellsize      0.035948
NODATA_value  -9999
[rows 70 to 104 of 154, columns 154 to 230 of 252]
0.161 0.1535 0.1535 0.1725 0.1725 0.1725 0.158 0.158 0.193 0.193 0.2405 0.2405 0.2785 0.2785 0.2785 0.279 0.279 0.2635 0.2635 0.289 0.289 0.289 0.29 0.29 0.2655 0.2655 0.3365 0.3365 0.3365 0.3425 0.3425 0.315 0.315 0.2895 0.2895 0.2895 0.297 0.297 0.279 0.279 0.264 0.264 0.264 0.2975 0.2975 0.277 0.277 0.2895 0.2895 0.2805 0.2805 0.2805 0.2805 0.2805 0.285 0.285 0.3105 0.3105 0.3105 0.3015 0.3015 0.2545 0.2545 0.255 0.255 0.255 0.281 0.281 0.275 0.275 0.2365 0.2365 0.2365 0.264 0.264 0.201 0.201
0.1895 0.21 0.21 0.224 0.224 0.224 0.193 0.193 0.17 0.17 0.194 0.194 0.2495 0.2495 0.2495 0.2515 0.2515 0.2705 0.2705 0.2525 0.2525 0.2525 0.252 0.252 0.2835 0.2835 0.307 0.307 0.307 0.319 0.319 0.2965 0.2965 0.258 0.258 0.258 0.293 0.293 0.32 0.32 0.297 0.297 0.297 0.288 0.288 0.3145 0.3145 0.294 0.294 0.3015 0.3015 0.3015 0.326 0.326 0.3205 0.3205 0.3155 0.3155 0.3155 0.324 0.324 0.3205 0.3205 0.2865 0.2865 0.2865 0.2595 0.2595 0.239 0.239 0.2775 0.2775 0.2775 0.287 0.287 0.2335 0.2335
0.1895 0.21 0.21 0.224 0.224 0.224 0.193 0.193 0.17 0.17 0.194 0.194 0.2495 0.2495 0.2495 0.2515 0.2515 0.2705 0.2705 0.2525 0.2525 0.2525 0.252 0.252 0.2835 0.2835 0.307 0.307 0.307 0.319 0.319 0.2965 0.2965 0.258 0.258 0.258 0.293 0.293 0.32 0.32 0.297 0.297 0.297 0.288 0.288 0.3145 0.3145 0.294 0.294 0.3015 0.3015 0.3015 0.326 0.326 0.3205 0.3205 0.3155 0.3155 0.3155 0.324 0.324 0.3205 0.3205 0.2865 0.2865 0.2865 0.2595 0.2595 0.239 0.239 0.2775 0.2775 0.2775 0.287 0.287 0.2335 0.2335
0.1895 0.21 0.21 0.224 0.224 0.224 0.193 0.193 0.17 0.17 0.194 0.194 0.2495 0.2495 0.2495 0.2515 0.2515 0.2705 0.2705 0.2525 0.2525 0.2525 0.252 0.252 0.2835 0.2835 0.307 0.307 0.307 0.319 0.319 0.2965 0.2965 0.258 0.258 0.258 0.293 0.293 0.32 0.32 0.297 0.297 0.297 0.288 0.288 0.3145 0.3145 0.294 0.294 0.3015 0.3015 0.3015 0.326 0.326 0.3205 0.3205 0.3155 0.3155 0.3155 0.324 0.324 0.3205 0.3205 0.2865 0.2865 0.2865 0.2595 0.2595 0.239 0.239 0.2775 0.2775 0.2775 0.287 0.287 0.2335 0.2335
0.1905 0.2285 0.2285 0.238 0.238 0.238 0.2145 0.2145 0.19 0.19 0.2175 0.2175 0.2635 0.2635 0.2635 0.2675 0.2675 0.2805 0.2805 0.2495 0.2495 0.2495 0.2655 0.2655 0.286 0.286 0.321 0.321 0.321 0.304 0.304 0.3145 0.3145 0.3225 0.3225 0.3225 0.316 0.316 0.3155 0.3155 0.2985 0.2985 0.2985 0.287 0.287 0.326 0.326 0.3225 0.3225 0.3335 0.3335 0.3335 0.3495 0.3495 0.32 0.32 0.3015 0.3015 0.3015 0.3205 0.3205 0.3115 0.3115 0.2715 0.2715 0.2715 0.2715 0.2715 0.22 0.22 0.271 0.271 0.271 0.2625 0.2625 0.247 0.247
0.1905 0.2285 0.2285 0.238 0.238 0.238 0.2145 0.2145 0.19 0.19 0.2175 0.2175 0.2635 0.2635 0.2635 0.2675 0.2675 0.2805 0.2805 0.2495 0.2495 0.2495 0.2655 0.2655 0.286 0.286 0.321 0.321 0.321 0.304 0.304 0.3145 0.3145 0.3225 0.3225 0.3225 0.316 0.316 0.3155 0.3155 0.2985 0.2985 0.2985 0.287 0.287 0.326 0.326 0.3225 0.3225 0.3335 0.3335 0.3335 0.3495 0.3495 0.32 0.32 0.3015 0.3015 0.3015 0.3205 0.3205 0.3115 0.3115 0.2715 0.2715 0.2715 0.2715 0.2715 0.22 0.22 0.271 0.271 0.271 0.2625 0.2625 0.247 0.247
0.2055 0.236 0.236 0.242 0.242 0.242 0.208 0.208 0.1925 0.1925 0.1805 0.1805 0.257 0.257 0.257 0.291 0.291 0.2855 0.2855 0.2335 0.2335 0.2335 0.254 0.254 0.26 0.26 0.287 0.287 0.287 0.285 0.285 0.3195 0.3195 0.34 0.34 0.34 0.335 0.335 0.331 0.331 0.3165 0.3165 0.3165 0.2905 0.2905 0.3185 0.3185 0.336 0.336 0.32 0.32 0.32 0.33 0.33 0.312 0.312 0.2805 0.2805 0.2805 0.2765 0.2765 0.294 0.294 0.2775 0.2775 0.2775 0.268 0.268 0.2465 0.2465 0.2255 0.2255 0.2255 0.261 0.261 0.3035 0.3035
0.2055 0.236 0.236 0.242 0.242 0.242 0.208 0.208 0.1925 0.1925 0.1805 0.1805 0.257 0.257 0.257 0.291 0.291 0.2855 0.2855 0.2335 0.2335 0.2335 0.254 0.254 0.26 0.26 0.287 0.287 0.287 0.285 0.285 0.3195 0.3195 0.34 0.34 0.34 0.335 0.335 0.331 0.331 0.3165 0.3165 0.3165 0.2905 0.2905 0.3185 0.3185 0.336 0.336 0.32 0.32 0.32 0.33 0.33 0.312 0.312 0.2805 0.2805 0.2805 0.2765 0.2765 0.294 0.294 0.2775 0.2775 0.2775 0.268 0.268 0.2465 0.2465 0.2255 0.2255 0.2255 0.261 0.261 0.3035 0.3035
0.177 0.207 0.207 0.2005 0.2005 0.2005 0.224 0.224 0.172 0.172 0.213 0.213 0.26 0.26 0.26 0.265 0.265 0.2525 0.2525 0.251 0.251 0.251 0.2685 0.2685 0.2775 0.2775 0.338 0.338 0.338 0.316 0.316 0.3 0.3 0.314 0.314 0.314 0.369 0.369 0.3575 0.3575 0.2955 0.2955 0.2955 0.304 0.304 0.2685 0.2685 0.2855 0.2855 0.285 0.285 0.285 0.2875 0.2875 0.2545 0.2545 0.223 0.223 0.223 0.274 0.274 0.268 0.268 0.267 0.267 0.267 0.271 0.271 0.273 0.273 0.2385 0.2385 0.2385 0.2615 0.2615 0.2455 0.2455
0.177 0.207 0.207 0.2005 0.2005 0.2005 0.224 0.224 0.172 0.172 0.213 0.213 0.26 0.26 0.26 0.265 0.265 0.2525 0.2525 0.251 0.251 0.251 0.2685 0.2685 0.2775 0.2775 0.338 0.338 0.338 0.316 0.316 0.3 0.3 0.314 0.314 0.314 0.369 0.369 0.3575 0.3575 0.2955 0.2955 0.2955 0.304 0.304 0.2685 0.2685 0.2855 0.2855 0.285 0.285 0.285 0.2875 0.2875 0.2545 0.2545 0.223 0.223 0.223 0.274 0.274 0.268 0.268 0.267 0.267 0.267 0.271 0.271 0.273 0.273 0.2385 0.2385 0.2385 0.2615 0.2615 0.2455 0.2455
0.115 0.15 0.15 0.1805 0.1805 0.1805 0.166 0.166 0.18 0.18 0.206 0.206 0.259 0.259 0.259 0.2735 0.2735 0.2675 0.2675 0.2755 0.2755 0.2755 0.2695 0.2695 0.3035 0.3035 0.3155 0.3155 0.3155 0.2865 0.2865 0.266 0.266 0.307 0.307 0.307 0.303 0.303 0.324 0.324 0.3 0.3 0.3 0.2755 0.2755 0.263 0.263 0.2955 0.2955 0.3025 0.3025 0.3025 0.239 0.239 0.2915 0.2915 0.3165 0.3165 0.3165 0.306 0.306 0.2765 0.2765 0.3035 0.3035 0.3035 0.3075 0.3075 0.248 0.248 0.2155 0.2155 0.2155 0.2105 0.2105 0.2165 0.2165
0.115 0.15 0.15 0.1805 0.1805 0.1805 0.166 0.166 0.18 0.18 0.206 0.206 0.259 0.259 0.259 0.2735 0.2735 0.2675 0.2675 0.2755 0.2755 0.2755 0.2695 0.2695 0.3035 0.3035 0.3155 0.3155 0.3155 0.2865 0.2865 0.266 0.266 0.307 0.307 0.307 0.303 0.303 0.324 0.324 0.3 0.3 0.3 0.2755 0.2755 0.263 0.263 0.2955 0.2955 0.3025 0.3025 0.3025 0.239 0.239 0.2915 0.2915 0.3165 0.3165 0.3165 0.306 0.306 0.2765 0.2765 0.3035 0.3035 0.3035 0.3075 0.3075 0.248 0.248 0.2155 0.2155 0.2155 0.2105 0.2105 0.2165 0.2165
0.115 0.15 0.15 0.1805 0.1805 0.1805 0.166 0.166 0.18 0.18 0.206 0.206 0.259 0.259 0.259 0.2735 0.2735 0.2675 0.2675 0.2755 0.2755 0.2755 0.2695 0.2695 0.3035 0.3035 0.3155 0.3155 0.3155 0.2865 0.2865 0.266 0.266 0.307 0.307 0.307 0.303 0.303 0.324 0.324 0.3 0.3 0.3 0.2755 0.2755 0.263 0.263 0.2955 0.2955 0.3025 0.3025 0.3025 0.239 0.239 0.2915 0.2915 0.3165 0.3165 0.3165 0.306 0.306 0.2765 0.2765 0.3035 0.3035 0.3035 0.3075 0.3075 0.248 0.248 0.2155 0.2155 0.2155 0.2105 0.2105 0.2165 0.2165
0.1115 0.1665 0.1665 0.189 0.189 0.189 0.1975 0.1975 0.1965 0.1965 0.308 0.308 0.2705 0.2705 0.2705 0.279 0.279 0.284 0.284 0.2835 0.2835 0.2835 0.32 0.32 0.301 0.301 0.254 0.254 0.254 0.2635 0.2635 0.256 0.256 0.256 0.256 0.256 0.2655 0.2655 0.2665 0.2665 0.2895 0.2895 0.2895 0.2935 0.2935 0.282 0.282 0.296 0.296 0.302 0.302 0.302 0.311 0.311 0.3395 0.3395 0.316 0.316 0.316 0.3285 0.3285 0.291 0.291 0.358 0.358 0.358 0.313 0.313 0.321 0.321 0.3025 0.3025 0.3025 0.2945 0.2945 0.276 0.276
0.1115 0.1665 0.1665 0.189 0.189 0.189 0.1975 0.1975 0.1965 0.1965 0.308 0.308 0.2705 0.2705 0.2705 0.279 0.279 0.284 0.284 0.2835 0.2835 0.2835 0.32 0.32 0.301 0.301 0.254 0.254 0.254 0.2635 0.2635 0.256 0.256 0.256 0.256 0.256 0.2655 0.2655 0.2665 0.2665 0.2895 0.2895 0.2895 0.2935 0.2935 0.282 0.282 0.296 0.296 0.302 0.302 0.302 0.311 0.311 0.3395 0.3395 0.316 0.316 0.316 0.3285 0.3285 0.291 0.291 0.358 0.358 0.358 0.313 0.313 0.321 0.321 0.3025 0.3025 0.3025 0.2945 0.2945 0.276 0.276
0.1345 0.22 0.22 0.1955 0.1955 0.1955 0.205 0.205 0.297 0.297 0.323 0.323 0.2935 0.2935 0.2935 0.2725 0.2725 0.3175 0.3175 0.358 0.358 0.358 0.317 0.317 0.288 0.288 0.271 0.271 0.271 0.247 0.247 0.2525 0.2525 0.2795 0.2795 0.2795 0.259 0.259 0.298 0.298 0.318 0.318 0.318 0.342 0.342 0.304 0.304 0.325 0.325 0.366 0.366 0.366 0.3545 0.3545 0.3665 0.3665 0.398 0.398 0.398 0.351 0.351 0.3565 0.3565 0.318 0.318 0.318 0.3535 0.3535 0.3665 0.3665 0.356 0.356 0.356 0.348 0.348 0.364 0.364
0.1345 0.22 0.22 0.1955 0.1955 0.1955 0.205 0.205 0.297 0.297 0.323 0.323 0.2935 0.2935 0.2935 0.2725 0.2725 0.3175 0.3175 0.358 0.358 0.358 0.317 0.317 0.288 0.288 0.271 0.271 0.271 0.247 0.247 0.2525 0.2525 0.2795 0.2795 0.2795 0.259 0.259 0.298 0.298 0.318 0.318 0.318 0.342 0.342 0.304 0.304 0.325 0.325 0.366 0.366 0.366 0.3545 0.3545 0.3665 0.3665 0.398 0.398 0.398 0.351 0.351 0.3565 0.3565 0.318 0.318 0.318 0.3535 0.3535 0.3665 0.3665 0.356 0.356 0.356 0.348 0.348 0.364 0.364
0.2235 0.2405 0.2405 0.2315 0.2315 0.2315 0.182 0.182 0.224 0.224 0.3115 0.3115 0.3035 0.3035 0.3035 0.319 0.319 0.3375 0.3375 0.3365 0.3365 0.3365 0.292 0.292 0.265 0.265 0.29 0.29 0.29 0.313 0.313 0.3125 0.3125 0.302 0.302 0.302 0.308 0.308 0.328 0.328 0.3245 0.3245 0.3245 0.389 0.389 0.3945 0.3945 0.373 0.373 0.381 0.381 0.381 0.38 0.38 0.373 0.373 0.365 0.365 0.365 0.331 0.331 0.358 0.358 0.3895 0.3895 0.3895 0.3465 0.3465 0.35 0.35 0.3645 0.3645 0.3645 0.3565 0.3565 0.3895 0.3895
0.2235 0.2405 0.2405 0.2315 0.2315 0.2315 0.182 0.182 0.224 0.224 0.3115 0.3115 0.3035 0.3035 0.3035 0.319 0.319 0.3375 0.3375 0.3365 0.3365 0.3365 0.292 0.292 0.265 0.265 0.29 0.29 0.29 0.313 0.313 0.3125 0.3125 0.302 0.302 0.302 0.308 0.308 0.328 0.328 0.3245 0.3245 0.3245 0.389 0.389 0.3945 0.3945 0.373 0.373 0.381 0.381 0.381 0.38 0.38 0.373 0.373 0.365 0.365 0.365 0.331 0.331 0.358 0.358 0.3895 0.3895 0.3895 0.3465 0.3465 0.35 0.35 0.3645 0.3645 0.3645 0.3565 0.3565 0.3895 0.3895
0.2235 0.2405 0.2405 0.2315 0.2315 0.2315 0.182 0.182 0.224 0.224 0.3115 0.3115 0.3035 0.3035 0.3035 0.319 0.319 0.3375 0.3375 0.3365 0.3365 0.3365 0.292 0.292 0.265 0.265 0.29 0.29 0.29 0.313 0.313 0.3125 0.3125 0.302 0.302 0.302 0.308 0.308 0.328 0.328 0.3245 0.3245 0.3245 0.389 0.389 0.3945 0.3945 0.373 0.373 0.381 0.381 0.381 0.38 0.38 0.373 0.373 0.365 0.365 0.365 0.331 0.331 0.358 0.358 0.3895 0.3895 0.3895 0.3465 0.3465 0.35 0.35 0.3645 0.3645 0.3645 0.3565 0.3565 0.3895 0.3895
0.2175 0.2405 0.2405 0.198 0.198 0.198 0.2375 0.2375 0.261 0.261 0.3115 0.3115 0.311 0.311 0.311 0.311 0.311 0.2715 0.2715 0.2795 0.2795 0.2795 0.3045 0.3045 0.26 0.26 0.2635 0.2635 0.2635 0.307 0.307 0.326 0.326 0.331 0.331 0.331 0.357 0.357 0.3595 0.3595 0.3775 0.3775 0.3775 0.3535 0.3535 0.397 0.397 0.4225 0.4225 0.3725 0.3725 0.3725 0.3405 0.3405 0.339 0.339 0.328 0.328 0.328 0.323 0.323 0.335 0.335 0.3735 0.3735 0.3735 0.343 0.343 0.3415 0.3415 0.359 0.359 0.359 0.38 0.38 0.3405 0.3405
0.2175 0.2405 0.2405 0.198 0.198 0.198 0.2375 0.2375 0.261 0.261 0.3115 0.3115 0.311 0.311 0.311 0.311 0.311 0.2715 0.2715 0.2795 0.2795 0.2795 0.3045 0.3045 0.26 0.26 0.2635 0.2635 0.2635 0.307 0.307 0.326 0.326 0.331 0.331 0.331 0.357 0.357 0.3595 0.3595 0.3775 0.3775 0.3775 0.3535 0.3535 0.397 0.397 0.4225 0.4225 0.3725 0.3725 0.3725 0.3405 0.3405 0.339 0.339 0.328 0.328 0.328 0.323 0.323 0.335 0.335 0.3735 0.3735 0.3735 0.343 0.343 0.3415 0.3415 0.359 0.359 0.359 0.38 0.38 0.3405 0.3405
0.235 0.269 0.269 0.246 0.246 0.246 0.283 0.283 0.2585 0.2585 0.3495 0.3495 0.3545 0.3545 0.3545 0.3416 0.3416 0.3525 0.3525 0.3285 0.3285 0.3285 0.3345 0.3345 0.3635 0.3635 0.302 0.302 0.302 0.302 0.302 0.334 0.334 0.343 0.343 0.343 0.379 0.379 0.3525 0.3525 0.3855 0.3855 0.3855 0.3685 0.3685 0.411 0.411 0.429 0.429 0.359 0.359 0.359 0.336 0.336 0.339 0.339 0.335 0.335 0.335 0.3485 0.3485 0.3415 0.3415 0.336 0.336 0.336 0.332 0.332 0.3545 0.3545 0.356 0.356 0.356 0.366 0.366 0.355 0.355
0.235 0.269 0.269 0.246 0.246 0.246 0.283 0.283 0.2585 0.2585 0.3495 0.3495 0.3545 0.3545 0.3545 0.3416 0.3416 0.3525 0.3525 0.3285 0.3285 0.3285 0.3345 0.3345 0.3635 0.3635 0.302 0.302 0.302 0.302 0.302 0.334 0.334 0.343 0.343 0.343 0.379 0.379 0.3525 0.3525 0.3855 0.3855 0.3855 0.3685 0.3685 0.411 0.411 0.429 0.429 0.359 0.359 0.359 0.336 0.336 0.339 0.339 0.335 0.335 0.335 0.3485 0.3485 0.3415 0.3415 0.336 0.336 0.336 0.332 0.332 0.3545 0.3545 0.356 0.356 0.356 0.366 0.366 0.355 0.355
0.268 0.293 0.293 0.3075 0.3075 0.3075 0.3015 0.3015 0.304 0.304 0.341 0.341 0.356 0.356 0.356 0.3395 0.3395 0.334 0.334 0.3115 0.3115 0.3115 0.365 0.365 0.337 0.337 0.3175 0.3175 0.3175 0.3465 0.3465 0.345 0.345 0.3955 0.3955 0.3955 0.4175 0.4175 0.3755 0.3755 0.421 0.421 0.421 0.406 0.406 0.443 0.443 0.447 0.447 0.364 0.364 0.364 0.342 0.342 0.3955 0.3955 0.406 0.406 0.406 0.367 0.367 0.3935 0.3935 0.4405 0.4405 0.4405 0.318 0.318 0.3325 0.3325 0.3365 0.3365 0.3365 0.377 0.377 0.388 0.388
0.268 0.293 0.293 0.3075 0.3075 0.3075 0.3015 0.3015 0.304 0.304 0.341 0.341 0.356 0.356 0.356 0.3395 0.3395 0.334 0.334 0.3115 0.3115 0.3115 0.365 0.365 0.337 0.337 0.3175 0.3175 0.3175 0.3465 0.3465 0.345 0.345 0.3955 0.3955 0.3955 0.4175 0.4175 0.3755 0.3755 0.421 0.421 0.421 0.406 0.406 0.443 0.443 0.447 0.447 0.364 0.364 0.364 0.342 0.342 0.3955 0.3955 0.406 0.406 0.406 0.367 0.367 0.3935 0.3935 0.4405 0.4405 0.4405 0.318 0.318 0.3325 0.3325 0.3365 0.3365 0.3365 0.377 0.377 0.388 0.388
0.268 0.293 0.293 0.3075 0.3075 0.3075 0.3015 0.3015 0.304 0.304 0.341 0.341 0.356 0.356 0.356 0.3395 0.3395 0.334 0.334 0.3115 0.3115 0.3115 0.365 0.365 0.337 0.337 0.3175 0.3175 0.3175 0.3465 0.3465 0.345 0.345 0.3955 0.3955 0.3955 0.4175 0.4175 0.3755 0.3755 0.421 0.421 0.421 0.406 0.406 0.443 0.443 0.447 0.447 0.364 0.364 0.364 0.342 0.342 0.3955 0.3955 0.406 0.406 0.406 0.367 0.367 0.3935 0.3935 0.4405 0.4405 0.4405 0.318 0.318 0.3325 0.3325 0.3365 0.3365 0.3365 0.377 0.377 0.388 0.388
0.3075 0.3125 0.3125 0.321 0.321 0.321 0.335 0.335 0.343 0.343 0.3275 0.3275 0.329 0.329 0.329 0.3205 0.3205 0.3285 0.3285 0.3215 0.3215 0.3215 0.3325 0.3325 0.275 0.275 0.316 0.316 0.316 0.319 0.319 0.324 0.324 0.386 0.386 0.386 0.3755 0.3755 0.3755 0.3755 0.429 0.429 0.429 0.422 0.422 0.452 0.452 0.3895 0.3895 0.343 0.343 0.343 0.384 0.384 0.35 0.35 0.373 0.373 0.373 0.399 0.399 0.391 0.391 0.4045 0.4045 0.4045 0.3515 0.3515 0.2725 0.2725 0.2455 0.2455 0.2455 0.366 0.366 0.369 0.369
0.3075 0.3125 0.3125 0.321 0.321 0.321 0.335 0.335 0.343 0.343 0.3275 0.3275 0.329 0.329 0.329 0.3205 0.3205 0.3285 0.3285 0.3215 0.3215 0.3215 0.3325 0.3325 0.275 0.275 0.316 0.316 0.316 0.319 0.319 0.324 0.324 0.386 0.386 0.386 0.3755 0.3755 0.3755 0.3755 0.429 0.429 0.429 0.422 0.422 0.452 0.452 0.3895 0.3895 0.343 0.343 0.343 0.384 0.384 0.35 0.35 0.373 0.373 0.373 0.399 0.399 0.391 0.391 0.4045 0.4045 0.4045 0.3515 0.3515 0.2725 0.2725 0.2455 0.2455 0.2455 0.366 0.366 0.369 0.369
0.346 0.3905 0.3905 0.333 0.333 0.333 0.2955 0.2955 0.328 0.328 0.33 0.33 0.375 0.375 0.375 0.356 0.356 0.342 0.342 0.3775 0.3775 0.3775 0.348 0.348 0.358 0.358 0.344 0.344 0.344 0.335 0.335 0.3515 0.3515 0.38 0.38 0.38 0.3855 0.3855 0.452 0.452 0.441 0.441 0.441 0.436 0.436 0.435 0.435 0.4135 0.4135 0.3985 0.3985 0.3985 0.3885 0.3885 0.377 0.377 0.3665 0.3665 0.3665 0.35 0.35 0.3825 0.3825 0.3475 0.3475 0.3475 0.3405 0.3405 0.2895 0.2895 0.3045 0.3045 0.3045 0.344 0.344 0.3575 0.3575
0.346 0.3905 0.3905 0.333 0.333 0.333 0.2955 0.2955 0.328 0.328 0.33 0.33 0.375 0.375 0.375 0.356 0.356 0.342 0.342 0.3775 0.3775 0.3775 0.348 0.348 0.358 0.358 0.344 0.344 0.344 0.335 0.335 0.3515 0.3515 0.38 0.38 0.38 0.3855 0.3855 0.452 0.452 0.441 0.441 0.441 0.436 0.436 0.435 0.435 0.4135 0.4135 0.3985 0.3985 0.3985 0.3885 0.3885 0.377 0.377 0.3665 0.3665 0.3665 0.35 0.35 0.3825 0.3825 0.3475 0.3475 0.3475 0.3405 0.3405 0.2895 0.2895 0.3045 0.3045 0.3045 0.344 0.344 0.3575 0.3575
0.3405 0.344 0.344 0.337 0.337 0.337 0.271 0.271 0.296 0.296 0.3255 0.3255 0.372 0.372 0.372 0.379 0.379 0.3845 0.3845 0.358 0.358 0.358 0.3465 0.3465 0.3695 0.3695 0.3365 0.3365 0.3365 0.3715 0.3715 0.3715 0.3715 0.368 0.368 0.368 0.4095 0.4095 0.411 0.411 0.3685 0.3685 0.3685 0.402 0.402 0.387 0.387 0.4415 0.4415 0.413 0.413 0.413 0.3575 0.3575 0.374 0.374 0.3545 0.3545 0.3545 0.393 0.393 0.347 0.347 0.342 0.342 0.342 0.3155 0.3155 0.2861 0.2861 0.3405 0.3405 0.3405 0.3845 0.3845 0.4195 0.4195
0.3405 0.344 0.344 0.337 0.337 0.337 0.271 0.271 0.296 0.296 0.3255 0.3255 0.372 0.372 0.372 0.379 0.379 0.3845 0.3845 0.358 0.358 0.358 0.3465 0.3465 0.3695 0.3695 0.3365 0.3365 0.3365 0.3715 0.3715 0.3715 0.3715 0.368 0.368 0.368 0.4095 0.4095 0.411 0.411 0.3685 0.3685 0.3685 0.402 0.402 0.387 0.387 0.4415 0.4415 0.413 0.413 0.413 0.3575 0.3575 0.374 0.374 0.3545 0.3545 0.3545 0.393 0.393 0.347 0.347 0.342 0.342 0.342 0.3155 0.3155 0.2861 0.2861 0.3405 0.3405 0.3405 0.3845 0.3845 0.4195 0.4195
0.393 0.355 0.355 0.3405 0.3405 0.3405 0.3265 0.3265 0.3535 0.3535 0.3785 0.3785 0.4025 0.4025 0.4025 0.3905 0.3905 0.3745 0.3745 0.358 0.358 0.358 0.3225 0.3225 0.348 0.348 0.3585 0.3585 0.3585 0.402 0.402 0.352 0.352 0.37 0.37 0.37 0.395 0.395 0.3945 0.3945 0.417 0.417 0.417 0.4155 0.4155 0.3805 0.3805 0.439 0.439 0.417 0.417 0.417 0.3975 0.3975 0.3845 0.3845 0.42 0.42 0.42 0.344 0.344 0.3495 0.3495 0.3925 0.3925 0.3925 0.446 0.446 0.416 0.416 0.3795 0.3795 0.3795 0.436 0.436 0.4095 0.4095
0.393 0.355 0.355 0.3405 0.3405 0.3405 0.3265 0.3265 0.3535 0.3535 0.3785 0.3785 0.4025 0.4025 0.4025 0.3905 0.3905 0.3745 0.3745 0.358 0.358 0.358 0.3225 0.3225 0.348 0.348 0.3585 0.3585 0.3585 0.402 0.402 0.352 0.352 0.37 0.37 0.37 0.395 0.395 0.3945 0.3945 0.417 0.417 0.417 0.4155 0.4155 0.3805 0.3805 0.439 0.439 0.417 0.417 0.417 0.3975 0.3975 0.3845 0.3845 0.42 0.42 0.42 0.344 0.344 0.3495 0.3495 0.3925 0.3925 0.3925 0.446 0.446 0.416 0.416 0.3795 0.3795 0.3795 0.436 0.436 0.4095 0.4095
