ndvi/NOAA-345.asc
ncols         252
nrows         154
xllcorner     -18.017974
yllcorner     13.481982
cellsize      0.035948
NODATA_value  -9999
[rows 102 to 135 of 154, columns 0 to 76 of 252]
-1 -1 -1 -1 -1 -1 -1 -1 -1 -1 -1 -1 -1 -1 -1 -1 -1 -1 -1 -1 -1 -1 -1 -1 -1 0.048 0.048 0.048 0.245 0.245 0.4955 0.4955 0.513 0.513 0.513 0.433 0.433 0.4935 0.4935 0.5045 0.5045 0.5045 0.489 0.489 0.5155 0.5155 0.4615 0.4615 0.4615 0.4885 0.4885 0.515 0.515 0.6236 0.6236 0.6395 0.6395 0.6395 0.5661 0.5661 0.6076 0.6076 0.6076 0.6076 0.6076 0.6151 0.6151 0.6485 0.6485 0.6166 0.6166 0.6166 0.62 0.62 0.592 0.592 0.594
-1 -1 -1 -1 -1 -1 -1 -1 -1 -1 -1 -1 -1 -1 -1 -1 -1 -1 -1 -1 -1 -1 -1 0.13 0.13 0.3665 0.3665 0.3665 0.513 0.513 0.49 0.49 0.4385 0.4385 0.4385 0.5175 0.5175 0.5085 0.5085 0.553 0.553 0.553 0.5315 0.5315 0.505 0.505 0.5485 0.5485 0.5485 0.56 0.56 0.6035 0.6035 0.6065 0.6065 0.5925 0.5925 0.5925 0.5935 0.5935 0.615 0.615 0.615 0.615 0.615 0.6005 0.6005 0.5965 0.5965 0.6241 0.6241 0.6241 0.651 0.651 0.6165 0.6165 0.591
-1 -1 -1 -1 -1 -1 -1 -1 -1 -1 -1 -1 -1 -1 -1 -1 -1 -1 -1 -1 -1 -1 -1 0.13 0.13 0.3665 0.3665 0.3665 0.513 0.513 0.49 0.49 0.4385 0.4385 0.4385 0.5175 0.5175 0.5085 0.5085 0.553 0.553 0.553 0.5315 0.5315 0.505 0.505 0.5485 0.5485 0.5485 0.56 0.56 0.6035 0.6035 0.6065 0.6065 0.5925 0.5925 0.5925 0.5935 0.5935 0.615 0.615 0.615 0.615 0.615 0.6005 0.6005 0.5965 0.5965 0.6241 0.6241 0.6241 0.651 0.651 0.6165 0.6165 0.591
-1 -1 -1 -1 -1 -1 -1 -1 -1 -1 -1 -1 -1 -1 -1 -1 -1 -1 -1 -1 -1 -1 -1 0.13 0.13 0.3665 0.3665 0.3665 0.513 0.513 0.49 0.49 0.4385 0.4385 0.4385 0.5175 0.5175 0.5085 0.5085 0.553 0.553 0.553 0.5315 0.5315 0.505 0.505 0.5485 0.5485 0.5485 0.56 0.56 0.6035 0.6035 0.6065 0.6065 0.5925 0.5925 0.5925 0.5935 0.5935 0.615 0.615 0.615 0.615 0.615 0.6005 0.6005 0.5965 0.5965 0.6241 0.6241 0.6241 0.651 0.651 0.6165 0.6165 0.591
-1 -1 -1 -1 -1 -1 -1 -1 -1 -1 -1 -1 -1 -1 -1 -1 -1 -1 -1 -1 -1 0.1055 0.1055 0.2745 0.2745 0.5315 0.5315 0.5315 0.4775 0.4775 0.4265 0.4265 0.5015 0.5015 0.5015 0.5575 0.5575 0.5655 0.5655 0.57 0.57 0.57 0.543 0.543 0.515 0.515 0.564 0.564 0.564 0.595 0.595 0.551 0.551 0.5745 0.5745 0.597 0.597 0.597 0.5475 0.5475 0.585 0.585 0.585 0.585 0.585 0.6720999 0.6720999 0.6390001 0.6390001 0.6375 0.6375 0.6375 0.6566 0.6566 0.6661 0.6661 0.594
-1 -1 -1 -1 -1 -1 -1 -1 -1 -1 -1 -1 -1 -1 -1 -1 -1 -1 -1 -1 -1 0.1055 0.1055 0.2745 0.2745 0.5315 0.5315 0.5315 0.4775 0.4775 0.4265 0.4265 0.5015 0.5015 0.5015 0.5575 0.5575 0.5655 0.5655 0.57 0.57 0.57 0.543 0.543 0.515 0.515 0.564 0.564 0.564 0.595 0.595 0.551 0.551 0.5745 0.5745 0.597 0.597 0.597 0.5475 0.5475 0.585 0.585 0.585 0.585 0.585 0.6720999 0.6720999 0.6390001 0.6390001 0.6375 0.6375 0.6375 0.6566 0.6566 0.6661 0.6661 0.594
-1 -1 -1 -1 -1 -1 -1 -1 -1 -1 -1 -1 -1 -1 -1 -1 -1 -1 -1 -1 -1 0.2345 0.2345 0.545 0.545 0.5545 0.5545 0.5545 0.435 0.435 0.439 0.439 0.46 0.46 0.46 0.5535 0.5535 0.6155 0.6155 0.579 0.579 0.579 0.5965 0.5965 0.605 0.605 0.5375 0.5375 0.5375 0.5785 0.5785 0.545 0.545 0.565 0.565 0.545 0.545 0.545 0.6065 0.6065 0.6025 0.6025 0.6025 0.6025 0.6025 0.6295 0.6295 0.6435 0.6435 0.645 0.645 0.645 0.6375 0.6375 0.669 0.669 0.612
-1 -1 -1 -1 -1 -1 -1 -1 -1 -1 -1 -1 -1 -1 -1 -1 -1 -1 -1 -1 -1 0.2345 0.2345 0.545 0.545 0.5545 0.5545 0.5545 0.435 0.435 0.439 0.439 0.46 0.46 0.46 0.5535 0.5535 0.6155 0.6155 0.579 0.579 0.579 0.5965 0.5965 0.605 0.605 0.5375 0.5375 0.5375 0.5785 0.5785 0.545 0.545 0.565 0.565 0.545 0.545 0.545 0.6065 0.6065 0.6025 0.6025 0.6025 0.6025 0.6025 0.6295 0.6295 0.6435 0.6435 0.645 0.645 0.645 0.6375 0.6375 0.669 0.669 0.612
-1 -1 -1 -1 -1 -1 -1 -1 -1 -1 -1 -1 -1 -1 -1 -1 -1 -1 0.3445 0.3445 0.3445 0.483 0.483 0.5425 0.5425 0.5785 0.5785 0.5785 0.507 0.507 0.5 0.5 0.531 0.531 0.531 0.5685 0.5685 0.57 0.57 0.5725 0.5725 0.5725 0.574 0.574 0.5915 0.5915 0.5545 0.5545 0.5545 0.6185 0.6185 0.5755 0.5755 0.5355 0.5355 0.529 0.529 0.529 0.591 0.591 0.601 0.601 0.601 0.601 0.601 0.6115 0.6115 0.59 0.59 0.6265 0.6265 0.6265 0.624 0.624 0.6285 0.6285 0.61
-1 -1 -1 -1 -1 -1 -1 -1 -1 -1 -1 -1 -1 -1 -1 -1 -1 -1 0.3445 0.3445 0.3445 0.483 0.483 0.5425 0.5425 0.5785 0.5785 0.5785 0.507 0.507 0.5 0.5 0.531 0.531 0.531 0.5685 0.5685 0.57 0.57 0.5725 0.5725 0.5725 0.574 0.574 0.5915 0.5915 0.5545 0.5545 0.5545 0.6185 0.6185 0.5755 0.5755 0.5355 0.5355 0.529 0.529 0.529 0.591 0.591 0.601 0.601 0.601 0.601 0.601 0.6115 0.6115 0.59 0.59 0.6265 0.6265 0.6265 0.624 0.624 0.6285 0.6285 0.61
-1 -1 -1 -1 -1 -1 -1 -1 -1 -1 -1 -1 -1 -1 -1 -1 -1 -1 0.3445 0.3445 0.3445 0.483 0.483 0.5425 0.5425 0.5785 0.5785 0.5785 0.507 0.507 0.5 0.5 0.531 0.531 0.531 0.5685 0.5685 0.57 0.57 0.5725 0.5725 0.5725 0.574 0.574 0.5915 0.5915 0.5545 0.5545 0.5545 0.6185 0.6185 0.5755 0.5755 0.5355 0.5355 0.529 0.529 0.529 0.591 0.591 0.601 0.601 0.601 0.601 0.601 0.6115 0.6115 0.59 0.59 0.6265 0.6265 0.6265 0.624 0.624 0.6285 0.6285 0.61
-1 -1 -1 -1 -1 -1 -1 -1 -1 -1 -1 -1 -1 -1 -1 -1 0.5265 0.5265 0.593 0.593 0.593 0.542 0.542 0.564 0.564 0.5605 0.5605 0.5605 0.5005 0.5005 0.55 0.55 0.6195 0.6195 0.6195 0.546 0.546 0.5225 0.5225 0.548 0.548 0.548 0.5455 0.5455 0.562 0.562 0.5415 0.5415 0.5415 0.5665 0.5665 0.57 0.57 0.528 0.528 0.498 0.498 0.498 0.5275 0.5275 0.5475 0.5475 0.5475 0.5475 0.5475 0.5705 0.5705 0.594 0.594 0.5965 0.5965 0.5965 0.6105 0.6105 0.5535 0.5535 0.5885
-1 -1 -1 -1 -1 -1 -1 -1 -1 -1 -1 -1 -1 -1 -1 -1 0.5265 0.5265 0.593 0.593 0.593 0.542 0.542 0.564 0.564 0.5605 0.5605 0.5605 0.5005 0.5005 0.55 0.55 0.6195 0.6195 0.6195 0.546 0.546 0.5225 0.5225 0.548 0.548 0.548 0.5455 0.5455 0.562 0.562 0.5415 0.5415 0.5415 0.5665 0.5665 0.57 0.57 0.528 0.528 0.498 0.498 0.498 0.5275 0.5275 0.5475 0.5475 0.5475 0.5475 0.5475 0.5705 0.5705 0.594 0.594 0.5965 0.5965 0.5965 0.6105 0.6105 0.5535 0.5535 0.5885
-1 -1 -1 -1 -1 -1 -1 -1 -1 -1 -1 -1 0.1491 0.1491 0.22 0.22 0.2325 0.2325 0.5175 0.5175 0.5175 0.5585001 0.5585001 0.584 0.584 0.57 0.57 0.57 0.558 0.558 0.523 0.523 0.564 0.564 0.564 0.588 0.588 0.5625 0.5625 0.5265 0.5265 0.5265 0.5615 0.5615 0.607 0.607 0.5705 0.5705 0.5705 0.6035 0.6035 0.6425 0.6425 0.5865 0.5865 0.5535 0.5535 0.5535 0.5755 0.5755 0.6145 0.6145 0.6145 0.6145 0.6145 0.566 0.566 0.59 0.59 0.5515 0.5515 0.5515 0.543 0.543 0.5265 0.5265 0.5925
-1 -1 -1 -1 -1 -1 -1 -1 -1 -1 -1 -1 0.1491 0.1491 0.22 0.22 0.2325 0.2325 0.5175 0.5175 0.5175 0.5585001 0.5585001 0.584 0.584 0.57 0.57 0.57 0.558 0.558 0.523 0.523 0.564 0.564 0.564 0.588 0.588 0.5625 0.5625 0.5265 0.5265 0.5265 0.5615 0.5615 0.607 0.607 0.5705 0.5705 0.5705 0.6035 0.6035 0.6425 0.6425 0.5865 0.5865 0.5535 0.5535 0.5535 0.5755 0.5755 0.6145 0.6145 0.6145 0.6145 0.6145 0.566 0.566 0.59 0.59 0.5515 0.5515 0.5515 0.543 0.543 0.5265 0.5265 0.5925
-1 -1 -1 -1 -1 -1 -1 -1 -1 0.0992 0.0992 0.0992 0.1417 0.1417 0.1207 0.1207 0.0986 0.0986 0.246 0.246 0.246 0.614 0.614 0.592 0.592 0.603 0.603 0.603 0.5125 0.5125 0.506 0.506 0.5555 0.5555 0.5555 0.572 0.572 0.5555 0.5555 0.554 0.554 0.554 0.582 0.582 0.541 0.541 0.574 0.574 0.574 0.537 0.537 0.5645 0.5645 0.5855 0.5855 0.5485 0.5485 0.5485 0.585 0.585 0.5865 0.5865 0.5865 0.5865 0.5865 0.6061 0.6061 0.561 0.561 0.5585 0.5585 0.5585 0.502 0.502 0.541 0.541 0.5779999
-1 -1 -1 -1 -1 -1 -1 -1 -1 0.0992 0.0992 0.0992 0.1417 0.1417 0.1207 0.1207 0.0986 0.0986 0.246 0.246 0.246 0.614 0.614 0.592 0.592 0.603 0.603 0.603 0.5125 0.5125 0.506 0.506 0.5555 0.5555 0.5555 0.572 0.572 0.5555 0.5555 0.554 0.554 0.554 0.582 0.582 0.541 0.541 0.574 0.574 0.574 0.537 0.537 0.5645 0.5645 0.5855 0.5855 0.5485 0.5485 0.5485 0.585 0.585 0.5865 0.5865 0.5865 0.5865 0.5865 0.6061 0.6061 0.561 0.561 0.5585 0.5585 0.5585 0.502 0.502 0.541 0.541 0.5779999
-1 -1 -1 -1 -1 -1 -1 -1 -1 0.0992 0.0992 0.0992 0.1417 0.1417 0.1207 0.1207 0.0986 0.0986 0.246 0.246 0.246 0.614 0.614 0.592 0.592 0.603 0.603 0.603 0.5125 0.5125 0.506 0.506 0.5555 0.5555 0.5555 0.572 0.572 0.5555 0.5555 0.554 0.554 0.554 0.582 0.582 0.541 0.541 0.574 0.574 0.574 0.537 0.537 0.5645 0.5645 0.5855 0.5855 0.5485 0.5485 0.5485 0.585 0.585 0.5865 0.5865 0.5865 0.5865 0.5865 0.6061 0.6061 0.561 0.561 0.5585 0.5585 0.5585 0.502 0.502 0.541 0.541 0.5779999
-1 -1 -1 -1 -1 -1 -1 -1 -1 -1 -1 -1 0.0967 0.0967 0.0357 0.0357 0.0461 0.0461 0.171 0.171 0.171 0.469 0.469 0.543 0.543 0.6285 0.6285 0.6285 0.5955 0.5955 0.5275 0.5275 0.5975 0.5975 0.5975 0.6216 0.6216 0.574 0.574 0.5636 0.5636 0.5636 0.5675 0.5675 0.581 0.581 0.579 0.579 0.579 0.553 0.553 0.5714999 0.5714999 0.6015 0.6015 0.5505 0.5505 0.5505 0.566 0.566 0.601 0.601 0.601 0.601 0.601 0.5675 0.5675 0.544 0.544 0.5305 0.5305 0.5305 0.5555 0.5555 0.575 0.575 0.576
-1 -1 -1 -1 -1 -1 -1 -1 -1 -1 -1 -1 0.0967 0.0967 0.0357 0.0357 0.0461 0.0461 0.171 0.171 0.171 0.469 0.469 0.543 0.543 0.6285 0.6285 0.6285 0.5955 0.5955 0.5275 0.5275 0.5975 0.5975 0.5975 0.6216 0.6216 0.574 0.574 0.5636 0.5636 0.5636 0.5675 0.5675 0.581 0.581 0.579 0.579 0.579 0.553 0.553 0.5714999 0.5714999 0.6015 0.6015 0.5505 0.5505 0.5505 0.566 0.566 0.601 0.601 0.601 0.601 0.601 0.5675 0.5675 0.544 0.544 0.5305 0.5305 0.5305 0.5555 0.5555 0.575 0.575 0.576
-1 -1 -1 -1 -1 -1 -1 -1 -1 -1 -1 -1 -1 -1 -1 -1 -1 -1 0.0312 0.0312 0.0312 0.377 0.377 0.5735 0.5735 0.5916 0.5916 0.5916 0.6765 0.6765 0.5825 0.5825 0.6035 0.6035 0.6035 0.5255 0.5255 0.576 0.576 0.586 0.586 0.586 0.5416 0.5416 0.5715 0.5715 0.615 0.615 0.615 0.576 0.576 0.5715 0.5715 0.5595 0.5595 0.57 0.57 0.57 0.538 0.538 0.493 0.493 0.493 0.493 0.493 0.4975 0.4975 0.529 0.529 0.5985 0.5985 0.5985 0.6 0.6 0.5805 0.5805 0.5635
-1 -1 -1 -1 -1 -1 -1 -1 -1 -1 -1 -1 -1 -1 -1 -1 -1 -1 0.0312 0.0312 0.0312 0.377 0.377 0.5735 0.5735 0.5916 0.5916 0.5916 0.6765 0.6765 0.5825 0.5825 0.6035 0.6035 0.6035 0.5255 0.5255 0.576 0.576 0.586 0.586 0.586 0.5416 0.5416 0.5715 0.5715 0.615 0.615 0.615 0.576 0.576 0.5715 0.5715 0.5595 0.5595 0.57 0.57 0.57 0.538 0.538 0.493 0.493 0.493 0.493 0.493 0.4975 0.4975 0.529 0.529 0.5985 0.5985 0.5985 0.6 0.6 0.5805 0.5805 0.5635
-1 -1 -1 -1 -1 -1 -1 -1 -1 -1 -1 -1 -1 -1 -1 -1 -1 -1 -1 -1 -1 0.1146 0.1146 0.3805 0.3805 0.589 0.589 0.589 0.639 0.639 0.614 0.614 0.5465 0.5465 0.5465 0.5465 0.5465 0.5711 0.5711 0.5795 0.5795 0.5795 0.5546 0.5546 0.5925 0.5925 0.6335 0.6335 0.6335 0.6245 0.6245 0.583 0.583 0.5595 0.5595 0.5595 0.5595 0.5595 0.595 0.595 0.5475 0.5475 0.5475 0.5475 0.5475 0.528 0.528 0.5585 0.5585 0.573 0.573 0.573 0.547 0.547 0.6285 0.6285 0.5735
-1 -1 -1 -1 -1 -1 -1 -1 -1 -1 -1 -1 -1 -1 -1 -1 -1 -1 -1 -1 -1 0.1146 0.1146 0.3805 0.3805 0.589 0.589 0.589 0.639 0.639 0.614 0.614 0.5465 0.5465 0.5465 0.5465 0.5465 0.5711 0.5711 0.5795 0.5795 0.5795 0.5546 0.5546 0.5925 0.5925 0.6335 0.6335 0.6335 0.6245 0.6245 0.583 0.583 0.5595 0.5595 0.5595 0.5595 0.5595 0.595 0.595 0.5475 0.5475 0.5475 0.5475 0.5475 0.528 0.528 0.5585 0.5585 0.573 0.573 0.573 0.547 0.547 0.6285 0.6285 0.5735
-1 -1 -1 -1 -1 -1 -1 -1 -1 -1 -1 -1 -1 -1 -1 -1 -1 -1 -1 -1 -1 0.0922 0.0922 0.4035 0.4035 0.445 0.445 0.445 0.623 0.623 0.737 0.737 0.6995 0.6995 0.6995 0.6275 0.6275 0.53 0.53 0.4951 0.4951 0.4951 0.5105 0.5105 0.554 0.554 0.634 0.634 0.634 0.576 0.576 0.6045 0.6045 0.6135 0.6135 0.555 0.555 0.555 0.6085 0.6085 0.6045 0.6045 0.6045 0.6045 0.6045 0.5475 0.5475 0.561 0.561 0.5895 0.5895 0.5895 0.585 0.585 0.5735 0.5735 0.5549999
-1 -1 -1 -1 -1 -1 -1 -1 -1 -1 -1 -1 -1 -1 -1 -1 -1 -1 -1 -1 -1 0.0922 0.0922 0.4035 0.4035 0.445 0.445 0.445 0.623 0.623 0.737 0.737 0.6995 0.6995 0.6995 0.6275 0.6275 0.53 0.53 0.4951 0.4951 0.4951 0.5105 0.5105 0.554 0.554 0.634 0.634 0.634 0.576 0.576 0.6045 0.6045 0.6135 0.6135 0.555 0.555 0.555 0.6085 0.6085 0.6045 0.6045 0.6045 0.6045 0.6045 0.5475 0.5475 0.561 0.561 0.5895 0.5895 0.5895 0.585 0.585 0.5735 0.5735 0.5549999
-1 -1 -1 -1 -1 -1 -1 -1 -1 -1 -1 -1 -1 -1 -1 -1 -1 -1 -1 -1 -1 0.0922 0.0922 0.4035 0.4035 0.445 0.445 0.445 0.623 0.623 0.737 0.737 0.6995 0.6995 0.6995 0.6275 0.6275 0.53 0.53 0.4951 0.4951 0.4951 0.5105 0.5105 0.554 0.554 0.634 0.634 0.634 0.576 0.576 0.6045 0.6045 0.6135 0.6135 0.555 0.555 0.555 0.6085 0.6085 0.6045 0.6045 0.6045 0.6045 0.6045 0.5475 0.5475 0.561 0.561 0.5895 0.5895 0.5895 0.585 0.585 0.5735 0.5735 0.5549999
-1 -1 -1 -1 -1 -1 -1 -1 -1 -1 -1 -1 -1 -1 -1 -1 -1 -1 -1 -1 -1 -1 -1 0.0647 0.0647 0.2695 0.2695 0.2695 0.481 0.481 0.6125 0.6125 0.6381 0.6381 0.6381 0.5631 0.5631 0.1795 0.1795 0.201 0.201 0.201 0.391 0.391 0.4885 0.4885 0.5565 0.5565 0.5565 0.592 0.592 0.534 0.534 0.637 0.637 0.5985 0.5985 0.5985 0.6445 0.6445 0.5555 0.5555 0.5555 0.5555 0.5555 0.4995 0.4995 0.5755 0.5755 0.5885 0.5885 0.5885 0.622 0.622 0.496 0.496 0.5405
-1 -1 -1 -1 -1 -1 -1 -1 -1 -1 -1 -1 -1 -1 -1 -1 -1 -1 -1 -1 -1 -1 -1 0.0647 0.0647 0.2695 0.2695 0.2695 0.481 0.481 0.6125 0.6125 0.6381 0.6381 0.6381 0.5631 0.5631 0.1795 0.1795 0.201 0.201 0.201 0.391 0.391 0.4885 0.4885 0.5565 0.5565 0.5565 0.592 0.592 0.534 0.534 0.637 0.637 0.5985 0.5985 0.5985 0.6445 0.6445 0.5555 0.5555 0.5555 0.5555 0.5555 0.4995 0.4995 0.5755 0.5755 0.5885 0.5885 0.5885 0.622 0.622 0.496 0.496 0.5405
-1 -1 -1 -1 -1 -1 -1 -1 -1 -1 -1 -1 -1 -1 -1 -1 -1 -1 -1 -1 -1 -1 -1 -1 -1 0.3215 0.3215 0.3215 0.3205 0.3205 0.49 0.49 0.4565 0.4565 0.4565 0.2132 0.2132 0.1155 0.1155 0.242 0.242 0.242 0.3135 0.3135 0.545 0.545 0.511 0.511 0.511 0.45 0.45 0.579 0.579 0.6315 0.6315 0.6365 0.6365 0.6365 0.598 0.598 0.616 0.616 0.616 0.616 0.616 0.614 0.614 0.628 0.628 0.6305 0.6305 0.6305 0.6109999 0.6109999 0.565 0.565 0.6135
-1 -1 -1 -1 -1 -1 -1 -1 -1 -1 -1 -1 -1 -1 -1 -1 -1 -1 -1 -1 -1 -1 -1 -1 -1 0.3215 0.3215 0.3215 0.3205 0.3205 0.49 0.49 0.4565 0.4565 0.4565 0.2132 0.2132 0.1155 0.1155 0.242 0.242 0.242 0.3135 0.3135 0.545 0.545 0.511 0.511 0.511 0.45 0.45 0.579 0.579 0.6315 0.6315 0.6365 0.6365 0.6365 0.598 0.598 0.616 0.616 0.616 0.616 0.616 0.614 0.614 0.628 0.628 0.6305 0.6305 0.6305 0.6109999 0.6109999 0.565 0.565 0.6135
-1 -1 -1 -1 -1 -1 -1 -1 -1 -1 -1 -1 -1 -1 -1 -1 -1 -1 -1 -1 -1 -1 -1 -1 -1 0.0847 0.0847 0.0847 0.128 0.128 0.438 0.438 0.5366 0.5366 0.5366 0.4711 0.4711 0.314 0.314 0.459 0.459 0.459 0.662 0.662 0.565 0.565 0.657 0.657 0.657 0.5401 0.5401 0.522 0.522 0.623 0.623 0.6155 0.6155 0.6155 0.6095 0.6095 0.6375 0.6375 0.6375 0.6375 0.6375 0.554 0.554 0.5965 0.5965 0.594 0.594 0.594 0.6115 0.6115 0.562 0.562 0.5765
-1 -1 -1 -1 -1 -1 -1 -1 -1 -1 -1 -1 -1 -1 -1 -1 -1 -1 -1 -1 -1 -1 -1 -1 -1 0.0847 0.0847 0.0847 0.128 0.128 0.438 0.438 0.5366 0.5366 0.5366 0.4711 0.4711 0.314 0.314 0.459 0.459 0.459 0.662 0.662 0.565 0.565 0.657 0.657 0.657 0.5401 0.5401 0.522 0.522 0.623 0.623 0.6155 0.6155 0.6155 0.6095 0.6095 0.6375 0.6375 0.6375 0.6375 0.6375 0.554 0.554 0.5965 0.5965 0.594 0.594 0.594 0.6115 0.6115 0.562 0.562 0.5765
-1 -1 -1 -1 -1 -1 -1 -1 -1 -1 -1 -1 -1 -1 -1 -1 -1 -1 -1 -1 -1 -1 -1 -1 -1 0.0847 0.0847 0.0847 0.128 0.128 0.438 0.438 0.5366 0.5366 0.5366 0.4711 0.4711 0.314 0.314 0.459 0.459 0.459 0.662 0.662 0.565 0.565 0.657 0.657 0.657 0.5401 0.5401 0.522 0.522 0.623 0.623 0.6155 0.6155 0.6155 0.6095 0.6095 0.6375 0.6375 0.6375 0.6375 0.6375 0.554 0.554 0.5965 0.5965 0.594 0.594 0.594 0.6115 0.6115 0.562 0.562 0.5765
