ndvi/NOAA-266.asc
ncols         252
nrows         154
xllcorner     -18.017974
yllcorner     13.481982
cellsize      0.035948
NODATA_value  -9999
[rows 0 to 33 of 154, columns 154 to 230 of 252]
0.1015 0.0985 0.0985 0.103 0.103 0.103 0.125 0.125 0.1245 0.1245 0.1225 0.1225 0.1135 0.1135 0.1135 0.1145 0.1145 0.116 0.116 0.113 0.113 0.113 0.116 0.116 0.1175 0.1175 0.116 0.116 0.116 0.113 0.113 0.111 0.111 0.105 0.105 0.105 0.102 0.102 0.1045 0.1045 0.1055 0.1055 0.1055 0.1125 0.1125 0.1065 0.1065 0.1125 0.1125 0.116 0.116 0.116 0.1185 0.1185 0.1175 0.1175 0.1165 0.1165 0.1165 0.1165 0.1165 0.111 0.111 0.109 0.109 0.109 0.108 0.108 0.102 0.102 0.107 0.107 0.107 0.0995 0.0995 0.098 0.098
0.1015 0.0985 0.0985 0.103 0.103 0.103 0.125 0.125 0.1245 0.1245 0.1225 0.1225 0.1135 0.1135 0.1135 0.1145 0.1145 0.116 0.116 0.113 0.113 0.113 0.116 0.116 0.1175 0.1175 0.116 0.116 0.116 0.113 0.113 0.111 0.111 0.105 0.105 0.105 0.102 0.102 0.1045 0.1045 0.1055 0.1055 0.1055 0.1125 0.1125 0.1065 0.1065 0.1125 0.1125 0.116 0.116 0.116 0.1185 0.1185 0.1175 0.1175 0.1165 0.1165 0.1165 0.1165 0.1165 0.111 0.111 0.109 0.109 0.109 0.108 0.108 0.102 0.102 0.107 0.107 0.107 0.0995 0.0995 0.098 0.098
0.0995 0.107 0.107 0.106 0.106 0.106 0.1175 0.1175 0.126 0.126 0.1185 0.1185 0.114 0.114 0.114 0.1185 0.1185 0.122 0.122 0.117 0.117 0.117 0.1155 0.1155 0.1175 0.1175 0.115 0.115 0.115 0.1215 0.1215 0.115 0.115 0.1205 0.1205 0.1205 0.113 0.113 0.1165 0.1165 0.12 0.12 0.12 0.14 0.14 0.135 0.135 0.122 0.122 0.1255 0.1255 0.1255 0.1275 0.1275 0.1315 0.1315 0.1285 0.1285 0.1285 0.1245 0.1245 0.115 0.115 0.111 0.111 0.111 0.1095 0.1095 0.106 0.106 0.103 0.103 0.103 0.1015 0.1015 0.097 0.097
0.0995 0.107 0.107 0.106 0.106 0.106 0.1175 0.1175 0.126 0.126 0.1185 0.1185 0.114 0.114 0.114 0.1185 0.1185 0.122 0.122 0.117 0.117 0.117 0.1155 0.1155 0.1175 0.1175 0.115 0.115 0.115 0.1215 0.1215 0.115 0.115 0.1205 0.1205 0.1205 0.113 0.113 0.1165 0.1165 0.12 0.12 0.12 0.14 0.14 0.135 0.135 0.122 0.122 0.1255 0.1255 0.1255 0.1275 0.1275 0.1315 0.1315 0.1285 0.1285 0.1285 0.1245 0.1245 0.115 0.115 0.111 0.111 0.111 0.1095 0.1095 0.106 0.106 0.103 0.103 0.103 0.1015 0.1015 0.097 0.097
0.0995 0.107 0.107 0.106 0.106 0.106 0.1175 0.1175 0.126 0.126 0.1185 0.1185 0.114 0.114 0.114 0.1185 0.1185 0.122 0.122 0.117 0.117 0.117 0.1155 0.1155 0.1175 0.1175 0.115 0.115 0.115 0.1215 0.1215 0.115 0.115 0.1205 0.1205 0.1205 0.113 0.113 0.1165 0.1165 0.12 0.12 0.12 0.14 0.14 0.135 0.135 0.122 0.122 0.1255 0.1255 0.1255 0.1275 0.1275 0.1315 0.1315 0.1285 0.1285 0.1285 0.1245 0.1245 0.115 0.115 0.111 0.111 0.111 0.1095 0.1095 0.106 0.106 0.103 0.103 0.103 0.1015 0.1015 0.097 0.097
0.1105 0.1085 0.1085 0.1225 0.1225 0.1225 0.1235 0.1235 0.1225 0.1225 0.1255 0.1255 0.1325 0.1325 0.1325 0.128 0.128 0.1205 0.1205 0.121 0.121 0.121 0.1255 0.1255 0.1255 0.1255 0.1285 0.1285 0.1285 0.1295 0.1295 0.142 0.142 0.1355 0.1355 0.1355 0.138 0.138 0.1255 0.1255 0.1355 0.1355 0.1355 0.135 0.135 0.1295 0.1295 0.129 0.129 0.138 0.138 0.138 0.1315 0.1315 0.1285 0.1285 0.124 0.124 0.124 0.1155 0.1155 0.114 0.114 0.115 0.115 0.115 0.1085 0.1085 0.108 0.108 0.1055 0.1055 0.1055 0.1035 0.1035 0.104 0.104
0.1105 0.1085 0.1085 0.1225 0.1225 0.1225 0.1235 0.1235 0.1225 0.1225 0.1255 0.1255 0.1325 0.1325 0.1325 0.128 0.128 0.1205 0.1205 0.121 0.121 0.121 0.1255 0.1255 0.1255 0.1255 0.1285 0.1285 0.1285 0.1295 0.1295 0.142 0.142 0.1355 0.1355 0.1355 0.138 0.138 0.1255 0.1255 0.1355 0.1355 0.1355 0.135 0.135 0.1295 0.1295 0.129 0.129 0.138 0.138 0.138 0.1315 0.1315 0.1285 0.1285 0.124 0.124 0.124 0.1155 0.1155 0.114 0.114 0.115 0.115 0.115 0.1085 0.1085 0.108 0.108 0.1055 0.1055 0.1055 0.1035 0.1035 0.104 0.104
0.1075 0.116 0.116 0.121 0.121 0.121 0.128 0.128 0.13 0.13 0.1305 0.1305 0.1265 0.1265 0.1265 0.124 0.124 0.1295 0.1295 0.1335 0.1335 0.1335 0.126 0.126 0.131 0.131 0.1325 0.1325 0.1325 0.1235 0.1235 0.132 0.132 0.1255 0.1255 0.1255 0.1315 0.1315 0.125 0.125 0.1255 0.1255 0.1255 0.1235 0.1235 0.127 0.127 0.13 0.13 0.1335 0.1335 0.1335 0.123 0.123 0.1255 0.1255 0.1215 0.1215 0.1215 0.1165 0.1165 0.118 0.118 0.119 0.119 0.119 0.1135 0.1135 0.1095 0.1095 0.112 0.112 0.112 0.1065 0.1065 0.1085 0.1085
0.1075 0.116 0.116 0.121 0.121 0.121 0.128 0.128 0.13 0.13 0.1305 0.1305 0.1265 0.1265 0.1265 0.124 0.124 0.1295 0.1295 0.1335 0.1335 0.1335 0.126 0.126 0.131 0.131 0.1325 0.1325 0.1325 0.1235 0.1235 0.132 0.132 0.1255 0.1255 0.1255 0.1315 0.1315 0.125 0.125 0.1255 0.1255 0.1255 0.1235 0.1235 0.127 0.127 0.13 0.13 0.1335 0.1335 0.1335 0.123 0.123 0.1255 0.1255 0.1215 0.1215 0.1215 0.1165 0.1165 0.118 0.118 0.119 0.119 0.119 0.1135 0.1135 0.1095 0.1095 0.112 0.112 0.112 0.1065 0.1065 0.1085 0.1085
0.113 0.1205 0.1205 0.117 0.117 0.117 0.129 0.129 0.137 0.137 0.1335 0.1335 0.1285 0.1285 0.1285 0.1285 0.1285 0.132 0.132 0.136 0.136 0.136 0.1205 0.1205 0.13 0.13 0.13 0.13 0.13 0.127 0.127 0.122 0.122 0.1195 0.1195 0.1195 0.1245 0.1245 0.118 0.118 0.1185 0.1185 0.1185 0.119 0.119 0.121 0.121 0.1395 0.1395 0.1355 0.1355 0.1355 0.1255 0.1255 0.1215 0.1215 0.122 0.122 0.122 0.116 0.116 0.119 0.119 0.1135 0.1135 0.1135 0.1135 0.1135 0.1105 0.1105 0.1115 0.1115 0.1115 0.109 0.109 0.1065 0.1065
0.113 0.1205 0.1205 0.117 0.117 0.117 0.129 0.129 0.137 0.137 0.1335 0.1335 0.1285 0.1285 0.1285 0.1285 0.1285 0.132 0.132 0.136 0.136 0.136 0.1205 0.1205 0.13 0.13 0.13 0.13 0.13 0.127 0.127 0.122 0.122 0.1195 0.1195 0.1195 0.1245 0.1245 0.118 0.118 0.1185 0.1185 0.1185 0.119 0.119 0.121 0.121 0.1395 0.1395 0.1355 0.1355 0.1355 0.1255 0.1255 0.1215 0.1215 0.122 0.122 0.122 0.116 0.116 0.119 0.119 0.1135 0.1135 0.1135 0.1135 0.1135 0.1105 0.1105 0.1115 0.1115 0.1115 0.109 0.109 0.1065 0.1065
0.1255 0.127 0.127 0.1275 0.1275 0.1275 0.122 0.122 0.129 0.129 0.125 0.125 0.132 0.132 0.132 0.132 0.132 0.129 0.129 0.1265 0.1265 0.1265 0.1225 0.1225 0.1275 0.1275 0.134 0.134 0.134 0.128 0.128 0.123 0.123 0.122 0.122 0.122 0.126 0.126 0.1155 0.1155 0.1185 0.1185 0.1185 0.1265 0.1265 0.1275 0.1275 0.142 0.142 0.136 0.136 0.136 0.129 0.129 0.1205 0.1205 0.1205 0.1205 0.1205 0.117 0.117 0.1135 0.1135 0.1025 0.1025 0.1025 0.1005 0.1005 0.101 0.101 0.0995 0.0995 0.0995 0.0985 0.0985 0.1085 0.1085
0.1255 0.127 0.127 0.1275 0.1275 0.1275 0.122 0.122 0.129 0.129 0.125 0.125 0.132 0.132 0.132 0.132 0.132 0.129 0.129 0.1265 0.1265 0.1265 0.1225 0.1225 0.1275 0.1275 0.134 0.134 0.134 0.128 0.128 0.123 0.123 0.122 0.122 0.122 0.126 0.126 0.1155 0.1155 0.1185 0.1185 0.1185 0.1265 0.1265 0.1275 0.1275 0.142 0.142 0.136 0.136 0.136 0.129 0.129 0.1205 0.1205 0.1205 0.1205 0.1205 0.117 0.117 0.1135 0.1135 0.1025 0.1025 0.1025 0.1005 0.1005 0.101 0.101 0.0995 0.0995 0.0995 0.0985 0.0985 0.1085 0.1085
0.1255 0.127 0.127 0.1275 0.1275 0.1275 0.122 0.122 0.129 0.129 0.125 0.125 0.132 0.132 0.132 0.132 0.132 0.129 0.129 0.1265 0.1265 0.1265 0.1225 0.1225 0.1275 0.1275 0.134 0.134 0.134 0.128 0.128 0.123 0.123 0.122 0.122 0.122 0.126 0.126 0.1155 0.1155 0.1185 0.1185 0.1185 0.1265 0.1265 0.1275 0.1275 0.142 0.142 0.136 0.136 0.136 0.129 0.129 0.1205 0.1205 0.1205 0.1205 0.1205 0.117 0.117 0.1135 0.1135 0.1025 0.1025 0.1025 0.1005 0.1005 0.101 0.101 0.0995 0.0995 0.0995 0.0985 0.0985 0.1085 0.1085
0.119 0.1325 0.1325 0.124 0.124 0.124 0.127 0.127 0.141 0.141 0.129 0.129 0.1325 0.1325 0.1325 0.136 0.136 0.1285 0.1285 0.138 0.138 0.138 0.1225 0.1225 0.12 0.12 0.1215 0.1215 0.1215 0.125 0.125 0.1245 0.1245 0.12 0.12 0.12 0.1255 0.1255 0.125 0.125 0.1155 0.1155 0.1155 0.118 0.118 0.125 0.125 0.118 0.118 0.1105 0.1105 0.1105 0.106 0.106 0.1285 0.1285 0.117 0.117 0.117 0.113 0.113 0.1 0.1 0.09649999 0.09649999 0.09649999 0.095 0.095 0.09299999 0.09299999 0.096 0.096 0.096 0.094 0.094 0.1115 0.1115
0.119 0.1325 0.1325 0.124 0.124 0.124 0.127 0.127 0.141 0.141 0.129 0.129 0.1325 0.1325 0.1325 0.136 0.136 0.1285 0.1285 0.138 0.138 0.138 0.1225 0.1225 0.12 0.12 0.1215 0.1215 0.1215 0.125 0.125 0.1245 0.1245 0.12 0.12 0.12 0.1255 0.1255 0.125 0.125 0.1155 0.1155 0.1155 0.118 0.118 0.125 0.125 0.118 0.118 0.1105 0.1105 0.1105 0.106 0.106 0.1285 0.1285 0.117 0.117 0.117 0.113 0.113 0.1 0.1 0.09649999 0.09649999 0.09649999 0.095 0.095 0.09299999 0.09299999 0.096 0.096 0.096 0.094 0.094 0.1115 0.1115
0.134 0.13 0.13 0.118 0.118 0.118 0.1245 0.1245 0.136 0.136 0.1355 0.1355 0.123 0.123 0.123 0.1295 0.1295 0.135 0.135 0.1325 0.1325 0.1325 0.127 0.127 0.122 0.122 0.1205 0.1205 0.1205 0.1215 0.1215 0.1245 0.1245 0.113 0.113 0.113 0.119 0.119 0.117 0.117 0.106 0.106 0.106 0.098 0.098 0.09299999 0.09299999 0.07799999 0.07799999 0.075 0.075 0.075 0.0815 0.0815 0.0995 0.0995 0.1055 0.1055 0.1055 0.1045 0.1045 0.1015 0.1015 0.0975 0.0975 0.0975 0.09649999 0.09649999 0.0935 0.0935 0.097 0.097 0.097 0.09900001 0.09900001 0.1095 0.1095
0.134 0.13 0.13 0.118 0.118 0.118 0.1245 0.1245 0.136 0.136 0.1355 0.1355 0.123 0.123 0.123 0.1295 0.1295 0.135 0.135 0.1325 0.1325 0.1325 0.127 0.127 0.122 0.122 0.1205 0.1205 0.1205 0.1215 0.1215 0.1245 0.1245 0.113 0.113 0.113 0.119 0.119 0.117 0.117 0.106 0.106 0.106 0.098 0.098 0.09299999 0.09299999 0.07799999 0.07799999 0.075 0.075 0.075 0.0815 0.0815 0.0995 0.0995 0.1055 0.1055 0.1055 0.1045 0.1045 0.1015 0.1015 0.0975 0.0975 0.0975 0.09649999 0.09649999 0.0935 0.0935 0.097 0.097 0.097 0.09900001 0.09900001 0.1095 0.1095
0.125 0.149 0.149 0.162 0.162 0.162 0.1245 0.1245 0.1165 0.1165 0.112 0.112 0.122 0.122 0.122 0.113 0.113 0.1205 0.1205 0.123 0.123 0.123 0.1095 0.1095 0.1115 0.1115 0.108 0.108 0.108 0.096 0.096 0.0965 0.0965 0.098 0.098 0.098 0.1025 0.1025 0.12 0.12 0.121 0.121 0.121 0.113 0.113 0.1195 0.1195 0.112 0.112 0.106 0.106 0.106 0.101 0.101 0.105 0.105 0.1035 0.1035 0.1035 0.103 0.103 0.1025 0.1025 0.104 0.104 0.104 0.096 0.096 0.0955 0.0955 0.09649999 0.09649999 0.09649999 0.104 0.104 0.108 0.108
0.125 0.149 0.149 0.162 0.162 0.162 0.1245 0.1245 0.1165 0.1165 0.112 0.112 0.122 0.122 0.122 0.113 0.113 0.1205 0.1205 0.123 0.123 0.123 0.1095 0.1095 0.1115 0.1115 0.108 0.108 0.108 0.096 0.096 0.0965 0.0965 0.098 0.098 0.098 0.1025 0.1025 0.12 0.12 0.121 0.121 0.121 0.113 0.113 0.1195 0.1195 0.112 0.112 0.106 0.106 0.106 0.101 0.101 0.105 0.105 0.1035 0.1035 0.1035 0.103 0.103 0.1025 0.1025 0.104 0.104 0.104 0.096 0.096 0.0955 0.0955 0.09649999 0.09649999 0.09649999 0.104 0.104 0.108 0.108
0.125 0.149 0.149 0.162 0.162 0.162 0.1245 0.1245 0.1165 0.1165 0.112 0.112 0.122 0.122 0.122 0.113 0.113 0.1205 0.1205 0.123 0.123 0.123 0.1095 0.1095 0.1115 0.1115 0.108 0.108 0.108 0.096 0.096 0.0965 0.0965 0.098 0.098 0.098 0.1025 0.1025 0.12 0.12 0.121 0.121 0.121 0.113 0.113 0.1195 0.1195 0.112 0.112 0.106 0.106 0.106 0.101 0.101 0.105 0.105 0.1035 0.1035 0.1035 0.103 0.103 0.1025 0.1025 0.104 0.104 0.104 0.096 0.096 0.0955 0.0955 0.09649999 0.09649999 0.09649999 0.104 0.104 0.108 0.108
0.1205 0.1355 0.1355 0.149 0.149 0.149 0.134 0.134 0.1175 0.1175 0.1135 0.1135 0.1115 0.1115 0.1115 0.158 0.158 0.1265 0.1265 0.1235 0.1235 0.1235 0.1225 0.1225 0.112 0.112 0.1 0.1 0.1 0.1085 0.1085 0.09100001 0.09100001 0.1125 0.1125 0.1125 0.122 0.122 0.1215 0.1215 0.115 0.115 0.115 0.115 0.115 0.116 0.116 0.117 0.117 0.11 0.11 0.11 0.1065 0.1065 0.106 0.106 0.1045 0.1045 0.1045 0.1035 0.1035 0.1065 0.1065 0.11 0.11 0.11 0.1035 0.1035 0.102 0.102 0.1035 0.1035 0.1035 0.103 0.103 0.102 0.102
0.1205 0.1355 0.1355 0.149 0.149 0.149 0.134 0.134 0.1175 0.1175 0.1135 0.1135 0.1115 0.1115 0.1115 0.158 0.158 0.1265 0.1265 0.1235 0.1235 0.1235 0.1225 0.1225 0.112 0.112 0.1 0.1 0.1 0.1085 0.1085 0.09100001 0.09100001 0.1125 0.1125 0.1125 0.122 0.122 0.1215 0.1215 0.115 0.115 0.115 0.115 0.115 0.116 0.116 0.117 0.117 0.11 0.11 0.11 0.1065 0.1065 0.106 0.106 0.1045 0.1045 0.1045 0.1035 0.1035 0.1065 0.1065 0.11 0.11 0.11 0.1035 0.1035 0.102 0.102 0.1035 0.1035 0.1035 0.103 0.103 0.102 0.102
0.128 0.144 0.144 0.1455 0.1455 0.1455 0.143 0.143 0.1305 0.1305 0.129 0.129 0.1275 0.1275 0.1275 0.1245 0.1245 0.1385 0.1385 0.134 0.134 0.134 0.147 0.147 0.1385 0.1385 0.132 0.132 0.132 0.135 0.135 0.1395 0.1395 0.1405 0.1405 0.1405 0.131 0.131 0.1195 0.1195 0.1175 0.1175 0.1175 0.117 0.117 0.1125 0.1125 0.1155 0.1155 0.1095 0.1095 0.1095 0.105 0.105 0.1035 0.1035 0.104 0.104 0.104 0.11 0.11 0.107 0.107 0.115 0.115 0.115 0.107 0.107 0.108 0.108 0.1065 0.1065 0.1065 0.1045 0.1045 0.0995 0.0995
0.128 0.144 0.144 0.1455 0.1455 0.1455 0.143 0.143 0.1305 0.1305 0.129 0.129 0.1275 0.1275 0.1275 0.1245 0.1245 0.1385 0.1385 0.134 0.134 0.134 0.147 0.147 0.1385 0.1385 0.132 0.132 0.132 0.135 0.135 0.1395 0.1395 0.1405 0.1405 0.1405 0.131 0.131 0.1195 0.1195 0.1175 0.1175 0.1175 0.117 0.117 0.1125 0.1125 0.1155 0.1155 0.1095 0.1095 0.1095 0.105 0.105 0.1035 0.1035 0.104 0.104 0.104 0.11 0.11 0.107 0.107 0.115 0.115 0.115 0.107 0.107 0.108 0.108 0.1065 0.1065 0.1065 0.1045 0.1045 0.0995 0.0995
0.1285 0.1325 0.1325 0.1825 0.1825 0.1825 0.2055 0.2055 0.1615 0.1615 0.131 0.131 0.128 0.128 0.128 0.1305 0.1305 0.126 0.126 0.14 0.14 0.14 0.1475 0.1475 0.134 0.134 0.1455 0.1455 0.1455 0.139 0.139 0.142 0.142 0.137 0.137 0.137 0.134 0.134 0.122 0.122 0.1185 0.1185 0.1185 0.1125 0.1125 0.116 0.116 0.1135 0.1135 0.1145 0.1145 0.1145 0.112 0.112 0.1055 0.1055 0.1075 0.1075 0.1075 0.111 0.111 0.107 0.107 0.113 0.113 0.113 0.1085 0.1085 0.106 0.106 0.1045 0.1045 0.1045 0.1045 0.1045 0.111 0.111
0.1285 0.1325 0.1325 0.1825 0.1825 0.1825 0.2055 0.2055 0.1615 0.1615 0.131 0.131 0.128 0.128 0.128 0.1305 0.1305 0.126 0.126 0.14 0.14 0.14 0.1475 0.1475 0.134 0.134 0.1455 0.1455 0.1455 0.139 0.139 0.142 0.142 0.137 0.137 0.137 0.134 0.134 0.122 0.122 0.1185 0.1185 0.1185 0.1125 0.1125 0.116 0.116 0.1135 0.1135 0.1145 0.1145 0.1145 0.112 0.112 0.1055 0.1055 0.1075 0.1075 0.1075 0.111 0.111 0.107 0.107 0.113 0.113 0.113 0.1085 0.1085 0.106 0.106 0.1045 0.1045 0.1045 0.1045 0.1045 0.111 0.111
0.1285 0.1325 0.1325 0.1825 0.1825 0.1825 0.2055 0.2055 0.1615 0.1615 0.131 0.131 0.128 0.128 0.128 0.1305 0.1305 0.126 0.126 0.14 0.14 0.14 0.1475 0.1475 0.134 0.134 0.1455 0.1455 0.1455 0.139 0.139 0.142 0.142 0.137 0.137 0.137 0.134 0.134 0.122 0.122 0.1185 0.1185 0.1185 0.1125 0.1125 0.116 0.116 0.1135 0.1135 0.1145 0.1145 0.1145 0.112 0.112 0.1055 0.1055 0.1075 0.1075 0.1075 0.111 0.111 0.107 0.107 0.113 0.113 0.113 0.1085 0.1085 0.106 0.106 0.1045 0.1045 0.1045 0.1045 0.1045 0.111 0.111
0.1205 0.1175 0.1175 0.1665 0.1665 0.1665 0.1665 0.1665 0.179 0.179 0.151 0.151 0.132 0.132 0.132 0.1205 0.1205 0.127 0.127 0.1415 0.1415 0.1415 0.1335 0.1335 0.1285 0.1285 0.137 0.137 0.137 0.1375 0.1375 0.1325 0.1325 0.128 0.128 0.128 0.126 0.126 0.1205 0.1205 0.1235 0.1235 0.1235 0.119 0.119 0.122 0.122 0.124 0.124 0.1195 0.1195 0.1195 0.116 0.116 0.1185 0.1185 0.112 0.112 0.112 0.1125 0.1125 0.119 0.119 0.122 0.122 0.122 0.1215 0.1215 0.122 0.122 0.123 0.123 0.123 0.121 0.121 0.1155 0.1155
0.1205 0.1175 0.1175 0.1665 0.1665 0.1665 0.1665 0.1665 0.179 0.179 0.151 0.151 0.132 0.132 0.132 0.1205 0.1205 0.127 0.127 0.1415 0.1415 0.1415 0.1335 0.1335 0.1285 0.1285 0.137 0.137 0.137 0.1375 0.1375 0.1325 0.1325 0.128 0.128 0.128 0.126 0.126 0.1205 0.1205 0.1235 0.1235 0.1235 0.119 0.119 0.122 0.122 0.124 0.124 0.1195 0.1195 0.1195 0.116 0.116 0.1185 0.1185 0.112 0.112 0.112 0.1125 0.1125 0.119 0.119 0.122 0.122 0.122 0.1215 0.1215 0.122 0.122 0.123 0.123 0.123 0.121 0.121 0.1155 0.1155
0.1355 0.128 0.128 0.1415 0.1415 0.1415 0.118 0.118 0.121 0.121 0.123 0.123 0.11 0.11 0.11 0.119 0.119 0.118 0.118 0.132 0.132 0.132 0.1355 0.1355 0.1475 0.1475 0.155 0.155 0.155 0.145 0.145 0.1325 0.1325 0.1295 0.1295 0.1295 0.1275 0.1275 0.1295 0.1295 0.126 0.126 0.126 0.13 0.13 0.1315 0.1315 0.129 0.129 0.1325 0.1325 0.1325 0.145 0.145 0.134 0.134 0.1255 0.1255 0.1255 0.1205 0.1205 0.127 0.127 0.1245 0.1245 0.1245 0.132 0.132 0.1315 0.1315 0.126 0.126 0.126 0.126 0.126 0.112 0.112
0.1355 0.128 0.128 0.1415 0.1415 0.1415 0.118 0.118 0.121 0.121 0.123 0.123 0.11 0.11 0.11 0.119 0.119 0.118 0.118 0.132 0.132 0.132 0.1355 0.1355 0.1475 0.1475 0.155 0.155 0.155 0.145 0.145 0.1325 0.1325 0.1295 0.1295 0.1295 0.1275 0.1275 0.1295 0.1295 0.126 0.126 0.126 0.13 0.13 0.1315 0.1315 0.129 0.129 0.1325 0.1325 0.1325 0.145 0.145 0.134 0.134 0.1255 0.1255 0.1255 0.1205 0.1205 0.127 0.127 0.1245 0.1245 0.1245 0.132 0.132 0.1315 0.1315 0.126 0.126 0.126 0.126 0.126 0.112 0.112
0.127 0.1215 0.1215 0.143 0.143 0.143 0.137 0.137 0.134 0.134 0.122 0.122 0.118 0.118 0.118 0.1255 0.1255 0.112 0.112 0.112 0.112 0.112 0.1115 0.1115 0.1425 0.1425 0.146 0.146 0.146 0.1545 0.1545 0.146 0.146 0.115 0.115 0.115 0.1215 0.1215 0.12 0.12 0.1225 0.1225 0.1225 0.13 0.13 0.1335 0.1335 0.1375 0.1375 0.1385 0.1385 0.1385 0.1415 0.1415 0.131 0.131 0.1415 0.1415 0.1415 0.145 0.145 0.13 0.13 0.1305 0.1305 0.1305 0.13 0.13 0.1325 0.1325 0.1305 0.1305 0.1305 0.1285 0.1285 0.1155 0.1155
0.127 0.1215 0.1215 0.143 0.143 0.143 0.137 0.137 0.134 0.134 0.122 0.122 0.118 0.118 0.118 0.1255 0.1255 0.112 0.112 0.112 0.112 0.112 0.1115 0.1115 0.1425 0.1425 0.146 0.146 0.146 0.1545 0.1545 0.146 0.146 0.115 0.115 0.115 0.1215 0.1215 0.12 0.12 0.1225 0.1225 0.1225 0.13 0.13 0.1335 0.1335 0.1375 0.1375 0.1385 0.1385 0.1385 0.1415 0.1415 0.131 0.131 0.1415 0.1415 0.1415 0.145 0.145 0.13 0.13 0.1305 0.1305 0.1305 0.13 0.13 0.1325 0.1325 0.1305 0.1305 0.1305 0.1285 0.1285 0.1155 0.1155
