ndvi/NOAA-110.asc
ncols         252
nrows         154
xllcorner     -18.017974
yllcorner     13.481982
cellsize      0.035948
NODATA_value  -9999
[rows 102 to 135 of 154, columns 0 to 77 of 252]
-1 -1 -1 -1 -1 -1 -1 -1 -1 -1 -1 -1 -1 -1 -1 -1 -1 -1 -1 -1 -1 -1 -1 -1 -1 0.0297 0.0297 0.0297 0.2282 0.2282 0.295 0.295 0.284 0.284 0.284 0.275 0.275 0.261 0.261 0.2665 0.2665 0.2665 0.255 0.255 0.2555 0.2555 0.2445 0.2445 0.2445 0.253 0.253 0.257 0.257 0.2635 0.2635 0.2675 0.2675 0.2675 0.269 0.269 0.265 0.265 0.265 0.265 0.265 0.267 0.267 0.266 0.266 0.2505 0.2505 0.2505 0.2365 0.2365 0.2415 0.2415 0.234 0.234
-1 -1 -1 -1 -1 -1 -1 -1 -1 -1 -1 -1 -1 -1 -1 -1 -1 -1 -1 -1 -1 -1 -1 0.0076 0.0076 0.2 0.2 0.2 0.316 0.316 0.2805 0.2805 0.256 0.256 0.256 0.2685 0.2685 0.2705 0.2705 0.2785 0.2785 0.2785 0.2575 0.2575 0.262 0.262 0.263 0.263 0.263 0.262 0.262 0.257 0.257 0.261 0.261 0.262 0.262 0.262 0.281 0.281 0.2715 0.2715 0.2715 0.2715 0.2715 0.2645 0.2645 0.2665 0.2665 0.2565 0.2565 0.2565 0.252 0.252 0.2485 0.2485 0.252 0.252
-1 -1 -1 -1 -1 -1 -1 -1 -1 -1 -1 -1 -1 -1 -1 -1 -1 -1 -1 -1 -1 -1 -1 0.0076 0.0076 0.2 0.2 0.2 0.316 0.316 0.2805 0.2805 0.256 0.256 0.256 0.2685 0.2685 0.2705 0.2705 0.2785 0.2785 0.2785 0.2575 0.2575 0.262 0.262 0.263 0.263 0.263 0.262 0.262 0.257 0.257 0.261 0.261 0.262 0.262 0.262 0.281 0.281 0.2715 0.2715 0.2715 0.2715 0.2715 0.2645 0.2645 0.2665 0.2665 0.2565 0.2565 0.2565 0.252 0.252 0.2485 0.2485 0.252 0.252
-1 -1 -1 -1 -1 -1 -1 -1 -1 -1 -1 -1 -1 -1 -1 -1 -1 -1 -1 -1 -1 -1 -1 0.0076 0.0076 0.2 0.2 0.2 0.316 0.316 0.2805 0.2805 0.256 0.256 0.256 0.2685 0.2685 0.2705 0.2705 0.2785 0.2785 0.2785 0.2575 0.2575 0.262 0.262 0.263 0.263 0.263 0.262 0.262 0.257 0.257 0.261 0.261 0.262 0.262 0.262 0.281 0.281 0.2715 0.2715 0.2715 0.2715 0.2715 0.2645 0.2645 0.2665 0.2665 0.2565 0.2565 0.2565 0.252 0.252 0.2485 0.2485 0.252 0.252
-1 -1 -1 -1 -1 -1 -1 -1 -1 -1 -1 -1 -1 -1 -1 -1 -1 -1 -1 -1 -1 0.0041 0.0041 0.141 0.141 0.318 0.318 0.318 0.3175 0.3175 0.278 0.278 0.273 0.273 0.273 0.2835 0.2835 0.274 0.274 0.278 0.278 0.278 0.2785 0.2785 0.2685 0.2685 0.2565 0.2565 0.2565 0.251 0.251 0.262 0.262 0.253 0.253 0.2585 0.2585 0.2585 0.2625 0.2625 0.266 0.266 0.266 0.266 0.266 0.264 0.264 0.2675 0.2675 0.2615 0.2615 0.2615 0.264 0.264 0.2515 0.2515 0.251 0.251
-1 -1 -1 -1 -1 -1 -1 -1 -1 -1 -1 -1 -1 -1 -1 -1 -1 -1 -1 -1 -1 0.0041 0.0041 0.141 0.141 0.318 0.318 0.318 0.3175 0.3175 0.278 0.278 0.273 0.273 0.273 0.2835 0.2835 0.274 0.274 0.278 0.278 0.278 0.2785 0.2785 0.2685 0.2685 0.2565 0.2565 0.2565 0.251 0.251 0.262 0.262 0.253 0.253 0.2585 0.2585 0.2585 0.2625 0.2625 0.266 0.266 0.266 0.266 0.266 0.264 0.264 0.2675 0.2675 0.2615 0.2615 0.2615 0.264 0.264 0.2515 0.2515 0.251 0.251
-1 -1 -1 -1 -1 -1 -1 -1 -1 -1 -1 -1 -1 -1 -1 -1 -1 -1 -1 -1 -1 0.166 0.166 0.32 0.32 0.3165 0.3165 0.3165 0.303 0.303 0.2925 0.2925 0.291 0.291 0.291 0.2825 0.2825 0.275 0.275 0.2825 0.2825 0.2825 0.282 0.282 0.29 0.29 0.274 0.274 0.274 0.265 0.265 0.2675 0.2675 0.248 0.248 0.254 0.254 0.254 0.2505 0.2505 0.2715 0.2715 0.2715 0.2715 0.2715 0.2625 0.2625 0.273 0.273 0.268 0.268 0.268 0.2575 0.2575 0.258 0.258 0.2535 0.2535
-1 -1 -1 -1 -1 -1 -1 -1 -1 -1 -1 -1 -1 -1 -1 -1 -1 -1 -1 -1 -1 0.166 0.166 0.32 0.32 0.3165 0.3165 0.3165 0.303 0.303 0.2925 0.2925 0.291 0.291 0.291 0.2825 0.2825 0.275 0.275 0.2825 0.2825 0.2825 0.282 0.282 0.29 0.29 0.274 0.274 0.274 0.265 0.265 0.2675 0.2675 0.248 0.248 0.254 0.254 0.254 0.2505 0.2505 0.2715 0.2715 0.2715 0.2715 0.2715 0.2625 0.2625 0.273 0.273 0.268 0.268 0.268 0.2575 0.2575 0.258 0.258 0.2535 0.2535
-1 -1 -1 -1 -1 -1 -1 -1 -1 -1 -1 -1 -1 -1 -1 -1 -1 -1 0.1936 0.1936 0.1936 0.3065 0.3065 0.33 0.33 0.317 0.317 0.317 0.305 0.305 0.3085 0.3085 0.2845 0.2845 0.2845 0.28 0.28 0.2805 0.2805 0.2795 0.2795 0.2795 0.28 0.28 0.2765 0.2765 0.2715 0.2715 0.2715 0.271 0.271 0.2715 0.2715 0.2585 0.2585 0.254 0.254 0.254 0.256 0.256 0.259 0.259 0.259 0.259 0.259 0.2575 0.2575 0.257 0.257 0.2695 0.2695 0.2695 0.2575 0.2575 0.263 0.263 0.2675 0.2675
-1 -1 -1 -1 -1 -1 -1 -1 -1 -1 -1 -1 -1 -1 -1 -1 -1 -1 0.1936 0.1936 0.1936 0.3065 0.3065 0.33 0.33 0.317 0.317 0.317 0.305 0.305 0.3085 0.3085 0.2845 0.2845 0.2845 0.28 0.28 0.2805 0.2805 0.2795 0.2795 0.2795 0.28 0.28 0.2765 0.2765 0.2715 0.2715 0.2715 0.271 0.271 0.2715 0.2715 0.2585 0.2585 0.254 0.254 0.254 0.256 0.256 0.259 0.259 0.259 0.259 0.259 0.2575 0.2575 0.257 0.257 0.2695 0.2695 0.2695 0.2575 0.2575 0.263 0.263 0.2675 0.2675
-1 -1 -1 -1 -1 -1 -1 -1 -1 -1 -1 -1 -1 -1 -1 -1 -1 -1 0.1936 0.1936 0.1936 0.3065 0.3065 0.33 0.33 0.317 0.317 0.317 0.305 0.305 0.3085 0.3085 0.2845 0.2845 0.2845 0.28 0.28 0.2805 0.2805 0.2795 0.2795 0.2795 0.28 0.28 0.2765 0.2765 0.2715 0.2715 0.2715 0.271 0.271 0.2715 0.2715 0.2585 0.2585 0.254 0.254 0.254 0.256 0.256 0.259 0.259 0.259 0.259 0.259 0.2575 0.2575 0.257 0.257 0.2695 0.2695 0.2695 0.2575 0.2575 0.263 0.263 0.2675 0.2675
-1 -1 -1 -1 -1 -1 -1 -1 -1 -1 -1 -1 -1 -1 -1 -1 0.1976 0.1976 0.3395 0.3395 0.3395 0.3435 0.3435 0.308 0.308 0.306 0.306 0.306 0.3245 0.3245 0.307 0.307 0.303 0.303 0.303 0.288 0.288 0.275 0.275 0.2765 0.2765 0.2765 0.267 0.267 0.264 0.264 0.2615 0.2615 0.2615 0.271 0.271 0.2635 0.2635 0.265 0.265 0.2635 0.2635 0.2635 0.2675 0.2675 0.2595 0.2595 0.2595 0.2595 0.2595 0.2575 0.2575 0.2525 0.2525 0.2535 0.2535 0.2535 0.2665 0.2665 0.257 0.257 0.2565 0.2565
-1 -1 -1 -1 -1 -1 -1 -1 -1 -1 -1 -1 -1 -1 -1 -1 0.1976 0.1976 0.3395 0.3395 0.3395 0.3435 0.3435 0.308 0.308 0.306 0.306 0.306 0.3245 0.3245 0.307 0.307 0.303 0.303 0.303 0.288 0.288 0.275 0.275 0.2765 0.2765 0.2765 0.267 0.267 0.264 0.264 0.2615 0.2615 0.2615 0.271 0.271 0.2635 0.2635 0.265 0.265 0.2635 0.2635 0.2635 0.2675 0.2675 0.2595 0.2595 0.2595 0.2595 0.2595 0.2575 0.2575 0.2525 0.2525 0.2535 0.2535 0.2535 0.2665 0.2665 0.257 0.257 0.2565 0.2565
-1 -1 -1 -1 -1 -1 -1 -1 -1 -1 -1 -1 0.2206 0.2206 0.177 0.177 0.2005 0.2005 0.3435 0.3435 0.3435 0.329 0.329 0.3515 0.3515 0.308 0.308 0.308 0.3215 0.3215 0.342 0.342 0.296 0.296 0.296 0.2925 0.2925 0.296 0.296 0.287 0.287 0.287 0.2795 0.2795 0.2715 0.2715 0.261 0.261 0.261 0.2575 0.2575 0.2555 0.2555 0.2615 0.2615 0.2615 0.2615 0.2615 0.2655 0.2655 0.269 0.269 0.269 0.269 0.269 0.263 0.263 0.257 0.257 0.249 0.249 0.249 0.256 0.256 0.258 0.258 0.268 0.268
-1 -1 -1 -1 -1 -1 -1 -1 -1 -1 -1 -1 0.2206 0.2206 0.177 0.177 0.2005 0.2005 0.3435 0.3435 0.3435 0.329 0.329 0.3515 0.3515 0.308 0.308 0.308 0.3215 0.3215 0.342 0.342 0.296 0.296 0.296 0.2925 0.2925 0.296 0.296 0.287 0.287 0.287 0.2795 0.2795 0.2715 0.2715 0.261 0.261 0.261 0.2575 0.2575 0.2555 0.2555 0.2615 0.2615 0.2615 0.2615 0.2615 0.2655 0.2655 0.269 0.269 0.269 0.269 0.269 0.263 0.263 0.257 0.257 0.249 0.249 0.249 0.256 0.256 0.258 0.258 0.268 0.268
-1 -1 -1 -1 -1 -1 -1 -1 -1 0.1617 0.1617 0.1617 0.139 0.139 0.143 0.143 0.1452 0.1452 0.0635 0.0635 0.0635 0.288 0.288 0.312 0.312 0.3145 0.3145 0.3145 0.3365 0.3365 0.324 0.324 0.2965 0.2965 0.2965 0.285 0.285 0.293 0.293 0.2835 0.2835 0.2835 0.2835 0.2835 0.2645 0.2645 0.262 0.262 0.262 0.262 0.262 0.256 0.256 0.252 0.252 0.2505 0.2505 0.2505 0.265 0.265 0.2725 0.2725 0.2725 0.2725 0.2725 0.263 0.263 0.2625 0.2625 0.263 0.263 0.263 0.263 0.263 0.2595 0.2595 0.258 0.258
-1 -1 -1 -1 -1 -1 -1 -1 -1 0.1617 0.1617 0.1617 0.139 0.139 0.143 0.143 0.1452 0.1452 0.0635 0.0635 0.0635 0.288 0.288 0.312 0.312 0.3145 0.3145 0.3145 0.3365 0.3365 0.324 0.324 0.2965 0.2965 0.2965 0.285 0.285 0.293 0.293 0.2835 0.2835 0.2835 0.2835 0.2835 0.2645 0.2645 0.262 0.262 0.262 0.262 0.262 0.256 0.256 0.252 0.252 0.2505 0.2505 0.2505 0.265 0.265 0.2725 0.2725 0.2725 0.2725 0.2725 0.263 0.263 0.2625 0.2625 0.263 0.263 0.263 0.263 0.263 0.2595 0.2595 0.258 0.258
-1 -1 -1 -1 -1 -1 -1 -1 -1 0.1617 0.1617 0.1617 0.139 0.139 0.143 0.143 0.1452 0.1452 0.0635 0.0635 0.0635 0.288 0.288 0.312 0.312 0.3145 0.3145 0.3145 0.3365 0.3365 0.324 0.324 0.2965 0.2965 0.2965 0.285 0.285 0.293 0.293 0.2835 0.2835 0.2835 0.2835 0.2835 0.2645 0.2645 0.262 0.262 0.262 0.262 0.262 0.256 0.256 0.252 0.252 0.2505 0.2505 0.2505 0.265 0.265 0.2725 0.2725 0.2725 0.2725 0.2725 0.263 0.263 0.2625 0.2625 0.263 0.263 0.263 0.263 0.263 0.2595 0.2595 0.258 0.258
-1 -1 -1 -1 -1 -1 -1 -1 -1 -1 -1 -1 0.1087 0.1087 0.1727 0.1727 0.1892 0.1892 0.0962 0.0962 0.0962 0.2585 0.2585 0.2895 0.2895 0.321 0.321 0.321 0.3255 0.3255 0.3125 0.3125 0.2885 0.2885 0.2885 0.279 0.279 0.274 0.274 0.272 0.272 0.272 0.273 0.273 0.277 0.277 0.2795 0.2795 0.2795 0.263 0.263 0.2525 0.2525 0.258 0.258 0.2585 0.2585 0.2585 0.2645 0.2645 0.2625 0.2625 0.2625 0.2625 0.2625 0.2515 0.2515 0.2485 0.2485 0.259 0.259 0.259 0.2735 0.2735 0.268 0.268 0.263 0.263
-1 -1 -1 -1 -1 -1 -1 -1 -1 -1 -1 -1 0.1087 0.1087 0.1727 0.1727 0.1892 0.1892 0.0962 0.0962 0.0962 0.2585 0.2585 0.2895 0.2895 0.321 0.321 0.321 0.3255 0.3255 0.3125 0.3125 0.2885 0.2885 0.2885 0.279 0.279 0.274 0.274 0.272 0.272 0.272 0.273 0.273 0.277 0.277 0.2795 0.2795 0.2795 0.263 0.263 0.2525 0.2525 0.258 0.258 0.2585 0.2585 0.2585 0.2645 0.2645 0.2625 0.2625 0.2625 0.2625 0.2625 0.2515 0.2515 0.2485 0.2485 0.259 0.259 0.259 0.2735 0.2735 0.268 0.268 0.263 0.263
-1 -1 -1 -1 -1 -1 -1 -1 -1 -1 -1 -1 -1 -1 -1 -1 -1 -1 0.1827 0.1827 0.1827 0.114 0.114 0.281 0.281 0.3075 0.3075 0.3075 0.3115 0.3115 0.303 0.303 0.279 0.279 0.279 0.269 0.269 0.267 0.267 0.263 0.263 0.263 0.262 0.262 0.2705 0.2705 0.2775 0.2775 0.2775 0.2655 0.2655 0.275 0.275 0.263 0.263 0.263 0.263 0.263 0.2625 0.2625 0.2655 0.2655 0.2655 0.2655 0.2655 0.2535 0.2535 0.26 0.26 0.265 0.265 0.265 0.273 0.273 0.2635 0.2635 0.254 0.254
-1 -1 -1 -1 -1 -1 -1 -1 -1 -1 -1 -1 -1 -1 -1 -1 -1 -1 0.1827 0.1827 0.1827 0.114 0.114 0.281 0.281 0.3075 0.3075 0.3075 0.3115 0.3115 0.303 0.303 0.279 0.279 0.279 0.269 0.269 0.267 0.267 0.263 0.263 0.263 0.262 0.262 0.2705 0.2705 0.2775 0.2775 0.2775 0.2655 0.2655 0.275 0.275 0.263 0.263 0.263 0.263 0.263 0.2625 0.2625 0.2655 0.2655 0.2655 0.2655 0.2655 0.2535 0.2535 0.26 0.26 0.265 0.265 0.265 0.273 0.273 0.2635 0.2635 0.254 0.254
-1 -1 -1 -1 -1 -1 -1 -1 -1 -1 -1 -1 -1 -1 -1 -1 -1 -1 -1 -1 -1 0.2392 0.2392 0.151 0.151 0.2985 0.2985 0.2985 0.3065 0.3065 0.3085 0.3085 0.29 0.29 0.29 0.269 0.269 0.2675 0.2675 0.259 0.259 0.259 0.2675 0.2675 0.2685 0.2685 0.2795 0.2795 0.2795 0.2675 0.2675 0.2685 0.2685 0.2755 0.2755 0.28 0.28 0.28 0.277 0.277 0.274 0.274 0.274 0.274 0.274 0.2415 0.2415 0.2515 0.2515 0.2615 0.2615 0.2615 0.246 0.246 0.262 0.262 0.272 0.272
-1 -1 -1 -1 -1 -1 -1 -1 -1 -1 -1 -1 -1 -1 -1 -1 -1 -1 -1 -1 -1 0.2392 0.2392 0.151 0.151 0.2985 0.2985 0.2985 0.3065 0.3065 0.3085 0.3085 0.29 0.29 0.29 0.269 0.269 0.2675 0.2675 0.259 0.259 0.259 0.2675 0.2675 0.2685 0.2685 0.2795 0.2795 0.2795 0.2675 0.2675 0.2685 0.2685 0.2755 0.2755 0.28 0.28 0.28 0.277 0.277 0.274 0.274 0.274 0.274 0.274 0.2415 0.2415 0.2515 0.2515 0.2615 0.2615 0.2615 0.246 0.246 0.262 0.262 0.272 0.272
-1 -1 -1 -1 -1 -1 -1 -1 -1 -1 -1 -1 -1 -1 -1 -1 -1 -1 -1 -1 -1 0.1512 0.1512 0.1061 0.1061 0.2035 0.2035 0.2035 0.2945 0.2945 0.3095 0.3095 0.294 0.294 0.294 0.292 0.292 0.2585 0.2585 0.222 0.222 0.222 0.219 0.219 0.241 0.241 0.2585 0.2585 0.2585 0.2575 0.2575 0.271 0.271 0.2735 0.2735 0.2865 0.2865 0.2865 0.276 0.276 0.2635 0.2635 0.2635 0.2635 0.2635 0.2555 0.2555 0.266 0.266 0.2755 0.2755 0.2755 0.268 0.268 0.27 0.27 0.2785 0.2785
-1 -1 -1 -1 -1 -1 -1 -1 -1 -1 -1 -1 -1 -1 -1 -1 -1 -1 -1 -1 -1 0.1512 0.1512 0.1061 0.1061 0.2035 0.2035 0.2035 0.2945 0.2945 0.3095 0.3095 0.294 0.294 0.294 0.292 0.292 0.2585 0.2585 0.222 0.222 0.222 0.219 0.219 0.241 0.241 0.2585 0.2585 0.2585 0.2575 0.2575 0.271 0.271 0.2735 0.2735 0.2865 0.2865 0.2865 0.276 0.276 0.2635 0.2635 0.2635 0.2635 0.2635 0.2555 0.2555 0.266 0.266 0.2755 0.2755 0.2755 0.268 0.268 0.27 0.27 0.2785 0.2785
-1 -1 -1 -1 -1 -1 -1 -1 -1 -1 -1 -1 -1 -1 -1 -1 -1 -1 -1 -1 -1 0.1512 0.1512 0.1061 0.1061 0.2035 0.2035 0.2035 0.2945 0.2945 0.3095 0.3095 0.294 0.294 0.294 0.292 0.292 0.2585 0.2585 0.222 0.222 0.222 0.219 0.219 0.241 0.241 0.2585 0.2585 0.2585 0.2575 0.2575 0.271 0.271 0.2735 0.2735 0.2865 0.2865 0.2865 0.276 0.276 0.2635 0.2635 0.2635 0.2635 0.2635 0.2555 0.2555 0.266 0.266 0.2755 0.2755 0.2755 0.268 0.268 0.27 0.27 0.2785 0.2785
-1 -1 -1 -1 -1 -1 -1 -1 -1 -1 -1 -1 -1 -1 -1 -1 -1 -1 -1 -1 -1 -1 -1 0.2092 0.2092 0.0235 0.0235 0.0235 0.293 0.293 0.3085 0.3085 0.299 0.299 0.299 0.289 0.289 0.1855 0.1855 0.1275 0.1275 0.1275 0.2 0.2 0.2425 0.2425 0.252 0.252 0.252 0.269 0.269 0.294 0.294 0.291 0.291 0.2955 0.2955 0.2955 0.28 0.28 0.263 0.263 0.263 0.263 0.263 0.2715 0.2715 0.28 0.28 0.2785 0.2785 0.2785 0.276 0.276 0.286 0.286 0.2895 0.2895
-1 -1 -1 -1 -1 -1 -1 -1 -1 -1 -1 -1 -1 -1 -1 -1 -1 -1 -1 -1 -1 -1 -1 0.2092 0.2092 0.0235 0.0235 0.0235 0.293 0.293 0.3085 0.3085 0.299 0.299 0.299 0.289 0.289 0.1855 0.1855 0.1275 0.1275 0.1275 0.2 0.2 0.2425 0.2425 0.252 0.252 0.252 0.269 0.269 0.294 0.294 0.291 0.291 0.2955 0.2955 0.2955 0.28 0.28 0.263 0.263 0.263 0.263 0.263 0.2715 0.2715 0.28 0.28 0.2785 0.2785 0.2785 0.276 0.276 0.286 0.286 0.2895 0.2895
-1 -1 -1 -1 -1 -1 -1 -1 -1 -1 -1 -1 -1 -1 -1 -1 -1 -1 -1 -1 -1 -1 -1 -1 -1 0.1084 0.1084 0.1084 0.1925 0.1925 0.2925 0.2925 0.3035 0.3035 0.3035 0.241 0.241 0.1305 0.1305 0.144 0.144 0.144 0.22 0.22 0.2245 0.2245 0.264 0.264 0.264 0.253 0.253 0.279 0.279 0.2835 0.2835 0.271 0.271 0.271 0.2765 0.2765 0.2745 0.2745 0.2745 0.2745 0.2745 0.275 0.275 0.283 0.283 0.2755 0.2755 0.2755 0.2885 0.2885 0.2895 0.2895 0.3045 0.3045
-1 -1 -1 -1 -1 -1 -1 -1 -1 -1 -1 -1 -1 -1 -1 -1 -1 -1 -1 -1 -1 -1 -1 -1 -1 0.1084 0.1084 0.1084 0.1925 0.1925 0.2925 0.2925 0.3035 0.3035 0.3035 0.241 0.241 0.1305 0.1305 0.144 0.144 0.144 0.22 0.22 0.2245 0.2245 0.264 0.264 0.264 0.253 0.253 0.279 0.279 0.2835 0.2835 0.271 0.271 0.271 0.2765 0.2765 0.2745 0.2745 0.2745 0.2745 0.2745 0.275 0.275 0.283 0.283 0.2755 0.2755 0.2755 0.2885 0.2885 0.2895 0.2895 0.3045 0.3045
-1 -1 -1 -1 -1 -1 -1 -1 -1 -1 -1 -1 -1 -1 -1 -1 -1 -1 -1 -1 -1 -1 -1 -1 -1 0.1192 0.1192 0.1192 0.1381 0.1381 0.202 0.202 0.238 0.238 0.238 0.2765 0.2765 0.1915 0.1915 0.2585 0.2585 0.2585 0.3105 0.3105 0.3195 0.3195 0.2975 0.2975 0.2975 0.2115 0.2115 0.27 0.27 0.2855 0.2855 0.2725 0.2725 0.2725 0.2775 0.2775 0.278 0.278 0.278 0.278 0.278 0.2655 0.2655 0.2575 0.2575 0.2675 0.2675 0.2675 0.2715 0.2715 0.2665 0.2665 0.261 0.261
-1 -1 -1 -1 -1 -1 -1 -1 -1 -1 -1 -1 -1 -1 -1 -1 -1 -1 -1 -1 -1 -1 -1 -1 -1 0.1192 0.1192 0.1192 0.1381 0.1381 0.202 0.202 0.238 0.238 0.238 0.2765 0.2765 0.1915 0.1915 0.2585 0.2585 0.2585 0.3105 0.3105 0.3195 0.3195 0.2975 0.2975 0.2975 0.2115 0.2115 0.27 0.27 0.2855 0.2855 0.2725 0.2725 0.2725 0.2775 0.2775 0.278 0.278 0.278 0.278 0.278 0.2655 0.2655 0.2575 0.2575 0.2675 0.2675 0.2675 0.2715 0.2715 0.2665 0.2665 0.261 0.261
-1 -1 -1 -1 -1 -1 -1 -1 -1 -1 -1 -1 -1 -1 -1 -1 -1 -1 -1 -1 -1 -1 -1 -1 -1 0.1192 0.1192 0.1192 0.1381 0.1381 0.202 0.202 0.238 0.238 0.238 0.2765 0.2765 0.1915 0.1915 0.2585 0.2585 0.2585 0.3105 0.3105 0.3195 0.3195 0.2975 0.2975 0.2975 0.2115 0.2115 0.27 0.27 0.2855 0.2855 0.2725 0.2725 0.2725 0.2775 0.2775 0.278 0.278 0.278 0.278 0.278 0.2655 0.2655 0.2575 0.2575 0.2675 0.2675 0.2675 0.2715 0.2715 0.2665 0.2665 0.261 0.261
