ndvi/NOAA-238.asc
ncols         252
nrows         154
xllcorner     -18.017974
yllcorner     13.481982
cellsize      0.035948
NODATA_value  -9999
[rows 34 to 67 of 154, columns 78 to 155 of 252]
0.1335 0.131 0.131 0.135 0.135 0.1315 0.1315 0.1315 0.1275 0.1275 0.134 0.134 0.1445 0.1445 0.1375 0.1375 0.1375 0.1465 0.1465 0.147 0.147 0.149 0.149 0.149 0.146 0.146 0.149 0.149 0.1475 0.1475 0.1475 0.1425 0.1425 0.1395 0.1395 0.136 0.136 0.136 0.136 0.136 0.1375 0.1375 0.1385 0.1385 0.1385 0.1325 0.1325 0.13 0.13 0.129 0.129 0.1345 0.1345 0.1345 0.135 0.135 0.144 0.144 0.153 0.153 0.153 0.1555 0.1555 0.156 0.156 0.153 0.153 0.153 0.141 0.141 0.118 0.118 0.126 0.126 0.126 0.1255 0.1255 0.129
0.1335 0.131 0.131 0.135 0.135 0.1315 0.1315 0.1315 0.1275 0.1275 0.134 0.134 0.1445 0.1445 0.1375 0.1375 0.1375 0.1465 0.1465 0.147 0.147 0.149 0.149 0.149 0.146 0.146 0.149 0.149 0.1475 0.1475 0.1475 0.1425 0.1425 0.1395 0.1395 0.136 0.136 0.136 0.136 0.136 0.1375 0.1375 0.1385 0.1385 0.1385 0.1325 0.1325 0.13 0.13 0.129 0.129 0.1345 0.1345 0.1345 0.135 0.135 0.144 0.144 0.153 0.153 0.153 0.1555 0.1555 0.156 0.156 0.153 0.153 0.153 0.141 0.141 0.118 0.118 0.126 0.126 0.126 0.1255 0.1255 0.129
0.1335 0.131 0.131 0.135 0.135 0.1315 0.1315 0.1315 0.1275 0.1275 0.134 0.134 0.1445 0.1445 0.1375 0.1375 0.1375 0.1465 0.1465 0.147 0.147 0.149 0.149 0.149 0.146 0.146 0.149 0.149 0.1475 0.1475 0.1475 0.1425 0.1425 0.1395 0.1395 0.136 0.136 0.136 0.136 0.136 0.1375 0.1375 0.1385 0.1385 0.1385 0.1325 0.1325 0.13 0.13 0.129 0.129 0.1345 0.1345 0.1345 0.135 0.135 0.144 0.144 0.153 0.153 0.153 0.1555 0.1555 0.156 0.156 0.153 0.153 0.153 0.141 0.141 0.118 0.118 0.126 0.126 0.126 0.1255 0.1255 0.129
0.1535 0.1455 0.1455 0.141 0.141 0.137 0.137 0.137 0.1335 0.1335 0.1365 0.1365 0.149 0.149 0.1385 0.1385 0.1385 0.1455 0.1455 0.164 0.164 0.149 0.149 0.149 0.1425 0.1425 0.1505 0.1505 0.1455 0.1455 0.1455 0.1525 0.1525 0.1505 0.1505 0.139 0.139 0.139 0.1415 0.1415 0.142 0.142 0.147 0.147 0.147 0.142 0.142 0.144 0.144 0.1475 0.1475 0.142 0.142 0.142 0.1525 0.1525 0.177 0.177 0.195 0.195 0.195 0.159 0.159 0.182 0.182 0.166 0.166 0.166 0.1685 0.1685 0.112 0.112 0.11 0.11 0.11 0.124 0.124 0.1135
0.1535 0.1455 0.1455 0.141 0.141 0.137 0.137 0.137 0.1335 0.1335 0.1365 0.1365 0.149 0.149 0.1385 0.1385 0.1385 0.1455 0.1455 0.164 0.164 0.149 0.149 0.149 0.1425 0.1425 0.1505 0.1505 0.1455 0.1455 0.1455 0.1525 0.1525 0.1505 0.1505 0.139 0.139 0.139 0.1415 0.1415 0.142 0.142 0.147 0.147 0.147 0.142 0.142 0.144 0.144 0.1475 0.1475 0.142 0.142 0.142 0.1525 0.1525 0.177 0.177 0.195 0.195 0.195 0.159 0.159 0.182 0.182 0.166 0.166 0.166 0.1685 0.1685 0.112 0.112 0.11 0.11 0.11 0.124 0.124 0.1135
0.15 0.156 0.156 0.1515 0.1515 0.1445 0.1445 0.1445 0.143 0.143 0.1375 0.1375 0.145 0.145 0.142 0.142 0.142 0.136 0.136 0.1405 0.1405 0.145 0.145 0.145 0.1375 0.1375 0.1525 0.1525 0.1535 0.1535 0.1535 0.1525 0.1525 0.1535 0.1535 0.1505 0.1505 0.1505 0.142 0.142 0.144 0.144 0.162 0.162 0.162 0.1605 0.1605 0.162 0.162 0.1615 0.1615 0.1985 0.1985 0.1985 0.1685 0.1685 0.183 0.183 0.192 0.192 0.192 0.163 0.163 0.1975 0.1975 0.157 0.157 0.157 0.154 0.154 0.136 0.136 0.1125 0.1125 0.1125 0.1145 0.1145 0.1155
0.15 0.156 0.156 0.1515 0.1515 0.1445 0.1445 0.1445 0.143 0.143 0.1375 0.1375 0.145 0.145 0.142 0.142 0.142 0.136 0.136 0.1405 0.1405 0.145 0.145 0.145 0.1375 0.1375 0.1525 0.1525 0.1535 0.1535 0.1535 0.1525 0.1525 0.1535 0.1535 0.1505 0.1505 0.1505 0.142 0.142 0.144 0.144 0.162 0.162 0.162 0.1605 0.1605 0.162 0.162 0.1615 0.1615 0.1985 0.1985 0.1985 0.1685 0.1685 0.183 0.183 0.192 0.192 0.192 0.163 0.163 0.1975 0.1975 0.157 0.157 0.157 0.154 0.154 0.136 0.136 0.1125 0.1125 0.1125 0.1145 0.1145 0.1155
0.155 0.146 0.146 0.1695 0.1695 0.161 0.161 0.161 0.1485 0.1485 0.1475 0.1475 0.1455 0.1455 0.1415 0.1415 0.1415 0.128 0.128 0.13 0.13 0.136 0.136 0.136 0.1425 0.1425 0.154 0.154 0.159 0.159 0.159 0.154 0.154 0.1515 0.1515 0.1535 0.1535 0.1535 0.1505 0.1505 0.161 0.161 0.1705 0.1705 0.1705 0.161 0.161 0.1605 0.1605 0.1795 0.1795 0.1985 0.1985 0.1985 0.179 0.179 0.1835 0.1835 0.169 0.169 0.169 0.152 0.152 0.146 0.146 0.1295 0.1295 0.1295 0.136 0.136 0.1305 0.1305 0.107 0.107 0.107 0.116 0.116 0.115
0.155 0.146 0.146 0.1695 0.1695 0.161 0.161 0.161 0.1485 0.1485 0.1475 0.1475 0.1455 0.1455 0.1415 0.1415 0.1415 0.128 0.128 0.13 0.13 0.136 0.136 0.136 0.1425 0.1425 0.154 0.154 0.159 0.159 0.159 0.154 0.154 0.1515 0.1515 0.1535 0.1535 0.1535 0.1505 0.1505 0.161 0.161 0.1705 0.1705 0.1705 0.161 0.161 0.1605 0.1605 0.1795 0.1795 0.1985 0.1985 0.1985 0.179 0.179 0.1835 0.1835 0.169 0.169 0.169 0.152 0.152 0.146 0.146 0.1295 0.1295 0.1295 0.136 0.136 0.1305 0.1305 0.107 0.107 0.107 0.116 0.116 0.115
0.155 0.146 0.146 0.1695 0.1695 0.161 0.161 0.161 0.1485 0.1485 0.1475 0.1475 0.1455 0.1455 0.1415 0.1415 0.1415 0.128 0.128 0.13 0.13 0.136 0.136 0.136 0.1425 0.1425 0.154 0.154 0.159 0.159 0.159 0.154 0.154 0.1515 0.1515 0.1535 0.1535 0.1535 0.1505 0.1505 0.161 0.161 0.1705 0.1705 0.1705 0.161 0.161 0.1605 0.1605 0.1795 0.1795 0.1985 0.1985 0.1985 0.179 0.179 0.1835 0.1835 0.169 0.169 0.169 0.152 0.152 0.146 0.146 0.1295 0.1295 0.1295 0.136 0.136 0.1305 0.1305 0.107 0.107 0.107 0.116 0.116 0.115
0.153 0.144 0.144 0.154 0.154 0.161 0.161 0.161 0.155 0.155 0.1455 0.1455 0.148 0.148 0.1435 0.1435 0.1435 0.1565 0.1565 0.1375 0.1375 0.1445 0.1445 0.1445 0.152 0.152 0.1585 0.1585 0.175 0.175 0.175 0.186 0.186 0.189 0.189 0.1775 0.1775 0.1775 0.178 0.178 0.1795 0.1795 0.1785 0.1785 0.1785 0.1485 0.1485 0.1585 0.1585 0.1605 0.1605 0.178 0.178 0.178 0.1625 0.1625 0.1545 0.1545 0.1455 0.1455 0.1455 0.1425 0.1425 0.1225 0.1225 0.129 0.129 0.129 0.127 0.127 0.1165 0.1165 0.1035 0.1035 0.1035 0.09550001 0.09550001 0.1505
0.153 0.144 0.144 0.154 0.154 0.161 0.161 0.161 0.155 0.155 0.1455 0.1455 0.148 0.148 0.1435 0.1435 0.1435 0.1565 0.1565 0.1375 0.1375 0.1445 0.1445 0.1445 0.152 0.152 0.1585 0.1585 0.175 0.175 0.175 0.186 0.186 0.189 0.189 0.1775 0.1775 0.1775 0.178 0.178 0.1795 0.1795 0.1785 0.1785 0.1785 0.1485 0.1485 0.1585 0.1585 0.1605 0.1605 0.178 0.178 0.178 0.1625 0.1625 0.1545 0.1545 0.1455 0.1455 0.1455 0.1425 0.1425 0.1225 0.1225 0.129 0.129 0.129 0.127 0.127 0.1165 0.1165 0.1035 0.1035 0.1035 0.09550001 0.09550001 0.1505
0.1615 0.156 0.156 0.15 0.15 0.152 0.152 0.152 0.142 0.142 0.135 0.135 0.1455 0.1455 0.148 0.148 0.148 0.145 0.145 0.155 0.155 0.162 0.162 0.162 0.1595 0.1595 0.178 0.178 0.192 0.192 0.192 0.2095 0.2095 0.2415 0.2415 0.211 0.211 0.211 0.194 0.194 0.1825 0.1825 0.1995 0.1995 0.1995 0.2315 0.2315 0.2105 0.2105 0.201 0.201 0.19 0.19 0.19 0.172 0.172 0.166 0.166 0.1535 0.1535 0.1535 0.165 0.165 0.155 0.155 0.13 0.13 0.13 0.1315 0.1315 0.1205 0.1205 0.121 0.121 0.121 0.1275 0.1275 0.09999999
0.1615 0.156 0.156 0.15 0.15 0.152 0.152 0.152 0.142 0.142 0.135 0.135 0.1455 0.1455 0.148 0.148 0.148 0.145 0.145 0.155 0.155 0.162 0.162 0.162 0.1595 0.1595 0.178 0.178 0.192 0.192 0.192 0.2095 0.2095 0.2415 0.2415 0.211 0.211 0.211 0.194 0.194 0.1825 0.1825 0.1995 0.1995 0.1995 0.2315 0.2315 0.2105 0.2105 0.201 0.201 0.19 0.19 0.19 0.172 0.172 0.166 0.166 0.1535 0.1535 0.1535 0.165 0.165 0.155 0.155 0.13 0.13 0.13 0.1315 0.1315 0.1205 0.1205 0.121 0.121 0.121 0.1275 0.1275 0.09999999
0.1825 0.1595 0.1595 0.163 0.163 0.1535 0.1535 0.1535 0.1635 0.1635 0.1575 0.1575 0.185 0.185 0.1885 0.1885 0.1885 0.2075 0.2075 0.2175 0.2175 0.227 0.227 0.227 0.2015 0.2015 0.2125 0.2125 0.3315 0.3315 0.3315 0.366 0.366 0.2755 0.2755 0.1965 0.1965 0.1965 0.1755 0.1755 0.1765 0.1765 0.178 0.178 0.178 0.19 0.19 0.2005 0.2005 0.21 0.21 0.1675 0.1675 0.1675 0.173 0.173 0.19 0.19 0.1795 0.1795 0.1795 0.173 0.173 0.155 0.155 0.146 0.146 0.146 0.1555 0.1555 0.143 0.143 0.1195 0.1195 0.1195 0.116 0.116 0.1375
0.1825 0.1595 0.1595 0.163 0.163 0.1535 0.1535 0.1535 0.1635 0.1635 0.1575 0.1575 0.185 0.185 0.1885 0.1885 0.1885 0.2075 0.2075 0.2175 0.2175 0.227 0.227 0.227 0.2015 0.2015 0.2125 0.2125 0.3315 0.3315 0.3315 0.366 0.366 0.2755 0.2755 0.1965 0.1965 0.1965 0.1755 0.1755 0.1765 0.1765 0.178 0.178 0.178 0.19 0.19 0.2005 0.2005 0.21 0.21 0.1675 0.1675 0.1675 0.173 0.173 0.19 0.19 0.1795 0.1795 0.1795 0.173 0.173 0.155 0.155 0.146 0.146 0.146 0.1555 0.1555 0.143 0.143 0.1195 0.1195 0.1195 0.116 0.116 0.1375
0.1825 0.1595 0.1595 0.163 0.163 0.1535 0.1535 0.1535 0.1635 0.1635 0.1575 0.1575 0.185 0.185 0.1885 0.1885 0.1885 0.2075 0.2075 0.2175 0.2175 0.227 0.227 0.227 0.2015 0.2015 0.2125 0.2125 0.3315 0.3315 0.3315 0.366 0.366 0.2755 0.2755 0.1965 0.1965 0.1965 0.1755 0.1755 0.1765 0.1765 0.178 0.178 0.178 0.19 0.19 0.2005 0.2005 0.21 0.21 0.1675 0.1675 0.1675 0.173 0.173 0.19 0.19 0.1795 0.1795 0.1795 0.173 0.173 0.155 0.155 0.146 0.146 0.146 0.1555 0.1555 0.143 0.143 0.1195 0.1195 0.1195 0.116 0.116 0.1375
0.1965 0.1965 0.1965 0.2055 0.2055 0.198 0.198 0.198 0.2145 0.2145 0.205 0.205 0.2095 0.2095 0.205 0.205 0.205 0.218 0.218 0.224 0.224 0.2405 0.2405 0.2405 0.1955 0.1955 0.1845 0.1845 0.2145 0.2145 0.2145 0.3095 0.3095 0.248 0.248 0.2135 0.2135 0.2135 0.145 0.145 0.14 0.14 0.1555 0.1555 0.1555 0.205 0.205 0.1505 0.1505 0.185 0.185 0.1775 0.1775 0.1775 0.1755 0.1755 0.1745 0.1745 0.1725 0.1725 0.1725 0.176 0.176 0.167 0.167 0.1515 0.1515 0.1515 0.1645 0.1645 0.1655 0.1655 0.1505 0.1505 0.1505 0.1005 0.1005 0.13
0.1965 0.1965 0.1965 0.2055 0.2055 0.198 0.198 0.198 0.2145 0.2145 0.205 0.205 0.2095 0.2095 0.205 0.205 0.205 0.218 0.218 0.224 0.224 0.2405 0.2405 0.2405 0.1955 0.1955 0.1845 0.1845 0.2145 0.2145 0.2145 0.3095 0.3095 0.248 0.248 0.2135 0.2135 0.2135 0.145 0.145 0.14 0.14 0.1555 0.1555 0.1555 0.205 0.205 0.1505 0.1505 0.185 0.185 0.1775 0.1775 0.1775 0.1755 0.1755 0.1745 0.1745 0.1725 0.1725 0.1725 0.176 0.176 0.167 0.167 0.1515 0.1515 0.1515 0.1645 0.1645 0.1655 0.1655 0.1505 0.1505 0.1505 0.1005 0.1005 0.13
0.2255 0.2265 0.2265 0.206 0.206 0.21 0.21 0.21 0.2085 0.2085 0.2145 0.2145 0.204 0.204 0.196 0.196 0.196 0.1975 0.1975 0.2035 0.2035 0.1975 0.1975 0.1975 0.196 0.196 0.1805 0.1805 0.1915 0.1915 0.1915 0.2005 0.2005 0.242 0.242 0.1845 0.1845 0.1845 0.1845 0.1845 0.1995 0.1995 0.1395 0.1395 0.1395 0.1355 0.1355 0.1635 0.1635 0.1935 0.1935 0.191 0.191 0.191 0.1855 0.1855 0.1875 0.1875 0.1955 0.1955 0.1955 0.2075 0.2075 0.191 0.191 0.164 0.164 0.164 0.163 0.163 0.1755 0.1755 0.161 0.161 0.161 0.105 0.105 0.117
0.2255 0.2265 0.2265 0.206 0.206 0.21 0.21 0.21 0.2085 0.2085 0.2145 0.2145 0.204 0.204 0.196 0.196 0.196 0.1975 0.1975 0.2035 0.2035 0.1975 0.1975 0.1975 0.196 0.196 0.1805 0.1805 0.1915 0.1915 0.1915 0.2005 0.2005 0.242 0.242 0.1845 0.1845 0.1845 0.1845 0.1845 0.1995 0.1995 0.1395 0.1395 0.1395 0.1355 0.1355 0.1635 0.1635 0.1935 0.1935 0.191 0.191 0.191 0.1855 0.1855 0.1875 0.1875 0.1955 0.1955 0.1955 0.2075 0.2075 0.191 0.191 0.164 0.164 0.164 0.163 0.163 0.1755 0.1755 0.161 0.161 0.161 0.105 0.105 0.117
0.307 0.3035 0.3035 0.2585 0.2585 0.2385 0.2385 0.2385 0.235 0.235 0.2245 0.2245 0.2175 0.2175 0.2295 0.2295 0.2295 0.224 0.224 0.196 0.196 0.198 0.198 0.198 0.1865 0.1865 0.179 0.179 0.1825 0.1825 0.1825 0.1785 0.1785 0.198 0.198 0.2125 0.2125 0.2125 0.206 0.206 0.143 0.143 0.147 0.147 0.147 0.154 0.154 0.1465 0.1465 0.1735 0.1735 0.1765 0.1765 0.1765 0.195 0.195 0.1945 0.1945 0.2115 0.2115 0.2115 0.2115 0.2115 0.2055 0.2055 0.189 0.189 0.189 0.221 0.221 0.1795 0.1795 0.141 0.141 0.141 0.1125 0.1125 0.09450001
0.307 0.3035 0.3035 0.2585 0.2585 0.2385 0.2385 0.2385 0.235 0.235 0.2245 0.2245 0.2175 0.2175 0.2295 0.2295 0.2295 0.224 0.224 0.196 0.196 0.198 0.198 0.198 0.1865 0.1865 0.179 0.179 0.1825 0.1825 0.1825 0.1785 0.1785 0.198 0.198 0.2125 0.2125 0.2125 0.206 0.206 0.143 0.143 0.147 0.147 0.147 0.154 0.154 0.1465 0.1465 0.1735 0.1735 0.1765 0.1765 0.1765 0.195 0.195 0.1945 0.1945 0.2115 0.2115 0.2115 0.2115 0.2115 0.2055 0.2055 0.189 0.189 0.189 0.221 0.221 0.1795 0.1795 0.141 0.141 0.141 0.1125 0.1125 0.09450001
0.2905 0.295 0.295 0.2985 0.2985 0.2705 0.2705 0.2705 0.263 0.263 0.2235 0.2235 0.225 0.225 0.252 0.252 0.252 0.2425 0.2425 0.2215 0.2215 0.201 0.201 0.201 0.1955 0.1955 0.2045 0.2045 0.2045 0.2045 0.2045 0.1855 0.1855 0.1975 0.1975 0.176 0.176 0.176 0.17 0.17 0.1725 0.1725 0.158 0.158 0.158 0.1525 0.1525 0.1545 0.1545 0.1435 0.1435 0.176 0.176 0.176 0.1855 0.1855 0.185 0.185 0.2105 0.2105 0.2105 0.2025 0.2025 0.2215 0.2215 0.218 0.218 0.218 0.181 0.181 0.169 0.169 0.1235 0.1235 0.1235 0.1305 0.1305 0.1255
0.2905 0.295 0.295 0.2985 0.2985 0.2705 0.2705 0.2705 0.263 0.263 0.2235 0.2235 0.225 0.225 0.252 0.252 0.252 0.2425 0.2425 0.2215 0.2215 0.201 0.201 0.201 0.1955 0.1955 0.2045 0.2045 0.2045 0.2045 0.2045 0.1855 0.1855 0.1975 0.1975 0.176 0.176 0.176 0.17 0.17 0.1725 0.1725 0.158 0.158 0.158 0.1525 0.1525 0.1545 0.1545 0.1435 0.1435 0.176 0.176 0.176 0.1855 0.1855 0.185 0.185 0.2105 0.2105 0.2105 0.2025 0.2025 0.2215 0.2215 0.218 0.218 0.218 0.181 0.181 0.169 0.169 0.1235 0.1235 0.1235 0.1305 0.1305 0.1255
0.2905 0.295 0.295 0.2985 0.2985 0.2705 0.2705 0.2705 0.263 0.263 0.2235 0.2235 0.225 0.225 0.252 0.252 0.252 0.2425 0.2425 0.2215 0.2215 0.201 0.201 0.201 0.1955 0.1955 0.2045 0.2045 0.2045 0.2045 0.2045 0.1855 0.1855 0.1975 0.1975 0.176 0.176 0.176 0.17 0.17 0.1725 0.1725 0.158 0.158 0.158 0.1525 0.1525 0.1545 0.1545 0.1435 0.1435 0.176 0.176 0.176 0.1855 0.1855 0.185 0.185 0.2105 0.2105 0.2105 0.2025 0.2025 0.2215 0.2215 0.218 0.218 0.218 0.181 0.181 0.169 0.169 0.1235 0.1235 0.1235 0.1305 0.1305 0.1255
0.2715 0.274 0.274 0.273 0.273 0.2805 0.2805 0.2805 0.259 0.259 0.2095 0.2095 0.2325 0.2325 0.235 0.235 0.235 0.1755 0.1755 0.216 0.216 0.224 0.224 0.224 0.224 0.224 0.2275 0.2275 0.2005 0.2005 0.2005 0.209 0.209 0.1935 0.1935 0.1955 0.1955 0.1955 0.158 0.158 0.1365 0.1365 0.1745 0.1745 0.1745 0.178 0.178 0.1355 0.1355 0.149 0.149 0.132 0.132 0.132 0.125 0.125 0.1795 0.1795 0.2105 0.2105 0.2105 0.2095 0.2095 0.2125 0.2125 0.262 0.262 0.262 0.253 0.253 0.216 0.216 0.1615 0.1615 0.1615 0.144 0.144 0.1425
0.2715 0.274 0.274 0.273 0.273 0.2805 0.2805 0.2805 0.259 0.259 0.2095 0.2095 0.2325 0.2325 0.235 0.235 0.235 0.1755 0.1755 0.216 0.216 0.224 0.224 0.224 0.224 0.224 0.2275 0.2275 0.2005 0.2005 0.2005 0.209 0.209 0.1935 0.1935 0.1955 0.1955 0.1955 0.158 0.158 0.1365 0.1365 0.1745 0.1745 0.1745 0.178 0.178 0.1355 0.1355 0.149 0.149 0.132 0.132 0.132 0.125 0.125 0.1795 0.1795 0.2105 0.2105 0.2105 0.2095 0.2095 0.2125 0.2125 0.262 0.262 0.262 0.253 0.253 0.216 0.216 0.1615 0.1615 0.1615 0.144 0.144 0.1425
0.242 0.2285 0.2285 0.412 0.412 0.2775 0.2775 0.2775 0.22 0.22 0.2255 0.2255 0.211 0.211 0.1955 0.1955 0.1955 0.175 0.175 0.2095 0.2095 0.2565 0.2565 0.2565 0.3 0.3 0.2465 0.2465 0.225 0.225 0.225 0.209 0.209 0.2195 0.2195 0.203 0.203 0.203 0.2325 0.2325 0.1445 0.1445 0.2075 0.2075 0.2075 0.161 0.161 0.122 0.122 0.121 0.121 0.13 0.13 0.13 0.14 0.14 0.158 0.158 0.2065 0.2065 0.2065 0.2135 0.2135 0.22 0.22 0.268 0.268 0.268 0.2585 0.2585 0.2005 0.2005 0.151 0.151 0.151 0.1395 0.1395 0.143
0.242 0.2285 0.2285 0.412 0.412 0.2775 0.2775 0.2775 0.22 0.22 0.2255 0.2255 0.211 0.211 0.1955 0.1955 0.1955 0.175 0.175 0.2095 0.2095 0.2565 0.2565 0.2565 0.3 0.3 0.2465 0.2465 0.225 0.225 0.225 0.209 0.209 0.2195 0.2195 0.203 0.203 0.203 0.2325 0.2325 0.1445 0.1445 0.2075 0.2075 0.2075 0.161 0.161 0.122 0.122 0.121 0.121 0.13 0.13 0.13 0.14 0.14 0.158 0.158 0.2065 0.2065 0.2065 0.2135 0.2135 0.22 0.22 0.268 0.268 0.268 0.2585 0.2585 0.2005 0.2005 0.151 0.151 0.151 0.1395 0.1395 0.143
0.2585 0.295 0.295 0.3075 0.3075 0.256 0.256 0.256 0.2665 0.2665 0.2635 0.2635 0.271 0.271 0.257 0.257 0.257 0.2335 0.2335 0.2415 0.2415 0.2315 0.2315 0.2315 0.2585 0.2585 0.2565 0.2565 0.222 0.222 0.222 0.2265 0.2265 0.2425 0.2425 0.2045 0.2045 0.2045 0.2075 0.2075 0.167 0.167 0.13 0.13 0.13 0.1255 0.1255 0.1105 0.1105 0.153 0.153 0.187 0.187 0.187 0.155 0.155 0.1835 0.1835 0.2195 0.2195 0.2195 0.209 0.209 0.225 0.225 0.291 0.291 0.291 0.2515 0.2515 0.2125 0.2125 0.138 0.138 0.138 0.1725 0.1725 0.1605
0.2585 0.295 0.295 0.3075 0.3075 0.256 0.256 0.256 0.2665 0.2665 0.2635 0.2635 0.271 0.271 0.257 0.257 0.257 0.2335 0.2335 0.2415 0.2415 0.2315 0.2315 0.2315 0.2585 0.2585 0.2565 0.2565 0.222 0.222 0.222 0.2265 0.2265 0.2425 0.2425 0.2045 0.2045 0.2045 0.2075 0.2075 0.167 0.167 0.13 0.13 0.13 0.1255 0.1255 0.1105 0.1105 0.153 0.153 0.187 0.187 0.187 0.155 0.155 0.1835 0.1835 0.2195 0.2195 0.2195 0.209 0.209 0.225 0.225 0.291 0.291 0.291 0.2515 0.2515 0.2125 0.2125 0.138 0.138 0.138 0.1725 0.1725 0.1605
0.2585 0.295 0.295 0.3075 0.3075 0.256 0.256 0.256 0.2665 0.2665 0.2635 0.2635 0.271 0.271 0.257 0.257 0.257 0.2335 0.2335 0.2415 0.2415 0.2315 0.2315 0.2315 0.2585 0.2585 0.2565 0.2565 0.222 0.222 0.222 0.2265 0.2265 0.2425 0.2425 0.2045 0.2045 0.2045 0.2075 0.2075 0.167 0.167 0.13 0.13 0.13 0.1255 0.1255 0.1105 0.1105 0.153 0.153 0.187 0.187 0.187 0.155 0.155 0.1835 0.1835 0.2195 0.2195 0.2195 0.209 0.209 0.225 0.225 0.291 0.291 0.291 0.2515 0.2515 0.2125 0.2125 0.138 0.138 0.138 0.1725 0.1725 0.1605
0.246 0.283 0.283 0.258 0.258 0.2555 0.2555 0.2555 0.276 0.276 0.282 0.282 0.2635 0.2635 0.2315 0.2315 0.2315 0.267 0.267 0.2465 0.2465 0.284 0.284 0.284 0.2095 0.2095 0.238 0.238 0.2325 0.2325 0.2325 0.2225 0.2225 0.2115 0.2115 0.2005 0.2005 0.2005 0.233 0.233 0.217 0.217 0.1725 0.1725 0.1725 0.156 0.156 0.1625 0.1625 0.1635 0.1635 0.1655 0.1655 0.1655 0.1815 0.1815 0.191 0.191 0.216 0.216 0.216 0.215 0.215 0.241 0.241 0.2715 0.2715 0.2715 0.266 0.266 0.232 0.232 0.1975 0.1975 0.1975 0.1715 0.1715 0.2245
