ndvi/NOAA-172.asc
ncols         252
nrows         154
xllcorner     -18.017974
yllcorner     13.481982
cellsize      0.035948
NODATA_value  -9999
[rows 102 to 135 of 154, columns 156 to 233 of 252]
0.1965 0.2045 0.2045 0.2045 0.2095 0.2095 0.208 0.208 0.2275 0.2275 0.2325 0.2325 0.2325 0.2245 0.2245 0.223 0.223 0.235 0.235 0.235 0.2325 0.2325 0.2225 0.2225 0.233 0.233 0.233 0.224 0.224 0.2275 0.2275 0.222 0.222 0.222 0.231 0.231 0.232 0.232 0.226 0.226 0.226 0.236 0.236 0.2345 0.2345 0.2495 0.2495 0.217 0.217 0.217 0.2305 0.2305 0.209 0.209 0.2165 0.2165 0.2165 0.2165 0.2165 0.2245 0.2245 0.2155 0.2155 0.2155 0.219 0.219 0.2325 0.2325 0.197 0.197 0.197 0.2165 0.2165 0.218 0.218 0.2065 0.2065 0.2065
0.2105 0.208 0.208 0.208 0.197 0.197 0.2155 0.2155 0.237 0.237 0.219 0.219 0.219 0.2175 0.2175 0.2255 0.2255 0.243 0.243 0.243 0.231 0.231 0.2355 0.2355 0.232 0.232 0.232 0.2385 0.2385 0.232 0.232 0.242 0.242 0.242 0.216 0.216 0.2325 0.2325 0.233 0.233 0.233 0.2435 0.2435 0.24 0.24 0.2745 0.2745 0.281 0.281 0.281 0.239 0.239 0.2255 0.2255 0.222 0.222 0.222 0.215 0.215 0.205 0.205 0.2175 0.2175 0.2175 0.234 0.234 0.2375 0.2375 0.2545 0.2545 0.2545 0.2285 0.2285 0.2185 0.2185 0.218 0.218 0.218
0.2105 0.208 0.208 0.208 0.197 0.197 0.2155 0.2155 0.237 0.237 0.219 0.219 0.219 0.2175 0.2175 0.2255 0.2255 0.243 0.243 0.243 0.231 0.231 0.2355 0.2355 0.232 0.232 0.232 0.2385 0.2385 0.232 0.232 0.242 0.242 0.242 0.216 0.216 0.2325 0.2325 0.233 0.233 0.233 0.2435 0.2435 0.24 0.24 0.2745 0.2745 0.281 0.281 0.281 0.239 0.239 0.2255 0.2255 0.222 0.222 0.222 0.215 0.215 0.205 0.205 0.2175 0.2175 0.2175 0.234 0.234 0.2375 0.2375 0.2545 0.2545 0.2545 0.2285 0.2285 0.2185 0.2185 0.218 0.218 0.218
0.2105 0.208 0.208 0.208 0.197 0.197 0.2155 0.2155 0.237 0.237 0.219 0.219 0.219 0.2175 0.2175 0.2255 0.2255 0.243 0.243 0.243 0.231 0.231 0.2355 0.2355 0.232 0.232 0.232 0.2385 0.2385 0.232 0.232 0.242 0.242 0.242 0.216 0.216 0.2325 0.2325 0.233 0.233 0.233 0.2435 0.2435 0.24 0.24 0.2745 0.2745 0.281 0.281 0.281 0.239 0.239 0.2255 0.2255 0.222 0.222 0.222 0.215 0.215 0.205 0.205 0.2175 0.2175 0.2175 0.234 0.234 0.2375 0.2375 0.2545 0.2545 0.2545 0.2285 0.2285 0.2185 0.2185 0.218 0.218 0.218
0.232 0.2205 0.2205 0.2205 0.235 0.235 0.2145 0.2145 0.231 0.231 0.2265 0.2265 0.2265 0.237 0.237 0.2415 0.2415 0.21 0.21 0.21 0.2155 0.2155 0.2205 0.2205 0.213 0.213 0.213 0.2245 0.2245 0.2355 0.2355 0.25 0.25 0.25 0.2585 0.2585 0.2415 0.2415 0.2415 0.2415 0.2415 0.2465 0.2465 0.238 0.238 0.2385 0.2385 0.244 0.244 0.244 0.2355 0.2355 0.238 0.238 0.255 0.255 0.255 0.2335 0.2335 0.2255 0.2255 0.215 0.215 0.215 0.2215 0.2215 0.241 0.241 0.2175 0.2175 0.2175 0.248 0.248 0.235 0.235 0.2455 0.2455 0.2455
0.232 0.2205 0.2205 0.2205 0.235 0.235 0.2145 0.2145 0.231 0.231 0.2265 0.2265 0.2265 0.237 0.237 0.2415 0.2415 0.21 0.21 0.21 0.2155 0.2155 0.2205 0.2205 0.213 0.213 0.213 0.2245 0.2245 0.2355 0.2355 0.25 0.25 0.25 0.2585 0.2585 0.2415 0.2415 0.2415 0.2415 0.2415 0.2465 0.2465 0.238 0.238 0.2385 0.2385 0.244 0.244 0.244 0.2355 0.2355 0.238 0.238 0.255 0.255 0.255 0.2335 0.2335 0.2255 0.2255 0.215 0.215 0.215 0.2215 0.2215 0.241 0.241 0.2175 0.2175 0.2175 0.248 0.248 0.235 0.235 0.2455 0.2455 0.2455
0.2355 0.233 0.233 0.233 0.2315 0.2315 0.229 0.229 0.223 0.223 0.2215 0.2215 0.2215 0.2205 0.2205 0.2185 0.2185 0.238 0.238 0.238 0.22 0.22 0.21 0.21 0.2185 0.2185 0.2185 0.2295 0.2295 0.2395 0.2395 0.2565 0.2565 0.2565 0.2245 0.2245 0.2405 0.2405 0.257 0.257 0.257 0.261 0.261 0.2485 0.2485 0.2615 0.2615 0.256 0.256 0.256 0.2555 0.2555 0.221 0.221 0.202 0.202 0.202 0.2575 0.2575 0.2455 0.2455 0.25 0.25 0.25 0.252 0.252 0.2545 0.2545 0.259 0.259 0.259 0.262 0.262 0.27 0.27 0.259 0.259 0.259
0.2355 0.233 0.233 0.233 0.2315 0.2315 0.229 0.229 0.223 0.223 0.2215 0.2215 0.2215 0.2205 0.2205 0.2185 0.2185 0.238 0.238 0.238 0.22 0.22 0.21 0.21 0.2185 0.2185 0.2185 0.2295 0.2295 0.2395 0.2395 0.2565 0.2565 0.2565 0.2245 0.2245 0.2405 0.2405 0.257 0.257 0.257 0.261 0.261 0.2485 0.2485 0.2615 0.2615 0.256 0.256 0.256 0.2555 0.2555 0.221 0.221 0.202 0.202 0.202 0.2575 0.2575 0.2455 0.2455 0.25 0.25 0.25 0.252 0.252 0.2545 0.2545 0.259 0.259 0.259 0.262 0.262 0.27 0.27 0.259 0.259 0.259
0.23 0.2455 0.2455 0.2455 0.2395 0.2395 0.2245 0.2245 0.2365 0.2365 0.225 0.225 0.225 0.2205 0.2205 0.213 0.213 0.2195 0.2195 0.2195 0.215 0.215 0.247 0.247 0.23 0.23 0.23 0.231 0.231 0.238 0.238 0.2615 0.2615 0.2615 0.2385 0.2385 0.273 0.273 0.262 0.262 0.262 0.2435 0.2435 0.235 0.235 0.234 0.234 0.2365 0.2365 0.2365 0.2455 0.2455 0.251 0.251 0.239 0.239 0.239 0.242 0.242 0.253 0.253 0.2715 0.2715 0.2715 0.264 0.264 0.2575 0.2575 0.257 0.257 0.257 0.2665 0.2665 0.27 0.27 0.2455 0.2455 0.2455
0.23 0.2455 0.2455 0.2455 0.2395 0.2395 0.2245 0.2245 0.2365 0.2365 0.225 0.225 0.225 0.2205 0.2205 0.213 0.213 0.2195 0.2195 0.2195 0.215 0.215 0.247 0.247 0.23 0.23 0.23 0.231 0.231 0.238 0.238 0.2615 0.2615 0.2615 0.2385 0.2385 0.273 0.273 0.262 0.262 0.262 0.2435 0.2435 0.235 0.235 0.234 0.234 0.2365 0.2365 0.2365 0.2455 0.2455 0.251 0.251 0.239 0.239 0.239 0.242 0.242 0.253 0.253 0.2715 0.2715 0.2715 0.264 0.264 0.2575 0.2575 0.257 0.257 0.257 0.2665 0.2665 0.27 0.27 0.2455 0.2455 0.2455
0.23 0.2455 0.2455 0.2455 0.2395 0.2395 0.2245 0.2245 0.2365 0.2365 0.225 0.225 0.225 0.2205 0.2205 0.213 0.213 0.2195 0.2195 0.2195 0.215 0.215 0.247 0.247 0.23 0.23 0.23 0.231 0.231 0.238 0.238 0.2615 0.2615 0.2615 0.2385 0.2385 0.273 0.273 0.262 0.262 0.262 0.2435 0.2435 0.235 0.235 0.234 0.234 0.2365 0.2365 0.2365 0.2455 0.2455 0.251 0.251 0.239 0.239 0.239 0.242 0.242 0.253 0.253 0.2715 0.2715 0.2715 0.264 0.264 0.2575 0.2575 0.257 0.257 0.257 0.2665 0.2665 0.27 0.27 0.2455 0.2455 0.2455
0.2305 0.2355 0.2355 0.2355 0.234 0.234 0.2285 0.2285 0.2305 0.2305 0.226 0.226 0.226 0.2245 0.2245 0.2455 0.2455 0.238 0.238 0.238 0.2285 0.2285 0.233 0.233 0.2395 0.2395 0.2395 0.2435 0.2435 0.241 0.241 0.275 0.275 0.275 0.2515 0.2515 0.2255 0.2255 0.2475 0.2475 0.2475 0.2475 0.2475 0.2435 0.2435 0.259 0.259 0.2285 0.2285 0.2285 0.255 0.255 0.239 0.239 0.259 0.259 0.259 0.2555 0.2555 0.2785 0.2785 0.2575 0.2575 0.2575 0.263 0.263 0.2765 0.2765 0.2705 0.2705 0.2705 0.2615 0.2615 0.2645 0.2645 0.2585 0.2585 0.2585
0.2305 0.2355 0.2355 0.2355 0.234 0.234 0.2285 0.2285 0.2305 0.2305 0.226 0.226 0.226 0.2245 0.2245 0.2455 0.2455 0.238 0.238 0.238 0.2285 0.2285 0.233 0.233 0.2395 0.2395 0.2395 0.2435 0.2435 0.241 0.241 0.275 0.275 0.275 0.2515 0.2515 0.2255 0.2255 0.2475 0.2475 0.2475 0.2475 0.2475 0.2435 0.2435 0.259 0.259 0.2285 0.2285 0.2285 0.255 0.255 0.239 0.239 0.259 0.259 0.259 0.2555 0.2555 0.2785 0.2785 0.2575 0.2575 0.2575 0.263 0.263 0.2765 0.2765 0.2705 0.2705 0.2705 0.2615 0.2615 0.2645 0.2645 0.2585 0.2585 0.2585
0.2165 0.22 0.22 0.22 0.228 0.228 0.2305 0.2305 0.212 0.212 0.2345 0.2345 0.2345 0.236 0.236 0.238 0.238 0.2325 0.2325 0.2325 0.249 0.249 0.237 0.237 0.2435 0.2435 0.2435 0.2275 0.2275 0.239 0.239 0.2405 0.2405 0.2405 0.211 0.211 0.2015 0.2015 0.2385 0.2385 0.2385 0.246 0.246 0.253 0.253 0.2565 0.2565 0.2565 0.2565 0.2565 0.241 0.241 0.223 0.223 0.2745 0.2745 0.2745 0.258 0.258 0.258 0.258 0.2655 0.2655 0.2655 0.282 0.282 0.277 0.277 0.274 0.274 0.274 0.257 0.257 0.2595 0.2595 0.2475 0.2475 0.2475
0.2165 0.22 0.22 0.22 0.228 0.228 0.2305 0.2305 0.212 0.212 0.2345 0.2345 0.2345 0.236 0.236 0.238 0.238 0.2325 0.2325 0.2325 0.249 0.249 0.237 0.237 0.2435 0.2435 0.2435 0.2275 0.2275 0.239 0.239 0.2405 0.2405 0.2405 0.211 0.211 0.2015 0.2015 0.2385 0.2385 0.2385 0.246 0.246 0.253 0.253 0.2565 0.2565 0.2565 0.2565 0.2565 0.241 0.241 0.223 0.223 0.2745 0.2745 0.2745 0.258 0.258 0.258 0.258 0.2655 0.2655 0.2655 0.282 0.282 0.277 0.277 0.274 0.274 0.274 0.257 0.257 0.2595 0.2595 0.2475 0.2475 0.2475
0.226 0.2345 0.2345 0.2345 0.2335 0.2335 0.2165 0.2165 0.243 0.243 0.259 0.259 0.259 0.259 0.259 0.2525 0.2525 0.2405 0.2405 0.2405 0.248 0.248 0.2405 0.2405 0.252 0.252 0.252 0.231 0.231 0.2455 0.2455 0.249 0.249 0.249 0.2335 0.2335 0.2515 0.2515 0.258 0.258 0.258 0.236 0.236 0.224 0.224 0.215 0.215 0.2295 0.2295 0.2295 0.2555 0.2555 0.278 0.278 0.264 0.264 0.264 0.2705 0.2705 0.287 0.287 0.28 0.28 0.28 0.277 0.277 0.2805 0.2805 0.2765 0.2765 0.2765 0.258 0.258 0.2445 0.2445 0.2405 0.2405 0.2405
0.226 0.2345 0.2345 0.2345 0.2335 0.2335 0.2165 0.2165 0.243 0.243 0.259 0.259 0.259 0.259 0.259 0.2525 0.2525 0.2405 0.2405 0.2405 0.248 0.248 0.2405 0.2405 0.252 0.252 0.252 0.231 0.231 0.2455 0.2455 0.249 0.249 0.249 0.2335 0.2335 0.2515 0.2515 0.258 0.258 0.258 0.236 0.236 0.224 0.224 0.215 0.215 0.2295 0.2295 0.2295 0.2555 0.2555 0.278 0.278 0.264 0.264 0.264 0.2705 0.2705 0.287 0.287 0.28 0.28 0.28 0.277 0.277 0.2805 0.2805 0.2765 0.2765 0.2765 0.258 0.258 0.2445 0.2445 0.2405 0.2405 0.2405
0.226 0.2345 0.2345 0.2345 0.2335 0.2335 0.2165 0.2165 0.243 0.243 0.259 0.259 0.259 0.259 0.259 0.2525 0.2525 0.2405 0.2405 0.2405 0.248 0.248 0.2405 0.2405 0.252 0.252 0.252 0.231 0.231 0.2455 0.2455 0.249 0.249 0.249 0.2335 0.2335 0.2515 0.2515 0.258 0.258 0.258 0.236 0.236 0.224 0.224 0.215 0.215 0.2295 0.2295 0.2295 0.2555 0.2555 0.278 0.278 0.264 0.264 0.264 0.2705 0.2705 0.287 0.287 0.28 0.28 0.28 0.277 0.277 0.2805 0.2805 0.2765 0.2765 0.2765 0.258 0.258 0.2445 0.2445 0.2405 0.2405 0.2405
0.239 0.2395 0.2395 0.2395 0.2215 0.2215 0.2285 0.2285 0.23 0.23 0.2415 0.2415 0.2415 0.247 0.247 0.254 0.254 0.2695 0.2695 0.2695 0.2645 0.2645 0.261 0.261 0.2545 0.2545 0.2545 0.229 0.229 0.214 0.214 0.2275 0.2275 0.2275 0.211 0.211 0.1995 0.1995 0.22 0.22 0.22 0.222 0.222 0.2515 0.2515 0.237 0.237 0.2595 0.2595 0.2595 0.241 0.241 0.2465 0.2465 0.255 0.255 0.255 0.263 0.263 0.2635 0.2635 0.282 0.282 0.282 0.2725 0.2725 0.2855 0.2855 0.267 0.267 0.267 0.2545 0.2545 0.259 0.259 0.246 0.246 0.246
0.239 0.2395 0.2395 0.2395 0.2215 0.2215 0.2285 0.2285 0.23 0.23 0.2415 0.2415 0.2415 0.247 0.247 0.254 0.254 0.2695 0.2695 0.2695 0.2645 0.2645 0.261 0.261 0.2545 0.2545 0.2545 0.229 0.229 0.214 0.214 0.2275 0.2275 0.2275 0.211 0.211 0.1995 0.1995 0.22 0.22 0.22 0.222 0.222 0.2515 0.2515 0.237 0.237 0.2595 0.2595 0.2595 0.241 0.241 0.2465 0.2465 0.255 0.255 0.255 0.263 0.263 0.2635 0.2635 0.282 0.282 0.282 0.2725 0.2725 0.2855 0.2855 0.267 0.267 0.267 0.2545 0.2545 0.259 0.259 0.246 0.246 0.246
0.2345 0.2425 0.2425 0.2425 0.2295 0.2295 0.225 0.225 0.239 0.239 0.241 0.241 0.241 0.25 0.25 0.262 0.262 0.268 0.268 0.268 0.261 0.261 0.264 0.264 0.244 0.244 0.244 0.2505 0.2505 0.232 0.232 0.225 0.225 0.225 0.2085 0.2085 0.2155 0.2155 0.216 0.216 0.216 0.2215 0.2215 0.2535 0.2535 0.266 0.266 0.275 0.275 0.275 0.273 0.273 0.288 0.288 0.2755 0.2755 0.2755 0.291 0.291 0.2695 0.2695 0.2815 0.2815 0.2815 0.274 0.274 0.2555 0.2555 0.257 0.257 0.257 0.267 0.267 0.2605 0.2605 0.2605 0.2605 0.2605
0.2345 0.2425 0.2425 0.2425 0.2295 0.2295 0.225 0.225 0.239 0.239 0.241 0.241 0.241 0.25 0.25 0.262 0.262 0.268 0.268 0.268 0.261 0.261 0.264 0.264 0.244 0.244 0.244 0.2505 0.2505 0.232 0.232 0.225 0.225 0.225 0.2085 0.2085 0.2155 0.2155 0.216 0.216 0.216 0.2215 0.2215 0.2535 0.2535 0.266 0.266 0.275 0.275 0.275 0.273 0.273 0.288 0.288 0.2755 0.2755 0.2755 0.291 0.291 0.2695 0.2695 0.2815 0.2815 0.2815 0.274 0.274 0.2555 0.2555 0.257 0.257 0.257 0.267 0.267 0.2605 0.2605 0.2605 0.2605 0.2605
0.254 0.2445 0.2445 0.2445 0.2205 0.2205 0.234 0.234 0.2645 0.2645 0.2405 0.2405 0.2405 0.2445 0.2445 0.2535 0.2535 0.245 0.245 0.245 0.2525 0.2525 0.2645 0.2645 0.251 0.251 0.251 0.2215 0.2215 0.238 0.238 0.233 0.233 0.233 0.219 0.219 0.2355 0.2355 0.2525 0.2525 0.2525 0.235 0.235 0.2375 0.2375 0.26 0.26 0.236 0.236 0.236 0.2745 0.2745 0.244 0.244 0.2765 0.2765 0.2765 0.281 0.281 0.2735 0.2735 0.2785 0.2785 0.2785 0.262 0.262 0.264 0.264 0.271 0.271 0.271 0.2645 0.2645 0.2595 0.2595 0.258 0.258 0.258
0.254 0.2445 0.2445 0.2445 0.2205 0.2205 0.234 0.234 0.2645 0.2645 0.2405 0.2405 0.2405 0.2445 0.2445 0.2535 0.2535 0.245 0.245 0.245 0.2525 0.2525 0.2645 0.2645 0.251 0.251 0.251 0.2215 0.2215 0.238 0.238 0.233 0.233 0.233 0.219 0.219 0.2355 0.2355 0.2525 0.2525 0.2525 0.235 0.235 0.2375 0.2375 0.26 0.26 0.236 0.236 0.236 0.2745 0.2745 0.244 0.244 0.2765 0.2765 0.2765 0.281 0.281 0.2735 0.2735 0.2785 0.2785 0.2785 0.262 0.262 0.264 0.264 0.271 0.271 0.271 0.2645 0.2645 0.2595 0.2595 0.258 0.258 0.258
0.2395 0.221 0.221 0.221 0.2245 0.2245 0.23 0.23 0.26 0.26 0.237 0.237 0.237 0.246 0.246 0.2435 0.2435 0.25 0.25 0.25 0.255 0.255 0.244 0.244 0.257 0.257 0.257 0.2585 0.2585 0.2545 0.2545 0.253 0.253 0.253 0.238 0.238 0.245 0.245 0.255 0.255 0.255 0.2225 0.2225 0.273 0.273 0.273 0.273 0.287 0.287 0.287 0.241 0.241 0.2715 0.2715 0.295 0.295 0.295 0.2805 0.2805 0.2695 0.2695 0.286 0.286 0.286 0.275 0.275 0.2795 0.2795 0.266 0.266 0.266 0.2465 0.2465 0.25 0.25 0.26 0.26 0.26
0.2395 0.221 0.221 0.221 0.2245 0.2245 0.23 0.23 0.26 0.26 0.237 0.237 0.237 0.246 0.246 0.2435 0.2435 0.25 0.25 0.25 0.255 0.255 0.244 0.244 0.257 0.257 0.257 0.2585 0.2585 0.2545 0.2545 0.253 0.253 0.253 0.238 0.238 0.245 0.245 0.255 0.255 0.255 0.2225 0.2225 0.273 0.273 0.273 0.273 0.287 0.287 0.287 0.241 0.241 0.2715 0.2715 0.295 0.295 0.295 0.2805 0.2805 0.2695 0.2695 0.286 0.286 0.286 0.275 0.275 0.2795 0.2795 0.266 0.266 0.266 0.2465 0.2465 0.25 0.25 0.26 0.26 0.26
0.2395 0.221 0.221 0.221 0.2245 0.2245 0.23 0.23 0.26 0.26 0.237 0.237 0.237 0.246 0.246 0.2435 0.2435 0.25 0.25 0.25 0.255 0.255 0.244 0.244 0.257 0.257 0.257 0.2585 0.2585 0.2545 0.2545 0.253 0.253 0.253 0.238 0.238 0.245 0.245 0.255 0.255 0.255 0.2225 0.2225 0.273 0.273 0.273 0.273 0.287 0.287 0.287 0.241 0.241 0.2715 0.2715 0.295 0.295 0.295 0.2805 0.2805 0.2695 0.2695 0.286 0.286 0.286 0.275 0.275 0.2795 0.2795 0.266 0.266 0.266 0.2465 0.2465 0.25 0.25 0.26 0.26 0.26
0.251 0.2385 0.2385 0.2385 0.2335 0.2335 0.231 0.231 0.28 0.28 0.242 0.242 0.242 0.269 0.269 0.257 0.257 0.256 0.256 0.256 0.249 0.249 0.243 0.243 0.2565 0.2565 0.2565 0.261 0.261 0.2595 0.2595 0.252 0.252 0.252 0.254 0.254 0.253 0.253 0.248 0.248 0.248 0.2435 0.2435 0.273 0.273 0.266 0.266 0.257 0.257 0.257 0.275 0.275 0.297 0.297 0.2725 0.2725 0.2725 0.26 0.26 0.2605 0.2605 0.253 0.253 0.253 0.284 0.284 0.2665 0.2665 0.2715 0.2715 0.2715 0.25 0.25 0.249 0.249 0.2455 0.2455 0.2455
0.251 0.2385 0.2385 0.2385 0.2335 0.2335 0.231 0.231 0.28 0.28 0.242 0.242 0.242 0.269 0.269 0.257 0.257 0.256 0.256 0.256 0.249 0.249 0.243 0.243 0.2565 0.2565 0.2565 0.261 0.261 0.2595 0.2595 0.252 0.252 0.252 0.254 0.254 0.253 0.253 0.248 0.248 0.248 0.2435 0.2435 0.273 0.273 0.266 0.266 0.257 0.257 0.257 0.275 0.275 0.297 0.297 0.2725 0.2725 0.2725 0.26 0.26 0.2605 0.2605 0.253 0.253 0.253 0.284 0.284 0.2665 0.2665 0.2715 0.2715 0.2715 0.25 0.25 0.249 0.249 0.2455 0.2455 0.2455
0.243 0.263 0.263 0.263 0.253 0.253 0.2455 0.2455 0.2495 0.2495 0.235 0.235 0.235 0.2535 0.2535 0.264 0.264 0.2635 0.2635 0.2635 0.256 0.256 0.2875 0.2875 0.288 0.288 0.288 0.289 0.289 0.2735 0.2735 0.2615 0.2615 0.2615 0.2695 0.2695 0.269 0.269 0.2785 0.2785 0.2785 0.3045 0.3045 0.2755 0.2755 0.292 0.292 0.321 0.321 0.321 0.282 0.282 0.2705 0.2705 0.3245 0.3245 0.3245 0.3025 0.3025 0.2895 0.2895 0.2705 0.2705 0.2705 0.2545 0.2545 0.263 0.263 0.266 0.266 0.266 0.27 0.27 0.2695 0.2695 0.2435 0.2435 0.2435
0.243 0.263 0.263 0.263 0.253 0.253 0.2455 0.2455 0.2495 0.2495 0.235 0.235 0.235 0.2535 0.2535 0.264 0.264 0.2635 0.2635 0.2635 0.256 0.256 0.2875 0.2875 0.288 0.288 0.288 0.289 0.289 0.2735 0.2735 0.2615 0.2615 0.2615 0.2695 0.2695 0.269 0.269 0.2785 0.2785 0.2785 0.3045 0.3045 0.2755 0.2755 0.292 0.292 0.321 0.321 0.321 0.282 0.282 0.2705 0.2705 0.3245 0.3245 0.3245 0.3025 0.3025 0.2895 0.2895 0.2705 0.2705 0.2705 0.2545 0.2545 0.263 0.263 0.266 0.266 0.266 0.27 0.27 0.2695 0.2695 0.2435 0.2435 0.2435
0.249 0.2475 0.2475 0.2475 0.2485 0.2485 0.2355 0.2355 0.2465 0.2465 0.259 0.259 0.259 0.274 0.274 0.235 0.235 0.2645 0.2645 0.2645 0.279 0.279 0.2715 0.2715 0.307 0.307 0.307 0.2885 0.2885 0.28 0.28 0.266 0.266 0.266 0.2845 0.2845 0.273 0.273 0.279 0.279 0.279 0.2605 0.2605 0.2825 0.2825 0.2845 0.2845 0.283 0.283 0.283 0.304 0.304 0.266 0.266 0.2605 0.2605 0.2605 0.319 0.319 0.2835 0.2835 0.2595 0.2595 0.2595 0.288 0.288 0.3 0.3 0.259 0.259 0.259 0.272 0.272 0.273 0.273 0.2515 0.2515 0.2515
0.249 0.2475 0.2475 0.2475 0.2485 0.2485 0.2355 0.2355 0.2465 0.2465 0.259 0.259 0.259 0.274 0.274 0.235 0.235 0.2645 0.2645 0.2645 0.279 0.279 0.2715 0.2715 0.307 0.307 0.307 0.2885 0.2885 0.28 0.28 0.266 0.266 0.266 0.2845 0.2845 0.273 0.273 0.279 0.279 0.279 0.2605 0.2605 0.2825 0.2825 0.2845 0.2845 0.283 0.283 0.283 0.304 0.304 0.266 0.266 0.2605 0.2605 0.2605 0.319 0.319 0.2835 0.2835 0.2595 0.2595 0.2595 0.288 0.288 0.3 0.3 0.259 0.259 0.259 0.272 0.272 0.273 0.273 0.2515 0.2515 0.2515
0.249 0.2475 0.2475 0.2475 0.2485 0.2485 0.2355 0.2355 0.2465 0.2465 0.259 0.259 0.259 0.274 0.274 0.235 0.235 0.2645 0.2645 0.2645 0.279 0.279 0.2715 0.2715 0.307 0.307 0.307 0.2885 0.2885 0.28 0.28 0.266 0.266 0.266 0.2845 0.2845 0.273 0.273 0.279 0.279 0.279 0.2605 0.2605 0.2825 0.2825 0.2845 0.2845 0.283 0.283 0.283 0.304 0.304 0.266 0.266 0.2605 0.2605 0.2605 0.319 0.319 0.2835 0.2835 0.2595 0.2595 0.2595 0.288 0.288 0.3 0.3 0.259 0.259 0.259 0.272 0.272 0.273 0.273 0.2515 0.2515 0.2515
