ndvi/NOAA-243.asc
ncols         252
nrows         154
xllcorner     -18.017974
yllcorner     13.481982
cellsize      0.035948
NODATA_value  -9999
[rows 34 to 67 of 154, columns 77 to 153 of 252]
0.138 0.138 0.1425 0.1425 0.147 0.147 0.1395 0.1395 0.1395 0.1365 0.1365 0.144 0.144 0.1505 0.1505 0.149 0.149 0.149 0.147 0.147 0.1465 0.1465 0.145 0.145 0.145 0.1455 0.1455 0.143 0.143 0.1425 0.1425 0.1425 0.1495 0.1495 0.144 0.144 0.143 0.143 0.143 0.143 0.143 0.145 0.145 0.145 0.145 0.145 0.145 0.145 0.1425 0.1425 0.1445 0.1445 0.15 0.15 0.15 0.145 0.145 0.152 0.152 0.156 0.156 0.156 0.1605 0.1605 0.163 0.163 0.1615 0.1615 0.1615 0.152 0.152 0.1205 0.1205 0.1285 0.1285 0.1285 0.129
0.138 0.138 0.1425 0.1425 0.147 0.147 0.1395 0.1395 0.1395 0.1365 0.1365 0.144 0.144 0.1505 0.1505 0.149 0.149 0.149 0.147 0.147 0.1465 0.1465 0.145 0.145 0.145 0.1455 0.1455 0.143 0.143 0.1425 0.1425 0.1425 0.1495 0.1495 0.144 0.144 0.143 0.143 0.143 0.143 0.143 0.145 0.145 0.145 0.145 0.145 0.145 0.145 0.1425 0.1425 0.1445 0.1445 0.15 0.15 0.15 0.145 0.145 0.152 0.152 0.156 0.156 0.156 0.1605 0.1605 0.163 0.163 0.1615 0.1615 0.1615 0.152 0.152 0.1205 0.1205 0.1285 0.1285 0.1285 0.129
0.138 0.138 0.1425 0.1425 0.147 0.147 0.1395 0.1395 0.1395 0.1365 0.1365 0.144 0.144 0.1505 0.1505 0.149 0.149 0.149 0.147 0.147 0.1465 0.1465 0.145 0.145 0.145 0.1455 0.1455 0.143 0.143 0.1425 0.1425 0.1425 0.1495 0.1495 0.144 0.144 0.143 0.143 0.143 0.143 0.143 0.145 0.145 0.145 0.145 0.145 0.145 0.145 0.1425 0.1425 0.1445 0.1445 0.15 0.15 0.15 0.145 0.145 0.152 0.152 0.156 0.156 0.156 0.1605 0.1605 0.163 0.163 0.1615 0.1615 0.1615 0.152 0.152 0.1205 0.1205 0.1285 0.1285 0.1285 0.129
0.151 0.151 0.1585 0.1585 0.1545 0.1545 0.1435 0.1435 0.1435 0.1425 0.1425 0.15 0.15 0.1585 0.1585 0.147 0.147 0.147 0.15 0.15 0.1555 0.1555 0.1525 0.1525 0.1525 0.1535 0.1535 0.15 0.15 0.1405 0.1405 0.1405 0.146 0.146 0.151 0.151 0.144 0.144 0.144 0.1535 0.1535 0.1525 0.1525 0.16 0.16 0.16 0.158 0.158 0.157 0.157 0.157 0.157 0.16 0.16 0.16 0.1645 0.1645 0.194 0.194 0.1915 0.1915 0.1915 0.168 0.168 0.154 0.154 0.153 0.153 0.153 0.154 0.154 0.125 0.125 0.1225 0.1225 0.1225 0.1105
0.151 0.151 0.1585 0.1585 0.1545 0.1545 0.1435 0.1435 0.1435 0.1425 0.1425 0.15 0.15 0.1585 0.1585 0.147 0.147 0.147 0.15 0.15 0.1555 0.1555 0.1525 0.1525 0.1525 0.1535 0.1535 0.15 0.15 0.1405 0.1405 0.1405 0.146 0.146 0.151 0.151 0.144 0.144 0.144 0.1535 0.1535 0.1525 0.1525 0.16 0.16 0.16 0.158 0.158 0.157 0.157 0.157 0.157 0.16 0.16 0.16 0.1645 0.1645 0.194 0.194 0.1915 0.1915 0.1915 0.168 0.168 0.154 0.154 0.153 0.153 0.153 0.154 0.154 0.125 0.125 0.1225 0.1225 0.1225 0.1105
0.1535 0.1535 0.156 0.156 0.1485 0.1485 0.152 0.152 0.152 0.1555 0.1555 0.162 0.162 0.158 0.158 0.16 0.16 0.16 0.1485 0.1485 0.152 0.152 0.1635 0.1635 0.1635 0.1605 0.1605 0.1595 0.1595 0.1525 0.1525 0.1525 0.1545 0.1545 0.16 0.16 0.16 0.16 0.16 0.155 0.155 0.154 0.154 0.179 0.179 0.179 0.1785 0.1785 0.1745 0.1745 0.181 0.181 0.2035 0.2035 0.2035 0.1845 0.1845 0.178 0.178 0.181 0.181 0.181 0.1685 0.1685 0.1555 0.1555 0.1545 0.1545 0.1545 0.1495 0.1495 0.1235 0.1235 0.1265 0.1265 0.1265 0.1105
0.1535 0.1535 0.156 0.156 0.1485 0.1485 0.152 0.152 0.152 0.1555 0.1555 0.162 0.162 0.158 0.158 0.16 0.16 0.16 0.1485 0.1485 0.152 0.152 0.1635 0.1635 0.1635 0.1605 0.1605 0.1595 0.1595 0.1525 0.1525 0.1525 0.1545 0.1545 0.16 0.16 0.16 0.16 0.16 0.155 0.155 0.154 0.154 0.179 0.179 0.179 0.1785 0.1785 0.1745 0.1745 0.181 0.181 0.2035 0.2035 0.2035 0.1845 0.1845 0.178 0.178 0.181 0.181 0.181 0.1685 0.1685 0.1555 0.1555 0.1545 0.1545 0.1545 0.1495 0.1495 0.1235 0.1235 0.1265 0.1265 0.1265 0.1105
0.166 0.166 0.1515 0.1515 0.156 0.156 0.152 0.152 0.152 0.1525 0.1525 0.1615 0.1615 0.1715 0.1715 0.162 0.162 0.162 0.152 0.152 0.1505 0.1505 0.155 0.155 0.155 0.1615 0.1615 0.1625 0.1625 0.165 0.165 0.165 0.1615 0.1615 0.168 0.168 0.1665 0.1665 0.1665 0.1655 0.1655 0.173 0.173 0.188 0.188 0.188 0.1905 0.1905 0.1675 0.1675 0.1775 0.1775 0.203 0.203 0.203 0.1815 0.1815 0.1865 0.1865 0.172 0.172 0.172 0.1505 0.1505 0.1365 0.1365 0.1455 0.1455 0.1455 0.129 0.129 0.1205 0.1205 0.121 0.121 0.121 0.132
0.166 0.166 0.1515 0.1515 0.156 0.156 0.152 0.152 0.152 0.1525 0.1525 0.1615 0.1615 0.1715 0.1715 0.162 0.162 0.162 0.152 0.152 0.1505 0.1505 0.155 0.155 0.155 0.1615 0.1615 0.1625 0.1625 0.165 0.165 0.165 0.1615 0.1615 0.168 0.168 0.1665 0.1665 0.1665 0.1655 0.1655 0.173 0.173 0.188 0.188 0.188 0.1905 0.1905 0.1675 0.1675 0.1775 0.1775 0.203 0.203 0.203 0.1815 0.1815 0.1865 0.1865 0.172 0.172 0.172 0.1505 0.1505 0.1365 0.1365 0.1455 0.1455 0.1455 0.129 0.129 0.1205 0.1205 0.121 0.121 0.121 0.132
0.166 0.166 0.1515 0.1515 0.156 0.156 0.152 0.152 0.152 0.1525 0.1525 0.1615 0.1615 0.1715 0.1715 0.162 0.162 0.162 0.152 0.152 0.1505 0.1505 0.155 0.155 0.155 0.1615 0.1615 0.1625 0.1625 0.165 0.165 0.165 0.1615 0.1615 0.168 0.168 0.1665 0.1665 0.1665 0.1655 0.1655 0.173 0.173 0.188 0.188 0.188 0.1905 0.1905 0.1675 0.1675 0.1775 0.1775 0.203 0.203 0.203 0.1815 0.1815 0.1865 0.1865 0.172 0.172 0.172 0.1505 0.1505 0.1365 0.1365 0.1455 0.1455 0.1455 0.129 0.129 0.1205 0.1205 0.121 0.121 0.121 0.132
0.176 0.176 0.1665 0.1665 0.1485 0.1485 0.1455 0.1455 0.1455 0.1545 0.1545 0.1615 0.1615 0.173 0.173 0.1695 0.1695 0.1695 0.1675 0.1675 0.151 0.151 0.1605 0.1605 0.1605 0.1615 0.1615 0.165 0.165 0.162 0.162 0.162 0.174 0.174 0.1745 0.1745 0.1735 0.1735 0.1735 0.179 0.179 0.1775 0.1775 0.1795 0.1795 0.1795 0.1615 0.1615 0.1695 0.1695 0.1565 0.1565 0.18 0.18 0.18 0.1755 0.1755 0.1545 0.1545 0.1565 0.1565 0.1565 0.1635 0.1635 0.127 0.127 0.149 0.149 0.149 0.141 0.141 0.114 0.114 0.1025 0.1025 0.1025 0.0975
0.176 0.176 0.1665 0.1665 0.1485 0.1485 0.1455 0.1455 0.1455 0.1545 0.1545 0.1615 0.1615 0.173 0.173 0.1695 0.1695 0.1695 0.1675 0.1675 0.151 0.151 0.1605 0.1605 0.1605 0.1615 0.1615 0.165 0.165 0.162 0.162 0.162 0.174 0.174 0.1745 0.1745 0.1735 0.1735 0.1735 0.179 0.179 0.1775 0.1775 0.1795 0.1795 0.1795 0.1615 0.1615 0.1695 0.1695 0.1565 0.1565 0.18 0.18 0.18 0.1755 0.1755 0.1545 0.1545 0.1565 0.1565 0.1565 0.1635 0.1635 0.127 0.127 0.149 0.149 0.149 0.141 0.141 0.114 0.114 0.1025 0.1025 0.1025 0.0975
0.167 0.167 0.1695 0.1695 0.154 0.154 0.149 0.149 0.149 0.151 0.151 0.1455 0.1455 0.1555 0.1555 0.1615 0.1615 0.1615 0.155 0.155 0.1605 0.1605 0.163 0.163 0.163 0.164 0.164 0.164 0.164 0.175 0.175 0.175 0.191 0.191 0.202 0.202 0.1725 0.1725 0.1725 0.1245 0.1245 0.1535 0.1535 0.149 0.149 0.149 0.1615 0.1615 0.195 0.195 0.187 0.187 0.1705 0.1705 0.1705 0.16 0.16 0.156 0.156 0.1495 0.1495 0.1495 0.1385 0.1385 0.1335 0.1335 0.1445 0.1445 0.1445 0.1465 0.1465 0.14 0.14 0.1125 0.1125 0.1125 0.1035
0.167 0.167 0.1695 0.1695 0.154 0.154 0.149 0.149 0.149 0.151 0.151 0.1455 0.1455 0.1555 0.1555 0.1615 0.1615 0.1615 0.155 0.155 0.1605 0.1605 0.163 0.163 0.163 0.164 0.164 0.164 0.164 0.175 0.175 0.175 0.191 0.191 0.202 0.202 0.1725 0.1725 0.1725 0.1245 0.1245 0.1535 0.1535 0.149 0.149 0.149 0.1615 0.1615 0.195 0.195 0.187 0.187 0.1705 0.1705 0.1705 0.16 0.16 0.156 0.156 0.1495 0.1495 0.1495 0.1385 0.1385 0.1335 0.1335 0.1445 0.1445 0.1445 0.1465 0.1465 0.14 0.14 0.1125 0.1125 0.1125 0.1035
0.179 0.179 0.1645 0.1645 0.17 0.17 0.1525 0.1525 0.1525 0.156 0.156 0.146 0.146 0.1565 0.1565 0.1805 0.1805 0.1805 0.183 0.183 0.1885 0.1885 0.1935 0.1935 0.1935 0.183 0.183 0.1855 0.1855 0.178 0.178 0.178 0.2225 0.2225 0.218 0.218 0.1605 0.1605 0.1605 0.1445 0.1445 0.163 0.163 0.1595 0.1595 0.1595 0.1695 0.1695 0.193 0.193 0.166 0.166 0.1755 0.1755 0.1755 0.1605 0.1605 0.153 0.153 0.151 0.151 0.151 0.157 0.157 0.159 0.159 0.171 0.171 0.171 0.1755 0.1755 0.159 0.159 0.1215 0.1215 0.1215 0.117
0.179 0.179 0.1645 0.1645 0.17 0.17 0.1525 0.1525 0.1525 0.156 0.156 0.146 0.146 0.1565 0.1565 0.1805 0.1805 0.1805 0.183 0.183 0.1885 0.1885 0.1935 0.1935 0.1935 0.183 0.183 0.1855 0.1855 0.178 0.178 0.178 0.2225 0.2225 0.218 0.218 0.1605 0.1605 0.1605 0.1445 0.1445 0.163 0.163 0.1595 0.1595 0.1595 0.1695 0.1695 0.193 0.193 0.166 0.166 0.1755 0.1755 0.1755 0.1605 0.1605 0.153 0.153 0.151 0.151 0.151 0.157 0.157 0.159 0.159 0.171 0.171 0.171 0.1755 0.1755 0.159 0.159 0.1215 0.1215 0.1215 0.117
0.179 0.179 0.1645 0.1645 0.17 0.17 0.1525 0.1525 0.1525 0.156 0.156 0.146 0.146 0.1565 0.1565 0.1805 0.1805 0.1805 0.183 0.183 0.1885 0.1885 0.1935 0.1935 0.1935 0.183 0.183 0.1855 0.1855 0.178 0.178 0.178 0.2225 0.2225 0.218 0.218 0.1605 0.1605 0.1605 0.1445 0.1445 0.163 0.163 0.1595 0.1595 0.1595 0.1695 0.1695 0.193 0.193 0.166 0.166 0.1755 0.1755 0.1755 0.1605 0.1605 0.153 0.153 0.151 0.151 0.151 0.157 0.157 0.159 0.159 0.171 0.171 0.171 0.1755 0.1755 0.159 0.159 0.1215 0.1215 0.1215 0.117
0.174 0.174 0.178 0.178 0.1795 0.1795 0.183 0.183 0.183 0.195 0.195 0.193 0.193 0.1925 0.1925 0.194 0.194 0.194 0.198 0.198 0.1965 0.1965 0.205 0.205 0.205 0.2065 0.2065 0.2 0.2 0.195 0.195 0.195 0.1715 0.1715 0.1985 0.1985 0.17 0.17 0.17 0.136 0.136 0.1255 0.1255 0.138 0.138 0.138 0.167 0.167 0.1355 0.1355 0.162 0.162 0.1585 0.1585 0.1585 0.1485 0.1485 0.1685 0.1685 0.178 0.178 0.178 0.1775 0.1775 0.1885 0.1885 0.177 0.177 0.177 0.1805 0.1805 0.181 0.181 0.143 0.143 0.143 0.1165
0.174 0.174 0.178 0.178 0.1795 0.1795 0.183 0.183 0.183 0.195 0.195 0.193 0.193 0.1925 0.1925 0.194 0.194 0.194 0.198 0.198 0.1965 0.1965 0.205 0.205 0.205 0.2065 0.2065 0.2 0.2 0.195 0.195 0.195 0.1715 0.1715 0.1985 0.1985 0.17 0.17 0.17 0.136 0.136 0.1255 0.1255 0.138 0.138 0.138 0.167 0.167 0.1355 0.1355 0.162 0.162 0.1585 0.1585 0.1585 0.1485 0.1485 0.1685 0.1685 0.178 0.178 0.178 0.1775 0.1775 0.1885 0.1885 0.177 0.177 0.177 0.1805 0.1805 0.181 0.181 0.143 0.143 0.143 0.1165
0.1915 0.1915 0.1835 0.1835 0.1915 0.1915 0.193 0.193 0.193 0.1975 0.1975 0.201 0.201 0.194 0.194 0.196 0.196 0.196 0.202 0.202 0.207 0.207 0.216 0.216 0.216 0.208 0.208 0.196 0.196 0.189 0.189 0.189 0.1605 0.1605 0.199 0.199 0.1655 0.1655 0.1655 0.178 0.178 0.143 0.143 0.1335 0.1335 0.1335 0.1375 0.1375 0.1515 0.1515 0.168 0.168 0.1765 0.1765 0.1765 0.1855 0.1855 0.2 0.2 0.2 0.2 0.2 0.2165 0.2165 0.213 0.213 0.1655 0.1655 0.1655 0.176 0.176 0.1755 0.1755 0.1535 0.1535 0.1535 0.099
0.1915 0.1915 0.1835 0.1835 0.1915 0.1915 0.193 0.193 0.193 0.1975 0.1975 0.201 0.201 0.194 0.194 0.196 0.196 0.196 0.202 0.202 0.207 0.207 0.216 0.216 0.216 0.208 0.208 0.196 0.196 0.189 0.189 0.189 0.1605 0.1605 0.199 0.199 0.1655 0.1655 0.1655 0.178 0.178 0.143 0.143 0.1335 0.1335 0.1335 0.1375 0.1375 0.1515 0.1515 0.168 0.168 0.1765 0.1765 0.1765 0.1855 0.1855 0.2 0.2 0.2 0.2 0.2 0.2165 0.2165 0.213 0.213 0.1655 0.1655 0.1655 0.176 0.176 0.1755 0.1755 0.1535 0.1535 0.1535 0.099
0.222 0.222 0.223 0.223 0.2055 0.2055 0.2075 0.2075 0.2075 0.2035 0.2035 0.2065 0.2065 0.208 0.208 0.2055 0.2055 0.2055 0.2085 0.2085 0.204 0.204 0.196 0.196 0.196 0.1895 0.1895 0.196 0.196 0.1665 0.1665 0.1665 0.164 0.164 0.1695 0.1695 0.168 0.168 0.168 0.152 0.152 0.11 0.11 0.1235 0.1235 0.1235 0.1395 0.1395 0.156 0.156 0.176 0.176 0.186 0.186 0.186 0.2075 0.2075 0.188 0.188 0.19 0.19 0.19 0.2055 0.2055 0.2095 0.2095 0.1785 0.1785 0.1785 0.146 0.146 0.1605 0.1605 0.1365 0.1365 0.1365 0.094
0.222 0.222 0.223 0.223 0.2055 0.2055 0.2075 0.2075 0.2075 0.2035 0.2035 0.2065 0.2065 0.208 0.208 0.2055 0.2055 0.2055 0.2085 0.2085 0.204 0.204 0.196 0.196 0.196 0.1895 0.1895 0.196 0.196 0.1665 0.1665 0.1665 0.164 0.164 0.1695 0.1695 0.168 0.168 0.168 0.152 0.152 0.11 0.11 0.1235 0.1235 0.1235 0.1395 0.1395 0.156 0.156 0.176 0.176 0.186 0.186 0.186 0.2075 0.2075 0.188 0.188 0.19 0.19 0.19 0.2055 0.2055 0.2095 0.2095 0.1785 0.1785 0.1785 0.146 0.146 0.1605 0.1605 0.1365 0.1365 0.1365 0.094
0.227 0.227 0.2105 0.2105 0.2 0.2 0.207 0.207 0.207 0.201 0.201 0.202 0.202 0.203 0.203 0.211 0.211 0.211 0.2095 0.2095 0.207 0.207 0.1975 0.1975 0.1975 0.203 0.203 0.1945 0.1945 0.1905 0.1905 0.1905 0.174 0.174 0.165 0.165 0.1735 0.1735 0.1735 0.1555 0.1555 0.15 0.15 0.14 0.14 0.14 0.1275 0.1275 0.133 0.133 0.141 0.141 0.181 0.181 0.181 0.1935 0.1935 0.1855 0.1855 0.203 0.203 0.203 0.2095 0.2095 0.2115 0.2115 0.1995 0.1995 0.1995 0.1575 0.1575 0.156 0.156 0.1375 0.1375 0.1375 0.1025
0.227 0.227 0.2105 0.2105 0.2 0.2 0.207 0.207 0.207 0.201 0.201 0.202 0.202 0.203 0.203 0.211 0.211 0.211 0.2095 0.2095 0.207 0.207 0.1975 0.1975 0.1975 0.203 0.203 0.1945 0.1945 0.1905 0.1905 0.1905 0.174 0.174 0.165 0.165 0.1735 0.1735 0.1735 0.1555 0.1555 0.15 0.15 0.14 0.14 0.14 0.1275 0.1275 0.133 0.133 0.141 0.141 0.181 0.181 0.181 0.1935 0.1935 0.1855 0.1855 0.203 0.203 0.203 0.2095 0.2095 0.2115 0.2115 0.1995 0.1995 0.1995 0.1575 0.1575 0.156 0.156 0.1375 0.1375 0.1375 0.1025
0.227 0.227 0.2105 0.2105 0.2 0.2 0.207 0.207 0.207 0.201 0.201 0.202 0.202 0.203 0.203 0.211 0.211 0.211 0.2095 0.2095 0.207 0.207 0.1975 0.1975 0.1975 0.203 0.203 0.1945 0.1945 0.1905 0.1905 0.1905 0.174 0.174 0.165 0.165 0.1735 0.1735 0.1735 0.1555 0.1555 0.15 0.15 0.14 0.14 0.14 0.1275 0.1275 0.133 0.133 0.141 0.141 0.181 0.181 0.181 0.1935 0.1935 0.1855 0.1855 0.203 0.203 0.203 0.2095 0.2095 0.2115 0.2115 0.1995 0.1995 0.1995 0.1575 0.1575 0.156 0.156 0.1375 0.1375 0.1375 0.1025
0.212 0.212 0.2025 0.2025 0.1945 0.1945 0.207 0.207 0.207 0.212 0.212 0.195 0.195 0.2 0.2 0.1985 0.1985 0.1985 0.1655 0.1655 0.202 0.202 0.21 0.21 0.21 0.2025 0.2025 0.212 0.212 0.196 0.196 0.196 0.184 0.184 0.1665 0.1665 0.171 0.171 0.171 0.1425 0.1425 0.124 0.124 0.153 0.153 0.153 0.148 0.148 0.1085 0.1085 0.1145 0.1145 0.103 0.103 0.103 0.1115 0.1115 0.1535 0.1535 0.202 0.202 0.202 0.2005 0.2005 0.184 0.184 0.1805 0.1805 0.1805 0.1725 0.1725 0.1945 0.1945 0.151 0.151 0.151 0.114
0.212 0.212 0.2025 0.2025 0.1945 0.1945 0.207 0.207 0.207 0.212 0.212 0.195 0.195 0.2 0.2 0.1985 0.1985 0.1985 0.1655 0.1655 0.202 0.202 0.21 0.21 0.21 0.2025 0.2025 0.212 0.212 0.196 0.196 0.196 0.184 0.184 0.1665 0.1665 0.171 0.171 0.171 0.1425 0.1425 0.124 0.124 0.153 0.153 0.153 0.148 0.148 0.1085 0.1085 0.1145 0.1145 0.103 0.103 0.103 0.1115 0.1115 0.1535 0.1535 0.202 0.202 0.202 0.2005 0.2005 0.184 0.184 0.1805 0.1805 0.1805 0.1725 0.1725 0.1945 0.1945 0.151 0.151 0.151 0.114
0.226 0.226 0.2615 0.2615 0.266 0.266 0.252 0.252 0.252 0.249 0.249 0.2145 0.2145 0.1915 0.1915 0.182 0.182 0.182 0.172 0.172 0.1825 0.1825 0.2085 0.2085 0.2085 0.2035 0.2035 0.1875 0.1875 0.178 0.178 0.178 0.175 0.175 0.179 0.179 0.1695 0.1695 0.1695 0.1605 0.1605 0.1265 0.1265 0.1355 0.1355 0.1355 0.141 0.141 0.1115 0.1115 0.118 0.118 0.108 0.108 0.108 0.1335 0.1335 0.1585 0.1585 0.1995 0.1995 0.1995 0.207 0.207 0.188 0.188 0.1835 0.1835 0.1835 0.174 0.174 0.1715 0.1715 0.1405 0.1405 0.1405 0.1105
0.226 0.226 0.2615 0.2615 0.266 0.266 0.252 0.252 0.252 0.249 0.249 0.2145 0.2145 0.1915 0.1915 0.182 0.182 0.182 0.172 0.172 0.1825 0.1825 0.2085 0.2085 0.2085 0.2035 0.2035 0.1875 0.1875 0.178 0.178 0.178 0.175 0.175 0.179 0.179 0.1695 0.1695 0.1695 0.1605 0.1605 0.1265 0.1265 0.1355 0.1355 0.1355 0.141 0.141 0.1115 0.1115 0.118 0.118 0.108 0.108 0.108 0.1335 0.1335 0.1585 0.1585 0.1995 0.1995 0.1995 0.207 0.207 0.188 0.188 0.1835 0.1835 0.1835 0.174 0.174 0.1715 0.1715 0.1405 0.1405 0.1405 0.1105
0.243 0.243 0.2595 0.2595 0.2275 0.2275 0.2265 0.2265 0.2265 0.218 0.218 0.228 0.228 0.2285 0.2285 0.2555 0.2555 0.2555 0.226 0.226 0.2215 0.2215 0.2125 0.2125 0.2125 0.1945 0.1945 0.211 0.211 0.188 0.188 0.188 0.181 0.181 0.1705 0.1705 0.1725 0.1725 0.1725 0.1615 0.1615 0.149 0.149 0.1175 0.1175 0.1175 0.121 0.121 0.106 0.106 0.112 0.112 0.138 0.138 0.138 0.1565 0.1565 0.1685 0.1685 0.1945 0.1945 0.1945 0.183 0.183 0.195 0.195 0.1645 0.1645 0.1645 0.192 0.192 0.1755 0.1755 0.139 0.139 0.139 0.131
0.243 0.243 0.2595 0.2595 0.2275 0.2275 0.2265 0.2265 0.2265 0.218 0.218 0.228 0.228 0.2285 0.2285 0.2555 0.2555 0.2555 0.226 0.226 0.2215 0.2215 0.2125 0.2125 0.2125 0.1945 0.1945 0.211 0.211 0.188 0.188 0.188 0.181 0.181 0.1705 0.1705 0.1725 0.1725 0.1725 0.1615 0.1615 0.149 0.149 0.1175 0.1175 0.1175 0.121 0.121 0.106 0.106 0.112 0.112 0.138 0.138 0.138 0.1565 0.1565 0.1685 0.1685 0.1945 0.1945 0.1945 0.183 0.183 0.195 0.195 0.1645 0.1645 0.1645 0.192 0.192 0.1755 0.1755 0.139 0.139 0.139 0.131
0.243 0.243 0.2595 0.2595 0.2275 0.2275 0.2265 0.2265 0.2265 0.218 0.218 0.228 0.228 0.2285 0.2285 0.2555 0.2555 0.2555 0.226 0.226 0.2215 0.2215 0.2125 0.2125 0.2125 0.1945 0.1945 0.211 0.211 0.188 0.188 0.188 0.181 0.181 0.1705 0.1705 0.1725 0.1725 0.1725 0.1615 0.1615 0.149 0.149 0.1175 0.1175 0.1175 0.121 0.121 0.106 0.106 0.112 0.112 0.138 0.138 0.138 0.1565 0.1565 0.1685 0.1685 0.1945 0.1945 0.1945 0.183 0.183 0.195 0.195 0.1645 0.1645 0.1645 0.192 0.192 0.1755 0.1755 0.139 0.139 0.139 0.131
0.213 0.213 0.2055 0.2055 0.2015 0.2015 0.2015 0.2015 0.2015 0.2095 0.2095 0.2145 0.2145 0.209 0.209 0.202 0.202 0.202 0.2415 0.2415 0.2325 0.2325 0.2255 0.2255 0.2255 0.2095 0.2095 0.2145 0.2145 0.2035 0.2035 0.2035 0.1855 0.1855 0.1695 0.1695 0.1695 0.1695 0.1695 0.1765 0.1765 0.1895 0.1895 0.181 0.181 0.181 0.127 0.127 0.1505 0.1505 0.1435 0.1435 0.15 0.15 0.15 0.1745 0.1745 0.162 0.162 0.193 0.193 0.193 0.1825 0.1825 0.1965 0.1965 0.177 0.177 0.177 0.205 0.205 0.1755 0.1755 0.152 0.152 0.152 0.107
