ndvi/NOAA-111.asc
ncols         252
nrows         154
xllcorner     -18.017974
yllcorner     13.481982
cellsize      0.035948
NODATA_value  -9999
[rows 68 to 101 of 154, columns 154 to 230 of 252]
0.141 0.165 0.165 0.148 0.148 0.148 0.1485 0.1485 0.156 0.156 0.188 0.188 0.2095 0.2095 0.2095 0.229 0.229 0.22 0.22 0.2185 0.2185 0.2185 0.2245 0.2245 0.2165 0.2165 0.196 0.196 0.196 0.214 0.214 0.2095 0.2095 0.2015 0.2015 0.2015 0.202 0.202 0.202 0.202 0.2045 0.2045 0.2045 0.2095 0.2095 0.204 0.204 0.2045 0.2045 0.2095 0.2095 0.2095 0.2065 0.2065 0.2055 0.2055 0.209 0.209 0.209 0.228 0.228 0.2035 0.2035 0.2055 0.2055 0.2055 0.186 0.186 0.2085 0.2085 0.2115 0.2115 0.2115 0.198 0.198 0.192 0.192
0.1515 0.1725 0.1725 0.156 0.156 0.156 0.152 0.152 0.1755 0.1755 0.1555 0.1555 0.2185 0.2185 0.2185 0.2135 0.2135 0.2095 0.2095 0.2165 0.2165 0.2165 0.2155 0.2155 0.222 0.222 0.212 0.212 0.212 0.2015 0.2015 0.205 0.205 0.21 0.21 0.21 0.2055 0.2055 0.2045 0.2045 0.2 0.2 0.2 0.206 0.206 0.2015 0.2015 0.2005 0.2005 0.2105 0.2105 0.2105 0.207 0.207 0.2225 0.2225 0.2165 0.2165 0.2165 0.215 0.215 0.2215 0.2215 0.2145 0.2145 0.2145 0.186 0.186 0.2035 0.2035 0.2115 0.2115 0.2115 0.198 0.198 0.2 0.2
0.1515 0.1725 0.1725 0.156 0.156 0.156 0.152 0.152 0.1755 0.1755 0.1555 0.1555 0.2185 0.2185 0.2185 0.2135 0.2135 0.2095 0.2095 0.2165 0.2165 0.2165 0.2155 0.2155 0.222 0.222 0.212 0.212 0.212 0.2015 0.2015 0.205 0.205 0.21 0.21 0.21 0.2055 0.2055 0.2045 0.2045 0.2 0.2 0.2 0.206 0.206 0.2015 0.2015 0.2005 0.2005 0.2105 0.2105 0.2105 0.207 0.207 0.2225 0.2225 0.2165 0.2165 0.2165 0.215 0.215 0.2215 0.2215 0.2145 0.2145 0.2145 0.186 0.186 0.2035 0.2035 0.2115 0.2115 0.2115 0.198 0.198 0.2 0.2
0.17 0.1795 0.1795 0.1865 0.1865 0.1865 0.1715 0.1715 0.1755 0.1755 0.159 0.159 0.2145 0.2145 0.2145 0.2195 0.2195 0.2145 0.2145 0.2185 0.2185 0.2185 0.2115 0.2115 0.2075 0.2075 0.205 0.205 0.205 0.208 0.208 0.204 0.204 0.211 0.211 0.211 0.2055 0.2055 0.199 0.199 0.198 0.198 0.198 0.212 0.212 0.212 0.212 0.211 0.211 0.221 0.221 0.221 0.221 0.221 0.217 0.217 0.208 0.208 0.208 0.2175 0.2175 0.222 0.222 0.209 0.209 0.209 0.206 0.206 0.1945 0.1945 0.202 0.202 0.202 0.193 0.193 0.2105 0.2105
0.17 0.1795 0.1795 0.1865 0.1865 0.1865 0.1715 0.1715 0.1755 0.1755 0.159 0.159 0.2145 0.2145 0.2145 0.2195 0.2195 0.2145 0.2145 0.2185 0.2185 0.2185 0.2115 0.2115 0.2075 0.2075 0.205 0.205 0.205 0.208 0.208 0.204 0.204 0.211 0.211 0.211 0.2055 0.2055 0.199 0.199 0.198 0.198 0.198 0.212 0.212 0.212 0.212 0.211 0.211 0.221 0.221 0.221 0.221 0.221 0.217 0.217 0.208 0.208 0.208 0.2175 0.2175 0.222 0.222 0.209 0.209 0.209 0.206 0.206 0.1945 0.1945 0.202 0.202 0.202 0.193 0.193 0.2105 0.2105
0.17 0.1795 0.1795 0.1865 0.1865 0.1865 0.1715 0.1715 0.1755 0.1755 0.159 0.159 0.2145 0.2145 0.2145 0.2195 0.2195 0.2145 0.2145 0.2185 0.2185 0.2185 0.2115 0.2115 0.2075 0.2075 0.205 0.205 0.205 0.208 0.208 0.204 0.204 0.211 0.211 0.211 0.2055 0.2055 0.199 0.199 0.198 0.198 0.198 0.212 0.212 0.212 0.212 0.211 0.211 0.221 0.221 0.221 0.221 0.221 0.217 0.217 0.208 0.208 0.208 0.2175 0.2175 0.222 0.222 0.209 0.209 0.209 0.206 0.206 0.1945 0.1945 0.202 0.202 0.202 0.193 0.193 0.2105 0.2105
0.1755 0.1865 0.1865 0.1955 0.1955 0.1955 0.184 0.184 0.176 0.176 0.1645 0.1645 0.2115 0.2115 0.2115 0.218 0.218 0.213 0.213 0.211 0.211 0.211 0.2095 0.2095 0.209 0.209 0.2135 0.2135 0.2135 0.218 0.218 0.2175 0.2175 0.2095 0.2095 0.2095 0.216 0.216 0.217 0.217 0.2155 0.2155 0.2155 0.227 0.227 0.2315 0.2315 0.227 0.227 0.2245 0.2245 0.2245 0.2205 0.2205 0.211 0.211 0.2015 0.2015 0.2015 0.2135 0.2135 0.216 0.216 0.2185 0.2185 0.2185 0.213 0.213 0.193 0.193 0.189 0.189 0.189 0.207 0.207 0.208 0.208
0.1755 0.1865 0.1865 0.1955 0.1955 0.1955 0.184 0.184 0.176 0.176 0.1645 0.1645 0.2115 0.2115 0.2115 0.218 0.218 0.213 0.213 0.211 0.211 0.211 0.2095 0.2095 0.209 0.209 0.2135 0.2135 0.2135 0.218 0.218 0.2175 0.2175 0.2095 0.2095 0.2095 0.216 0.216 0.217 0.217 0.2155 0.2155 0.2155 0.227 0.227 0.2315 0.2315 0.227 0.227 0.2245 0.2245 0.2245 0.2205 0.2205 0.211 0.211 0.2015 0.2015 0.2015 0.2135 0.2135 0.216 0.216 0.2185 0.2185 0.2185 0.213 0.213 0.193 0.193 0.189 0.189 0.189 0.207 0.207 0.208 0.208
0.1575 0.1775 0.1775 0.177 0.177 0.177 0.176 0.176 0.1705 0.1705 0.1635 0.1635 0.203 0.203 0.203 0.225 0.225 0.2245 0.2245 0.227 0.227 0.227 0.218 0.218 0.218 0.218 0.228 0.228 0.228 0.2235 0.2235 0.225 0.225 0.2215 0.2215 0.2215 0.222 0.222 0.2255 0.2255 0.232 0.232 0.232 0.2325 0.2325 0.2365 0.2365 0.2185 0.2185 0.2255 0.2255 0.2255 0.2235 0.2235 0.2015 0.2015 0.2135 0.2135 0.2135 0.2005 0.2005 0.209 0.209 0.2115 0.2115 0.2115 0.2235 0.2235 0.228 0.228 0.202 0.202 0.202 0.1965 0.1965 0.208 0.208
0.1575 0.1775 0.1775 0.177 0.177 0.177 0.176 0.176 0.1705 0.1705 0.1635 0.1635 0.203 0.203 0.203 0.225 0.225 0.2245 0.2245 0.227 0.227 0.227 0.218 0.218 0.218 0.218 0.228 0.228 0.228 0.2235 0.2235 0.225 0.225 0.2215 0.2215 0.2215 0.222 0.222 0.2255 0.2255 0.232 0.232 0.232 0.2325 0.2325 0.2365 0.2365 0.2185 0.2185 0.2255 0.2255 0.2255 0.2235 0.2235 0.2015 0.2015 0.2135 0.2135 0.2135 0.2005 0.2005 0.209 0.209 0.2115 0.2115 0.2115 0.2235 0.2235 0.228 0.228 0.202 0.202 0.202 0.1965 0.1965 0.208 0.208
0.144 0.1595 0.1595 0.1635 0.1635 0.1635 0.1565 0.1565 0.159 0.159 0.1675 0.1675 0.202 0.202 0.202 0.2025 0.2025 0.216 0.216 0.2105 0.2105 0.2105 0.202 0.202 0.217 0.217 0.219 0.219 0.219 0.215 0.215 0.2175 0.2175 0.2165 0.2165 0.2165 0.2155 0.2155 0.2255 0.2255 0.227 0.227 0.227 0.2255 0.2255 0.2195 0.2195 0.207 0.207 0.2155 0.2155 0.2155 0.2265 0.2265 0.2235 0.2235 0.2185 0.2185 0.2185 0.216 0.216 0.22 0.22 0.2265 0.2265 0.2265 0.231 0.231 0.219 0.219 0.2155 0.2155 0.2155 0.2025 0.2025 0.212 0.212
0.144 0.1595 0.1595 0.1635 0.1635 0.1635 0.1565 0.1565 0.159 0.159 0.1675 0.1675 0.202 0.202 0.202 0.2025 0.2025 0.216 0.216 0.2105 0.2105 0.2105 0.202 0.202 0.217 0.217 0.219 0.219 0.219 0.215 0.215 0.2175 0.2175 0.2165 0.2165 0.2165 0.2155 0.2155 0.2255 0.2255 0.227 0.227 0.227 0.2255 0.2255 0.2195 0.2195 0.207 0.207 0.2155 0.2155 0.2155 0.2265 0.2265 0.2235 0.2235 0.2185 0.2185 0.2185 0.216 0.216 0.22 0.22 0.2265 0.2265 0.2265 0.231 0.231 0.219 0.219 0.2155 0.2155 0.2155 0.2025 0.2025 0.212 0.212
0.138 0.14 0.14 0.159 0.159 0.159 0.155 0.155 0.1525 0.1525 0.166 0.166 0.2005 0.2005 0.2005 0.2085 0.2085 0.2195 0.2195 0.2075 0.2075 0.2075 0.206 0.206 0.2165 0.2165 0.222 0.222 0.222 0.229 0.229 0.218 0.218 0.2135 0.2135 0.2135 0.2155 0.2155 0.2195 0.2195 0.2175 0.2175 0.2175 0.214 0.214 0.213 0.213 0.2105 0.2105 0.215 0.215 0.215 0.2185 0.2185 0.236 0.236 0.2265 0.2265 0.2265 0.2255 0.2255 0.2265 0.2265 0.2255 0.2255 0.2255 0.227 0.227 0.2285 0.2285 0.224 0.224 0.224 0.2175 0.2175 0.211 0.211
0.138 0.14 0.14 0.159 0.159 0.159 0.155 0.155 0.1525 0.1525 0.166 0.166 0.2005 0.2005 0.2005 0.2085 0.2085 0.2195 0.2195 0.2075 0.2075 0.2075 0.206 0.206 0.2165 0.2165 0.222 0.222 0.222 0.229 0.229 0.218 0.218 0.2135 0.2135 0.2135 0.2155 0.2155 0.2195 0.2195 0.2175 0.2175 0.2175 0.214 0.214 0.213 0.213 0.2105 0.2105 0.215 0.215 0.215 0.2185 0.2185 0.236 0.236 0.2265 0.2265 0.2265 0.2255 0.2255 0.2265 0.2265 0.2255 0.2255 0.2255 0.227 0.227 0.2285 0.2285 0.224 0.224 0.224 0.2175 0.2175 0.211 0.211
0.138 0.14 0.14 0.159 0.159 0.159 0.155 0.155 0.1525 0.1525 0.166 0.166 0.2005 0.2005 0.2005 0.2085 0.2085 0.2195 0.2195 0.2075 0.2075 0.2075 0.206 0.206 0.2165 0.2165 0.222 0.222 0.222 0.229 0.229 0.218 0.218 0.2135 0.2135 0.2135 0.2155 0.2155 0.2195 0.2195 0.2175 0.2175 0.2175 0.214 0.214 0.213 0.213 0.2105 0.2105 0.215 0.215 0.215 0.2185 0.2185 0.236 0.236 0.2265 0.2265 0.2265 0.2255 0.2255 0.2265 0.2265 0.2255 0.2255 0.2255 0.227 0.227 0.2285 0.2285 0.224 0.224 0.224 0.2175 0.2175 0.211 0.211
0.149 0.1685 0.1685 0.167 0.167 0.167 0.161 0.161 0.148 0.148 0.207 0.207 0.204 0.204 0.204 0.2175 0.2175 0.237 0.237 0.2385 0.2385 0.2385 0.228 0.228 0.2225 0.2225 0.219 0.219 0.219 0.226 0.226 0.199 0.199 0.2045 0.2045 0.2045 0.1965 0.1965 0.2075 0.2075 0.2065 0.2065 0.2065 0.207 0.207 0.2115 0.2115 0.2185 0.2185 0.2295 0.2295 0.2295 0.2385 0.2385 0.2335 0.2335 0.233 0.233 0.233 0.235 0.235 0.2285 0.2285 0.2295 0.2295 0.2295 0.2335 0.2335 0.2305 0.2305 0.232 0.232 0.232 0.2295 0.2295 0.216 0.216
0.149 0.1685 0.1685 0.167 0.167 0.167 0.161 0.161 0.148 0.148 0.207 0.207 0.204 0.204 0.204 0.2175 0.2175 0.237 0.237 0.2385 0.2385 0.2385 0.228 0.228 0.2225 0.2225 0.219 0.219 0.219 0.226 0.226 0.199 0.199 0.2045 0.2045 0.2045 0.1965 0.1965 0.2075 0.2075 0.2065 0.2065 0.2065 0.207 0.207 0.2115 0.2115 0.2185 0.2185 0.2295 0.2295 0.2295 0.2385 0.2385 0.2335 0.2335 0.233 0.233 0.233 0.235 0.235 0.2285 0.2285 0.2295 0.2295 0.2295 0.2335 0.2335 0.2305 0.2305 0.232 0.232 0.232 0.2295 0.2295 0.216 0.216
0.158 0.178 0.178 0.18 0.18 0.18 0.1575 0.1575 0.185 0.185 0.2145 0.2145 0.221 0.221 0.221 0.2235 0.2235 0.23 0.23 0.2355 0.2355 0.2355 0.236 0.236 0.2335 0.2335 0.214 0.214 0.214 0.22 0.22 0.206 0.206 0.1995 0.1995 0.1995 0.2075 0.2075 0.214 0.214 0.2225 0.2225 0.2225 0.2255 0.2255 0.2425 0.2425 0.2275 0.2275 0.236 0.236 0.236 0.2315 0.2315 0.2405 0.2405 0.2315 0.2315 0.2315 0.2265 0.2265 0.2255 0.2255 0.234 0.234 0.234 0.2435 0.2435 0.2465 0.2465 0.242 0.242 0.242 0.239 0.239 0.239 0.239
0.158 0.178 0.178 0.18 0.18 0.18 0.1575 0.1575 0.185 0.185 0.2145 0.2145 0.221 0.221 0.221 0.2235 0.2235 0.23 0.23 0.2355 0.2355 0.2355 0.236 0.236 0.2335 0.2335 0.214 0.214 0.214 0.22 0.22 0.206 0.206 0.1995 0.1995 0.1995 0.2075 0.2075 0.214 0.214 0.2225 0.2225 0.2225 0.2255 0.2255 0.2425 0.2425 0.2275 0.2275 0.236 0.236 0.236 0.2315 0.2315 0.2405 0.2405 0.2315 0.2315 0.2315 0.2265 0.2265 0.2255 0.2255 0.234 0.234 0.234 0.2435 0.2435 0.2465 0.2465 0.242 0.242 0.242 0.239 0.239 0.239 0.239
0.195 0.1885 0.1885 0.184 0.184 0.184 0.1745 0.1745 0.1785 0.1785 0.2285 0.2285 0.2295 0.2295 0.2295 0.2205 0.2205 0.2285 0.2285 0.2285 0.2285 0.2285 0.244 0.244 0.2355 0.2355 0.229 0.229 0.229 0.214 0.214 0.2 0.2 0.209 0.209 0.209 0.2095 0.2095 0.2155 0.2155 0.217 0.217 0.217 0.224 0.224 0.2335 0.2335 0.243 0.243 0.2265 0.2265 0.2265 0.234 0.234 0.2335 0.2335 0.2195 0.2195 0.2195 0.222 0.222 0.22 0.22 0.235 0.235 0.235 0.2405 0.2405 0.232 0.232 0.2395 0.2395 0.2395 0.2395 0.2395 0.226 0.226
0.195 0.1885 0.1885 0.184 0.184 0.184 0.1745 0.1745 0.1785 0.1785 0.2285 0.2285 0.2295 0.2295 0.2295 0.2205 0.2205 0.2285 0.2285 0.2285 0.2285 0.2285 0.244 0.244 0.2355 0.2355 0.229 0.229 0.229 0.214 0.214 0.2 0.2 0.209 0.209 0.209 0.2095 0.2095 0.2155 0.2155 0.217 0.217 0.217 0.224 0.224 0.2335 0.2335 0.243 0.243 0.2265 0.2265 0.2265 0.234 0.234 0.2335 0.2335 0.2195 0.2195 0.2195 0.222 0.222 0.22 0.22 0.235 0.235 0.235 0.2405 0.2405 0.232 0.232 0.2395 0.2395 0.2395 0.2395 0.2395 0.226 0.226
0.195 0.1885 0.1885 0.184 0.184 0.184 0.1745 0.1745 0.1785 0.1785 0.2285 0.2285 0.2295 0.2295 0.2295 0.2205 0.2205 0.2285 0.2285 0.2285 0.2285 0.2285 0.244 0.244 0.2355 0.2355 0.229 0.229 0.229 0.214 0.214 0.2 0.2 0.209 0.209 0.209 0.2095 0.2095 0.2155 0.2155 0.217 0.217 0.217 0.224 0.224 0.2335 0.2335 0.243 0.243 0.2265 0.2265 0.2265 0.234 0.234 0.2335 0.2335 0.2195 0.2195 0.2195 0.222 0.222 0.22 0.22 0.235 0.235 0.235 0.2405 0.2405 0.232 0.232 0.2395 0.2395 0.2395 0.2395 0.2395 0.226 0.226
0.1715 0.1805 0.1805 0.196 0.196 0.196 0.1805 0.1805 0.207 0.207 0.2255 0.2255 0.2355 0.2355 0.2355 0.232 0.232 0.237 0.237 0.236 0.236 0.236 0.2255 0.2255 0.2215 0.2215 0.2145 0.2145 0.2145 0.2065 0.2065 0.2045 0.2045 0.206 0.206 0.206 0.233 0.233 0.2265 0.2265 0.228 0.228 0.228 0.2255 0.2255 0.2325 0.2325 0.2335 0.2335 0.2345 0.2345 0.2345 0.229 0.229 0.223 0.223 0.229 0.229 0.229 0.217 0.217 0.2215 0.2215 0.2195 0.2195 0.2195 0.237 0.237 0.2355 0.2355 0.2325 0.2325 0.2325 0.248 0.248 0.2445 0.2445
0.1715 0.1805 0.1805 0.196 0.196 0.196 0.1805 0.1805 0.207 0.207 0.2255 0.2255 0.2355 0.2355 0.2355 0.232 0.232 0.237 0.237 0.236 0.236 0.236 0.2255 0.2255 0.2215 0.2215 0.2145 0.2145 0.2145 0.2065 0.2065 0.2045 0.2045 0.206 0.206 0.206 0.233 0.233 0.2265 0.2265 0.228 0.228 0.228 0.2255 0.2255 0.2325 0.2325 0.2335 0.2335 0.2345 0.2345 0.2345 0.229 0.229 0.223 0.223 0.229 0.229 0.229 0.217 0.217 0.2215 0.2215 0.2195 0.2195 0.2195 0.237 0.237 0.2355 0.2355 0.2325 0.2325 0.2325 0.248 0.248 0.2445 0.2445
0.233 0.197 0.197 0.1825 0.1825 0.1825 0.1905 0.1905 0.2045 0.2045 0.219 0.219 0.2275 0.2275 0.2275 0.24 0.24 0.2335 0.2335 0.232 0.232 0.232 0.2375 0.2375 0.2405 0.2405 0.198 0.198 0.198 0.1995 0.1995 0.2085 0.2085 0.207 0.207 0.207 0.2395 0.2395 0.2345 0.2345 0.2335 0.2335 0.2335 0.2395 0.2395 0.2315 0.2315 0.229 0.229 0.2305 0.2305 0.2305 0.223 0.223 0.2235 0.2235 0.222 0.222 0.222 0.2225 0.2225 0.2235 0.2235 0.234 0.234 0.234 0.233 0.233 0.228 0.228 0.244 0.244 0.244 0.244 0.244 0.2455 0.2455
0.233 0.197 0.197 0.1825 0.1825 0.1825 0.1905 0.1905 0.2045 0.2045 0.219 0.219 0.2275 0.2275 0.2275 0.24 0.24 0.2335 0.2335 0.232 0.232 0.232 0.2375 0.2375 0.2405 0.2405 0.198 0.198 0.198 0.1995 0.1995 0.2085 0.2085 0.207 0.207 0.207 0.2395 0.2395 0.2345 0.2345 0.2335 0.2335 0.2335 0.2395 0.2395 0.2315 0.2315 0.229 0.229 0.2305 0.2305 0.2305 0.223 0.223 0.2235 0.2235 0.222 0.222 0.222 0.2225 0.2225 0.2235 0.2235 0.234 0.234 0.234 0.233 0.233 0.228 0.228 0.244 0.244 0.244 0.244 0.244 0.2455 0.2455
0.2165 0.231 0.231 0.211 0.211 0.211 0.225 0.225 0.2185 0.2185 0.212 0.212 0.2365 0.2365 0.2365 0.2185 0.2185 0.219 0.219 0.2305 0.2305 0.2305 0.219 0.219 0.224 0.224 0.2085 0.2085 0.2085 0.2085 0.2085 0.2185 0.2185 0.23 0.23 0.23 0.227 0.227 0.243 0.243 0.2455 0.2455 0.2455 0.2455 0.2455 0.249 0.249 0.248 0.248 0.225 0.225 0.225 0.2265 0.2265 0.216 0.216 0.2285 0.2285 0.2285 0.2275 0.2275 0.223 0.223 0.234 0.234 0.234 0.2295 0.2295 0.228 0.228 0.23 0.23 0.23 0.2315 0.2315 0.265 0.265
0.2165 0.231 0.231 0.211 0.211 0.211 0.225 0.225 0.2185 0.2185 0.212 0.212 0.2365 0.2365 0.2365 0.2185 0.2185 0.219 0.219 0.2305 0.2305 0.2305 0.219 0.219 0.224 0.224 0.2085 0.2085 0.2085 0.2085 0.2085 0.2185 0.2185 0.23 0.23 0.23 0.227 0.227 0.243 0.243 0.2455 0.2455 0.2455 0.2455 0.2455 0.249 0.249 0.248 0.248 0.225 0.225 0.225 0.2265 0.2265 0.216 0.216 0.2285 0.2285 0.2285 0.2275 0.2275 0.223 0.223 0.234 0.234 0.234 0.2295 0.2295 0.228 0.228 0.23 0.23 0.23 0.2315 0.2315 0.265 0.265
0.2165 0.231 0.231 0.211 0.211 0.211 0.225 0.225 0.2185 0.2185 0.212 0.212 0.2365 0.2365 0.2365 0.2185 0.2185 0.219 0.219 0.2305 0.2305 0.2305 0.219 0.219 0.224 0.224 0.2085 0.2085 0.2085 0.2085 0.2085 0.2185 0.2185 0.23 0.23 0.23 0.227 0.227 0.243 0.243 0.2455 0.2455 0.2455 0.2455 0.2455 0.249 0.249 0.248 0.248 0.225 0.225 0.225 0.2265 0.2265 0.216 0.216 0.2285 0.2285 0.2285 0.2275 0.2275 0.223 0.223 0.234 0.234 0.234 0.2295 0.2295 0.228 0.228 0.23 0.23 0.23 0.2315 0.2315 0.265 0.265
0.2225 0.2105 0.2105 0.242 0.242 0.242 0.2145 0.2145 0.2305 0.2305 0.209 0.209 0.2075 0.2075 0.2075 0.2125 0.2125 0.197 0.197 0.2215 0.2215 0.2215 0.2235 0.2235 0.2 0.2 0.207 0.207 0.207 0.2255 0.2255 0.224 0.224 0.23 0.23 0.23 0.229 0.229 0.2335 0.2335 0.24 0.24 0.24 0.2505 0.2505 0.2455 0.2455 0.2405 0.2405 0.2255 0.2255 0.2255 0.2355 0.2355 0.203 0.203 0.2005 0.2005 0.2005 0.238 0.238 0.2285 0.2285 0.2255 0.2255 0.2255 0.212 0.212 0.2245 0.2245 0.22 0.22 0.22 0.229 0.229 0.249 0.249
0.2225 0.2105 0.2105 0.242 0.242 0.242 0.2145 0.2145 0.2305 0.2305 0.209 0.209 0.2075 0.2075 0.2075 0.2125 0.2125 0.197 0.197 0.2215 0.2215 0.2215 0.2235 0.2235 0.2 0.2 0.207 0.207 0.207 0.2255 0.2255 0.224 0.224 0.23 0.23 0.23 0.229 0.229 0.2335 0.2335 0.24 0.24 0.24 0.2505 0.2505 0.2455 0.2455 0.2405 0.2405 0.2255 0.2255 0.2255 0.2355 0.2355 0.203 0.203 0.2005 0.2005 0.2005 0.238 0.238 0.2285 0.2285 0.2255 0.2255 0.2255 0.212 0.212 0.2245 0.2245 0.22 0.22 0.22 0.229 0.229 0.249 0.249
0.2255 0.205 0.205 0.216 0.216 0.216 0.1925 0.1925 0.217 0.217 0.218 0.218 0.204 0.204 0.204 0.1995 0.1995 0.219 0.219 0.2465 0.2465 0.2465 0.233 0.233 0.2165 0.2165 0.221 0.221 0.221 0.228 0.228 0.2305 0.2305 0.232 0.232 0.232 0.2275 0.2275 0.2315 0.2315 0.2365 0.2365 0.2365 0.237 0.237 0.236 0.236 0.2355 0.2355 0.2305 0.2305 0.2305 0.2165 0.2165 0.2105 0.2105 0.1965 0.1965 0.1965 0.196 0.196 0.2135 0.2135 0.202 0.202 0.202 0.196 0.196 0.2 0.2 0.2155 0.2155 0.2155 0.222 0.222 0.229 0.229
0.2255 0.205 0.205 0.216 0.216 0.216 0.1925 0.1925 0.217 0.217 0.218 0.218 0.204 0.204 0.204 0.1995 0.1995 0.219 0.219 0.2465 0.2465 0.2465 0.233 0.233 0.2165 0.2165 0.221 0.221 0.221 0.228 0.228 0.2305 0.2305 0.232 0.232 0.232 0.2275 0.2275 0.2315 0.2315 0.2365 0.2365 0.2365 0.237 0.237 0.236 0.236 0.2355 0.2355 0.2305 0.2305 0.2305 0.2165 0.2165 0.2105 0.2105 0.1965 0.1965 0.1965 0.196 0.196 0.2135 0.2135 0.202 0.202 0.202 0.196 0.196 0.2 0.2 0.2155 0.2155 0.2155 0.222 0.222 0.229 0.229
0.2205 0.201 0.201 0.1985 0.1985 0.1985 0.195 0.195 0.2005 0.2005 0.2235 0.2235 0.235 0.235 0.235 0.225 0.225 0.2295 0.2295 0.246 0.246 0.246 0.23 0.23 0.2245 0.2245 0.2345 0.2345 0.2345 0.2185 0.2185 0.2195 0.2195 0.213 0.213 0.213 0.214 0.214 0.2225 0.2225 0.224 0.224 0.224 0.227 0.227 0.2265 0.2265 0.2365 0.2365 0.2275 0.2275 0.2275 0.2135 0.2135 0.2075 0.2075 0.2 0.2 0.2 0.196 0.196 0.194 0.194 0.2035 0.2035 0.2035 0.2 0.2 0.2005 0.2005 0.1975 0.1975 0.1975 0.209 0.209 0.2185 0.2185
