ndvi/NOAA-192.asc
ncols         252
nrows         154
xllcorner     -18.017974
yllcorner     13.481982
cellsize      0.035948
NODATA_value  -9999
[rows 68 to 101 of 154, columns 154 to 230 of 252]
0.15 0.187 0.187 0.1545 0.1545 0.1545 0.1465 0.1465 0.1595 0.1595 0.1995 0.1995 0.2145 0.2145 0.2145 0.2425 0.2425 0.2455 0.2455 0.2575 0.2575 0.2575 0.2335 0.2335 0.2315 0.2315 0.22 0.22 0.22 0.2195 0.2195 0.211 0.211 0.2175 0.2175 0.2175 0.218 0.218 0.217 0.217 0.2105 0.2105 0.2105 0.244 0.244 0.234 0.234 0.211 0.211 0.2195 0.2195 0.2195 0.2215 0.2215 0.2415 0.2415 0.231 0.231 0.231 0.2315 0.2315 0.226 0.226 0.212 0.212 0.212 0.2025 0.2025 0.246 0.246 0.215 0.215 0.215 0.2095 0.2095 0.2125 0.2125
0.161 0.156 0.156 0.1545 0.1545 0.1545 0.159 0.159 0.19 0.19 0.175 0.175 0.2295 0.2295 0.2295 0.2235 0.2235 0.213 0.213 0.2255 0.2255 0.2255 0.2305 0.2305 0.237 0.237 0.2265 0.2265 0.2265 0.22 0.22 0.2175 0.2175 0.223 0.223 0.223 0.2295 0.2295 0.229 0.229 0.2195 0.2195 0.2195 0.222 0.222 0.215 0.215 0.208 0.208 0.2155 0.2155 0.2155 0.221 0.221 0.2425 0.2425 0.2585 0.2585 0.2585 0.24 0.24 0.2305 0.2305 0.2175 0.2175 0.2175 0.2075 0.2075 0.212 0.212 0.216 0.216 0.216 0.2245 0.2245 0.204 0.204
0.161 0.156 0.156 0.1545 0.1545 0.1545 0.159 0.159 0.19 0.19 0.175 0.175 0.2295 0.2295 0.2295 0.2235 0.2235 0.213 0.213 0.2255 0.2255 0.2255 0.2305 0.2305 0.237 0.237 0.2265 0.2265 0.2265 0.22 0.22 0.2175 0.2175 0.223 0.223 0.223 0.2295 0.2295 0.229 0.229 0.2195 0.2195 0.2195 0.222 0.222 0.215 0.215 0.208 0.208 0.2155 0.2155 0.2155 0.221 0.221 0.2425 0.2425 0.2585 0.2585 0.2585 0.24 0.24 0.2305 0.2305 0.2175 0.2175 0.2175 0.2075 0.2075 0.212 0.212 0.216 0.216 0.216 0.2245 0.2245 0.204 0.204
0.185 0.1975 0.1975 0.1895 0.1895 0.1895 0.186 0.186 0.1875 0.1875 0.1705 0.1705 0.224 0.224 0.224 0.239 0.239 0.243 0.243 0.2375 0.2375 0.2375 0.216 0.216 0.2205 0.2205 0.2205 0.2205 0.2205 0.2285 0.2285 0.221 0.221 0.2285 0.2285 0.2285 0.2285 0.2285 0.213 0.213 0.2235 0.2235 0.2235 0.2295 0.2295 0.2485 0.2485 0.2345 0.2345 0.2365 0.2365 0.2365 0.2325 0.2325 0.224 0.224 0.225 0.225 0.225 0.2405 0.2405 0.232 0.232 0.2335 0.2335 0.2335 0.229 0.229 0.227 0.227 0.221 0.221 0.221 0.2335 0.2335 0.3045 0.3045
0.185 0.1975 0.1975 0.1895 0.1895 0.1895 0.186 0.186 0.1875 0.1875 0.1705 0.1705 0.224 0.224 0.224 0.239 0.239 0.243 0.243 0.2375 0.2375 0.2375 0.216 0.216 0.2205 0.2205 0.2205 0.2205 0.2205 0.2285 0.2285 0.221 0.221 0.2285 0.2285 0.2285 0.2285 0.2285 0.213 0.213 0.2235 0.2235 0.2235 0.2295 0.2295 0.2485 0.2485 0.2345 0.2345 0.2365 0.2365 0.2365 0.2325 0.2325 0.224 0.224 0.225 0.225 0.225 0.2405 0.2405 0.232 0.232 0.2335 0.2335 0.2335 0.229 0.229 0.227 0.227 0.221 0.221 0.221 0.2335 0.2335 0.3045 0.3045
0.185 0.1975 0.1975 0.1895 0.1895 0.1895 0.186 0.186 0.1875 0.1875 0.1705 0.1705 0.224 0.224 0.224 0.239 0.239 0.243 0.243 0.2375 0.2375 0.2375 0.216 0.216 0.2205 0.2205 0.2205 0.2205 0.2205 0.2285 0.2285 0.221 0.221 0.2285 0.2285 0.2285 0.2285 0.2285 0.213 0.213 0.2235 0.2235 0.2235 0.2295 0.2295 0.2485 0.2485 0.2345 0.2345 0.2365 0.2365 0.2365 0.2325 0.2325 0.224 0.224 0.225 0.225 0.225 0.2405 0.2405 0.232 0.232 0.2335 0.2335 0.2335 0.229 0.229 0.227 0.227 0.221 0.221 0.221 0.2335 0.2335 0.3045 0.3045
0.1885 0.183 0.183 0.1995 0.1995 0.1995 0.205 0.205 0.1805 0.1805 0.1955 0.1955 0.2295 0.2295 0.2295 0.233 0.233 0.2235 0.2235 0.221 0.221 0.221 0.222 0.222 0.2315 0.2315 0.2375 0.2375 0.2375 0.226 0.226 0.2405 0.2405 0.231 0.231 0.231 0.2345 0.2345 0.2365 0.2365 0.2425 0.2425 0.2425 0.245 0.245 0.2345 0.2345 0.2355 0.2355 0.236 0.236 0.236 0.2335 0.2335 0.2225 0.2225 0.2145 0.2145 0.2145 0.226 0.226 0.239 0.239 0.241 0.241 0.241 0.222 0.222 0.226 0.226 0.2155 0.2155 0.2155 0.218 0.218 0.278 0.278
0.1885 0.183 0.183 0.1995 0.1995 0.1995 0.205 0.205 0.1805 0.1805 0.1955 0.1955 0.2295 0.2295 0.2295 0.233 0.233 0.2235 0.2235 0.221 0.221 0.221 0.222 0.222 0.2315 0.2315 0.2375 0.2375 0.2375 0.226 0.226 0.2405 0.2405 0.231 0.231 0.231 0.2345 0.2345 0.2365 0.2365 0.2425 0.2425 0.2425 0.245 0.245 0.2345 0.2345 0.2355 0.2355 0.236 0.236 0.236 0.2335 0.2335 0.2225 0.2225 0.2145 0.2145 0.2145 0.226 0.226 0.239 0.239 0.241 0.241 0.241 0.222 0.222 0.226 0.226 0.2155 0.2155 0.2155 0.218 0.218 0.278 0.278
0.1745 0.1955 0.1955 0.2055 0.2055 0.2055 0.173 0.173 0.184 0.184 0.18 0.18 0.2235 0.2235 0.2235 0.241 0.241 0.2415 0.2415 0.2365 0.2365 0.2365 0.2205 0.2205 0.236 0.236 0.2295 0.2295 0.2295 0.231 0.231 0.242 0.242 0.2435 0.2435 0.2435 0.243 0.243 0.241 0.241 0.2405 0.2405 0.2405 0.246 0.246 0.241 0.241 0.232 0.232 0.233 0.233 0.233 0.2305 0.2305 0.216 0.216 0.2215 0.2215 0.2215 0.2215 0.2215 0.223 0.223 0.226 0.226 0.226 0.235 0.235 0.222 0.222 0.2315 0.2315 0.2315 0.212 0.212 0.2205 0.2205
0.1745 0.1955 0.1955 0.2055 0.2055 0.2055 0.173 0.173 0.184 0.184 0.18 0.18 0.2235 0.2235 0.2235 0.241 0.241 0.2415 0.2415 0.2365 0.2365 0.2365 0.2205 0.2205 0.236 0.236 0.2295 0.2295 0.2295 0.231 0.231 0.242 0.242 0.2435 0.2435 0.2435 0.243 0.243 0.241 0.241 0.2405 0.2405 0.2405 0.246 0.246 0.241 0.241 0.232 0.232 0.233 0.233 0.233 0.2305 0.2305 0.216 0.216 0.2215 0.2215 0.2215 0.2215 0.2215 0.223 0.223 0.226 0.226 0.226 0.235 0.235 0.222 0.222 0.2315 0.2315 0.2315 0.212 0.212 0.2205 0.2205
0.1605 0.167 0.167 0.1705 0.1705 0.1705 0.16 0.16 0.177 0.177 0.1875 0.1875 0.2265 0.2265 0.2265 0.233 0.233 0.236 0.236 0.2355 0.2355 0.2355 0.2205 0.2205 0.223 0.223 0.2355 0.2355 0.2355 0.2315 0.2315 0.2325 0.2325 0.2295 0.2295 0.2295 0.2405 0.2405 0.2375 0.2375 0.2385 0.2385 0.2385 0.2365 0.2365 0.2355 0.2355 0.222 0.222 0.2305 0.2305 0.2305 0.233 0.233 0.2325 0.2325 0.23 0.23 0.23 0.234 0.234 0.2415 0.2415 0.244 0.244 0.244 0.2495 0.2495 0.233 0.233 0.2305 0.2305 0.2305 0.2205 0.2205 0.2225 0.2225
0.1605 0.167 0.167 0.1705 0.1705 0.1705 0.16 0.16 0.177 0.177 0.1875 0.1875 0.2265 0.2265 0.2265 0.233 0.233 0.236 0.236 0.2355 0.2355 0.2355 0.2205 0.2205 0.223 0.223 0.2355 0.2355 0.2355 0.2315 0.2315 0.2325 0.2325 0.2295 0.2295 0.2295 0.2405 0.2405 0.2375 0.2375 0.2385 0.2385 0.2385 0.2365 0.2365 0.2355 0.2355 0.222 0.222 0.2305 0.2305 0.2305 0.233 0.233 0.2325 0.2325 0.23 0.23 0.23 0.234 0.234 0.2415 0.2415 0.244 0.244 0.244 0.2495 0.2495 0.233 0.233 0.2305 0.2305 0.2305 0.2205 0.2205 0.2225 0.2225
0.1685 0.1595 0.1595 0.177 0.177 0.177 0.186 0.186 0.1705 0.1705 0.1865 0.1865 0.2275 0.2275 0.2275 0.2265 0.2265 0.242 0.242 0.229 0.229 0.229 0.2225 0.2225 0.2345 0.2345 0.234 0.234 0.234 0.2315 0.2315 0.228 0.228 0.234 0.234 0.234 0.2445 0.2445 0.239 0.239 0.2335 0.2335 0.2335 0.236 0.236 0.228 0.228 0.227 0.227 0.2415 0.2415 0.2415 0.2355 0.2355 0.2505 0.2505 0.247 0.247 0.247 0.2405 0.2405 0.241 0.241 0.2445 0.2445 0.2445 0.245 0.245 0.2335 0.2335 0.226 0.226 0.226 0.2325 0.2325 0.2235 0.2235
0.1685 0.1595 0.1595 0.177 0.177 0.177 0.186 0.186 0.1705 0.1705 0.1865 0.1865 0.2275 0.2275 0.2275 0.2265 0.2265 0.242 0.242 0.229 0.229 0.229 0.2225 0.2225 0.2345 0.2345 0.234 0.234 0.234 0.2315 0.2315 0.228 0.228 0.234 0.234 0.234 0.2445 0.2445 0.239 0.239 0.2335 0.2335 0.2335 0.236 0.236 0.228 0.228 0.227 0.227 0.2415 0.2415 0.2415 0.2355 0.2355 0.2505 0.2505 0.247 0.247 0.247 0.2405 0.2405 0.241 0.241 0.2445 0.2445 0.2445 0.245 0.245 0.2335 0.2335 0.226 0.226 0.226 0.2325 0.2325 0.2235 0.2235
0.1685 0.1595 0.1595 0.177 0.177 0.177 0.186 0.186 0.1705 0.1705 0.1865 0.1865 0.2275 0.2275 0.2275 0.2265 0.2265 0.242 0.242 0.229 0.229 0.229 0.2225 0.2225 0.2345 0.2345 0.234 0.234 0.234 0.2315 0.2315 0.228 0.228 0.234 0.234 0.234 0.2445 0.2445 0.239 0.239 0.2335 0.2335 0.2335 0.236 0.236 0.228 0.228 0.227 0.227 0.2415 0.2415 0.2415 0.2355 0.2355 0.2505 0.2505 0.247 0.247 0.247 0.2405 0.2405 0.241 0.241 0.2445 0.2445 0.2445 0.245 0.245 0.2335 0.2335 0.226 0.226 0.226 0.2325 0.2325 0.2235 0.2235
0.1555 0.168 0.168 0.174 0.174 0.174 0.166 0.166 0.1545 0.1545 0.231 0.231 0.253 0.253 0.253 0.2555 0.2555 0.26 0.26 0.2455 0.2455 0.2455 0.239 0.239 0.2285 0.2285 0.2395 0.2395 0.2395 0.254 0.254 0.2205 0.2205 0.2205 0.2205 0.2205 0.23 0.23 0.2395 0.2395 0.2445 0.2445 0.2445 0.235 0.235 0.2495 0.2495 0.2455 0.2455 0.2435 0.2435 0.2435 0.2545 0.2545 0.253 0.253 0.2455 0.2455 0.2455 0.246 0.246 0.2475 0.2475 0.2475 0.2475 0.2475 0.2445 0.2445 0.245 0.245 0.2505 0.2505 0.2505 0.2395 0.2395 0.2315 0.2315
0.1555 0.168 0.168 0.174 0.174 0.174 0.166 0.166 0.1545 0.1545 0.231 0.231 0.253 0.253 0.253 0.2555 0.2555 0.26 0.26 0.2455 0.2455 0.2455 0.239 0.239 0.2285 0.2285 0.2395 0.2395 0.2395 0.254 0.254 0.2205 0.2205 0.2205 0.2205 0.2205 0.23 0.23 0.2395 0.2395 0.2445 0.2445 0.2445 0.235 0.235 0.2495 0.2495 0.2455 0.2455 0.2435 0.2435 0.2435 0.2545 0.2545 0.253 0.253 0.2455 0.2455 0.2455 0.246 0.246 0.2475 0.2475 0.2475 0.2475 0.2475 0.2445 0.2445 0.245 0.245 0.2505 0.2505 0.2505 0.2395 0.2395 0.2315 0.2315
0.166 0.1875 0.1875 0.207 0.207 0.207 0.1995 0.1995 0.2135 0.2135 0.248 0.248 0.2585 0.2585 0.2585 0.2495 0.2495 0.255 0.255 0.271 0.271 0.271 0.249 0.249 0.259 0.259 0.233 0.233 0.233 0.2385 0.2385 0.2345 0.2345 0.24 0.24 0.24 0.2365 0.2365 0.237 0.237 0.2495 0.2495 0.2495 0.2485 0.2485 0.256 0.256 0.2495 0.2495 0.255 0.255 0.255 0.244 0.244 0.256 0.256 0.244 0.244 0.244 0.245 0.245 0.2435 0.2435 0.251 0.251 0.251 0.2585 0.2585 0.2575 0.2575 0.2575 0.2575 0.2575 0.2545 0.2545 0.26 0.26
0.166 0.1875 0.1875 0.207 0.207 0.207 0.1995 0.1995 0.2135 0.2135 0.248 0.248 0.2585 0.2585 0.2585 0.2495 0.2495 0.255 0.255 0.271 0.271 0.271 0.249 0.249 0.259 0.259 0.233 0.233 0.233 0.2385 0.2385 0.2345 0.2345 0.24 0.24 0.24 0.2365 0.2365 0.237 0.237 0.2495 0.2495 0.2495 0.2485 0.2485 0.256 0.256 0.2495 0.2495 0.255 0.255 0.255 0.244 0.244 0.256 0.256 0.244 0.244 0.244 0.245 0.245 0.2435 0.2435 0.251 0.251 0.251 0.2585 0.2585 0.2575 0.2575 0.2575 0.2575 0.2575 0.2545 0.2545 0.26 0.26
0.202 0.2225 0.2225 0.195 0.195 0.195 0.18 0.18 0.2025 0.2025 0.269 0.269 0.2565 0.2565 0.2565 0.265 0.265 0.269 0.269 0.27 0.27 0.27 0.268 0.268 0.254 0.254 0.2465 0.2465 0.2465 0.2415 0.2415 0.2245 0.2245 0.239 0.239 0.239 0.238 0.238 0.2345 0.2345 0.2465 0.2465 0.2465 0.254 0.254 0.253 0.253 0.2595 0.2595 0.248 0.248 0.248 0.2525 0.2525 0.244 0.244 0.242 0.242 0.242 0.2415 0.2415 0.242 0.242 0.249 0.249 0.249 0.2575 0.2575 0.263 0.263 0.263 0.263 0.263 0.267 0.267 0.2515 0.2515
0.202 0.2225 0.2225 0.195 0.195 0.195 0.18 0.18 0.2025 0.2025 0.269 0.269 0.2565 0.2565 0.2565 0.265 0.265 0.269 0.269 0.27 0.27 0.27 0.268 0.268 0.254 0.254 0.2465 0.2465 0.2465 0.2415 0.2415 0.2245 0.2245 0.239 0.239 0.239 0.238 0.238 0.2345 0.2345 0.2465 0.2465 0.2465 0.254 0.254 0.253 0.253 0.2595 0.2595 0.248 0.248 0.248 0.2525 0.2525 0.244 0.244 0.242 0.242 0.242 0.2415 0.2415 0.242 0.242 0.249 0.249 0.249 0.2575 0.2575 0.263 0.263 0.263 0.263 0.263 0.267 0.267 0.2515 0.2515
0.202 0.2225 0.2225 0.195 0.195 0.195 0.18 0.18 0.2025 0.2025 0.269 0.269 0.2565 0.2565 0.2565 0.265 0.265 0.269 0.269 0.27 0.27 0.27 0.268 0.268 0.254 0.254 0.2465 0.2465 0.2465 0.2415 0.2415 0.2245 0.2245 0.239 0.239 0.239 0.238 0.238 0.2345 0.2345 0.2465 0.2465 0.2465 0.254 0.254 0.253 0.253 0.2595 0.2595 0.248 0.248 0.248 0.2525 0.2525 0.244 0.244 0.242 0.242 0.242 0.2415 0.2415 0.242 0.242 0.249 0.249 0.249 0.2575 0.2575 0.263 0.263 0.263 0.263 0.263 0.267 0.267 0.2515 0.2515
0.191 0.2 0.2 0.2175 0.2175 0.2175 0.2105 0.2105 0.2355 0.2355 0.2545 0.2545 0.2715 0.2715 0.2715 0.2685 0.2685 0.2775 0.2775 0.267 0.267 0.267 0.244 0.244 0.2425 0.2425 0.2445 0.2445 0.2445 0.2215 0.2215 0.226 0.226 0.242 0.242 0.242 0.2565 0.2565 0.2525 0.2525 0.257 0.257 0.257 0.2505 0.2505 0.254 0.254 0.2665 0.2665 0.2565 0.2565 0.2565 0.2525 0.2525 0.241 0.241 0.2485 0.2485 0.2485 0.236 0.236 0.239 0.239 0.238 0.238 0.238 0.2515 0.2515 0.259 0.259 0.2605 0.2605 0.2605 0.264 0.264 0.265 0.265
0.191 0.2 0.2 0.2175 0.2175 0.2175 0.2105 0.2105 0.2355 0.2355 0.2545 0.2545 0.2715 0.2715 0.2715 0.2685 0.2685 0.2775 0.2775 0.267 0.267 0.267 0.244 0.244 0.2425 0.2425 0.2445 0.2445 0.2445 0.2215 0.2215 0.226 0.226 0.242 0.242 0.242 0.2565 0.2565 0.2525 0.2525 0.257 0.257 0.257 0.2505 0.2505 0.254 0.254 0.2665 0.2665 0.2565 0.2565 0.2565 0.2525 0.2525 0.241 0.241 0.2485 0.2485 0.2485 0.236 0.236 0.239 0.239 0.238 0.238 0.238 0.2515 0.2515 0.259 0.259 0.2605 0.2605 0.2605 0.264 0.264 0.265 0.265
0.306 0.213 0.213 0.2045 0.2045 0.2045 0.209 0.209 0.2315 0.2315 0.2375 0.2375 0.266 0.266 0.266 0.2735 0.2735 0.27 0.27 0.27 0.27 0.27 0.254 0.254 0.2655 0.2655 0.2305 0.2305 0.2305 0.2345 0.2345 0.2435 0.2435 0.239 0.239 0.239 0.263 0.263 0.252 0.252 0.26 0.26 0.26 0.267 0.267 0.2575 0.2575 0.258 0.258 0.253 0.253 0.253 0.247 0.247 0.2465 0.2465 0.2445 0.2445 0.2445 0.2415 0.2415 0.24 0.24 0.251 0.251 0.251 0.2565 0.2565 0.2555 0.2555 0.2675 0.2675 0.2675 0.2685 0.2685 0.267 0.267
0.306 0.213 0.213 0.2045 0.2045 0.2045 0.209 0.209 0.2315 0.2315 0.2375 0.2375 0.266 0.266 0.266 0.2735 0.2735 0.27 0.27 0.27 0.27 0.27 0.254 0.254 0.2655 0.2655 0.2305 0.2305 0.2305 0.2345 0.2345 0.2435 0.2435 0.239 0.239 0.239 0.263 0.263 0.252 0.252 0.26 0.26 0.26 0.267 0.267 0.2575 0.2575 0.258 0.258 0.253 0.253 0.253 0.247 0.247 0.2465 0.2465 0.2445 0.2445 0.2445 0.2415 0.2415 0.24 0.24 0.251 0.251 0.251 0.2565 0.2565 0.2555 0.2555 0.2675 0.2675 0.2675 0.2685 0.2685 0.267 0.267
0.213 0.2425 0.2425 0.2145 0.2145 0.2145 0.225 0.225 0.227 0.227 0.236 0.236 0.249 0.249 0.249 0.24 0.24 0.248 0.248 0.242 0.242 0.242 0.2445 0.2445 0.23 0.23 0.2295 0.2295 0.2295 0.2365 0.2365 0.2485 0.2485 0.2635 0.2635 0.2635 0.264 0.264 0.2725 0.2725 0.2765 0.2765 0.2765 0.279 0.279 0.274 0.274 0.275 0.275 0.2565 0.2565 0.2565 0.249 0.249 0.24 0.24 0.2415 0.2415 0.2415 0.242 0.242 0.242 0.242 0.254 0.254 0.254 0.258 0.258 0.258 0.258 0.2665 0.2665 0.2665 0.2585 0.2585 0.294 0.294
0.213 0.2425 0.2425 0.2145 0.2145 0.2145 0.225 0.225 0.227 0.227 0.236 0.236 0.249 0.249 0.249 0.24 0.24 0.248 0.248 0.242 0.242 0.242 0.2445 0.2445 0.23 0.23 0.2295 0.2295 0.2295 0.2365 0.2365 0.2485 0.2485 0.2635 0.2635 0.2635 0.264 0.264 0.2725 0.2725 0.2765 0.2765 0.2765 0.279 0.279 0.274 0.274 0.275 0.275 0.2565 0.2565 0.2565 0.249 0.249 0.24 0.24 0.2415 0.2415 0.2415 0.242 0.242 0.242 0.242 0.254 0.254 0.254 0.258 0.258 0.258 0.258 0.2665 0.2665 0.2665 0.2585 0.2585 0.294 0.294
0.213 0.2425 0.2425 0.2145 0.2145 0.2145 0.225 0.225 0.227 0.227 0.236 0.236 0.249 0.249 0.249 0.24 0.24 0.248 0.248 0.242 0.242 0.242 0.2445 0.2445 0.23 0.23 0.2295 0.2295 0.2295 0.2365 0.2365 0.2485 0.2485 0.2635 0.2635 0.2635 0.264 0.264 0.2725 0.2725 0.2765 0.2765 0.2765 0.279 0.279 0.274 0.274 0.275 0.275 0.2565 0.2565 0.2565 0.249 0.249 0.24 0.24 0.2415 0.2415 0.2415 0.242 0.242 0.242 0.242 0.254 0.254 0.254 0.258 0.258 0.258 0.258 0.2665 0.2665 0.2665 0.2585 0.2585 0.294 0.294
0.2685 0.2295 0.2295 0.2365 0.2365 0.2365 0.2245 0.2245 0.2345 0.2345 0.224 0.224 0.2345 0.2345 0.2345 0.2315 0.2315 0.2305 0.2305 0.261 0.261 0.261 0.2405 0.2405 0.224 0.224 0.2485 0.2485 0.2485 0.2505 0.2505 0.2515 0.2515 0.253 0.253 0.253 0.256 0.256 0.262 0.262 0.2775 0.2775 0.2775 0.278 0.278 0.278 0.278 0.2625 0.2625 0.2555 0.2555 0.2555 0.2595 0.2595 0.226 0.226 0.2225 0.2225 0.2225 0.2545 0.2545 0.248 0.248 0.245 0.245 0.245 0.233 0.233 0.245 0.245 0.2555 0.2555 0.2555 0.262 0.262 0.2815 0.2815
0.2685 0.2295 0.2295 0.2365 0.2365 0.2365 0.2245 0.2245 0.2345 0.2345 0.224 0.224 0.2345 0.2345 0.2345 0.2315 0.2315 0.2305 0.2305 0.261 0.261 0.261 0.2405 0.2405 0.224 0.224 0.2485 0.2485 0.2485 0.2505 0.2505 0.2515 0.2515 0.253 0.253 0.253 0.256 0.256 0.262 0.262 0.2775 0.2775 0.2775 0.278 0.278 0.278 0.278 0.2625 0.2625 0.2555 0.2555 0.2555 0.2595 0.2595 0.226 0.226 0.2225 0.2225 0.2225 0.2545 0.2545 0.248 0.248 0.245 0.245 0.245 0.233 0.233 0.245 0.245 0.2555 0.2555 0.2555 0.262 0.262 0.2815 0.2815
0.242 0.2355 0.2355 0.2245 0.2245 0.2245 0.2095 0.2095 0.238 0.238 0.2315 0.2315 0.2415 0.2415 0.2415 0.216 0.216 0.257 0.257 0.27 0.27 0.27 0.2495 0.2495 0.2385 0.2385 0.247 0.247 0.247 0.247 0.247 0.251 0.251 0.258 0.258 0.258 0.251 0.251 0.2545 0.2545 0.273 0.273 0.273 0.265 0.265 0.2695 0.2695 0.2605 0.2605 0.2605 0.2605 0.2605 0.262 0.262 0.2465 0.2465 0.2685 0.2685 0.2685 0.225 0.225 0.229 0.229 0.2285 0.2285 0.2285 0.222 0.222 0.221 0.221 0.236 0.236 0.236 0.2505 0.2505 0.2705 0.2705
0.242 0.2355 0.2355 0.2245 0.2245 0.2245 0.2095 0.2095 0.238 0.238 0.2315 0.2315 0.2415 0.2415 0.2415 0.216 0.216 0.257 0.257 0.27 0.27 0.27 0.2495 0.2495 0.2385 0.2385 0.247 0.247 0.247 0.247 0.247 0.251 0.251 0.258 0.258 0.258 0.251 0.251 0.2545 0.2545 0.273 0.273 0.273 0.265 0.265 0.2695 0.2695 0.2605 0.2605 0.2605 0.2605 0.2605 0.262 0.262 0.2465 0.2465 0.2685 0.2685 0.2685 0.225 0.225 0.229 0.229 0.2285 0.2285 0.2285 0.222 0.222 0.221 0.221 0.236 0.236 0.236 0.2505 0.2505 0.2705 0.2705
0.252 0.229 0.229 0.246 0.246 0.246 0.218 0.218 0.232 0.232 0.2515 0.2515 0.2485 0.2485 0.2485 0.248 0.248 0.2635 0.2635 0.264 0.264 0.264 0.258 0.258 0.251 0.251 0.259 0.259 0.259 0.2495 0.2495 0.258 0.258 0.2505 0.2505 0.2505 0.253 0.253 0.2505 0.2505 0.2565 0.2565 0.2565 0.2685 0.2685 0.2655 0.2655 0.2725 0.2725 0.2605 0.2605 0.2605 0.2455 0.2455 0.2295 0.2295 0.231 0.231 0.231 0.2345 0.2345 0.2395 0.2395 0.236 0.236 0.236 0.223 0.223 0.234 0.234 0.229 0.229 0.229 0.238 0.238 0.2445 0.2445
