ndvi/NOAA-194.asc
ncols         252
nrows         154
xllcorner     -18.017974
yllcorner     13.481982
cellsize      0.035948
NODATA_value  -9999
[rows 102 to 135 of 154, columns 78 to 155 of 252]
0.217 0.222 0.222 0.2305 0.2305 0.23 0.23 0.23 0.2375 0.2375 0.2205 0.2205 0.2195 0.2195 0.218 0.218 0.218 0.2335 0.2335 0.228 0.228 0.2375 0.2375 0.2375 0.2245 0.2245 0.2315 0.2315 0.232 0.232 0.232 0.238 0.238 0.2555 0.2555 0.2595 0.2595 0.2595 0.2485 0.2485 0.2605 0.2605 0.27 0.27 0.27 0.2835 0.2835 0.274 0.274 0.2755 0.2755 0.282 0.282 0.282 0.2755 0.2755 0.2485 0.2485 0.2335 0.2335 0.2335 0.2405 0.2405 0.294 0.294 0.274 0.274 0.274 0.285 0.285 0.2475 0.2475 0.232 0.232 0.232 0.2275 0.2275 0.2135
0.2445 0.2375 0.2375 0.246 0.246 0.238 0.238 0.238 0.2335 0.2335 0.236 0.236 0.2195 0.2195 0.223 0.223 0.223 0.227 0.227 0.225 0.225 0.216 0.216 0.216 0.2295 0.2295 0.225 0.225 0.232 0.232 0.232 0.238 0.238 0.248 0.248 0.2645 0.2645 0.2645 0.257 0.257 0.2615 0.2615 0.271 0.271 0.271 0.258 0.258 0.2605 0.2605 0.2705 0.2705 0.2785 0.2785 0.2785 0.266 0.266 0.2535 0.2535 0.2395 0.2395 0.2395 0.2475 0.2475 0.2505 0.2505 0.2735 0.2735 0.2735 0.2635 0.2635 0.2375 0.2375 0.2315 0.2315 0.2315 0.228 0.228 0.224
0.2445 0.2375 0.2375 0.246 0.246 0.238 0.238 0.238 0.2335 0.2335 0.236 0.236 0.2195 0.2195 0.223 0.223 0.223 0.227 0.227 0.225 0.225 0.216 0.216 0.216 0.2295 0.2295 0.225 0.225 0.232 0.232 0.232 0.238 0.238 0.248 0.248 0.2645 0.2645 0.2645 0.257 0.257 0.2615 0.2615 0.271 0.271 0.271 0.258 0.258 0.2605 0.2605 0.2705 0.2705 0.2785 0.2785 0.2785 0.266 0.266 0.2535 0.2535 0.2395 0.2395 0.2395 0.2475 0.2475 0.2505 0.2505 0.2735 0.2735 0.2735 0.2635 0.2635 0.2375 0.2375 0.2315 0.2315 0.2315 0.228 0.228 0.224
0.2445 0.2375 0.2375 0.246 0.246 0.238 0.238 0.238 0.2335 0.2335 0.236 0.236 0.2195 0.2195 0.223 0.223 0.223 0.227 0.227 0.225 0.225 0.216 0.216 0.216 0.2295 0.2295 0.225 0.225 0.232 0.232 0.232 0.238 0.238 0.248 0.248 0.2645 0.2645 0.2645 0.257 0.257 0.2615 0.2615 0.271 0.271 0.271 0.258 0.258 0.2605 0.2605 0.2705 0.2705 0.2785 0.2785 0.2785 0.266 0.266 0.2535 0.2535 0.2395 0.2395 0.2395 0.2475 0.2475 0.2505 0.2505 0.2735 0.2735 0.2735 0.2635 0.2635 0.2375 0.2375 0.2315 0.2315 0.2315 0.228 0.228 0.224
0.242 0.2455 0.2455 0.2425 0.2425 0.2555 0.2555 0.2555 0.24 0.24 0.2345 0.2345 0.235 0.235 0.2315 0.2315 0.2315 0.2305 0.2305 0.2355 0.2355 0.2495 0.2495 0.2495 0.2525 0.2525 0.25 0.25 0.2465 0.2465 0.2465 0.251 0.251 0.2495 0.2495 0.259 0.259 0.259 0.256 0.256 0.2535 0.2535 0.2655 0.2655 0.2655 0.2655 0.2655 0.2645 0.2645 0.27 0.27 0.2755 0.2755 0.2755 0.2795 0.2795 0.262 0.262 0.2555 0.2555 0.2555 0.2585 0.2585 0.251 0.251 0.257 0.257 0.257 0.2505 0.2505 0.228 0.228 0.2325 0.2325 0.2325 0.2365 0.2365 0.2455
0.242 0.2455 0.2455 0.2425 0.2425 0.2555 0.2555 0.2555 0.24 0.24 0.2345 0.2345 0.235 0.235 0.2315 0.2315 0.2315 0.2305 0.2305 0.2355 0.2355 0.2495 0.2495 0.2495 0.2525 0.2525 0.25 0.25 0.2465 0.2465 0.2465 0.251 0.251 0.2495 0.2495 0.259 0.259 0.259 0.256 0.256 0.2535 0.2535 0.2655 0.2655 0.2655 0.2655 0.2655 0.2645 0.2645 0.27 0.27 0.2755 0.2755 0.2755 0.2795 0.2795 0.262 0.262 0.2555 0.2555 0.2555 0.2585 0.2585 0.251 0.251 0.257 0.257 0.257 0.2505 0.2505 0.228 0.228 0.2325 0.2325 0.2325 0.2365 0.2365 0.2455
0.2505 0.2455 0.2455 0.2535 0.2535 0.244 0.244 0.244 0.233 0.233 0.2425 0.2425 0.2405 0.2405 0.239 0.239 0.239 0.2555 0.2555 0.2565 0.2565 0.253 0.253 0.253 0.267 0.267 0.263 0.263 0.251 0.251 0.251 0.262 0.262 0.253 0.253 0.2695 0.2695 0.2695 0.265 0.265 0.2585 0.2585 0.261 0.261 0.261 0.2495 0.2495 0.266 0.266 0.266 0.266 0.2645 0.2645 0.2645 0.2765 0.2765 0.271 0.271 0.26 0.26 0.26 0.2695 0.2695 0.2645 0.2645 0.274 0.274 0.274 0.249 0.249 0.2545 0.2545 0.2395 0.2395 0.2395 0.244 0.244 0.2445
0.2505 0.2455 0.2455 0.2535 0.2535 0.244 0.244 0.244 0.233 0.233 0.2425 0.2425 0.2405 0.2405 0.239 0.239 0.239 0.2555 0.2555 0.2565 0.2565 0.253 0.253 0.253 0.267 0.267 0.263 0.263 0.251 0.251 0.251 0.262 0.262 0.253 0.253 0.2695 0.2695 0.2695 0.265 0.265 0.2585 0.2585 0.261 0.261 0.261 0.2495 0.2495 0.266 0.266 0.266 0.266 0.2645 0.2645 0.2645 0.2765 0.2765 0.271 0.271 0.26 0.26 0.26 0.2695 0.2695 0.2645 0.2645 0.274 0.274 0.274 0.249 0.249 0.2545 0.2545 0.2395 0.2395 0.2395 0.244 0.244 0.2445
0.26 0.252 0.252 0.248 0.248 0.242 0.242 0.242 0.2445 0.2445 0.2575 0.2575 0.264 0.264 0.267 0.267 0.267 0.2635 0.2635 0.262 0.262 0.269 0.269 0.269 0.2715 0.2715 0.272 0.272 0.269 0.269 0.269 0.265 0.265 0.2695 0.2695 0.2695 0.2695 0.2695 0.256 0.256 0.252 0.252 0.253 0.253 0.253 0.255 0.255 0.2565 0.2565 0.273 0.273 0.2775 0.2775 0.2775 0.284 0.284 0.2775 0.2775 0.275 0.275 0.275 0.274 0.274 0.273 0.273 0.273 0.273 0.273 0.2925 0.2925 0.2655 0.2655 0.2385 0.2385 0.2385 0.2325 0.2325 0.247
0.26 0.252 0.252 0.248 0.248 0.242 0.242 0.242 0.2445 0.2445 0.2575 0.2575 0.264 0.264 0.267 0.267 0.267 0.2635 0.2635 0.262 0.262 0.269 0.269 0.269 0.2715 0.2715 0.272 0.272 0.269 0.269 0.269 0.265 0.265 0.2695 0.2695 0.2695 0.2695 0.2695 0.256 0.256 0.252 0.252 0.253 0.253 0.253 0.255 0.255 0.2565 0.2565 0.273 0.273 0.2775 0.2775 0.2775 0.284 0.284 0.2775 0.2775 0.275 0.275 0.275 0.274 0.274 0.273 0.273 0.273 0.273 0.273 0.2925 0.2925 0.2655 0.2655 0.2385 0.2385 0.2385 0.2325 0.2325 0.247
0.26 0.252 0.252 0.248 0.248 0.242 0.242 0.242 0.2445 0.2445 0.2575 0.2575 0.264 0.264 0.267 0.267 0.267 0.2635 0.2635 0.262 0.262 0.269 0.269 0.269 0.2715 0.2715 0.272 0.272 0.269 0.269 0.269 0.265 0.265 0.2695 0.2695 0.2695 0.2695 0.2695 0.256 0.256 0.252 0.252 0.253 0.253 0.253 0.255 0.255 0.2565 0.2565 0.273 0.273 0.2775 0.2775 0.2775 0.284 0.284 0.2775 0.2775 0.275 0.275 0.275 0.274 0.274 0.273 0.273 0.273 0.273 0.273 0.2925 0.2925 0.2655 0.2655 0.2385 0.2385 0.2385 0.2325 0.2325 0.247
0.248 0.266 0.266 0.274 0.274 0.2695 0.2695 0.2695 0.2705 0.2705 0.2625 0.2625 0.2575 0.2575 0.2625 0.2625 0.2625 0.261 0.261 0.2725 0.2725 0.2655 0.2655 0.2655 0.27 0.27 0.2715 0.2715 0.2735 0.2735 0.2735 0.2665 0.2665 0.2655 0.2655 0.2755 0.2755 0.2755 0.286 0.286 0.2675 0.2675 0.28 0.28 0.28 0.293 0.293 0.274 0.274 0.279 0.279 0.2785 0.2785 0.2785 0.2865 0.2865 0.278 0.278 0.2725 0.2725 0.2725 0.27 0.27 0.2625 0.2625 0.2725 0.2725 0.2725 0.2775 0.2775 0.2675 0.2675 0.247 0.247 0.247 0.226 0.226 0.2385
0.248 0.266 0.266 0.274 0.274 0.2695 0.2695 0.2695 0.2705 0.2705 0.2625 0.2625 0.2575 0.2575 0.2625 0.2625 0.2625 0.261 0.261 0.2725 0.2725 0.2655 0.2655 0.2655 0.27 0.27 0.2715 0.2715 0.2735 0.2735 0.2735 0.2665 0.2665 0.2655 0.2655 0.2755 0.2755 0.2755 0.286 0.286 0.2675 0.2675 0.28 0.28 0.28 0.293 0.293 0.274 0.274 0.279 0.279 0.2785 0.2785 0.2785 0.2865 0.2865 0.278 0.278 0.2725 0.2725 0.2725 0.27 0.27 0.2625 0.2625 0.2725 0.2725 0.2725 0.2775 0.2775 0.2675 0.2675 0.247 0.247 0.247 0.226 0.226 0.2385
0.2605 0.2715 0.2715 0.2445 0.2445 0.2725 0.2725 0.2725 0.244 0.244 0.253 0.253 0.2615 0.2615 0.2625 0.2625 0.2625 0.2685 0.2685 0.2575 0.2575 0.2655 0.2655 0.2655 0.267 0.267 0.2705 0.2705 0.275 0.275 0.275 0.275 0.275 0.2755 0.2755 0.2725 0.2725 0.2725 0.2675 0.2675 0.2735 0.2735 0.2845 0.2845 0.2845 0.2725 0.2725 0.2815 0.2815 0.291 0.291 0.2895 0.2895 0.2895 0.275 0.275 0.279 0.279 0.2875 0.2875 0.2875 0.2775 0.2775 0.2615 0.2615 0.265 0.265 0.265 0.2755 0.2755 0.2705 0.2705 0.2555 0.2555 0.2555 0.2265 0.2265 0.233
0.2605 0.2715 0.2715 0.2445 0.2445 0.2725 0.2725 0.2725 0.244 0.244 0.253 0.253 0.2615 0.2615 0.2625 0.2625 0.2625 0.2685 0.2685 0.2575 0.2575 0.2655 0.2655 0.2655 0.267 0.267 0.2705 0.2705 0.275 0.275 0.275 0.275 0.275 0.2755 0.2755 0.2725 0.2725 0.2725 0.2675 0.2675 0.2735 0.2735 0.2845 0.2845 0.2845 0.2725 0.2725 0.2815 0.2815 0.291 0.291 0.2895 0.2895 0.2895 0.275 0.275 0.279 0.279 0.2875 0.2875 0.2875 0.2775 0.2775 0.2615 0.2615 0.265 0.265 0.265 0.2755 0.2755 0.2705 0.2705 0.2555 0.2555 0.2555 0.2265 0.2265 0.233
0.26 0.2525 0.2525 0.25 0.25 0.259 0.259 0.259 0.2575 0.2575 0.255 0.255 0.263 0.263 0.2635 0.2635 0.2635 0.271 0.271 0.267 0.267 0.2655 0.2655 0.2655 0.266 0.266 0.27 0.27 0.272 0.272 0.272 0.2605 0.2605 0.2665 0.2665 0.2715 0.2715 0.2715 0.279 0.279 0.2795 0.2795 0.2835 0.2835 0.2835 0.2675 0.2675 0.275 0.275 0.2855 0.2855 0.2815 0.2815 0.2815 0.2875 0.2875 0.2725 0.2725 0.2735 0.2735 0.2735 0.281 0.281 0.268 0.268 0.2665 0.2665 0.2665 0.2735 0.2735 0.2655 0.2655 0.2695 0.2695 0.2695 0.2555 0.2555 0.2405
0.26 0.2525 0.2525 0.25 0.25 0.259 0.259 0.259 0.2575 0.2575 0.255 0.255 0.263 0.263 0.2635 0.2635 0.2635 0.271 0.271 0.267 0.267 0.2655 0.2655 0.2655 0.266 0.266 0.27 0.27 0.272 0.272 0.272 0.2605 0.2605 0.2665 0.2665 0.2715 0.2715 0.2715 0.279 0.279 0.2795 0.2795 0.2835 0.2835 0.2835 0.2675 0.2675 0.275 0.275 0.2855 0.2855 0.2815 0.2815 0.2815 0.2875 0.2875 0.2725 0.2725 0.2735 0.2735 0.2735 0.281 0.281 0.268 0.268 0.2665 0.2665 0.2665 0.2735 0.2735 0.2655 0.2655 0.2695 0.2695 0.2695 0.2555 0.2555 0.2405
0.26 0.2525 0.2525 0.25 0.25 0.259 0.259 0.259 0.2575 0.2575 0.255 0.255 0.263 0.263 0.2635 0.2635 0.2635 0.271 0.271 0.267 0.267 0.2655 0.2655 0.2655 0.266 0.266 0.27 0.27 0.272 0.272 0.272 0.2605 0.2605 0.2665 0.2665 0.2715 0.2715 0.2715 0.279 0.279 0.2795 0.2795 0.2835 0.2835 0.2835 0.2675 0.2675 0.275 0.275 0.2855 0.2855 0.2815 0.2815 0.2815 0.2875 0.2875 0.2725 0.2725 0.2735 0.2735 0.2735 0.281 0.281 0.268 0.268 0.2665 0.2665 0.2665 0.2735 0.2735 0.2655 0.2655 0.2695 0.2695 0.2695 0.2555 0.2555 0.2405
0.2565 0.2415 0.2415 0.244 0.244 0.253 0.253 0.253 0.2615 0.2615 0.258 0.258 0.267 0.267 0.264 0.264 0.264 0.2755 0.2755 0.2665 0.2665 0.2685 0.2685 0.2685 0.278 0.278 0.2725 0.2725 0.279 0.279 0.279 0.2865 0.2865 0.28 0.28 0.279 0.279 0.279 0.293 0.293 0.29 0.29 0.295 0.295 0.295 0.278 0.278 0.27 0.27 0.277 0.277 0.277 0.277 0.277 0.266 0.266 0.273 0.273 0.269 0.269 0.269 0.2845 0.2845 0.2745 0.2745 0.2695 0.2695 0.2695 0.258 0.258 0.2525 0.2525 0.249 0.249 0.249 0.2535 0.2535 0.2535
0.2565 0.2415 0.2415 0.244 0.244 0.253 0.253 0.253 0.2615 0.2615 0.258 0.258 0.267 0.267 0.264 0.264 0.264 0.2755 0.2755 0.2665 0.2665 0.2685 0.2685 0.2685 0.278 0.278 0.2725 0.2725 0.279 0.279 0.279 0.2865 0.2865 0.28 0.28 0.279 0.279 0.279 0.293 0.293 0.29 0.29 0.295 0.295 0.295 0.278 0.278 0.27 0.27 0.277 0.277 0.277 0.277 0.277 0.266 0.266 0.273 0.273 0.269 0.269 0.269 0.2845 0.2845 0.2745 0.2745 0.2695 0.2695 0.2695 0.258 0.258 0.2525 0.2525 0.249 0.249 0.249 0.2535 0.2535 0.2535
0.26 0.2375 0.2375 0.2525 0.2525 0.249 0.249 0.249 0.268 0.268 0.2605 0.2605 0.263 0.263 0.2625 0.2625 0.2625 0.2655 0.2655 0.28 0.28 0.266 0.266 0.266 0.27 0.27 0.2735 0.2735 0.277 0.277 0.277 0.2755 0.2755 0.2805 0.2805 0.285 0.285 0.285 0.2985 0.2985 0.2825 0.2825 0.289 0.289 0.289 0.2925 0.2925 0.289 0.289 0.277 0.277 0.2825 0.2825 0.2825 0.2625 0.2625 0.274 0.274 0.2855 0.2855 0.2855 0.282 0.282 0.2795 0.2795 0.2715 0.2715 0.2715 0.2695 0.2695 0.2615 0.2615 0.2565 0.2565 0.2565 0.2545 0.2545 0.2595
0.26 0.2375 0.2375 0.2525 0.2525 0.249 0.249 0.249 0.268 0.268 0.2605 0.2605 0.263 0.263 0.2625 0.2625 0.2625 0.2655 0.2655 0.28 0.28 0.266 0.266 0.266 0.27 0.27 0.2735 0.2735 0.277 0.277 0.277 0.2755 0.2755 0.2805 0.2805 0.285 0.285 0.285 0.2985 0.2985 0.2825 0.2825 0.289 0.289 0.289 0.2925 0.2925 0.289 0.289 0.277 0.277 0.2825 0.2825 0.2825 0.2625 0.2625 0.274 0.274 0.2855 0.2855 0.2855 0.282 0.282 0.2795 0.2795 0.2715 0.2715 0.2715 0.2695 0.2695 0.2615 0.2615 0.2565 0.2565 0.2565 0.2545 0.2545 0.2595
0.277 0.24 0.24 0.2485 0.2485 0.254 0.254 0.254 0.251 0.251 0.2705 0.2705 0.2615 0.2615 0.2645 0.2645 0.2645 0.2685 0.2685 0.2695 0.2695 0.2795 0.2795 0.2795 0.279 0.279 0.269 0.269 0.279 0.279 0.279 0.2705 0.2705 0.281 0.281 0.2795 0.2795 0.2795 0.289 0.289 0.286 0.286 0.283 0.283 0.283 0.267 0.267 0.28 0.28 0.292 0.292 0.2895 0.2895 0.2895 0.275 0.275 0.2765 0.2765 0.2875 0.2875 0.2875 0.2855 0.2855 0.2715 0.2715 0.263 0.263 0.263 0.2765 0.2765 0.2625 0.2625 0.261 0.261 0.261 0.272 0.272 0.2705
0.277 0.24 0.24 0.2485 0.2485 0.254 0.254 0.254 0.251 0.251 0.2705 0.2705 0.2615 0.2615 0.2645 0.2645 0.2645 0.2685 0.2685 0.2695 0.2695 0.2795 0.2795 0.2795 0.279 0.279 0.269 0.269 0.279 0.279 0.279 0.2705 0.2705 0.281 0.281 0.2795 0.2795 0.2795 0.289 0.289 0.286 0.286 0.283 0.283 0.283 0.267 0.267 0.28 0.28 0.292 0.292 0.2895 0.2895 0.2895 0.275 0.275 0.2765 0.2765 0.2875 0.2875 0.2875 0.2855 0.2855 0.2715 0.2715 0.263 0.263 0.263 0.2765 0.2765 0.2625 0.2625 0.261 0.261 0.261 0.272 0.272 0.2705
0.271 0.26 0.26 0.242 0.242 0.2555 0.2555 0.2555 0.264 0.264 0.2725 0.2725 0.2545 0.2545 0.2635 0.2635 0.2635 0.2545 0.2545 0.2745 0.2745 0.269 0.269 0.269 0.2765 0.2765 0.2695 0.2695 0.272 0.272 0.272 0.2835 0.2835 0.2955 0.2955 0.282 0.282 0.282 0.28 0.28 0.275 0.275 0.279 0.279 0.279 0.277 0.277 0.2775 0.2775 0.2895 0.2895 0.2845 0.2845 0.2845 0.2785 0.2785 0.2875 0.2875 0.274 0.274 0.274 0.274 0.274 0.269 0.269 0.269 0.269 0.269 0.267 0.267 0.26 0.26 0.2525 0.2525 0.2525 0.2555 0.2555 0.247
0.271 0.26 0.26 0.242 0.242 0.2555 0.2555 0.2555 0.264 0.264 0.2725 0.2725 0.2545 0.2545 0.2635 0.2635 0.2635 0.2545 0.2545 0.2745 0.2745 0.269 0.269 0.269 0.2765 0.2765 0.2695 0.2695 0.272 0.272 0.272 0.2835 0.2835 0.2955 0.2955 0.282 0.282 0.282 0.28 0.28 0.275 0.275 0.279 0.279 0.279 0.277 0.277 0.2775 0.2775 0.2895 0.2895 0.2845 0.2845 0.2845 0.2785 0.2785 0.2875 0.2875 0.274 0.274 0.274 0.274 0.274 0.269 0.269 0.269 0.269 0.269 0.267 0.267 0.26 0.26 0.2525 0.2525 0.2525 0.2555 0.2555 0.247
0.271 0.26 0.26 0.242 0.242 0.2555 0.2555 0.2555 0.264 0.264 0.2725 0.2725 0.2545 0.2545 0.2635 0.2635 0.2635 0.2545 0.2545 0.2745 0.2745 0.269 0.269 0.269 0.2765 0.2765 0.2695 0.2695 0.272 0.272 0.272 0.2835 0.2835 0.2955 0.2955 0.282 0.282 0.282 0.28 0.28 0.275 0.275 0.279 0.279 0.279 0.277 0.277 0.2775 0.2775 0.2895 0.2895 0.2845 0.2845 0.2845 0.2785 0.2785 0.2875 0.2875 0.274 0.274 0.274 0.274 0.274 0.269 0.269 0.269 0.269 0.269 0.267 0.267 0.26 0.26 0.2525 0.2525 0.2525 0.2555 0.2555 0.247
0.267 0.2705 0.2705 0.2725 0.2725 0.2735 0.2735 0.2735 0.273 0.273 0.254 0.254 0.2565 0.2565 0.266 0.266 0.266 0.2555 0.2555 0.2785 0.2785 0.2755 0.2755 0.2755 0.268 0.268 0.2805 0.2805 0.28 0.28 0.28 0.2865 0.2865 0.2745 0.2745 0.2895 0.2895 0.2895 0.281 0.281 0.289 0.289 0.2785 0.2785 0.2785 0.276 0.276 0.2825 0.2825 0.286 0.286 0.296 0.296 0.296 0.295 0.295 0.293 0.293 0.2865 0.2865 0.2865 0.285 0.285 0.269 0.269 0.2745 0.2745 0.2745 0.263 0.263 0.2625 0.2625 0.2685 0.2685 0.2685 0.257 0.257 0.2655
0.267 0.2705 0.2705 0.2725 0.2725 0.2735 0.2735 0.2735 0.273 0.273 0.254 0.254 0.2565 0.2565 0.266 0.266 0.266 0.2555 0.2555 0.2785 0.2785 0.2755 0.2755 0.2755 0.268 0.268 0.2805 0.2805 0.28 0.28 0.28 0.2865 0.2865 0.2745 0.2745 0.2895 0.2895 0.2895 0.281 0.281 0.289 0.289 0.2785 0.2785 0.2785 0.276 0.276 0.2825 0.2825 0.286 0.286 0.296 0.296 0.296 0.295 0.295 0.293 0.293 0.2865 0.2865 0.2865 0.285 0.285 0.269 0.269 0.2745 0.2745 0.2745 0.263 0.263 0.2625 0.2625 0.2685 0.2685 0.2685 0.257 0.257 0.2655
0.2875 0.277 0.277 0.2785 0.2785 0.2835 0.2835 0.2835 0.2845 0.2845 0.259 0.259 0.2775 0.2775 0.272 0.272 0.272 0.281 0.281 0.282 0.282 0.268 0.268 0.268 0.272 0.272 0.2895 0.2895 0.275 0.275 0.275 0.287 0.287 0.289 0.289 0.287 0.287 0.287 0.293 0.293 0.294 0.294 0.285 0.285 0.285 0.2905 0.2905 0.2845 0.2845 0.294 0.294 0.275 0.275 0.275 0.293 0.293 0.292 0.292 0.2755 0.2755 0.2755 0.2745 0.2745 0.278 0.278 0.266 0.266 0.266 0.273 0.273 0.2615 0.2615 0.2565 0.2565 0.2565 0.2725 0.2725 0.261
0.2875 0.277 0.277 0.2785 0.2785 0.2835 0.2835 0.2835 0.2845 0.2845 0.259 0.259 0.2775 0.2775 0.272 0.272 0.272 0.281 0.281 0.282 0.282 0.268 0.268 0.268 0.272 0.272 0.2895 0.2895 0.275 0.275 0.275 0.287 0.287 0.289 0.289 0.287 0.287 0.287 0.293 0.293 0.294 0.294 0.285 0.285 0.285 0.2905 0.2905 0.2845 0.2845 0.294 0.294 0.275 0.275 0.275 0.293 0.293 0.292 0.292 0.2755 0.2755 0.2755 0.2745 0.2745 0.278 0.278 0.266 0.266 0.266 0.273 0.273 0.2615 0.2615 0.2565 0.2565 0.2565 0.2725 0.2725 0.261
0.269 0.2725 0.2725 0.278 0.278 0.2615 0.2615 0.2615 0.251 0.251 0.2645 0.2645 0.2645 0.2645 0.2655 0.2655 0.2655 0.282 0.282 0.2785 0.2785 0.3005 0.3005 0.3005 0.277 0.277 0.281 0.281 0.2665 0.2665 0.2665 0.2825 0.2825 0.292 0.292 0.2965 0.2965 0.2965 0.2935 0.2935 0.297 0.297 0.301 0.301 0.301 0.2895 0.2895 0.302 0.302 0.3035 0.3035 0.3005 0.3005 0.3005 0.3035 0.3035 0.311 0.311 0.297 0.297 0.297 0.2915 0.2915 0.283 0.283 0.2865 0.2865 0.2865 0.298 0.298 0.282 0.282 0.2585 0.2585 0.2585 0.276 0.276 0.284
0.269 0.2725 0.2725 0.278 0.278 0.2615 0.2615 0.2615 0.251 0.251 0.2645 0.2645 0.2645 0.2645 0.2655 0.2655 0.2655 0.282 0.282 0.2785 0.2785 0.3005 0.3005 0.3005 0.277 0.277 0.281 0.281 0.2665 0.2665 0.2665 0.2825 0.2825 0.292 0.292 0.2965 0.2965 0.2965 0.2935 0.2935 0.297 0.297 0.301 0.301 0.301 0.2895 0.2895 0.302 0.302 0.3035 0.3035 0.3005 0.3005 0.3005 0.3035 0.3035 0.311 0.311 0.297 0.297 0.297 0.2915 0.2915 0.283 0.283 0.2865 0.2865 0.2865 0.298 0.298 0.282 0.282 0.2585 0.2585 0.2585 0.276 0.276 0.284
0.269 0.2725 0.2725 0.278 0.278 0.2615 0.2615 0.2615 0.251 0.251 0.2645 0.2645 0.2645 0.2645 0.2655 0.2655 0.2655 0.282 0.282 0.2785 0.2785 0.3005 0.3005 0.3005 0.277 0.277 0.281 0.281 0.2665 0.2665 0.2665 0.2825 0.2825 0.292 0.292 0.2965 0.2965 0.2965 0.2935 0.2935 0.297 0.297 0.301 0.301 0.301 0.2895 0.2895 0.302 0.302 0.3035 0.3035 0.3005 0.3005 0.3005 0.3035 0.3035 0.311 0.311 0.297 0.297 0.297 0.2915 0.2915 0.283 0.283 0.2865 0.2865 0.2865 0.298 0.298 0.282 0.282 0.2585 0.2585 0.2585 0.276 0.276 0.284
