ndvi/NOAA-324.asc
ncols         252
nrows         154
xllcorner     -18.017974
yllcorner     13.481982
cellsize      0.035948
NODATA_value  -9999
[rows 0 to 33 of 154, columns 77 to 153 of 252]
0.114 0.114 0.1115 0.1115 0.112 0.112 0.114 0.114 0.114 0.1135 0.1135 0.1135 0.1135 0.109 0.109 0.1135 0.1135 0.1135 0.1105 0.1105 0.111 0.111 0.1075 0.1075 0.1075 0.11 0.11 0.112 0.112 0.108 0.108 0.108 0.105 0.105 0.102 0.102 0.0985 0.0985 0.0985 0.1075 0.1075 0.0995 0.0995 0.1035 0.1035 0.1035 0.103 0.103 0.0865 0.0865 0.1005 0.1005 0.104 0.104 0.104 0.1055 0.1055 0.112 0.112 0.1075 0.1075 0.1075 0.114 0.114 0.1145 0.1145 0.117 0.117 0.117 0.109 0.109 0.106 0.106 0.106 0.106 0.106 0.103
0.114 0.114 0.1115 0.1115 0.112 0.112 0.114 0.114 0.114 0.1135 0.1135 0.1135 0.1135 0.109 0.109 0.1135 0.1135 0.1135 0.1105 0.1105 0.111 0.111 0.1075 0.1075 0.1075 0.11 0.11 0.112 0.112 0.108 0.108 0.108 0.105 0.105 0.102 0.102 0.0985 0.0985 0.0985 0.1075 0.1075 0.0995 0.0995 0.1035 0.1035 0.1035 0.103 0.103 0.0865 0.0865 0.1005 0.1005 0.104 0.104 0.104 0.1055 0.1055 0.112 0.112 0.1075 0.1075 0.1075 0.114 0.114 0.1145 0.1145 0.117 0.117 0.117 0.109 0.109 0.106 0.106 0.106 0.106 0.106 0.103
0.1135 0.1135 0.1145 0.1145 0.1145 0.1145 0.1155 0.1155 0.1155 0.1155 0.1155 0.113 0.113 0.1155 0.1155 0.115 0.115 0.115 0.113 0.113 0.1145 0.1145 0.1075 0.1075 0.1075 0.1065 0.1065 0.1085 0.1085 0.103 0.103 0.103 0.0995 0.0995 0.0995 0.0995 0.1095 0.1095 0.1095 0.1005 0.1005 0.095 0.095 0.099 0.099 0.099 0.102 0.102 0.1095 0.1095 0.107 0.107 0.118 0.118 0.118 0.117 0.117 0.126 0.126 0.1245 0.1245 0.1245 0.126 0.126 0.12 0.12 0.12 0.12 0.12 0.111 0.111 0.109 0.109 0.109 0.109 0.109 0.1025
0.1135 0.1135 0.1145 0.1145 0.1145 0.1145 0.1155 0.1155 0.1155 0.1155 0.1155 0.113 0.113 0.1155 0.1155 0.115 0.115 0.115 0.113 0.113 0.1145 0.1145 0.1075 0.1075 0.1075 0.1065 0.1065 0.1085 0.1085 0.103 0.103 0.103 0.0995 0.0995 0.0995 0.0995 0.1095 0.1095 0.1095 0.1005 0.1005 0.095 0.095 0.099 0.099 0.099 0.102 0.102 0.1095 0.1095 0.107 0.107 0.118 0.118 0.118 0.117 0.117 0.126 0.126 0.1245 0.1245 0.1245 0.126 0.126 0.12 0.12 0.12 0.12 0.12 0.111 0.111 0.109 0.109 0.109 0.109 0.109 0.1025
0.1135 0.1135 0.1145 0.1145 0.1145 0.1145 0.1155 0.1155 0.1155 0.1155 0.1155 0.113 0.113 0.1155 0.1155 0.115 0.115 0.115 0.113 0.113 0.1145 0.1145 0.1075 0.1075 0.1075 0.1065 0.1065 0.1085 0.1085 0.103 0.103 0.103 0.0995 0.0995 0.0995 0.0995 0.1095 0.1095 0.1095 0.1005 0.1005 0.095 0.095 0.099 0.099 0.099 0.102 0.102 0.1095 0.1095 0.107 0.107 0.118 0.118 0.118 0.117 0.117 0.126 0.126 0.1245 0.1245 0.1245 0.126 0.126 0.12 0.12 0.12 0.12 0.12 0.111 0.111 0.109 0.109 0.109 0.109 0.109 0.1025
0.1125 0.1125 0.114 0.114 0.113 0.113 0.1135 0.1135 0.1135 0.1155 0.1155 0.116 0.116 0.115 0.115 0.117 0.117 0.117 0.112 0.112 0.1085 0.1085 0.1085 0.1085 0.1085 0.103 0.103 0.1035 0.1035 0.101 0.101 0.101 0.099 0.099 0.0975 0.0975 0.106 0.106 0.106 0.1065 0.1065 0.0975 0.0975 0.1085 0.1085 0.1085 0.1105 0.1105 0.1135 0.1135 0.119 0.119 0.121 0.121 0.121 0.126 0.126 0.1235 0.1235 0.127 0.127 0.127 0.133 0.133 0.133 0.133 0.131 0.131 0.131 0.126 0.126 0.1165 0.1165 0.1185 0.1185 0.1185 0.1175
0.1125 0.1125 0.114 0.114 0.113 0.113 0.1135 0.1135 0.1135 0.1155 0.1155 0.116 0.116 0.115 0.115 0.117 0.117 0.117 0.112 0.112 0.1085 0.1085 0.1085 0.1085 0.1085 0.103 0.103 0.1035 0.1035 0.101 0.101 0.101 0.099 0.099 0.0975 0.0975 0.106 0.106 0.106 0.1065 0.1065 0.0975 0.0975 0.1085 0.1085 0.1085 0.1105 0.1105 0.1135 0.1135 0.119 0.119 0.121 0.121 0.121 0.126 0.126 0.1235 0.1235 0.127 0.127 0.127 0.133 0.133 0.133 0.133 0.131 0.131 0.131 0.126 0.126 0.1165 0.1165 0.1185 0.1185 0.1185 0.1175
0.115 0.115 0.114 0.114 0.112 0.112 0.117 0.117 0.117 0.117 0.117 0.1155 0.1155 0.1125 0.1125 0.113 0.113 0.113 0.1125 0.1125 0.1095 0.1095 0.1115 0.1115 0.1115 0.1035 0.1035 0.1035 0.1035 0.09999999 0.09999999 0.09999999 0.1105 0.1105 0.1105 0.1105 0.1105 0.1105 0.1105 0.1075 0.1075 0.11 0.11 0.1205 0.1205 0.1205 0.1235 0.1235 0.131 0.131 0.133 0.133 0.1275 0.1275 0.1275 0.129 0.129 0.134 0.134 0.132 0.132 0.132 0.1315 0.1315 0.131 0.131 0.1335 0.1335 0.1335 0.1305 0.1305 0.129 0.129 0.123 0.123 0.123 0.1225
0.115 0.115 0.114 0.114 0.112 0.112 0.117 0.117 0.117 0.117 0.117 0.1155 0.1155 0.1125 0.1125 0.113 0.113 0.113 0.1125 0.1125 0.1095 0.1095 0.1115 0.1115 0.1115 0.1035 0.1035 0.1035 0.1035 0.09999999 0.09999999 0.09999999 0.1105 0.1105 0.1105 0.1105 0.1105 0.1105 0.1105 0.1075 0.1075 0.11 0.11 0.1205 0.1205 0.1205 0.1235 0.1235 0.131 0.131 0.133 0.133 0.1275 0.1275 0.1275 0.129 0.129 0.134 0.134 0.132 0.132 0.132 0.1315 0.1315 0.131 0.131 0.1335 0.1335 0.1335 0.1305 0.1305 0.129 0.129 0.123 0.123 0.123 0.1225
0.1125 0.1125 0.1175 0.1175 0.1165 0.1165 0.1185 0.1185 0.1185 0.119 0.119 0.115 0.115 0.114 0.114 0.1175 0.1175 0.1175 0.116 0.116 0.1165 0.1165 0.112 0.112 0.112 0.127 0.127 0.1175 0.1175 0.1215 0.1215 0.1215 0.1205 0.1205 0.121 0.121 0.117 0.117 0.117 0.1125 0.1125 0.1225 0.1225 0.1245 0.1245 0.1245 0.134 0.134 0.135 0.135 0.1255 0.1255 0.1255 0.1255 0.1255 0.1295 0.1295 0.1315 0.1315 0.1285 0.1285 0.1285 0.126 0.126 0.127 0.127 0.127 0.127 0.127 0.125 0.125 0.126 0.126 0.119 0.119 0.119 0.1275
0.1125 0.1125 0.1175 0.1175 0.1165 0.1165 0.1185 0.1185 0.1185 0.119 0.119 0.115 0.115 0.114 0.114 0.1175 0.1175 0.1175 0.116 0.116 0.1165 0.1165 0.112 0.112 0.112 0.127 0.127 0.1175 0.1175 0.1215 0.1215 0.1215 0.1205 0.1205 0.121 0.121 0.117 0.117 0.117 0.1125 0.1125 0.1225 0.1225 0.1245 0.1245 0.1245 0.134 0.134 0.135 0.135 0.1255 0.1255 0.1255 0.1255 0.1255 0.1295 0.1295 0.1315 0.1315 0.1285 0.1285 0.1285 0.126 0.126 0.127 0.127 0.127 0.127 0.127 0.125 0.125 0.126 0.126 0.119 0.119 0.119 0.1275
0.1225 0.1225 0.121 0.121 0.117 0.117 0.12 0.12 0.12 0.1195 0.1195 0.1155 0.1155 0.1235 0.1235 0.121 0.121 0.121 0.1185 0.1185 0.117 0.117 0.1235 0.1235 0.1235 0.129 0.129 0.1205 0.1205 0.121 0.121 0.121 0.1195 0.1195 0.1275 0.1275 0.129 0.129 0.129 0.131 0.131 0.1325 0.1325 0.129 0.129 0.129 0.1355 0.1355 0.133 0.133 0.1345 0.1345 0.1345 0.1345 0.1345 0.137 0.137 0.134 0.134 0.1305 0.1305 0.1305 0.13 0.13 0.1285 0.1285 0.1315 0.1315 0.1315 0.1305 0.1305 0.1325 0.1325 0.1325 0.1325 0.1325 0.131
0.1225 0.1225 0.121 0.121 0.117 0.117 0.12 0.12 0.12 0.1195 0.1195 0.1155 0.1155 0.1235 0.1235 0.121 0.121 0.121 0.1185 0.1185 0.117 0.117 0.1235 0.1235 0.1235 0.129 0.129 0.1205 0.1205 0.121 0.121 0.121 0.1195 0.1195 0.1275 0.1275 0.129 0.129 0.129 0.131 0.131 0.1325 0.1325 0.129 0.129 0.129 0.1355 0.1355 0.133 0.133 0.1345 0.1345 0.1345 0.1345 0.1345 0.137 0.137 0.134 0.134 0.1305 0.1305 0.1305 0.13 0.13 0.1285 0.1285 0.1315 0.1315 0.1315 0.1305 0.1305 0.1325 0.1325 0.1325 0.1325 0.1325 0.131
0.1225 0.1225 0.121 0.121 0.117 0.117 0.12 0.12 0.12 0.1195 0.1195 0.1155 0.1155 0.1235 0.1235 0.121 0.121 0.121 0.1185 0.1185 0.117 0.117 0.1235 0.1235 0.1235 0.129 0.129 0.1205 0.1205 0.121 0.121 0.121 0.1195 0.1195 0.1275 0.1275 0.129 0.129 0.129 0.131 0.131 0.1325 0.1325 0.129 0.129 0.129 0.1355 0.1355 0.133 0.133 0.1345 0.1345 0.1345 0.1345 0.1345 0.137 0.137 0.134 0.134 0.1305 0.1305 0.1305 0.13 0.13 0.1285 0.1285 0.1315 0.1315 0.1315 0.1305 0.1305 0.1325 0.1325 0.1325 0.1325 0.1325 0.131
0.1255 0.1255 0.1235 0.1235 0.1265 0.1265 0.1245 0.1245 0.1245 0.123 0.123 0.124 0.124 0.1275 0.1275 0.1255 0.1255 0.1255 0.1275 0.1275 0.125 0.125 0.126 0.126 0.126 0.1285 0.1285 0.1265 0.1265 0.123 0.123 0.123 0.128 0.128 0.1285 0.1285 0.1265 0.1265 0.1265 0.1315 0.1315 0.1365 0.1365 0.144 0.144 0.144 0.1465 0.1465 0.1485 0.1485 0.137 0.137 0.139 0.139 0.139 0.1395 0.1395 0.1425 0.1425 0.1385 0.1385 0.1385 0.1375 0.1375 0.144 0.144 0.1395 0.1395 0.1395 0.1325 0.1325 0.1295 0.1295 0.133 0.133 0.133 0.134
0.1255 0.1255 0.1235 0.1235 0.1265 0.1265 0.1245 0.1245 0.1245 0.123 0.123 0.124 0.124 0.1275 0.1275 0.1255 0.1255 0.1255 0.1275 0.1275 0.125 0.125 0.126 0.126 0.126 0.1285 0.1285 0.1265 0.1265 0.123 0.123 0.123 0.128 0.128 0.1285 0.1285 0.1265 0.1265 0.1265 0.1315 0.1315 0.1365 0.1365 0.144 0.144 0.144 0.1465 0.1465 0.1485 0.1485 0.137 0.137 0.139 0.139 0.139 0.1395 0.1395 0.1425 0.1425 0.1385 0.1385 0.1385 0.1375 0.1375 0.144 0.144 0.1395 0.1395 0.1395 0.1325 0.1325 0.1295 0.1295 0.133 0.133 0.133 0.134
0.126 0.126 0.127 0.127 0.1235 0.1235 0.125 0.125 0.125 0.1295 0.1295 0.1255 0.1255 0.1275 0.1275 0.1245 0.1245 0.1245 0.1195 0.1195 0.1255 0.1255 0.1235 0.1235 0.1235 0.124 0.124 0.124 0.124 0.1255 0.1255 0.1255 0.129 0.129 0.1265 0.1265 0.128 0.128 0.128 0.1285 0.1285 0.137 0.137 0.142 0.142 0.142 0.1455 0.1455 0.1455 0.1455 0.1385 0.1385 0.145 0.145 0.145 0.147 0.147 0.1415 0.1415 0.1395 0.1395 0.1395 0.1405 0.1405 0.1485 0.1485 0.1385 0.1385 0.1385 0.124 0.124 0.1265 0.1265 0.133 0.133 0.133 0.136
0.126 0.126 0.127 0.127 0.1235 0.1235 0.125 0.125 0.125 0.1295 0.1295 0.1255 0.1255 0.1275 0.1275 0.1245 0.1245 0.1245 0.1195 0.1195 0.1255 0.1255 0.1235 0.1235 0.1235 0.124 0.124 0.124 0.124 0.1255 0.1255 0.1255 0.129 0.129 0.1265 0.1265 0.128 0.128 0.128 0.1285 0.1285 0.137 0.137 0.142 0.142 0.142 0.1455 0.1455 0.1455 0.1455 0.1385 0.1385 0.145 0.145 0.145 0.147 0.147 0.1415 0.1415 0.1395 0.1395 0.1395 0.1405 0.1405 0.1485 0.1485 0.1385 0.1385 0.1385 0.124 0.124 0.1265 0.1265 0.133 0.133 0.133 0.136
0.127 0.127 0.1265 0.1265 0.1285 0.1285 0.1265 0.1265 0.1265 0.1315 0.1315 0.129 0.129 0.128 0.128 0.129 0.129 0.129 0.131 0.131 0.128 0.128 0.126 0.126 0.126 0.1225 0.1225 0.1355 0.1355 0.141 0.141 0.141 0.138 0.138 0.1245 0.1245 0.126 0.126 0.126 0.1255 0.1255 0.1455 0.1455 0.162 0.162 0.162 0.147 0.147 0.1475 0.1475 0.136 0.136 0.137 0.137 0.137 0.1385 0.1385 0.1485 0.1485 0.15 0.15 0.15 0.1485 0.1485 0.146 0.146 0.1425 0.1425 0.1425 0.134 0.134 0.1345 0.1345 0.122 0.122 0.122 0.145
0.127 0.127 0.1265 0.1265 0.1285 0.1285 0.1265 0.1265 0.1265 0.1315 0.1315 0.129 0.129 0.128 0.128 0.129 0.129 0.129 0.131 0.131 0.128 0.128 0.126 0.126 0.126 0.1225 0.1225 0.1355 0.1355 0.141 0.141 0.141 0.138 0.138 0.1245 0.1245 0.126 0.126 0.126 0.1255 0.1255 0.1455 0.1455 0.162 0.162 0.162 0.147 0.147 0.1475 0.1475 0.136 0.136 0.137 0.137 0.137 0.1385 0.1385 0.1485 0.1485 0.15 0.15 0.15 0.1485 0.1485 0.146 0.146 0.1425 0.1425 0.1425 0.134 0.134 0.1345 0.1345 0.122 0.122 0.122 0.145
0.127 0.127 0.1265 0.1265 0.1285 0.1285 0.1265 0.1265 0.1265 0.1315 0.1315 0.129 0.129 0.128 0.128 0.129 0.129 0.129 0.131 0.131 0.128 0.128 0.126 0.126 0.126 0.1225 0.1225 0.1355 0.1355 0.141 0.141 0.141 0.138 0.138 0.1245 0.1245 0.126 0.126 0.126 0.1255 0.1255 0.1455 0.1455 0.162 0.162 0.162 0.147 0.147 0.1475 0.1475 0.136 0.136 0.137 0.137 0.137 0.1385 0.1385 0.1485 0.1485 0.15 0.15 0.15 0.1485 0.1485 0.146 0.146 0.1425 0.1425 0.1425 0.134 0.134 0.1345 0.1345 0.122 0.122 0.122 0.145
0.1295 0.1295 0.131 0.131 0.133 0.133 0.1345 0.1345 0.1345 0.136 0.136 0.131 0.131 0.1275 0.1275 0.135 0.135 0.135 0.1355 0.1355 0.13 0.13 0.13 0.13 0.13 0.1325 0.1325 0.146 0.146 0.1445 0.1445 0.1445 0.1475 0.1475 0.148 0.148 0.139 0.139 0.139 0.139 0.139 0.174 0.174 0.174 0.174 0.174 0.1735 0.1735 0.167 0.167 0.166 0.166 0.1445 0.1445 0.1445 0.1395 0.1395 0.1595 0.1595 0.1675 0.1675 0.1675 0.158 0.158 0.146 0.146 0.142 0.142 0.142 0.137 0.137 0.133 0.133 0.1355 0.1355 0.1355 0.1305
0.1295 0.1295 0.131 0.131 0.133 0.133 0.1345 0.1345 0.1345 0.136 0.136 0.131 0.131 0.1275 0.1275 0.135 0.135 0.135 0.1355 0.1355 0.13 0.13 0.13 0.13 0.13 0.1325 0.1325 0.146 0.146 0.1445 0.1445 0.1445 0.1475 0.1475 0.148 0.148 0.139 0.139 0.139 0.139 0.139 0.174 0.174 0.174 0.174 0.174 0.1735 0.1735 0.167 0.167 0.166 0.166 0.1445 0.1445 0.1445 0.1395 0.1395 0.1595 0.1595 0.1675 0.1675 0.1675 0.158 0.158 0.146 0.146 0.142 0.142 0.142 0.137 0.137 0.133 0.133 0.1355 0.1355 0.1355 0.1305
0.134 0.134 0.136 0.136 0.135 0.135 0.1415 0.1415 0.1415 0.1425 0.1425 0.1445 0.1445 0.141 0.141 0.1405 0.1405 0.1405 0.144 0.144 0.1375 0.1375 0.1385 0.1385 0.1385 0.1415 0.1415 0.151 0.151 0.155 0.155 0.155 0.1465 0.1465 0.147 0.147 0.141 0.141 0.141 0.14 0.14 0.1665 0.1665 0.166 0.166 0.166 0.1555 0.1555 0.1635 0.1635 0.164 0.164 0.1425 0.1425 0.1425 0.1355 0.1355 0.1345 0.1345 0.143 0.143 0.143 0.1405 0.1405 0.1485 0.1485 0.1505 0.1505 0.1505 0.1475 0.1475 0.149 0.149 0.141 0.141 0.141 0.124
0.134 0.134 0.136 0.136 0.135 0.135 0.1415 0.1415 0.1415 0.1425 0.1425 0.1445 0.1445 0.141 0.141 0.1405 0.1405 0.1405 0.144 0.144 0.1375 0.1375 0.1385 0.1385 0.1385 0.1415 0.1415 0.151 0.151 0.155 0.155 0.155 0.1465 0.1465 0.147 0.147 0.141 0.141 0.141 0.14 0.14 0.1665 0.1665 0.166 0.166 0.166 0.1555 0.1555 0.1635 0.1635 0.164 0.164 0.1425 0.1425 0.1425 0.1355 0.1355 0.1345 0.1345 0.143 0.143 0.143 0.1405 0.1405 0.1485 0.1485 0.1505 0.1505 0.1505 0.1475 0.1475 0.149 0.149 0.141 0.141 0.141 0.124
0.142 0.142 0.1405 0.1405 0.1435 0.1435 0.151 0.151 0.151 0.1505 0.1505 0.143 0.143 0.1525 0.1525 0.1505 0.1505 0.1505 0.147 0.147 0.143 0.143 0.1415 0.1415 0.1415 0.152 0.152 0.1495 0.1495 0.1445 0.1445 0.1445 0.1515 0.1515 0.1475 0.1475 0.141 0.141 0.141 0.1395 0.1395 0.1575 0.1575 0.1665 0.1665 0.1665 0.1555 0.1555 0.1505 0.1505 0.1625 0.1625 0.1535 0.1535 0.1535 0.142 0.142 0.1425 0.1425 0.1325 0.1325 0.1325 0.141 0.141 0.1405 0.1405 0.142 0.142 0.142 0.1395 0.1395 0.1305 0.1305 0.1335 0.1335 0.1335 0.1405
0.142 0.142 0.1405 0.1405 0.1435 0.1435 0.151 0.151 0.151 0.1505 0.1505 0.143 0.143 0.1525 0.1525 0.1505 0.1505 0.1505 0.147 0.147 0.143 0.143 0.1415 0.1415 0.1415 0.152 0.152 0.1495 0.1495 0.1445 0.1445 0.1445 0.1515 0.1515 0.1475 0.1475 0.141 0.141 0.141 0.1395 0.1395 0.1575 0.1575 0.1665 0.1665 0.1665 0.1555 0.1555 0.1505 0.1505 0.1625 0.1625 0.1535 0.1535 0.1535 0.142 0.142 0.1425 0.1425 0.1325 0.1325 0.1325 0.141 0.141 0.1405 0.1405 0.142 0.142 0.142 0.1395 0.1395 0.1305 0.1305 0.1335 0.1335 0.1335 0.1405
0.142 0.142 0.1405 0.1405 0.1435 0.1435 0.151 0.151 0.151 0.1505 0.1505 0.143 0.143 0.1525 0.1525 0.1505 0.1505 0.1505 0.147 0.147 0.143 0.143 0.1415 0.1415 0.1415 0.152 0.152 0.1495 0.1495 0.1445 0.1445 0.1445 0.1515 0.1515 0.1475 0.1475 0.141 0.141 0.141 0.1395 0.1395 0.1575 0.1575 0.1665 0.1665 0.1665 0.1555 0.1555 0.1505 0.1505 0.1625 0.1625 0.1535 0.1535 0.1535 0.142 0.142 0.1425 0.1425 0.1325 0.1325 0.1325 0.141 0.141 0.1405 0.1405 0.142 0.142 0.142 0.1395 0.1395 0.1305 0.1305 0.1335 0.1335 0.1335 0.1405
0.144 0.144 0.15 0.15 0.1525 0.1525 0.1565 0.1565 0.1565 0.154 0.154 0.15 0.15 0.153 0.153 0.15 0.15 0.15 0.147 0.147 0.1435 0.1435 0.149 0.149 0.149 0.149 0.149 0.151 0.151 0.153 0.153 0.153 0.144 0.144 0.1485 0.1485 0.1495 0.1495 0.1495 0.1415 0.1415 0.142 0.142 0.146 0.146 0.146 0.152 0.152 0.165 0.165 0.159 0.159 0.165 0.165 0.165 0.149 0.149 0.137 0.137 0.131 0.131 0.131 0.136 0.136 0.1395 0.1395 0.141 0.141 0.141 0.141 0.141 0.1365 0.1365 0.132 0.132 0.132 0.129
0.144 0.144 0.15 0.15 0.1525 0.1525 0.1565 0.1565 0.1565 0.154 0.154 0.15 0.15 0.153 0.153 0.15 0.15 0.15 0.147 0.147 0.1435 0.1435 0.149 0.149 0.149 0.149 0.149 0.151 0.151 0.153 0.153 0.153 0.144 0.144 0.1485 0.1485 0.1495 0.1495 0.1495 0.1415 0.1415 0.142 0.142 0.146 0.146 0.146 0.152 0.152 0.165 0.165 0.159 0.159 0.165 0.165 0.165 0.149 0.149 0.137 0.137 0.131 0.131 0.131 0.136 0.136 0.1395 0.1395 0.141 0.141 0.141 0.141 0.141 0.1365 0.1365 0.132 0.132 0.132 0.129
0.1545 0.1545 0.154 0.154 0.1515 0.1515 0.149 0.149 0.149 0.145 0.145 0.154 0.154 0.1575 0.1575 0.156 0.156 0.156 0.1525 0.1525 0.158 0.158 0.152 0.152 0.152 0.146 0.146 0.1525 0.1525 0.146 0.146 0.146 0.1435 0.1435 0.146 0.146 0.147 0.147 0.147 0.1535 0.1535 0.1625 0.1625 0.1505 0.1505 0.1505 0.1505 0.1505 0.1575 0.1575 0.1585 0.1585 0.163 0.163 0.163 0.152 0.152 0.1435 0.1435 0.1505 0.1505 0.1505 0.1535 0.1535 0.1405 0.1405 0.139 0.139 0.139 0.144 0.144 0.1375 0.1375 0.134 0.134 0.134 0.136
0.1545 0.1545 0.154 0.154 0.1515 0.1515 0.149 0.149 0.149 0.145 0.145 0.154 0.154 0.1575 0.1575 0.156 0.156 0.156 0.1525 0.1525 0.158 0.158 0.152 0.152 0.152 0.146 0.146 0.1525 0.1525 0.146 0.146 0.146 0.1435 0.1435 0.146 0.146 0.147 0.147 0.147 0.1535 0.1535 0.1625 0.1625 0.1505 0.1505 0.1505 0.1505 0.1505 0.1575 0.1575 0.1585 0.1585 0.163 0.163 0.163 0.152 0.152 0.1435 0.1435 0.1505 0.1505 0.1505 0.1535 0.1535 0.1405 0.1405 0.139 0.139 0.139 0.144 0.144 0.1375 0.1375 0.134 0.134 0.134 0.136
0.147 0.147 0.15 0.15 0.15 0.15 0.148 0.148 0.148 0.145 0.145 0.1575 0.1575 0.1625 0.1625 0.1555 0.1555 0.1555 0.1615 0.1615 0.1565 0.1565 0.1575 0.1575 0.1575 0.1535 0.1535 0.158 0.158 0.152 0.152 0.152 0.1495 0.1495 0.154 0.154 0.158 0.158 0.158 0.159 0.159 0.151 0.151 0.146 0.146 0.146 0.1445 0.1445 0.1485 0.1485 0.1455 0.1455 0.141 0.141 0.141 0.143 0.143 0.1365 0.1365 0.148 0.148 0.148 0.1485 0.1485 0.1515 0.1515 0.145 0.145 0.145 0.143 0.143 0.137 0.137 0.123 0.123 0.123 0.127
0.147 0.147 0.15 0.15 0.15 0.15 0.148 0.148 0.148 0.145 0.145 0.1575 0.1575 0.1625 0.1625 0.1555 0.1555 0.1555 0.1615 0.1615 0.1565 0.1565 0.1575 0.1575 0.1575 0.1535 0.1535 0.158 0.158 0.152 0.152 0.152 0.1495 0.1495 0.154 0.154 0.158 0.158 0.158 0.159 0.159 0.151 0.151 0.146 0.146 0.146 0.1445 0.1445 0.1485 0.1485 0.1455 0.1455 0.141 0.141 0.141 0.143 0.143 0.1365 0.1365 0.148 0.148 0.148 0.1485 0.1485 0.1515 0.1515 0.145 0.145 0.145 0.143 0.143 0.137 0.137 0.123 0.123 0.123 0.127
