ndvi/NOAA-24.asc
ncols         252
nrows         154
xllcorner     -18.017974
yllcorner     13.481982
cellsize      0.035948
NODATA_value  -9999
[rows 0 to 33 of 154, columns 156 to 233 of 252]
0.0995 0.1035 0.1035 0.1035 0.1065 0.1065 0.1085 0.1085 0.109 0.109 0.1075 0.1075 0.1075 0.113 0.113 0.117 0.117 0.1095 0.1095 0.1095 0.1135 0.1135 0.111 0.111 0.1135 0.1135 0.1135 0.1115 0.1115 0.11 0.11 0.112 0.112 0.112 0.11 0.11 0.1055 0.1055 0.1 0.1 0.1 0.1095 0.1095 0.112 0.112 0.112 0.112 0.116 0.116 0.116 0.1135 0.1135 0.115 0.115 0.1125 0.1125 0.1125 0.112 0.112 0.11 0.11 0.106 0.106 0.106 0.1015 0.1015 0.1045 0.1045 0.1005 0.1005 0.1005 0.0995 0.0995 0.094 0.094 0.094 0.094 0.094
0.0995 0.1035 0.1035 0.1035 0.1065 0.1065 0.1085 0.1085 0.109 0.109 0.1075 0.1075 0.1075 0.113 0.113 0.117 0.117 0.1095 0.1095 0.1095 0.1135 0.1135 0.111 0.111 0.1135 0.1135 0.1135 0.1115 0.1115 0.11 0.11 0.112 0.112 0.112 0.11 0.11 0.1055 0.1055 0.1 0.1 0.1 0.1095 0.1095 0.112 0.112 0.112 0.112 0.116 0.116 0.116 0.1135 0.1135 0.115 0.115 0.1125 0.1125 0.1125 0.112 0.112 0.11 0.11 0.106 0.106 0.106 0.1015 0.1015 0.1045 0.1045 0.1005 0.1005 0.1005 0.0995 0.0995 0.094 0.094 0.094 0.094 0.094
0.106 0.1085 0.1085 0.1085 0.1125 0.1125 0.1105 0.1105 0.1155 0.1155 0.115 0.115 0.115 0.11 0.11 0.11 0.11 0.111 0.111 0.111 0.1095 0.1095 0.114 0.114 0.114 0.114 0.114 0.113 0.113 0.1135 0.1135 0.116 0.116 0.116 0.1175 0.1175 0.122 0.122 0.1185 0.1185 0.1185 0.1285 0.1285 0.124 0.124 0.117 0.117 0.1235 0.1235 0.1235 0.123 0.123 0.119 0.119 0.1195 0.1195 0.1195 0.1235 0.1235 0.113 0.113 0.108 0.108 0.108 0.1095 0.1095 0.103 0.103 0.1035 0.1035 0.1035 0.101 0.101 0.095 0.095 0.09450001 0.09450001 0.09450001
0.106 0.1085 0.1085 0.1085 0.1125 0.1125 0.1105 0.1105 0.1155 0.1155 0.115 0.115 0.115 0.11 0.11 0.11 0.11 0.111 0.111 0.111 0.1095 0.1095 0.114 0.114 0.114 0.114 0.114 0.113 0.113 0.1135 0.1135 0.116 0.116 0.116 0.1175 0.1175 0.122 0.122 0.1185 0.1185 0.1185 0.1285 0.1285 0.124 0.124 0.117 0.117 0.1235 0.1235 0.1235 0.123 0.123 0.119 0.119 0.1195 0.1195 0.1195 0.1235 0.1235 0.113 0.113 0.108 0.108 0.108 0.1095 0.1095 0.103 0.103 0.1035 0.1035 0.1035 0.101 0.101 0.095 0.095 0.09450001 0.09450001 0.09450001
0.106 0.1085 0.1085 0.1085 0.1125 0.1125 0.1105 0.1105 0.1155 0.1155 0.115 0.115 0.115 0.11 0.11 0.11 0.11 0.111 0.111 0.111 0.1095 0.1095 0.114 0.114 0.114 0.114 0.114 0.113 0.113 0.1135 0.1135 0.116 0.116 0.116 0.1175 0.1175 0.122 0.122 0.1185 0.1185 0.1185 0.1285 0.1285 0.124 0.124 0.117 0.117 0.1235 0.1235 0.1235 0.123 0.123 0.119 0.119 0.1195 0.1195 0.1195 0.1235 0.1235 0.113 0.113 0.108 0.108 0.108 0.1095 0.1095 0.103 0.103 0.1035 0.1035 0.1035 0.101 0.101 0.095 0.095 0.09450001 0.09450001 0.09450001
0.1115 0.1105 0.1105 0.1105 0.119 0.119 0.121 0.121 0.119 0.119 0.1185 0.1185 0.1185 0.1265 0.1265 0.119 0.119 0.119 0.119 0.119 0.121 0.121 0.124 0.124 0.127 0.127 0.127 0.1235 0.1235 0.1285 0.1285 0.1245 0.1245 0.1245 0.124 0.124 0.119 0.119 0.1245 0.1245 0.1245 0.1255 0.1255 0.1245 0.1245 0.123 0.123 0.1255 0.1255 0.1255 0.121 0.121 0.1185 0.1185 0.1185 0.1185 0.1185 0.1175 0.1175 0.112 0.112 0.1125 0.1125 0.1125 0.1075 0.1075 0.109 0.109 0.1035 0.1035 0.1035 0.105 0.105 0.101 0.101 0.1025 0.1025 0.1025
0.1115 0.1105 0.1105 0.1105 0.119 0.119 0.121 0.121 0.119 0.119 0.1185 0.1185 0.1185 0.1265 0.1265 0.119 0.119 0.119 0.119 0.119 0.121 0.121 0.124 0.124 0.127 0.127 0.127 0.1235 0.1235 0.1285 0.1285 0.1245 0.1245 0.1245 0.124 0.124 0.119 0.119 0.1245 0.1245 0.1245 0.1255 0.1255 0.1245 0.1245 0.123 0.123 0.1255 0.1255 0.1255 0.121 0.121 0.1185 0.1185 0.1185 0.1185 0.1185 0.1175 0.1175 0.112 0.112 0.1125 0.1125 0.1125 0.1075 0.1075 0.109 0.109 0.1035 0.1035 0.1035 0.105 0.105 0.101 0.101 0.1025 0.1025 0.1025
0.109 0.116 0.116 0.116 0.122 0.122 0.1245 0.1245 0.1185 0.1185 0.1175 0.1175 0.1175 0.1185 0.1185 0.1235 0.1235 0.125 0.125 0.125 0.122 0.122 0.121 0.121 0.122 0.122 0.122 0.122 0.122 0.1285 0.1285 0.118 0.118 0.118 0.1205 0.1205 0.12 0.12 0.119 0.119 0.119 0.121 0.121 0.123 0.123 0.1215 0.1215 0.123 0.123 0.123 0.122 0.122 0.124 0.124 0.1165 0.1165 0.1165 0.116 0.116 0.116 0.116 0.1165 0.1165 0.1165 0.11 0.11 0.106 0.106 0.11 0.11 0.11 0.104 0.104 0.105 0.105 0.102 0.102 0.102
0.109 0.116 0.116 0.116 0.122 0.122 0.1245 0.1245 0.1185 0.1185 0.1175 0.1175 0.1175 0.1185 0.1185 0.1235 0.1235 0.125 0.125 0.125 0.122 0.122 0.121 0.121 0.122 0.122 0.122 0.122 0.122 0.1285 0.1285 0.118 0.118 0.118 0.1205 0.1205 0.12 0.12 0.119 0.119 0.119 0.121 0.121 0.123 0.123 0.1215 0.1215 0.123 0.123 0.123 0.122 0.122 0.124 0.124 0.1165 0.1165 0.1165 0.116 0.116 0.116 0.116 0.1165 0.1165 0.1165 0.11 0.11 0.106 0.106 0.11 0.11 0.11 0.104 0.104 0.105 0.105 0.102 0.102 0.102
0.1235 0.1215 0.1215 0.1215 0.1155 0.1155 0.1165 0.1165 0.117 0.117 0.1235 0.1235 0.1235 0.1235 0.1235 0.1265 0.1265 0.1305 0.1305 0.1305 0.122 0.122 0.1275 0.1275 0.1165 0.1165 0.1165 0.119 0.119 0.118 0.118 0.116 0.116 0.116 0.115 0.115 0.1125 0.1125 0.1155 0.1155 0.1155 0.109 0.109 0.116 0.116 0.1255 0.1255 0.1285 0.1285 0.1285 0.1245 0.1245 0.1185 0.1185 0.122 0.122 0.122 0.1125 0.1125 0.113 0.113 0.113 0.113 0.113 0.1095 0.1095 0.1075 0.1075 0.108 0.108 0.108 0.1085 0.1085 0.106 0.106 0.1045 0.1045 0.1045
0.1235 0.1215 0.1215 0.1215 0.1155 0.1155 0.1165 0.1165 0.117 0.117 0.1235 0.1235 0.1235 0.1235 0.1235 0.1265 0.1265 0.1305 0.1305 0.1305 0.122 0.122 0.1275 0.1275 0.1165 0.1165 0.1165 0.119 0.119 0.118 0.118 0.116 0.116 0.116 0.115 0.115 0.1125 0.1125 0.1155 0.1155 0.1155 0.109 0.109 0.116 0.116 0.1255 0.1255 0.1285 0.1285 0.1285 0.1245 0.1245 0.1185 0.1185 0.122 0.122 0.122 0.1125 0.1125 0.113 0.113 0.113 0.113 0.113 0.1095 0.1095 0.1075 0.1075 0.108 0.108 0.108 0.1085 0.1085 0.106 0.106 0.1045 0.1045 0.1045
0.119 0.125 0.125 0.125 0.115 0.115 0.119 0.119 0.1195 0.1195 0.1205 0.1205 0.1205 0.1235 0.1235 0.129 0.129 0.123 0.123 0.123 0.1235 0.1235 0.127 0.127 0.1245 0.1245 0.1245 0.1215 0.1215 0.121 0.121 0.114 0.114 0.114 0.115 0.115 0.1075 0.1075 0.111 0.111 0.111 0.118 0.118 0.1205 0.1205 0.1325 0.1325 0.1255 0.1255 0.1255 0.118 0.118 0.1205 0.1205 0.116 0.116 0.116 0.112 0.112 0.1075 0.1075 0.0985 0.0985 0.0985 0.095 0.095 0.0975 0.0975 0.0955 0.0955 0.0955 0.1005 0.1005 0.1085 0.1085 0.1045 0.1045 0.1045
0.119 0.125 0.125 0.125 0.115 0.115 0.119 0.119 0.1195 0.1195 0.1205 0.1205 0.1205 0.1235 0.1235 0.129 0.129 0.123 0.123 0.123 0.1235 0.1235 0.127 0.127 0.1245 0.1245 0.1245 0.1215 0.1215 0.121 0.121 0.114 0.114 0.114 0.115 0.115 0.1075 0.1075 0.111 0.111 0.111 0.118 0.118 0.1205 0.1205 0.1325 0.1325 0.1255 0.1255 0.1255 0.118 0.118 0.1205 0.1205 0.116 0.116 0.116 0.112 0.112 0.1075 0.1075 0.0985 0.0985 0.0985 0.095 0.095 0.0975 0.0975 0.0955 0.0955 0.0955 0.1005 0.1005 0.1085 0.1085 0.1045 0.1045 0.1045
0.119 0.125 0.125 0.125 0.115 0.115 0.119 0.119 0.1195 0.1195 0.1205 0.1205 0.1205 0.1235 0.1235 0.129 0.129 0.123 0.123 0.123 0.1235 0.1235 0.127 0.127 0.1245 0.1245 0.1245 0.1215 0.1215 0.121 0.121 0.114 0.114 0.114 0.115 0.115 0.1075 0.1075 0.111 0.111 0.111 0.118 0.118 0.1205 0.1205 0.1325 0.1325 0.1255 0.1255 0.1255 0.118 0.118 0.1205 0.1205 0.116 0.116 0.116 0.112 0.112 0.1075 0.1075 0.0985 0.0985 0.0985 0.095 0.095 0.0975 0.0975 0.0955 0.0955 0.0955 0.1005 0.1005 0.1085 0.1085 0.1045 0.1045 0.1045
0.1225 0.1235 0.1235 0.1235 0.1235 0.1235 0.13 0.13 0.126 0.126 0.1265 0.1265 0.1265 0.13 0.13 0.126 0.126 0.1345 0.1345 0.1345 0.122 0.122 0.1225 0.1225 0.118 0.118 0.118 0.121 0.121 0.125 0.125 0.117 0.117 0.117 0.114 0.114 0.1185 0.1185 0.112 0.112 0.112 0.12 0.12 0.1205 0.1205 0.1185 0.1185 0.1015 0.1015 0.1015 0.102 0.102 0.121 0.121 0.1225 0.1225 0.1225 0.1085 0.1085 0.0955 0.0955 0.0945 0.0945 0.0945 0.09299999 0.09299999 0.0935 0.0935 0.0955 0.0955 0.0955 0.098 0.098 0.1075 0.1075 0.112 0.112 0.112
0.1225 0.1235 0.1235 0.1235 0.1235 0.1235 0.13 0.13 0.126 0.126 0.1265 0.1265 0.1265 0.13 0.13 0.126 0.126 0.1345 0.1345 0.1345 0.122 0.122 0.1225 0.1225 0.118 0.118 0.118 0.121 0.121 0.125 0.125 0.117 0.117 0.117 0.114 0.114 0.1185 0.1185 0.112 0.112 0.112 0.12 0.12 0.1205 0.1205 0.1185 0.1185 0.1015 0.1015 0.1015 0.102 0.102 0.121 0.121 0.1225 0.1225 0.1225 0.1085 0.1085 0.0955 0.0955 0.0945 0.0945 0.0945 0.09299999 0.09299999 0.0935 0.0935 0.0955 0.0955 0.0955 0.098 0.098 0.1075 0.1075 0.112 0.112 0.112
0.122 0.122 0.122 0.122 0.123 0.123 0.127 0.127 0.133 0.133 0.13 0.13 0.13 0.1305 0.1305 0.1325 0.1325 0.128 0.128 0.128 0.1255 0.1255 0.1315 0.1315 0.125 0.125 0.125 0.1195 0.1195 0.118 0.118 0.1145 0.1145 0.1145 0.1115 0.1115 0.108 0.108 0.104 0.104 0.104 0.1035 0.1035 0.095 0.095 0.08 0.08 0.0775 0.0775 0.0775 0.1055 0.1055 0.106 0.106 0.1045 0.1045 0.1045 0.105 0.105 0.105 0.105 0.098 0.098 0.098 0.0995 0.0995 0.0975 0.0975 0.1055 0.1055 0.1055 0.104 0.104 0.1095 0.1095 0.1105 0.1105 0.1105
0.122 0.122 0.122 0.122 0.123 0.123 0.127 0.127 0.133 0.133 0.13 0.13 0.13 0.1305 0.1305 0.1325 0.1325 0.128 0.128 0.128 0.1255 0.1255 0.1315 0.1315 0.125 0.125 0.125 0.1195 0.1195 0.118 0.118 0.1145 0.1145 0.1145 0.1115 0.1115 0.108 0.108 0.104 0.104 0.104 0.1035 0.1035 0.095 0.095 0.08 0.08 0.0775 0.0775 0.0775 0.1055 0.1055 0.106 0.106 0.1045 0.1045 0.1045 0.105 0.105 0.105 0.105 0.098 0.098 0.098 0.0995 0.0995 0.0975 0.0975 0.1055 0.1055 0.1055 0.104 0.104 0.1095 0.1095 0.1105 0.1105 0.1105
0.132 0.161 0.161 0.161 0.115 0.115 0.1075 0.1075 0.1125 0.1125 0.1175 0.1175 0.1175 0.118 0.118 0.1195 0.1195 0.1225 0.1225 0.1225 0.1105 0.1105 0.111 0.111 0.105 0.105 0.105 0.0935 0.0935 0.095 0.095 0.1 0.1 0.1 0.1075 0.1075 0.1165 0.1165 0.1155 0.1155 0.1155 0.1185 0.1185 0.119 0.119 0.1205 0.1205 0.116 0.116 0.116 0.113 0.113 0.109 0.109 0.11 0.11 0.11 0.1095 0.1095 0.109 0.109 0.103 0.103 0.103 0.1025 0.1025 0.106 0.106 0.1045 0.1045 0.1045 0.108 0.108 0.1075 0.1075 0.104 0.104 0.104
0.132 0.161 0.161 0.161 0.115 0.115 0.1075 0.1075 0.1125 0.1125 0.1175 0.1175 0.1175 0.118 0.118 0.1195 0.1195 0.1225 0.1225 0.1225 0.1105 0.1105 0.111 0.111 0.105 0.105 0.105 0.0935 0.0935 0.095 0.095 0.1 0.1 0.1 0.1075 0.1075 0.1165 0.1165 0.1155 0.1155 0.1155 0.1185 0.1185 0.119 0.119 0.1205 0.1205 0.116 0.116 0.116 0.113 0.113 0.109 0.109 0.11 0.11 0.11 0.1095 0.1095 0.109 0.109 0.103 0.103 0.103 0.1025 0.1025 0.106 0.106 0.1045 0.1045 0.1045 0.108 0.108 0.1075 0.1075 0.104 0.104 0.104
0.132 0.161 0.161 0.161 0.115 0.115 0.1075 0.1075 0.1125 0.1125 0.1175 0.1175 0.1175 0.118 0.118 0.1195 0.1195 0.1225 0.1225 0.1225 0.1105 0.1105 0.111 0.111 0.105 0.105 0.105 0.0935 0.0935 0.095 0.095 0.1 0.1 0.1 0.1075 0.1075 0.1165 0.1165 0.1155 0.1155 0.1155 0.1185 0.1185 0.119 0.119 0.1205 0.1205 0.116 0.116 0.116 0.113 0.113 0.109 0.109 0.11 0.11 0.11 0.1095 0.1095 0.109 0.109 0.103 0.103 0.103 0.1025 0.1025 0.106 0.106 0.1045 0.1045 0.1045 0.108 0.108 0.1075 0.1075 0.104 0.104 0.104
0.1385 0.1475 0.1475 0.1475 0.126 0.126 0.113 0.113 0.121 0.121 0.1195 0.1195 0.1195 0.1285 0.1285 0.13 0.13 0.1245 0.1245 0.1245 0.124 0.124 0.1165 0.1165 0.111 0.111 0.111 0.114 0.114 0.1025 0.1025 0.1115 0.1115 0.1115 0.1335 0.1335 0.1275 0.1275 0.118 0.118 0.118 0.115 0.115 0.117 0.117 0.117 0.117 0.1155 0.1155 0.1155 0.1105 0.1105 0.112 0.112 0.11 0.11 0.11 0.1085 0.1085 0.1165 0.1165 0.1165 0.1165 0.1165 0.115 0.115 0.114 0.114 0.1115 0.1115 0.1115 0.1175 0.1175 0.1025 0.1025 0.098 0.098 0.098
0.1385 0.1475 0.1475 0.1475 0.126 0.126 0.113 0.113 0.121 0.121 0.1195 0.1195 0.1195 0.1285 0.1285 0.13 0.13 0.1245 0.1245 0.1245 0.124 0.124 0.1165 0.1165 0.111 0.111 0.111 0.114 0.114 0.1025 0.1025 0.1115 0.1115 0.1115 0.1335 0.1335 0.1275 0.1275 0.118 0.118 0.118 0.115 0.115 0.117 0.117 0.117 0.117 0.1155 0.1155 0.1155 0.1105 0.1105 0.112 0.112 0.11 0.11 0.11 0.1085 0.1085 0.1165 0.1165 0.1165 0.1165 0.1165 0.115 0.115 0.114 0.114 0.1115 0.1115 0.1115 0.1175 0.1175 0.1025 0.1025 0.098 0.098 0.098
0.131 0.154 0.154 0.154 0.145 0.145 0.1355 0.1355 0.125 0.125 0.123 0.123 0.123 0.118 0.118 0.1325 0.1325 0.1465 0.1465 0.1465 0.1445 0.1445 0.1495 0.1495 0.144 0.144 0.144 0.1425 0.1425 0.1395 0.1395 0.148 0.148 0.148 0.138 0.138 0.124 0.124 0.1205 0.1205 0.1205 0.12 0.12 0.1165 0.1165 0.1175 0.1175 0.111 0.111 0.111 0.111 0.111 0.1095 0.1095 0.114 0.114 0.114 0.116 0.116 0.1165 0.1165 0.1195 0.1195 0.1195 0.1185 0.1185 0.1145 0.1145 0.116 0.116 0.116 0.113 0.113 0.101 0.101 0.0975 0.0975 0.0975
0.131 0.154 0.154 0.154 0.145 0.145 0.1355 0.1355 0.125 0.125 0.123 0.123 0.123 0.118 0.118 0.1325 0.1325 0.1465 0.1465 0.1465 0.1445 0.1445 0.1495 0.1495 0.144 0.144 0.144 0.1425 0.1425 0.1395 0.1395 0.148 0.148 0.148 0.138 0.138 0.124 0.124 0.1205 0.1205 0.1205 0.12 0.12 0.1165 0.1165 0.1175 0.1175 0.111 0.111 0.111 0.111 0.111 0.1095 0.1095 0.114 0.114 0.114 0.116 0.116 0.1165 0.1165 0.1195 0.1195 0.1195 0.1185 0.1185 0.1145 0.1145 0.116 0.116 0.116 0.113 0.113 0.101 0.101 0.0975 0.0975 0.0975
0.1335 0.16 0.16 0.16 0.194 0.194 0.1675 0.1675 0.147 0.147 0.149 0.149 0.149 0.1405 0.1405 0.1495 0.1495 0.1485 0.1485 0.1485 0.1415 0.1415 0.1455 0.1455 0.1395 0.1395 0.1395 0.146 0.146 0.148 0.148 0.1345 0.1345 0.1345 0.1325 0.1325 0.1245 0.1245 0.1225 0.1225 0.1225 0.1165 0.1165 0.12 0.12 0.123 0.123 0.1225 0.1225 0.1225 0.1185 0.1185 0.1155 0.1155 0.1175 0.1175 0.1175 0.118 0.118 0.1195 0.1195 0.1185 0.1185 0.1185 0.1185 0.1185 0.114 0.114 0.1125 0.1125 0.1125 0.1115 0.1115 0.11 0.11 0.1075 0.1075 0.1075
0.1335 0.16 0.16 0.16 0.194 0.194 0.1675 0.1675 0.147 0.147 0.149 0.149 0.149 0.1405 0.1405 0.1495 0.1495 0.1485 0.1485 0.1485 0.1415 0.1415 0.1455 0.1455 0.1395 0.1395 0.1395 0.146 0.146 0.148 0.148 0.1345 0.1345 0.1345 0.1325 0.1325 0.1245 0.1245 0.1225 0.1225 0.1225 0.1165 0.1165 0.12 0.12 0.123 0.123 0.1225 0.1225 0.1225 0.1185 0.1185 0.1155 0.1155 0.1175 0.1175 0.1175 0.118 0.118 0.1195 0.1195 0.1185 0.1185 0.1185 0.1185 0.1185 0.114 0.114 0.1125 0.1125 0.1125 0.1115 0.1115 0.11 0.11 0.1075 0.1075 0.1075
0.1335 0.16 0.16 0.16 0.194 0.194 0.1675 0.1675 0.147 0.147 0.149 0.149 0.149 0.1405 0.1405 0.1495 0.1495 0.1485 0.1485 0.1485 0.1415 0.1415 0.1455 0.1455 0.1395 0.1395 0.1395 0.146 0.146 0.148 0.148 0.1345 0.1345 0.1345 0.1325 0.1325 0.1245 0.1245 0.1225 0.1225 0.1225 0.1165 0.1165 0.12 0.12 0.123 0.123 0.1225 0.1225 0.1225 0.1185 0.1185 0.1155 0.1155 0.1175 0.1175 0.1175 0.118 0.118 0.1195 0.1195 0.1185 0.1185 0.1185 0.1185 0.1185 0.114 0.114 0.1125 0.1125 0.1125 0.1115 0.1115 0.11 0.11 0.1075 0.1075 0.1075
0.1205 0.15 0.15 0.15 0.1775 0.1775 0.1755 0.1755 0.139 0.139 0.134 0.134 0.134 0.135 0.135 0.137 0.137 0.144 0.144 0.144 0.141 0.141 0.1345 0.1345 0.142 0.142 0.142 0.138 0.138 0.129 0.129 0.1245 0.1245 0.1245 0.124 0.124 0.124 0.124 0.121 0.121 0.121 0.119 0.119 0.1255 0.1255 0.1315 0.1315 0.1295 0.1295 0.1295 0.125 0.125 0.1195 0.1195 0.1175 0.1175 0.1175 0.1145 0.1145 0.1245 0.1245 0.1255 0.1255 0.1255 0.1215 0.1215 0.1275 0.1275 0.125 0.125 0.125 0.1155 0.1155 0.1135 0.1135 0.113 0.113 0.113
0.1205 0.15 0.15 0.15 0.1775 0.1775 0.1755 0.1755 0.139 0.139 0.134 0.134 0.134 0.135 0.135 0.137 0.137 0.144 0.144 0.144 0.141 0.141 0.1345 0.1345 0.142 0.142 0.142 0.138 0.138 0.129 0.129 0.1245 0.1245 0.1245 0.124 0.124 0.124 0.124 0.121 0.121 0.121 0.119 0.119 0.1255 0.1255 0.1315 0.1315 0.1295 0.1295 0.1295 0.125 0.125 0.1195 0.1195 0.1175 0.1175 0.1175 0.1145 0.1145 0.1245 0.1245 0.1255 0.1255 0.1255 0.1215 0.1215 0.1275 0.1275 0.125 0.125 0.125 0.1155 0.1155 0.1135 0.1135 0.113 0.113 0.113
0.1275 0.136 0.136 0.136 0.1545 0.1545 0.164 0.164 0.1265 0.1265 0.1265 0.1265 0.1265 0.1275 0.1275 0.134 0.134 0.138 0.138 0.138 0.1315 0.1315 0.1435 0.1435 0.1415 0.1415 0.1415 0.1535 0.1535 0.1345 0.1345 0.125 0.125 0.125 0.1265 0.1265 0.131 0.131 0.1305 0.1305 0.1305 0.1265 0.1265 0.1295 0.1295 0.135 0.135 0.1315 0.1315 0.1315 0.1395 0.1395 0.1325 0.1325 0.1305 0.1305 0.1305 0.1255 0.1255 0.129 0.129 0.1285 0.1285 0.1285 0.134 0.134 0.1335 0.1335 0.1265 0.1265 0.1265 0.1195 0.1195 0.114 0.114 0.118 0.118 0.118
0.1275 0.136 0.136 0.136 0.1545 0.1545 0.164 0.164 0.1265 0.1265 0.1265 0.1265 0.1265 0.1275 0.1275 0.134 0.134 0.138 0.138 0.138 0.1315 0.1315 0.1435 0.1435 0.1415 0.1415 0.1415 0.1535 0.1535 0.1345 0.1345 0.125 0.125 0.125 0.1265 0.1265 0.131 0.131 0.1305 0.1305 0.1305 0.1265 0.1265 0.1295 0.1295 0.135 0.135 0.1315 0.1315 0.1315 0.1395 0.1395 0.1325 0.1325 0.1305 0.1305 0.1305 0.1255 0.1255 0.129 0.129 0.1285 0.1285 0.1285 0.134 0.134 0.1335 0.1335 0.1265 0.1265 0.1265 0.1195 0.1195 0.114 0.114 0.118 0.118 0.118
0.1335 0.1335 0.1335 0.1335 0.1515 0.1515 0.138 0.138 0.129 0.129 0.1185 0.1185 0.1185 0.1255 0.1255 0.136 0.136 0.1345 0.1345 0.1345 0.119 0.119 0.139 0.139 0.139 0.139 0.139 0.1455 0.1455 0.1425 0.1425 0.135 0.135 0.135 0.13 0.13 0.1285 0.1285 0.133 0.133 0.133 0.1275 0.1275 0.125 0.125 0.137 0.137 0.1355 0.1355 0.1355 0.149 0.149 0.144 0.144 0.1385 0.1385 0.1385 0.1375 0.1375 0.134 0.134 0.1305 0.1305 0.1305 0.134 0.134 0.138 0.138 0.131 0.131 0.131 0.127 0.127 0.1205 0.1205 0.12 0.12 0.12
0.1335 0.1335 0.1335 0.1335 0.1515 0.1515 0.138 0.138 0.129 0.129 0.1185 0.1185 0.1185 0.1255 0.1255 0.136 0.136 0.1345 0.1345 0.1345 0.119 0.119 0.139 0.139 0.139 0.139 0.139 0.1455 0.1455 0.1425 0.1425 0.135 0.135 0.135 0.13 0.13 0.1285 0.1285 0.133 0.133 0.133 0.1275 0.1275 0.125 0.125 0.137 0.137 0.1355 0.1355 0.1355 0.149 0.149 0.144 0.144 0.1385 0.1385 0.1385 0.1375 0.1375 0.134 0.134 0.1305 0.1305 0.1305 0.134 0.134 0.138 0.138 0.131 0.131 0.131 0.127 0.127 0.1205 0.1205 0.12 0.12 0.12
