ndvi/NOAA-147.asc
ncols         252
nrows         154
xllcorner     -18.017974
yllcorner     13.481982
cellsize      0.035948
NODATA_value  -9999
[rows 68 to 101 of 154, columns 0 to 76 of 252]
-1 -1 -1 -1 -1 -1 -1 -1 -1 -1 -1 -1 -1 -1 -1 -1 -1 -1 -1 -1 -1 -1 -1 -1 -1 -1 -1 -1 -1 -1 -1 -1 -1 -1 -1 -1 -1 -1 -1 0.1985 0.1985 0.1985 0.2025 0.2025 0.348 0.348 0.344 0.344 0.344 0.2825 0.2825 0.2765 0.2765 0.2605 0.2605 0.2645 0.2645 0.2645 0.3365 0.3365 0.348 0.348 0.348 0.348 0.348 0.3015 0.3015 0.309 0.309 0.2185 0.2185 0.2185 0.1995 0.1995 0.1895 0.1895 0.187
-1 -1 -1 -1 -1 -1 -1 -1 -1 -1 -1 -1 -1 -1 -1 -1 -1 -1 -1 -1 -1 -1 -1 -1 -1 -1 -1 -1 -1 -1 -1 -1 -1 -1 -1 -1 -1 -1 -1 0.2355 0.2355 0.2355 0.276 0.276 0.377 0.377 0.292 0.292 0.292 0.3085 0.3085 0.275 0.275 0.2515 0.2515 0.181 0.181 0.181 0.354 0.354 0.331 0.331 0.331 0.331 0.331 0.2935 0.2935 0.2325 0.2325 0.1925 0.1925 0.1925 0.197 0.197 0.196 0.196 0.201
-1 -1 -1 -1 -1 -1 -1 -1 -1 -1 -1 -1 -1 -1 -1 -1 -1 -1 -1 -1 -1 -1 -1 -1 -1 -1 -1 -1 -1 -1 -1 -1 -1 -1 -1 -1 -1 -1 -1 0.2355 0.2355 0.2355 0.276 0.276 0.377 0.377 0.292 0.292 0.292 0.3085 0.3085 0.275 0.275 0.2515 0.2515 0.181 0.181 0.181 0.354 0.354 0.331 0.331 0.331 0.331 0.331 0.2935 0.2935 0.2325 0.2325 0.1925 0.1925 0.1925 0.197 0.197 0.196 0.196 0.201
-1 -1 -1 -1 -1 -1 -1 -1 -1 -1 -1 -1 -1 -1 -1 -1 -1 -1 -1 -1 -1 -1 -1 -1 -1 -1 -1 -1 -1 -1 -1 -1 -1 -1 -1 -1 -1 0.0705 0.0705 0.166 0.166 0.166 0.307 0.307 0.291 0.291 0.2735 0.2735 0.2735 0.247 0.247 0.2175 0.2175 0.222 0.222 0.1835 0.1835 0.1835 0.2295 0.2295 0.302 0.302 0.302 0.302 0.302 0.2265 0.2265 0.229 0.229 0.2115 0.2115 0.2115 0.2105 0.2105 0.221 0.221 0.208
-1 -1 -1 -1 -1 -1 -1 -1 -1 -1 -1 -1 -1 -1 -1 -1 -1 -1 -1 -1 -1 -1 -1 -1 -1 -1 -1 -1 -1 -1 -1 -1 -1 -1 -1 -1 -1 0.0705 0.0705 0.166 0.166 0.166 0.307 0.307 0.291 0.291 0.2735 0.2735 0.2735 0.247 0.247 0.2175 0.2175 0.222 0.222 0.1835 0.1835 0.1835 0.2295 0.2295 0.302 0.302 0.302 0.302 0.302 0.2265 0.2265 0.229 0.229 0.2115 0.2115 0.2115 0.2105 0.2105 0.221 0.221 0.208
-1 -1 -1 -1 -1 -1 -1 -1 -1 -1 -1 -1 -1 -1 -1 -1 -1 -1 -1 -1 -1 -1 -1 -1 -1 -1 -1 -1 -1 -1 -1 -1 -1 -1 -1 -1 -1 0.0705 0.0705 0.166 0.166 0.166 0.307 0.307 0.291 0.291 0.2735 0.2735 0.2735 0.247 0.247 0.2175 0.2175 0.222 0.222 0.1835 0.1835 0.1835 0.2295 0.2295 0.302 0.302 0.302 0.302 0.302 0.2265 0.2265 0.229 0.229 0.2115 0.2115 0.2115 0.2105 0.2105 0.221 0.221 0.208
-1 -1 -1 -1 -1 -1 -1 -1 -1 -1 -1 -1 -1 -1 -1 -1 -1 -1 -1 -1 -1 -1 -1 -1 -1 -1 -1 -1 -1 -1 -1 -1 -1 -1 -1 -1 -1 0.0185 0.0185 0.1735 0.1735 0.1735 0.295 0.295 0.2875 0.2875 0.2345 0.2345 0.2345 0.219 0.219 0.2155 0.2155 0.1895 0.1895 0.2015 0.2015 0.2015 0.2045 0.2045 0.2395 0.2395 0.2395 0.2395 0.2395 0.225 0.225 0.2355 0.2355 0.223 0.223 0.223 0.221 0.221 0.2235 0.2235 0.2195
-1 -1 -1 -1 -1 -1 -1 -1 -1 -1 -1 -1 -1 -1 -1 -1 -1 -1 -1 -1 -1 -1 -1 -1 -1 -1 -1 -1 -1 -1 -1 -1 -1 -1 -1 -1 -1 0.0185 0.0185 0.1735 0.1735 0.1735 0.295 0.295 0.2875 0.2875 0.2345 0.2345 0.2345 0.219 0.219 0.2155 0.2155 0.1895 0.1895 0.2015 0.2015 0.2015 0.2045 0.2045 0.2395 0.2395 0.2395 0.2395 0.2395 0.225 0.225 0.2355 0.2355 0.223 0.223 0.223 0.221 0.221 0.2235 0.2235 0.2195
-1 -1 -1 -1 -1 -1 -1 -1 -1 -1 -1 -1 -1 -1 -1 -1 -1 -1 -1 -1 -1 -1 -1 -1 -1 -1 -1 -1 -1 -1 -1 -1 -1 -1 -1 -1 -1 -0.0029 -0.0029 0.1665 0.1665 0.1665 0.268 0.268 0.2715 0.2715 0.224 0.224 0.224 0.2305 0.2305 0.2155 0.2155 0.22 0.22 0.2365 0.2365 0.2365 0.231 0.231 0.226 0.226 0.226 0.226 0.226 0.2315 0.2315 0.2345 0.2345 0.222 0.222 0.222 0.211 0.211 0.21 0.21 0.203
-1 -1 -1 -1 -1 -1 -1 -1 -1 -1 -1 -1 -1 -1 -1 -1 -1 -1 -1 -1 -1 -1 -1 -1 -1 -1 -1 -1 -1 -1 -1 -1 -1 -1 -1 -1 -1 -0.0029 -0.0029 0.1665 0.1665 0.1665 0.268 0.268 0.2715 0.2715 0.224 0.224 0.224 0.2305 0.2305 0.2155 0.2155 0.22 0.22 0.2365 0.2365 0.2365 0.231 0.231 0.226 0.226 0.226 0.226 0.226 0.2315 0.2315 0.2345 0.2345 0.222 0.222 0.222 0.211 0.211 0.21 0.21 0.203
-1 -1 -1 -1 -1 -1 -1 -1 -1 -1 -1 -1 -1 -1 -1 -1 -1 -1 -1 -1 -1 -1 -1 -1 -1 -1 -1 -1 -1 -1 -1 -1 -1 -1 -1 -1 -1 0.0182 0.0182 0.2 0.2 0.2 0.23 0.23 0.263 0.263 0.2335 0.2335 0.2335 0.2355 0.2355 0.2195 0.2195 0.236 0.236 0.2395 0.2395 0.2395 0.2195 0.2195 0.2135 0.2135 0.2135 0.2135 0.2135 0.229 0.229 0.224 0.224 0.219 0.219 0.219 0.2075 0.2075 0.194 0.194 0.1965
-1 -1 -1 -1 -1 -1 -1 -1 -1 -1 -1 -1 -1 -1 -1 -1 -1 -1 -1 -1 -1 -1 -1 -1 -1 -1 -1 -1 -1 -1 -1 -1 -1 -1 -1 -1 -1 0.0182 0.0182 0.2 0.2 0.2 0.23 0.23 0.263 0.263 0.2335 0.2335 0.2335 0.2355 0.2355 0.2195 0.2195 0.236 0.236 0.2395 0.2395 0.2395 0.2195 0.2195 0.2135 0.2135 0.2135 0.2135 0.2135 0.229 0.229 0.224 0.224 0.219 0.219 0.219 0.2075 0.2075 0.194 0.194 0.1965
-1 -1 -1 -1 -1 -1 -1 -1 -1 -1 -1 -1 -1 -1 -1 -1 -1 -1 -1 -1 -1 -1 -1 -1 -1 -1 -1 -1 -1 -1 -1 -1 -1 -1 -1 -1 -1 0.0582 0.0582 0.2025 0.2025 0.2025 0.2665 0.2665 0.2375 0.2375 0.229 0.229 0.229 0.2235 0.2235 0.2275 0.2275 0.2355 0.2355 0.2565 0.2565 0.2565 0.2175 0.2175 0.2205 0.2205 0.2205 0.2205 0.2205 0.2255 0.2255 0.225 0.225 0.2275 0.2275 0.2275 0.208 0.208 0.219 0.219 0.1965
-1 -1 -1 -1 -1 -1 -1 -1 -1 -1 -1 -1 -1 -1 -1 -1 -1 -1 -1 -1 -1 -1 -1 -1 -1 -1 -1 -1 -1 -1 -1 -1 -1 -1 -1 -1 -1 0.0582 0.0582 0.2025 0.2025 0.2025 0.2665 0.2665 0.2375 0.2375 0.229 0.229 0.229 0.2235 0.2235 0.2275 0.2275 0.2355 0.2355 0.2565 0.2565 0.2565 0.2175 0.2175 0.2205 0.2205 0.2205 0.2205 0.2205 0.2255 0.2255 0.225 0.225 0.2275 0.2275 0.2275 0.208 0.208 0.219 0.219 0.1965
-1 -1 -1 -1 -1 -1 -1 -1 -1 -1 -1 -1 -1 -1 -1 -1 -1 -1 -1 -1 -1 -1 -1 -1 -1 -1 -1 -1 -1 -1 -1 -1 -1 -1 -1 -1 -1 0.0582 0.0582 0.2025 0.2025 0.2025 0.2665 0.2665 0.2375 0.2375 0.229 0.229 0.229 0.2235 0.2235 0.2275 0.2275 0.2355 0.2355 0.2565 0.2565 0.2565 0.2175 0.2175 0.2205 0.2205 0.2205 0.2205 0.2205 0.2255 0.2255 0.225 0.225 0.2275 0.2275 0.2275 0.208 0.208 0.219 0.219 0.1965
-1 -1 -1 -1 -1 -1 -1 -1 -1 -1 -1 -1 -1 -1 -1 -1 -1 -1 -1 -1 -1 -1 -1 -1 -1 -1 -1 -1 -1 -1 -1 -1 -1 -1 -1 -1 -1 0.062 0.062 0.226 0.226 0.226 0.2415 0.2415 0.2185 0.2185 0.2165 0.2165 0.2165 0.225 0.225 0.2155 0.2155 0.2305 0.2305 0.2275 0.2275 0.2275 0.2205 0.2205 0.2235 0.2235 0.2235 0.2235 0.2235 0.228 0.228 0.233 0.233 0.231 0.231 0.231 0.2195 0.2195 0.218 0.218 0.204
-1 -1 -1 -1 -1 -1 -1 -1 -1 -1 -1 -1 -1 -1 -1 -1 -1 -1 -1 -1 -1 -1 -1 -1 -1 -1 -1 -1 -1 -1 -1 -1 -1 -1 -1 -1 -1 0.062 0.062 0.226 0.226 0.226 0.2415 0.2415 0.2185 0.2185 0.2165 0.2165 0.2165 0.225 0.225 0.2155 0.2155 0.2305 0.2305 0.2275 0.2275 0.2275 0.2205 0.2205 0.2235 0.2235 0.2235 0.2235 0.2235 0.228 0.228 0.233 0.233 0.231 0.231 0.231 0.2195 0.2195 0.218 0.218 0.204
-1 -1 -1 -1 -1 -1 -1 -1 -1 -1 -1 -1 -1 -1 -1 -1 -1 -1 -1 -1 -1 -1 -1 -1 -1 -1 -1 -1 -1 -1 -1 -1 -1 -1 -1 -1 -1 0.09 0.09 0.264 0.264 0.264 0.2555 0.2555 0.2115 0.2115 0.213 0.213 0.213 0.218 0.218 0.221 0.221 0.2295 0.2295 0.2145 0.2145 0.2145 0.2065 0.2065 0.2215 0.2215 0.2215 0.2215 0.2215 0.2305 0.2305 0.246 0.246 0.2215 0.2215 0.2215 0.2225 0.2225 0.21 0.21 0.202
-1 -1 -1 -1 -1 -1 -1 -1 -1 -1 -1 -1 -1 -1 -1 -1 -1 -1 -1 -1 -1 -1 -1 -1 -1 -1 -1 -1 -1 -1 -1 -1 -1 -1 -1 -1 -1 0.09 0.09 0.264 0.264 0.264 0.2555 0.2555 0.2115 0.2115 0.213 0.213 0.213 0.218 0.218 0.221 0.221 0.2295 0.2295 0.2145 0.2145 0.2145 0.2065 0.2065 0.2215 0.2215 0.2215 0.2215 0.2215 0.2305 0.2305 0.246 0.246 0.2215 0.2215 0.2215 0.2225 0.2225 0.21 0.21 0.202
-1 -1 -1 -1 -1 -1 -1 -1 -1 -1 -1 -1 -1 -1 -1 -1 -1 -1 -1 -1 -1 -1 -1 -1 -1 -1 -1 -1 -1 -1 -1 -1 -1 -1 -1 0.0132 0.0132 0.206 0.206 0.2545 0.2545 0.2545 0.2285 0.2285 0.2155 0.2155 0.2135 0.2135 0.2135 0.2135 0.2135 0.21 0.21 0.224 0.224 0.2355 0.2355 0.2355 0.2225 0.2225 0.232 0.232 0.232 0.232 0.232 0.229 0.229 0.2345 0.2345 0.222 0.222 0.222 0.224 0.224 0.2325 0.2325 0.2245
-1 -1 -1 -1 -1 -1 -1 -1 -1 -1 -1 -1 -1 -1 -1 -1 -1 -1 -1 -1 -1 -1 -1 -1 -1 -1 -1 -1 -1 -1 -1 -1 -1 -1 -1 0.0132 0.0132 0.206 0.206 0.2545 0.2545 0.2545 0.2285 0.2285 0.2155 0.2155 0.2135 0.2135 0.2135 0.2135 0.2135 0.21 0.21 0.224 0.224 0.2355 0.2355 0.2355 0.2225 0.2225 0.232 0.232 0.232 0.232 0.232 0.229 0.229 0.2345 0.2345 0.222 0.222 0.222 0.224 0.224 0.2325 0.2325 0.2245
-1 -1 -1 -1 -1 -1 -1 -1 -1 -1 -1 -1 -1 -1 -1 -1 -1 -1 -1 -1 -1 -1 -1 -1 -1 -1 -1 -1 -1 -1 -1 -1 -1 -1 -1 0.0132 0.0132 0.206 0.206 0.2545 0.2545 0.2545 0.2285 0.2285 0.2155 0.2155 0.2135 0.2135 0.2135 0.2135 0.2135 0.21 0.21 0.224 0.224 0.2355 0.2355 0.2355 0.2225 0.2225 0.232 0.232 0.232 0.232 0.232 0.229 0.229 0.2345 0.2345 0.222 0.222 0.222 0.224 0.224 0.2325 0.2325 0.2245
-1 -1 -1 -1 -1 -1 -1 -1 -1 -1 -1 -1 -1 -1 -1 -1 -1 -1 -1 -1 -1 -1 -1 -1 -1 -1 -1 -1 -1 -1 -1 -1 -1 -1 -1 0.058 0.058 0.241 0.241 0.223 0.223 0.223 0.215 0.215 0.212 0.212 0.203 0.203 0.203 0.22 0.22 0.2395 0.2395 0.2385 0.2385 0.2265 0.2265 0.2265 0.238 0.238 0.2245 0.2245 0.2245 0.2245 0.2245 0.2365 0.2365 0.2355 0.2355 0.2355 0.2355 0.2355 0.2175 0.2175 0.2335 0.2335 0.2255
-1 -1 -1 -1 -1 -1 -1 -1 -1 -1 -1 -1 -1 -1 -1 -1 -1 -1 -1 -1 -1 -1 -1 -1 -1 -1 -1 -1 -1 -1 -1 -1 -1 -1 -1 0.058 0.058 0.241 0.241 0.223 0.223 0.223 0.215 0.215 0.212 0.212 0.203 0.203 0.203 0.22 0.22 0.2395 0.2395 0.2385 0.2385 0.2265 0.2265 0.2265 0.238 0.238 0.2245 0.2245 0.2245 0.2245 0.2245 0.2365 0.2365 0.2355 0.2355 0.2355 0.2355 0.2355 0.2175 0.2175 0.2335 0.2335 0.2255
-1 -1 -1 -1 -1 -1 -1 -1 -1 -1 -1 -1 -1 -1 -1 -1 -1 -1 -1 -1 -1 -1 -1 -1 -1 -1 -1 -1 -1 -1 -1 -1 0.0562 0.0562 0.0562 0.2035 0.2035 0.229 0.229 0.2165 0.2165 0.2165 0.207 0.207 0.2085 0.2085 0.225 0.225 0.225 0.229 0.229 0.2285 0.2285 0.231 0.231 0.2355 0.2355 0.2355 0.2575 0.2575 0.2425 0.2425 0.2425 0.2425 0.2425 0.245 0.245 0.2425 0.2425 0.2405 0.2405 0.2405 0.235 0.235 0.2165 0.2165 0.2305
-1 -1 -1 -1 -1 -1 -1 -1 -1 -1 -1 -1 -1 -1 -1 -1 -1 -1 -1 -1 -1 -1 -1 -1 -1 -1 -1 -1 -1 -1 -1 -1 0.0562 0.0562 0.0562 0.2035 0.2035 0.229 0.229 0.2165 0.2165 0.2165 0.207 0.207 0.2085 0.2085 0.225 0.225 0.225 0.229 0.229 0.2285 0.2285 0.231 0.231 0.2355 0.2355 0.2355 0.2575 0.2575 0.2425 0.2425 0.2425 0.2425 0.2425 0.245 0.245 0.2425 0.2425 0.2405 0.2405 0.2405 0.235 0.235 0.2165 0.2165 0.2305
-1 -1 -1 -1 -1 -1 -1 -1 -1 -1 -1 -1 -1 -1 -1 -1 -1 -1 -1 -1 -1 -1 -1 -1 -1 -1 -1 -1 -1 -1 0.0287 0.0287 0.223 0.223 0.223 0.228 0.228 0.201 0.201 0.2015 0.2015 0.2015 0.2085 0.2085 0.213 0.213 0.2475 0.2475 0.2475 0.2315 0.2315 0.227 0.227 0.2395 0.2395 0.2405 0.2405 0.2405 0.2545 0.2545 0.2515 0.2515 0.2515 0.2515 0.2515 0.2595 0.2595 0.2485 0.2485 0.243 0.243 0.243 0.2485 0.2485 0.225 0.225 0.2315
-1 -1 -1 -1 -1 -1 -1 -1 -1 -1 -1 -1 -1 -1 -1 -1 -1 -1 -1 -1 -1 -1 -1 -1 -1 -1 -1 -1 -1 -1 0.0287 0.0287 0.223 0.223 0.223 0.228 0.228 0.201 0.201 0.2015 0.2015 0.2015 0.2085 0.2085 0.213 0.213 0.2475 0.2475 0.2475 0.2315 0.2315 0.227 0.227 0.2395 0.2395 0.2405 0.2405 0.2405 0.2545 0.2545 0.2515 0.2515 0.2515 0.2515 0.2515 0.2595 0.2595 0.2485 0.2485 0.243 0.243 0.243 0.2485 0.2485 0.225 0.225 0.2315
-1 -1 -1 -1 -1 -1 -1 -1 -1 -1 -1 -1 -1 -1 -1 -1 -1 -1 -1 -1 -1 -1 -1 -1 -1 -1 -1 -1 -1 -1 0.0287 0.0287 0.223 0.223 0.223 0.228 0.228 0.201 0.201 0.2015 0.2015 0.2015 0.2085 0.2085 0.213 0.213 0.2475 0.2475 0.2475 0.2315 0.2315 0.227 0.227 0.2395 0.2395 0.2405 0.2405 0.2405 0.2545 0.2545 0.2515 0.2515 0.2515 0.2515 0.2515 0.2595 0.2595 0.2485 0.2485 0.243 0.243 0.243 0.2485 0.2485 0.225 0.225 0.2315
-1 -1 -1 -1 -1 -1 -1 -1 -1 -1 -1 -1 -1 -1 -1 -1 -1 -1 -1 -1 -1 -1 -1 -1 -1 -1 -1 -1 -1 -1 0.115 0.115 0.2505 0.2505 0.2505 0.2405 0.2405 0.2155 0.2155 0.214 0.214 0.214 0.217 0.217 0.2355 0.2355 0.247 0.247 0.247 0.231 0.231 0.2235 0.2235 0.2265 0.2265 0.248 0.248 0.248 0.2535 0.2535 0.264 0.264 0.264 0.264 0.264 0.2385 0.2385 0.238 0.238 0.2365 0.2365 0.2365 0.232 0.232 0.2235 0.2235 0.2285
-1 -1 -1 -1 -1 -1 -1 -1 -1 -1 -1 -1 -1 -1 -1 -1 -1 -1 -1 -1 -1 -1 -1 -1 -1 -1 -1 -1 -1 -1 0.115 0.115 0.2505 0.2505 0.2505 0.2405 0.2405 0.2155 0.2155 0.214 0.214 0.214 0.217 0.217 0.2355 0.2355 0.247 0.247 0.247 0.231 0.231 0.2235 0.2235 0.2265 0.2265 0.248 0.248 0.248 0.2535 0.2535 0.264 0.264 0.264 0.264 0.264 0.2385 0.2385 0.238 0.238 0.2365 0.2365 0.2365 0.232 0.232 0.2235 0.2235 0.2285
-1 -1 -1 -1 -1 -1 -1 -1 -1 -1 -1 -1 -1 -1 -1 -1 -1 -1 -1 -1 -1 -1 -1 -1 -1 -1 -1 -1 0.0311 0.0311 0.238 0.238 0.2645 0.2645 0.2645 0.247 0.247 0.2265 0.2265 0.215 0.215 0.215 0.2235 0.2235 0.239 0.239 0.2225 0.2225 0.2225 0.2335 0.2335 0.2405 0.2405 0.2485 0.2485 0.254 0.254 0.254 0.254 0.254 0.264 0.264 0.264 0.264 0.264 0.2585 0.2585 0.207 0.207 0.228 0.228 0.228 0.2095 0.2095 0.2125 0.2125 0.226
-1 -1 -1 -1 -1 -1 -1 -1 -1 -1 -1 -1 -1 -1 -1 -1 -1 -1 -1 -1 -1 -1 -1 -1 -1 -1 -1 -1 0.0311 0.0311 0.238 0.238 0.2645 0.2645 0.2645 0.247 0.247 0.2265 0.2265 0.215 0.215 0.215 0.2235 0.2235 0.239 0.239 0.2225 0.2225 0.2225 0.2335 0.2335 0.2405 0.2405 0.2485 0.2485 0.254 0.254 0.254 0.254 0.254 0.264 0.264 0.264 0.264 0.264 0.2585 0.2585 0.207 0.207 0.228 0.228 0.228 0.2095 0.2095 0.2125 0.2125 0.226
-1 -1 -1 -1 -1 -1 -1 -1 -1 -1 -1 -1 -1 -1 -1 -1 -1 -1 -1 -1 -1 -1 -1 -1 -1 0.0507 0.0507 0.0507 0.127 0.127 0.291 0.291 0.263 0.263 0.263 0.236 0.236 0.2185 0.2185 0.24 0.24 0.24 0.2365 0.2365 0.2375 0.2375 0.229 0.229 0.229 0.237 0.237 0.248 0.248 0.249 0.249 0.243 0.243 0.243 0.2355 0.2355 0.237 0.237 0.237 0.237 0.237 0.2395 0.2395 0.2385 0.2385 0.2295 0.2295 0.2295 0.218 0.218 0.208 0.208 0.1975
