ndvi/NOAA-170.asc
ncols         252
nrows         154
xllcorner     -18.017974
yllcorner     13.481982
cellsize      0.035948
NODATA_value  -9999
[rows 68 to 101 of 154, columns 77 to 153 of 252]
0.208 0.208 0.239 0.239 0.2155 0.2155 0.2155 0.2155 0.2155 0.228 0.228 0.2285 0.2285 0.235 0.235 0.2725 0.2725 0.2725 0.2635 0.2635 0.273 0.273 0.2645 0.2645 0.2645 0.269 0.269 0.233 0.233 0.2215 0.2215 0.2215 0.2055 0.2055 0.199 0.199 0.1925 0.1925 0.1925 0.1885 0.1885 0.181 0.181 0.1685 0.1685 0.1685 0.14 0.14 0.176 0.176 0.1695 0.1695 0.1815 0.1815 0.1815 0.182 0.182 0.19 0.19 0.219 0.219 0.219 0.2185 0.2185 0.2275 0.2275 0.218 0.218 0.218 0.2065 0.2065 0.1975 0.1975 0.175 0.175 0.175 0.1365
0.2145 0.2145 0.215 0.215 0.208 0.208 0.204 0.204 0.204 0.2085 0.2085 0.2275 0.2275 0.2295 0.2295 0.2305 0.2305 0.2305 0.234 0.234 0.2275 0.2275 0.254 0.254 0.254 0.326 0.326 0.2855 0.2855 0.2365 0.2365 0.2365 0.216 0.216 0.1905 0.1905 0.2015 0.2015 0.2015 0.2135 0.2135 0.205 0.205 0.209 0.209 0.209 0.1775 0.1775 0.153 0.153 0.1625 0.1625 0.1815 0.1815 0.1815 0.193 0.193 0.1995 0.1995 0.2045 0.2045 0.2045 0.229 0.229 0.2415 0.2415 0.22 0.22 0.22 0.2085 0.2085 0.1995 0.1995 0.186 0.186 0.186 0.139
0.2145 0.2145 0.215 0.215 0.208 0.208 0.204 0.204 0.204 0.2085 0.2085 0.2275 0.2275 0.2295 0.2295 0.2305 0.2305 0.2305 0.234 0.234 0.2275 0.2275 0.254 0.254 0.254 0.326 0.326 0.2855 0.2855 0.2365 0.2365 0.2365 0.216 0.216 0.1905 0.1905 0.2015 0.2015 0.2015 0.2135 0.2135 0.205 0.205 0.209 0.209 0.209 0.1775 0.1775 0.153 0.153 0.1625 0.1625 0.1815 0.1815 0.1815 0.193 0.193 0.1995 0.1995 0.2045 0.2045 0.2045 0.229 0.229 0.2415 0.2415 0.22 0.22 0.22 0.2085 0.2085 0.1995 0.1995 0.186 0.186 0.186 0.139
0.2225 0.2225 0.2185 0.2185 0.21 0.21 0.2125 0.2125 0.2125 0.207 0.207 0.2115 0.2115 0.2255 0.2255 0.239 0.239 0.239 0.231 0.231 0.221 0.221 0.2075 0.2075 0.2075 0.2955 0.2955 0.2895 0.2895 0.2875 0.2875 0.2875 0.2405 0.2405 0.2315 0.2315 0.21 0.21 0.21 0.2055 0.2055 0.2075 0.2075 0.181 0.181 0.181 0.149 0.149 0.1585 0.1585 0.1725 0.1725 0.1945 0.1945 0.1945 0.205 0.205 0.2105 0.2105 0.2055 0.2055 0.2055 0.2035 0.2035 0.2125 0.2125 0.199 0.199 0.199 0.19 0.19 0.196 0.196 0.1995 0.1995 0.1995 0.157
0.2225 0.2225 0.2185 0.2185 0.21 0.21 0.2125 0.2125 0.2125 0.207 0.207 0.2115 0.2115 0.2255 0.2255 0.239 0.239 0.239 0.231 0.231 0.221 0.221 0.2075 0.2075 0.2075 0.2955 0.2955 0.2895 0.2895 0.2875 0.2875 0.2875 0.2405 0.2405 0.2315 0.2315 0.21 0.21 0.21 0.2055 0.2055 0.2075 0.2075 0.181 0.181 0.181 0.149 0.149 0.1585 0.1585 0.1725 0.1725 0.1945 0.1945 0.1945 0.205 0.205 0.2105 0.2105 0.2055 0.2055 0.2055 0.2035 0.2035 0.2125 0.2125 0.199 0.199 0.199 0.19 0.19 0.196 0.196 0.1995 0.1995 0.1995 0.157
0.2225 0.2225 0.2185 0.2185 0.21 0.21 0.2125 0.2125 0.2125 0.207 0.207 0.2115 0.2115 0.2255 0.2255 0.239 0.239 0.239 0.231 0.231 0.221 0.221 0.2075 0.2075 0.2075 0.2955 0.2955 0.2895 0.2895 0.2875 0.2875 0.2875 0.2405 0.2405 0.2315 0.2315 0.21 0.21 0.21 0.2055 0.2055 0.2075 0.2075 0.181 0.181 0.181 0.149 0.149 0.1585 0.1585 0.1725 0.1725 0.1945 0.1945 0.1945 0.205 0.205 0.2105 0.2105 0.2055 0.2055 0.2055 0.2035 0.2035 0.2125 0.2125 0.199 0.199 0.199 0.19 0.19 0.196 0.196 0.1995 0.1995 0.1995 0.157
0.2315 0.2315 0.2195 0.2195 0.214 0.214 0.205 0.205 0.205 0.2115 0.2115 0.2135 0.2135 0.213 0.213 0.213 0.213 0.213 0.2135 0.2135 0.2205 0.2205 0.2225 0.2225 0.2225 0.2255 0.2255 0.233 0.233 0.247 0.247 0.247 0.265 0.265 0.24 0.24 0.252 0.252 0.252 0.2175 0.2175 0.2455 0.2455 0.1845 0.1845 0.1845 0.1975 0.1975 0.2365 0.2365 0.237 0.237 0.242 0.242 0.242 0.2255 0.2255 0.2215 0.2215 0.194 0.194 0.194 0.193 0.193 0.206 0.206 0.208 0.208 0.208 0.2045 0.2045 0.203 0.203 0.139 0.139 0.139 0.1745
0.2315 0.2315 0.2195 0.2195 0.214 0.214 0.205 0.205 0.205 0.2115 0.2115 0.2135 0.2135 0.213 0.213 0.213 0.213 0.213 0.2135 0.2135 0.2205 0.2205 0.2225 0.2225 0.2225 0.2255 0.2255 0.233 0.233 0.247 0.247 0.247 0.265 0.265 0.24 0.24 0.252 0.252 0.252 0.2175 0.2175 0.2455 0.2455 0.1845 0.1845 0.1845 0.1975 0.1975 0.2365 0.2365 0.237 0.237 0.242 0.242 0.242 0.2255 0.2255 0.2215 0.2215 0.194 0.194 0.194 0.193 0.193 0.206 0.206 0.208 0.208 0.208 0.2045 0.2045 0.203 0.203 0.139 0.139 0.139 0.1745
0.225 0.225 0.226 0.226 0.215 0.215 0.2195 0.2195 0.2195 0.2155 0.2155 0.1965 0.1965 0.206 0.206 0.208 0.208 0.208 0.1965 0.1965 0.2065 0.2065 0.219 0.219 0.219 0.2235 0.2235 0.226 0.226 0.236 0.236 0.236 0.2365 0.2365 0.2565 0.2565 0.256 0.256 0.256 0.26 0.26 0.2465 0.2465 0.2285 0.2285 0.2285 0.241 0.241 0.2385 0.2385 0.236 0.236 0.238 0.238 0.238 0.2385 0.2385 0.204 0.204 0.188 0.188 0.188 0.1885 0.1885 0.201 0.201 0.2535 0.2535 0.2535 0.2425 0.2425 0.1395 0.1395 0.1165 0.1165 0.1165 0.1385
0.225 0.225 0.226 0.226 0.215 0.215 0.2195 0.2195 0.2195 0.2155 0.2155 0.1965 0.1965 0.206 0.206 0.208 0.208 0.208 0.1965 0.1965 0.2065 0.2065 0.219 0.219 0.219 0.2235 0.2235 0.226 0.226 0.236 0.236 0.236 0.2365 0.2365 0.2565 0.2565 0.256 0.256 0.256 0.26 0.26 0.2465 0.2465 0.2285 0.2285 0.2285 0.241 0.241 0.2385 0.2385 0.236 0.236 0.238 0.238 0.238 0.2385 0.2385 0.204 0.204 0.188 0.188 0.188 0.1885 0.1885 0.201 0.201 0.2535 0.2535 0.2535 0.2425 0.2425 0.1395 0.1395 0.1165 0.1165 0.1165 0.1385
0.2145 0.2145 0.2045 0.2045 0.205 0.205 0.2105 0.2105 0.2105 0.2025 0.2025 0.2125 0.2125 0.1925 0.1925 0.206 0.206 0.206 0.1955 0.1955 0.199 0.199 0.208 0.208 0.208 0.2185 0.2185 0.198 0.198 0.2075 0.2075 0.2075 0.221 0.221 0.2525 0.2525 0.261 0.261 0.261 0.254 0.254 0.285 0.285 0.275 0.275 0.275 0.298 0.298 0.2355 0.2355 0.19 0.19 0.1965 0.1965 0.1965 0.1855 0.1855 0.1855 0.1855 0.178 0.178 0.178 0.183 0.183 0.189 0.189 0.189 0.189 0.189 0.2015 0.2015 0.2415 0.2415 0.163 0.163 0.163 0.133
0.2145 0.2145 0.2045 0.2045 0.205 0.205 0.2105 0.2105 0.2105 0.2025 0.2025 0.2125 0.2125 0.1925 0.1925 0.206 0.206 0.206 0.1955 0.1955 0.199 0.199 0.208 0.208 0.208 0.2185 0.2185 0.198 0.198 0.2075 0.2075 0.2075 0.221 0.221 0.2525 0.2525 0.261 0.261 0.261 0.254 0.254 0.285 0.285 0.275 0.275 0.275 0.298 0.298 0.2355 0.2355 0.19 0.19 0.1965 0.1965 0.1965 0.1855 0.1855 0.1855 0.1855 0.178 0.178 0.178 0.183 0.183 0.189 0.189 0.189 0.189 0.189 0.2015 0.2015 0.2415 0.2415 0.163 0.163 0.163 0.133
0.21 0.21 0.1995 0.1995 0.202 0.202 0.192 0.192 0.192 0.205 0.205 0.2075 0.2075 0.2055 0.2055 0.192 0.192 0.192 0.1965 0.1965 0.1645 0.1645 0.1995 0.1995 0.1995 0.202 0.202 0.203 0.203 0.194 0.194 0.194 0.205 0.205 0.2115 0.2115 0.212 0.212 0.212 0.203 0.203 0.2435 0.2435 0.2645 0.2645 0.2645 0.2715 0.2715 0.282 0.282 0.236 0.236 0.204 0.204 0.204 0.1865 0.1865 0.1855 0.1855 0.1815 0.1815 0.1815 0.1925 0.1925 0.162 0.162 0.163 0.163 0.163 0.1715 0.1715 0.187 0.187 0.1725 0.1725 0.1725 0.1375
0.21 0.21 0.1995 0.1995 0.202 0.202 0.192 0.192 0.192 0.205 0.205 0.2075 0.2075 0.2055 0.2055 0.192 0.192 0.192 0.1965 0.1965 0.1645 0.1645 0.1995 0.1995 0.1995 0.202 0.202 0.203 0.203 0.194 0.194 0.194 0.205 0.205 0.2115 0.2115 0.212 0.212 0.212 0.203 0.203 0.2435 0.2435 0.2645 0.2645 0.2645 0.2715 0.2715 0.282 0.282 0.236 0.236 0.204 0.204 0.204 0.1865 0.1865 0.1855 0.1855 0.1815 0.1815 0.1815 0.1925 0.1925 0.162 0.162 0.163 0.163 0.163 0.1715 0.1715 0.187 0.187 0.1725 0.1725 0.1725 0.1375
0.21 0.21 0.1995 0.1995 0.202 0.202 0.192 0.192 0.192 0.205 0.205 0.2075 0.2075 0.2055 0.2055 0.192 0.192 0.192 0.1965 0.1965 0.1645 0.1645 0.1995 0.1995 0.1995 0.202 0.202 0.203 0.203 0.194 0.194 0.194 0.205 0.205 0.2115 0.2115 0.212 0.212 0.212 0.203 0.203 0.2435 0.2435 0.2645 0.2645 0.2645 0.2715 0.2715 0.282 0.282 0.236 0.236 0.204 0.204 0.204 0.1865 0.1865 0.1855 0.1855 0.1815 0.1815 0.1815 0.1925 0.1925 0.162 0.162 0.163 0.163 0.163 0.1715 0.1715 0.187 0.187 0.1725 0.1725 0.1725 0.1375
0.2225 0.2225 0.2085 0.2085 0.1965 0.1965 0.193 0.193 0.193 0.2125 0.2125 0.2155 0.2155 0.2095 0.2095 0.1985 0.1985 0.1985 0.184 0.184 0.201 0.201 0.2175 0.2175 0.2175 0.201 0.201 0.2 0.2 0.1885 0.1885 0.1885 0.196 0.196 0.1875 0.1875 0.2055 0.2055 0.2055 0.208 0.208 0.2 0.2 0.207 0.207 0.207 0.247 0.247 0.2665 0.2665 0.2345 0.2345 0.2115 0.2115 0.2115 0.2065 0.2065 0.1905 0.1905 0.191 0.191 0.191 0.188 0.188 0.1925 0.1925 0.1655 0.1655 0.1655 0.172 0.172 0.174 0.174 0.1525 0.1525 0.1525 0.144
0.2225 0.2225 0.2085 0.2085 0.1965 0.1965 0.193 0.193 0.193 0.2125 0.2125 0.2155 0.2155 0.2095 0.2095 0.1985 0.1985 0.1985 0.184 0.184 0.201 0.201 0.2175 0.2175 0.2175 0.201 0.201 0.2 0.2 0.1885 0.1885 0.1885 0.196 0.196 0.1875 0.1875 0.2055 0.2055 0.2055 0.208 0.208 0.2 0.2 0.207 0.207 0.207 0.247 0.247 0.2665 0.2665 0.2345 0.2345 0.2115 0.2115 0.2115 0.2065 0.2065 0.1905 0.1905 0.191 0.191 0.191 0.188 0.188 0.1925 0.1925 0.1655 0.1655 0.1655 0.172 0.172 0.174 0.174 0.1525 0.1525 0.1525 0.144
0.2295 0.2295 0.215 0.215 0.219 0.219 0.227 0.227 0.227 0.236 0.236 0.235 0.235 0.2235 0.2235 0.2165 0.2165 0.2165 0.226 0.226 0.2145 0.2145 0.2255 0.2255 0.2255 0.203 0.203 0.209 0.209 0.196 0.196 0.196 0.1965 0.1965 0.2245 0.2245 0.2175 0.2175 0.2175 0.2065 0.2065 0.2255 0.2255 0.201 0.201 0.201 0.209 0.209 0.222 0.222 0.245 0.245 0.2405 0.2405 0.2405 0.2045 0.2045 0.1935 0.1935 0.1925 0.1925 0.1925 0.22 0.22 0.2225 0.2225 0.183 0.183 0.183 0.171 0.171 0.175 0.175 0.1675 0.1675 0.1675 0.1455
0.2295 0.2295 0.215 0.215 0.219 0.219 0.227 0.227 0.227 0.236 0.236 0.235 0.235 0.2235 0.2235 0.2165 0.2165 0.2165 0.226 0.226 0.2145 0.2145 0.2255 0.2255 0.2255 0.203 0.203 0.209 0.209 0.196 0.196 0.196 0.1965 0.1965 0.2245 0.2245 0.2175 0.2175 0.2175 0.2065 0.2065 0.2255 0.2255 0.201 0.201 0.201 0.209 0.209 0.222 0.222 0.245 0.245 0.2405 0.2405 0.2405 0.2045 0.2045 0.1935 0.1935 0.1925 0.1925 0.1925 0.22 0.22 0.2225 0.2225 0.183 0.183 0.183 0.171 0.171 0.175 0.175 0.1675 0.1675 0.1675 0.1455
0.24 0.24 0.236 0.236 0.2475 0.2475 0.2345 0.2345 0.2345 0.232 0.232 0.226 0.226 0.226 0.226 0.22 0.22 0.22 0.2155 0.2155 0.207 0.207 0.2165 0.2165 0.2165 0.2175 0.2175 0.2085 0.2085 0.2025 0.2025 0.2025 0.2255 0.2255 0.229 0.229 0.224 0.224 0.224 0.235 0.235 0.2305 0.2305 0.2265 0.2265 0.2265 0.226 0.226 0.2365 0.2365 0.2545 0.2545 0.2315 0.2315 0.2315 0.21 0.21 0.2085 0.2085 0.222 0.222 0.222 0.227 0.227 0.216 0.216 0.188 0.188 0.188 0.188 0.188 0.18 0.18 0.185 0.185 0.185 0.188
0.24 0.24 0.236 0.236 0.2475 0.2475 0.2345 0.2345 0.2345 0.232 0.232 0.226 0.226 0.226 0.226 0.22 0.22 0.22 0.2155 0.2155 0.207 0.207 0.2165 0.2165 0.2165 0.2175 0.2175 0.2085 0.2085 0.2025 0.2025 0.2025 0.2255 0.2255 0.229 0.229 0.224 0.224 0.224 0.235 0.235 0.2305 0.2305 0.2265 0.2265 0.2265 0.226 0.226 0.2365 0.2365 0.2545 0.2545 0.2315 0.2315 0.2315 0.21 0.21 0.2085 0.2085 0.222 0.222 0.222 0.227 0.227 0.216 0.216 0.188 0.188 0.188 0.188 0.188 0.18 0.18 0.185 0.185 0.185 0.188
0.24 0.24 0.236 0.236 0.2475 0.2475 0.2345 0.2345 0.2345 0.232 0.232 0.226 0.226 0.226 0.226 0.22 0.22 0.22 0.2155 0.2155 0.207 0.207 0.2165 0.2165 0.2165 0.2175 0.2175 0.2085 0.2085 0.2025 0.2025 0.2025 0.2255 0.2255 0.229 0.229 0.224 0.224 0.224 0.235 0.235 0.2305 0.2305 0.2265 0.2265 0.2265 0.226 0.226 0.2365 0.2365 0.2545 0.2545 0.2315 0.2315 0.2315 0.21 0.21 0.2085 0.2085 0.222 0.222 0.222 0.227 0.227 0.216 0.216 0.188 0.188 0.188 0.188 0.188 0.18 0.18 0.185 0.185 0.185 0.188
0.241 0.241 0.2415 0.2415 0.229 0.229 0.2145 0.2145 0.2145 0.2185 0.2185 0.231 0.231 0.2095 0.2095 0.196 0.196 0.196 0.2125 0.2125 0.1965 0.1965 0.207 0.207 0.207 0.197 0.197 0.2095 0.2095 0.1895 0.1895 0.1895 0.1935 0.1935 0.2095 0.2095 0.217 0.217 0.217 0.214 0.214 0.2295 0.2295 0.235 0.235 0.235 0.234 0.234 0.236 0.236 0.2155 0.2155 0.2665 0.2665 0.2665 0.2255 0.2255 0.2225 0.2225 0.2145 0.2145 0.2145 0.22 0.22 0.2065 0.2065 0.22 0.22 0.22 0.2015 0.2015 0.177 0.177 0.172 0.172 0.172 0.16
0.241 0.241 0.2415 0.2415 0.229 0.229 0.2145 0.2145 0.2145 0.2185 0.2185 0.231 0.231 0.2095 0.2095 0.196 0.196 0.196 0.2125 0.2125 0.1965 0.1965 0.207 0.207 0.207 0.197 0.197 0.2095 0.2095 0.1895 0.1895 0.1895 0.1935 0.1935 0.2095 0.2095 0.217 0.217 0.217 0.214 0.214 0.2295 0.2295 0.235 0.235 0.235 0.234 0.234 0.236 0.236 0.2155 0.2155 0.2665 0.2665 0.2665 0.2255 0.2255 0.2225 0.2225 0.2145 0.2145 0.2145 0.22 0.22 0.2065 0.2065 0.22 0.22 0.22 0.2015 0.2015 0.177 0.177 0.172 0.172 0.172 0.16
0.2455 0.2455 0.216 0.216 0.218 0.218 0.2225 0.2225 0.2225 0.2285 0.2285 0.2245 0.2245 0.202 0.202 0.206 0.206 0.206 0.2065 0.2065 0.215 0.215 0.227 0.227 0.227 0.2 0.2 0.2035 0.2035 0.2025 0.2025 0.2025 0.187 0.187 0.2095 0.2095 0.225 0.225 0.225 0.217 0.217 0.2115 0.2115 0.2175 0.2175 0.2175 0.236 0.236 0.2295 0.2295 0.2255 0.2255 0.254 0.254 0.254 0.2525 0.2525 0.2325 0.2325 0.215 0.215 0.215 0.212 0.212 0.221 0.221 0.2315 0.2315 0.2315 0.219 0.219 0.2285 0.2285 0.2205 0.2205 0.2205 0.2105
0.2455 0.2455 0.216 0.216 0.218 0.218 0.2225 0.2225 0.2225 0.2285 0.2285 0.2245 0.2245 0.202 0.202 0.206 0.206 0.206 0.2065 0.2065 0.215 0.215 0.227 0.227 0.227 0.2 0.2 0.2035 0.2035 0.2025 0.2025 0.2025 0.187 0.187 0.2095 0.2095 0.225 0.225 0.225 0.217 0.217 0.2115 0.2115 0.2175 0.2175 0.2175 0.236 0.236 0.2295 0.2295 0.2255 0.2255 0.254 0.254 0.254 0.2525 0.2525 0.2325 0.2325 0.215 0.215 0.215 0.212 0.212 0.221 0.221 0.2315 0.2315 0.2315 0.219 0.219 0.2285 0.2285 0.2205 0.2205 0.2205 0.2105
0.2375 0.2375 0.235 0.235 0.234 0.234 0.241 0.241 0.241 0.2335 0.2335 0.2365 0.2365 0.2175 0.2175 0.2045 0.2045 0.2045 0.2145 0.2145 0.2195 0.2195 0.221 0.221 0.221 0.223 0.223 0.2215 0.2215 0.1995 0.1995 0.1995 0.233 0.233 0.234 0.234 0.2245 0.2245 0.2245 0.23 0.23 0.225 0.225 0.237 0.237 0.237 0.239 0.239 0.234 0.234 0.2445 0.2445 0.212 0.212 0.212 0.267 0.267 0.235 0.235 0.2605 0.2605 0.2605 0.312 0.312 0.263 0.263 0.2455 0.2455 0.2455 0.228 0.228 0.217 0.217 0.215 0.215 0.215 0.2
0.2375 0.2375 0.235 0.235 0.234 0.234 0.241 0.241 0.241 0.2335 0.2335 0.2365 0.2365 0.2175 0.2175 0.2045 0.2045 0.2045 0.2145 0.2145 0.2195 0.2195 0.221 0.221 0.221 0.223 0.223 0.2215 0.2215 0.1995 0.1995 0.1995 0.233 0.233 0.234 0.234 0.2245 0.2245 0.2245 0.23 0.23 0.225 0.225 0.237 0.237 0.237 0.239 0.239 0.234 0.234 0.2445 0.2445 0.212 0.212 0.212 0.267 0.267 0.235 0.235 0.2605 0.2605 0.2605 0.312 0.312 0.263 0.263 0.2455 0.2455 0.2455 0.228 0.228 0.217 0.217 0.215 0.215 0.215 0.2
0.2375 0.2375 0.235 0.235 0.234 0.234 0.241 0.241 0.241 0.2335 0.2335 0.2365 0.2365 0.2175 0.2175 0.2045 0.2045 0.2045 0.2145 0.2145 0.2195 0.2195 0.221 0.221 0.221 0.223 0.223 0.2215 0.2215 0.1995 0.1995 0.1995 0.233 0.233 0.234 0.234 0.2245 0.2245 0.2245 0.23 0.23 0.225 0.225 0.237 0.237 0.237 0.239 0.239 0.234 0.234 0.2445 0.2445 0.212 0.212 0.212 0.267 0.267 0.235 0.235 0.2605 0.2605 0.2605 0.312 0.312 0.263 0.263 0.2455 0.2455 0.2455 0.228 0.228 0.217 0.217 0.215 0.215 0.215 0.2
0.244 0.244 0.241 0.241 0.235 0.235 0.2095 0.2095 0.2095 0.225 0.225 0.2255 0.2255 0.2265 0.2265 0.211 0.211 0.211 0.2125 0.2125 0.212 0.212 0.2215 0.2215 0.2215 0.224 0.224 0.2325 0.2325 0.245 0.245 0.245 0.2265 0.2265 0.2345 0.2345 0.2275 0.2275 0.2275 0.251 0.251 0.2415 0.2415 0.2495 0.2495 0.2495 0.2365 0.2365 0.2345 0.2345 0.2435 0.2435 0.2525 0.2525 0.2525 0.244 0.244 0.25 0.25 0.2695 0.2695 0.2695 0.252 0.252 0.231 0.231 0.2395 0.2395 0.2395 0.2335 0.2335 0.215 0.215 0.1725 0.1725 0.1725 0.2025
0.244 0.244 0.241 0.241 0.235 0.235 0.2095 0.2095 0.2095 0.225 0.225 0.2255 0.2255 0.2265 0.2265 0.211 0.211 0.211 0.2125 0.2125 0.212 0.212 0.2215 0.2215 0.2215 0.224 0.224 0.2325 0.2325 0.245 0.245 0.245 0.2265 0.2265 0.2345 0.2345 0.2275 0.2275 0.2275 0.251 0.251 0.2415 0.2415 0.2495 0.2495 0.2495 0.2365 0.2365 0.2345 0.2345 0.2435 0.2435 0.2525 0.2525 0.2525 0.244 0.244 0.25 0.25 0.2695 0.2695 0.2695 0.252 0.252 0.231 0.231 0.2395 0.2395 0.2395 0.2335 0.2335 0.215 0.215 0.1725 0.1725 0.1725 0.2025
0.2405 0.2405 0.22 0.22 0.2145 0.2145 0.2135 0.2135 0.2135 0.218 0.218 0.2265 0.2265 0.226 0.226 0.2215 0.2215 0.2215 0.2205 0.2205 0.2085 0.2085 0.2135 0.2135 0.2135 0.2265 0.2265 0.229 0.229 0.237 0.237 0.237 0.227 0.227 0.228 0.228 0.2445 0.2445 0.2445 0.261 0.261 0.2505 0.2505 0.2565 0.2565 0.2565 0.258 0.258 0.2475 0.2475 0.2515 0.2515 0.2625 0.2625 0.2625 0.2375 0.2375 0.2195 0.2195 0.24 0.24 0.24 0.2455 0.2455 0.2415 0.2415 0.2595 0.2595 0.2595 0.275 0.275 0.2555 0.2555 0.2375 0.2375 0.2375 0.224
0.2405 0.2405 0.22 0.22 0.2145 0.2145 0.2135 0.2135 0.2135 0.218 0.218 0.2265 0.2265 0.226 0.226 0.2215 0.2215 0.2215 0.2205 0.2205 0.2085 0.2085 0.2135 0.2135 0.2135 0.2265 0.2265 0.229 0.229 0.237 0.237 0.237 0.227 0.227 0.228 0.228 0.2445 0.2445 0.2445 0.261 0.261 0.2505 0.2505 0.2565 0.2565 0.2565 0.258 0.258 0.2475 0.2475 0.2515 0.2515 0.2625 0.2625 0.2625 0.2375 0.2375 0.2195 0.2195 0.24 0.24 0.24 0.2455 0.2455 0.2415 0.2415 0.2595 0.2595 0.2595 0.275 0.275 0.2555 0.2555 0.2375 0.2375 0.2375 0.224
0.218 0.218 0.224 0.224 0.234 0.234 0.236 0.236 0.236 0.2415 0.2415 0.225 0.225 0.225 0.225 0.228 0.228 0.228 0.2355 0.2355 0.238 0.238 0.2365 0.2365 0.2365 0.2255 0.2255 0.241 0.241 0.2365 0.2365 0.2365 0.2435 0.2435 0.258 0.258 0.2605 0.2605 0.2605 0.2535 0.2535 0.2515 0.2515 0.259 0.259 0.259 0.2715 0.2715 0.2625 0.2625 0.2675 0.2675 0.267 0.267 0.267 0.2655 0.2655 0.2345 0.2345 0.2295 0.2295 0.2295 0.238 0.238 0.3245 0.3245 0.2555 0.2555 0.2555 0.2675 0.2675 0.238 0.238 0.229 0.229 0.229 0.2165
