ndvi/NOAA-21.asc
ncols         252
nrows         154
xllcorner     -18.017974
yllcorner     13.481982
cellsize      0.035948
NODATA_value  -9999
[rows 68 to 101 of 154, columns 0 to 77 of 252]
-1 -1 -1 -1 -1 -1 -1 -1 -1 -1 -1 -1 -1 -1 -1 -1 -1 -1 -1 -1 -1 -1 -1 -1 -1 -1 -1 -1 -1 -1 -1 -1 -1 -1 -1 -1 -1 -1 -1 0.143 0.143 0.143 0.147 0.147 0.3195 0.3195 0.281 0.281 0.281 0.2525 0.2525 0.2295 0.2295 0.233 0.233 0.291 0.291 0.291 0.3875 0.3875 0.335 0.335 0.335 0.335 0.335 0.2935 0.2935 0.335 0.335 0.28 0.28 0.28 0.199 0.199 0.2045 0.2045 0.1935 0.1935
-1 -1 -1 -1 -1 -1 -1 -1 -1 -1 -1 -1 -1 -1 -1 -1 -1 -1 -1 -1 -1 -1 -1 -1 -1 -1 -1 -1 -1 -1 -1 -1 -1 -1 -1 -1 -1 -1 -1 0.206 0.206 0.206 0.2445 0.2445 0.319 0.319 0.288 0.288 0.288 0.2585 0.2585 0.2545 0.2545 0.2435 0.2435 0.2895 0.2895 0.2895 0.384 0.384 0.402 0.402 0.402 0.402 0.402 0.3205 0.3205 0.332 0.332 0.188 0.188 0.188 0.203 0.203 0.1855 0.1855 0.198 0.198
-1 -1 -1 -1 -1 -1 -1 -1 -1 -1 -1 -1 -1 -1 -1 -1 -1 -1 -1 -1 -1 -1 -1 -1 -1 -1 -1 -1 -1 -1 -1 -1 -1 -1 -1 -1 -1 -1 -1 0.206 0.206 0.206 0.2445 0.2445 0.319 0.319 0.288 0.288 0.288 0.2585 0.2585 0.2545 0.2545 0.2435 0.2435 0.2895 0.2895 0.2895 0.384 0.384 0.402 0.402 0.402 0.402 0.402 0.3205 0.3205 0.332 0.332 0.188 0.188 0.188 0.203 0.203 0.1855 0.1855 0.198 0.198
-1 -1 -1 -1 -1 -1 -1 -1 -1 -1 -1 -1 -1 -1 -1 -1 -1 -1 -1 -1 -1 -1 -1 -1 -1 -1 -1 -1 -1 -1 -1 -1 -1 -1 -1 -1 -1 0.0917 0.0917 0.1355 0.1355 0.1355 0.268 0.268 0.277 0.277 0.219 0.219 0.219 0.234 0.234 0.1825 0.1825 0.2025 0.2025 0.194 0.194 0.194 0.3 0.3 0.338 0.338 0.338 0.338 0.338 0.245 0.245 0.2515 0.2515 0.249 0.249 0.249 0.225 0.225 0.2265 0.2265 0.2025 0.2025
-1 -1 -1 -1 -1 -1 -1 -1 -1 -1 -1 -1 -1 -1 -1 -1 -1 -1 -1 -1 -1 -1 -1 -1 -1 -1 -1 -1 -1 -1 -1 -1 -1 -1 -1 -1 -1 0.0917 0.0917 0.1355 0.1355 0.1355 0.268 0.268 0.277 0.277 0.219 0.219 0.219 0.234 0.234 0.1825 0.1825 0.2025 0.2025 0.194 0.194 0.194 0.3 0.3 0.338 0.338 0.338 0.338 0.338 0.245 0.245 0.2515 0.2515 0.249 0.249 0.249 0.225 0.225 0.2265 0.2265 0.2025 0.2025
-1 -1 -1 -1 -1 -1 -1 -1 -1 -1 -1 -1 -1 -1 -1 -1 -1 -1 -1 -1 -1 -1 -1 -1 -1 -1 -1 -1 -1 -1 -1 -1 -1 -1 -1 -1 -1 0.0917 0.0917 0.1355 0.1355 0.1355 0.268 0.268 0.277 0.277 0.219 0.219 0.219 0.234 0.234 0.1825 0.1825 0.2025 0.2025 0.194 0.194 0.194 0.3 0.3 0.338 0.338 0.338 0.338 0.338 0.245 0.245 0.2515 0.2515 0.249 0.249 0.249 0.225 0.225 0.2265 0.2265 0.2025 0.2025
-1 -1 -1 -1 -1 -1 -1 -1 -1 -1 -1 -1 -1 -1 -1 -1 -1 -1 -1 -1 -1 -1 -1 -1 -1 -1 -1 -1 -1 -1 -1 -1 -1 -1 -1 -1 -1 0.0441 0.0441 0.1515 0.1515 0.1515 0.2255 0.2255 0.218 0.218 0.219 0.219 0.219 0.1775 0.1775 0.2175 0.2175 0.2135 0.2135 0.21 0.21 0.21 0.22 0.22 0.2455 0.2455 0.2455 0.2455 0.2455 0.244 0.244 0.244 0.244 0.2485 0.2485 0.2485 0.2455 0.2455 0.3025 0.3025 0.3005 0.3005
-1 -1 -1 -1 -1 -1 -1 -1 -1 -1 -1 -1 -1 -1 -1 -1 -1 -1 -1 -1 -1 -1 -1 -1 -1 -1 -1 -1 -1 -1 -1 -1 -1 -1 -1 -1 -1 0.0441 0.0441 0.1515 0.1515 0.1515 0.2255 0.2255 0.218 0.218 0.219 0.219 0.219 0.1775 0.1775 0.2175 0.2175 0.2135 0.2135 0.21 0.21 0.21 0.22 0.22 0.2455 0.2455 0.2455 0.2455 0.2455 0.244 0.244 0.244 0.244 0.2485 0.2485 0.2485 0.2455 0.2455 0.3025 0.3025 0.3005 0.3005
-1 -1 -1 -1 -1 -1 -1 -1 -1 -1 -1 -1 -1 -1 -1 -1 -1 -1 -1 -1 -1 -1 -1 -1 -1 -1 -1 -1 -1 -1 -1 -1 -1 -1 -1 -1 -1 0.0086 0.0086 0.1325 0.1325 0.1325 0.2595 0.2595 0.28 0.28 0.26 0.26 0.26 0.2165 0.2165 0.2445 0.2445 0.2485 0.2485 0.2365 0.2365 0.2365 0.244 0.244 0.2635 0.2635 0.2635 0.2635 0.2635 0.2895 0.2895 0.2795 0.2795 0.2675 0.2675 0.2675 0.3015 0.3015 0.3255 0.3255 0.3335 0.3335
-1 -1 -1 -1 -1 -1 -1 -1 -1 -1 -1 -1 -1 -1 -1 -1 -1 -1 -1 -1 -1 -1 -1 -1 -1 -1 -1 -1 -1 -1 -1 -1 -1 -1 -1 -1 -1 0.0086 0.0086 0.1325 0.1325 0.1325 0.2595 0.2595 0.28 0.28 0.26 0.26 0.26 0.2165 0.2165 0.2445 0.2445 0.2485 0.2485 0.2365 0.2365 0.2365 0.244 0.244 0.2635 0.2635 0.2635 0.2635 0.2635 0.2895 0.2895 0.2795 0.2795 0.2675 0.2675 0.2675 0.3015 0.3015 0.3255 0.3255 0.3335 0.3335
-1 -1 -1 -1 -1 -1 -1 -1 -1 -1 -1 -1 -1 -1 -1 -1 -1 -1 -1 -1 -1 -1 -1 -1 -1 -1 -1 -1 -1 -1 -1 -1 -1 -1 -1 -1 -1 0.0392 0.0392 0.132 0.132 0.132 0.2205 0.2205 0.271 0.271 0.249 0.249 0.249 0.2565 0.2565 0.252 0.252 0.259 0.259 0.2645 0.2645 0.2645 0.2765 0.2765 0.2905 0.2905 0.2905 0.2905 0.2905 0.2985 0.2985 0.2815 0.2815 0.276 0.276 0.276 0.296 0.296 0.29 0.29 0.3175 0.3175
-1 -1 -1 -1 -1 -1 -1 -1 -1 -1 -1 -1 -1 -1 -1 -1 -1 -1 -1 -1 -1 -1 -1 -1 -1 -1 -1 -1 -1 -1 -1 -1 -1 -1 -1 -1 -1 0.0392 0.0392 0.132 0.132 0.132 0.2205 0.2205 0.271 0.271 0.249 0.249 0.249 0.2565 0.2565 0.252 0.252 0.259 0.259 0.2645 0.2645 0.2645 0.2765 0.2765 0.2905 0.2905 0.2905 0.2905 0.2905 0.2985 0.2985 0.2815 0.2815 0.276 0.276 0.276 0.296 0.296 0.29 0.29 0.3175 0.3175
-1 -1 -1 -1 -1 -1 -1 -1 -1 -1 -1 -1 -1 -1 -1 -1 -1 -1 -1 -1 -1 -1 -1 -1 -1 -1 -1 -1 -1 -1 -1 -1 -1 -1 -1 -1 -1 0.0157 0.0157 0.192 0.192 0.192 0.2465 0.2465 0.263 0.263 0.254 0.254 0.254 0.2655 0.2655 0.303 0.303 0.3205 0.3205 0.369 0.369 0.369 0.313 0.313 0.3485 0.3485 0.3485 0.3485 0.3485 0.348 0.348 0.372 0.372 0.366 0.366 0.366 0.3075 0.3075 0.337 0.337 0.31 0.31
-1 -1 -1 -1 -1 -1 -1 -1 -1 -1 -1 -1 -1 -1 -1 -1 -1 -1 -1 -1 -1 -1 -1 -1 -1 -1 -1 -1 -1 -1 -1 -1 -1 -1 -1 -1 -1 0.0157 0.0157 0.192 0.192 0.192 0.2465 0.2465 0.263 0.263 0.254 0.254 0.254 0.2655 0.2655 0.303 0.303 0.3205 0.3205 0.369 0.369 0.369 0.313 0.313 0.3485 0.3485 0.3485 0.3485 0.3485 0.348 0.348 0.372 0.372 0.366 0.366 0.366 0.3075 0.3075 0.337 0.337 0.31 0.31
-1 -1 -1 -1 -1 -1 -1 -1 -1 -1 -1 -1 -1 -1 -1 -1 -1 -1 -1 -1 -1 -1 -1 -1 -1 -1 -1 -1 -1 -1 -1 -1 -1 -1 -1 -1 -1 0.0157 0.0157 0.192 0.192 0.192 0.2465 0.2465 0.263 0.263 0.254 0.254 0.254 0.2655 0.2655 0.303 0.303 0.3205 0.3205 0.369 0.369 0.369 0.313 0.313 0.3485 0.3485 0.3485 0.3485 0.3485 0.348 0.348 0.372 0.372 0.366 0.366 0.366 0.3075 0.3075 0.337 0.337 0.31 0.31
-1 -1 -1 -1 -1 -1 -1 -1 -1 -1 -1 -1 -1 -1 -1 -1 -1 -1 -1 -1 -1 -1 -1 -1 -1 -1 -1 -1 -1 -1 -1 -1 -1 -1 -1 -1 -1 0.0456 0.0456 0.225 0.225 0.225 0.2645 0.2645 0.252 0.252 0.2835 0.2835 0.2835 0.319 0.319 0.3575 0.3575 0.386 0.386 0.3555 0.3555 0.3555 0.362 0.362 0.4 0.4 0.4 0.4 0.4 0.423 0.423 0.3915 0.3915 0.331 0.331 0.331 0.297 0.297 0.3015 0.3015 0.2935 0.2935
-1 -1 -1 -1 -1 -1 -1 -1 -1 -1 -1 -1 -1 -1 -1 -1 -1 -1 -1 -1 -1 -1 -1 -1 -1 -1 -1 -1 -1 -1 -1 -1 -1 -1 -1 -1 -1 0.0456 0.0456 0.225 0.225 0.225 0.2645 0.2645 0.252 0.252 0.2835 0.2835 0.2835 0.319 0.319 0.3575 0.3575 0.386 0.386 0.3555 0.3555 0.3555 0.362 0.362 0.4 0.4 0.4 0.4 0.4 0.423 0.423 0.3915 0.3915 0.331 0.331 0.331 0.297 0.297 0.3015 0.3015 0.2935 0.2935
-1 -1 -1 -1 -1 -1 -1 -1 -1 -1 -1 -1 -1 -1 -1 -1 -1 -1 -1 -1 -1 -1 -1 -1 -1 -1 -1 -1 -1 -1 -1 -1 -1 -1 -1 -1 -1 0.1251 0.1251 0.3315 0.3315 0.3315 0.317 0.317 0.284 0.284 0.284 0.284 0.284 0.307 0.307 0.319 0.319 0.336 0.336 0.3365 0.3365 0.3365 0.325 0.325 0.3965 0.3965 0.3965 0.3965 0.3965 0.405 0.405 0.396 0.396 0.343 0.343 0.343 0.3345 0.3345 0.332 0.332 0.302 0.302
-1 -1 -1 -1 -1 -1 -1 -1 -1 -1 -1 -1 -1 -1 -1 -1 -1 -1 -1 -1 -1 -1 -1 -1 -1 -1 -1 -1 -1 -1 -1 -1 -1 -1 -1 -1 -1 0.1251 0.1251 0.3315 0.3315 0.3315 0.317 0.317 0.284 0.284 0.284 0.284 0.284 0.307 0.307 0.319 0.319 0.336 0.336 0.3365 0.3365 0.3365 0.325 0.325 0.3965 0.3965 0.3965 0.3965 0.3965 0.405 0.405 0.396 0.396 0.343 0.343 0.343 0.3345 0.3345 0.332 0.332 0.302 0.302
-1 -1 -1 -1 -1 -1 -1 -1 -1 -1 -1 -1 -1 -1 -1 -1 -1 -1 -1 -1 -1 -1 -1 -1 -1 -1 -1 -1 -1 -1 -1 -1 -1 -1 -1 0.0282 0.0282 0.2 0.2 0.3295 0.3295 0.3295 0.3185 0.3185 0.341 0.341 0.3 0.3 0.3 0.3165 0.3165 0.2995 0.2995 0.312 0.312 0.3615 0.3615 0.3615 0.3885 0.3885 0.3535 0.3535 0.3535 0.3535 0.3535 0.3945 0.3945 0.41 0.41 0.3905 0.3905 0.3905 0.3865 0.3865 0.377 0.377 0.3245 0.3245
-1 -1 -1 -1 -1 -1 -1 -1 -1 -1 -1 -1 -1 -1 -1 -1 -1 -1 -1 -1 -1 -1 -1 -1 -1 -1 -1 -1 -1 -1 -1 -1 -1 -1 -1 0.0282 0.0282 0.2 0.2 0.3295 0.3295 0.3295 0.3185 0.3185 0.341 0.341 0.3 0.3 0.3 0.3165 0.3165 0.2995 0.2995 0.312 0.312 0.3615 0.3615 0.3615 0.3885 0.3885 0.3535 0.3535 0.3535 0.3535 0.3535 0.3945 0.3945 0.41 0.41 0.3905 0.3905 0.3905 0.3865 0.3865 0.377 0.377 0.3245 0.3245
-1 -1 -1 -1 -1 -1 -1 -1 -1 -1 -1 -1 -1 -1 -1 -1 -1 -1 -1 -1 -1 -1 -1 -1 -1 -1 -1 -1 -1 -1 -1 -1 -1 -1 -1 0.0282 0.0282 0.2 0.2 0.3295 0.3295 0.3295 0.3185 0.3185 0.341 0.341 0.3 0.3 0.3 0.3165 0.3165 0.2995 0.2995 0.312 0.312 0.3615 0.3615 0.3615 0.3885 0.3885 0.3535 0.3535 0.3535 0.3535 0.3535 0.3945 0.3945 0.41 0.41 0.3905 0.3905 0.3905 0.3865 0.3865 0.377 0.377 0.3245 0.3245
-1 -1 -1 -1 -1 -1 -1 -1 -1 -1 -1 -1 -1 -1 -1 -1 -1 -1 -1 -1 -1 -1 -1 -1 -1 -1 -1 -1 -1 -1 -1 -1 -1 -1 -1 0.2026 0.2026 0.329 0.329 0.326 0.326 0.326 0.282 0.282 0.276 0.276 0.2955 0.2955 0.2955 0.314 0.314 0.3645 0.3645 0.3235 0.3235 0.4065 0.4065 0.4065 0.3675 0.3675 0.348 0.348 0.348 0.348 0.348 0.3415 0.3415 0.373 0.373 0.376 0.376 0.376 0.33 0.33 0.3225 0.3225 0.336 0.336
-1 -1 -1 -1 -1 -1 -1 -1 -1 -1 -1 -1 -1 -1 -1 -1 -1 -1 -1 -1 -1 -1 -1 -1 -1 -1 -1 -1 -1 -1 -1 -1 -1 -1 -1 0.2026 0.2026 0.329 0.329 0.326 0.326 0.326 0.282 0.282 0.276 0.276 0.2955 0.2955 0.2955 0.314 0.314 0.3645 0.3645 0.3235 0.3235 0.4065 0.4065 0.4065 0.3675 0.3675 0.348 0.348 0.348 0.348 0.348 0.3415 0.3415 0.373 0.373 0.376 0.376 0.376 0.33 0.33 0.3225 0.3225 0.336 0.336
-1 -1 -1 -1 -1 -1 -1 -1 -1 -1 -1 -1 -1 -1 -1 -1 -1 -1 -1 -1 -1 -1 -1 -1 -1 -1 -1 -1 -1 -1 -1 -1 0.1102 0.1102 0.1102 0.3575 0.3575 0.3435 0.3435 0.351 0.351 0.351 0.2795 0.2795 0.302 0.302 0.316 0.316 0.316 0.3105 0.3105 0.323 0.323 0.3665 0.3665 0.3995 0.3995 0.3995 0.402 0.402 0.444 0.444 0.444 0.444 0.444 0.442 0.442 0.3785 0.3785 0.367 0.367 0.367 0.3205 0.3205 0.3215 0.3215 0.34 0.34
-1 -1 -1 -1 -1 -1 -1 -1 -1 -1 -1 -1 -1 -1 -1 -1 -1 -1 -1 -1 -1 -1 -1 -1 -1 -1 -1 -1 -1 -1 -1 -1 0.1102 0.1102 0.1102 0.3575 0.3575 0.3435 0.3435 0.351 0.351 0.351 0.2795 0.2795 0.302 0.302 0.316 0.316 0.316 0.3105 0.3105 0.323 0.323 0.3665 0.3665 0.3995 0.3995 0.3995 0.402 0.402 0.444 0.444 0.444 0.444 0.444 0.442 0.442 0.3785 0.3785 0.367 0.367 0.367 0.3205 0.3205 0.3215 0.3215 0.34 0.34
-1 -1 -1 -1 -1 -1 -1 -1 -1 -1 -1 -1 -1 -1 -1 -1 -1 -1 -1 -1 -1 -1 -1 -1 -1 -1 -1 -1 -1 -1 0.0267 0.0267 0.258 0.258 0.258 0.352 0.352 0.3585 0.3585 0.3065 0.3065 0.3065 0.2995 0.2995 0.3155 0.3155 0.3345 0.3345 0.3345 0.316 0.316 0.343 0.343 0.326 0.326 0.3485 0.3485 0.3485 0.3575 0.3575 0.37 0.37 0.37 0.37 0.37 0.3705 0.3705 0.364 0.364 0.369 0.369 0.369 0.3635 0.3635 0.3 0.3 0.2985 0.2985
-1 -1 -1 -1 -1 -1 -1 -1 -1 -1 -1 -1 -1 -1 -1 -1 -1 -1 -1 -1 -1 -1 -1 -1 -1 -1 -1 -1 -1 -1 0.0267 0.0267 0.258 0.258 0.258 0.352 0.352 0.3585 0.3585 0.3065 0.3065 0.3065 0.2995 0.2995 0.3155 0.3155 0.3345 0.3345 0.3345 0.316 0.316 0.343 0.343 0.326 0.326 0.3485 0.3485 0.3485 0.3575 0.3575 0.37 0.37 0.37 0.37 0.37 0.3705 0.3705 0.364 0.364 0.369 0.369 0.369 0.3635 0.3635 0.3 0.3 0.2985 0.2985
-1 -1 -1 -1 -1 -1 -1 -1 -1 -1 -1 -1 -1 -1 -1 -1 -1 -1 -1 -1 -1 -1 -1 -1 -1 -1 -1 -1 -1 -1 0.0267 0.0267 0.258 0.258 0.258 0.352 0.352 0.3585 0.3585 0.3065 0.3065 0.3065 0.2995 0.2995 0.3155 0.3155 0.3345 0.3345 0.3345 0.316 0.316 0.343 0.343 0.326 0.326 0.3485 0.3485 0.3485 0.3575 0.3575 0.37 0.37 0.37 0.37 0.37 0.3705 0.3705 0.364 0.364 0.369 0.369 0.369 0.3635 0.3635 0.3 0.3 0.2985 0.2985
-1 -1 -1 -1 -1 -1 -1 -1 -1 -1 -1 -1 -1 -1 -1 -1 -1 -1 -1 -1 -1 -1 -1 -1 -1 -1 -1 -1 -1 -1 0.1516 0.1516 0.359 0.359 0.359 0.3575 0.3575 0.321 0.321 0.3225 0.3225 0.3225 0.3205 0.3205 0.3345 0.3345 0.338 0.338 0.338 0.347 0.347 0.3495 0.3495 0.3435 0.3435 0.3525 0.3525 0.3525 0.415 0.415 0.4045 0.4045 0.4045 0.4045 0.4045 0.3615 0.3615 0.354 0.354 0.358 0.358 0.358 0.3735 0.3735 0.3805 0.3805 0.2945 0.2945
-1 -1 -1 -1 -1 -1 -1 -1 -1 -1 -1 -1 -1 -1 -1 -1 -1 -1 -1 -1 -1 -1 -1 -1 -1 -1 -1 -1 -1 -1 0.1516 0.1516 0.359 0.359 0.359 0.3575 0.3575 0.321 0.321 0.3225 0.3225 0.3225 0.3205 0.3205 0.3345 0.3345 0.338 0.338 0.338 0.347 0.347 0.3495 0.3495 0.3435 0.3435 0.3525 0.3525 0.3525 0.415 0.415 0.4045 0.4045 0.4045 0.4045 0.4045 0.3615 0.3615 0.354 0.354 0.358 0.358 0.358 0.3735 0.3735 0.3805 0.3805 0.2945 0.2945
-1 -1 -1 -1 -1 -1 -1 -1 -1 -1 -1 -1 -1 -1 -1 -1 -1 -1 -1 -1 -1 -1 -1 -1 -1 -1 -1 -1 0.0617 0.0617 0.321 0.321 0.3835 0.3835 0.3835 0.371 0.371 0.348 0.348 0.3165 0.3165 0.3165 0.3665 0.3665 0.313 0.313 0.358 0.358 0.358 0.4065 0.4065 0.3505 0.3505 0.374 0.374 0.368 0.368 0.368 0.425 0.425 0.4245 0.4245 0.4245 0.4245 0.4245 0.3745 0.3745 0.329 0.329 0.318 0.318 0.318 0.3455 0.3455 0.3285 0.3285 0.3965 0.3965
-1 -1 -1 -1 -1 -1 -1 -1 -1 -1 -1 -1 -1 -1 -1 -1 -1 -1 -1 -1 -1 -1 -1 -1 -1 -1 -1 -1 0.0617 0.0617 0.321 0.321 0.3835 0.3835 0.3835 0.371 0.371 0.348 0.348 0.3165 0.3165 0.3165 0.3665 0.3665 0.313 0.313 0.358 0.358 0.358 0.4065 0.4065 0.3505 0.3505 0.374 0.374 0.368 0.368 0.368 0.425 0.425 0.4245 0.4245 0.4245 0.4245 0.4245 0.3745 0.3745 0.329 0.329 0.318 0.318 0.318 0.3455 0.3455 0.3285 0.3285 0.3965 0.3965
-1 -1 -1 -1 -1 -1 -1 -1 -1 -1 -1 -1 -1 -1 -1 -1 -1 -1 -1 -1 -1 -1 -1 -1 -1 0.006 0.006 0.006 0.117 0.117 0.38 0.38 0.3755 0.3755 0.3755 0.351 0.351 0.3395 0.3395 0.3405 0.3405 0.3405 0.3435 0.3435 0.332 0.332 0.3405 0.3405 0.3405 0.391 0.391 0.421 0.421 0.4165 0.4165 0.378 0.378 0.378 0.3625 0.3625 0.406 0.406 0.406 0.406 0.406 0.422 0.422 0.3945 0.3945 0.4235 0.4235 0.4235 0.428 0.428 0.4735 0.4735 0.436 0.436
