ndvi/NOAA-228.asc
ncols         252
nrows         154
xllcorner     -18.017974
yllcorner     13.481982
cellsize      0.035948
NODATA_value  -9999
[rows 68 to 101 of 154, columns 77 to 153 of 252]
0.2345 0.2345 0.28 0.28 0.2555 0.2555 0.2295 0.2295 0.2295 0.2325 0.2325 0.228 0.228 0.249 0.249 0.2785 0.2785 0.2785 0.2795 0.2795 0.315 0.315 0.2945 0.2945 0.2945 0.291 0.291 0.247 0.247 0.232 0.232 0.232 0.2055 0.2055 0.206 0.206 0.213 0.213 0.213 0.2315 0.2315 0.267 0.267 0.2935 0.2935 0.2935 0.1845 0.1845 0.1845 0.1845 0.176 0.176 0.212 0.212 0.212 0.2335 0.2335 0.206 0.206 0.2565 0.2565 0.2565 0.243 0.243 0.3145 0.3145 0.285 0.285 0.285 0.2525 0.2525 0.2225 0.2225 0.2105 0.2105 0.2105 0.164
0.25 0.25 0.2395 0.2395 0.2365 0.2365 0.2255 0.2255 0.2255 0.2215 0.2215 0.2355 0.2355 0.243 0.243 0.257 0.257 0.257 0.262 0.262 0.256 0.256 0.229 0.229 0.229 0.3315 0.3315 0.2905 0.2905 0.247 0.247 0.247 0.23 0.23 0.2425 0.2425 0.237 0.237 0.237 0.2545 0.2545 0.256 0.256 0.1945 0.1945 0.1945 0.181 0.181 0.1945 0.1945 0.202 0.202 0.2445 0.2445 0.2445 0.22 0.22 0.2035 0.2035 0.2365 0.2365 0.2365 0.3005 0.3005 0.274 0.274 0.232 0.232 0.232 0.23 0.23 0.2255 0.2255 0.204 0.204 0.204 0.178
0.25 0.25 0.2395 0.2395 0.2365 0.2365 0.2255 0.2255 0.2255 0.2215 0.2215 0.2355 0.2355 0.243 0.243 0.257 0.257 0.257 0.262 0.262 0.256 0.256 0.229 0.229 0.229 0.3315 0.3315 0.2905 0.2905 0.247 0.247 0.247 0.23 0.23 0.2425 0.2425 0.237 0.237 0.237 0.2545 0.2545 0.256 0.256 0.1945 0.1945 0.1945 0.181 0.181 0.1945 0.1945 0.202 0.202 0.2445 0.2445 0.2445 0.22 0.22 0.2035 0.2035 0.2365 0.2365 0.2365 0.3005 0.3005 0.274 0.274 0.232 0.232 0.232 0.23 0.23 0.2255 0.2255 0.204 0.204 0.204 0.178
0.252 0.252 0.254 0.254 0.253 0.253 0.2505 0.2505 0.2505 0.229 0.229 0.2335 0.2335 0.244 0.244 0.2665 0.2665 0.2665 0.279 0.279 0.2685 0.2685 0.255 0.255 0.255 0.2935 0.2935 0.2785 0.2785 0.273 0.273 0.273 0.251 0.251 0.2355 0.2355 0.216 0.216 0.216 0.233 0.233 0.2345 0.2345 0.208 0.208 0.208 0.232 0.232 0.2205 0.2205 0.217 0.217 0.229 0.229 0.229 0.2195 0.2195 0.221 0.221 0.2275 0.2275 0.2275 0.242 0.242 0.233 0.233 0.2465 0.2465 0.2465 0.2165 0.2165 0.202 0.202 0.2055 0.2055 0.2055 0.2005
0.252 0.252 0.254 0.254 0.253 0.253 0.2505 0.2505 0.2505 0.229 0.229 0.2335 0.2335 0.244 0.244 0.2665 0.2665 0.2665 0.279 0.279 0.2685 0.2685 0.255 0.255 0.255 0.2935 0.2935 0.2785 0.2785 0.273 0.273 0.273 0.251 0.251 0.2355 0.2355 0.216 0.216 0.216 0.233 0.233 0.2345 0.2345 0.208 0.208 0.208 0.232 0.232 0.2205 0.2205 0.217 0.217 0.229 0.229 0.229 0.2195 0.2195 0.221 0.221 0.2275 0.2275 0.2275 0.242 0.242 0.233 0.233 0.2465 0.2465 0.2465 0.2165 0.2165 0.202 0.202 0.2055 0.2055 0.2055 0.2005
0.252 0.252 0.254 0.254 0.253 0.253 0.2505 0.2505 0.2505 0.229 0.229 0.2335 0.2335 0.244 0.244 0.2665 0.2665 0.2665 0.279 0.279 0.2685 0.2685 0.255 0.255 0.255 0.2935 0.2935 0.2785 0.2785 0.273 0.273 0.273 0.251 0.251 0.2355 0.2355 0.216 0.216 0.216 0.233 0.233 0.2345 0.2345 0.208 0.208 0.208 0.232 0.232 0.2205 0.2205 0.217 0.217 0.229 0.229 0.229 0.2195 0.2195 0.221 0.221 0.2275 0.2275 0.2275 0.242 0.242 0.233 0.233 0.2465 0.2465 0.2465 0.2165 0.2165 0.202 0.202 0.2055 0.2055 0.2055 0.2005
0.2755 0.2755 0.25 0.25 0.2395 0.2395 0.239 0.239 0.239 0.25 0.25 0.233 0.233 0.2465 0.2465 0.258 0.258 0.258 0.2585 0.2585 0.2535 0.2535 0.2495 0.2495 0.2495 0.2615 0.2615 0.2645 0.2645 0.2795 0.2795 0.2795 0.2955 0.2955 0.262 0.262 0.2955 0.2955 0.2955 0.2635 0.2635 0.256 0.256 0.2355 0.2355 0.2355 0.3385 0.3385 0.2665 0.2665 0.2455 0.2455 0.232 0.232 0.232 0.2235 0.2235 0.2195 0.2195 0.2435 0.2435 0.2435 0.2485 0.2485 0.3125 0.3125 0.4135 0.4135 0.4135 0.255 0.255 0.2095 0.2095 0.192 0.192 0.192 0.2
0.2755 0.2755 0.25 0.25 0.2395 0.2395 0.239 0.239 0.239 0.25 0.25 0.233 0.233 0.2465 0.2465 0.258 0.258 0.258 0.2585 0.2585 0.2535 0.2535 0.2495 0.2495 0.2495 0.2615 0.2615 0.2645 0.2645 0.2795 0.2795 0.2795 0.2955 0.2955 0.262 0.262 0.2955 0.2955 0.2955 0.2635 0.2635 0.256 0.256 0.2355 0.2355 0.2355 0.3385 0.3385 0.2665 0.2665 0.2455 0.2455 0.232 0.232 0.232 0.2235 0.2235 0.2195 0.2195 0.2435 0.2435 0.2435 0.2485 0.2485 0.3125 0.3125 0.4135 0.4135 0.4135 0.255 0.255 0.2095 0.2095 0.192 0.192 0.192 0.2
0.2595 0.2595 0.238 0.238 0.2235 0.2235 0.236 0.236 0.236 0.263 0.263 0.2565 0.2565 0.246 0.246 0.2485 0.2485 0.2485 0.2555 0.2555 0.2365 0.2365 0.258 0.258 0.258 0.265 0.265 0.263 0.263 0.2585 0.2585 0.2585 0.275 0.275 0.314 0.314 0.3005 0.3005 0.3005 0.3045 0.3045 0.286 0.286 0.2865 0.2865 0.2865 0.2655 0.2655 0.278 0.278 0.286 0.286 0.2445 0.2445 0.2445 0.235 0.235 0.218 0.218 0.2395 0.2395 0.2395 0.235 0.235 0.2305 0.2305 0.226 0.226 0.226 0.24 0.24 0.232 0.232 0.135 0.135 0.135 0.1975
0.2595 0.2595 0.238 0.238 0.2235 0.2235 0.236 0.236 0.236 0.263 0.263 0.2565 0.2565 0.246 0.246 0.2485 0.2485 0.2485 0.2555 0.2555 0.2365 0.2365 0.258 0.258 0.258 0.265 0.265 0.263 0.263 0.2585 0.2585 0.2585 0.275 0.275 0.314 0.314 0.3005 0.3005 0.3005 0.3045 0.3045 0.286 0.286 0.2865 0.2865 0.2865 0.2655 0.2655 0.278 0.278 0.286 0.286 0.2445 0.2445 0.2445 0.235 0.235 0.218 0.218 0.2395 0.2395 0.2395 0.235 0.235 0.2305 0.2305 0.226 0.226 0.226 0.24 0.24 0.232 0.232 0.135 0.135 0.135 0.1975
0.2455 0.2455 0.2335 0.2335 0.233 0.233 0.2305 0.2305 0.2305 0.263 0.263 0.2665 0.2665 0.275 0.275 0.251 0.251 0.251 0.2515 0.2515 0.239 0.239 0.2515 0.2515 0.2515 0.2505 0.2505 0.255 0.255 0.262 0.262 0.262 0.28 0.28 0.2965 0.2965 0.2855 0.2855 0.2855 0.284 0.284 0.2925 0.2925 0.2865 0.2865 0.2865 0.334 0.334 0.273 0.273 0.243 0.243 0.2365 0.2365 0.2365 0.223 0.223 0.2205 0.2205 0.228 0.228 0.228 0.234 0.234 0.214 0.214 0.2115 0.2115 0.2115 0.302 0.302 0.2465 0.2465 0.1635 0.1635 0.1635 0.1565
0.2455 0.2455 0.2335 0.2335 0.233 0.233 0.2305 0.2305 0.2305 0.263 0.263 0.2665 0.2665 0.275 0.275 0.251 0.251 0.251 0.2515 0.2515 0.239 0.239 0.2515 0.2515 0.2515 0.2505 0.2505 0.255 0.255 0.262 0.262 0.262 0.28 0.28 0.2965 0.2965 0.2855 0.2855 0.2855 0.284 0.284 0.2925 0.2925 0.2865 0.2865 0.2865 0.334 0.334 0.273 0.273 0.243 0.243 0.2365 0.2365 0.2365 0.223 0.223 0.2205 0.2205 0.228 0.228 0.228 0.234 0.234 0.214 0.214 0.2115 0.2115 0.2115 0.302 0.302 0.2465 0.2465 0.1635 0.1635 0.1635 0.1565
0.2575 0.2575 0.2515 0.2515 0.2285 0.2285 0.2435 0.2435 0.2435 0.2445 0.2445 0.255 0.255 0.261 0.261 0.26 0.26 0.26 0.2485 0.2485 0.262 0.262 0.248 0.248 0.248 0.2385 0.2385 0.2565 0.2565 0.264 0.264 0.264 0.274 0.274 0.2925 0.2925 0.2815 0.2815 0.2815 0.2775 0.2775 0.26 0.26 0.2885 0.2885 0.2885 0.286 0.286 0.292 0.292 0.2885 0.2885 0.247 0.247 0.247 0.231 0.231 0.213 0.213 0.2145 0.2145 0.2145 0.229 0.229 0.198 0.198 0.205 0.205 0.205 0.2135 0.2135 0.185 0.185 0.1775 0.1775 0.1775 0.1625
0.2575 0.2575 0.2515 0.2515 0.2285 0.2285 0.2435 0.2435 0.2435 0.2445 0.2445 0.255 0.255 0.261 0.261 0.26 0.26 0.26 0.2485 0.2485 0.262 0.262 0.248 0.248 0.248 0.2385 0.2385 0.2565 0.2565 0.264 0.264 0.264 0.274 0.274 0.2925 0.2925 0.2815 0.2815 0.2815 0.2775 0.2775 0.26 0.26 0.2885 0.2885 0.2885 0.286 0.286 0.292 0.292 0.2885 0.2885 0.247 0.247 0.247 0.231 0.231 0.213 0.213 0.2145 0.2145 0.2145 0.229 0.229 0.198 0.198 0.205 0.205 0.205 0.2135 0.2135 0.185 0.185 0.1775 0.1775 0.1775 0.1625
0.2575 0.2575 0.2515 0.2515 0.2285 0.2285 0.2435 0.2435 0.2435 0.2445 0.2445 0.255 0.255 0.261 0.261 0.26 0.26 0.26 0.2485 0.2485 0.262 0.262 0.248 0.248 0.248 0.2385 0.2385 0.2565 0.2565 0.264 0.264 0.264 0.274 0.274 0.2925 0.2925 0.2815 0.2815 0.2815 0.2775 0.2775 0.26 0.26 0.2885 0.2885 0.2885 0.286 0.286 0.292 0.292 0.2885 0.2885 0.247 0.247 0.247 0.231 0.231 0.213 0.213 0.2145 0.2145 0.2145 0.229 0.229 0.198 0.198 0.205 0.205 0.205 0.2135 0.2135 0.185 0.185 0.1775 0.1775 0.1775 0.1625
0.271 0.271 0.247 0.247 0.247 0.247 0.254 0.254 0.254 0.2775 0.2775 0.2675 0.2675 0.271 0.271 0.2935 0.2935 0.2935 0.285 0.285 0.269 0.269 0.2705 0.2705 0.2705 0.2555 0.2555 0.2725 0.2725 0.2625 0.2625 0.2625 0.284 0.284 0.289 0.289 0.291 0.291 0.291 0.279 0.279 0.2775 0.2775 0.2455 0.2455 0.2455 0.2845 0.2845 0.3015 0.3015 0.2725 0.2725 0.245 0.245 0.245 0.2465 0.2465 0.233 0.233 0.2255 0.2255 0.2255 0.2325 0.2325 0.2395 0.2395 0.222 0.222 0.222 0.2015 0.2015 0.1985 0.1985 0.1725 0.1725 0.1725 0.163
0.271 0.271 0.247 0.247 0.247 0.247 0.254 0.254 0.254 0.2775 0.2775 0.2675 0.2675 0.271 0.271 0.2935 0.2935 0.2935 0.285 0.285 0.269 0.269 0.2705 0.2705 0.2705 0.2555 0.2555 0.2725 0.2725 0.2625 0.2625 0.2625 0.284 0.284 0.289 0.289 0.291 0.291 0.291 0.279 0.279 0.2775 0.2775 0.2455 0.2455 0.2455 0.2845 0.2845 0.3015 0.3015 0.2725 0.2725 0.245 0.245 0.245 0.2465 0.2465 0.233 0.233 0.2255 0.2255 0.2255 0.2325 0.2325 0.2395 0.2395 0.222 0.222 0.222 0.2015 0.2015 0.1985 0.1985 0.1725 0.1725 0.1725 0.163
0.3065 0.3065 0.2675 0.2675 0.2795 0.2795 0.305 0.305 0.305 0.303 0.303 0.297 0.297 0.293 0.293 0.3015 0.3015 0.3015 0.279 0.279 0.271 0.271 0.2705 0.2705 0.2705 0.2715 0.2715 0.305 0.305 0.2795 0.2795 0.2795 0.282 0.282 0.3475 0.3475 0.2885 0.2885 0.2885 0.291 0.291 0.286 0.286 0.2735 0.2735 0.2735 0.274 0.274 0.2635 0.2635 0.2775 0.2775 0.261 0.261 0.261 0.2795 0.2795 0.2675 0.2675 0.2475 0.2475 0.2475 0.258 0.258 0.2445 0.2445 0.2085 0.2085 0.2085 0.1985 0.1985 0.2095 0.2095 0.215 0.215 0.215 0.188
0.3065 0.3065 0.2675 0.2675 0.2795 0.2795 0.305 0.305 0.305 0.303 0.303 0.297 0.297 0.293 0.293 0.3015 0.3015 0.3015 0.279 0.279 0.271 0.271 0.2705 0.2705 0.2705 0.2715 0.2715 0.305 0.305 0.2795 0.2795 0.2795 0.282 0.282 0.3475 0.3475 0.2885 0.2885 0.2885 0.291 0.291 0.286 0.286 0.2735 0.2735 0.2735 0.274 0.274 0.2635 0.2635 0.2775 0.2775 0.261 0.261 0.261 0.2795 0.2795 0.2675 0.2675 0.2475 0.2475 0.2475 0.258 0.258 0.2445 0.2445 0.2085 0.2085 0.2085 0.1985 0.1985 0.2095 0.2095 0.215 0.215 0.215 0.188
0.3175 0.3175 0.306 0.306 0.298 0.298 0.292 0.292 0.292 0.322 0.322 0.306 0.306 0.299 0.299 0.2865 0.2865 0.2865 0.2795 0.2795 0.2875 0.2875 0.3125 0.3125 0.3125 0.279 0.279 0.29 0.29 0.291 0.291 0.291 0.301 0.301 0.298 0.298 0.302 0.302 0.302 0.3125 0.3125 0.298 0.298 0.3085 0.3085 0.3085 0.298 0.298 0.277 0.277 0.296 0.296 0.279 0.279 0.279 0.275 0.275 0.252 0.252 0.2535 0.2535 0.2535 0.25 0.25 0.258 0.258 0.2385 0.2385 0.2385 0.22 0.22 0.2405 0.2405 0.219 0.219 0.219 0.2225
0.3175 0.3175 0.306 0.306 0.298 0.298 0.292 0.292 0.292 0.322 0.322 0.306 0.306 0.299 0.299 0.2865 0.2865 0.2865 0.2795 0.2795 0.2875 0.2875 0.3125 0.3125 0.3125 0.279 0.279 0.29 0.29 0.291 0.291 0.291 0.301 0.301 0.298 0.298 0.302 0.302 0.302 0.3125 0.3125 0.298 0.298 0.3085 0.3085 0.3085 0.298 0.298 0.277 0.277 0.296 0.296 0.279 0.279 0.279 0.275 0.275 0.252 0.252 0.2535 0.2535 0.2535 0.25 0.25 0.258 0.258 0.2385 0.2385 0.2385 0.22 0.22 0.2405 0.2405 0.219 0.219 0.219 0.2225
0.3175 0.3175 0.306 0.306 0.298 0.298 0.292 0.292 0.292 0.322 0.322 0.306 0.306 0.299 0.299 0.2865 0.2865 0.2865 0.2795 0.2795 0.2875 0.2875 0.3125 0.3125 0.3125 0.279 0.279 0.29 0.29 0.291 0.291 0.291 0.301 0.301 0.298 0.298 0.302 0.302 0.302 0.3125 0.3125 0.298 0.298 0.3085 0.3085 0.3085 0.298 0.298 0.277 0.277 0.296 0.296 0.279 0.279 0.279 0.275 0.275 0.252 0.252 0.2535 0.2535 0.2535 0.25 0.25 0.258 0.258 0.2385 0.2385 0.2385 0.22 0.22 0.2405 0.2405 0.219 0.219 0.219 0.2225
0.3145 0.3145 0.281 0.281 0.299 0.299 0.313 0.313 0.313 0.312 0.312 0.2915 0.2915 0.288 0.288 0.2825 0.2825 0.2825 0.293 0.293 0.3155 0.3155 0.2775 0.2775 0.2775 0.3125 0.3125 0.286 0.286 0.2925 0.2925 0.2925 0.2945 0.2945 0.306 0.306 0.299 0.299 0.299 0.3005 0.3005 0.2885 0.2885 0.3145 0.3145 0.3145 0.2985 0.2985 0.297 0.297 0.2875 0.2875 0.3105 0.3105 0.3105 0.27 0.27 0.2745 0.2745 0.2665 0.2665 0.2665 0.2655 0.2655 0.26 0.26 0.3005 0.3005 0.3005 0.235 0.235 0.2655 0.2655 0.2055 0.2055 0.2055 0.21
0.3145 0.3145 0.281 0.281 0.299 0.299 0.313 0.313 0.313 0.312 0.312 0.2915 0.2915 0.288 0.288 0.2825 0.2825 0.2825 0.293 0.293 0.3155 0.3155 0.2775 0.2775 0.2775 0.3125 0.3125 0.286 0.286 0.2925 0.2925 0.2925 0.2945 0.2945 0.306 0.306 0.299 0.299 0.299 0.3005 0.3005 0.2885 0.2885 0.3145 0.3145 0.3145 0.2985 0.2985 0.297 0.297 0.2875 0.2875 0.3105 0.3105 0.3105 0.27 0.27 0.2745 0.2745 0.2665 0.2665 0.2665 0.2655 0.2655 0.26 0.26 0.3005 0.3005 0.3005 0.235 0.235 0.2655 0.2655 0.2055 0.2055 0.2055 0.21
0.322 0.322 0.341 0.341 0.3115 0.3115 0.2985 0.2985 0.2985 0.3 0.3 0.286 0.286 0.2945 0.2945 0.294 0.294 0.294 0.3075 0.3075 0.296 0.296 0.3075 0.3075 0.3075 0.3115 0.3115 0.285 0.285 0.297 0.297 0.297 0.337 0.337 0.306 0.306 0.304 0.304 0.304 0.3015 0.3015 0.3155 0.3155 0.295 0.295 0.295 0.311 0.311 0.3375 0.3375 0.3035 0.3035 0.276 0.276 0.276 0.284 0.284 0.277 0.277 0.2925 0.2925 0.2925 0.267 0.267 0.2725 0.2725 0.3115 0.3115 0.3115 0.295 0.295 0.3175 0.3175 0.2655 0.2655 0.2655 0.303
0.322 0.322 0.341 0.341 0.3115 0.3115 0.2985 0.2985 0.2985 0.3 0.3 0.286 0.286 0.2945 0.2945 0.294 0.294 0.294 0.3075 0.3075 0.296 0.296 0.3075 0.3075 0.3075 0.3115 0.3115 0.285 0.285 0.297 0.297 0.297 0.337 0.337 0.306 0.306 0.304 0.304 0.304 0.3015 0.3015 0.3155 0.3155 0.295 0.295 0.295 0.311 0.311 0.3375 0.3375 0.3035 0.3035 0.276 0.276 0.276 0.284 0.284 0.277 0.277 0.2925 0.2925 0.2925 0.267 0.267 0.2725 0.2725 0.3115 0.3115 0.3115 0.295 0.295 0.3175 0.3175 0.2655 0.2655 0.2655 0.303
0.3255 0.3255 0.331 0.331 0.291 0.291 0.2935 0.2935 0.2935 0.3255 0.3255 0.319 0.319 0.3025 0.3025 0.29 0.29 0.29 0.303 0.303 0.3035 0.3035 0.3295 0.3295 0.3295 0.302 0.302 0.3115 0.3115 0.347 0.347 0.347 0.312 0.312 0.3145 0.3145 0.31 0.31 0.31 0.312 0.312 0.3075 0.3075 0.3135 0.3135 0.3135 0.3075 0.3075 0.287 0.287 0.291 0.291 0.2925 0.2925 0.2925 0.313 0.313 0.272 0.272 0.273 0.273 0.273 0.2695 0.2695 0.287 0.287 0.2635 0.2635 0.2635 0.2535 0.2535 0.2275 0.2275 0.2365 0.2365 0.2365 0.2145
0.3255 0.3255 0.331 0.331 0.291 0.291 0.2935 0.2935 0.2935 0.3255 0.3255 0.319 0.319 0.3025 0.3025 0.29 0.29 0.29 0.303 0.303 0.3035 0.3035 0.3295 0.3295 0.3295 0.302 0.302 0.3115 0.3115 0.347 0.347 0.347 0.312 0.312 0.3145 0.3145 0.31 0.31 0.31 0.312 0.312 0.3075 0.3075 0.3135 0.3135 0.3135 0.3075 0.3075 0.287 0.287 0.291 0.291 0.2925 0.2925 0.2925 0.313 0.313 0.272 0.272 0.273 0.273 0.273 0.2695 0.2695 0.287 0.287 0.2635 0.2635 0.2635 0.2535 0.2535 0.2275 0.2275 0.2365 0.2365 0.2365 0.2145
0.3255 0.3255 0.331 0.331 0.291 0.291 0.2935 0.2935 0.2935 0.3255 0.3255 0.319 0.319 0.3025 0.3025 0.29 0.29 0.29 0.303 0.303 0.3035 0.3035 0.3295 0.3295 0.3295 0.302 0.302 0.3115 0.3115 0.347 0.347 0.347 0.312 0.312 0.3145 0.3145 0.31 0.31 0.31 0.312 0.312 0.3075 0.3075 0.3135 0.3135 0.3135 0.3075 0.3075 0.287 0.287 0.291 0.291 0.2925 0.2925 0.2925 0.313 0.313 0.272 0.272 0.273 0.273 0.273 0.2695 0.2695 0.287 0.287 0.2635 0.2635 0.2635 0.2535 0.2535 0.2275 0.2275 0.2365 0.2365 0.2365 0.2145
0.3085 0.3085 0.2965 0.2965 0.2925 0.2925 0.3165 0.3165 0.3165 0.3095 0.3095 0.3095 0.3095 0.319 0.319 0.299 0.299 0.299 0.2875 0.2875 0.3085 0.3085 0.3035 0.3035 0.3035 0.306 0.306 0.314 0.314 0.381 0.381 0.381 0.3505 0.3505 0.3225 0.3225 0.328 0.328 0.328 0.3735 0.3735 0.326 0.326 0.304 0.304 0.304 0.3005 0.3005 0.2925 0.2925 0.2785 0.2785 0.2965 0.2965 0.2965 0.2755 0.2755 0.287 0.287 0.3225 0.3225 0.3225 0.296 0.296 0.278 0.278 0.298 0.298 0.298 0.347 0.347 0.309 0.309 0.286 0.286 0.286 0.2845
0.3085 0.3085 0.2965 0.2965 0.2925 0.2925 0.3165 0.3165 0.3165 0.3095 0.3095 0.3095 0.3095 0.319 0.319 0.299 0.299 0.299 0.2875 0.2875 0.3085 0.3085 0.3035 0.3035 0.3035 0.306 0.306 0.314 0.314 0.381 0.381 0.381 0.3505 0.3505 0.3225 0.3225 0.328 0.328 0.328 0.3735 0.3735 0.326 0.326 0.304 0.304 0.304 0.3005 0.3005 0.2925 0.2925 0.2785 0.2785 0.2965 0.2965 0.2965 0.2755 0.2755 0.287 0.287 0.3225 0.3225 0.3225 0.296 0.296 0.278 0.278 0.298 0.298 0.298 0.347 0.347 0.309 0.309 0.286 0.286 0.286 0.2845
0.3105 0.3105 0.355 0.355 0.3195 0.3195 0.301 0.301 0.301 0.324 0.324 0.3215 0.3215 0.3 0.3 0.321 0.321 0.321 0.333 0.333 0.2985 0.2985 0.305 0.305 0.305 0.316 0.316 0.336 0.336 0.3325 0.3325 0.3325 0.322 0.322 0.33 0.33 0.327 0.327 0.327 0.3745 0.3745 0.3495 0.3495 0.322 0.322 0.322 0.3195 0.3195 0.2985 0.2985 0.347 0.347 0.33 0.33 0.33 0.3245 0.3245 0.3075 0.3075 0.3085 0.3085 0.3085 0.344 0.344 0.282 0.282 0.302 0.302 0.302 0.348 0.348 0.3235 0.3235 0.284 0.284 0.284 0.2855
0.3105 0.3105 0.355 0.355 0.3195 0.3195 0.301 0.301 0.301 0.324 0.324 0.3215 0.3215 0.3 0.3 0.321 0.321 0.321 0.333 0.333 0.2985 0.2985 0.305 0.305 0.305 0.316 0.316 0.336 0.336 0.3325 0.3325 0.3325 0.322 0.322 0.33 0.33 0.327 0.327 0.327 0.3745 0.3745 0.3495 0.3495 0.322 0.322 0.322 0.3195 0.3195 0.2985 0.2985 0.347 0.347 0.33 0.33 0.33 0.3245 0.3245 0.3075 0.3075 0.3085 0.3085 0.3085 0.344 0.344 0.282 0.282 0.302 0.302 0.302 0.348 0.348 0.3235 0.3235 0.284 0.284 0.284 0.2855
0.3095 0.3095 0.3215 0.3215 0.327 0.327 0.321 0.321 0.321 0.291 0.291 0.303 0.303 0.294 0.294 0.2975 0.2975 0.2975 0.318 0.318 0.3275 0.3275 0.335 0.335 0.335 0.352 0.352 0.324 0.324 0.322 0.322 0.322 0.314 0.314 0.339 0.339 0.317 0.317 0.317 0.3395 0.3395 0.328 0.328 0.332 0.332 0.332 0.341 0.341 0.3325 0.3325 0.3465 0.3465 0.3545 0.3545 0.3545 0.317 0.317 0.3125 0.3125 0.287 0.287 0.287 0.3215 0.3215 0.3445 0.3445 0.301 0.301 0.301 0.3155 0.3155 0.2845 0.2845 0.2865 0.2865 0.2865 0.2895
