ndvi/NOAA-140.asc
ncols         252
nrows         154
xllcorner     -18.017974
yllcorner     13.481982
cellsize      0.035948
NODATA_value  -9999
[rows 68 to 101 of 154, columns 0 to 76 of 252]
-1 -1 -1 -1 -1 -1 -1 -1 -1 -1 -1 -1 -1 -1 -1 -1 -1 -1 -1 -1 -1 -1 -1 -1 -1 -1 -1 -1 -1 -1 -1 -1 -1 -1 -1 -1 -1 -1 -1 0.112 0.112 0.112 0.141 0.141 0.316 0.316 0.307 0.307 0.307 0.2875 0.2875 0.325 0.325 0.2825 0.2825 0.299 0.299 0.299 0.3945 0.3945 0.457 0.457 0.457 0.457 0.457 0.3285 0.3285 0.419 0.419 0.2305 0.2305 0.2305 0.221 0.221 0.2475 0.2475 0.2425
-1 -1 -1 -1 -1 -1 -1 -1 -1 -1 -1 -1 -1 -1 -1 -1 -1 -1 -1 -1 -1 -1 -1 -1 -1 -1 -1 -1 -1 -1 -1 -1 -1 -1 -1 -1 -1 -1 -1 0.2005 0.2005 0.2005 0.2435 0.2435 0.293 0.293 0.233 0.233 0.233 0.261 0.261 0.3545 0.3545 0.37 0.37 0.3625 0.3625 0.3625 0.386 0.386 0.42 0.42 0.42 0.42 0.42 0.375 0.375 0.3255 0.3255 0.2005 0.2005 0.2005 0.2195 0.2195 0.2315 0.2315 0.247
-1 -1 -1 -1 -1 -1 -1 -1 -1 -1 -1 -1 -1 -1 -1 -1 -1 -1 -1 -1 -1 -1 -1 -1 -1 -1 -1 -1 -1 -1 -1 -1 -1 -1 -1 -1 -1 -1 -1 0.2005 0.2005 0.2005 0.2435 0.2435 0.293 0.293 0.233 0.233 0.233 0.261 0.261 0.3545 0.3545 0.37 0.37 0.3625 0.3625 0.3625 0.386 0.386 0.42 0.42 0.42 0.42 0.42 0.375 0.375 0.3255 0.3255 0.2005 0.2005 0.2005 0.2195 0.2195 0.2315 0.2315 0.247
-1 -1 -1 -1 -1 -1 -1 -1 -1 -1 -1 -1 -1 -1 -1 -1 -1 -1 -1 -1 -1 -1 -1 -1 -1 -1 -1 -1 -1 -1 -1 -1 -1 -1 -1 -1 -1 0.0496 0.0496 0.1255 0.1255 0.1255 0.2965 0.2965 0.311 0.311 0.254 0.254 0.254 0.2455 0.2455 0.3 0.3 0.2465 0.2465 0.1515 0.1515 0.1515 0.3665 0.3665 0.3625 0.3625 0.3625 0.3625 0.3625 0.3825 0.3825 0.3685 0.3685 0.26 0.26 0.26 0.233 0.233 0.237 0.237 0.196
-1 -1 -1 -1 -1 -1 -1 -1 -1 -1 -1 -1 -1 -1 -1 -1 -1 -1 -1 -1 -1 -1 -1 -1 -1 -1 -1 -1 -1 -1 -1 -1 -1 -1 -1 -1 -1 0.0496 0.0496 0.1255 0.1255 0.1255 0.2965 0.2965 0.311 0.311 0.254 0.254 0.254 0.2455 0.2455 0.3 0.3 0.2465 0.2465 0.1515 0.1515 0.1515 0.3665 0.3665 0.3625 0.3625 0.3625 0.3625 0.3625 0.3825 0.3825 0.3685 0.3685 0.26 0.26 0.26 0.233 0.233 0.237 0.237 0.196
-1 -1 -1 -1 -1 -1 -1 -1 -1 -1 -1 -1 -1 -1 -1 -1 -1 -1 -1 -1 -1 -1 -1 -1 -1 -1 -1 -1 -1 -1 -1 -1 -1 -1 -1 -1 -1 0.0496 0.0496 0.1255 0.1255 0.1255 0.2965 0.2965 0.311 0.311 0.254 0.254 0.254 0.2455 0.2455 0.3 0.3 0.2465 0.2465 0.1515 0.1515 0.1515 0.3665 0.3665 0.3625 0.3625 0.3625 0.3625 0.3625 0.3825 0.3825 0.3685 0.3685 0.26 0.26 0.26 0.233 0.233 0.237 0.237 0.196
-1 -1 -1 -1 -1 -1 -1 -1 -1 -1 -1 -1 -1 -1 -1 -1 -1 -1 -1 -1 -1 -1 -1 -1 -1 -1 -1 -1 -1 -1 -1 -1 -1 -1 -1 -1 -1 0.0352 0.0352 0.1145 0.1145 0.1145 0.2745 0.2745 0.3155 0.3155 0.274 0.274 0.274 0.219 0.219 0.1775 0.1775 0.185 0.185 0.215 0.215 0.215 0.211 0.211 0.2585 0.2585 0.2585 0.2585 0.2585 0.3565 0.3565 0.314 0.314 0.2605 0.2605 0.2605 0.2315 0.2315 0.2265 0.2265 0.223
-1 -1 -1 -1 -1 -1 -1 -1 -1 -1 -1 -1 -1 -1 -1 -1 -1 -1 -1 -1 -1 -1 -1 -1 -1 -1 -1 -1 -1 -1 -1 -1 -1 -1 -1 -1 -1 0.0352 0.0352 0.1145 0.1145 0.1145 0.2745 0.2745 0.3155 0.3155 0.274 0.274 0.274 0.219 0.219 0.1775 0.1775 0.185 0.185 0.215 0.215 0.215 0.211 0.211 0.2585 0.2585 0.2585 0.2585 0.2585 0.3565 0.3565 0.314 0.314 0.2605 0.2605 0.2605 0.2315 0.2315 0.2265 0.2265 0.223
-1 -1 -1 -1 -1 -1 -1 -1 -1 -1 -1 -1 -1 -1 -1 -1 -1 -1 -1 -1 -1 -1 -1 -1 -1 -1 -1 -1 -1 -1 -1 -1 -1 -1 -1 -1 -1 0.0037 0.0037 0.0885 0.0885 0.0885 0.2505 0.2505 0.269 0.269 0.21 0.21 0.21 0.1755 0.1755 0.215 0.215 0.191 0.191 0.187 0.187 0.187 0.208 0.208 0.201 0.201 0.201 0.201 0.201 0.237 0.237 0.2325 0.2325 0.254 0.254 0.254 0.246 0.246 0.241 0.241 0.2085
-1 -1 -1 -1 -1 -1 -1 -1 -1 -1 -1 -1 -1 -1 -1 -1 -1 -1 -1 -1 -1 -1 -1 -1 -1 -1 -1 -1 -1 -1 -1 -1 -1 -1 -1 -1 -1 0.0037 0.0037 0.0885 0.0885 0.0885 0.2505 0.2505 0.269 0.269 0.21 0.21 0.21 0.1755 0.1755 0.215 0.215 0.191 0.191 0.187 0.187 0.187 0.208 0.208 0.201 0.201 0.201 0.201 0.201 0.237 0.237 0.2325 0.2325 0.254 0.254 0.254 0.246 0.246 0.241 0.241 0.2085
-1 -1 -1 -1 -1 -1 -1 -1 -1 -1 -1 -1 -1 -1 -1 -1 -1 -1 -1 -1 -1 -1 -1 -1 -1 -1 -1 -1 -1 -1 -1 -1 -1 -1 -1 -1 -1 0.0872 0.0872 0.1055 0.1055 0.1055 0.147 0.147 0.2215 0.2215 0.213 0.213 0.213 0.2185 0.2185 0.213 0.213 0.203 0.203 0.2575 0.2575 0.2575 0.222 0.222 0.222 0.222 0.222 0.222 0.222 0.2365 0.2365 0.2585 0.2585 0.244 0.244 0.244 0.19 0.19 0.1805 0.1805 0.193
-1 -1 -1 -1 -1 -1 -1 -1 -1 -1 -1 -1 -1 -1 -1 -1 -1 -1 -1 -1 -1 -1 -1 -1 -1 -1 -1 -1 -1 -1 -1 -1 -1 -1 -1 -1 -1 0.0872 0.0872 0.1055 0.1055 0.1055 0.147 0.147 0.2215 0.2215 0.213 0.213 0.213 0.2185 0.2185 0.213 0.213 0.203 0.203 0.2575 0.2575 0.2575 0.222 0.222 0.222 0.222 0.222 0.222 0.222 0.2365 0.2365 0.2585 0.2585 0.244 0.244 0.244 0.19 0.19 0.1805 0.1805 0.193
-1 -1 -1 -1 -1 -1 -1 -1 -1 -1 -1 -1 -1 -1 -1 -1 -1 -1 -1 -1 -1 -1 -1 -1 -1 -1 -1 -1 -1 -1 -1 -1 -1 -1 -1 -1 -1 0.0037 0.0037 0.265 0.265 0.265 0.201 0.201 0.2825 0.2825 0.2015 0.2015 0.2015 0.1965 0.1965 0.2165 0.2165 0.24 0.24 0.248 0.248 0.248 0.206 0.206 0.2945 0.2945 0.2945 0.2945 0.2945 0.3105 0.3105 0.3105 0.3105 0.2635 0.2635 0.2635 0.2035 0.2035 0.1875 0.1875 0.2195
-1 -1 -1 -1 -1 -1 -1 -1 -1 -1 -1 -1 -1 -1 -1 -1 -1 -1 -1 -1 -1 -1 -1 -1 -1 -1 -1 -1 -1 -1 -1 -1 -1 -1 -1 -1 -1 0.0037 0.0037 0.265 0.265 0.265 0.201 0.201 0.2825 0.2825 0.2015 0.2015 0.2015 0.1965 0.1965 0.2165 0.2165 0.24 0.24 0.248 0.248 0.248 0.206 0.206 0.2945 0.2945 0.2945 0.2945 0.2945 0.3105 0.3105 0.3105 0.3105 0.2635 0.2635 0.2635 0.2035 0.2035 0.1875 0.1875 0.2195
-1 -1 -1 -1 -1 -1 -1 -1 -1 -1 -1 -1 -1 -1 -1 -1 -1 -1 -1 -1 -1 -1 -1 -1 -1 -1 -1 -1 -1 -1 -1 -1 -1 -1 -1 -1 -1 0.0037 0.0037 0.265 0.265 0.265 0.201 0.201 0.2825 0.2825 0.2015 0.2015 0.2015 0.1965 0.1965 0.2165 0.2165 0.24 0.24 0.248 0.248 0.248 0.206 0.206 0.2945 0.2945 0.2945 0.2945 0.2945 0.3105 0.3105 0.3105 0.3105 0.2635 0.2635 0.2635 0.2035 0.2035 0.1875 0.1875 0.2195
-1 -1 -1 -1 -1 -1 -1 -1 -1 -1 -1 -1 -1 -1 -1 -1 -1 -1 -1 -1 -1 -1 -1 -1 -1 -1 -1 -1 -1 -1 -1 -1 -1 -1 -1 -1 -1 0.0371 0.0371 0.164 0.164 0.164 0.226 0.226 0.189 0.189 0.209 0.209 0.209 0.245 0.245 0.253 0.253 0.239 0.239 0.2335 0.2335 0.2335 0.2505 0.2505 0.3105 0.3105 0.3105 0.3105 0.3105 0.348 0.348 0.361 0.361 0.2785 0.2785 0.2785 0.2225 0.2225 0.208 0.208 0.2115
-1 -1 -1 -1 -1 -1 -1 -1 -1 -1 -1 -1 -1 -1 -1 -1 -1 -1 -1 -1 -1 -1 -1 -1 -1 -1 -1 -1 -1 -1 -1 -1 -1 -1 -1 -1 -1 0.0371 0.0371 0.164 0.164 0.164 0.226 0.226 0.189 0.189 0.209 0.209 0.209 0.245 0.245 0.253 0.253 0.239 0.239 0.2335 0.2335 0.2335 0.2505 0.2505 0.3105 0.3105 0.3105 0.3105 0.3105 0.348 0.348 0.361 0.361 0.2785 0.2785 0.2785 0.2225 0.2225 0.208 0.208 0.2115
-1 -1 -1 -1 -1 -1 -1 -1 -1 -1 -1 -1 -1 -1 -1 -1 -1 -1 -1 -1 -1 -1 -1 -1 -1 -1 -1 -1 -1 -1 -1 -1 -1 -1 -1 -1 -1 0.0877 0.0877 0.2755 0.2755 0.2755 0.2645 0.2645 0.186 0.186 0.2275 0.2275 0.2275 0.2785 0.2785 0.2575 0.2575 0.2225 0.2225 0.2765 0.2765 0.2765 0.33 0.33 0.3385 0.3385 0.3385 0.3385 0.3385 0.3465 0.3465 0.321 0.321 0.284 0.284 0.284 0.2325 0.2325 0.2565 0.2565 0.247
-1 -1 -1 -1 -1 -1 -1 -1 -1 -1 -1 -1 -1 -1 -1 -1 -1 -1 -1 -1 -1 -1 -1 -1 -1 -1 -1 -1 -1 -1 -1 -1 -1 -1 -1 -1 -1 0.0877 0.0877 0.2755 0.2755 0.2755 0.2645 0.2645 0.186 0.186 0.2275 0.2275 0.2275 0.2785 0.2785 0.2575 0.2575 0.2225 0.2225 0.2765 0.2765 0.2765 0.33 0.33 0.3385 0.3385 0.3385 0.3385 0.3385 0.3465 0.3465 0.321 0.321 0.284 0.284 0.284 0.2325 0.2325 0.2565 0.2565 0.247
-1 -1 -1 -1 -1 -1 -1 -1 -1 -1 -1 -1 -1 -1 -1 -1 -1 -1 -1 -1 -1 -1 -1 -1 -1 -1 -1 -1 -1 -1 -1 -1 -1 -1 -1 0.028 0.028 0.2245 0.2245 0.3155 0.3155 0.3155 0.321 0.321 0.304 0.304 0.2055 0.2055 0.2055 0.2735 0.2735 0.2475 0.2475 0.2085 0.2085 0.2595 0.2595 0.2595 0.362 0.362 0.3635 0.3635 0.3635 0.3635 0.3635 0.313 0.313 0.3445 0.3445 0.2195 0.2195 0.2195 0.272 0.272 0.295 0.295 0.2955
-1 -1 -1 -1 -1 -1 -1 -1 -1 -1 -1 -1 -1 -1 -1 -1 -1 -1 -1 -1 -1 -1 -1 -1 -1 -1 -1 -1 -1 -1 -1 -1 -1 -1 -1 0.028 0.028 0.2245 0.2245 0.3155 0.3155 0.3155 0.321 0.321 0.304 0.304 0.2055 0.2055 0.2055 0.2735 0.2735 0.2475 0.2475 0.2085 0.2085 0.2595 0.2595 0.2595 0.362 0.362 0.3635 0.3635 0.3635 0.3635 0.3635 0.313 0.313 0.3445 0.3445 0.2195 0.2195 0.2195 0.272 0.272 0.295 0.295 0.2955
-1 -1 -1 -1 -1 -1 -1 -1 -1 -1 -1 -1 -1 -1 -1 -1 -1 -1 -1 -1 -1 -1 -1 -1 -1 -1 -1 -1 -1 -1 -1 -1 -1 -1 -1 0.028 0.028 0.2245 0.2245 0.3155 0.3155 0.3155 0.321 0.321 0.304 0.304 0.2055 0.2055 0.2055 0.2735 0.2735 0.2475 0.2475 0.2085 0.2085 0.2595 0.2595 0.2595 0.362 0.362 0.3635 0.3635 0.3635 0.3635 0.3635 0.313 0.313 0.3445 0.3445 0.2195 0.2195 0.2195 0.272 0.272 0.295 0.295 0.2955
-1 -1 -1 -1 -1 -1 -1 -1 -1 -1 -1 -1 -1 -1 -1 -1 -1 -1 -1 -1 -1 -1 -1 -1 -1 -1 -1 -1 -1 -1 -1 -1 -1 -1 -1 0.15 0.15 0.35 0.35 0.3505 0.3505 0.3505 0.298 0.298 0.2785 0.2785 0.2965 0.2965 0.2965 0.295 0.295 0.29 0.29 0.285 0.285 0.2825 0.2825 0.2825 0.234 0.234 0.3395 0.3395 0.3395 0.3395 0.3395 0.3605 0.3605 0.3625 0.3625 0.356 0.356 0.356 0.3245 0.3245 0.3565 0.3565 0.3715
-1 -1 -1 -1 -1 -1 -1 -1 -1 -1 -1 -1 -1 -1 -1 -1 -1 -1 -1 -1 -1 -1 -1 -1 -1 -1 -1 -1 -1 -1 -1 -1 -1 -1 -1 0.15 0.15 0.35 0.35 0.3505 0.3505 0.3505 0.298 0.298 0.2785 0.2785 0.2965 0.2965 0.2965 0.295 0.295 0.29 0.29 0.285 0.285 0.2825 0.2825 0.2825 0.234 0.234 0.3395 0.3395 0.3395 0.3395 0.3395 0.3605 0.3605 0.3625 0.3625 0.356 0.356 0.356 0.3245 0.3245 0.3565 0.3565 0.3715
-1 -1 -1 -1 -1 -1 -1 -1 -1 -1 -1 -1 -1 -1 -1 -1 -1 -1 -1 -1 -1 -1 -1 -1 -1 -1 -1 -1 -1 -1 -1 -1 0.0636 0.0636 0.0636 0.3505 0.3505 0.3595 0.3595 0.355 0.355 0.355 0.322 0.322 0.311 0.311 0.313 0.313 0.313 0.313 0.313 0.2865 0.2865 0.29 0.29 0.25 0.25 0.25 0.297 0.297 0.332 0.332 0.332 0.332 0.332 0.4435 0.4435 0.3995 0.3995 0.3715 0.3715 0.3715 0.3635 0.3635 0.408 0.408 0.3865
-1 -1 -1 -1 -1 -1 -1 -1 -1 -1 -1 -1 -1 -1 -1 -1 -1 -1 -1 -1 -1 -1 -1 -1 -1 -1 -1 -1 -1 -1 -1 -1 0.0636 0.0636 0.0636 0.3505 0.3505 0.3595 0.3595 0.355 0.355 0.355 0.322 0.322 0.311 0.311 0.313 0.313 0.313 0.313 0.313 0.2865 0.2865 0.29 0.29 0.25 0.25 0.25 0.297 0.297 0.332 0.332 0.332 0.332 0.332 0.4435 0.4435 0.3995 0.3995 0.3715 0.3715 0.3715 0.3635 0.3635 0.408 0.408 0.3865
-1 -1 -1 -1 -1 -1 -1 -1 -1 -1 -1 -1 -1 -1 -1 -1 -1 -1 -1 -1 -1 -1 -1 -1 -1 -1 -1 -1 -1 -1 0.0181 0.0181 0.2765 0.2765 0.2765 0.384 0.384 0.3575 0.3575 0.347 0.347 0.347 0.3475 0.3475 0.335 0.335 0.3345 0.3345 0.3345 0.301 0.301 0.308 0.308 0.333 0.333 0.2895 0.2895 0.2895 0.2715 0.2715 0.3375 0.3375 0.3375 0.3375 0.3375 0.4435 0.4435 0.399 0.399 0.367 0.367 0.367 0.373 0.373 0.3935 0.3935 0.3435
-1 -1 -1 -1 -1 -1 -1 -1 -1 -1 -1 -1 -1 -1 -1 -1 -1 -1 -1 -1 -1 -1 -1 -1 -1 -1 -1 -1 -1 -1 0.0181 0.0181 0.2765 0.2765 0.2765 0.384 0.384 0.3575 0.3575 0.347 0.347 0.347 0.3475 0.3475 0.335 0.335 0.3345 0.3345 0.3345 0.301 0.301 0.308 0.308 0.333 0.333 0.2895 0.2895 0.2895 0.2715 0.2715 0.3375 0.3375 0.3375 0.3375 0.3375 0.4435 0.4435 0.399 0.399 0.367 0.367 0.367 0.373 0.373 0.3935 0.3935 0.3435
-1 -1 -1 -1 -1 -1 -1 -1 -1 -1 -1 -1 -1 -1 -1 -1 -1 -1 -1 -1 -1 -1 -1 -1 -1 -1 -1 -1 -1 -1 0.0181 0.0181 0.2765 0.2765 0.2765 0.384 0.384 0.3575 0.3575 0.347 0.347 0.347 0.3475 0.3475 0.335 0.335 0.3345 0.3345 0.3345 0.301 0.301 0.308 0.308 0.333 0.333 0.2895 0.2895 0.2895 0.2715 0.2715 0.3375 0.3375 0.3375 0.3375 0.3375 0.4435 0.4435 0.399 0.399 0.367 0.367 0.367 0.373 0.373 0.3935 0.3935 0.3435
-1 -1 -1 -1 -1 -1 -1 -1 -1 -1 -1 -1 -1 -1 -1 -1 -1 -1 -1 -1 -1 -1 -1 -1 -1 -1 -1 -1 -1 -1 0.0981 0.0981 0.327 0.327 0.327 0.3555 0.3555 0.367 0.367 0.3445 0.3445 0.3445 0.3085 0.3085 0.3455 0.3455 0.346 0.346 0.346 0.348 0.348 0.3675 0.3675 0.43 0.43 0.3615 0.3615 0.3615 0.3515 0.3515 0.3565 0.3565 0.3565 0.3565 0.3565 0.3725 0.3725 0.3665 0.3665 0.372 0.372 0.372 0.3595 0.3595 0.3555 0.3555 0.344
-1 -1 -1 -1 -1 -1 -1 -1 -1 -1 -1 -1 -1 -1 -1 -1 -1 -1 -1 -1 -1 -1 -1 -1 -1 -1 -1 -1 -1 -1 0.0981 0.0981 0.327 0.327 0.327 0.3555 0.3555 0.367 0.367 0.3445 0.3445 0.3445 0.3085 0.3085 0.3455 0.3455 0.346 0.346 0.346 0.348 0.348 0.3675 0.3675 0.43 0.43 0.3615 0.3615 0.3615 0.3515 0.3515 0.3565 0.3565 0.3565 0.3565 0.3565 0.3725 0.3725 0.3665 0.3665 0.372 0.372 0.372 0.3595 0.3595 0.3555 0.3555 0.344
-1 -1 -1 -1 -1 -1 -1 -1 -1 -1 -1 -1 -1 -1 -1 -1 -1 -1 -1 -1 -1 -1 -1 -1 -1 -1 -1 -1 0.0457 0.0457 0.286 0.286 0.371 0.371 0.371 0.3725 0.3725 0.336 0.336 0.2895 0.2895 0.2895 0.297 0.297 0.29 0.29 0.334 0.334 0.334 0.346 0.346 0.4235 0.4235 0.4485 0.4485 0.414 0.414 0.414 0.3725 0.3725 0.36 0.36 0.36 0.36 0.36 0.354 0.354 0.3375 0.3375 0.3485 0.3485 0.3485 0.338 0.338 0.371 0.371 0.388
-1 -1 -1 -1 -1 -1 -1 -1 -1 -1 -1 -1 -1 -1 -1 -1 -1 -1 -1 -1 -1 -1 -1 -1 -1 -1 -1 -1 0.0457 0.0457 0.286 0.286 0.371 0.371 0.371 0.3725 0.3725 0.336 0.336 0.2895 0.2895 0.2895 0.297 0.297 0.29 0.29 0.334 0.334 0.334 0.346 0.346 0.4235 0.4235 0.4485 0.4485 0.414 0.414 0.414 0.3725 0.3725 0.36 0.36 0.36 0.36 0.36 0.354 0.354 0.3375 0.3375 0.3485 0.3485 0.3485 0.338 0.338 0.371 0.371 0.388
-1 -1 -1 -1 -1 -1 -1 -1 -1 -1 -1 -1 -1 -1 -1 -1 -1 -1 -1 -1 -1 -1 -1 -1 -1 0.0547 0.0547 0.0547 0.16 0.16 0.3685 0.3685 0.3475 0.3475 0.3475 0.3505 0.3505 0.3375 0.3375 0.3 0.3 0.3 0.329 0.329 0.296 0.296 0.3195 0.3195 0.3195 0.393 0.393 0.3865 0.3865 0.4 0.4 0.4075 0.4075 0.4075 0.4065 0.4065 0.435 0.435 0.435 0.435 0.435 0.417 0.417 0.4355 0.4355 0.421 0.421 0.421 0.431 0.431 0.398 0.398 0.345
