ndvi/NOAA-316.asc
ncols         252
nrows         154
xllcorner     -18.017974
yllcorner     13.481982
cellsize      0.035948
NODATA_value  -9999
[rows 102 to 135 of 154, columns 78 to 155 of 252]
0.164 0.192 0.192 0.1735 0.1735 0.1695 0.1695 0.1695 0.1855 0.1855 0.17 0.17 0.1685 0.1685 0.177 0.177 0.177 0.1705 0.1705 0.1775 0.1775 0.203 0.203 0.203 0.191 0.191 0.195 0.195 0.184 0.184 0.184 0.1915 0.1915 0.193 0.193 0.2055 0.2055 0.2055 0.201 0.201 0.215 0.215 0.2105 0.2105 0.2105 0.2095 0.2095 0.208 0.208 0.223 0.223 0.212 0.212 0.212 0.2165 0.2165 0.205 0.205 0.216 0.216 0.216 0.2125 0.2125 0.2225 0.2225 0.2065 0.2065 0.2065 0.2225 0.2225 0.22 0.22 0.203 0.203 0.203 0.1995 0.1995 0.188
0.1815 0.174 0.174 0.167 0.167 0.156 0.156 0.156 0.1795 0.1795 0.1885 0.1885 0.173 0.173 0.176 0.176 0.176 0.1825 0.1825 0.184 0.184 0.1865 0.1865 0.1865 0.1925 0.1925 0.1825 0.1825 0.186 0.186 0.186 0.1865 0.1865 0.195 0.195 0.215 0.215 0.215 0.2095 0.2095 0.2135 0.2135 0.2075 0.2075 0.2075 0.1985 0.1985 0.225 0.225 0.217 0.217 0.2155 0.2155 0.2155 0.215 0.215 0.212 0.212 0.2085 0.2085 0.2085 0.2135 0.2135 0.243 0.243 0.2295 0.2295 0.2295 0.2195 0.2195 0.219 0.219 0.209 0.209 0.209 0.1985 0.1985 0.201
0.1815 0.174 0.174 0.167 0.167 0.156 0.156 0.156 0.1795 0.1795 0.1885 0.1885 0.173 0.173 0.176 0.176 0.176 0.1825 0.1825 0.184 0.184 0.1865 0.1865 0.1865 0.1925 0.1925 0.1825 0.1825 0.186 0.186 0.186 0.1865 0.1865 0.195 0.195 0.215 0.215 0.215 0.2095 0.2095 0.2135 0.2135 0.2075 0.2075 0.2075 0.1985 0.1985 0.225 0.225 0.217 0.217 0.2155 0.2155 0.2155 0.215 0.215 0.212 0.212 0.2085 0.2085 0.2085 0.2135 0.2135 0.243 0.243 0.2295 0.2295 0.2295 0.2195 0.2195 0.219 0.219 0.209 0.209 0.209 0.1985 0.1985 0.201
0.1815 0.174 0.174 0.167 0.167 0.156 0.156 0.156 0.1795 0.1795 0.1885 0.1885 0.173 0.173 0.176 0.176 0.176 0.1825 0.1825 0.184 0.184 0.1865 0.1865 0.1865 0.1925 0.1925 0.1825 0.1825 0.186 0.186 0.186 0.1865 0.1865 0.195 0.195 0.215 0.215 0.215 0.2095 0.2095 0.2135 0.2135 0.2075 0.2075 0.2075 0.1985 0.1985 0.225 0.225 0.217 0.217 0.2155 0.2155 0.2155 0.215 0.215 0.212 0.212 0.2085 0.2085 0.2085 0.2135 0.2135 0.243 0.243 0.2295 0.2295 0.2295 0.2195 0.2195 0.219 0.219 0.209 0.209 0.209 0.1985 0.1985 0.201
0.191 0.193 0.193 0.173 0.173 0.178 0.178 0.178 0.161 0.161 0.173 0.173 0.1755 0.1755 0.1775 0.1775 0.1775 0.167 0.167 0.176 0.176 0.1985 0.1985 0.1985 0.21 0.21 0.2005 0.2005 0.1985 0.1985 0.1985 0.1915 0.1915 0.2025 0.2025 0.218 0.218 0.218 0.22 0.22 0.2145 0.2145 0.212 0.212 0.212 0.2105 0.2105 0.2245 0.2245 0.218 0.218 0.217 0.217 0.217 0.212 0.212 0.2115 0.2115 0.206 0.206 0.206 0.217 0.217 0.213 0.213 0.241 0.241 0.241 0.229 0.229 0.1785 0.1785 0.2055 0.2055 0.2055 0.213 0.213 0.21
0.191 0.193 0.193 0.173 0.173 0.178 0.178 0.178 0.161 0.161 0.173 0.173 0.1755 0.1755 0.1775 0.1775 0.1775 0.167 0.167 0.176 0.176 0.1985 0.1985 0.1985 0.21 0.21 0.2005 0.2005 0.1985 0.1985 0.1985 0.1915 0.1915 0.2025 0.2025 0.218 0.218 0.218 0.22 0.22 0.2145 0.2145 0.212 0.212 0.212 0.2105 0.2105 0.2245 0.2245 0.218 0.218 0.217 0.217 0.217 0.212 0.212 0.2115 0.2115 0.206 0.206 0.206 0.217 0.217 0.213 0.213 0.241 0.241 0.241 0.229 0.229 0.1785 0.1785 0.2055 0.2055 0.2055 0.213 0.213 0.21
0.191 0.1945 0.1945 0.186 0.186 0.1725 0.1725 0.1725 0.166 0.166 0.164 0.164 0.187 0.187 0.165 0.165 0.165 0.18 0.18 0.1945 0.1945 0.203 0.203 0.203 0.2205 0.2205 0.213 0.213 0.204 0.204 0.204 0.206 0.206 0.209 0.209 0.2105 0.2105 0.2105 0.2005 0.2005 0.1775 0.1775 0.2025 0.2025 0.2025 0.214 0.214 0.226 0.226 0.221 0.221 0.2165 0.2165 0.2165 0.2285 0.2285 0.2225 0.2225 0.2135 0.2135 0.2135 0.213 0.213 0.229 0.229 0.233 0.233 0.233 0.211 0.211 0.2425 0.2425 0.3095 0.3095 0.3095 0.217 0.217 0.2155
0.191 0.1945 0.1945 0.186 0.186 0.1725 0.1725 0.1725 0.166 0.166 0.164 0.164 0.187 0.187 0.165 0.165 0.165 0.18 0.18 0.1945 0.1945 0.203 0.203 0.203 0.2205 0.2205 0.213 0.213 0.204 0.204 0.204 0.206 0.206 0.209 0.209 0.2105 0.2105 0.2105 0.2005 0.2005 0.1775 0.1775 0.2025 0.2025 0.2025 0.214 0.214 0.226 0.226 0.221 0.221 0.2165 0.2165 0.2165 0.2285 0.2285 0.2225 0.2225 0.2135 0.2135 0.2135 0.213 0.213 0.229 0.229 0.233 0.233 0.233 0.211 0.211 0.2425 0.2425 0.3095 0.3095 0.3095 0.217 0.217 0.2155
0.2105 0.1985 0.1985 0.1895 0.1895 0.179 0.179 0.179 0.176 0.176 0.175 0.175 0.1885 0.1885 0.204 0.204 0.204 0.191 0.191 0.205 0.205 0.2125 0.2125 0.2125 0.2305 0.2305 0.237 0.237 0.213 0.213 0.213 0.2025 0.2025 0.2335 0.2335 0.222 0.222 0.222 0.211 0.211 0.208 0.208 0.214 0.214 0.214 0.1935 0.1935 0.208 0.208 0.211 0.211 0.225 0.225 0.225 0.229 0.229 0.2285 0.2285 0.2305 0.2305 0.2305 0.217 0.217 0.227 0.227 0.2155 0.2155 0.2155 0.214 0.214 0.2205 0.2205 0.224 0.224 0.224 0.2165 0.2165 0.2195
0.2105 0.1985 0.1985 0.1895 0.1895 0.179 0.179 0.179 0.176 0.176 0.175 0.175 0.1885 0.1885 0.204 0.204 0.204 0.191 0.191 0.205 0.205 0.2125 0.2125 0.2125 0.2305 0.2305 0.237 0.237 0.213 0.213 0.213 0.2025 0.2025 0.2335 0.2335 0.222 0.222 0.222 0.211 0.211 0.208 0.208 0.214 0.214 0.214 0.1935 0.1935 0.208 0.208 0.211 0.211 0.225 0.225 0.225 0.229 0.229 0.2285 0.2285 0.2305 0.2305 0.2305 0.217 0.217 0.227 0.227 0.2155 0.2155 0.2155 0.214 0.214 0.2205 0.2205 0.224 0.224 0.224 0.2165 0.2165 0.2195
0.2105 0.1985 0.1985 0.1895 0.1895 0.179 0.179 0.179 0.176 0.176 0.175 0.175 0.1885 0.1885 0.204 0.204 0.204 0.191 0.191 0.205 0.205 0.2125 0.2125 0.2125 0.2305 0.2305 0.237 0.237 0.213 0.213 0.213 0.2025 0.2025 0.2335 0.2335 0.222 0.222 0.222 0.211 0.211 0.208 0.208 0.214 0.214 0.214 0.1935 0.1935 0.208 0.208 0.211 0.211 0.225 0.225 0.225 0.229 0.229 0.2285 0.2285 0.2305 0.2305 0.2305 0.217 0.217 0.227 0.227 0.2155 0.2155 0.2155 0.214 0.214 0.2205 0.2205 0.224 0.224 0.224 0.2165 0.2165 0.2195
0.185 0.1955 0.1955 0.186 0.186 0.194 0.194 0.194 0.1805 0.1805 0.173 0.173 0.174 0.174 0.189 0.189 0.189 0.206 0.206 0.199 0.199 0.2045 0.2045 0.2045 0.2135 0.2135 0.213 0.213 0.214 0.214 0.214 0.218 0.218 0.229 0.229 0.24 0.24 0.24 0.2385 0.2385 0.2105 0.2105 0.208 0.208 0.208 0.213 0.213 0.2195 0.2195 0.23 0.23 0.232 0.232 0.232 0.2445 0.2445 0.2245 0.2245 0.226 0.226 0.226 0.2245 0.2245 0.2195 0.2195 0.2255 0.2255 0.2255 0.23 0.23 0.2335 0.2335 0.2255 0.2255 0.2255 0.198 0.198 0.198
0.185 0.1955 0.1955 0.186 0.186 0.194 0.194 0.194 0.1805 0.1805 0.173 0.173 0.174 0.174 0.189 0.189 0.189 0.206 0.206 0.199 0.199 0.2045 0.2045 0.2045 0.2135 0.2135 0.213 0.213 0.214 0.214 0.214 0.218 0.218 0.229 0.229 0.24 0.24 0.24 0.2385 0.2385 0.2105 0.2105 0.208 0.208 0.208 0.213 0.213 0.2195 0.2195 0.23 0.23 0.232 0.232 0.232 0.2445 0.2445 0.2245 0.2245 0.226 0.226 0.226 0.2245 0.2245 0.2195 0.2195 0.2255 0.2255 0.2255 0.23 0.23 0.2335 0.2335 0.2255 0.2255 0.2255 0.198 0.198 0.198
0.201 0.1975 0.1975 0.2045 0.2045 0.1785 0.1785 0.1785 0.161 0.161 0.17 0.17 0.1775 0.1775 0.202 0.202 0.202 0.2015 0.2015 0.2241 0.2241 0.2005 0.2005 0.2005 0.191 0.191 0.223 0.223 0.2035 0.2035 0.2035 0.208 0.208 0.2365 0.2365 0.257 0.257 0.257 0.2505 0.2505 0.197 0.197 0.1955 0.1955 0.1955 0.201 0.201 0.2165 0.2165 0.227 0.227 0.248 0.248 0.248 0.2385 0.2385 0.2405 0.2405 0.2305 0.2305 0.2305 0.2205 0.2205 0.2155 0.2155 0.221 0.221 0.221 0.244 0.244 0.2285 0.2285 0.2125 0.2125 0.2125 0.2095 0.2095 0.2045
0.201 0.1975 0.1975 0.2045 0.2045 0.1785 0.1785 0.1785 0.161 0.161 0.17 0.17 0.1775 0.1775 0.202 0.202 0.202 0.2015 0.2015 0.2241 0.2241 0.2005 0.2005 0.2005 0.191 0.191 0.223 0.223 0.2035 0.2035 0.2035 0.208 0.208 0.2365 0.2365 0.257 0.257 0.257 0.2505 0.2505 0.197 0.197 0.1955 0.1955 0.1955 0.201 0.201 0.2165 0.2165 0.227 0.227 0.248 0.248 0.248 0.2385 0.2385 0.2405 0.2405 0.2305 0.2305 0.2305 0.2205 0.2205 0.2155 0.2155 0.221 0.221 0.221 0.244 0.244 0.2285 0.2285 0.2125 0.2125 0.2125 0.2095 0.2095 0.2045
0.1985 0.188 0.188 0.1865 0.1865 0.1785 0.1785 0.1785 0.1885 0.1885 0.189 0.189 0.1975 0.1975 0.2005 0.2005 0.2005 0.2015 0.2015 0.204 0.204 0.222 0.222 0.222 0.208 0.208 0.2095 0.2095 0.196 0.196 0.196 0.2135 0.2135 0.264 0.264 0.2355 0.2355 0.2355 0.229 0.229 0.2085 0.2085 0.1955 0.1955 0.1955 0.215 0.215 0.2125 0.2125 0.226 0.226 0.2145 0.2145 0.2145 0.257 0.257 0.2515 0.2515 0.2365 0.2365 0.2365 0.2285 0.2285 0.215 0.215 0.2195 0.2195 0.2195 0.245 0.245 0.24 0.24 0.233 0.233 0.233 0.22 0.22 0.214
0.1985 0.188 0.188 0.1865 0.1865 0.1785 0.1785 0.1785 0.1885 0.1885 0.189 0.189 0.1975 0.1975 0.2005 0.2005 0.2005 0.2015 0.2015 0.204 0.204 0.222 0.222 0.222 0.208 0.208 0.2095 0.2095 0.196 0.196 0.196 0.2135 0.2135 0.264 0.264 0.2355 0.2355 0.2355 0.229 0.229 0.2085 0.2085 0.1955 0.1955 0.1955 0.215 0.215 0.2125 0.2125 0.226 0.226 0.2145 0.2145 0.2145 0.257 0.257 0.2515 0.2515 0.2365 0.2365 0.2365 0.2285 0.2285 0.215 0.215 0.2195 0.2195 0.2195 0.245 0.245 0.24 0.24 0.233 0.233 0.233 0.22 0.22 0.214
0.1985 0.188 0.188 0.1865 0.1865 0.1785 0.1785 0.1785 0.1885 0.1885 0.189 0.189 0.1975 0.1975 0.2005 0.2005 0.2005 0.2015 0.2015 0.204 0.204 0.222 0.222 0.222 0.208 0.208 0.2095 0.2095 0.196 0.196 0.196 0.2135 0.2135 0.264 0.264 0.2355 0.2355 0.2355 0.229 0.229 0.2085 0.2085 0.1955 0.1955 0.1955 0.215 0.215 0.2125 0.2125 0.226 0.226 0.2145 0.2145 0.2145 0.257 0.257 0.2515 0.2515 0.2365 0.2365 0.2365 0.2285 0.2285 0.215 0.215 0.2195 0.2195 0.2195 0.245 0.245 0.24 0.24 0.233 0.233 0.233 0.22 0.22 0.214
0.169 0.1685 0.1685 0.1815 0.1815 0.1845 0.1845 0.1845 0.1855 0.1855 0.2025 0.2025 0.216 0.216 0.204 0.204 0.204 0.2085 0.2085 0.189 0.189 0.1875 0.1875 0.1875 0.2155 0.2155 0.209 0.209 0.2245 0.2245 0.2245 0.226 0.226 0.2225 0.2225 0.213 0.213 0.213 0.2385 0.2385 0.218 0.218 0.221 0.221 0.221 0.2185 0.2185 0.223 0.223 0.245 0.245 0.2345 0.2345 0.2345 0.2235 0.2235 0.2595 0.2595 0.238 0.238 0.238 0.2375 0.2375 0.2135 0.2135 0.2315 0.2315 0.2315 0.245 0.245 0.236 0.236 0.2325 0.2325 0.2325 0.22 0.22 0.2285
0.169 0.1685 0.1685 0.1815 0.1815 0.1845 0.1845 0.1845 0.1855 0.1855 0.2025 0.2025 0.216 0.216 0.204 0.204 0.204 0.2085 0.2085 0.189 0.189 0.1875 0.1875 0.1875 0.2155 0.2155 0.209 0.209 0.2245 0.2245 0.2245 0.226 0.226 0.2225 0.2225 0.213 0.213 0.213 0.2385 0.2385 0.218 0.218 0.221 0.221 0.221 0.2185 0.2185 0.223 0.223 0.245 0.245 0.2345 0.2345 0.2345 0.2235 0.2235 0.2595 0.2595 0.238 0.238 0.238 0.2375 0.2375 0.2135 0.2135 0.2315 0.2315 0.2315 0.245 0.245 0.236 0.236 0.2325 0.2325 0.2325 0.22 0.22 0.2285
0.1885 0.2025 0.2025 0.2075 0.2075 0.196 0.196 0.196 0.208 0.208 0.1955 0.1955 0.204 0.204 0.21 0.21 0.21 0.209 0.209 0.209 0.209 0.2125 0.2125 0.2125 0.2085 0.2085 0.211 0.211 0.2115 0.2115 0.2115 0.2145 0.2145 0.219 0.219 0.2305 0.2305 0.2305 0.2325 0.2325 0.2375 0.2375 0.223 0.223 0.223 0.2315 0.2315 0.228 0.228 0.216 0.216 0.2265 0.2265 0.2265 0.2205 0.2205 0.247 0.247 0.244 0.244 0.244 0.2185 0.2185 0.265 0.265 0.2405 0.2405 0.2405 0.234 0.234 0.2415 0.2415 0.2305 0.2305 0.2305 0.239 0.239 0.2305
0.1885 0.2025 0.2025 0.2075 0.2075 0.196 0.196 0.196 0.208 0.208 0.1955 0.1955 0.204 0.204 0.21 0.21 0.21 0.209 0.209 0.209 0.209 0.2125 0.2125 0.2125 0.2085 0.2085 0.211 0.211 0.2115 0.2115 0.2115 0.2145 0.2145 0.219 0.219 0.2305 0.2305 0.2305 0.2325 0.2325 0.2375 0.2375 0.223 0.223 0.223 0.2315 0.2315 0.228 0.228 0.216 0.216 0.2265 0.2265 0.2265 0.2205 0.2205 0.247 0.247 0.244 0.244 0.244 0.2185 0.2185 0.265 0.265 0.2405 0.2405 0.2405 0.234 0.234 0.2415 0.2415 0.2305 0.2305 0.2305 0.239 0.239 0.2305
0.2075 0.1985 0.1985 0.168 0.168 0.199 0.199 0.199 0.197 0.197 0.2215 0.2215 0.2055 0.2055 0.2065 0.2065 0.2065 0.2155 0.2155 0.2045 0.2045 0.216 0.216 0.216 0.218 0.218 0.215 0.215 0.233 0.233 0.233 0.2215 0.2215 0.2285 0.2285 0.245 0.245 0.245 0.226 0.226 0.229 0.229 0.23 0.23 0.23 0.234 0.234 0.244 0.244 0.229 0.229 0.2305 0.2305 0.2305 0.2335 0.2335 0.233 0.233 0.2415 0.2415 0.2415 0.2415 0.2415 0.2565 0.2565 0.2315 0.2315 0.2315 0.2395 0.2395 0.2325 0.2325 0.2435 0.2435 0.2435 0.254 0.254 0.236
0.2075 0.1985 0.1985 0.168 0.168 0.199 0.199 0.199 0.197 0.197 0.2215 0.2215 0.2055 0.2055 0.2065 0.2065 0.2065 0.2155 0.2155 0.2045 0.2045 0.216 0.216 0.216 0.218 0.218 0.215 0.215 0.233 0.233 0.233 0.2215 0.2215 0.2285 0.2285 0.245 0.245 0.245 0.226 0.226 0.229 0.229 0.23 0.23 0.23 0.234 0.234 0.244 0.244 0.229 0.229 0.2305 0.2305 0.2305 0.2335 0.2335 0.233 0.233 0.2415 0.2415 0.2415 0.2415 0.2415 0.2565 0.2565 0.2315 0.2315 0.2315 0.2395 0.2395 0.2325 0.2325 0.2435 0.2435 0.2435 0.254 0.254 0.236
0.216 0.217 0.217 0.207 0.207 0.2055 0.2055 0.2055 0.2105 0.2105 0.2245 0.2245 0.2195 0.2195 0.2055 0.2055 0.2055 0.2065 0.2065 0.2125 0.2125 0.2275 0.2275 0.2275 0.215 0.215 0.2075 0.2075 0.2445 0.2445 0.2445 0.2285 0.2285 0.2405 0.2405 0.2395 0.2395 0.2395 0.227 0.227 0.2415 0.2415 0.2415 0.2415 0.2415 0.248 0.248 0.2385 0.2385 0.2355 0.2355 0.243 0.243 0.243 0.236 0.236 0.2375 0.2375 0.2605 0.2605 0.2605 0.2615 0.2615 0.2385 0.2385 0.246 0.246 0.246 0.2345 0.2345 0.2455 0.2455 0.252 0.252 0.252 0.253 0.253 0.23
0.216 0.217 0.217 0.207 0.207 0.2055 0.2055 0.2055 0.2105 0.2105 0.2245 0.2245 0.2195 0.2195 0.2055 0.2055 0.2055 0.2065 0.2065 0.2125 0.2125 0.2275 0.2275 0.2275 0.215 0.215 0.2075 0.2075 0.2445 0.2445 0.2445 0.2285 0.2285 0.2405 0.2405 0.2395 0.2395 0.2395 0.227 0.227 0.2415 0.2415 0.2415 0.2415 0.2415 0.248 0.248 0.2385 0.2385 0.2355 0.2355 0.243 0.243 0.243 0.236 0.236 0.2375 0.2375 0.2605 0.2605 0.2605 0.2615 0.2615 0.2385 0.2385 0.246 0.246 0.246 0.2345 0.2345 0.2455 0.2455 0.252 0.252 0.252 0.253 0.253 0.23
0.216 0.217 0.217 0.207 0.207 0.2055 0.2055 0.2055 0.2105 0.2105 0.2245 0.2245 0.2195 0.2195 0.2055 0.2055 0.2055 0.2065 0.2065 0.2125 0.2125 0.2275 0.2275 0.2275 0.215 0.215 0.2075 0.2075 0.2445 0.2445 0.2445 0.2285 0.2285 0.2405 0.2405 0.2395 0.2395 0.2395 0.227 0.227 0.2415 0.2415 0.2415 0.2415 0.2415 0.248 0.248 0.2385 0.2385 0.2355 0.2355 0.243 0.243 0.243 0.236 0.236 0.2375 0.2375 0.2605 0.2605 0.2605 0.2615 0.2615 0.2385 0.2385 0.246 0.246 0.246 0.2345 0.2345 0.2455 0.2455 0.252 0.252 0.252 0.253 0.253 0.23
0.224 0.211 0.211 0.231 0.231 0.219 0.219 0.219 0.2205 0.2205 0.209 0.209 0.208 0.208 0.206 0.206 0.206 0.2095 0.2095 0.214 0.214 0.215 0.215 0.215 0.2235 0.2235 0.231 0.231 0.2346 0.2346 0.2346 0.2205 0.2205 0.24 0.24 0.236 0.236 0.236 0.237 0.237 0.2475 0.2475 0.233 0.233 0.233 0.2545 0.2545 0.255 0.255 0.2545 0.2545 0.2395 0.2395 0.2395 0.241 0.241 0.2365 0.2365 0.2535 0.2535 0.2535 0.241 0.241 0.2495 0.2495 0.2355 0.2355 0.2355 0.234 0.234 0.2255 0.2255 0.2555 0.2555 0.2555 0.247 0.247 0.228
0.224 0.211 0.211 0.231 0.231 0.219 0.219 0.219 0.2205 0.2205 0.209 0.209 0.208 0.208 0.206 0.206 0.206 0.2095 0.2095 0.214 0.214 0.215 0.215 0.215 0.2235 0.2235 0.231 0.231 0.2346 0.2346 0.2346 0.2205 0.2205 0.24 0.24 0.236 0.236 0.236 0.237 0.237 0.2475 0.2475 0.233 0.233 0.233 0.2545 0.2545 0.255 0.255 0.2545 0.2545 0.2395 0.2395 0.2395 0.241 0.241 0.2365 0.2365 0.2535 0.2535 0.2535 0.241 0.241 0.2495 0.2495 0.2355 0.2355 0.2355 0.234 0.234 0.2255 0.2255 0.2555 0.2555 0.2555 0.247 0.247 0.228
0.2295 0.2395 0.2395 0.2225 0.2225 0.2185 0.2185 0.2185 0.2225 0.2225 0.212 0.212 0.22 0.22 0.226 0.226 0.226 0.234 0.234 0.216 0.216 0.21 0.21 0.21 0.2255 0.2255 0.226 0.226 0.2085 0.2085 0.2085 0.2405 0.2405 0.2395 0.2395 0.2485 0.2485 0.2485 0.251 0.251 0.235 0.235 0.2475 0.2475 0.2475 0.2505 0.2505 0.255 0.255 0.2465 0.2465 0.232 0.232 0.232 0.232 0.232 0.242 0.242 0.228 0.228 0.228 0.2285 0.2285 0.237 0.237 0.229 0.229 0.229 0.2515 0.2515 0.2335 0.2335 0.2585 0.2585 0.2585 0.259 0.259 0.24
0.2295 0.2395 0.2395 0.2225 0.2225 0.2185 0.2185 0.2185 0.2225 0.2225 0.212 0.212 0.22 0.22 0.226 0.226 0.226 0.234 0.234 0.216 0.216 0.21 0.21 0.21 0.2255 0.2255 0.226 0.226 0.2085 0.2085 0.2085 0.2405 0.2405 0.2395 0.2395 0.2485 0.2485 0.2485 0.251 0.251 0.235 0.235 0.2475 0.2475 0.2475 0.2505 0.2505 0.255 0.255 0.2465 0.2465 0.232 0.232 0.232 0.232 0.232 0.242 0.242 0.228 0.228 0.228 0.2285 0.2285 0.237 0.237 0.229 0.229 0.229 0.2515 0.2515 0.2335 0.2335 0.2585 0.2585 0.2585 0.259 0.259 0.24
0.2135 0.234 0.234 0.243 0.243 0.224 0.224 0.224 0.215 0.215 0.204 0.204 0.2205 0.2205 0.2215 0.2215 0.2215 0.231 0.231 0.2135 0.2135 0.2085 0.2085 0.2085 0.2265 0.2265 0.234 0.234 0.2185 0.2185 0.2185 0.222 0.222 0.234 0.234 0.244 0.244 0.244 0.2595 0.2595 0.249 0.249 0.2715 0.2715 0.2715 0.265 0.265 0.252 0.252 0.233 0.233 0.2575 0.2575 0.2575 0.264 0.264 0.259 0.259 0.267 0.267 0.267 0.2585 0.2585 0.223 0.223 0.2365 0.2365 0.2365 0.2395 0.2395 0.2645 0.2645 0.246 0.246 0.246 0.2475 0.2475 0.247
0.2135 0.234 0.234 0.243 0.243 0.224 0.224 0.224 0.215 0.215 0.204 0.204 0.2205 0.2205 0.2215 0.2215 0.2215 0.231 0.231 0.2135 0.2135 0.2085 0.2085 0.2085 0.2265 0.2265 0.234 0.234 0.2185 0.2185 0.2185 0.222 0.222 0.234 0.234 0.244 0.244 0.244 0.2595 0.2595 0.249 0.249 0.2715 0.2715 0.2715 0.265 0.265 0.252 0.252 0.233 0.233 0.2575 0.2575 0.2575 0.264 0.264 0.259 0.259 0.267 0.267 0.267 0.2585 0.2585 0.223 0.223 0.2365 0.2365 0.2365 0.2395 0.2395 0.2645 0.2645 0.246 0.246 0.246 0.2475 0.2475 0.247
0.2135 0.234 0.234 0.243 0.243 0.224 0.224 0.224 0.215 0.215 0.204 0.204 0.2205 0.2205 0.2215 0.2215 0.2215 0.231 0.231 0.2135 0.2135 0.2085 0.2085 0.2085 0.2265 0.2265 0.234 0.234 0.2185 0.2185 0.2185 0.222 0.222 0.234 0.234 0.244 0.244 0.244 0.2595 0.2595 0.249 0.249 0.2715 0.2715 0.2715 0.265 0.265 0.252 0.252 0.233 0.233 0.2575 0.2575 0.2575 0.264 0.264 0.259 0.259 0.267 0.267 0.267 0.2585 0.2585 0.223 0.223 0.2365 0.2365 0.2365 0.2395 0.2395 0.2645 0.2645 0.246 0.246 0.246 0.2475 0.2475 0.247
