ndvi/NOAA-67.asc
ncols         252
nrows         154
xllcorner     -18.017974
yllcorner     13.481982
cellsize      0.035948
NODATA_value  -9999
[rows 35 to 69 of 154, columns 154 to 230 of 252]
0.139 0.1325 0.1325 0.1325 0.1325 0.1325 0.1275 0.1275 0.117 0.117 0.1075 0.1075 0.1025 0.1025 0.1025 0.101 0.101 0.1045 0.1045 0.1035 0.1035 0.1035 0.104 0.104 0.114 0.114 0.119 0.119 0.119 0.1265 0.1265 0.121 0.121 0.118 0.118 0.118 0.109 0.109 0.1145 0.1145 0.1165 0.1165 0.1165 0.1125 0.1125 0.114 0.114 0.1255 0.1255 0.1305 0.1305 0.1305 0.1325 0.1325 0.13 0.13 0.1315 0.1315 0.1315 0.12 0.12 0.1215 0.1215 0.1195 0.1195 0.1195 0.1175 0.1175 0.1185 0.1185 0.1195 0.1195 0.1195 0.116 0.116 0.1125 0.1125
0.139 0.1325 0.1325 0.1325 0.1325 0.1325 0.1275 0.1275 0.117 0.117 0.1075 0.1075 0.1025 0.1025 0.1025 0.101 0.101 0.1045 0.1045 0.1035 0.1035 0.1035 0.104 0.104 0.114 0.114 0.119 0.119 0.119 0.1265 0.1265 0.121 0.121 0.118 0.118 0.118 0.109 0.109 0.1145 0.1145 0.1165 0.1165 0.1165 0.1125 0.1125 0.114 0.114 0.1255 0.1255 0.1305 0.1305 0.1305 0.1325 0.1325 0.13 0.13 0.1315 0.1315 0.1315 0.12 0.12 0.1215 0.1215 0.1195 0.1195 0.1195 0.1175 0.1175 0.1185 0.1185 0.1195 0.1195 0.1195 0.116 0.116 0.1125 0.1125
0.132 0.13 0.13 0.125 0.125 0.125 0.1225 0.1225 0.1215 0.1215 0.1135 0.1135 0.1135 0.1135 0.1135 0.116 0.116 0.1065 0.1065 0.1045 0.1045 0.1045 0.1045 0.1045 0.1195 0.1195 0.1165 0.1165 0.1165 0.1295 0.1295 0.1235 0.1235 0.125 0.125 0.125 0.1175 0.1175 0.1125 0.1125 0.116 0.116 0.116 0.115 0.115 0.1235 0.1235 0.137 0.137 0.1325 0.1325 0.1325 0.133 0.133 0.1335 0.1335 0.1315 0.1315 0.1315 0.13 0.13 0.1245 0.1245 0.121 0.121 0.121 0.117 0.117 0.1205 0.1205 0.127 0.127 0.127 0.1245 0.1245 0.12 0.12
0.132 0.13 0.13 0.125 0.125 0.125 0.1225 0.1225 0.1215 0.1215 0.1135 0.1135 0.1135 0.1135 0.1135 0.116 0.116 0.1065 0.1065 0.1045 0.1045 0.1045 0.1045 0.1045 0.1195 0.1195 0.1165 0.1165 0.1165 0.1295 0.1295 0.1235 0.1235 0.125 0.125 0.125 0.1175 0.1175 0.1125 0.1125 0.116 0.116 0.116 0.115 0.115 0.1235 0.1235 0.137 0.137 0.1325 0.1325 0.1325 0.133 0.133 0.1335 0.1335 0.1315 0.1315 0.1315 0.13 0.13 0.1245 0.1245 0.121 0.121 0.121 0.117 0.117 0.1205 0.1205 0.127 0.127 0.127 0.1245 0.1245 0.12 0.12
0.1315 0.126 0.126 0.115 0.115 0.115 0.111 0.111 0.112 0.112 0.1145 0.1145 0.1175 0.1175 0.1175 0.113 0.113 0.115 0.115 0.109 0.109 0.109 0.1175 0.1175 0.126 0.126 0.1335 0.1335 0.1335 0.129 0.129 0.137 0.137 0.1295 0.1295 0.1295 0.128 0.128 0.1205 0.1205 0.1195 0.1195 0.1195 0.1245 0.1245 0.145 0.145 0.1395 0.1395 0.141 0.141 0.141 0.1335 0.1335 0.135 0.135 0.14 0.14 0.14 0.135 0.135 0.1325 0.1325 0.1265 0.1265 0.1265 0.1215 0.1215 0.1235 0.1235 0.13 0.13 0.13 0.126 0.126 0.124 0.124
0.1315 0.126 0.126 0.115 0.115 0.115 0.111 0.111 0.112 0.112 0.1145 0.1145 0.1175 0.1175 0.1175 0.113 0.113 0.115 0.115 0.109 0.109 0.109 0.1175 0.1175 0.126 0.126 0.1335 0.1335 0.1335 0.129 0.129 0.137 0.137 0.1295 0.1295 0.1295 0.128 0.128 0.1205 0.1205 0.1195 0.1195 0.1195 0.1245 0.1245 0.145 0.145 0.1395 0.1395 0.141 0.141 0.141 0.1335 0.1335 0.135 0.135 0.14 0.14 0.14 0.135 0.135 0.1325 0.1325 0.1265 0.1265 0.1265 0.1215 0.1215 0.1235 0.1235 0.13 0.13 0.13 0.126 0.126 0.124 0.124
0.117 0.1245 0.1245 0.1095 0.1095 0.1095 0.112 0.112 0.1135 0.1135 0.1115 0.1115 0.114 0.114 0.114 0.1145 0.1145 0.1195 0.1195 0.1175 0.1175 0.1175 0.1155 0.1155 0.1255 0.1255 0.1245 0.1245 0.1245 0.146 0.146 0.1495 0.1495 0.138 0.138 0.138 0.1445 0.1445 0.1455 0.1455 0.144 0.144 0.144 0.1445 0.1445 0.147 0.147 0.1475 0.1475 0.141 0.141 0.141 0.136 0.136 0.1325 0.1325 0.1375 0.1375 0.1375 0.139 0.139 0.146 0.146 0.1465 0.1465 0.1465 0.1345 0.1345 0.135 0.135 0.1305 0.1305 0.1305 0.1245 0.1245 0.116 0.116
0.117 0.1245 0.1245 0.1095 0.1095 0.1095 0.112 0.112 0.1135 0.1135 0.1115 0.1115 0.114 0.114 0.114 0.1145 0.1145 0.1195 0.1195 0.1175 0.1175 0.1175 0.1155 0.1155 0.1255 0.1255 0.1245 0.1245 0.1245 0.146 0.146 0.1495 0.1495 0.138 0.138 0.138 0.1445 0.1445 0.1455 0.1455 0.144 0.144 0.144 0.1445 0.1445 0.147 0.147 0.1475 0.1475 0.141 0.141 0.141 0.136 0.136 0.1325 0.1325 0.1375 0.1375 0.1375 0.139 0.139 0.146 0.146 0.1465 0.1465 0.1465 0.1345 0.1345 0.135 0.135 0.1305 0.1305 0.1305 0.1245 0.1245 0.116 0.116
0.117 0.1245 0.1245 0.1095 0.1095 0.1095 0.112 0.112 0.1135 0.1135 0.1115 0.1115 0.114 0.114 0.114 0.1145 0.1145 0.1195 0.1195 0.1175 0.1175 0.1175 0.1155 0.1155 0.1255 0.1255 0.1245 0.1245 0.1245 0.146 0.146 0.1495 0.1495 0.138 0.138 0.138 0.1445 0.1445 0.1455 0.1455 0.144 0.144 0.144 0.1445 0.1445 0.147 0.147 0.1475 0.1475 0.141 0.141 0.141 0.136 0.136 0.1325 0.1325 0.1375 0.1375 0.1375 0.139 0.139 0.146 0.146 0.1465 0.1465 0.1465 0.1345 0.1345 0.135 0.135 0.1305 0.1305 0.1305 0.1245 0.1245 0.116 0.116
0.115 0.135 0.135 0.1455 0.1455 0.1455 0.125 0.125 0.1255 0.1255 0.1285 0.1285 0.134 0.134 0.134 0.1295 0.1295 0.174 0.174 0.1545 0.1545 0.1545 0.1495 0.1495 0.16 0.16 0.16 0.16 0.16 0.158 0.158 0.1685 0.1685 0.1645 0.1645 0.1645 0.151 0.151 0.1405 0.1405 0.1405 0.1405 0.1405 0.156 0.156 0.1545 0.1545 0.1555 0.1555 0.161 0.161 0.161 0.1545 0.1545 0.158 0.158 0.14 0.14 0.14 0.153 0.153 0.1495 0.1495 0.145 0.145 0.145 0.143 0.143 0.1355 0.1355 0.1355 0.1355 0.1355 0.1325 0.1325 0.129 0.129
0.115 0.135 0.135 0.1455 0.1455 0.1455 0.125 0.125 0.1255 0.1255 0.1285 0.1285 0.134 0.134 0.134 0.1295 0.1295 0.174 0.174 0.1545 0.1545 0.1545 0.1495 0.1495 0.16 0.16 0.16 0.16 0.16 0.158 0.158 0.1685 0.1685 0.1645 0.1645 0.1645 0.151 0.151 0.1405 0.1405 0.1405 0.1405 0.1405 0.156 0.156 0.1545 0.1545 0.1555 0.1555 0.161 0.161 0.161 0.1545 0.1545 0.158 0.158 0.14 0.14 0.14 0.153 0.153 0.1495 0.1495 0.145 0.145 0.145 0.143 0.143 0.1355 0.1355 0.1355 0.1355 0.1355 0.1325 0.1325 0.129 0.129
0.147 0.15 0.15 0.157 0.157 0.157 0.1745 0.1745 0.1825 0.1825 0.188 0.188 0.183 0.183 0.183 0.1825 0.1825 0.185 0.185 0.172 0.172 0.172 0.1545 0.1545 0.152 0.152 0.172 0.172 0.172 0.1735 0.1735 0.1675 0.1675 0.1705 0.1705 0.1705 0.161 0.161 0.153 0.153 0.16 0.16 0.16 0.176 0.176 0.1755 0.1755 0.158 0.158 0.152 0.152 0.152 0.163 0.163 0.161 0.161 0.159 0.159 0.159 0.1595 0.1595 0.151 0.151 0.157 0.157 0.157 0.1525 0.1525 0.1365 0.1365 0.137 0.137 0.137 0.1365 0.1365 0.1265 0.1265
0.147 0.15 0.15 0.157 0.157 0.157 0.1745 0.1745 0.1825 0.1825 0.188 0.188 0.183 0.183 0.183 0.1825 0.1825 0.185 0.185 0.172 0.172 0.172 0.1545 0.1545 0.152 0.152 0.172 0.172 0.172 0.1735 0.1735 0.1675 0.1675 0.1705 0.1705 0.1705 0.161 0.161 0.153 0.153 0.16 0.16 0.16 0.176 0.176 0.1755 0.1755 0.158 0.158 0.152 0.152 0.152 0.163 0.163 0.161 0.161 0.159 0.159 0.159 0.1595 0.1595 0.151 0.151 0.157 0.157 0.157 0.1525 0.1525 0.1365 0.1365 0.137 0.137 0.137 0.1365 0.1365 0.1265 0.1265
0.1505 0.149 0.149 0.165 0.165 0.165 0.1825 0.1825 0.204 0.204 0.1885 0.1885 0.1875 0.1875 0.1875 0.1785 0.1785 0.1805 0.1805 0.1675 0.1675 0.1675 0.173 0.173 0.1805 0.1805 0.19 0.19 0.19 0.1875 0.1875 0.165 0.165 0.182 0.182 0.182 0.176 0.176 0.1645 0.1645 0.181 0.181 0.181 0.1745 0.1745 0.1735 0.1735 0.1505 0.1505 0.152 0.152 0.152 0.149 0.149 0.1465 0.1465 0.16 0.16 0.16 0.1605 0.1605 0.1545 0.1545 0.1525 0.1525 0.1525 0.1545 0.1545 0.146 0.146 0.141 0.141 0.141 0.1355 0.1355 0.1325 0.1325
0.1505 0.149 0.149 0.165 0.165 0.165 0.1825 0.1825 0.204 0.204 0.1885 0.1885 0.1875 0.1875 0.1875 0.1785 0.1785 0.1805 0.1805 0.1675 0.1675 0.1675 0.173 0.173 0.1805 0.1805 0.19 0.19 0.19 0.1875 0.1875 0.165 0.165 0.182 0.182 0.182 0.176 0.176 0.1645 0.1645 0.181 0.181 0.181 0.1745 0.1745 0.1735 0.1735 0.1505 0.1505 0.152 0.152 0.152 0.149 0.149 0.1465 0.1465 0.16 0.16 0.16 0.1605 0.1605 0.1545 0.1545 0.1525 0.1525 0.1525 0.1545 0.1545 0.146 0.146 0.141 0.141 0.141 0.1355 0.1355 0.1325 0.1325
0.1505 0.149 0.149 0.165 0.165 0.165 0.1825 0.1825 0.204 0.204 0.1885 0.1885 0.1875 0.1875 0.1875 0.1785 0.1785 0.1805 0.1805 0.1675 0.1675 0.1675 0.173 0.173 0.1805 0.1805 0.19 0.19 0.19 0.1875 0.1875 0.165 0.165 0.182 0.182 0.182 0.176 0.176 0.1645 0.1645 0.181 0.181 0.181 0.1745 0.1745 0.1735 0.1735 0.1505 0.1505 0.152 0.152 0.152 0.149 0.149 0.1465 0.1465 0.16 0.16 0.16 0.1605 0.1605 0.1545 0.1545 0.1525 0.1525 0.1525 0.1545 0.1545 0.146 0.146 0.141 0.141 0.141 0.1355 0.1355 0.1325 0.1325
0.1365 0.1385 0.1385 0.174 0.174 0.174 0.198 0.198 0.198 0.198 0.203 0.203 0.193 0.193 0.193 0.178 0.178 0.1705 0.1705 0.164 0.164 0.164 0.1705 0.1705 0.192 0.192 0.2055 0.2055 0.2055 0.206 0.206 0.1865 0.1865 0.1885 0.1885 0.1885 0.1725 0.1725 0.171 0.171 0.1805 0.1805 0.1805 0.1625 0.1625 0.158 0.158 0.1605 0.1605 0.1345 0.1345 0.1345 0.139 0.139 0.151 0.151 0.1645 0.1645 0.1645 0.1825 0.1825 0.1645 0.1645 0.1675 0.1675 0.1675 0.169 0.169 0.148 0.148 0.151 0.151 0.151 0.1525 0.1525 0.1405 0.1405
0.1365 0.1385 0.1385 0.174 0.174 0.174 0.198 0.198 0.198 0.198 0.203 0.203 0.193 0.193 0.193 0.178 0.178 0.1705 0.1705 0.164 0.164 0.164 0.1705 0.1705 0.192 0.192 0.2055 0.2055 0.2055 0.206 0.206 0.1865 0.1865 0.1885 0.1885 0.1885 0.1725 0.1725 0.171 0.171 0.1805 0.1805 0.1805 0.1625 0.1625 0.158 0.158 0.1605 0.1605 0.1345 0.1345 0.1345 0.139 0.139 0.151 0.151 0.1645 0.1645 0.1645 0.1825 0.1825 0.1645 0.1645 0.1675 0.1675 0.1675 0.169 0.169 0.148 0.148 0.151 0.151 0.151 0.1525 0.1525 0.1405 0.1405
0.1175 0.127 0.127 0.181 0.181 0.181 0.189 0.189 0.202 0.202 0.2165 0.2165 0.2135 0.2135 0.2135 0.1985 0.1985 0.1595 0.1595 0.15 0.15 0.15 0.1755 0.1755 0.1945 0.1945 0.211 0.211 0.211 0.2135 0.2135 0.2255 0.2255 0.224 0.224 0.224 0.2085 0.2085 0.194 0.194 0.1695 0.1695 0.1695 0.1525 0.1525 0.1505 0.1505 0.1645 0.1645 0.1435 0.1435 0.1435 0.1515 0.1515 0.185 0.185 0.18 0.18 0.18 0.181 0.181 0.171 0.171 0.189 0.189 0.189 0.1545 0.1545 0.176 0.176 0.1765 0.1765 0.1765 0.181 0.181 0.1775 0.1775
0.1175 0.127 0.127 0.181 0.181 0.181 0.189 0.189 0.202 0.202 0.2165 0.2165 0.2135 0.2135 0.2135 0.1985 0.1985 0.1595 0.1595 0.15 0.15 0.15 0.1755 0.1755 0.1945 0.1945 0.211 0.211 0.211 0.2135 0.2135 0.2255 0.2255 0.224 0.224 0.224 0.2085 0.2085 0.194 0.194 0.1695 0.1695 0.1695 0.1525 0.1525 0.1505 0.1505 0.1645 0.1645 0.1435 0.1435 0.1435 0.1515 0.1515 0.185 0.185 0.18 0.18 0.18 0.181 0.181 0.171 0.171 0.189 0.189 0.189 0.1545 0.1545 0.176 0.176 0.1765 0.1765 0.1765 0.181 0.181 0.1775 0.1775
0.101 0.124 0.124 0.164 0.164 0.164 0.1825 0.1825 0.198 0.198 0.2025 0.2025 0.211 0.211 0.211 0.2035 0.2035 0.2005 0.2005 0.2035 0.2035 0.2035 0.2055 0.2055 0.2285 0.2285 0.228 0.228 0.228 0.217 0.217 0.2135 0.2135 0.1995 0.1995 0.1995 0.1975 0.1975 0.2065 0.2065 0.1835 0.1835 0.1835 0.162 0.162 0.154 0.154 0.1635 0.1635 0.17 0.17 0.17 0.162 0.162 0.1585 0.1585 0.1715 0.1715 0.1715 0.1765 0.1765 0.182 0.182 0.1925 0.1925 0.1925 0.1825 0.1825 0.1795 0.1795 0.1835 0.1835 0.1835 0.1765 0.1765 0.1685 0.1685
0.101 0.124 0.124 0.164 0.164 0.164 0.1825 0.1825 0.198 0.198 0.2025 0.2025 0.211 0.211 0.211 0.2035 0.2035 0.2005 0.2005 0.2035 0.2035 0.2035 0.2055 0.2055 0.2285 0.2285 0.228 0.228 0.228 0.217 0.217 0.2135 0.2135 0.1995 0.1995 0.1995 0.1975 0.1975 0.2065 0.2065 0.1835 0.1835 0.1835 0.162 0.162 0.154 0.154 0.1635 0.1635 0.17 0.17 0.17 0.162 0.162 0.1585 0.1585 0.1715 0.1715 0.1715 0.1765 0.1765 0.182 0.182 0.1925 0.1925 0.1925 0.1825 0.1825 0.1795 0.1795 0.1835 0.1835 0.1835 0.1765 0.1765 0.1685 0.1685
0.0975 0.1215 0.1215 0.1325 0.1325 0.1325 0.1695 0.1695 0.188 0.188 0.1875 0.1875 0.1845 0.1845 0.1845 0.1905 0.1905 0.2145 0.2145 0.1905 0.1905 0.1905 0.2125 0.2125 0.2095 0.2095 0.2065 0.2065 0.2065 0.2075 0.2075 0.197 0.197 0.189 0.189 0.189 0.183 0.183 0.1785 0.1785 0.174 0.174 0.174 0.1525 0.1525 0.1475 0.1475 0.141 0.141 0.15 0.15 0.15 0.1545 0.1545 0.149 0.149 0.153 0.153 0.153 0.164 0.164 0.196 0.196 0.188 0.188 0.188 0.1915 0.1915 0.1865 0.1865 0.1815 0.1815 0.1815 0.18 0.18 0.175 0.175
0.0975 0.1215 0.1215 0.1325 0.1325 0.1325 0.1695 0.1695 0.188 0.188 0.1875 0.1875 0.1845 0.1845 0.1845 0.1905 0.1905 0.2145 0.2145 0.1905 0.1905 0.1905 0.2125 0.2125 0.2095 0.2095 0.2065 0.2065 0.2065 0.2075 0.2075 0.197 0.197 0.189 0.189 0.189 0.183 0.183 0.1785 0.1785 0.174 0.174 0.174 0.1525 0.1525 0.1475 0.1475 0.141 0.141 0.15 0.15 0.15 0.1545 0.1545 0.149 0.149 0.153 0.153 0.153 0.164 0.164 0.196 0.196 0.188 0.188 0.188 0.1915 0.1915 0.1865 0.1865 0.1815 0.1815 0.1815 0.18 0.18 0.175 0.175
0.0975 0.1215 0.1215 0.1325 0.1325 0.1325 0.1695 0.1695 0.188 0.188 0.1875 0.1875 0.1845 0.1845 0.1845 0.1905 0.1905 0.2145 0.2145 0.1905 0.1905 0.1905 0.2125 0.2125 0.2095 0.2095 0.2065 0.2065 0.2065 0.2075 0.2075 0.197 0.197 0.189 0.189 0.189 0.183 0.183 0.1785 0.1785 0.174 0.174 0.174 0.1525 0.1525 0.1475 0.1475 0.141 0.141 0.15 0.15 0.15 0.1545 0.1545 0.149 0.149 0.153 0.153 0.153 0.164 0.164 0.196 0.196 0.188 0.188 0.188 0.1915 0.1915 0.1865 0.1865 0.1815 0.1815 0.1815 0.18 0.18 0.175 0.175
0.117 0.1315 0.1315 0.138 0.138 0.138 0.115 0.115 0.1565 0.1565 0.1745 0.1745 0.173 0.173 0.173 0.1835 0.1835 0.217 0.217 0.225 0.225 0.225 0.2085 0.2085 0.217 0.217 0.201 0.201 0.201 0.188 0.188 0.193 0.193 0.182 0.182 0.182 0.184 0.184 0.179 0.179 0.1755 0.1755 0.1755 0.161 0.161 0.1395 0.1395 0.128 0.128 0.1475 0.1475 0.1475 0.153 0.153 0.139 0.139 0.156 0.156 0.156 0.167 0.167 0.177 0.177 0.1875 0.1875 0.1875 0.19 0.19 0.1775 0.1775 0.163 0.163 0.163 0.138 0.138 0.163 0.163
0.117 0.1315 0.1315 0.138 0.138 0.138 0.115 0.115 0.1565 0.1565 0.1745 0.1745 0.173 0.173 0.173 0.1835 0.1835 0.217 0.217 0.225 0.225 0.225 0.2085 0.2085 0.217 0.217 0.201 0.201 0.201 0.188 0.188 0.193 0.193 0.182 0.182 0.182 0.184 0.184 0.179 0.179 0.1755 0.1755 0.1755 0.161 0.161 0.1395 0.1395 0.128 0.128 0.1475 0.1475 0.1475 0.153 0.153 0.139 0.139 0.156 0.156 0.156 0.167 0.167 0.177 0.177 0.1875 0.1875 0.1875 0.19 0.19 0.1775 0.1775 0.163 0.163 0.163 0.138 0.138 0.163 0.163
0.1325 0.1345 0.1345 0.122 0.122 0.122 0.144 0.144 0.1345 0.1345 0.1545 0.1545 0.1655 0.1655 0.1655 0.195 0.195 0.216 0.216 0.2165 0.2165 0.2165 0.23 0.23 0.2175 0.2175 0.184 0.184 0.184 0.192 0.192 0.2025 0.2025 0.199 0.199 0.199 0.2055 0.2055 0.2005 0.2005 0.176 0.176 0.176 0.1655 0.1655 0.171 0.171 0.175 0.175 0.1775 0.1775 0.1775 0.189 0.189 0.17 0.17 0.17 0.17 0.17 0.1715 0.1715 0.1605 0.1605 0.1875 0.1875 0.1875 0.1935 0.1935 0.18 0.18 0.1645 0.1645 0.1645 0.1625 0.1625 0.178 0.178
0.1325 0.1345 0.1345 0.122 0.122 0.122 0.144 0.144 0.1345 0.1345 0.1545 0.1545 0.1655 0.1655 0.1655 0.195 0.195 0.216 0.216 0.2165 0.2165 0.2165 0.23 0.23 0.2175 0.2175 0.184 0.184 0.184 0.192 0.192 0.2025 0.2025 0.199 0.199 0.199 0.2055 0.2055 0.2005 0.2005 0.176 0.176 0.176 0.1655 0.1655 0.171 0.171 0.175 0.175 0.1775 0.1775 0.1775 0.189 0.189 0.17 0.17 0.17 0.17 0.17 0.1715 0.1715 0.1605 0.1605 0.1875 0.1875 0.1875 0.1935 0.1935 0.18 0.18 0.1645 0.1645 0.1645 0.1625 0.1625 0.178 0.178
0.1425 0.1545 0.1545 0.1305 0.1305 0.1305 0.1445 0.1445 0.133 0.133 0.171 0.171 0.17 0.17 0.17 0.1915 0.1915 0.215 0.215 0.213 0.213 0.213 0.2165 0.2165 0.206 0.206 0.191 0.191 0.191 0.1765 0.1765 0.195 0.195 0.202 0.202 0.202 0.2035 0.2035 0.198 0.198 0.2045 0.2045 0.2045 0.2035 0.2035 0.185 0.185 0.195 0.195 0.191 0.191 0.191 0.2005 0.2005 0.221 0.221 0.211 0.211 0.211 0.177 0.177 0.201 0.201 0.188 0.188 0.188 0.1975 0.1975 0.1755 0.1755 0.17 0.17 0.17 0.1745 0.1745 0.1805 0.1805
0.1425 0.1545 0.1545 0.1305 0.1305 0.1305 0.1445 0.1445 0.133 0.133 0.171 0.171 0.17 0.17 0.17 0.1915 0.1915 0.215 0.215 0.213 0.213 0.213 0.2165 0.2165 0.206 0.206 0.191 0.191 0.191 0.1765 0.1765 0.195 0.195 0.202 0.202 0.202 0.2035 0.2035 0.198 0.198 0.2045 0.2045 0.2045 0.2035 0.2035 0.185 0.185 0.195 0.195 0.191 0.191 0.191 0.2005 0.2005 0.221 0.221 0.211 0.211 0.211 0.177 0.177 0.201 0.201 0.188 0.188 0.188 0.1975 0.1975 0.1755 0.1755 0.17 0.17 0.17 0.1745 0.1745 0.1805 0.1805
0.1425 0.1545 0.1545 0.1305 0.1305 0.1305 0.1445 0.1445 0.133 0.133 0.171 0.171 0.17 0.17 0.17 0.1915 0.1915 0.215 0.215 0.213 0.213 0.213 0.2165 0.2165 0.206 0.206 0.191 0.191 0.191 0.1765 0.1765 0.195 0.195 0.202 0.202 0.202 0.2035 0.2035 0.198 0.198 0.2045 0.2045 0.2045 0.2035 0.2035 0.185 0.185 0.195 0.195 0.191 0.191 0.191 0.2005 0.2005 0.221 0.221 0.211 0.211 0.211 0.177 0.177 0.201 0.201 0.188 0.188 0.188 0.1975 0.1975 0.1755 0.1755 0.17 0.17 0.17 0.1745 0.1745 0.1805 0.1805
0.1245 0.142 0.142 0.1325 0.1325 0.1325 0.1485 0.1485 0.1715 0.1715 0.171 0.171 0.1705 0.1705 0.1705 0.204 0.204 0.24 0.24 0.241 0.241 0.241 0.228 0.228 0.2205 0.2205 0.2135 0.2135 0.2135 0.219 0.219 0.219 0.219 0.208 0.208 0.208 0.2025 0.2025 0.195 0.195 0.2035 0.2035 0.2035 0.2215 0.2215 0.2115 0.2115 0.21 0.21 0.218 0.218 0.218 0.215 0.215 0.2175 0.2175 0.2275 0.2275 0.2275 0.231 0.231 0.2235 0.2235 0.215 0.215 0.215 0.186 0.186 0.1865 0.1865 0.224 0.224 0.224 0.219 0.219 0.226 0.226
0.1245 0.142 0.142 0.1325 0.1325 0.1325 0.1485 0.1485 0.1715 0.1715 0.171 0.171 0.1705 0.1705 0.1705 0.204 0.204 0.24 0.24 0.241 0.241 0.241 0.228 0.228 0.2205 0.2205 0.2135 0.2135 0.2135 0.219 0.219 0.219 0.219 0.208 0.208 0.208 0.2025 0.2025 0.195 0.195 0.2035 0.2035 0.2035 0.2215 0.2215 0.2115 0.2115 0.21 0.21 0.218 0.218 0.218 0.215 0.215 0.2175 0.2175 0.2275 0.2275 0.2275 0.231 0.231 0.2235 0.2235 0.215 0.215 0.215 0.186 0.186 0.1865 0.1865 0.224 0.224 0.224 0.219 0.219 0.226 0.226
0.1475 0.15 0.15 0.1545 0.1545 0.1545 0.1665 0.1665 0.1705 0.1705 0.1625 0.1625 0.19 0.19 0.19 0.222 0.222 0.212 0.212 0.204 0.204 0.204 0.2115 0.2115 0.2175 0.2175 0.2235 0.2235 0.2235 0.222 0.222 0.224 0.224 0.2035 0.2035 0.2035 0.203 0.203 0.2045 0.2045 0.225 0.225 0.225 0.2195 0.2195 0.2075 0.2075 0.2115 0.2115 0.2105 0.2105 0.2105 0.2155 0.2155 0.2305 0.2305 0.2155 0.2155 0.2155 0.22 0.22 0.1985 0.1985 0.1905 0.1905 0.1905 0.1845 0.1845 0.2015 0.2015 0.2355 0.2355 0.2355 0.2205 0.2205 0.2265 0.2265
