ndvi/NOAA-140.asc
ncols         252
nrows         154
xllcorner     -18.017974
yllcorner     13.481982
cellsize      0.035948
NODATA_value  -9999
[rows 102 to 135 of 154, columns 0 to 76 of 252]
-1 -1 -1 -1 -1 -1 -1 -1 -1 -1 -1 -1 -1 -1 -1 -1 -1 -1 -1 -1 -1 -1 -1 -1 -1 0.0547 0.0547 0.0547 0.16 0.16 0.3685 0.3685 0.3475 0.3475 0.3475 0.3505 0.3505 0.3375 0.3375 0.3 0.3 0.3 0.329 0.329 0.296 0.296 0.3195 0.3195 0.3195 0.393 0.393 0.3865 0.3865 0.4 0.4 0.4075 0.4075 0.4075 0.4065 0.4065 0.435 0.435 0.435 0.435 0.435 0.417 0.417 0.4355 0.4355 0.421 0.421 0.421 0.431 0.431 0.398 0.398 0.345
-1 -1 -1 -1 -1 -1 -1 -1 -1 -1 -1 -1 -1 -1 -1 -1 -1 -1 -1 -1 -1 -1 -1 0.0147 0.0147 0.2036 0.2036 0.2036 0.379 0.379 0.3305 0.3305 0.3075 0.3075 0.3075 0.329 0.329 0.34 0.34 0.3265 0.3265 0.3265 0.3245 0.3245 0.3555 0.3555 0.362 0.362 0.362 0.414 0.414 0.351 0.351 0.3795 0.3795 0.387 0.387 0.387 0.405 0.405 0.4295 0.4295 0.4295 0.4295 0.4295 0.389 0.389 0.397 0.397 0.427 0.427 0.427 0.425 0.425 0.3905 0.3905 0.4185
-1 -1 -1 -1 -1 -1 -1 -1 -1 -1 -1 -1 -1 -1 -1 -1 -1 -1 -1 -1 -1 -1 -1 0.0147 0.0147 0.2036 0.2036 0.2036 0.379 0.379 0.3305 0.3305 0.3075 0.3075 0.3075 0.329 0.329 0.34 0.34 0.3265 0.3265 0.3265 0.3245 0.3245 0.3555 0.3555 0.362 0.362 0.362 0.414 0.414 0.351 0.351 0.3795 0.3795 0.387 0.387 0.387 0.405 0.405 0.4295 0.4295 0.4295 0.4295 0.4295 0.389 0.389 0.397 0.397 0.427 0.427 0.427 0.425 0.425 0.3905 0.3905 0.4185
-1 -1 -1 -1 -1 -1 -1 -1 -1 -1 -1 -1 -1 -1 -1 -1 -1 -1 -1 -1 -1 -1 -1 0.0147 0.0147 0.2036 0.2036 0.2036 0.379 0.379 0.3305 0.3305 0.3075 0.3075 0.3075 0.329 0.329 0.34 0.34 0.3265 0.3265 0.3265 0.3245 0.3245 0.3555 0.3555 0.362 0.362 0.362 0.414 0.414 0.351 0.351 0.3795 0.3795 0.387 0.387 0.387 0.405 0.405 0.4295 0.4295 0.4295 0.4295 0.4295 0.389 0.389 0.397 0.397 0.427 0.427 0.427 0.425 0.425 0.3905 0.3905 0.4185
-1 -1 -1 -1 -1 -1 -1 -1 -1 -1 -1 -1 -1 -1 -1 -1 -1 -1 -1 -1 -1 0.0532 0.0532 0.2 0.2 0.3415 0.3415 0.3415 0.3225 0.3225 0.2995 0.2995 0.295 0.295 0.295 0.3825 0.3825 0.373 0.373 0.3185 0.3185 0.3185 0.3505 0.3505 0.347 0.347 0.3325 0.3325 0.3325 0.388 0.388 0.3305 0.3305 0.348 0.348 0.399 0.399 0.399 0.404 0.404 0.418 0.418 0.418 0.418 0.418 0.4055 0.4055 0.381 0.381 0.4105 0.4105 0.4105 0.4545 0.4545 0.4155 0.4155 0.421
-1 -1 -1 -1 -1 -1 -1 -1 -1 -1 -1 -1 -1 -1 -1 -1 -1 -1 -1 -1 -1 0.0532 0.0532 0.2 0.2 0.3415 0.3415 0.3415 0.3225 0.3225 0.2995 0.2995 0.295 0.295 0.295 0.3825 0.3825 0.373 0.373 0.3185 0.3185 0.3185 0.3505 0.3505 0.347 0.347 0.3325 0.3325 0.3325 0.388 0.388 0.3305 0.3305 0.348 0.348 0.399 0.399 0.399 0.404 0.404 0.418 0.418 0.418 0.418 0.418 0.4055 0.4055 0.381 0.381 0.4105 0.4105 0.4105 0.4545 0.4545 0.4155 0.4155 0.421
-1 -1 -1 -1 -1 -1 -1 -1 -1 -1 -1 -1 -1 -1 -1 -1 -1 -1 -1 -1 -1 0.18 0.18 0.4045 0.4045 0.395 0.395 0.395 0.3765 0.3765 0.318 0.318 0.342 0.342 0.342 0.3315 0.3315 0.38 0.38 0.3255 0.3255 0.3255 0.382 0.382 0.352 0.352 0.388 0.388 0.388 0.3395 0.3395 0.352 0.352 0.3695 0.3695 0.3615 0.3615 0.3615 0.376 0.376 0.375 0.375 0.375 0.375 0.375 0.379 0.379 0.396 0.396 0.417 0.417 0.417 0.4295 0.4295 0.415 0.415 0.457
-1 -1 -1 -1 -1 -1 -1 -1 -1 -1 -1 -1 -1 -1 -1 -1 -1 -1 -1 -1 -1 0.18 0.18 0.4045 0.4045 0.395 0.395 0.395 0.3765 0.3765 0.318 0.318 0.342 0.342 0.342 0.3315 0.3315 0.38 0.38 0.3255 0.3255 0.3255 0.382 0.382 0.352 0.352 0.388 0.388 0.388 0.3395 0.3395 0.352 0.352 0.3695 0.3695 0.3615 0.3615 0.3615 0.376 0.376 0.375 0.375 0.375 0.375 0.375 0.379 0.379 0.396 0.396 0.417 0.417 0.417 0.4295 0.4295 0.415 0.415 0.457
-1 -1 -1 -1 -1 -1 -1 -1 -1 -1 -1 -1 -1 -1 -1 -1 -1 -1 0.1282 0.1282 0.1282 0.353 0.353 0.39 0.39 0.4035 0.4035 0.4035 0.3535 0.3535 0.382 0.382 0.3455 0.3455 0.3455 0.364 0.364 0.354 0.354 0.37 0.37 0.37 0.385 0.385 0.3655 0.3655 0.3715 0.3715 0.3715 0.4245 0.4245 0.382 0.382 0.362 0.362 0.3965 0.3965 0.3965 0.4095 0.4095 0.397 0.397 0.397 0.397 0.397 0.3855 0.3855 0.403 0.403 0.4375 0.4375 0.4375 0.489 0.489 0.499 0.499 0.467
-1 -1 -1 -1 -1 -1 -1 -1 -1 -1 -1 -1 -1 -1 -1 -1 -1 -1 0.1282 0.1282 0.1282 0.353 0.353 0.39 0.39 0.4035 0.4035 0.4035 0.3535 0.3535 0.382 0.382 0.3455 0.3455 0.3455 0.364 0.364 0.354 0.354 0.37 0.37 0.37 0.385 0.385 0.3655 0.3655 0.3715 0.3715 0.3715 0.4245 0.4245 0.382 0.382 0.362 0.362 0.3965 0.3965 0.3965 0.4095 0.4095 0.397 0.397 0.397 0.397 0.397 0.3855 0.3855 0.403 0.403 0.4375 0.4375 0.4375 0.489 0.489 0.499 0.499 0.467
-1 -1 -1 -1 -1 -1 -1 -1 -1 -1 -1 -1 -1 -1 -1 -1 -1 -1 0.1282 0.1282 0.1282 0.353 0.353 0.39 0.39 0.4035 0.4035 0.4035 0.3535 0.3535 0.382 0.382 0.3455 0.3455 0.3455 0.364 0.364 0.354 0.354 0.37 0.37 0.37 0.385 0.385 0.3655 0.3655 0.3715 0.3715 0.3715 0.4245 0.4245 0.382 0.382 0.362 0.362 0.3965 0.3965 0.3965 0.4095 0.4095 0.397 0.397 0.397 0.397 0.397 0.3855 0.3855 0.403 0.403 0.4375 0.4375 0.4375 0.489 0.489 0.499 0.499 0.467
-1 -1 -1 -1 -1 -1 -1 -1 -1 -1 -1 -1 -1 -1 -1 -1 0.2226 0.2226 0.5135 0.5135 0.5135 0.4595 0.4595 0.4215 0.4215 0.401 0.401 0.401 0.3485 0.3485 0.3655 0.3655 0.3785 0.3785 0.3785 0.357 0.357 0.3485 0.3485 0.41 0.41 0.41 0.403 0.403 0.4045 0.4045 0.3625 0.3625 0.3625 0.382 0.382 0.3885 0.3885 0.4385 0.4385 0.451 0.451 0.451 0.454 0.454 0.432 0.432 0.432 0.432 0.432 0.395 0.395 0.4095 0.4095 0.424 0.424 0.424 0.419 0.419 0.434 0.434 0.479
-1 -1 -1 -1 -1 -1 -1 -1 -1 -1 -1 -1 -1 -1 -1 -1 0.2226 0.2226 0.5135 0.5135 0.5135 0.4595 0.4595 0.4215 0.4215 0.401 0.401 0.401 0.3485 0.3485 0.3655 0.3655 0.3785 0.3785 0.3785 0.357 0.357 0.3485 0.3485 0.41 0.41 0.41 0.403 0.403 0.4045 0.4045 0.3625 0.3625 0.3625 0.382 0.382 0.3885 0.3885 0.4385 0.4385 0.451 0.451 0.451 0.454 0.454 0.432 0.432 0.432 0.432 0.432 0.395 0.395 0.4095 0.4095 0.424 0.424 0.424 0.419 0.419 0.434 0.434 0.479
-1 -1 -1 -1 -1 -1 -1 -1 -1 -1 -1 -1 0.1417 0.1417 0.191 0.191 0.1935 0.1935 0.449 0.449 0.449 0.4405 0.4405 0.444 0.444 0.345 0.345 0.345 0.3675 0.3675 0.388 0.388 0.4155 0.4155 0.4155 0.4215 0.4215 0.412 0.412 0.399 0.399 0.399 0.439 0.439 0.392 0.392 0.3685 0.3685 0.3685 0.345 0.345 0.4075 0.4075 0.441 0.441 0.439 0.439 0.439 0.451 0.451 0.4285 0.4285 0.4285 0.4285 0.4285 0.4185 0.4185 0.4065 0.4065 0.445 0.445 0.445 0.4045 0.4045 0.449 0.449 0.509
-1 -1 -1 -1 -1 -1 -1 -1 -1 -1 -1 -1 0.1417 0.1417 0.191 0.191 0.1935 0.1935 0.449 0.449 0.449 0.4405 0.4405 0.444 0.444 0.345 0.345 0.345 0.3675 0.3675 0.388 0.388 0.4155 0.4155 0.4155 0.4215 0.4215 0.412 0.412 0.399 0.399 0.399 0.439 0.439 0.392 0.392 0.3685 0.3685 0.3685 0.345 0.345 0.4075 0.4075 0.441 0.441 0.439 0.439 0.439 0.451 0.451 0.4285 0.4285 0.4285 0.4285 0.4285 0.4185 0.4185 0.4065 0.4065 0.445 0.445 0.445 0.4045 0.4045 0.449 0.449 0.509
-1 -1 -1 -1 -1 -1 -1 -1 -1 0.0895 0.0895 0.0895 0.1325 0.1325 0.1101 0.1101 0.0917 0.0917 0.041 0.041 0.041 0.3805 0.3805 0.435 0.435 0.469 0.469 0.469 0.39 0.39 0.4145 0.4145 0.3985 0.3985 0.3985 0.401 0.401 0.352 0.352 0.3825 0.3825 0.3825 0.3825 0.3825 0.3815 0.3815 0.343 0.343 0.343 0.356 0.356 0.3705 0.3705 0.4295 0.4295 0.43 0.43 0.43 0.405 0.405 0.445 0.445 0.445 0.445 0.445 0.452 0.452 0.4305 0.4305 0.502 0.502 0.502 0.5145 0.5145 0.4345 0.4345 0.5015
-1 -1 -1 -1 -1 -1 -1 -1 -1 0.0895 0.0895 0.0895 0.1325 0.1325 0.1101 0.1101 0.0917 0.0917 0.041 0.041 0.041 0.3805 0.3805 0.435 0.435 0.469 0.469 0.469 0.39 0.39 0.4145 0.4145 0.3985 0.3985 0.3985 0.401 0.401 0.352 0.352 0.3825 0.3825 0.3825 0.3825 0.3825 0.3815 0.3815 0.343 0.343 0.343 0.356 0.356 0.3705 0.3705 0.4295 0.4295 0.43 0.43 0.43 0.405 0.405 0.445 0.445 0.445 0.445 0.445 0.452 0.452 0.4305 0.4305 0.502 0.502 0.502 0.5145 0.5145 0.4345 0.4345 0.5015
-1 -1 -1 -1 -1 -1 -1 -1 -1 0.0895 0.0895 0.0895 0.1325 0.1325 0.1101 0.1101 0.0917 0.0917 0.041 0.041 0.041 0.3805 0.3805 0.435 0.435 0.469 0.469 0.469 0.39 0.39 0.4145 0.4145 0.3985 0.3985 0.3985 0.401 0.401 0.352 0.352 0.3825 0.3825 0.3825 0.3825 0.3825 0.3815 0.3815 0.343 0.343 0.343 0.356 0.356 0.3705 0.3705 0.4295 0.4295 0.43 0.43 0.43 0.405 0.405 0.445 0.445 0.445 0.445 0.445 0.452 0.452 0.4305 0.4305 0.502 0.502 0.502 0.5145 0.5145 0.4345 0.4345 0.5015
-1 -1 -1 -1 -1 -1 -1 -1 -1 -1 -1 -1 0.0792 0.0792 0.0782 0.0782 0.1042 0.1042 0.056 0.056 0.056 0.3325 0.3325 0.4665 0.4665 0.4685 0.4685 0.4685 0.4275 0.4275 0.4145 0.4145 0.3745 0.3745 0.3745 0.3935 0.3935 0.336 0.336 0.4025 0.4025 0.4025 0.3785 0.3785 0.371 0.371 0.3955 0.3955 0.3955 0.3825 0.3825 0.355 0.355 0.396 0.396 0.3925 0.3925 0.3925 0.3965 0.3965 0.4265 0.4265 0.4265 0.4265 0.4265 0.423 0.423 0.4615 0.4615 0.5085 0.5085 0.5085 0.489 0.489 0.4945 0.4945 0.5415
-1 -1 -1 -1 -1 -1 -1 -1 -1 -1 -1 -1 0.0792 0.0792 0.0782 0.0782 0.1042 0.1042 0.056 0.056 0.056 0.3325 0.3325 0.4665 0.4665 0.4685 0.4685 0.4685 0.4275 0.4275 0.4145 0.4145 0.3745 0.3745 0.3745 0.3935 0.3935 0.336 0.336 0.4025 0.4025 0.4025 0.3785 0.3785 0.371 0.371 0.3955 0.3955 0.3955 0.3825 0.3825 0.355 0.355 0.396 0.396 0.3925 0.3925 0.3925 0.3965 0.3965 0.4265 0.4265 0.4265 0.4265 0.4265 0.423 0.423 0.4615 0.4615 0.5085 0.5085 0.5085 0.489 0.489 0.4945 0.4945 0.5415
-1 -1 -1 -1 -1 -1 -1 -1 -1 -1 -1 -1 -1 -1 -1 -1 -1 -1 0.0546 0.0546 0.0546 0.197 0.197 0.369 0.369 0.4335 0.4335 0.4335 0.451 0.451 0.414 0.414 0.37 0.37 0.37 0.3615 0.3615 0.3865 0.3865 0.393 0.393 0.393 0.38 0.38 0.413 0.413 0.429 0.429 0.429 0.381 0.381 0.3995 0.3995 0.3885 0.3885 0.392 0.392 0.392 0.4315 0.4315 0.4055 0.4055 0.4055 0.4055 0.4055 0.447 0.447 0.4925 0.4925 0.5055 0.5055 0.5055 0.5155 0.5155 0.539 0.539 0.5165
-1 -1 -1 -1 -1 -1 -1 -1 -1 -1 -1 -1 -1 -1 -1 -1 -1 -1 0.0546 0.0546 0.0546 0.197 0.197 0.369 0.369 0.4335 0.4335 0.4335 0.451 0.451 0.414 0.414 0.37 0.37 0.37 0.3615 0.3615 0.3865 0.3865 0.393 0.393 0.393 0.38 0.38 0.413 0.413 0.429 0.429 0.429 0.381 0.381 0.3995 0.3995 0.3885 0.3885 0.392 0.392 0.392 0.4315 0.4315 0.4055 0.4055 0.4055 0.4055 0.4055 0.447 0.447 0.4925 0.4925 0.5055 0.5055 0.5055 0.5155 0.5155 0.539 0.539 0.5165
-1 -1 -1 -1 -1 -1 -1 -1 -1 -1 -1 -1 -1 -1 -1 -1 -1 -1 -1 -1 -1 0.1156 0.1156 0.2385 0.2385 0.408 0.408 0.408 0.4335 0.4335 0.4755 0.4755 0.422 0.422 0.422 0.3825 0.3825 0.384 0.384 0.3795 0.3795 0.3795 0.4005 0.4005 0.3965 0.3965 0.415 0.415 0.415 0.419 0.419 0.384 0.384 0.3465 0.3465 0.4055 0.4055 0.4055 0.4885 0.4885 0.476 0.476 0.476 0.476 0.476 0.4685 0.4685 0.517 0.517 0.4915 0.4915 0.4915 0.4745 0.4745 0.533 0.533 0.4855
-1 -1 -1 -1 -1 -1 -1 -1 -1 -1 -1 -1 -1 -1 -1 -1 -1 -1 -1 -1 -1 0.1156 0.1156 0.2385 0.2385 0.408 0.408 0.408 0.4335 0.4335 0.4755 0.4755 0.422 0.422 0.422 0.3825 0.3825 0.384 0.384 0.3795 0.3795 0.3795 0.4005 0.4005 0.3965 0.3965 0.415 0.415 0.415 0.419 0.419 0.384 0.384 0.3465 0.3465 0.4055 0.4055 0.4055 0.4885 0.4885 0.476 0.476 0.476 0.476 0.476 0.4685 0.4685 0.517 0.517 0.4915 0.4915 0.4915 0.4745 0.4745 0.533 0.533 0.4855
-1 -1 -1 -1 -1 -1 -1 -1 -1 -1 -1 -1 -1 -1 -1 -1 -1 -1 -1 -1 -1 0.0927 0.0927 0.1787 0.1787 0.3935 0.3935 0.3935 0.544 0.544 0.5455 0.5455 0.4805 0.4805 0.4805 0.42 0.42 0.3775 0.3775 0.3465 0.3465 0.3465 0.355 0.355 0.389 0.389 0.43 0.43 0.43 0.3995 0.3995 0.3915 0.3915 0.4155 0.4155 0.409 0.409 0.409 0.441 0.441 0.419 0.419 0.419 0.419 0.419 0.437 0.437 0.465 0.465 0.4675 0.4675 0.4675 0.374 0.374 0.3815 0.3815 0.401
-1 -1 -1 -1 -1 -1 -1 -1 -1 -1 -1 -1 -1 -1 -1 -1 -1 -1 -1 -1 -1 0.0927 0.0927 0.1787 0.1787 0.3935 0.3935 0.3935 0.544 0.544 0.5455 0.5455 0.4805 0.4805 0.4805 0.42 0.42 0.3775 0.3775 0.3465 0.3465 0.3465 0.355 0.355 0.389 0.389 0.43 0.43 0.43 0.3995 0.3995 0.3915 0.3915 0.4155 0.4155 0.409 0.409 0.409 0.441 0.441 0.419 0.419 0.419 0.419 0.419 0.437 0.437 0.465 0.465 0.4675 0.4675 0.4675 0.374 0.374 0.3815 0.3815 0.401
-1 -1 -1 -1 -1 -1 -1 -1 -1 -1 -1 -1 -1 -1 -1 -1 -1 -1 -1 -1 -1 0.0927 0.0927 0.1787 0.1787 0.3935 0.3935 0.3935 0.544 0.544 0.5455 0.5455 0.4805 0.4805 0.4805 0.42 0.42 0.3775 0.3775 0.3465 0.3465 0.3465 0.355 0.355 0.389 0.389 0.43 0.43 0.43 0.3995 0.3995 0.3915 0.3915 0.4155 0.4155 0.409 0.409 0.409 0.441 0.441 0.419 0.419 0.419 0.419 0.419 0.437 0.437 0.465 0.465 0.4675 0.4675 0.4675 0.374 0.374 0.3815 0.3815 0.401
-1 -1 -1 -1 -1 -1 -1 -1 -1 -1 -1 -1 -1 -1 -1 -1 -1 -1 -1 -1 -1 -1 -1 0.1062 0.1062 0.2045 0.2045 0.2045 0.388 0.388 0.4805 0.4805 0.466 0.466 0.466 0.3245 0.3245 0.182 0.182 0.16 0.16 0.16 0.2445 0.2445 0.38 0.38 0.399 0.399 0.399 0.3975 0.3975 0.4235 0.4235 0.445 0.445 0.412 0.412 0.412 0.483 0.483 0.505 0.505 0.505 0.505 0.505 0.3855 0.3855 0.4515 0.4515 0.4365 0.4365 0.4365 0.5145 0.5145 0.4795 0.4795 0.434
-1 -1 -1 -1 -1 -1 -1 -1 -1 -1 -1 -1 -1 -1 -1 -1 -1 -1 -1 -1 -1 -1 -1 0.1062 0.1062 0.2045 0.2045 0.2045 0.388 0.388 0.4805 0.4805 0.466 0.466 0.466 0.3245 0.3245 0.182 0.182 0.16 0.16 0.16 0.2445 0.2445 0.38 0.38 0.399 0.399 0.399 0.3975 0.3975 0.4235 0.4235 0.445 0.445 0.412 0.412 0.412 0.483 0.483 0.505 0.505 0.505 0.505 0.505 0.3855 0.3855 0.4515 0.4515 0.4365 0.4365 0.4365 0.5145 0.5145 0.4795 0.4795 0.434
-1 -1 -1 -1 -1 -1 -1 -1 -1 -1 -1 -1 -1 -1 -1 -1 -1 -1 -1 -1 -1 -1 -1 -1 -1 0.1598 0.1598 0.1598 0.195 0.195 0.2955 0.2955 0.33 0.33 0.33 0.23 0.23 0.155 0.155 0.179 0.179 0.179 0.3365 0.3365 0.3545 0.3545 0.451 0.451 0.451 0.3725 0.3725 0.4205 0.4205 0.471 0.471 0.4635 0.4635 0.4635 0.5095 0.5095 0.438 0.438 0.438 0.438 0.438 0.435 0.435 0.466 0.466 0.4945 0.4945 0.4945 0.47 0.47 0.467 0.467 0.47
-1 -1 -1 -1 -1 -1 -1 -1 -1 -1 -1 -1 -1 -1 -1 -1 -1 -1 -1 -1 -1 -1 -1 -1 -1 0.1598 0.1598 0.1598 0.195 0.195 0.2955 0.2955 0.33 0.33 0.33 0.23 0.23 0.155 0.155 0.179 0.179 0.179 0.3365 0.3365 0.3545 0.3545 0.451 0.451 0.451 0.3725 0.3725 0.4205 0.4205 0.471 0.471 0.4635 0.4635 0.4635 0.5095 0.5095 0.438 0.438 0.438 0.438 0.438 0.435 0.435 0.466 0.466 0.4945 0.4945 0.4945 0.47 0.47 0.467 0.467 0.47
-1 -1 -1 -1 -1 -1 -1 -1 -1 -1 -1 -1 -1 -1 -1 -1 -1 -1 -1 -1 -1 -1 -1 -1 -1 0.0582 0.0582 0.0582 0.1144 0.1144 0.225 0.225 0.286 0.286 0.286 0.266 0.266 0.196 0.196 0.3625 0.3625 0.3625 0.7625 0.7625 0.514 0.514 0.6695 0.6695 0.6695 0.388 0.388 0.3745 0.3745 0.4155 0.4155 0.44 0.44 0.44 0.4625 0.4625 0.45 0.45 0.45 0.45 0.45 0.4105 0.4105 0.3515 0.3515 0.409 0.409 0.409 0.428 0.428 0.43 0.43 0.4095
-1 -1 -1 -1 -1 -1 -1 -1 -1 -1 -1 -1 -1 -1 -1 -1 -1 -1 -1 -1 -1 -1 -1 -1 -1 0.0582 0.0582 0.0582 0.1144 0.1144 0.225 0.225 0.286 0.286 0.286 0.266 0.266 0.196 0.196 0.3625 0.3625 0.3625 0.7625 0.7625 0.514 0.514 0.6695 0.6695 0.6695 0.388 0.388 0.3745 0.3745 0.4155 0.4155 0.44 0.44 0.44 0.4625 0.4625 0.45 0.45 0.45 0.45 0.45 0.4105 0.4105 0.3515 0.3515 0.409 0.409 0.409 0.428 0.428 0.43 0.43 0.4095
-1 -1 -1 -1 -1 -1 -1 -1 -1 -1 -1 -1 -1 -1 -1 -1 -1 -1 -1 -1 -1 -1 -1 -1 -1 0.0582 0.0582 0.0582 0.1144 0.1144 0.225 0.225 0.286 0.286 0.286 0.266 0.266 0.196 0.196 0.3625 0.3625 0.3625 0.7625 0.7625 0.514 0.514 0.6695 0.6695 0.6695 0.388 0.388 0.3745 0.3745 0.4155 0.4155 0.44 0.44 0.44 0.4625 0.4625 0.45 0.45 0.45 0.45 0.45 0.4105 0.4105 0.3515 0.3515 0.409 0.409 0.409 0.428 0.428 0.43 0.43 0.4095
