ndvi/NOAA-346.asc
ncols         252
nrows         154
xllcorner     -18.017974
yllcorner     13.481982
cellsize      0.035948
NODATA_value  -9999
[rows 102 to 135 of 154, columns 156 to 233 of 252]
0.5746 0.4365 0.4365 0.4365 0.3195 0.3195 0.3325 0.3325 0.3625 0.3625 0.379 0.379 0.379 0.3275 0.3275 0.353 0.353 0.3415 0.3415 0.3415 0.3175 0.3175 0.3175 0.3175 0.3785 0.3785 0.3785 0.3825 0.3825 0.41 0.41 0.365 0.365 0.365 0.3755 0.3755 0.372 0.372 0.3785 0.3785 0.3785 0.393 0.393 0.3585 0.3585 0.3775 0.3775 0.364 0.364 0.364 0.32 0.32 0.3325 0.3325 0.3695 0.3695 0.3695 0.357 0.357 0.3895 0.3895 0.3565 0.3565 0.3565 0.405 0.405 0.335 0.335 0.4355 0.4355 0.4355 0.384 0.384 0.4205 0.4205 0.428 0.428 0.428
0.4085 0.369 0.369 0.369 0.365 0.365 0.3565 0.3565 0.3895 0.3895 0.4075 0.4075 0.4075 0.32 0.32 0.336 0.336 0.3485 0.3485 0.3485 0.357 0.357 0.335 0.335 0.378 0.378 0.378 0.416 0.416 0.3695 0.3695 0.3785 0.3785 0.3785 0.3715 0.3715 0.3445 0.3445 0.417 0.417 0.417 0.393 0.393 0.397 0.397 0.404 0.404 0.3855 0.3855 0.3855 0.3645 0.3645 0.423 0.423 0.4205 0.4205 0.4205 0.3875 0.3875 0.4175 0.4175 0.4495 0.4495 0.4495 0.43 0.43 0.4956 0.4956 0.4285 0.4285 0.4285 0.445 0.445 0.496 0.496 0.4445 0.4445 0.4445
0.4085 0.369 0.369 0.369 0.365 0.365 0.3565 0.3565 0.3895 0.3895 0.4075 0.4075 0.4075 0.32 0.32 0.336 0.336 0.3485 0.3485 0.3485 0.357 0.357 0.335 0.335 0.378 0.378 0.378 0.416 0.416 0.3695 0.3695 0.3785 0.3785 0.3785 0.3715 0.3715 0.3445 0.3445 0.417 0.417 0.417 0.393 0.393 0.397 0.397 0.404 0.404 0.3855 0.3855 0.3855 0.3645 0.3645 0.423 0.423 0.4205 0.4205 0.4205 0.3875 0.3875 0.4175 0.4175 0.4495 0.4495 0.4495 0.43 0.43 0.4956 0.4956 0.4285 0.4285 0.4285 0.445 0.445 0.496 0.496 0.4445 0.4445 0.4445
0.4085 0.369 0.369 0.369 0.365 0.365 0.3565 0.3565 0.3895 0.3895 0.4075 0.4075 0.4075 0.32 0.32 0.336 0.336 0.3485 0.3485 0.3485 0.357 0.357 0.335 0.335 0.378 0.378 0.378 0.416 0.416 0.3695 0.3695 0.3785 0.3785 0.3785 0.3715 0.3715 0.3445 0.3445 0.417 0.417 0.417 0.393 0.393 0.397 0.397 0.404 0.404 0.3855 0.3855 0.3855 0.3645 0.3645 0.423 0.423 0.4205 0.4205 0.4205 0.3875 0.3875 0.4175 0.4175 0.4495 0.4495 0.4495 0.43 0.43 0.4956 0.4956 0.4285 0.4285 0.4285 0.445 0.445 0.496 0.496 0.4445 0.4445 0.4445
0.4415 0.426 0.426 0.426 0.421 0.421 0.4355 0.4355 0.4035 0.4035 0.4515 0.4515 0.4515 0.3215 0.3215 0.3235 0.3235 0.3695 0.3695 0.3695 0.394 0.394 0.367 0.367 0.407 0.407 0.407 0.418 0.418 0.4585 0.4585 0.3915 0.3915 0.3915 0.3665 0.3665 0.3935 0.3935 0.394 0.394 0.394 0.4415 0.4415 0.4891 0.4891 0.487 0.487 0.5331 0.5331 0.5331 0.476 0.476 0.4865 0.4865 0.51 0.51 0.51 0.462 0.462 0.453 0.453 0.4925 0.4925 0.4925 0.494 0.494 0.456 0.456 0.4485 0.4485 0.4485 0.499 0.499 0.5365 0.5365 0.5225 0.5225 0.5225
0.4415 0.426 0.426 0.426 0.421 0.421 0.4355 0.4355 0.4035 0.4035 0.4515 0.4515 0.4515 0.3215 0.3215 0.3235 0.3235 0.3695 0.3695 0.3695 0.394 0.394 0.367 0.367 0.407 0.407 0.407 0.418 0.418 0.4585 0.4585 0.3915 0.3915 0.3915 0.3665 0.3665 0.3935 0.3935 0.394 0.394 0.394 0.4415 0.4415 0.4891 0.4891 0.487 0.487 0.5331 0.5331 0.5331 0.476 0.476 0.4865 0.4865 0.51 0.51 0.51 0.462 0.462 0.453 0.453 0.4925 0.4925 0.4925 0.494 0.494 0.456 0.456 0.4485 0.4485 0.4485 0.499 0.499 0.5365 0.5365 0.5225 0.5225 0.5225
0.4885 0.5175 0.5175 0.5175 0.445 0.445 0.4505 0.4505 0.4555 0.4555 0.4385 0.4385 0.4385 0.4335 0.4335 0.414 0.414 0.361 0.361 0.361 0.3735 0.3735 0.411 0.411 0.4886 0.4886 0.4886 0.468 0.468 0.4785 0.4785 0.376 0.376 0.376 0.436 0.436 0.4025 0.4025 0.505 0.505 0.505 0.382 0.382 0.4365 0.4365 0.4425 0.4425 0.5005 0.5005 0.5005 0.5555 0.5555 0.4935 0.4935 0.584 0.584 0.584 0.5471 0.5471 0.528 0.528 0.5275 0.5275 0.5275 0.549 0.549 0.503 0.503 0.473 0.473 0.473 0.5355 0.5355 0.5215 0.5215 0.4915 0.4915 0.4915
0.4885 0.5175 0.5175 0.5175 0.445 0.445 0.4505 0.4505 0.4555 0.4555 0.4385 0.4385 0.4385 0.4335 0.4335 0.414 0.414 0.361 0.361 0.361 0.3735 0.3735 0.411 0.411 0.4886 0.4886 0.4886 0.468 0.468 0.4785 0.4785 0.376 0.376 0.376 0.436 0.436 0.4025 0.4025 0.505 0.505 0.505 0.382 0.382 0.4365 0.4365 0.4425 0.4425 0.5005 0.5005 0.5005 0.5555 0.5555 0.4935 0.4935 0.584 0.584 0.584 0.5471 0.5471 0.528 0.528 0.5275 0.5275 0.5275 0.549 0.549 0.503 0.503 0.473 0.473 0.473 0.5355 0.5355 0.5215 0.5215 0.4915 0.4915 0.4915
0.468 0.417 0.417 0.417 0.461 0.461 0.452 0.452 0.4495 0.4495 0.4725 0.4725 0.4725 0.504 0.504 0.509 0.509 0.45 0.45 0.45 0.4295 0.4295 0.4435 0.4435 0.4865 0.4865 0.4865 0.472 0.472 0.4935 0.4935 0.4265 0.4265 0.4265 0.491 0.491 0.454 0.454 0.4466 0.4466 0.4466 0.4626 0.4626 0.4645 0.4645 0.4525 0.4525 0.493 0.493 0.493 0.5576 0.5576 0.5705 0.5705 0.5565 0.5565 0.5565 0.5325 0.5325 0.5105 0.5105 0.4915 0.4915 0.4915 0.5055 0.5055 0.5225 0.5225 0.52 0.52 0.52 0.501 0.501 0.537 0.537 0.533 0.533 0.533
0.468 0.417 0.417 0.417 0.461 0.461 0.452 0.452 0.4495 0.4495 0.4725 0.4725 0.4725 0.504 0.504 0.509 0.509 0.45 0.45 0.45 0.4295 0.4295 0.4435 0.4435 0.4865 0.4865 0.4865 0.472 0.472 0.4935 0.4935 0.4265 0.4265 0.4265 0.491 0.491 0.454 0.454 0.4466 0.4466 0.4466 0.4626 0.4626 0.4645 0.4645 0.4525 0.4525 0.493 0.493 0.493 0.5576 0.5576 0.5705 0.5705 0.5565 0.5565 0.5565 0.5325 0.5325 0.5105 0.5105 0.4915 0.4915 0.4915 0.5055 0.5055 0.5225 0.5225 0.52 0.52 0.52 0.501 0.501 0.537 0.537 0.533 0.533 0.533
0.468 0.417 0.417 0.417 0.461 0.461 0.452 0.452 0.4495 0.4495 0.4725 0.4725 0.4725 0.504 0.504 0.509 0.509 0.45 0.45 0.45 0.4295 0.4295 0.4435 0.4435 0.4865 0.4865 0.4865 0.472 0.472 0.4935 0.4935 0.4265 0.4265 0.4265 0.491 0.491 0.454 0.454 0.4466 0.4466 0.4466 0.4626 0.4626 0.4645 0.4645 0.4525 0.4525 0.493 0.493 0.493 0.5576 0.5576 0.5705 0.5705 0.5565 0.5565 0.5565 0.5325 0.5325 0.5105 0.5105 0.4915 0.4915 0.4915 0.5055 0.5055 0.5225 0.5225 0.52 0.52 0.52 0.501 0.501 0.537 0.537 0.533 0.533 0.533
0.417 0.4595 0.4595 0.4595 0.4815 0.4815 0.4725 0.4725 0.459 0.459 0.446 0.446 0.446 0.4835 0.4835 0.4645 0.4645 0.4255 0.4255 0.4255 0.4815 0.4815 0.466 0.466 0.539 0.539 0.539 0.464 0.464 0.4785 0.4785 0.5041 0.5041 0.5041 0.6191 0.6191 0.449 0.449 0.4345 0.4345 0.4345 0.42 0.42 0.4565 0.4565 0.5105 0.5105 0.5785 0.5785 0.5785 0.5461 0.5461 0.609 0.609 0.567 0.567 0.567 0.5385 0.5385 0.516 0.516 0.5125 0.5125 0.5125 0.5215 0.5215 0.5096 0.5096 0.5055 0.5055 0.5055 0.515 0.515 0.5155 0.5155 0.5435 0.5435 0.5435
0.417 0.4595 0.4595 0.4595 0.4815 0.4815 0.4725 0.4725 0.459 0.459 0.446 0.446 0.446 0.4835 0.4835 0.4645 0.4645 0.4255 0.4255 0.4255 0.4815 0.4815 0.466 0.466 0.539 0.539 0.539 0.464 0.464 0.4785 0.4785 0.5041 0.5041 0.5041 0.6191 0.6191 0.449 0.449 0.4345 0.4345 0.4345 0.42 0.42 0.4565 0.4565 0.5105 0.5105 0.5785 0.5785 0.5785 0.5461 0.5461 0.609 0.609 0.567 0.567 0.567 0.5385 0.5385 0.516 0.516 0.5125 0.5125 0.5125 0.5215 0.5215 0.5096 0.5096 0.5055 0.5055 0.5055 0.515 0.515 0.5155 0.5155 0.5435 0.5435 0.5435
0.487 0.4635 0.4635 0.4635 0.4946 0.4946 0.4315 0.4315 0.4015 0.4015 0.432 0.432 0.432 0.4675 0.4675 0.4575 0.4575 0.425 0.425 0.425 0.4365 0.4365 0.4815 0.4815 0.5085 0.5085 0.5085 0.512 0.512 0.4745 0.4745 0.4875 0.4875 0.4875 0.5096 0.5096 0.4475 0.4475 0.4405 0.4405 0.4405 0.4205 0.4205 0.4796 0.4796 0.562 0.562 0.5835 0.5835 0.5835 0.5715 0.5715 0.5755 0.5755 0.5685 0.5685 0.5685 0.604 0.604 0.549 0.549 0.5425 0.5425 0.5425 0.5375 0.5375 0.512 0.512 0.5365 0.5365 0.5365 0.57 0.57 0.576 0.576 0.51 0.51 0.51
0.487 0.4635 0.4635 0.4635 0.4946 0.4946 0.4315 0.4315 0.4015 0.4015 0.432 0.432 0.432 0.4675 0.4675 0.4575 0.4575 0.425 0.425 0.425 0.4365 0.4365 0.4815 0.4815 0.5085 0.5085 0.5085 0.512 0.512 0.4745 0.4745 0.4875 0.4875 0.4875 0.5096 0.5096 0.4475 0.4475 0.4405 0.4405 0.4405 0.4205 0.4205 0.4796 0.4796 0.562 0.562 0.5835 0.5835 0.5835 0.5715 0.5715 0.5755 0.5755 0.5685 0.5685 0.5685 0.604 0.604 0.549 0.549 0.5425 0.5425 0.5425 0.5375 0.5375 0.512 0.512 0.5365 0.5365 0.5365 0.57 0.57 0.576 0.576 0.51 0.51 0.51
0.4595 0.476 0.476 0.476 0.4295 0.4295 0.46 0.46 0.4765 0.4765 0.447 0.447 0.447 0.5 0.5 0.4945 0.4945 0.5245 0.5245 0.5245 0.472 0.472 0.4235 0.4235 0.473 0.473 0.473 0.4785 0.4785 0.5135 0.5135 0.406 0.406 0.406 0.386 0.386 0.466 0.466 0.494 0.494 0.494 0.5385 0.5385 0.5425 0.5425 0.564 0.564 0.609 0.609 0.609 0.61 0.61 0.58 0.58 0.5521 0.5521 0.5521 0.5421 0.5421 0.5645 0.5645 0.5675 0.5675 0.5675 0.5266 0.5266 0.53 0.53 0.5765 0.5765 0.5765 0.562 0.562 0.5435 0.5435 0.5415 0.5415 0.5415
0.4595 0.476 0.476 0.476 0.4295 0.4295 0.46 0.46 0.4765 0.4765 0.447 0.447 0.447 0.5 0.5 0.4945 0.4945 0.5245 0.5245 0.5245 0.472 0.472 0.4235 0.4235 0.473 0.473 0.473 0.4785 0.4785 0.5135 0.5135 0.406 0.406 0.406 0.386 0.386 0.466 0.466 0.494 0.494 0.494 0.5385 0.5385 0.5425 0.5425 0.564 0.564 0.609 0.609 0.609 0.61 0.61 0.58 0.58 0.5521 0.5521 0.5521 0.5421 0.5421 0.5645 0.5645 0.5675 0.5675 0.5675 0.5266 0.5266 0.53 0.53 0.5765 0.5765 0.5765 0.562 0.562 0.5435 0.5435 0.5415 0.5415 0.5415
0.4595 0.476 0.476 0.476 0.4295 0.4295 0.46 0.46 0.4765 0.4765 0.447 0.447 0.447 0.5 0.5 0.4945 0.4945 0.5245 0.5245 0.5245 0.472 0.472 0.4235 0.4235 0.473 0.473 0.473 0.4785 0.4785 0.5135 0.5135 0.406 0.406 0.406 0.386 0.386 0.466 0.466 0.494 0.494 0.494 0.5385 0.5385 0.5425 0.5425 0.564 0.564 0.609 0.609 0.609 0.61 0.61 0.58 0.58 0.5521 0.5521 0.5521 0.5421 0.5421 0.5645 0.5645 0.5675 0.5675 0.5675 0.5266 0.5266 0.53 0.53 0.5765 0.5765 0.5765 0.562 0.562 0.5435 0.5435 0.5415 0.5415 0.5415
0.513 0.536 0.536 0.536 0.4935 0.4935 0.4625 0.4625 0.4965 0.4965 0.5365 0.5365 0.5365 0.521 0.521 0.5175 0.5175 0.5305 0.5305 0.5305 0.5045 0.5045 0.5105 0.5105 0.553 0.553 0.553 0.5185 0.5185 0.5315 0.5315 0.437 0.437 0.437 0.452 0.452 0.51 0.51 0.513 0.513 0.513 0.5575 0.5575 0.542 0.542 0.6205 0.6205 0.594 0.594 0.594 0.5885 0.5885 0.6055 0.6055 0.5286 0.5286 0.5286 0.552 0.552 0.5655 0.5655 0.5805 0.5805 0.5805 0.5865 0.5865 0.5675 0.5675 0.5925 0.5925 0.5925 0.5465 0.5465 0.518 0.518 0.5401 0.5401 0.5401
0.513 0.536 0.536 0.536 0.4935 0.4935 0.4625 0.4625 0.4965 0.4965 0.5365 0.5365 0.5365 0.521 0.521 0.5175 0.5175 0.5305 0.5305 0.5305 0.5045 0.5045 0.5105 0.5105 0.553 0.553 0.553 0.5185 0.5185 0.5315 0.5315 0.437 0.437 0.437 0.452 0.452 0.51 0.51 0.513 0.513 0.513 0.5575 0.5575 0.542 0.542 0.6205 0.6205 0.594 0.594 0.594 0.5885 0.5885 0.6055 0.6055 0.5286 0.5286 0.5286 0.552 0.552 0.5655 0.5655 0.5805 0.5805 0.5805 0.5865 0.5865 0.5675 0.5675 0.5925 0.5925 0.5925 0.5465 0.5465 0.518 0.518 0.5401 0.5401 0.5401
0.5055 0.503 0.503 0.503 0.4505 0.4505 0.5075 0.5075 0.525 0.525 0.486 0.486 0.486 0.5865 0.5865 0.5745 0.5745 0.539 0.539 0.539 0.5655 0.5655 0.5705 0.5705 0.5245 0.5245 0.5245 0.4535 0.4535 0.4536 0.4536 0.541 0.541 0.541 0.497 0.497 0.5795 0.5795 0.5535 0.5535 0.5535 0.565 0.565 0.564 0.564 0.633 0.633 0.663 0.663 0.663 0.614 0.614 0.6145 0.6145 0.5835 0.5835 0.5835 0.566 0.566 0.5549999 0.5549999 0.579 0.579 0.579 0.571 0.571 0.65 0.65 0.6085 0.6085 0.6085 0.6215 0.6215 0.6115 0.6115 0.5555 0.5555 0.5555
0.5055 0.503 0.503 0.503 0.4505 0.4505 0.5075 0.5075 0.525 0.525 0.486 0.486 0.486 0.5865 0.5865 0.5745 0.5745 0.539 0.539 0.539 0.5655 0.5655 0.5705 0.5705 0.5245 0.5245 0.5245 0.4535 0.4535 0.4536 0.4536 0.541 0.541 0.541 0.497 0.497 0.5795 0.5795 0.5535 0.5535 0.5535 0.565 0.565 0.564 0.564 0.633 0.633 0.663 0.663 0.663 0.614 0.614 0.6145 0.6145 0.5835 0.5835 0.5835 0.566 0.566 0.5549999 0.5549999 0.579 0.579 0.579 0.571 0.571 0.65 0.65 0.6085 0.6085 0.6085 0.6215 0.6215 0.6115 0.6115 0.5555 0.5555 0.5555
0.4715 0.47 0.47 0.47 0.5145 0.5145 0.5515 0.5515 0.5745 0.5745 0.5535 0.5535 0.5535 0.5505 0.5505 0.572 0.572 0.5675 0.5675 0.5675 0.5615 0.5615 0.544 0.544 0.4775 0.4775 0.4775 0.4936 0.4936 0.512 0.512 0.522 0.522 0.522 0.5615 0.5615 0.563 0.563 0.612 0.612 0.612 0.5725 0.5725 0.6335 0.6335 0.649 0.649 0.6185 0.6185 0.6185 0.614 0.614 0.61 0.61 0.5641 0.5641 0.5641 0.6005 0.6005 0.58 0.58 0.547 0.547 0.547 0.612 0.612 0.5705 0.5705 0.586 0.586 0.586 0.554 0.554 0.5805 0.5805 0.5891 0.5891 0.5891
0.4715 0.47 0.47 0.47 0.5145 0.5145 0.5515 0.5515 0.5745 0.5745 0.5535 0.5535 0.5535 0.5505 0.5505 0.572 0.572 0.5675 0.5675 0.5675 0.5615 0.5615 0.544 0.544 0.4775 0.4775 0.4775 0.4936 0.4936 0.512 0.512 0.522 0.522 0.522 0.5615 0.5615 0.563 0.563 0.612 0.612 0.612 0.5725 0.5725 0.6335 0.6335 0.649 0.649 0.6185 0.6185 0.6185 0.614 0.614 0.61 0.61 0.5641 0.5641 0.5641 0.6005 0.6005 0.58 0.58 0.547 0.547 0.547 0.612 0.612 0.5705 0.5705 0.586 0.586 0.586 0.554 0.554 0.5805 0.5805 0.5891 0.5891 0.5891
0.523 0.5225 0.5225 0.5225 0.5135 0.5135 0.5835 0.5835 0.5945 0.5945 0.6075 0.6075 0.6075 0.6075 0.6075 0.637 0.637 0.568 0.568 0.568 0.5975 0.5975 0.491 0.491 0.5481 0.5481 0.5481 0.538 0.538 0.5415 0.5415 0.5175 0.5175 0.5175 0.54 0.54 0.5705 0.5705 0.5396 0.5396 0.5396 0.653 0.653 0.6681 0.6681 0.679 0.679 0.6325001 0.6325001 0.6325001 0.5956 0.5956 0.6405 0.6405 0.616 0.616 0.616 0.6015 0.6015 0.589 0.589 0.594 0.594 0.594 0.5875 0.5875 0.576 0.576 0.5675 0.5675 0.5675 0.6385 0.6385 0.6315 0.6315 0.615 0.615 0.615
0.523 0.5225 0.5225 0.5225 0.5135 0.5135 0.5835 0.5835 0.5945 0.5945 0.6075 0.6075 0.6075 0.6075 0.6075 0.637 0.637 0.568 0.568 0.568 0.5975 0.5975 0.491 0.491 0.5481 0.5481 0.5481 0.538 0.538 0.5415 0.5415 0.5175 0.5175 0.5175 0.54 0.54 0.5705 0.5705 0.5396 0.5396 0.5396 0.653 0.653 0.6681 0.6681 0.679 0.679 0.6325001 0.6325001 0.6325001 0.5956 0.5956 0.6405 0.6405 0.616 0.616 0.616 0.6015 0.6015 0.589 0.589 0.594 0.594 0.594 0.5875 0.5875 0.576 0.576 0.5675 0.5675 0.5675 0.6385 0.6385 0.6315 0.6315 0.615 0.615 0.615
0.523 0.5225 0.5225 0.5225 0.5135 0.5135 0.5835 0.5835 0.5945 0.5945 0.6075 0.6075 0.6075 0.6075 0.6075 0.637 0.637 0.568 0.568 0.568 0.5975 0.5975 0.491 0.491 0.5481 0.5481 0.5481 0.538 0.538 0.5415 0.5415 0.5175 0.5175 0.5175 0.54 0.54 0.5705 0.5705 0.5396 0.5396 0.5396 0.653 0.653 0.6681 0.6681 0.679 0.679 0.6325001 0.6325001 0.6325001 0.5956 0.5956 0.6405 0.6405 0.616 0.616 0.616 0.6015 0.6015 0.589 0.589 0.594 0.594 0.594 0.5875 0.5875 0.576 0.576 0.5675 0.5675 0.5675 0.6385 0.6385 0.6315 0.6315 0.615 0.615 0.615
0.559 0.5285 0.5285 0.5285 0.5725 0.5725 0.6426 0.6426 0.6225 0.6225 0.6115 0.6115 0.6115 0.602 0.602 0.6065 0.6065 0.6045 0.6045 0.6045 0.603 0.603 0.592 0.592 0.5715 0.5715 0.5715 0.5535 0.5535 0.564 0.564 0.5165 0.5165 0.5165 0.5085 0.5085 0.5455 0.5455 0.5726 0.5726 0.5726 0.6106 0.6106 0.6465 0.6465 0.6421 0.6421 0.639 0.639 0.639 0.61 0.61 0.625 0.625 0.6465 0.6465 0.6465 0.6695 0.6695 0.5135 0.5135 0.6135 0.6135 0.6135 0.6015 0.6015 0.526 0.526 0.605 0.605 0.605 0.5885 0.5885 0.6155 0.6155 0.6045 0.6045 0.6045
0.559 0.5285 0.5285 0.5285 0.5725 0.5725 0.6426 0.6426 0.6225 0.6225 0.6115 0.6115 0.6115 0.602 0.602 0.6065 0.6065 0.6045 0.6045 0.6045 0.603 0.603 0.592 0.592 0.5715 0.5715 0.5715 0.5535 0.5535 0.564 0.564 0.5165 0.5165 0.5165 0.5085 0.5085 0.5455 0.5455 0.5726 0.5726 0.5726 0.6106 0.6106 0.6465 0.6465 0.6421 0.6421 0.639 0.639 0.639 0.61 0.61 0.625 0.625 0.6465 0.6465 0.6465 0.6695 0.6695 0.5135 0.5135 0.6135 0.6135 0.6135 0.6015 0.6015 0.526 0.526 0.605 0.605 0.605 0.5885 0.5885 0.6155 0.6155 0.6045 0.6045 0.6045
0.5965 0.5675 0.5675 0.5675 0.571 0.571 0.5905 0.5905 0.592 0.592 0.6365 0.6365 0.6365 0.6205 0.6205 0.6165 0.6165 0.624 0.624 0.624 0.6315 0.6315 0.635 0.635 0.5815 0.5815 0.5815 0.628 0.628 0.5265 0.5265 0.5665 0.5665 0.5665 0.558 0.558 0.603 0.603 0.6255 0.6255 0.6255 0.668 0.668 0.7105 0.7105 0.685 0.685 0.6885 0.6885 0.6885 0.66 0.66 0.642 0.642 0.65 0.65 0.65 0.667 0.667 0.6206 0.6206 0.6025 0.6025 0.6025 0.6276 0.6276 0.5576 0.5576 0.5885 0.5885 0.5885 0.58 0.58 0.6205 0.6205 0.6385 0.6385 0.6385
0.5965 0.5675 0.5675 0.5675 0.571 0.571 0.5905 0.5905 0.592 0.592 0.6365 0.6365 0.6365 0.6205 0.6205 0.6165 0.6165 0.624 0.624 0.624 0.6315 0.6315 0.635 0.635 0.5815 0.5815 0.5815 0.628 0.628 0.5265 0.5265 0.5665 0.5665 0.5665 0.558 0.558 0.603 0.603 0.6255 0.6255 0.6255 0.668 0.668 0.7105 0.7105 0.685 0.685 0.6885 0.6885 0.6885 0.66 0.66 0.642 0.642 0.65 0.65 0.65 0.667 0.667 0.6206 0.6206 0.6025 0.6025 0.6025 0.6276 0.6276 0.5576 0.5576 0.5885 0.5885 0.5885 0.58 0.58 0.6205 0.6205 0.6385 0.6385 0.6385
0.6335 0.6255 0.6255 0.6255 0.567 0.567 0.5885 0.5885 0.6059999 0.6059999 0.6235 0.6235 0.6235 0.629 0.629 0.604 0.604 0.5975 0.5975 0.5975 0.6525 0.6525 0.6435 0.6435 0.6339999 0.6339999 0.6339999 0.5835 0.5835 0.605 0.605 0.628 0.628 0.628 0.6065 0.6065 0.5655 0.5655 0.6211 0.6211 0.6211 0.6846 0.6846 0.6575 0.6575 0.707 0.707 0.6686 0.6686 0.6686 0.7085 0.7085 0.6935 0.6935 0.7375 0.7375 0.7375 0.753 0.753 0.6875 0.6875 0.6835 0.6835 0.6835 0.5876 0.5876 0.5835 0.5835 0.582 0.582 0.582 0.6345 0.6345 0.639 0.639 0.6141 0.6141 0.6141
0.6335 0.6255 0.6255 0.6255 0.567 0.567 0.5885 0.5885 0.6059999 0.6059999 0.6235 0.6235 0.6235 0.629 0.629 0.604 0.604 0.5975 0.5975 0.5975 0.6525 0.6525 0.6435 0.6435 0.6339999 0.6339999 0.6339999 0.5835 0.5835 0.605 0.605 0.628 0.628 0.628 0.6065 0.6065 0.5655 0.5655 0.6211 0.6211 0.6211 0.6846 0.6846 0.6575 0.6575 0.707 0.707 0.6686 0.6686 0.6686 0.7085 0.7085 0.6935 0.6935 0.7375 0.7375 0.7375 0.753 0.753 0.6875 0.6875 0.6835 0.6835 0.6835 0.5876 0.5876 0.5835 0.5835 0.582 0.582 0.582 0.6345 0.6345 0.639 0.639 0.6141 0.6141 0.6141
0.6335 0.6255 0.6255 0.6255 0.567 0.567 0.5885 0.5885 0.6059999 0.6059999 0.6235 0.6235 0.6235 0.629 0.629 0.604 0.604 0.5975 0.5975 0.5975 0.6525 0.6525 0.6435 0.6435 0.6339999 0.6339999 0.6339999 0.5835 0.5835 0.605 0.605 0.628 0.628 0.628 0.6065 0.6065 0.5655 0.5655 0.6211 0.6211 0.6211 0.6846 0.6846 0.6575 0.6575 0.707 0.707 0.6686 0.6686 0.6686 0.7085 0.7085 0.6935 0.6935 0.7375 0.7375 0.7375 0.753 0.753 0.6875 0.6875 0.6835 0.6835 0.6835 0.5876 0.5876 0.5835 0.5835 0.582 0.582 0.582 0.6345 0.6345 0.639 0.639 0.6141 0.6141 0.6141
