ndvi/NOAA-282.asc
ncols         252
nrows         154
xllcorner     -18.017974
yllcorner     13.481982
cellsize      0.035948
NODATA_value  -9999
[rows 68 to 101 of 154, columns 0 to 75 of 252]
-1 -1 -1 -1 -1 -1 -1 -1 -1 -1 -1 -1 -1 -1 -1 -1 -1 -1 -1 -1 -1 -1 -1 -1 -1 -1 -1 -1 -1 -1 -1 -1 -1 -1 -1 -1 -1 -1 -1 0.1504 0.1504 0.1504 0.177 0.177 0.2695 0.2695 0.259 0.259 0.259 0.225 0.225 0.279 0.279 0.2565 0.2565 0.2785 0.2785 0.2785 0.315 0.315 0.401 0.401 0.401 0.401 0.401 0.332 0.332 0.2865 0.2865 0.2171 0.2171 0.2171 0.1987 0.1987 0.2127 0.2127
-1 -1 -1 -1 -1 -1 -1 -1 -1 -1 -1 -1 -1 -1 -1 -1 -1 -1 -1 -1 -1 -1 -1 -1 -1 -1 -1 -1 -1 -1 -1 -1 -1 -1 -1 -1 -1 -1 -1 0.1935 0.1935 0.1935 0.285 0.285 0.247 0.247 0.2341 0.2341 0.2341 0.2515 0.2515 0.219 0.219 0.2515 0.2515 0.287 0.287 0.287 0.318 0.318 0.3601 0.3601 0.3601 0.3601 0.3601 0.2892 0.2892 0.2712 0.2712 0.1932 0.1932 0.1932 0.1947 0.1947 0.1847 0.1847
-1 -1 -1 -1 -1 -1 -1 -1 -1 -1 -1 -1 -1 -1 -1 -1 -1 -1 -1 -1 -1 -1 -1 -1 -1 -1 -1 -1 -1 -1 -1 -1 -1 -1 -1 -1 -1 -1 -1 0.1935 0.1935 0.1935 0.285 0.285 0.247 0.247 0.2341 0.2341 0.2341 0.2515 0.2515 0.219 0.219 0.2515 0.2515 0.287 0.287 0.287 0.318 0.318 0.3601 0.3601 0.3601 0.3601 0.3601 0.2892 0.2892 0.2712 0.2712 0.1932 0.1932 0.1932 0.1947 0.1947 0.1847 0.1847
-1 -1 -1 -1 -1 -1 -1 -1 -1 -1 -1 -1 -1 -1 -1 -1 -1 -1 -1 -1 -1 -1 -1 -1 -1 -1 -1 -1 -1 -1 -1 -1 -1 -1 -1 -1 -1 0.0512 0.0512 0.1457 0.1457 0.1457 0.32 0.32 0.2971 0.2971 0.2467 0.2467 0.2467 0.24 0.24 0.273 0.273 0.2235 0.2235 0.2635 0.2635 0.2635 0.2846 0.2846 0.309 0.309 0.309 0.309 0.309 0.2332 0.2332 0.2347 0.2347 0.2182 0.2182 0.2182 0.1997 0.1997 0.2335 0.2335
-1 -1 -1 -1 -1 -1 -1 -1 -1 -1 -1 -1 -1 -1 -1 -1 -1 -1 -1 -1 -1 -1 -1 -1 -1 -1 -1 -1 -1 -1 -1 -1 -1 -1 -1 -1 -1 0.0512 0.0512 0.1457 0.1457 0.1457 0.32 0.32 0.2971 0.2971 0.2467 0.2467 0.2467 0.24 0.24 0.273 0.273 0.2235 0.2235 0.2635 0.2635 0.2635 0.2846 0.2846 0.309 0.309 0.309 0.309 0.309 0.2332 0.2332 0.2347 0.2347 0.2182 0.2182 0.2182 0.1997 0.1997 0.2335 0.2335
-1 -1 -1 -1 -1 -1 -1 -1 -1 -1 -1 -1 -1 -1 -1 -1 -1 -1 -1 -1 -1 -1 -1 -1 -1 -1 -1 -1 -1 -1 -1 -1 -1 -1 -1 -1 -1 0.0512 0.0512 0.1457 0.1457 0.1457 0.32 0.32 0.2971 0.2971 0.2467 0.2467 0.2467 0.24 0.24 0.273 0.273 0.2235 0.2235 0.2635 0.2635 0.2635 0.2846 0.2846 0.309 0.309 0.309 0.309 0.309 0.2332 0.2332 0.2347 0.2347 0.2182 0.2182 0.2182 0.1997 0.1997 0.2335 0.2335
-1 -1 -1 -1 -1 -1 -1 -1 -1 -1 -1 -1 -1 -1 -1 -1 -1 -1 -1 -1 -1 -1 -1 -1 -1 -1 -1 -1 -1 -1 -1 -1 -1 -1 -1 -1 -1 0.0392 0.0392 0.1371 0.1371 0.1371 0.275 0.275 0.302 0.302 0.2315 0.2315 0.2315 0.2285 0.2285 0.2242 0.2242 0.216 0.216 0.2201 0.2201 0.2201 0.248 0.248 0.2362 0.2362 0.2362 0.2362 0.2362 0.2282 0.2282 0.2342 0.2342 0.2022 0.2022 0.2022 0.1956 0.1956 0.2055 0.2055
-1 -1 -1 -1 -1 -1 -1 -1 -1 -1 -1 -1 -1 -1 -1 -1 -1 -1 -1 -1 -1 -1 -1 -1 -1 -1 -1 -1 -1 -1 -1 -1 -1 -1 -1 -1 -1 0.0392 0.0392 0.1371 0.1371 0.1371 0.275 0.275 0.302 0.302 0.2315 0.2315 0.2315 0.2285 0.2285 0.2242 0.2242 0.216 0.216 0.2201 0.2201 0.2201 0.248 0.248 0.2362 0.2362 0.2362 0.2362 0.2362 0.2282 0.2282 0.2342 0.2342 0.2022 0.2022 0.2022 0.1956 0.1956 0.2055 0.2055
-1 -1 -1 -1 -1 -1 -1 -1 -1 -1 -1 -1 -1 -1 -1 -1 -1 -1 -1 -1 -1 -1 -1 -1 -1 -1 -1 -1 -1 -1 -1 -1 -1 -1 -1 -1 -1 0.0057 0.0057 0.1194 0.1194 0.1194 0.2365 0.2365 0.2367 0.2367 0.2122 0.2122 0.2122 0.1997 0.1997 0.2196 0.2196 0.2165 0.2165 0.2355 0.2355 0.2355 0.212 0.212 0.2046 0.2046 0.2046 0.2046 0.2046 0.207 0.207 0.219 0.219 0.21 0.21 0.21 0.207 0.207 0.2181 0.2181
-1 -1 -1 -1 -1 -1 -1 -1 -1 -1 -1 -1 -1 -1 -1 -1 -1 -1 -1 -1 -1 -1 -1 -1 -1 -1 -1 -1 -1 -1 -1 -1 -1 -1 -1 -1 -1 0.0057 0.0057 0.1194 0.1194 0.1194 0.2365 0.2365 0.2367 0.2367 0.2122 0.2122 0.2122 0.1997 0.1997 0.2196 0.2196 0.2165 0.2165 0.2355 0.2355 0.2355 0.212 0.212 0.2046 0.2046 0.2046 0.2046 0.2046 0.207 0.207 0.219 0.219 0.21 0.21 0.21 0.207 0.207 0.2181 0.2181
-1 -1 -1 -1 -1 -1 -1 -1 -1 -1 -1 -1 -1 -1 -1 -1 -1 -1 -1 -1 -1 -1 -1 -1 -1 -1 -1 -1 -1 -1 -1 -1 -1 -1 -1 -1 -1 0.0992 0.0992 0.105 0.105 0.105 0.1395 0.1395 0.208 0.208 0.2172 0.2172 0.2172 0.2172 0.2172 0.199 0.199 0.232 0.232 0.214 0.214 0.214 0.231 0.231 0.24 0.24 0.24 0.24 0.24 0.206 0.206 0.216 0.216 0.2085 0.2085 0.2085 0.208 0.208 0.2171 0.2171
-1 -1 -1 -1 -1 -1 -1 -1 -1 -1 -1 -1 -1 -1 -1 -1 -1 -1 -1 -1 -1 -1 -1 -1 -1 -1 -1 -1 -1 -1 -1 -1 -1 -1 -1 -1 -1 0.0992 0.0992 0.105 0.105 0.105 0.1395 0.1395 0.208 0.208 0.2172 0.2172 0.2172 0.2172 0.2172 0.199 0.199 0.232 0.232 0.214 0.214 0.214 0.231 0.231 0.24 0.24 0.24 0.24 0.24 0.206 0.206 0.216 0.216 0.2085 0.2085 0.2085 0.208 0.208 0.2171 0.2171
-1 -1 -1 -1 -1 -1 -1 -1 -1 -1 -1 -1 -1 -1 -1 -1 -1 -1 -1 -1 -1 -1 -1 -1 -1 -1 -1 -1 -1 -1 -1 -1 -1 -1 -1 -1 -1 0.0137 0.0137 0.1621 0.1621 0.1621 0.178 0.178 0.1987 0.1987 0.2102 0.2102 0.2102 0.2045 0.2045 0.221 0.221 0.266 0.266 0.2295 0.2295 0.2295 0.2016 0.2016 0.2015 0.2015 0.2015 0.2015 0.2015 0.2025 0.2025 0.2095 0.2095 0.2125 0.2125 0.2125 0.2105 0.2105 0.2095 0.2095
-1 -1 -1 -1 -1 -1 -1 -1 -1 -1 -1 -1 -1 -1 -1 -1 -1 -1 -1 -1 -1 -1 -1 -1 -1 -1 -1 -1 -1 -1 -1 -1 -1 -1 -1 -1 -1 0.0137 0.0137 0.1621 0.1621 0.1621 0.178 0.178 0.1987 0.1987 0.2102 0.2102 0.2102 0.2045 0.2045 0.221 0.221 0.266 0.266 0.2295 0.2295 0.2295 0.2016 0.2016 0.2015 0.2015 0.2015 0.2015 0.2015 0.2025 0.2025 0.2095 0.2095 0.2125 0.2125 0.2125 0.2105 0.2105 0.2095 0.2095
-1 -1 -1 -1 -1 -1 -1 -1 -1 -1 -1 -1 -1 -1 -1 -1 -1 -1 -1 -1 -1 -1 -1 -1 -1 -1 -1 -1 -1 -1 -1 -1 -1 -1 -1 -1 -1 0.0137 0.0137 0.1621 0.1621 0.1621 0.178 0.178 0.1987 0.1987 0.2102 0.2102 0.2102 0.2045 0.2045 0.221 0.221 0.266 0.266 0.2295 0.2295 0.2295 0.2016 0.2016 0.2015 0.2015 0.2015 0.2015 0.2015 0.2025 0.2025 0.2095 0.2095 0.2125 0.2125 0.2125 0.2105 0.2105 0.2095 0.2095
-1 -1 -1 -1 -1 -1 -1 -1 -1 -1 -1 -1 -1 -1 -1 -1 -1 -1 -1 -1 -1 -1 -1 -1 -1 -1 -1 -1 -1 -1 -1 -1 -1 -1 -1 -1 -1 0.0272 0.0272 0.1902 0.1902 0.1902 0.189 0.189 0.1846 0.1846 0.2257 0.2257 0.2257 0.238 0.238 0.2095 0.2095 0.207 0.207 0.2185 0.2185 0.2185 0.199 0.199 0.1995 0.1995 0.1995 0.1995 0.1995 0.1935 0.1935 0.206 0.206 0.2145 0.2145 0.2145 0.2185 0.2185 0.1961 0.1961
-1 -1 -1 -1 -1 -1 -1 -1 -1 -1 -1 -1 -1 -1 -1 -1 -1 -1 -1 -1 -1 -1 -1 -1 -1 -1 -1 -1 -1 -1 -1 -1 -1 -1 -1 -1 -1 0.0272 0.0272 0.1902 0.1902 0.1902 0.189 0.189 0.1846 0.1846 0.2257 0.2257 0.2257 0.238 0.238 0.2095 0.2095 0.207 0.207 0.2185 0.2185 0.2185 0.199 0.199 0.1995 0.1995 0.1995 0.1995 0.1995 0.1935 0.1935 0.206 0.206 0.2145 0.2145 0.2145 0.2185 0.2185 0.1961 0.1961
-1 -1 -1 -1 -1 -1 -1 -1 -1 -1 -1 -1 -1 -1 -1 -1 -1 -1 -1 -1 -1 -1 -1 -1 -1 -1 -1 -1 -1 -1 -1 -1 -1 -1 -1 -1 -1 0.1007 0.1007 0.2421 0.2421 0.2421 0.2107 0.2107 0.2107 0.2107 0.2155 0.2155 0.2155 0.2205 0.2205 0.2055 0.2055 0.2125 0.2125 0.2125 0.2125 0.2125 0.1905 0.1905 0.223 0.223 0.223 0.223 0.223 0.209 0.209 0.222 0.222 0.211 0.211 0.211 0.225 0.225 0.2205 0.2205
-1 -1 -1 -1 -1 -1 -1 -1 -1 -1 -1 -1 -1 -1 -1 -1 -1 -1 -1 -1 -1 -1 -1 -1 -1 -1 -1 -1 -1 -1 -1 -1 -1 -1 -1 -1 -1 0.1007 0.1007 0.2421 0.2421 0.2421 0.2107 0.2107 0.2107 0.2107 0.2155 0.2155 0.2155 0.2205 0.2205 0.2055 0.2055 0.2125 0.2125 0.2125 0.2125 0.2125 0.1905 0.1905 0.223 0.223 0.223 0.223 0.223 0.209 0.209 0.222 0.222 0.211 0.211 0.211 0.225 0.225 0.2205 0.2205
-1 -1 -1 -1 -1 -1 -1 -1 -1 -1 -1 -1 -1 -1 -1 -1 -1 -1 -1 -1 -1 -1 -1 -1 -1 -1 -1 -1 -1 -1 -1 -1 -1 -1 -1 0.0377 0.0377 0.1642 0.1642 0.2117 0.2117 0.2117 0.2037 0.2037 0.2122 0.2122 0.1925 0.1925 0.1925 0.227 0.227 0.207 0.207 0.2145 0.2145 0.2215 0.2215 0.2215 0.2285 0.2285 0.217 0.217 0.217 0.217 0.217 0.1995 0.1995 0.203 0.203 0.1865 0.1865 0.1865 0.196 0.196 0.223 0.223
-1 -1 -1 -1 -1 -1 -1 -1 -1 -1 -1 -1 -1 -1 -1 -1 -1 -1 -1 -1 -1 -1 -1 -1 -1 -1 -1 -1 -1 -1 -1 -1 -1 -1 -1 0.0377 0.0377 0.1642 0.1642 0.2117 0.2117 0.2117 0.2037 0.2037 0.2122 0.2122 0.1925 0.1925 0.1925 0.227 0.227 0.207 0.207 0.2145 0.2145 0.2215 0.2215 0.2215 0.2285 0.2285 0.217 0.217 0.217 0.217 0.217 0.1995 0.1995 0.203 0.203 0.1865 0.1865 0.1865 0.196 0.196 0.223 0.223
-1 -1 -1 -1 -1 -1 -1 -1 -1 -1 -1 -1 -1 -1 -1 -1 -1 -1 -1 -1 -1 -1 -1 -1 -1 -1 -1 -1 -1 -1 -1 -1 -1 -1 -1 0.0377 0.0377 0.1642 0.1642 0.2117 0.2117 0.2117 0.2037 0.2037 0.2122 0.2122 0.1925 0.1925 0.1925 0.227 0.227 0.207 0.207 0.2145 0.2145 0.2215 0.2215 0.2215 0.2285 0.2285 0.217 0.217 0.217 0.217 0.217 0.1995 0.1995 0.203 0.203 0.1865 0.1865 0.1865 0.196 0.196 0.223 0.223
-1 -1 -1 -1 -1 -1 -1 -1 -1 -1 -1 -1 -1 -1 -1 -1 -1 -1 -1 -1 -1 -1 -1 -1 -1 -1 -1 -1 -1 -1 -1 -1 -1 -1 -1 0.0425 0.0425 0.2372 0.2372 0.2187 0.2187 0.2187 0.2032 0.2032 0.2032 0.2032 0.199 0.199 0.199 0.2175 0.2175 0.2005 0.2005 0.215 0.215 0.24 0.24 0.24 0.2235 0.2235 0.226 0.226 0.226 0.226 0.226 0.215 0.215 0.2215 0.2215 0.2085 0.2085 0.2085 0.2135 0.2135 0.217 0.217
-1 -1 -1 -1 -1 -1 -1 -1 -1 -1 -1 -1 -1 -1 -1 -1 -1 -1 -1 -1 -1 -1 -1 -1 -1 -1 -1 -1 -1 -1 -1 -1 -1 -1 -1 0.0425 0.0425 0.2372 0.2372 0.2187 0.2187 0.2187 0.2032 0.2032 0.2032 0.2032 0.199 0.199 0.199 0.2175 0.2175 0.2005 0.2005 0.215 0.215 0.24 0.24 0.24 0.2235 0.2235 0.226 0.226 0.226 0.226 0.226 0.215 0.215 0.2215 0.2215 0.2085 0.2085 0.2085 0.2135 0.2135 0.217 0.217
-1 -1 -1 -1 -1 -1 -1 -1 -1 -1 -1 -1 -1 -1 -1 -1 -1 -1 -1 -1 -1 -1 -1 -1 -1 -1 -1 -1 -1 -1 -1 -1 0.0317 0.0317 0.0317 0.1915 0.1915 0.1945 0.1945 0.1852 0.1852 0.1852 0.2002 0.2002 0.2015 0.2015 0.2355 0.2355 0.2355 0.206 0.206 0.1945 0.1945 0.2295 0.2295 0.2255 0.2255 0.2255 0.232 0.232 0.245 0.245 0.245 0.245 0.245 0.2435 0.2435 0.238 0.238 0.2475 0.2475 0.2475 0.2255 0.2255 0.229 0.229
-1 -1 -1 -1 -1 -1 -1 -1 -1 -1 -1 -1 -1 -1 -1 -1 -1 -1 -1 -1 -1 -1 -1 -1 -1 -1 -1 -1 -1 -1 -1 -1 0.0317 0.0317 0.0317 0.1915 0.1915 0.1945 0.1945 0.1852 0.1852 0.1852 0.2002 0.2002 0.2015 0.2015 0.2355 0.2355 0.2355 0.206 0.206 0.1945 0.1945 0.2295 0.2295 0.2255 0.2255 0.2255 0.232 0.232 0.245 0.245 0.245 0.245 0.245 0.2435 0.2435 0.238 0.238 0.2475 0.2475 0.2475 0.2255 0.2255 0.229 0.229
-1 -1 -1 -1 -1 -1 -1 -1 -1 -1 -1 -1 -1 -1 -1 -1 -1 -1 -1 -1 -1 -1 -1 -1 -1 -1 -1 -1 -1 -1 0.0012 0.0012 0.251 0.251 0.251 0.1815 0.1815 0.165 0.165 0.1697 0.1697 0.1697 0.1767 0.1767 0.1917 0.1917 0.2055 0.2055 0.2055 0.198 0.198 0.216 0.216 0.223 0.223 0.2245 0.2245 0.2245 0.2265 0.2265 0.2305 0.2305 0.2305 0.2305 0.2305 0.2385 0.2385 0.241 0.241 0.25 0.25 0.25 0.246 0.246 0.216 0.216
-1 -1 -1 -1 -1 -1 -1 -1 -1 -1 -1 -1 -1 -1 -1 -1 -1 -1 -1 -1 -1 -1 -1 -1 -1 -1 -1 -1 -1 -1 0.0012 0.0012 0.251 0.251 0.251 0.1815 0.1815 0.165 0.165 0.1697 0.1697 0.1697 0.1767 0.1767 0.1917 0.1917 0.2055 0.2055 0.2055 0.198 0.198 0.216 0.216 0.223 0.223 0.2245 0.2245 0.2245 0.2265 0.2265 0.2305 0.2305 0.2305 0.2305 0.2305 0.2385 0.2385 0.241 0.241 0.25 0.25 0.25 0.246 0.246 0.216 0.216
-1 -1 -1 -1 -1 -1 -1 -1 -1 -1 -1 -1 -1 -1 -1 -1 -1 -1 -1 -1 -1 -1 -1 -1 -1 -1 -1 -1 -1 -1 0.0012 0.0012 0.251 0.251 0.251 0.1815 0.1815 0.165 0.165 0.1697 0.1697 0.1697 0.1767 0.1767 0.1917 0.1917 0.2055 0.2055 0.2055 0.198 0.198 0.216 0.216 0.223 0.223 0.2245 0.2245 0.2245 0.2265 0.2265 0.2305 0.2305 0.2305 0.2305 0.2305 0.2385 0.2385 0.241 0.241 0.25 0.25 0.25 0.246 0.246 0.216 0.216
-1 -1 -1 -1 -1 -1 -1 -1 -1 -1 -1 -1 -1 -1 -1 -1 -1 -1 -1 -1 -1 -1 -1 -1 -1 -1 -1 -1 -1 -1 0.0486 0.0486 0.184 0.184 0.184 0.192 0.192 0.1822 0.1822 0.1772 0.1772 0.1772 0.194 0.194 0.197 0.197 0.21 0.21 0.21 0.225 0.225 0.2265 0.2265 0.2305 0.2305 0.2275 0.2275 0.2275 0.2445 0.2445 0.256 0.256 0.256 0.256 0.256 0.2475 0.2475 0.2315 0.2315 0.2485 0.2485 0.2485 0.248 0.248 0.239 0.239
-1 -1 -1 -1 -1 -1 -1 -1 -1 -1 -1 -1 -1 -1 -1 -1 -1 -1 -1 -1 -1 -1 -1 -1 -1 -1 -1 -1 -1 -1 0.0486 0.0486 0.184 0.184 0.184 0.192 0.192 0.1822 0.1822 0.1772 0.1772 0.1772 0.194 0.194 0.197 0.197 0.21 0.21 0.21 0.225 0.225 0.2265 0.2265 0.2305 0.2305 0.2275 0.2275 0.2275 0.2445 0.2445 0.256 0.256 0.256 0.256 0.256 0.2475 0.2475 0.2315 0.2315 0.2485 0.2485 0.2485 0.248 0.248 0.239 0.239
-1 -1 -1 -1 -1 -1 -1 -1 -1 -1 -1 -1 -1 -1 -1 -1 -1 -1 -1 -1 -1 -1 -1 -1 -1 -1 -1 -1 0.0017 0.0017 0.1555 0.1555 0.18 0.18 0.18 0.1805 0.1805 0.217 0.217 0.1907 0.1907 0.1907 0.2072 0.2072 0.227 0.227 0.244 0.244 0.244 0.232 0.232 0.2315 0.2315 0.2485 0.2485 0.2565 0.2565 0.2565 0.243 0.243 0.24 0.24 0.24 0.24 0.24 0.2535 0.2535 0.263 0.263 0.2565 0.2565 0.2565 0.262 0.262 0.226 0.226
-1 -1 -1 -1 -1 -1 -1 -1 -1 -1 -1 -1 -1 -1 -1 -1 -1 -1 -1 -1 -1 -1 -1 -1 -1 -1 -1 -1 0.0017 0.0017 0.1555 0.1555 0.18 0.18 0.18 0.1805 0.1805 0.217 0.217 0.1907 0.1907 0.1907 0.2072 0.2072 0.227 0.227 0.244 0.244 0.244 0.232 0.232 0.2315 0.2315 0.2485 0.2485 0.2565 0.2565 0.2565 0.243 0.243 0.24 0.24 0.24 0.24 0.24 0.2535 0.2535 0.263 0.263 0.2565 0.2565 0.2565 0.262 0.262 0.226 0.226
-1 -1 -1 -1 -1 -1 -1 -1 -1 -1 -1 -1 -1 -1 -1 -1 -1 -1 -1 -1 -1 -1 -1 -1 -1 0.0597 0.0597 0.0597 0.0627 0.0627 0.208 0.208 0.2005 0.2005 0.2005 0.1935 0.1935 0.2047 0.2047 0.2122 0.2122 0.2122 0.2212 0.2212 0.2466 0.2466 0.2275 0.2275 0.2275 0.231 0.231 0.2415 0.2415 0.2635 0.2635 0.266 0.266 0.266 0.252 0.252 0.255 0.255 0.255 0.255 0.255 0.2475 0.2475 0.2405 0.2405 0.244 0.244 0.244 0.2395 0.2395 0.2325 0.2325
