ndvi/NOAA-189.asc
ncols         252
nrows         154
xllcorner     -18.017974
yllcorner     13.481982
cellsize      0.035948
NODATA_value  -9999
[rows 102 to 135 of 154, columns 156 to 233 of 252]
0.4205 0.4046 0.4046 0.4046 0.3215 0.3215 0.3855 0.3855 0.4295 0.4295 0.485 0.485 0.485 0.4735 0.4735 0.464 0.464 0.464 0.464 0.464 0.417 0.417 0.3935 0.3935 0.4365 0.4365 0.4365 0.4515 0.4515 0.414 0.414 0.4125 0.4125 0.4125 0.3815 0.3815 0.4045 0.4045 0.42 0.42 0.42 0.4155 0.4155 0.3725 0.3725 0.357 0.357 0.3265 0.3265 0.3265 0.3375 0.3375 0.385 0.385 0.412 0.412 0.412 0.377 0.377 0.3655 0.3655 0.4115 0.4115 0.4115 0.3735 0.3735 0.3675 0.3675 0.383 0.383 0.383 0.4375 0.4375 0.4395 0.4395 0.402 0.402 0.402
0.4765 0.3895 0.3895 0.3895 0.3805 0.3805 0.453 0.453 0.478 0.478 0.467 0.467 0.467 0.4625 0.4625 0.4315 0.4315 0.441 0.441 0.441 0.4375 0.4375 0.425 0.425 0.4515 0.4515 0.4515 0.464 0.464 0.526 0.526 0.4845 0.4845 0.4845 0.4485 0.4485 0.4145 0.4145 0.4145 0.4145 0.4145 0.3755 0.3755 0.376 0.376 0.377 0.377 0.3885 0.3885 0.3885 0.4105 0.4105 0.475 0.475 0.469 0.469 0.469 0.332 0.332 0.4125 0.4125 0.4255 0.4255 0.4255 0.412 0.412 0.393 0.393 0.403 0.403 0.403 0.433 0.433 0.4721 0.4721 0.384 0.384 0.384
0.4765 0.3895 0.3895 0.3895 0.3805 0.3805 0.453 0.453 0.478 0.478 0.467 0.467 0.467 0.4625 0.4625 0.4315 0.4315 0.441 0.441 0.441 0.4375 0.4375 0.425 0.425 0.4515 0.4515 0.4515 0.464 0.464 0.526 0.526 0.4845 0.4845 0.4845 0.4485 0.4485 0.4145 0.4145 0.4145 0.4145 0.4145 0.3755 0.3755 0.376 0.376 0.377 0.377 0.3885 0.3885 0.3885 0.4105 0.4105 0.475 0.475 0.469 0.469 0.469 0.332 0.332 0.4125 0.4125 0.4255 0.4255 0.4255 0.412 0.412 0.393 0.393 0.403 0.403 0.403 0.433 0.433 0.4721 0.4721 0.384 0.384 0.384
0.4765 0.3895 0.3895 0.3895 0.3805 0.3805 0.453 0.453 0.478 0.478 0.467 0.467 0.467 0.4625 0.4625 0.4315 0.4315 0.441 0.441 0.441 0.4375 0.4375 0.425 0.425 0.4515 0.4515 0.4515 0.464 0.464 0.526 0.526 0.4845 0.4845 0.4845 0.4485 0.4485 0.4145 0.4145 0.4145 0.4145 0.4145 0.3755 0.3755 0.376 0.376 0.377 0.377 0.3885 0.3885 0.3885 0.4105 0.4105 0.475 0.475 0.469 0.469 0.469 0.332 0.332 0.4125 0.4125 0.4255 0.4255 0.4255 0.412 0.412 0.393 0.393 0.403 0.403 0.403 0.433 0.433 0.4721 0.4721 0.384 0.384 0.384
0.454 0.491 0.491 0.491 0.419 0.419 0.525 0.525 0.5345 0.5345 0.4775 0.4775 0.4775 0.4405 0.4405 0.391 0.391 0.406 0.406 0.406 0.413 0.413 0.4065 0.4065 0.4335 0.4335 0.4335 0.433 0.433 0.46 0.46 0.4515 0.4515 0.4515 0.444 0.444 0.428 0.428 0.4 0.4 0.4 0.3945 0.3945 0.3885 0.3885 0.3485 0.3485 0.415 0.415 0.415 0.4745 0.4745 0.5515 0.5515 0.5215 0.5215 0.5215 0.479 0.479 0.4375 0.4375 0.451 0.451 0.451 0.4685 0.4685 0.436 0.436 0.475 0.475 0.475 0.4775 0.4775 0.4825 0.4825 0.4565 0.4565 0.4565
0.454 0.491 0.491 0.491 0.419 0.419 0.525 0.525 0.5345 0.5345 0.4775 0.4775 0.4775 0.4405 0.4405 0.391 0.391 0.406 0.406 0.406 0.413 0.413 0.4065 0.4065 0.4335 0.4335 0.4335 0.433 0.433 0.46 0.46 0.4515 0.4515 0.4515 0.444 0.444 0.428 0.428 0.4 0.4 0.4 0.3945 0.3945 0.3885 0.3885 0.3485 0.3485 0.415 0.415 0.415 0.4745 0.4745 0.5515 0.5515 0.5215 0.5215 0.5215 0.479 0.479 0.4375 0.4375 0.451 0.451 0.451 0.4685 0.4685 0.436 0.436 0.475 0.475 0.475 0.4775 0.4775 0.4825 0.4825 0.4565 0.4565 0.4565
0.4815 0.5025 0.5025 0.5025 0.5135 0.5135 0.4775 0.4775 0.5095 0.5095 0.4585 0.4585 0.4585 0.418 0.418 0.3805 0.3805 0.3855 0.3855 0.3855 0.431 0.431 0.506 0.506 0.48 0.48 0.48 0.519 0.519 0.529 0.529 0.5055 0.5055 0.5055 0.492 0.492 0.444 0.444 0.4105 0.4105 0.4105 0.4405 0.4405 0.4035 0.4035 0.392 0.392 0.5495 0.5495 0.5495 0.513 0.513 0.61 0.61 0.5465 0.5465 0.5465 0.514 0.514 0.496 0.496 0.4715 0.4715 0.4715 0.461 0.461 0.441 0.441 0.4625 0.4625 0.4625 0.499 0.499 0.5015 0.5015 0.5545 0.5545 0.5545
0.4815 0.5025 0.5025 0.5025 0.5135 0.5135 0.4775 0.4775 0.5095 0.5095 0.4585 0.4585 0.4585 0.418 0.418 0.3805 0.3805 0.3855 0.3855 0.3855 0.431 0.431 0.506 0.506 0.48 0.48 0.48 0.519 0.519 0.529 0.529 0.5055 0.5055 0.5055 0.492 0.492 0.444 0.444 0.4105 0.4105 0.4105 0.4405 0.4405 0.4035 0.4035 0.392 0.392 0.5495 0.5495 0.5495 0.513 0.513 0.61 0.61 0.5465 0.5465 0.5465 0.514 0.514 0.496 0.496 0.4715 0.4715 0.4715 0.461 0.461 0.441 0.441 0.4625 0.4625 0.4625 0.499 0.499 0.5015 0.5015 0.5545 0.5545 0.5545
0.472 0.525 0.525 0.525 0.525 0.525 0.4985 0.4985 0.445 0.445 0.456 0.456 0.456 0.4455 0.4455 0.4335 0.4335 0.477 0.477 0.477 0.501 0.501 0.528 0.528 0.563 0.563 0.563 0.5585 0.5585 0.557 0.557 0.523 0.523 0.523 0.4875 0.4875 0.4705 0.4705 0.461 0.461 0.461 0.488 0.488 0.4825 0.4825 0.4815 0.4815 0.5275 0.5275 0.5275 0.555 0.555 0.563 0.563 0.569 0.569 0.569 0.5375 0.5375 0.5035 0.5035 0.476 0.476 0.476 0.4775 0.4775 0.486 0.486 0.499 0.499 0.499 0.5015 0.5015 0.53 0.53 0.6075 0.6075 0.6075
0.472 0.525 0.525 0.525 0.525 0.525 0.4985 0.4985 0.445 0.445 0.456 0.456 0.456 0.4455 0.4455 0.4335 0.4335 0.477 0.477 0.477 0.501 0.501 0.528 0.528 0.563 0.563 0.563 0.5585 0.5585 0.557 0.557 0.523 0.523 0.523 0.4875 0.4875 0.4705 0.4705 0.461 0.461 0.461 0.488 0.488 0.4825 0.4825 0.4815 0.4815 0.5275 0.5275 0.5275 0.555 0.555 0.563 0.563 0.569 0.569 0.569 0.5375 0.5375 0.5035 0.5035 0.476 0.476 0.476 0.4775 0.4775 0.486 0.486 0.499 0.499 0.499 0.5015 0.5015 0.53 0.53 0.6075 0.6075 0.6075
0.472 0.525 0.525 0.525 0.525 0.525 0.4985 0.4985 0.445 0.445 0.456 0.456 0.456 0.4455 0.4455 0.4335 0.4335 0.477 0.477 0.477 0.501 0.501 0.528 0.528 0.563 0.563 0.563 0.5585 0.5585 0.557 0.557 0.523 0.523 0.523 0.4875 0.4875 0.4705 0.4705 0.461 0.461 0.461 0.488 0.488 0.4825 0.4825 0.4815 0.4815 0.5275 0.5275 0.5275 0.555 0.555 0.563 0.563 0.569 0.569 0.569 0.5375 0.5375 0.5035 0.5035 0.476 0.476 0.476 0.4775 0.4775 0.486 0.486 0.499 0.499 0.499 0.5015 0.5015 0.53 0.53 0.6075 0.6075 0.6075
0.459 0.4935 0.4935 0.4935 0.515 0.515 0.4525 0.4525 0.477 0.477 0.4475 0.4475 0.4475 0.501 0.501 0.4925 0.4925 0.5305 0.5305 0.5305 0.535 0.535 0.553 0.553 0.5475 0.5475 0.5475 0.566 0.566 0.5655 0.5655 0.5305 0.5305 0.5305 0.557 0.557 0.4775 0.4775 0.465 0.465 0.465 0.4965 0.4965 0.5195 0.5195 0.4925 0.4925 0.5755 0.5755 0.5755 0.558 0.558 0.582 0.582 0.5415 0.5415 0.5415 0.5295 0.5295 0.5085 0.5085 0.498 0.498 0.498 0.5035 0.5035 0.508 0.508 0.5255 0.5255 0.5255 0.5255 0.5255 0.5505 0.5505 0.538 0.538 0.538
0.459 0.4935 0.4935 0.4935 0.515 0.515 0.4525 0.4525 0.477 0.477 0.4475 0.4475 0.4475 0.501 0.501 0.4925 0.4925 0.5305 0.5305 0.5305 0.535 0.535 0.553 0.553 0.5475 0.5475 0.5475 0.566 0.566 0.5655 0.5655 0.5305 0.5305 0.5305 0.557 0.557 0.4775 0.4775 0.465 0.465 0.465 0.4965 0.4965 0.5195 0.5195 0.4925 0.4925 0.5755 0.5755 0.5755 0.558 0.558 0.582 0.582 0.5415 0.5415 0.5415 0.5295 0.5295 0.5085 0.5085 0.498 0.498 0.498 0.5035 0.5035 0.508 0.508 0.5255 0.5255 0.5255 0.5255 0.5255 0.5505 0.5505 0.538 0.538 0.538
0.567 0.5155 0.5155 0.5155 0.514 0.514 0.4805 0.4805 0.4815 0.4815 0.509 0.509 0.509 0.5805 0.5805 0.5455 0.5455 0.53 0.53 0.53 0.536 0.536 0.537 0.537 0.561 0.561 0.561 0.5555 0.5555 0.5755 0.5755 0.5635 0.5635 0.5635 0.586 0.586 0.472 0.472 0.4785 0.4785 0.4785 0.5465 0.5465 0.581 0.581 0.6 0.6 0.632 0.632 0.632 0.6265 0.6265 0.6115 0.6115 0.5965 0.5965 0.5965 0.5795 0.5795 0.524 0.524 0.4845 0.4845 0.4845 0.5055 0.5055 0.5105 0.5105 0.5295 0.5295 0.5295 0.5505 0.5505 0.5465 0.5465 0.5395 0.5395 0.5395
0.567 0.5155 0.5155 0.5155 0.514 0.514 0.4805 0.4805 0.4815 0.4815 0.509 0.509 0.509 0.5805 0.5805 0.5455 0.5455 0.53 0.53 0.53 0.536 0.536 0.537 0.537 0.561 0.561 0.561 0.5555 0.5555 0.5755 0.5755 0.5635 0.5635 0.5635 0.586 0.586 0.472 0.472 0.4785 0.4785 0.4785 0.5465 0.5465 0.581 0.581 0.6 0.6 0.632 0.632 0.632 0.6265 0.6265 0.6115 0.6115 0.5965 0.5965 0.5965 0.5795 0.5795 0.524 0.524 0.4845 0.4845 0.4845 0.5055 0.5055 0.5105 0.5105 0.5295 0.5295 0.5295 0.5505 0.5505 0.5465 0.5465 0.5395 0.5395 0.5395
0.567 0.6375 0.6375 0.6375 0.5245 0.5245 0.5355 0.5355 0.522 0.522 0.5235 0.5235 0.5235 0.5505 0.5505 0.5265 0.5265 0.519 0.519 0.519 0.521 0.521 0.494 0.494 0.54 0.54 0.54 0.5285 0.5285 0.549 0.549 0.5135 0.5135 0.5135 0.5555 0.5555 0.511 0.511 0.566 0.566 0.566 0.574 0.574 0.6095 0.6095 0.6235 0.6235 0.633 0.633 0.633 0.635 0.635 0.6165 0.6165 0.602 0.602 0.602 0.5875 0.5875 0.576 0.576 0.5655 0.5655 0.5655 0.5945 0.5945 0.578 0.578 0.582 0.582 0.582 0.561 0.561 0.5445 0.5445 0.5405 0.5405 0.5405
0.567 0.6375 0.6375 0.6375 0.5245 0.5245 0.5355 0.5355 0.522 0.522 0.5235 0.5235 0.5235 0.5505 0.5505 0.5265 0.5265 0.519 0.519 0.519 0.521 0.521 0.494 0.494 0.54 0.54 0.54 0.5285 0.5285 0.549 0.549 0.5135 0.5135 0.5135 0.5555 0.5555 0.511 0.511 0.566 0.566 0.566 0.574 0.574 0.6095 0.6095 0.6235 0.6235 0.633 0.633 0.633 0.635 0.635 0.6165 0.6165 0.602 0.602 0.602 0.5875 0.5875 0.576 0.576 0.5655 0.5655 0.5655 0.5945 0.5945 0.578 0.578 0.582 0.582 0.582 0.561 0.561 0.5445 0.5445 0.5405 0.5405 0.5405
0.567 0.6375 0.6375 0.6375 0.5245 0.5245 0.5355 0.5355 0.522 0.522 0.5235 0.5235 0.5235 0.5505 0.5505 0.5265 0.5265 0.519 0.519 0.519 0.521 0.521 0.494 0.494 0.54 0.54 0.54 0.5285 0.5285 0.549 0.549 0.5135 0.5135 0.5135 0.5555 0.5555 0.511 0.511 0.566 0.566 0.566 0.574 0.574 0.6095 0.6095 0.6235 0.6235 0.633 0.633 0.633 0.635 0.635 0.6165 0.6165 0.602 0.602 0.602 0.5875 0.5875 0.576 0.576 0.5655 0.5655 0.5655 0.5945 0.5945 0.578 0.578 0.582 0.582 0.582 0.561 0.561 0.5445 0.5445 0.5405 0.5405 0.5405
0.526 0.5555 0.5555 0.5555 0.6075 0.6075 0.633 0.633 0.6335 0.6335 0.5935 0.5935 0.5935 0.6375 0.6375 0.6005 0.6005 0.571 0.571 0.571 0.5615 0.5615 0.491 0.491 0.5225 0.5225 0.5225 0.5295 0.5295 0.535 0.535 0.519 0.519 0.519 0.564 0.564 0.6095 0.6095 0.5835 0.5835 0.5835 0.584 0.584 0.61 0.61 0.626 0.626 0.625 0.625 0.625 0.642 0.642 0.6375 0.6375 0.6115 0.6115 0.6115 0.5545 0.5545 0.5795 0.5795 0.605 0.605 0.605 0.609 0.609 0.5745 0.5745 0.564 0.564 0.564 0.5605 0.5605 0.55 0.55 0.5485 0.5485 0.5485
0.526 0.5555 0.5555 0.5555 0.6075 0.6075 0.633 0.633 0.6335 0.6335 0.5935 0.5935 0.5935 0.6375 0.6375 0.6005 0.6005 0.571 0.571 0.571 0.5615 0.5615 0.491 0.491 0.5225 0.5225 0.5225 0.5295 0.5295 0.535 0.535 0.519 0.519 0.519 0.564 0.564 0.6095 0.6095 0.5835 0.5835 0.5835 0.584 0.584 0.61 0.61 0.626 0.626 0.625 0.625 0.625 0.642 0.642 0.6375 0.6375 0.6115 0.6115 0.6115 0.5545 0.5545 0.5795 0.5795 0.605 0.605 0.605 0.609 0.609 0.5745 0.5745 0.564 0.564 0.564 0.5605 0.5605 0.55 0.55 0.5485 0.5485 0.5485
0.526 0.523 0.523 0.523 0.563 0.563 0.616 0.616 0.637 0.637 0.6115 0.6115 0.6115 0.597 0.597 0.5845 0.5845 0.585 0.585 0.585 0.5695 0.5695 0.5305 0.5305 0.524 0.524 0.524 0.5105 0.5105 0.4865 0.4865 0.62 0.62 0.62 0.5445 0.5445 0.5715 0.5715 0.5765 0.5765 0.5765 0.64 0.64 0.646 0.646 0.662 0.662 0.651 0.651 0.651 0.6585 0.6585 0.646 0.646 0.619 0.619 0.619 0.568 0.568 0.569 0.569 0.569 0.569 0.569 0.585 0.585 0.5715 0.5715 0.584 0.584 0.584 0.584 0.584 0.607 0.607 0.568 0.568 0.568
0.526 0.523 0.523 0.523 0.563 0.563 0.616 0.616 0.637 0.637 0.6115 0.6115 0.6115 0.597 0.597 0.5845 0.5845 0.585 0.585 0.585 0.5695 0.5695 0.5305 0.5305 0.524 0.524 0.524 0.5105 0.5105 0.4865 0.4865 0.62 0.62 0.62 0.5445 0.5445 0.5715 0.5715 0.5765 0.5765 0.5765 0.64 0.64 0.646 0.646 0.662 0.662 0.651 0.651 0.651 0.6585 0.6585 0.646 0.646 0.619 0.619 0.619 0.568 0.568 0.569 0.569 0.569 0.569 0.569 0.585 0.585 0.5715 0.5715 0.584 0.584 0.584 0.584 0.584 0.607 0.607 0.568 0.568 0.568
0.5405 0.577 0.577 0.577 0.609 0.609 0.6135 0.6135 0.62 0.62 0.6205 0.6205 0.6205 0.612 0.612 0.601 0.601 0.603 0.603 0.603 0.5685 0.5685 0.5135 0.5135 0.51 0.51 0.51 0.537 0.537 0.561 0.561 0.517 0.517 0.517 0.562 0.562 0.586 0.586 0.5885 0.5885 0.5885 0.6115 0.6115 0.627 0.627 0.6505 0.6505 0.656 0.656 0.656 0.649 0.649 0.644 0.644 0.616 0.616 0.616 0.634 0.634 0.5925 0.5925 0.5945 0.5945 0.5945 0.567 0.567 0.599 0.599 0.6205 0.6205 0.6205 0.6025 0.6025 0.596 0.596 0.623 0.623 0.623
0.5405 0.577 0.577 0.577 0.609 0.609 0.6135 0.6135 0.62 0.62 0.6205 0.6205 0.6205 0.612 0.612 0.601 0.601 0.603 0.603 0.603 0.5685 0.5685 0.5135 0.5135 0.51 0.51 0.51 0.537 0.537 0.561 0.561 0.517 0.517 0.517 0.562 0.562 0.586 0.586 0.5885 0.5885 0.5885 0.6115 0.6115 0.627 0.627 0.6505 0.6505 0.656 0.656 0.656 0.649 0.649 0.644 0.644 0.616 0.616 0.616 0.634 0.634 0.5925 0.5925 0.5945 0.5945 0.5945 0.567 0.567 0.599 0.599 0.6205 0.6205 0.6205 0.6025 0.6025 0.596 0.596 0.623 0.623 0.623
0.5695 0.5755 0.5755 0.5755 0.604 0.604 0.6095 0.6095 0.639 0.639 0.637 0.637 0.637 0.6245 0.6245 0.608 0.608 0.5835 0.5835 0.5835 0.5655 0.5655 0.591 0.591 0.616 0.616 0.616 0.5885 0.5885 0.574 0.574 0.5595 0.5595 0.5595 0.558 0.558 0.6005 0.6005 0.6085 0.6085 0.6085 0.5945 0.5945 0.62 0.62 0.6515 0.6515 0.6385 0.6385 0.6385 0.632 0.632 0.6145 0.6145 0.5805 0.5805 0.5805 0.5995 0.5995 0.5865 0.5865 0.6115 0.6115 0.6115 0.598 0.598 0.5945 0.5945 0.5875 0.5875 0.5875 0.613 0.613 0.64 0.64 0.6275 0.6275 0.6275
0.5695 0.5755 0.5755 0.5755 0.604 0.604 0.6095 0.6095 0.639 0.639 0.637 0.637 0.637 0.6245 0.6245 0.608 0.608 0.5835 0.5835 0.5835 0.5655 0.5655 0.591 0.591 0.616 0.616 0.616 0.5885 0.5885 0.574 0.574 0.5595 0.5595 0.5595 0.558 0.558 0.6005 0.6005 0.6085 0.6085 0.6085 0.5945 0.5945 0.62 0.62 0.6515 0.6515 0.6385 0.6385 0.6385 0.632 0.632 0.6145 0.6145 0.5805 0.5805 0.5805 0.5995 0.5995 0.5865 0.5865 0.6115 0.6115 0.6115 0.598 0.598 0.5945 0.5945 0.5875 0.5875 0.5875 0.613 0.613 0.64 0.64 0.6275 0.6275 0.6275
0.5695 0.5755 0.5755 0.5755 0.604 0.604 0.6095 0.6095 0.639 0.639 0.637 0.637 0.637 0.6245 0.6245 0.608 0.608 0.5835 0.5835 0.5835 0.5655 0.5655 0.591 0.591 0.616 0.616 0.616 0.5885 0.5885 0.574 0.574 0.5595 0.5595 0.5595 0.558 0.558 0.6005 0.6005 0.6085 0.6085 0.6085 0.5945 0.5945 0.62 0.62 0.6515 0.6515 0.6385 0.6385 0.6385 0.632 0.632 0.6145 0.6145 0.5805 0.5805 0.5805 0.5995 0.5995 0.5865 0.5865 0.6115 0.6115 0.6115 0.598 0.598 0.5945 0.5945 0.5875 0.5875 0.5875 0.613 0.613 0.64 0.64 0.6275 0.6275 0.6275
0.5775 0.6075 0.6075 0.6075 0.6125 0.6125 0.6165 0.6165 0.6345 0.6345 0.6275001 0.6275001 0.6275001 0.615 0.615 0.614 0.614 0.586 0.586 0.586 0.592 0.592 0.579 0.579 0.6105 0.6105 0.6105 0.58 0.58 0.6045 0.6045 0.562 0.562 0.562 0.5905 0.5905 0.6205 0.6205 0.608 0.608 0.608 0.62 0.62 0.617 0.617 0.6185 0.6185 0.6275 0.6275 0.6275 0.618 0.618 0.603 0.603 0.604 0.604 0.604 0.6135 0.6135 0.614 0.614 0.5815 0.5815 0.5815 0.6335 0.6335 0.6335 0.6335 0.637 0.637 0.637 0.6059999 0.6059999 0.6205 0.6205 0.6115 0.6115 0.6115
0.5775 0.6075 0.6075 0.6075 0.6125 0.6125 0.6165 0.6165 0.6345 0.6345 0.6275001 0.6275001 0.6275001 0.615 0.615 0.614 0.614 0.586 0.586 0.586 0.592 0.592 0.579 0.579 0.6105 0.6105 0.6105 0.58 0.58 0.6045 0.6045 0.562 0.562 0.562 0.5905 0.5905 0.6205 0.6205 0.608 0.608 0.608 0.62 0.62 0.617 0.617 0.6185 0.6185 0.6275 0.6275 0.6275 0.618 0.618 0.603 0.603 0.604 0.604 0.604 0.6135 0.6135 0.614 0.614 0.5815 0.5815 0.5815 0.6335 0.6335 0.6335 0.6335 0.637 0.637 0.637 0.6059999 0.6059999 0.6205 0.6205 0.6115 0.6115 0.6115
0.6245 0.6665 0.6665 0.6665 0.6305 0.6305 0.627 0.627 0.623 0.623 0.6095 0.6095 0.6095 0.636 0.636 0.618 0.618 0.63 0.63 0.63 0.6145 0.6145 0.651 0.651 0.6335 0.6335 0.6335 0.631 0.631 0.6145 0.6145 0.592 0.592 0.592 0.595 0.595 0.6395 0.6395 0.63 0.63 0.63 0.6605 0.6605 0.676 0.676 0.62 0.62 0.6335 0.6335 0.6335 0.6205 0.6205 0.6265 0.6265 0.6555 0.6555 0.6555 0.6735 0.6735 0.649 0.649 0.668 0.668 0.668 0.642 0.642 0.6345 0.6345 0.6115 0.6115 0.6115 0.607 0.607 0.625 0.625 0.617 0.617 0.617
0.6245 0.6665 0.6665 0.6665 0.6305 0.6305 0.627 0.627 0.623 0.623 0.6095 0.6095 0.6095 0.636 0.636 0.618 0.618 0.63 0.63 0.63 0.6145 0.6145 0.651 0.651 0.6335 0.6335 0.6335 0.631 0.631 0.6145 0.6145 0.592 0.592 0.592 0.595 0.595 0.6395 0.6395 0.63 0.63 0.63 0.6605 0.6605 0.676 0.676 0.62 0.62 0.6335 0.6335 0.6335 0.6205 0.6205 0.6265 0.6265 0.6555 0.6555 0.6555 0.6735 0.6735 0.649 0.649 0.668 0.668 0.668 0.642 0.642 0.6345 0.6345 0.6115 0.6115 0.6115 0.607 0.607 0.625 0.625 0.617 0.617 0.617
0.624 0.638 0.638 0.638 0.647 0.647 0.6335 0.6335 0.6345 0.6345 0.698 0.698 0.698 0.665 0.665 0.6305 0.6305 0.618 0.618 0.618 0.6275 0.6275 0.6645 0.6645 0.6785 0.6785 0.6785 0.6445 0.6445 0.5995 0.5995 0.612 0.612 0.612 0.6135 0.6135 0.6205 0.6205 0.641 0.641 0.641 0.628 0.628 0.6365 0.6365 0.6445 0.6445 0.646 0.646 0.646 0.675 0.675 0.674 0.674 0.6725 0.6725 0.6725 0.6845 0.6845 0.6695 0.6695 0.6575 0.6575 0.6575 0.658 0.658 0.6265 0.6265 0.6575 0.6575 0.6575 0.636 0.636 0.608 0.608 0.623 0.623 0.623
0.624 0.638 0.638 0.638 0.647 0.647 0.6335 0.6335 0.6345 0.6345 0.698 0.698 0.698 0.665 0.665 0.6305 0.6305 0.618 0.618 0.618 0.6275 0.6275 0.6645 0.6645 0.6785 0.6785 0.6785 0.6445 0.6445 0.5995 0.5995 0.612 0.612 0.612 0.6135 0.6135 0.6205 0.6205 0.641 0.641 0.641 0.628 0.628 0.6365 0.6365 0.6445 0.6445 0.646 0.646 0.646 0.675 0.675 0.674 0.674 0.6725 0.6725 0.6725 0.6845 0.6845 0.6695 0.6695 0.6575 0.6575 0.6575 0.658 0.658 0.6265 0.6265 0.6575 0.6575 0.6575 0.636 0.636 0.608 0.608 0.623 0.623 0.623
0.624 0.638 0.638 0.638 0.647 0.647 0.6335 0.6335 0.6345 0.6345 0.698 0.698 0.698 0.665 0.665 0.6305 0.6305 0.618 0.618 0.618 0.6275 0.6275 0.6645 0.6645 0.6785 0.6785 0.6785 0.6445 0.6445 0.5995 0.5995 0.612 0.612 0.612 0.6135 0.6135 0.6205 0.6205 0.641 0.641 0.641 0.628 0.628 0.6365 0.6365 0.6445 0.6445 0.646 0.646 0.646 0.675 0.675 0.674 0.674 0.6725 0.6725 0.6725 0.6845 0.6845 0.6695 0.6695 0.6575 0.6575 0.6575 0.658 0.658 0.6265 0.6265 0.6575 0.6575 0.6575 0.636 0.636 0.608 0.608 0.623 0.623 0.623
