ndvi/NOAA-146.asc
ncols         252
nrows         154
xllcorner     -18.017974
yllcorner     13.481982
cellsize      0.035948
NODATA_value  -9999
[rows 102 to 135 of 154, columns 0 to 77 of 252]
-1 -1 -1 -1 -1 -1 -1 -1 -1 -1 -1 -1 -1 -1 -1 -1 -1 -1 -1 -1 -1 -1 -1 -1 -1 0.0297 0.0297 0.0297 0.1251 0.1251 0.295 0.295 0.2825 0.2825 0.2825 0.267 0.267 0.2625 0.2625 0.2705 0.2705 0.2705 0.258 0.258 0.257 0.257 0.248 0.248 0.248 0.2585 0.2585 0.2695 0.2695 0.2655 0.2655 0.2665 0.2665 0.2665 0.265 0.265 0.265 0.265 0.265 0.265 0.265 0.261 0.261 0.2715 0.2715 0.263 0.263 0.263 0.2545 0.2545 0.2545 0.2545 0.253 0.253
-1 -1 -1 -1 -1 -1 -1 -1 -1 -1 -1 -1 -1 -1 -1 -1 -1 -1 -1 -1 -1 -1 -1 -0.0043 -0.0043 0.1925 0.1925 0.1925 0.3045 0.3045 0.27 0.27 0.2525 0.2525 0.2525 0.264 0.264 0.2765 0.2765 0.289 0.289 0.289 0.262 0.262 0.2625 0.2625 0.2685 0.2685 0.2685 0.2605 0.2605 0.2515 0.2515 0.257 0.257 0.2615 0.2615 0.2615 0.2705 0.2705 0.268 0.268 0.268 0.268 0.268 0.265 0.265 0.269 0.269 0.28 0.28 0.28 0.2735 0.2735 0.27 0.27 0.2715 0.2715
-1 -1 -1 -1 -1 -1 -1 -1 -1 -1 -1 -1 -1 -1 -1 -1 -1 -1 -1 -1 -1 -1 -1 -0.0043 -0.0043 0.1925 0.1925 0.1925 0.3045 0.3045 0.27 0.27 0.2525 0.2525 0.2525 0.264 0.264 0.2765 0.2765 0.289 0.289 0.289 0.262 0.262 0.2625 0.2625 0.2685 0.2685 0.2685 0.2605 0.2605 0.2515 0.2515 0.257 0.257 0.2615 0.2615 0.2615 0.2705 0.2705 0.268 0.268 0.268 0.268 0.268 0.265 0.265 0.269 0.269 0.28 0.28 0.28 0.2735 0.2735 0.27 0.27 0.2715 0.2715
-1 -1 -1 -1 -1 -1 -1 -1 -1 -1 -1 -1 -1 -1 -1 -1 -1 -1 -1 -1 -1 -1 -1 -0.0043 -0.0043 0.1925 0.1925 0.1925 0.3045 0.3045 0.27 0.27 0.2525 0.2525 0.2525 0.264 0.264 0.2765 0.2765 0.289 0.289 0.289 0.262 0.262 0.2625 0.2625 0.2685 0.2685 0.2685 0.2605 0.2605 0.2515 0.2515 0.257 0.257 0.2615 0.2615 0.2615 0.2705 0.2705 0.268 0.268 0.268 0.268 0.268 0.265 0.265 0.269 0.269 0.28 0.28 0.28 0.2735 0.2735 0.27 0.27 0.2715 0.2715
-1 -1 -1 -1 -1 -1 -1 -1 -1 -1 -1 -1 -1 -1 -1 -1 -1 -1 -1 -1 -1 0.0056 0.0056 0.1376 0.1376 0.306 0.306 0.306 0.2925 0.2925 0.2715 0.2715 0.2705 0.2705 0.2705 0.281 0.281 0.282 0.282 0.2795 0.2795 0.2795 0.281 0.281 0.2625 0.2625 0.2545 0.2545 0.2545 0.2515 0.2515 0.262 0.262 0.2525 0.2525 0.2615 0.2615 0.2615 0.26 0.26 0.269 0.269 0.269 0.269 0.269 0.2665 0.2665 0.28 0.28 0.2755 0.2755 0.2755 0.277 0.277 0.26 0.26 0.2525 0.2525
-1 -1 -1 -1 -1 -1 -1 -1 -1 -1 -1 -1 -1 -1 -1 -1 -1 -1 -1 -1 -1 0.0056 0.0056 0.1376 0.1376 0.306 0.306 0.306 0.2925 0.2925 0.2715 0.2715 0.2705 0.2705 0.2705 0.281 0.281 0.282 0.282 0.2795 0.2795 0.2795 0.281 0.281 0.2625 0.2625 0.2545 0.2545 0.2545 0.2515 0.2515 0.262 0.262 0.2525 0.2525 0.2615 0.2615 0.2615 0.26 0.26 0.269 0.269 0.269 0.269 0.269 0.2665 0.2665 0.28 0.28 0.2755 0.2755 0.2755 0.277 0.277 0.26 0.26 0.2525 0.2525
-1 -1 -1 -1 -1 -1 -1 -1 -1 -1 -1 -1 -1 -1 -1 -1 -1 -1 -1 -1 -1 0.1025 0.1025 0.3035 0.3035 0.2865 0.2865 0.2865 0.302 0.302 0.281 0.281 0.2865 0.2865 0.2865 0.2845 0.2845 0.28 0.28 0.283 0.283 0.283 0.2855 0.2855 0.296 0.296 0.278 0.278 0.278 0.269 0.269 0.268 0.268 0.2485 0.2485 0.2495 0.2495 0.2495 0.251 0.251 0.27 0.27 0.27 0.27 0.27 0.263 0.263 0.272 0.272 0.295 0.295 0.295 0.267 0.267 0.262 0.262 0.271 0.271
-1 -1 -1 -1 -1 -1 -1 -1 -1 -1 -1 -1 -1 -1 -1 -1 -1 -1 -1 -1 -1 0.1025 0.1025 0.3035 0.3035 0.2865 0.2865 0.2865 0.302 0.302 0.281 0.281 0.2865 0.2865 0.2865 0.2845 0.2845 0.28 0.28 0.283 0.283 0.283 0.2855 0.2855 0.296 0.296 0.278 0.278 0.278 0.269 0.269 0.268 0.268 0.2485 0.2485 0.2495 0.2495 0.2495 0.251 0.251 0.27 0.27 0.27 0.27 0.27 0.263 0.263 0.272 0.272 0.295 0.295 0.295 0.267 0.267 0.262 0.262 0.271 0.271
-1 -1 -1 -1 -1 -1 -1 -1 -1 -1 -1 -1 -1 -1 -1 -1 -1 -1 0.1241 0.1241 0.1241 0.306 0.306 0.309 0.309 0.3015 0.3015 0.3015 0.2935 0.2935 0.2965 0.2965 0.28 0.28 0.28 0.286 0.286 0.2905 0.2905 0.279 0.279 0.279 0.2805 0.2805 0.2805 0.2805 0.2745 0.2745 0.2745 0.276 0.276 0.272 0.272 0.259 0.259 0.254 0.254 0.254 0.2545 0.2545 0.2615 0.2615 0.2615 0.2615 0.2615 0.26 0.26 0.2635 0.2635 0.2845 0.2845 0.2845 0.2645 0.2645 0.2615 0.2615 0.278 0.278
-1 -1 -1 -1 -1 -1 -1 -1 -1 -1 -1 -1 -1 -1 -1 -1 -1 -1 0.1241 0.1241 0.1241 0.306 0.306 0.309 0.309 0.3015 0.3015 0.3015 0.2935 0.2935 0.2965 0.2965 0.28 0.28 0.28 0.286 0.286 0.2905 0.2905 0.279 0.279 0.279 0.2805 0.2805 0.2805 0.2805 0.2745 0.2745 0.2745 0.276 0.276 0.272 0.272 0.259 0.259 0.254 0.254 0.254 0.2545 0.2545 0.2615 0.2615 0.2615 0.2615 0.2615 0.26 0.26 0.2635 0.2635 0.2845 0.2845 0.2845 0.2645 0.2645 0.2615 0.2615 0.278 0.278
-1 -1 -1 -1 -1 -1 -1 -1 -1 -1 -1 -1 -1 -1 -1 -1 -1 -1 0.1241 0.1241 0.1241 0.306 0.306 0.309 0.309 0.3015 0.3015 0.3015 0.2935 0.2935 0.2965 0.2965 0.28 0.28 0.28 0.286 0.286 0.2905 0.2905 0.279 0.279 0.279 0.2805 0.2805 0.2805 0.2805 0.2745 0.2745 0.2745 0.276 0.276 0.272 0.272 0.259 0.259 0.254 0.254 0.254 0.2545 0.2545 0.2615 0.2615 0.2615 0.2615 0.2615 0.26 0.26 0.2635 0.2635 0.2845 0.2845 0.2845 0.2645 0.2645 0.2615 0.2615 0.278 0.278
-1 -1 -1 -1 -1 -1 -1 -1 -1 -1 -1 -1 -1 -1 -1 -1 0.1847 0.1847 0.347 0.347 0.347 0.337 0.337 0.3085 0.3085 0.2925 0.2925 0.2925 0.304 0.304 0.3035 0.3035 0.291 0.291 0.291 0.2835 0.2835 0.2775 0.2775 0.281 0.281 0.281 0.2705 0.2705 0.264 0.264 0.2645 0.2645 0.2645 0.27 0.27 0.262 0.262 0.259 0.259 0.262 0.262 0.262 0.268 0.268 0.269 0.269 0.269 0.269 0.269 0.268 0.268 0.251 0.251 0.2495 0.2495 0.2495 0.2625 0.2625 0.276 0.276 0.2705 0.2705
-1 -1 -1 -1 -1 -1 -1 -1 -1 -1 -1 -1 -1 -1 -1 -1 0.1847 0.1847 0.347 0.347 0.347 0.337 0.337 0.3085 0.3085 0.2925 0.2925 0.2925 0.304 0.304 0.3035 0.3035 0.291 0.291 0.291 0.2835 0.2835 0.2775 0.2775 0.281 0.281 0.281 0.2705 0.2705 0.264 0.264 0.2645 0.2645 0.2645 0.27 0.27 0.262 0.262 0.259 0.259 0.262 0.262 0.262 0.268 0.268 0.269 0.269 0.269 0.269 0.269 0.268 0.268 0.251 0.251 0.2495 0.2495 0.2495 0.2625 0.2625 0.276 0.276 0.2705 0.2705
-1 -1 -1 -1 -1 -1 -1 -1 -1 -1 -1 -1 0.1592 0.1592 0.1475 0.1475 0.1825 0.1825 0.33 0.33 0.33 0.33 0.33 0.34 0.34 0.307 0.307 0.307 0.3115 0.3115 0.3225 0.3225 0.285 0.285 0.285 0.2885 0.2885 0.288 0.288 0.2835 0.2835 0.2835 0.281 0.281 0.2745 0.2745 0.268 0.268 0.268 0.264 0.264 0.256 0.256 0.2665 0.2665 0.265 0.265 0.265 0.2715 0.2715 0.273 0.273 0.273 0.273 0.273 0.271 0.271 0.2645 0.2645 0.249 0.249 0.249 0.263 0.263 0.263 0.263 0.277 0.277
-1 -1 -1 -1 -1 -1 -1 -1 -1 -1 -1 -1 0.1592 0.1592 0.1475 0.1475 0.1825 0.1825 0.33 0.33 0.33 0.33 0.33 0.34 0.34 0.307 0.307 0.307 0.3115 0.3115 0.3225 0.3225 0.285 0.285 0.285 0.2885 0.2885 0.288 0.288 0.2835 0.2835 0.2835 0.281 0.281 0.2745 0.2745 0.268 0.268 0.268 0.264 0.264 0.256 0.256 0.2665 0.2665 0.265 0.265 0.265 0.2715 0.2715 0.273 0.273 0.273 0.273 0.273 0.271 0.271 0.2645 0.2645 0.249 0.249 0.249 0.263 0.263 0.263 0.263 0.277 0.277
-1 -1 -1 -1 -1 -1 -1 -1 -1 0.1562 0.1562 0.1562 0.133 0.133 0.1436 0.1436 0.1426 0.1426 0.044 0.044 0.044 0.2805 0.2805 0.3005 0.3005 0.3025 0.3025 0.3025 0.3195 0.3195 0.3255 0.3255 0.29 0.29 0.29 0.2815 0.2815 0.2895 0.2895 0.2865 0.2865 0.2865 0.282 0.282 0.2735 0.2735 0.2655 0.2655 0.2655 0.2685 0.2685 0.2625 0.2625 0.2625 0.2625 0.2545 0.2545 0.2545 0.2615 0.2615 0.2725 0.2725 0.2725 0.2725 0.2725 0.2765 0.2765 0.26 0.26 0.2915 0.2915 0.2915 0.282 0.282 0.2815 0.2815 0.276 0.276
-1 -1 -1 -1 -1 -1 -1 -1 -1 0.1562 0.1562 0.1562 0.133 0.133 0.1436 0.1436 0.1426 0.1426 0.044 0.044 0.044 0.2805 0.2805 0.3005 0.3005 0.3025 0.3025 0.3025 0.3195 0.3195 0.3255 0.3255 0.29 0.29 0.29 0.2815 0.2815 0.2895 0.2895 0.2865 0.2865 0.2865 0.282 0.282 0.2735 0.2735 0.2655 0.2655 0.2655 0.2685 0.2685 0.2625 0.2625 0.2625 0.2625 0.2545 0.2545 0.2545 0.2615 0.2615 0.2725 0.2725 0.2725 0.2725 0.2725 0.2765 0.2765 0.26 0.26 0.2915 0.2915 0.2915 0.282 0.282 0.2815 0.2815 0.276 0.276
-1 -1 -1 -1 -1 -1 -1 -1 -1 0.1562 0.1562 0.1562 0.133 0.133 0.1436 0.1436 0.1426 0.1426 0.044 0.044 0.044 0.2805 0.2805 0.3005 0.3005 0.3025 0.3025 0.3025 0.3195 0.3195 0.3255 0.3255 0.29 0.29 0.29 0.2815 0.2815 0.2895 0.2895 0.2865 0.2865 0.2865 0.282 0.282 0.2735 0.2735 0.2655 0.2655 0.2655 0.2685 0.2685 0.2625 0.2625 0.2625 0.2625 0.2545 0.2545 0.2545 0.2615 0.2615 0.2725 0.2725 0.2725 0.2725 0.2725 0.2765 0.2765 0.26 0.26 0.2915 0.2915 0.2915 0.282 0.282 0.2815 0.2815 0.276 0.276
-1 -1 -1 -1 -1 -1 -1 -1 -1 -1 -1 -1 0.1247 0.1247 0.1592 0.1592 0.1692 0.1692 0.1132 0.1132 0.1132 0.2535 0.2535 0.3005 0.3005 0.314 0.314 0.314 0.319 0.319 0.307 0.307 0.284 0.284 0.284 0.279 0.279 0.2755 0.2755 0.273 0.273 0.273 0.276 0.276 0.275 0.275 0.2855 0.2855 0.2855 0.2765 0.2765 0.2665 0.2665 0.266 0.266 0.268 0.268 0.268 0.259 0.259 0.2615 0.2615 0.2615 0.2615 0.2615 0.271 0.271 0.244 0.244 0.261 0.261 0.261 0.292 0.292 0.284 0.284 0.289 0.289
-1 -1 -1 -1 -1 -1 -1 -1 -1 -1 -1 -1 0.1247 0.1247 0.1592 0.1592 0.1692 0.1692 0.1132 0.1132 0.1132 0.2535 0.2535 0.3005 0.3005 0.314 0.314 0.314 0.319 0.319 0.307 0.307 0.284 0.284 0.284 0.279 0.279 0.2755 0.2755 0.273 0.273 0.273 0.276 0.276 0.275 0.275 0.2855 0.2855 0.2855 0.2765 0.2765 0.2665 0.2665 0.266 0.266 0.268 0.268 0.268 0.259 0.259 0.2615 0.2615 0.2615 0.2615 0.2615 0.271 0.271 0.244 0.244 0.261 0.261 0.261 0.292 0.292 0.284 0.284 0.289 0.289
-1 -1 -1 -1 -1 -1 -1 -1 -1 -1 -1 -1 -1 -1 -1 -1 -1 -1 0.1741 0.1741 0.1741 0.1075 0.1075 0.2595 0.2595 0.299 0.299 0.299 0.306 0.306 0.307 0.307 0.282 0.282 0.282 0.274 0.274 0.2695 0.2695 0.2635 0.2635 0.2635 0.2735 0.2735 0.2695 0.2695 0.284 0.284 0.284 0.2855 0.2855 0.289 0.289 0.278 0.278 0.27 0.27 0.27 0.266 0.266 0.2705 0.2705 0.2705 0.2705 0.2705 0.266 0.266 0.2565 0.2565 0.2705 0.2705 0.2705 0.284 0.284 0.288 0.288 0.2565 0.2565
-1 -1 -1 -1 -1 -1 -1 -1 -1 -1 -1 -1 -1 -1 -1 -1 -1 -1 0.1741 0.1741 0.1741 0.1075 0.1075 0.2595 0.2595 0.299 0.299 0.299 0.306 0.306 0.307 0.307 0.282 0.282 0.282 0.274 0.274 0.2695 0.2695 0.2635 0.2635 0.2635 0.2735 0.2735 0.2695 0.2695 0.284 0.284 0.284 0.2855 0.2855 0.289 0.289 0.278 0.278 0.27 0.27 0.27 0.266 0.266 0.2705 0.2705 0.2705 0.2705 0.2705 0.266 0.266 0.2565 0.2565 0.2705 0.2705 0.2705 0.284 0.284 0.288 0.288 0.2565 0.2565
-1 -1 -1 -1 -1 -1 -1 -1 -1 -1 -1 -1 -1 -1 -1 -1 -1 -1 -1 -1 -1 0.1887 0.1887 0.136 0.136 0.289 0.289 0.289 0.298 0.298 0.2985 0.2985 0.289 0.289 0.289 0.271 0.271 0.269 0.269 0.2595 0.2595 0.2595 0.27 0.27 0.27 0.27 0.2825 0.2825 0.2825 0.2795 0.2795 0.2865 0.2865 0.296 0.296 0.292 0.292 0.292 0.287 0.287 0.2855 0.2855 0.2855 0.2855 0.2855 0.277 0.277 0.2835 0.2835 0.2785 0.2785 0.2785 0.2615 0.2615 0.266 0.266 0.2895 0.2895
-1 -1 -1 -1 -1 -1 -1 -1 -1 -1 -1 -1 -1 -1 -1 -1 -1 -1 -1 -1 -1 0.1887 0.1887 0.136 0.136 0.289 0.289 0.289 0.298 0.298 0.2985 0.2985 0.289 0.289 0.289 0.271 0.271 0.269 0.269 0.2595 0.2595 0.2595 0.27 0.27 0.27 0.27 0.2825 0.2825 0.2825 0.2795 0.2795 0.2865 0.2865 0.296 0.296 0.292 0.292 0.292 0.287 0.287 0.2855 0.2855 0.2855 0.2855 0.2855 0.277 0.277 0.2835 0.2835 0.2785 0.2785 0.2785 0.2615 0.2615 0.266 0.266 0.2895 0.2895
-1 -1 -1 -1 -1 -1 -1 -1 -1 -1 -1 -1 -1 -1 -1 -1 -1 -1 -1 -1 -1 0.1456 0.1456 0.1056 0.1056 0.211 0.211 0.211 0.285 0.285 0.2965 0.2965 0.297 0.297 0.297 0.2905 0.2905 0.2655 0.2655 0.2345 0.2345 0.2345 0.232 0.232 0.251 0.251 0.2725 0.2725 0.2725 0.2725 0.2725 0.2975 0.2975 0.31 0.31 0.2895 0.2895 0.2895 0.308 0.308 0.293 0.293 0.293 0.293 0.293 0.2915 0.2915 0.2865 0.2865 0.2915 0.2915 0.2915 0.2725 0.2725 0.267 0.267 0.2825 0.2825
-1 -1 -1 -1 -1 -1 -1 -1 -1 -1 -1 -1 -1 -1 -1 -1 -1 -1 -1 -1 -1 0.1456 0.1456 0.1056 0.1056 0.211 0.211 0.211 0.285 0.285 0.2965 0.2965 0.297 0.297 0.297 0.2905 0.2905 0.2655 0.2655 0.2345 0.2345 0.2345 0.232 0.232 0.251 0.251 0.2725 0.2725 0.2725 0.2725 0.2725 0.2975 0.2975 0.31 0.31 0.2895 0.2895 0.2895 0.308 0.308 0.293 0.293 0.293 0.293 0.293 0.2915 0.2915 0.2865 0.2865 0.2915 0.2915 0.2915 0.2725 0.2725 0.267 0.267 0.2825 0.2825
-1 -1 -1 -1 -1 -1 -1 -1 -1 -1 -1 -1 -1 -1 -1 -1 -1 -1 -1 -1 -1 0.1456 0.1456 0.1056 0.1056 0.211 0.211 0.211 0.285 0.285 0.2965 0.2965 0.297 0.297 0.297 0.2905 0.2905 0.2655 0.2655 0.2345 0.2345 0.2345 0.232 0.232 0.251 0.251 0.2725 0.2725 0.2725 0.2725 0.2725 0.2975 0.2975 0.31 0.31 0.2895 0.2895 0.2895 0.308 0.308 0.293 0.293 0.293 0.293 0.293 0.2915 0.2915 0.2865 0.2865 0.2915 0.2915 0.2915 0.2725 0.2725 0.267 0.267 0.2825 0.2825
-1 -1 -1 -1 -1 -1 -1 -1 -1 -1 -1 -1 -1 -1 -1 -1 -1 -1 -1 -1 -1 -1 -1 0.1837 0.1837 0.066 0.066 0.066 0.284 0.284 0.3015 0.3015 0.293 0.293 0.293 0.2885 0.2885 0.2035 0.2035 0.142 0.142 0.142 0.2065 0.2065 0.2405 0.2405 0.261 0.261 0.261 0.2785 0.2785 0.3055 0.3055 0.302 0.302 0.304 0.304 0.304 0.3075 0.3075 0.301 0.301 0.301 0.301 0.301 0.2895 0.2895 0.298 0.298 0.293 0.293 0.293 0.2755 0.2755 0.2825 0.2825 0.3135 0.3135
-1 -1 -1 -1 -1 -1 -1 -1 -1 -1 -1 -1 -1 -1 -1 -1 -1 -1 -1 -1 -1 -1 -1 0.1837 0.1837 0.066 0.066 0.066 0.284 0.284 0.3015 0.3015 0.293 0.293 0.293 0.2885 0.2885 0.2035 0.2035 0.142 0.142 0.142 0.2065 0.2065 0.2405 0.2405 0.261 0.261 0.261 0.2785 0.2785 0.3055 0.3055 0.302 0.302 0.304 0.304 0.304 0.3075 0.3075 0.301 0.301 0.301 0.301 0.301 0.2895 0.2895 0.298 0.298 0.293 0.293 0.293 0.2755 0.2755 0.2825 0.2825 0.3135 0.3135
-1 -1 -1 -1 -1 -1 -1 -1 -1 -1 -1 -1 -1 -1 -1 -1 -1 -1 -1 -1 -1 -1 -1 -1 -1 0.1083 0.1083 0.1083 0.17 0.17 0.2825 0.2825 0.293 0.293 0.293 0.1955 0.1955 0.1585 0.1585 0.14 0.14 0.14 0.222 0.222 0.215 0.215 0.2695 0.2695 0.2695 0.2525 0.2525 0.2875 0.2875 0.2855 0.2855 0.295 0.295 0.295 0.289 0.289 0.299 0.299 0.299 0.299 0.299 0.293 0.293 0.3195 0.3195 0.2765 0.2765 0.2765 0.294 0.294 0.287 0.287 0.2985 0.2985
-1 -1 -1 -1 -1 -1 -1 -1 -1 -1 -1 -1 -1 -1 -1 -1 -1 -1 -1 -1 -1 -1 -1 -1 -1 0.1083 0.1083 0.1083 0.17 0.17 0.2825 0.2825 0.293 0.293 0.293 0.1955 0.1955 0.1585 0.1585 0.14 0.14 0.14 0.222 0.222 0.215 0.215 0.2695 0.2695 0.2695 0.2525 0.2525 0.2875 0.2875 0.2855 0.2855 0.295 0.295 0.295 0.289 0.289 0.299 0.299 0.299 0.299 0.299 0.293 0.293 0.3195 0.3195 0.2765 0.2765 0.2765 0.294 0.294 0.287 0.287 0.2985 0.2985
-1 -1 -1 -1 -1 -1 -1 -1 -1 -1 -1 -1 -1 -1 -1 -1 -1 -1 -1 -1 -1 -1 -1 -1 -1 0.0942 0.0942 0.0942 0.1591 0.1591 0.189 0.189 0.2175 0.2175 0.2175 0.283 0.283 0.185 0.185 0.26 0.26 0.26 0.3215 0.3215 0.3025 0.3025 0.2875 0.2875 0.2875 0.173 0.173 0.2765 0.2765 0.2795 0.2795 0.277 0.277 0.277 0.287 0.287 0.2945 0.2945 0.2945 0.2945 0.2945 0.282 0.282 0.2765 0.2765 0.274 0.274 0.274 0.2845 0.2845 0.299 0.299 0.277 0.277
-1 -1 -1 -1 -1 -1 -1 -1 -1 -1 -1 -1 -1 -1 -1 -1 -1 -1 -1 -1 -1 -1 -1 -1 -1 0.0942 0.0942 0.0942 0.1591 0.1591 0.189 0.189 0.2175 0.2175 0.2175 0.283 0.283 0.185 0.185 0.26 0.26 0.26 0.3215 0.3215 0.3025 0.3025 0.2875 0.2875 0.2875 0.173 0.173 0.2765 0.2765 0.2795 0.2795 0.277 0.277 0.277 0.287 0.287 0.2945 0.2945 0.2945 0.2945 0.2945 0.282 0.282 0.2765 0.2765 0.274 0.274 0.274 0.2845 0.2845 0.299 0.299 0.277 0.277
-1 -1 -1 -1 -1 -1 -1 -1 -1 -1 -1 -1 -1 -1 -1 -1 -1 -1 -1 -1 -1 -1 -1 -1 -1 0.0942 0.0942 0.0942 0.1591 0.1591 0.189 0.189 0.2175 0.2175 0.2175 0.283 0.283 0.185 0.185 0.26 0.26 0.26 0.3215 0.3215 0.3025 0.3025 0.2875 0.2875 0.2875 0.173 0.173 0.2765 0.2765 0.2795 0.2795 0.277 0.277 0.277 0.287 0.287 0.2945 0.2945 0.2945 0.2945 0.2945 0.282 0.282 0.2765 0.2765 0.274 0.274 0.274 0.2845 0.2845 0.299 0.299 0.277 0.277
