ndvi/NOAA-30.asc
ncols         252
nrows         154
xllcorner     -18.017974
yllcorner     13.481982
cellsize      0.035948
NODATA_value  -9999
[rows 102 to 135 of 154, columns 78 to 155 of 252]
0.269 0.275 0.275 0.296 0.296 0.281 0.281 0.281 0.2515 0.2515 0.235 0.235 0.226 0.226 0.2225 0.2225 0.2225 0.246 0.246 0.233 0.233 0.253 0.253 0.253 0.246 0.246 0.239 0.239 0.2355 0.2355 0.2355 0.265 0.265 0.2715 0.2715 0.2455 0.2455 0.2455 0.25 0.25 0.246 0.246 0.249 0.249 0.249 0.2445 0.2445 0.243 0.243 0.243 0.243 0.256 0.256 0.256 0.28 0.28 0.268 0.268 0.2415 0.2415 0.2415 0.259 0.259 0.22 0.22 0.2665 0.2665 0.2665 0.2705 0.2705 0.26 0.26 0.2325 0.2325 0.2325 0.2055 0.2055 0.204
0.2555 0.2445 0.2445 0.2645 0.2645 0.248 0.248 0.248 0.259 0.259 0.248 0.248 0.221 0.221 0.2205 0.2205 0.2205 0.219 0.219 0.2465 0.2465 0.253 0.253 0.253 0.2515 0.2515 0.249 0.249 0.249 0.249 0.249 0.26 0.26 0.268 0.268 0.253 0.253 0.253 0.2545 0.2545 0.2545 0.2545 0.2625 0.2625 0.2625 0.262 0.262 0.265 0.265 0.259 0.259 0.2715 0.2715 0.2715 0.26 0.26 0.2905 0.2905 0.2575 0.2575 0.2575 0.263 0.263 0.3055 0.3055 0.2545 0.2545 0.2545 0.243 0.243 0.239 0.239 0.245 0.245 0.245 0.2305 0.2305 0.2245
0.2555 0.2445 0.2445 0.2645 0.2645 0.248 0.248 0.248 0.259 0.259 0.248 0.248 0.221 0.221 0.2205 0.2205 0.2205 0.219 0.219 0.2465 0.2465 0.253 0.253 0.253 0.2515 0.2515 0.249 0.249 0.249 0.249 0.249 0.26 0.26 0.268 0.268 0.253 0.253 0.253 0.2545 0.2545 0.2545 0.2545 0.2625 0.2625 0.2625 0.262 0.262 0.265 0.265 0.259 0.259 0.2715 0.2715 0.2715 0.26 0.26 0.2905 0.2905 0.2575 0.2575 0.2575 0.263 0.263 0.3055 0.3055 0.2545 0.2545 0.2545 0.243 0.243 0.239 0.239 0.245 0.245 0.245 0.2305 0.2305 0.2245
0.2555 0.2445 0.2445 0.2645 0.2645 0.248 0.248 0.248 0.259 0.259 0.248 0.248 0.221 0.221 0.2205 0.2205 0.2205 0.219 0.219 0.2465 0.2465 0.253 0.253 0.253 0.2515 0.2515 0.249 0.249 0.249 0.249 0.249 0.26 0.26 0.268 0.268 0.253 0.253 0.253 0.2545 0.2545 0.2545 0.2545 0.2625 0.2625 0.2625 0.262 0.262 0.265 0.265 0.259 0.259 0.2715 0.2715 0.2715 0.26 0.26 0.2905 0.2905 0.2575 0.2575 0.2575 0.263 0.263 0.3055 0.3055 0.2545 0.2545 0.2545 0.243 0.243 0.239 0.239 0.245 0.245 0.245 0.2305 0.2305 0.2245
0.234 0.238 0.238 0.244 0.244 0.267 0.267 0.267 0.2275 0.2275 0.2405 0.2405 0.2435 0.2435 0.229 0.229 0.229 0.2375 0.2375 0.257 0.257 0.2575 0.2575 0.2575 0.249 0.249 0.2525 0.2525 0.231 0.231 0.231 0.266 0.266 0.2735 0.2735 0.2655 0.2655 0.2655 0.253 0.253 0.2525 0.2525 0.252 0.252 0.252 0.2625 0.2625 0.274 0.274 0.249 0.249 0.246 0.246 0.246 0.2485 0.2485 0.2875 0.2875 0.29 0.29 0.29 0.256 0.256 0.272 0.272 0.2525 0.2525 0.2525 0.23 0.23 0.23 0.23 0.2375 0.2375 0.2375 0.2325 0.2325 0.232
0.234 0.238 0.238 0.244 0.244 0.267 0.267 0.267 0.2275 0.2275 0.2405 0.2405 0.2435 0.2435 0.229 0.229 0.229 0.2375 0.2375 0.257 0.257 0.2575 0.2575 0.2575 0.249 0.249 0.2525 0.2525 0.231 0.231 0.231 0.266 0.266 0.2735 0.2735 0.2655 0.2655 0.2655 0.253 0.253 0.2525 0.2525 0.252 0.252 0.252 0.2625 0.2625 0.274 0.274 0.249 0.249 0.246 0.246 0.246 0.2485 0.2485 0.2875 0.2875 0.29 0.29 0.29 0.256 0.256 0.272 0.272 0.2525 0.2525 0.2525 0.23 0.23 0.23 0.23 0.2375 0.2375 0.2375 0.2325 0.2325 0.232
0.2685 0.23 0.23 0.2595 0.2595 0.254 0.254 0.254 0.2455 0.2455 0.231 0.231 0.248 0.248 0.231 0.231 0.231 0.2575 0.2575 0.256 0.256 0.2595 0.2595 0.2595 0.247 0.247 0.286 0.286 0.2485 0.2485 0.2485 0.2785 0.2785 0.2725 0.2725 0.2545 0.2545 0.2545 0.244 0.244 0.232 0.232 0.227 0.227 0.227 0.2255 0.2255 0.2555 0.2555 0.265 0.265 0.2665 0.2665 0.2665 0.2685 0.2685 0.289 0.289 0.285 0.285 0.285 0.2595 0.2595 0.276 0.276 0.2905 0.2905 0.2905 0.2525 0.2525 0.215 0.215 0.2105 0.2105 0.2105 0.233 0.233 0.2435
0.2685 0.23 0.23 0.2595 0.2595 0.254 0.254 0.254 0.2455 0.2455 0.231 0.231 0.248 0.248 0.231 0.231 0.231 0.2575 0.2575 0.256 0.256 0.2595 0.2595 0.2595 0.247 0.247 0.286 0.286 0.2485 0.2485 0.2485 0.2785 0.2785 0.2725 0.2725 0.2545 0.2545 0.2545 0.244 0.244 0.232 0.232 0.227 0.227 0.227 0.2255 0.2255 0.2555 0.2555 0.265 0.265 0.2665 0.2665 0.2665 0.2685 0.2685 0.289 0.289 0.285 0.285 0.285 0.2595 0.2595 0.276 0.276 0.2905 0.2905 0.2905 0.2525 0.2525 0.215 0.215 0.2105 0.2105 0.2105 0.233 0.233 0.2435
0.2865 0.2785 0.2785 0.265 0.265 0.258 0.258 0.258 0.2965 0.2965 0.282 0.282 0.281 0.281 0.299 0.299 0.299 0.2605 0.2605 0.249 0.249 0.2505 0.2505 0.2505 0.263 0.263 0.2705 0.2705 0.288 0.288 0.288 0.279 0.279 0.279 0.279 0.3035 0.3035 0.3035 0.2605 0.2605 0.2345 0.2345 0.221 0.221 0.221 0.242 0.242 0.2375 0.2375 0.2805 0.2805 0.3155 0.3155 0.3155 0.3115 0.3115 0.2635 0.2635 0.261 0.261 0.261 0.2845 0.2845 0.296 0.296 0.322 0.322 0.322 0.342 0.342 0.269 0.269 0.253 0.253 0.253 0.2295 0.2295 0.2635
0.2865 0.2785 0.2785 0.265 0.265 0.258 0.258 0.258 0.2965 0.2965 0.282 0.282 0.281 0.281 0.299 0.299 0.299 0.2605 0.2605 0.249 0.249 0.2505 0.2505 0.2505 0.263 0.263 0.2705 0.2705 0.288 0.288 0.288 0.279 0.279 0.279 0.279 0.3035 0.3035 0.3035 0.2605 0.2605 0.2345 0.2345 0.221 0.221 0.221 0.242 0.242 0.2375 0.2375 0.2805 0.2805 0.3155 0.3155 0.3155 0.3115 0.3115 0.2635 0.2635 0.261 0.261 0.261 0.2845 0.2845 0.296 0.296 0.322 0.322 0.322 0.342 0.342 0.269 0.269 0.253 0.253 0.253 0.2295 0.2295 0.2635
0.2865 0.2785 0.2785 0.265 0.265 0.258 0.258 0.258 0.2965 0.2965 0.282 0.282 0.281 0.281 0.299 0.299 0.299 0.2605 0.2605 0.249 0.249 0.2505 0.2505 0.2505 0.263 0.263 0.2705 0.2705 0.288 0.288 0.288 0.279 0.279 0.279 0.279 0.3035 0.3035 0.3035 0.2605 0.2605 0.2345 0.2345 0.221 0.221 0.221 0.242 0.242 0.2375 0.2375 0.2805 0.2805 0.3155 0.3155 0.3155 0.3115 0.3115 0.2635 0.2635 0.261 0.261 0.261 0.2845 0.2845 0.296 0.296 0.322 0.322 0.322 0.342 0.342 0.269 0.269 0.253 0.253 0.253 0.2295 0.2295 0.2635
0.288 0.288 0.288 0.278 0.278 0.3 0.3 0.3 0.3105 0.3105 0.307 0.307 0.2775 0.2775 0.2795 0.2795 0.2795 0.27 0.27 0.271 0.271 0.2895 0.2895 0.2895 0.2835 0.2835 0.311 0.311 0.274 0.274 0.274 0.265 0.265 0.2755 0.2755 0.271 0.271 0.271 0.322 0.322 0.316 0.316 0.2565 0.2565 0.2565 0.2625 0.2625 0.2775 0.2775 0.268 0.268 0.2875 0.2875 0.2875 0.306 0.306 0.265 0.265 0.297 0.297 0.297 0.2925 0.2925 0.2745 0.2745 0.2865 0.2865 0.2865 0.295 0.295 0.2635 0.2635 0.2685 0.2685 0.2685 0.2035 0.2035 0.2355
0.288 0.288 0.288 0.278 0.278 0.3 0.3 0.3 0.3105 0.3105 0.307 0.307 0.2775 0.2775 0.2795 0.2795 0.2795 0.27 0.27 0.271 0.271 0.2895 0.2895 0.2895 0.2835 0.2835 0.311 0.311 0.274 0.274 0.274 0.265 0.265 0.2755 0.2755 0.271 0.271 0.271 0.322 0.322 0.316 0.316 0.2565 0.2565 0.2565 0.2625 0.2625 0.2775 0.2775 0.268 0.268 0.2875 0.2875 0.2875 0.306 0.306 0.265 0.265 0.297 0.297 0.297 0.2925 0.2925 0.2745 0.2745 0.2865 0.2865 0.2865 0.295 0.295 0.2635 0.2635 0.2685 0.2685 0.2685 0.2035 0.2035 0.2355
0.275 0.261 0.261 0.263 0.263 0.2715 0.2715 0.2715 0.2855 0.2855 0.2845 0.2845 0.288 0.288 0.3065 0.3065 0.3065 0.3065 0.3065 0.274 0.274 0.303 0.303 0.303 0.3035 0.3035 0.297 0.297 0.264 0.264 0.264 0.2735 0.2735 0.2695 0.2695 0.272 0.272 0.272 0.2815 0.2815 0.3105 0.3105 0.246 0.246 0.246 0.263 0.263 0.261 0.261 0.2685 0.2685 0.2805 0.2805 0.2805 0.28 0.28 0.2715 0.2715 0.278 0.278 0.278 0.2905 0.2905 0.258 0.258 0.26 0.26 0.26 0.283 0.283 0.305 0.305 0.2785 0.2785 0.2785 0.2525 0.2525 0.256
0.275 0.261 0.261 0.263 0.263 0.2715 0.2715 0.2715 0.2855 0.2855 0.2845 0.2845 0.288 0.288 0.3065 0.3065 0.3065 0.3065 0.3065 0.274 0.274 0.303 0.303 0.303 0.3035 0.3035 0.297 0.297 0.264 0.264 0.264 0.2735 0.2735 0.2695 0.2695 0.272 0.272 0.272 0.2815 0.2815 0.3105 0.3105 0.246 0.246 0.246 0.263 0.263 0.261 0.261 0.2685 0.2685 0.2805 0.2805 0.2805 0.28 0.28 0.2715 0.2715 0.278 0.278 0.278 0.2905 0.2905 0.258 0.258 0.26 0.26 0.26 0.283 0.283 0.305 0.305 0.2785 0.2785 0.2785 0.2525 0.2525 0.256
0.274 0.2985 0.2985 0.2615 0.2615 0.245 0.245 0.245 0.278 0.278 0.277 0.277 0.297 0.297 0.305 0.305 0.305 0.3045 0.3045 0.319 0.319 0.3165 0.3165 0.3165 0.3305 0.3305 0.294 0.294 0.2825 0.2825 0.2825 0.3105 0.3105 0.2755 0.2755 0.296 0.296 0.296 0.2575 0.2575 0.279 0.279 0.2665 0.2665 0.2665 0.263 0.263 0.2755 0.2755 0.285 0.285 0.279 0.279 0.279 0.25 0.25 0.244 0.244 0.279 0.279 0.279 0.2825 0.2825 0.269 0.269 0.24 0.24 0.24 0.304 0.304 0.3165 0.3165 0.3075 0.3075 0.3075 0.291 0.291 0.254
0.274 0.2985 0.2985 0.2615 0.2615 0.245 0.245 0.245 0.278 0.278 0.277 0.277 0.297 0.297 0.305 0.305 0.305 0.3045 0.3045 0.319 0.319 0.3165 0.3165 0.3165 0.3305 0.3305 0.294 0.294 0.2825 0.2825 0.2825 0.3105 0.3105 0.2755 0.2755 0.296 0.296 0.296 0.2575 0.2575 0.279 0.279 0.2665 0.2665 0.2665 0.263 0.263 0.2755 0.2755 0.285 0.285 0.279 0.279 0.279 0.25 0.25 0.244 0.244 0.279 0.279 0.279 0.2825 0.2825 0.269 0.269 0.24 0.24 0.24 0.304 0.304 0.3165 0.3165 0.3075 0.3075 0.3075 0.291 0.291 0.254
0.274 0.2985 0.2985 0.2615 0.2615 0.245 0.245 0.245 0.278 0.278 0.277 0.277 0.297 0.297 0.305 0.305 0.305 0.3045 0.3045 0.319 0.319 0.3165 0.3165 0.3165 0.3305 0.3305 0.294 0.294 0.2825 0.2825 0.2825 0.3105 0.3105 0.2755 0.2755 0.296 0.296 0.296 0.2575 0.2575 0.279 0.279 0.2665 0.2665 0.2665 0.263 0.263 0.2755 0.2755 0.285 0.285 0.279 0.279 0.279 0.25 0.25 0.244 0.244 0.279 0.279 0.279 0.2825 0.2825 0.269 0.269 0.24 0.24 0.24 0.304 0.304 0.3165 0.3165 0.3075 0.3075 0.3075 0.291 0.291 0.254
0.2585 0.2325 0.2325 0.239 0.239 0.2635 0.2635 0.2635 0.256 0.256 0.262 0.262 0.2655 0.2655 0.2955 0.2955 0.2955 0.317 0.317 0.3215 0.3215 0.309 0.309 0.309 0.3105 0.3105 0.2795 0.2795 0.2995 0.2995 0.2995 0.288 0.288 0.3365 0.3365 0.2685 0.2685 0.2685 0.265 0.265 0.298 0.298 0.294 0.294 0.294 0.2835 0.2835 0.2985 0.2985 0.285 0.285 0.3065 0.3065 0.3065 0.279 0.279 0.2715 0.2715 0.2815 0.2815 0.2815 0.2985 0.2985 0.3005 0.3005 0.2875 0.2875 0.2875 0.2705 0.2705 0.2925 0.2925 0.308 0.308 0.308 0.3165 0.3165 0.345
0.2585 0.2325 0.2325 0.239 0.239 0.2635 0.2635 0.2635 0.256 0.256 0.262 0.262 0.2655 0.2655 0.2955 0.2955 0.2955 0.317 0.317 0.3215 0.3215 0.309 0.309 0.309 0.3105 0.3105 0.2795 0.2795 0.2995 0.2995 0.2995 0.288 0.288 0.3365 0.3365 0.2685 0.2685 0.2685 0.265 0.265 0.298 0.298 0.294 0.294 0.294 0.2835 0.2835 0.2985 0.2985 0.285 0.285 0.3065 0.3065 0.3065 0.279 0.279 0.2715 0.2715 0.2815 0.2815 0.2815 0.2985 0.2985 0.3005 0.3005 0.2875 0.2875 0.2875 0.2705 0.2705 0.2925 0.2925 0.308 0.308 0.308 0.3165 0.3165 0.345
0.2265 0.24 0.24 0.217 0.217 0.269 0.269 0.269 0.2605 0.2605 0.2835 0.2835 0.3055 0.3055 0.2895 0.2895 0.2895 0.297 0.297 0.31 0.31 0.3145 0.3145 0.3145 0.301 0.301 0.311 0.311 0.3075 0.3075 0.3075 0.269 0.269 0.2885 0.2885 0.2855 0.2855 0.2855 0.294 0.294 0.3055 0.3055 0.3355 0.3355 0.3355 0.3135 0.3135 0.3085 0.3085 0.3185 0.3185 0.326 0.326 0.326 0.348 0.348 0.3615 0.3615 0.354 0.354 0.354 0.3445 0.3445 0.3085 0.3085 0.286 0.286 0.286 0.3035 0.3035 0.3325 0.3325 0.3775 0.3775 0.3775 0.363 0.363 0.324
0.2265 0.24 0.24 0.217 0.217 0.269 0.269 0.269 0.2605 0.2605 0.2835 0.2835 0.3055 0.3055 0.2895 0.2895 0.2895 0.297 0.297 0.31 0.31 0.3145 0.3145 0.3145 0.301 0.301 0.311 0.311 0.3075 0.3075 0.3075 0.269 0.269 0.2885 0.2885 0.2855 0.2855 0.2855 0.294 0.294 0.3055 0.3055 0.3355 0.3355 0.3355 0.3135 0.3135 0.3085 0.3085 0.3185 0.3185 0.326 0.326 0.326 0.348 0.348 0.3615 0.3615 0.354 0.354 0.354 0.3445 0.3445 0.3085 0.3085 0.286 0.286 0.286 0.3035 0.3035 0.3325 0.3325 0.3775 0.3775 0.3775 0.363 0.363 0.324
0.2635 0.223 0.223 0.2385 0.2385 0.28 0.28 0.28 0.2785 0.2785 0.2815 0.2815 0.289 0.289 0.297 0.297 0.297 0.327 0.327 0.3065 0.3065 0.2795 0.2795 0.2795 0.2875 0.2875 0.2905 0.2905 0.304 0.304 0.304 0.292 0.292 0.305 0.305 0.3235 0.3235 0.3235 0.337 0.337 0.315 0.315 0.3535 0.3535 0.3535 0.3315 0.3315 0.319 0.319 0.331 0.331 0.338 0.338 0.338 0.3315 0.3315 0.3245 0.3245 0.3235 0.3235 0.3235 0.3175 0.3175 0.3285 0.3285 0.3365 0.3365 0.3365 0.3415 0.3415 0.3385 0.3385 0.3615 0.3615 0.3615 0.3735 0.3735 0.3445
0.2635 0.223 0.223 0.2385 0.2385 0.28 0.28 0.28 0.2785 0.2785 0.2815 0.2815 0.289 0.289 0.297 0.297 0.297 0.327 0.327 0.3065 0.3065 0.2795 0.2795 0.2795 0.2875 0.2875 0.2905 0.2905 0.304 0.304 0.304 0.292 0.292 0.305 0.305 0.3235 0.3235 0.3235 0.337 0.337 0.315 0.315 0.3535 0.3535 0.3535 0.3315 0.3315 0.319 0.319 0.331 0.331 0.338 0.338 0.338 0.3315 0.3315 0.3245 0.3245 0.3235 0.3235 0.3235 0.3175 0.3175 0.3285 0.3285 0.3365 0.3365 0.3365 0.3415 0.3415 0.3385 0.3385 0.3615 0.3615 0.3615 0.3735 0.3735 0.3445
0.269 0.2245 0.2245 0.255 0.255 0.262 0.262 0.262 0.301 0.301 0.3005 0.3005 0.3045 0.3045 0.3075 0.3075 0.3075 0.308 0.308 0.331 0.331 0.308 0.308 0.308 0.3045 0.3045 0.2995 0.2995 0.3075 0.3075 0.3075 0.307 0.307 0.3655 0.3655 0.37 0.37 0.37 0.3525 0.3525 0.3305 0.3305 0.356 0.356 0.356 0.373 0.373 0.3285 0.3285 0.311 0.311 0.342 0.342 0.342 0.322 0.322 0.313 0.313 0.3045 0.3045 0.3045 0.33 0.33 0.377 0.377 0.3845 0.3845 0.3845 0.386 0.386 0.3585 0.3585 0.4015 0.4015 0.4015 0.41 0.41 0.3755
0.269 0.2245 0.2245 0.255 0.255 0.262 0.262 0.262 0.301 0.301 0.3005 0.3005 0.3045 0.3045 0.3075 0.3075 0.3075 0.308 0.308 0.331 0.331 0.308 0.308 0.308 0.3045 0.3045 0.2995 0.2995 0.3075 0.3075 0.3075 0.307 0.307 0.3655 0.3655 0.37 0.37 0.37 0.3525 0.3525 0.3305 0.3305 0.356 0.356 0.356 0.373 0.373 0.3285 0.3285 0.311 0.311 0.342 0.342 0.342 0.322 0.322 0.313 0.313 0.3045 0.3045 0.3045 0.33 0.33 0.377 0.377 0.3845 0.3845 0.3845 0.386 0.386 0.3585 0.3585 0.4015 0.4015 0.4015 0.41 0.41 0.3755
0.269 0.2245 0.2245 0.255 0.255 0.262 0.262 0.262 0.301 0.301 0.3005 0.3005 0.3045 0.3045 0.3075 0.3075 0.3075 0.308 0.308 0.331 0.331 0.308 0.308 0.308 0.3045 0.3045 0.2995 0.2995 0.3075 0.3075 0.3075 0.307 0.307 0.3655 0.3655 0.37 0.37 0.37 0.3525 0.3525 0.3305 0.3305 0.356 0.356 0.356 0.373 0.373 0.3285 0.3285 0.311 0.311 0.342 0.342 0.342 0.322 0.322 0.313 0.313 0.3045 0.3045 0.3045 0.33 0.33 0.377 0.377 0.3845 0.3845 0.3845 0.386 0.386 0.3585 0.3585 0.4015 0.4015 0.4015 0.41 0.41 0.3755
0.287 0.258 0.258 0.289 0.289 0.291 0.291 0.291 0.342 0.342 0.339 0.339 0.313 0.313 0.3135 0.3135 0.3135 0.2855 0.2855 0.306 0.306 0.298 0.298 0.298 0.305 0.305 0.2815 0.2815 0.325 0.325 0.325 0.3445 0.3445 0.3635 0.3635 0.4045 0.4045 0.4045 0.3505 0.3505 0.319 0.319 0.3165 0.3165 0.3165 0.363 0.363 0.3575 0.3575 0.335 0.335 0.3695 0.3695 0.3695 0.331 0.331 0.3115 0.3115 0.349 0.349 0.349 0.333 0.333 0.3665 0.3665 0.3735 0.3735 0.3735 0.379 0.379 0.3735 0.3735 0.3645 0.3645 0.3645 0.3265 0.3265 0.3455
0.287 0.258 0.258 0.289 0.289 0.291 0.291 0.291 0.342 0.342 0.339 0.339 0.313 0.313 0.3135 0.3135 0.3135 0.2855 0.2855 0.306 0.306 0.298 0.298 0.298 0.305 0.305 0.2815 0.2815 0.325 0.325 0.325 0.3445 0.3445 0.3635 0.3635 0.4045 0.4045 0.4045 0.3505 0.3505 0.319 0.319 0.3165 0.3165 0.3165 0.363 0.363 0.3575 0.3575 0.335 0.335 0.3695 0.3695 0.3695 0.331 0.331 0.3115 0.3115 0.349 0.349 0.349 0.333 0.333 0.3665 0.3665 0.3735 0.3735 0.3735 0.379 0.379 0.3735 0.3735 0.3645 0.3645 0.3645 0.3265 0.3265 0.3455
0.293 0.3545 0.3545 0.3275 0.3275 0.3265 0.3265 0.3265 0.349 0.349 0.3515 0.3515 0.34 0.34 0.326 0.326 0.326 0.312 0.312 0.3215 0.3215 0.3055 0.3055 0.3055 0.314 0.314 0.311 0.311 0.335 0.335 0.335 0.3525 0.3525 0.332 0.332 0.348 0.348 0.348 0.3445 0.3445 0.343 0.343 0.325 0.325 0.325 0.319 0.319 0.3795 0.3795 0.359 0.359 0.351 0.351 0.351 0.3325 0.3325 0.3195 0.3195 0.3635 0.3635 0.3635 0.3915 0.3915 0.3935 0.3935 0.3745 0.3745 0.3745 0.3695 0.3695 0.3825 0.3825 0.376 0.376 0.376 0.402 0.402 0.3595
0.293 0.3545 0.3545 0.3275 0.3275 0.3265 0.3265 0.3265 0.349 0.349 0.3515 0.3515 0.34 0.34 0.326 0.326 0.326 0.312 0.312 0.3215 0.3215 0.3055 0.3055 0.3055 0.314 0.314 0.311 0.311 0.335 0.335 0.335 0.3525 0.3525 0.332 0.332 0.348 0.348 0.348 0.3445 0.3445 0.343 0.343 0.325 0.325 0.325 0.319 0.319 0.3795 0.3795 0.359 0.359 0.351 0.351 0.351 0.3325 0.3325 0.3195 0.3195 0.3635 0.3635 0.3635 0.3915 0.3915 0.3935 0.3935 0.3745 0.3745 0.3745 0.3695 0.3695 0.3825 0.3825 0.376 0.376 0.376 0.402 0.402 0.3595
0.2825 0.3245 0.3245 0.3385 0.3385 0.3315 0.3315 0.3315 0.326 0.326 0.348 0.348 0.319 0.319 0.304 0.304 0.304 0.3245 0.3245 0.3345 0.3345 0.3395 0.3395 0.3395 0.325 0.325 0.3465 0.3465 0.331 0.331 0.331 0.332 0.332 0.358 0.358 0.357 0.357 0.357 0.378 0.378 0.382 0.382 0.3655 0.3655 0.3655 0.3475 0.3475 0.347 0.347 0.3335 0.3335 0.3385 0.3385 0.3385 0.3545 0.3545 0.422 0.422 0.437 0.437 0.437 0.459 0.459 0.421 0.421 0.411 0.411 0.411 0.374 0.374 0.357 0.357 0.3635 0.3635 0.3635 0.398 0.398 0.4115
0.2825 0.3245 0.3245 0.3385 0.3385 0.3315 0.3315 0.3315 0.326 0.326 0.348 0.348 0.319 0.319 0.304 0.304 0.304 0.3245 0.3245 0.3345 0.3345 0.3395 0.3395 0.3395 0.325 0.325 0.3465 0.3465 0.331 0.331 0.331 0.332 0.332 0.358 0.358 0.357 0.357 0.357 0.378 0.378 0.382 0.382 0.3655 0.3655 0.3655 0.3475 0.3475 0.347 0.347 0.3335 0.3335 0.3385 0.3385 0.3385 0.3545 0.3545 0.422 0.422 0.437 0.437 0.437 0.459 0.459 0.421 0.421 0.411 0.411 0.411 0.374 0.374 0.357 0.357 0.3635 0.3635 0.3635 0.398 0.398 0.4115
0.2825 0.3245 0.3245 0.3385 0.3385 0.3315 0.3315 0.3315 0.326 0.326 0.348 0.348 0.319 0.319 0.304 0.304 0.304 0.3245 0.3245 0.3345 0.3345 0.3395 0.3395 0.3395 0.325 0.325 0.3465 0.3465 0.331 0.331 0.331 0.332 0.332 0.358 0.358 0.357 0.357 0.357 0.378 0.378 0.382 0.382 0.3655 0.3655 0.3655 0.3475 0.3475 0.347 0.347 0.3335 0.3335 0.3385 0.3385 0.3385 0.3545 0.3545 0.422 0.422 0.437 0.437 0.437 0.459 0.459 0.421 0.421 0.411 0.411 0.411 0.374 0.374 0.357 0.357 0.3635 0.3635 0.3635 0.398 0.398 0.4115
