ndvi/NOAA-18.asc
ncols         252
nrows         154
xllcorner     -18.017974
yllcorner     13.481982
cellsize      0.035948
NODATA_value  -9999
[rows 70 to 104 of 154, columns 154 to 230 of 252]
0.1635 0.1535 0.1535 0.156 0.156 0.156 0.17 0.17 0.167 0.167 0.1755 0.1755 0.1955 0.1955 0.1955 0.23 0.23 0.224 0.224 0.2295 0.2295 0.2295 0.225 0.225 0.234 0.234 0.237 0.237 0.237 0.2285 0.2285 0.224 0.224 0.198 0.198 0.198 0.208 0.208 0.207 0.207 0.2265 0.2265 0.2265 0.2225 0.2225 0.2115 0.2115 0.2055 0.2055 0.2095 0.2095 0.2095 0.2035 0.2035 0.2425 0.2425 0.2255 0.2255 0.2255 0.224 0.224 0.206 0.206 0.2025 0.2025 0.2025 0.2035 0.2035 0.2235 0.2235 0.2275 0.2275 0.2275 0.2255 0.2255 0.228 0.228
0.1585 0.168 0.168 0.208 0.208 0.208 0.1865 0.1865 0.1745 0.1745 0.17 0.17 0.183 0.183 0.183 0.1985 0.1985 0.209 0.209 0.195 0.195 0.195 0.2115 0.2115 0.2155 0.2155 0.23 0.23 0.23 0.232 0.232 0.2405 0.2405 0.2255 0.2255 0.2255 0.2085 0.2085 0.2045 0.2045 0.203 0.203 0.203 0.2025 0.2025 0.201 0.201 0.2255 0.2255 0.22 0.22 0.22 0.227 0.227 0.235 0.235 0.224 0.224 0.224 0.2345 0.2345 0.2265 0.2265 0.216 0.216 0.216 0.216 0.216 0.2115 0.2115 0.206 0.206 0.206 0.217 0.217 0.222 0.222
0.1585 0.168 0.168 0.208 0.208 0.208 0.1865 0.1865 0.1745 0.1745 0.17 0.17 0.183 0.183 0.183 0.1985 0.1985 0.209 0.209 0.195 0.195 0.195 0.2115 0.2115 0.2155 0.2155 0.23 0.23 0.23 0.232 0.232 0.2405 0.2405 0.2255 0.2255 0.2255 0.2085 0.2085 0.2045 0.2045 0.203 0.203 0.203 0.2025 0.2025 0.201 0.201 0.2255 0.2255 0.22 0.22 0.22 0.227 0.227 0.235 0.235 0.224 0.224 0.224 0.2345 0.2345 0.2265 0.2265 0.216 0.216 0.216 0.216 0.216 0.2115 0.2115 0.206 0.206 0.206 0.217 0.217 0.222 0.222
0.1585 0.168 0.168 0.208 0.208 0.208 0.1865 0.1865 0.1745 0.1745 0.17 0.17 0.183 0.183 0.183 0.1985 0.1985 0.209 0.209 0.195 0.195 0.195 0.2115 0.2115 0.2155 0.2155 0.23 0.23 0.23 0.232 0.232 0.2405 0.2405 0.2255 0.2255 0.2255 0.2085 0.2085 0.2045 0.2045 0.203 0.203 0.203 0.2025 0.2025 0.201 0.201 0.2255 0.2255 0.22 0.22 0.22 0.227 0.227 0.235 0.235 0.224 0.224 0.224 0.2345 0.2345 0.2265 0.2265 0.216 0.216 0.216 0.216 0.216 0.2115 0.2115 0.206 0.206 0.206 0.217 0.217 0.222 0.222
0.1685 0.1885 0.1885 0.196 0.196 0.196 0.1835 0.1835 0.1745 0.1745 0.1645 0.1645 0.184 0.184 0.184 0.21 0.21 0.2245 0.2245 0.202 0.202 0.202 0.2075 0.2075 0.2115 0.2115 0.2255 0.2255 0.2255 0.2235 0.2235 0.221 0.221 0.2315 0.2315 0.2315 0.2465 0.2465 0.2445 0.2445 0.252 0.252 0.252 0.2505 0.2505 0.2505 0.2505 0.244 0.244 0.2305 0.2305 0.2305 0.236 0.236 0.2375 0.2375 0.2255 0.2255 0.2255 0.228 0.228 0.224 0.224 0.2205 0.2205 0.2205 0.22 0.22 0.197 0.197 0.2245 0.2245 0.2245 0.246 0.246 0.2585 0.2585
0.1685 0.1885 0.1885 0.196 0.196 0.196 0.1835 0.1835 0.1745 0.1745 0.1645 0.1645 0.184 0.184 0.184 0.21 0.21 0.2245 0.2245 0.202 0.202 0.202 0.2075 0.2075 0.2115 0.2115 0.2255 0.2255 0.2255 0.2235 0.2235 0.221 0.221 0.2315 0.2315 0.2315 0.2465 0.2465 0.2445 0.2445 0.252 0.252 0.252 0.2505 0.2505 0.2505 0.2505 0.244 0.244 0.2305 0.2305 0.2305 0.236 0.236 0.2375 0.2375 0.2255 0.2255 0.2255 0.228 0.228 0.224 0.224 0.2205 0.2205 0.2205 0.22 0.22 0.197 0.197 0.2245 0.2245 0.2245 0.246 0.246 0.2585 0.2585
0.1305 0.1745 0.1745 0.1925 0.1925 0.1925 0.162 0.162 0.174 0.174 0.152 0.152 0.1875 0.1875 0.1875 0.2095 0.2095 0.2245 0.2245 0.2085 0.2085 0.2085 0.208 0.208 0.217 0.217 0.212 0.212 0.212 0.2375 0.2375 0.238 0.238 0.236 0.236 0.236 0.2445 0.2445 0.244 0.244 0.2455 0.2455 0.2455 0.253 0.253 0.239 0.239 0.2415 0.2415 0.239 0.239 0.239 0.246 0.246 0.226 0.226 0.2345 0.2345 0.2345 0.2305 0.2305 0.226 0.226 0.241 0.241 0.241 0.2195 0.2195 0.237 0.237 0.208 0.208 0.208 0.2225 0.2225 0.231 0.231
0.1305 0.1745 0.1745 0.1925 0.1925 0.1925 0.162 0.162 0.174 0.174 0.152 0.152 0.1875 0.1875 0.1875 0.2095 0.2095 0.2245 0.2245 0.2085 0.2085 0.2085 0.208 0.208 0.217 0.217 0.212 0.212 0.212 0.2375 0.2375 0.238 0.238 0.236 0.236 0.236 0.2445 0.2445 0.244 0.244 0.2455 0.2455 0.2455 0.253 0.253 0.239 0.239 0.2415 0.2415 0.239 0.239 0.239 0.246 0.246 0.226 0.226 0.2345 0.2345 0.2345 0.2305 0.2305 0.226 0.226 0.241 0.241 0.241 0.2195 0.2195 0.237 0.237 0.208 0.208 0.208 0.2225 0.2225 0.231 0.231
0.123 0.1385 0.1385 0.1645 0.1645 0.1645 0.145 0.145 0.1445 0.1445 0.1655 0.1655 0.1935 0.1935 0.1935 0.206 0.206 0.1965 0.1965 0.198 0.198 0.198 0.208 0.208 0.22 0.22 0.23 0.23 0.23 0.227 0.227 0.222 0.222 0.228 0.228 0.228 0.2295 0.2295 0.2345 0.2345 0.2415 0.2415 0.2415 0.236 0.236 0.234 0.234 0.224 0.224 0.248 0.248 0.248 0.2455 0.2455 0.2295 0.2295 0.23 0.23 0.23 0.2425 0.2425 0.238 0.238 0.2505 0.2505 0.2505 0.259 0.259 0.237 0.237 0.244 0.244 0.244 0.225 0.225 0.2375 0.2375
0.123 0.1385 0.1385 0.1645 0.1645 0.1645 0.145 0.145 0.1445 0.1445 0.1655 0.1655 0.1935 0.1935 0.1935 0.206 0.206 0.1965 0.1965 0.198 0.198 0.198 0.208 0.208 0.22 0.22 0.23 0.23 0.23 0.227 0.227 0.222 0.222 0.228 0.228 0.228 0.2295 0.2295 0.2345 0.2345 0.2415 0.2415 0.2415 0.236 0.236 0.234 0.234 0.224 0.224 0.248 0.248 0.248 0.2455 0.2455 0.2295 0.2295 0.23 0.23 0.23 0.2425 0.2425 0.238 0.238 0.2505 0.2505 0.2505 0.259 0.259 0.237 0.237 0.244 0.244 0.244 0.225 0.225 0.2375 0.2375
0.119 0.1335 0.1335 0.137 0.137 0.137 0.138 0.138 0.135 0.135 0.1575 0.1575 0.199 0.199 0.199 0.2125 0.2125 0.2145 0.2145 0.2165 0.2165 0.2165 0.242 0.242 0.228 0.228 0.235 0.235 0.235 0.214 0.214 0.221 0.221 0.2255 0.2255 0.2255 0.235 0.235 0.222 0.222 0.241 0.241 0.241 0.2515 0.2515 0.232 0.232 0.2265 0.2265 0.2385 0.2385 0.2385 0.2365 0.2365 0.2375 0.2375 0.2525 0.2525 0.2525 0.248 0.248 0.2615 0.2615 0.2785 0.2785 0.2785 0.2595 0.2595 0.255 0.255 0.25 0.25 0.25 0.2705 0.2705 0.248 0.248
0.119 0.1335 0.1335 0.137 0.137 0.137 0.138 0.138 0.135 0.135 0.1575 0.1575 0.199 0.199 0.199 0.2125 0.2125 0.2145 0.2145 0.2165 0.2165 0.2165 0.242 0.242 0.228 0.228 0.235 0.235 0.235 0.214 0.214 0.221 0.221 0.2255 0.2255 0.2255 0.235 0.235 0.222 0.222 0.241 0.241 0.241 0.2515 0.2515 0.232 0.232 0.2265 0.2265 0.2385 0.2385 0.2385 0.2365 0.2365 0.2375 0.2375 0.2525 0.2525 0.2525 0.248 0.248 0.2615 0.2615 0.2785 0.2785 0.2785 0.2595 0.2595 0.255 0.255 0.25 0.25 0.25 0.2705 0.2705 0.248 0.248
0.119 0.1335 0.1335 0.137 0.137 0.137 0.138 0.138 0.135 0.135 0.1575 0.1575 0.199 0.199 0.199 0.2125 0.2125 0.2145 0.2145 0.2165 0.2165 0.2165 0.242 0.242 0.228 0.228 0.235 0.235 0.235 0.214 0.214 0.221 0.221 0.2255 0.2255 0.2255 0.235 0.235 0.222 0.222 0.241 0.241 0.241 0.2515 0.2515 0.232 0.232 0.2265 0.2265 0.2385 0.2385 0.2385 0.2365 0.2365 0.2375 0.2375 0.2525 0.2525 0.2525 0.248 0.248 0.2615 0.2615 0.2785 0.2785 0.2785 0.2595 0.2595 0.255 0.255 0.25 0.25 0.25 0.2705 0.2705 0.248 0.248
0.126 0.1415 0.1415 0.147 0.147 0.147 0.146 0.146 0.16 0.16 0.204 0.204 0.226 0.226 0.226 0.237 0.237 0.2295 0.2295 0.2505 0.2505 0.2505 0.255 0.255 0.241 0.241 0.2125 0.2125 0.2125 0.227 0.227 0.2065 0.2065 0.2195 0.2195 0.2195 0.212 0.212 0.2235 0.2235 0.22 0.22 0.22 0.232 0.232 0.2175 0.2175 0.2365 0.2365 0.2515 0.2515 0.2515 0.259 0.259 0.257 0.257 0.2635 0.2635 0.2635 0.26 0.26 0.2535 0.2535 0.263 0.263 0.263 0.259 0.259 0.273 0.273 0.2945 0.2945 0.2945 0.2905 0.2905 0.313 0.313
0.126 0.1415 0.1415 0.147 0.147 0.147 0.146 0.146 0.16 0.16 0.204 0.204 0.226 0.226 0.226 0.237 0.237 0.2295 0.2295 0.2505 0.2505 0.2505 0.255 0.255 0.241 0.241 0.2125 0.2125 0.2125 0.227 0.227 0.2065 0.2065 0.2195 0.2195 0.2195 0.212 0.212 0.2235 0.2235 0.22 0.22 0.22 0.232 0.232 0.2175 0.2175 0.2365 0.2365 0.2515 0.2515 0.2515 0.259 0.259 0.257 0.257 0.2635 0.2635 0.2635 0.26 0.26 0.2535 0.2535 0.263 0.263 0.263 0.259 0.259 0.273 0.273 0.2945 0.2945 0.2945 0.2905 0.2905 0.313 0.313
0.149 0.1525 0.1525 0.1735 0.1735 0.1735 0.1575 0.1575 0.192 0.192 0.2095 0.2095 0.2235 0.2235 0.2235 0.2235 0.2235 0.2465 0.2465 0.2605 0.2605 0.2605 0.255 0.255 0.24 0.24 0.2135 0.2135 0.2135 0.219 0.219 0.2115 0.2115 0.2165 0.2165 0.2165 0.2165 0.2165 0.228 0.228 0.2515 0.2515 0.2515 0.249 0.249 0.234 0.234 0.258 0.258 0.258 0.258 0.258 0.236 0.236 0.2575 0.2575 0.26 0.26 0.26 0.2645 0.2645 0.2595 0.2595 0.2685 0.2685 0.2685 0.2725 0.2725 0.2715 0.2715 0.3 0.3 0.3 0.2995 0.2995 0.286 0.286
0.149 0.1525 0.1525 0.1735 0.1735 0.1735 0.1575 0.1575 0.192 0.192 0.2095 0.2095 0.2235 0.2235 0.2235 0.2235 0.2235 0.2465 0.2465 0.2605 0.2605 0.2605 0.255 0.255 0.24 0.24 0.2135 0.2135 0.2135 0.219 0.219 0.2115 0.2115 0.2165 0.2165 0.2165 0.2165 0.2165 0.228 0.228 0.2515 0.2515 0.2515 0.249 0.249 0.234 0.234 0.258 0.258 0.258 0.258 0.258 0.236 0.236 0.2575 0.2575 0.26 0.26 0.26 0.2645 0.2645 0.2595 0.2595 0.2685 0.2685 0.2685 0.2725 0.2725 0.2715 0.2715 0.3 0.3 0.3 0.2995 0.2995 0.286 0.286
0.1535 0.1715 0.1715 0.187 0.187 0.187 0.181 0.181 0.187 0.187 0.2125 0.2125 0.2265 0.2265 0.2265 0.2365 0.2365 0.228 0.228 0.238 0.238 0.238 0.231 0.231 0.2095 0.2095 0.21 0.21 0.21 0.2055 0.2055 0.221 0.221 0.21 0.21 0.21 0.2065 0.2065 0.2305 0.2305 0.2295 0.2295 0.2295 0.232 0.232 0.225 0.225 0.24 0.24 0.2395 0.2395 0.2395 0.2585 0.2585 0.2755 0.2755 0.2705 0.2705 0.2705 0.2645 0.2645 0.264 0.264 0.2705 0.2705 0.2705 0.3025 0.3025 0.2895 0.2895 0.302 0.302 0.302 0.3125 0.3125 0.287 0.287
0.1535 0.1715 0.1715 0.187 0.187 0.187 0.181 0.181 0.187 0.187 0.2125 0.2125 0.2265 0.2265 0.2265 0.2365 0.2365 0.228 0.228 0.238 0.238 0.238 0.231 0.231 0.2095 0.2095 0.21 0.21 0.21 0.2055 0.2055 0.221 0.221 0.21 0.21 0.21 0.2065 0.2065 0.2305 0.2305 0.2295 0.2295 0.2295 0.232 0.232 0.225 0.225 0.24 0.24 0.2395 0.2395 0.2395 0.2585 0.2585 0.2755 0.2755 0.2705 0.2705 0.2705 0.2645 0.2645 0.264 0.264 0.2705 0.2705 0.2705 0.3025 0.3025 0.2895 0.2895 0.302 0.302 0.302 0.3125 0.3125 0.287 0.287
0.1535 0.1715 0.1715 0.187 0.187 0.187 0.181 0.181 0.187 0.187 0.2125 0.2125 0.2265 0.2265 0.2265 0.2365 0.2365 0.228 0.228 0.238 0.238 0.238 0.231 0.231 0.2095 0.2095 0.21 0.21 0.21 0.2055 0.2055 0.221 0.221 0.21 0.21 0.21 0.2065 0.2065 0.2305 0.2305 0.2295 0.2295 0.2295 0.232 0.232 0.225 0.225 0.24 0.24 0.2395 0.2395 0.2395 0.2585 0.2585 0.2755 0.2755 0.2705 0.2705 0.2705 0.2645 0.2645 0.264 0.264 0.2705 0.2705 0.2705 0.3025 0.3025 0.2895 0.2895 0.302 0.302 0.302 0.3125 0.3125 0.287 0.287
0.1645 0.178 0.178 0.1865 0.1865 0.1865 0.197 0.197 0.203 0.203 0.2365 0.2365 0.23 0.23 0.23 0.25 0.25 0.232 0.232 0.2225 0.2225 0.2225 0.223 0.223 0.197 0.197 0.19 0.19 0.19 0.2075 0.2075 0.218 0.218 0.2315 0.2315 0.2315 0.2465 0.2465 0.2715 0.2715 0.2665 0.2665 0.2665 0.2395 0.2395 0.2455 0.2455 0.2265 0.2265 0.2455 0.2455 0.2455 0.247 0.247 0.261 0.261 0.2605 0.2605 0.2605 0.253 0.253 0.3 0.3 0.2755 0.2755 0.2755 0.311 0.311 0.2825 0.2825 0.314 0.314 0.314 0.256 0.256 0.247 0.247
0.1645 0.178 0.178 0.1865 0.1865 0.1865 0.197 0.197 0.203 0.203 0.2365 0.2365 0.23 0.23 0.23 0.25 0.25 0.232 0.232 0.2225 0.2225 0.2225 0.223 0.223 0.197 0.197 0.19 0.19 0.19 0.2075 0.2075 0.218 0.218 0.2315 0.2315 0.2315 0.2465 0.2465 0.2715 0.2715 0.2665 0.2665 0.2665 0.2395 0.2395 0.2455 0.2455 0.2265 0.2265 0.2455 0.2455 0.2455 0.247 0.247 0.261 0.261 0.2605 0.2605 0.2605 0.253 0.253 0.3 0.3 0.2755 0.2755 0.2755 0.311 0.311 0.2825 0.2825 0.314 0.314 0.314 0.256 0.256 0.247 0.247
0.1845 0.201 0.201 0.2055 0.2055 0.2055 0.213 0.213 0.203 0.203 0.228 0.228 0.2425 0.2425 0.2425 0.251 0.251 0.2385 0.2385 0.2215 0.2215 0.2215 0.2235 0.2235 0.2125 0.2125 0.2025 0.2025 0.2025 0.217 0.217 0.2295 0.2295 0.2415 0.2415 0.2415 0.274 0.274 0.258 0.258 0.2395 0.2395 0.2395 0.23 0.23 0.2385 0.2385 0.248 0.248 0.245 0.245 0.245 0.2385 0.2385 0.2485 0.2485 0.256 0.256 0.256 0.24 0.24 0.2655 0.2655 0.2655 0.2655 0.2655 0.294 0.294 0.2895 0.2895 0.278 0.278 0.278 0.2525 0.2525 0.241 0.241
0.1845 0.201 0.201 0.2055 0.2055 0.2055 0.213 0.213 0.203 0.203 0.228 0.228 0.2425 0.2425 0.2425 0.251 0.251 0.2385 0.2385 0.2215 0.2215 0.2215 0.2235 0.2235 0.2125 0.2125 0.2025 0.2025 0.2025 0.217 0.217 0.2295 0.2295 0.2415 0.2415 0.2415 0.274 0.274 0.258 0.258 0.2395 0.2395 0.2395 0.23 0.23 0.2385 0.2385 0.248 0.248 0.245 0.245 0.245 0.2385 0.2385 0.2485 0.2485 0.256 0.256 0.256 0.24 0.24 0.2655 0.2655 0.2655 0.2655 0.2655 0.294 0.294 0.2895 0.2895 0.278 0.278 0.278 0.2525 0.2525 0.241 0.241
0.1995 0.203 0.203 0.214 0.214 0.214 0.212 0.212 0.204 0.204 0.211 0.211 0.226 0.226 0.226 0.25 0.25 0.2355 0.2355 0.22 0.22 0.22 0.206 0.206 0.1995 0.1995 0.21 0.21 0.21 0.232 0.232 0.2285 0.2285 0.2495 0.2495 0.2495 0.2325 0.2325 0.237 0.237 0.247 0.247 0.247 0.2445 0.2445 0.2495 0.2495 0.275 0.275 0.261 0.261 0.261 0.2575 0.2575 0.2555 0.2555 0.2895 0.2895 0.2895 0.255 0.255 0.274 0.274 0.254 0.254 0.254 0.288 0.288 0.27 0.27 0.2905 0.2905 0.2905 0.2605 0.2605 0.2505 0.2505
0.1995 0.203 0.203 0.214 0.214 0.214 0.212 0.212 0.204 0.204 0.211 0.211 0.226 0.226 0.226 0.25 0.25 0.2355 0.2355 0.22 0.22 0.22 0.206 0.206 0.1995 0.1995 0.21 0.21 0.21 0.232 0.232 0.2285 0.2285 0.2495 0.2495 0.2495 0.2325 0.2325 0.237 0.237 0.247 0.247 0.247 0.2445 0.2445 0.2495 0.2495 0.275 0.275 0.261 0.261 0.261 0.2575 0.2575 0.2555 0.2555 0.2895 0.2895 0.2895 0.255 0.255 0.274 0.274 0.254 0.254 0.254 0.288 0.288 0.27 0.27 0.2905 0.2905 0.2905 0.2605 0.2605 0.2505 0.2505
0.1995 0.203 0.203 0.214 0.214 0.214 0.212 0.212 0.204 0.204 0.211 0.211 0.226 0.226 0.226 0.25 0.25 0.2355 0.2355 0.22 0.22 0.22 0.206 0.206 0.1995 0.1995 0.21 0.21 0.21 0.232 0.232 0.2285 0.2285 0.2495 0.2495 0.2495 0.2325 0.2325 0.237 0.237 0.247 0.247 0.247 0.2445 0.2445 0.2495 0.2495 0.275 0.275 0.261 0.261 0.261 0.2575 0.2575 0.2555 0.2555 0.2895 0.2895 0.2895 0.255 0.255 0.274 0.274 0.254 0.254 0.254 0.288 0.288 0.27 0.27 0.2905 0.2905 0.2905 0.2605 0.2605 0.2505 0.2505
0.2125 0.2215 0.2215 0.228 0.228 0.228 0.228 0.228 0.2155 0.2155 0.206 0.206 0.21 0.21 0.21 0.2175 0.2175 0.2175 0.2175 0.222 0.222 0.222 0.228 0.228 0.216 0.216 0.2335 0.2335 0.2335 0.248 0.248 0.2465 0.2465 0.241 0.241 0.241 0.2365 0.2365 0.2455 0.2455 0.2585 0.2585 0.2585 0.2795 0.2795 0.2525 0.2525 0.2815 0.2815 0.256 0.256 0.256 0.2475 0.2475 0.235 0.235 0.264 0.264 0.264 0.247 0.247 0.2525 0.2525 0.2625 0.2625 0.2625 0.271 0.271 0.279 0.279 0.27 0.27 0.27 0.27 0.27 0.266 0.266
0.2125 0.2215 0.2215 0.228 0.228 0.228 0.228 0.228 0.2155 0.2155 0.206 0.206 0.21 0.21 0.21 0.2175 0.2175 0.2175 0.2175 0.222 0.222 0.222 0.228 0.228 0.216 0.216 0.2335 0.2335 0.2335 0.248 0.248 0.2465 0.2465 0.241 0.241 0.241 0.2365 0.2365 0.2455 0.2455 0.2585 0.2585 0.2585 0.2795 0.2795 0.2525 0.2525 0.2815 0.2815 0.256 0.256 0.256 0.2475 0.2475 0.235 0.235 0.264 0.264 0.264 0.247 0.247 0.2525 0.2525 0.2625 0.2625 0.2625 0.271 0.271 0.279 0.279 0.27 0.27 0.27 0.27 0.27 0.266 0.266
0.249 0.242 0.242 0.226 0.226 0.226 0.207 0.207 0.2175 0.2175 0.236 0.236 0.2155 0.2155 0.2155 0.2435 0.2435 0.2635 0.2635 0.265 0.265 0.265 0.257 0.257 0.234 0.234 0.249 0.249 0.249 0.244 0.244 0.247 0.247 0.2325 0.2325 0.2325 0.2455 0.2455 0.2395 0.2395 0.246 0.246 0.246 0.2605 0.2605 0.2605 0.2605 0.2305 0.2305 0.231 0.231 0.231 0.236 0.236 0.273 0.273 0.2385 0.2385 0.2385 0.237 0.237 0.2695 0.2695 0.263 0.263 0.263 0.2565 0.2565 0.2685 0.2685 0.263 0.263 0.263 0.2785 0.2785 0.248 0.248
0.249 0.242 0.242 0.226 0.226 0.226 0.207 0.207 0.2175 0.2175 0.236 0.236 0.2155 0.2155 0.2155 0.2435 0.2435 0.2635 0.2635 0.265 0.265 0.265 0.257 0.257 0.234 0.234 0.249 0.249 0.249 0.244 0.244 0.247 0.247 0.2325 0.2325 0.2325 0.2455 0.2455 0.2395 0.2395 0.246 0.246 0.246 0.2605 0.2605 0.2605 0.2605 0.2305 0.2305 0.231 0.231 0.231 0.236 0.236 0.273 0.273 0.2385 0.2385 0.2385 0.237 0.237 0.2695 0.2695 0.263 0.263 0.263 0.2565 0.2565 0.2685 0.2685 0.263 0.263 0.263 0.2785 0.2785 0.248 0.248
0.2105 0.213 0.213 0.2185 0.2185 0.2185 0.202 0.202 0.214 0.214 0.225 0.225 0.241 0.241 0.241 0.2365 0.2365 0.2475 0.2475 0.263 0.263 0.263 0.261 0.261 0.262 0.262 0.2565 0.2565 0.2565 0.255 0.255 0.259 0.259 0.2575 0.2575 0.2575 0.2475 0.2475 0.2375 0.2375 0.245 0.245 0.245 0.244 0.244 0.252 0.252 0.2415 0.2415 0.269 0.269 0.269 0.25 0.25 0.249 0.249 0.2785 0.2785 0.2785 0.2465 0.2465 0.2665 0.2665 0.253 0.253 0.253 0.253 0.253 0.244 0.244 0.248 0.248 0.248 0.2565 0.2565 0.2335 0.2335
0.2105 0.213 0.213 0.2185 0.2185 0.2185 0.202 0.202 0.214 0.214 0.225 0.225 0.241 0.241 0.241 0.2365 0.2365 0.2475 0.2475 0.263 0.263 0.263 0.261 0.261 0.262 0.262 0.2565 0.2565 0.2565 0.255 0.255 0.259 0.259 0.2575 0.2575 0.2575 0.2475 0.2475 0.2375 0.2375 0.245 0.245 0.245 0.244 0.244 0.252 0.252 0.2415 0.2415 0.269 0.269 0.269 0.25 0.25 0.249 0.249 0.2785 0.2785 0.2785 0.2465 0.2465 0.2665 0.2665 0.253 0.253 0.253 0.253 0.253 0.244 0.244 0.248 0.248 0.248 0.2565 0.2565 0.2335 0.2335
0.2385 0.225 0.225 0.249 0.249 0.249 0.23 0.23 0.225 0.225 0.244 0.244 0.232 0.232 0.232 0.227 0.227 0.2335 0.2335 0.238 0.238 0.238 0.25 0.25 0.245 0.245 0.2645 0.2645 0.2645 0.2565 0.2565 0.255 0.255 0.251 0.251 0.251 0.255 0.255 0.25 0.25 0.234 0.234 0.234 0.2405 0.2405 0.2415 0.2415 0.249 0.249 0.2835 0.2835 0.2835 0.296 0.296 0.303 0.303 0.2815 0.2815 0.2815 0.2475 0.2475 0.2645 0.2645 0.25 0.25 0.25 0.2465 0.2465 0.239 0.239 0.24 0.24 0.24 0.2455 0.2455 0.2165 0.2165
0.2385 0.225 0.225 0.249 0.249 0.249 0.23 0.23 0.225 0.225 0.244 0.244 0.232 0.232 0.232 0.227 0.227 0.2335 0.2335 0.238 0.238 0.238 0.25 0.25 0.245 0.245 0.2645 0.2645 0.2645 0.2565 0.2565 0.255 0.255 0.251 0.251 0.251 0.255 0.255 0.25 0.25 0.234 0.234 0.234 0.2405 0.2405 0.2415 0.2415 0.249 0.249 0.2835 0.2835 0.2835 0.296 0.296 0.303 0.303 0.2815 0.2815 0.2815 0.2475 0.2475 0.2645 0.2645 0.25 0.25 0.25 0.2465 0.2465 0.239 0.239 0.24 0.24 0.24 0.2455 0.2455 0.2165 0.2165
