ndvi/NOAA-353.asc
ncols         252
nrows         154
xllcorner     -18.017974
yllcorner     13.481982
cellsize      0.035948
NODATA_value  -9999
[rows 70 to 104 of 154, columns 0 to 76 of 252]
-1 -1 -1 -1 -1 -1 -1 -1 -1 -1 -1 -1 -1 -1 -1 -1 -1 -1 -1 -1 -1 -1 -1 -1 -1 -1 -1 -1 -1 -1 -1 -1 -1 -1 -1 -1 -1 -1 -1 0.247 0.247 0.247 0.293 0.293 0.329 0.329 0.4845 0.4845 0.4845 0.348 0.348 0.372 0.372 0.659 0.659 0.3315 0.3315 0.3315 0.3445 0.3445 0.356 0.356 0.356 0.356 0.356 0.288 0.288 0.2705 0.2705 0.2375 0.2375 0.2375 0.215 0.215 0.215 0.215 0.204
-1 -1 -1 -1 -1 -1 -1 -1 -1 -1 -1 -1 -1 -1 -1 -1 -1 -1 -1 -1 -1 -1 -1 -1 -1 -1 -1 -1 -1 -1 -1 -1 -1 -1 -1 -1 -1 0.078 0.078 0.1285 0.1285 0.1285 0.5075 0.5075 0.357 0.357 0.39 0.39 0.39 0.3435 0.3435 0.312 0.312 0.2455 0.2455 0.2955 0.2955 0.2955 0.282 0.282 0.314 0.314 0.314 0.314 0.314 0.267 0.267 0.2465 0.2465 0.244 0.244 0.244 0.235 0.235 0.225 0.225 0.2155
-1 -1 -1 -1 -1 -1 -1 -1 -1 -1 -1 -1 -1 -1 -1 -1 -1 -1 -1 -1 -1 -1 -1 -1 -1 -1 -1 -1 -1 -1 -1 -1 -1 -1 -1 -1 -1 0.078 0.078 0.1285 0.1285 0.1285 0.5075 0.5075 0.357 0.357 0.39 0.39 0.39 0.3435 0.3435 0.312 0.312 0.2455 0.2455 0.2955 0.2955 0.2955 0.282 0.282 0.314 0.314 0.314 0.314 0.314 0.267 0.267 0.2465 0.2465 0.244 0.244 0.244 0.235 0.235 0.225 0.225 0.2155
-1 -1 -1 -1 -1 -1 -1 -1 -1 -1 -1 -1 -1 -1 -1 -1 -1 -1 -1 -1 -1 -1 -1 -1 -1 -1 -1 -1 -1 -1 -1 -1 -1 -1 -1 -1 -1 0.078 0.078 0.1285 0.1285 0.1285 0.5075 0.5075 0.357 0.357 0.39 0.39 0.39 0.3435 0.3435 0.312 0.312 0.2455 0.2455 0.2955 0.2955 0.2955 0.282 0.282 0.314 0.314 0.314 0.314 0.314 0.267 0.267 0.2465 0.2465 0.244 0.244 0.244 0.235 0.235 0.225 0.225 0.2155
-1 -1 -1 -1 -1 -1 -1 -1 -1 -1 -1 -1 -1 -1 -1 -1 -1 -1 -1 -1 -1 -1 -1 -1 -1 -1 -1 -1 -1 -1 -1 -1 -1 -1 -1 -1 -1 0.041 0.041 0.2205 0.2205 0.2205 0.282 0.282 0.323 0.323 0.3195 0.3195 0.3195 0.323 0.323 0.163 0.163 0.2385 0.2385 0.23 0.23 0.23 0.224 0.224 0.2705 0.2705 0.2705 0.2705 0.2705 0.2665 0.2665 0.2505 0.2505 0.2315 0.2315 0.2315 0.2235 0.2235 0.2335 0.2335 0.2555
-1 -1 -1 -1 -1 -1 -1 -1 -1 -1 -1 -1 -1 -1 -1 -1 -1 -1 -1 -1 -1 -1 -1 -1 -1 -1 -1 -1 -1 -1 -1 -1 -1 -1 -1 -1 -1 0.041 0.041 0.2205 0.2205 0.2205 0.282 0.282 0.323 0.323 0.3195 0.3195 0.3195 0.323 0.323 0.163 0.163 0.2385 0.2385 0.23 0.23 0.23 0.224 0.224 0.2705 0.2705 0.2705 0.2705 0.2705 0.2665 0.2665 0.2505 0.2505 0.2315 0.2315 0.2315 0.2235 0.2235 0.2335 0.2335 0.2555
-1 -1 -1 -1 -1 -1 -1 -1 -1 -1 -1 -1 -1 -1 -1 -1 -1 -1 -1 -1 -1 -1 -1 -1 -1 -1 -1 -1 -1 -1 -1 -1 -1 -1 -1 -1 -1 0.0119 0.0119 0.229 0.229 0.229 0.32 0.32 0.2495 0.2495 0.2395 0.2395 0.2395 0.236 0.236 0.245 0.245 0.2265 0.2265 0.2135 0.2135 0.2135 0.2625 0.2625 0.236 0.236 0.236 0.236 0.236 0.253 0.253 0.255 0.255 0.239 0.239 0.239 0.249 0.249 0.2545 0.2545 0.259
-1 -1 -1 -1 -1 -1 -1 -1 -1 -1 -1 -1 -1 -1 -1 -1 -1 -1 -1 -1 -1 -1 -1 -1 -1 -1 -1 -1 -1 -1 -1 -1 -1 -1 -1 -1 -1 0.0119 0.0119 0.229 0.229 0.229 0.32 0.32 0.2495 0.2495 0.2395 0.2395 0.2395 0.236 0.236 0.245 0.245 0.2265 0.2265 0.2135 0.2135 0.2135 0.2625 0.2625 0.236 0.236 0.236 0.236 0.236 0.253 0.253 0.255 0.255 0.239 0.239 0.239 0.249 0.249 0.2545 0.2545 0.259
-1 -1 -1 -1 -1 -1 -1 -1 -1 -1 -1 -1 -1 -1 -1 -1 -1 -1 -1 -1 -1 -1 -1 -1 -1 -1 -1 -1 -1 -1 -1 -1 -1 -1 -1 -1 -1 0.9501 0.9501 0.197 0.197 0.197 0.226 0.226 0.2305 0.2305 0.2465 0.2465 0.2465 0.238 0.238 0.304 0.304 0.252 0.252 0.2405 0.2405 0.2405 0.2495 0.2495 0.24 0.24 0.24 0.24 0.24 0.25 0.25 0.2425 0.2425 0.228 0.228 0.228 0.2625 0.2625 0.258 0.258 0.255
-1 -1 -1 -1 -1 -1 -1 -1 -1 -1 -1 -1 -1 -1 -1 -1 -1 -1 -1 -1 -1 -1 -1 -1 -1 -1 -1 -1 -1 -1 -1 -1 -1 -1 -1 -1 -1 0.9501 0.9501 0.197 0.197 0.197 0.226 0.226 0.2305 0.2305 0.2465 0.2465 0.2465 0.238 0.238 0.304 0.304 0.252 0.252 0.2405 0.2405 0.2405 0.2495 0.2495 0.24 0.24 0.24 0.24 0.24 0.25 0.25 0.2425 0.2425 0.228 0.228 0.228 0.2625 0.2625 0.258 0.258 0.255
-1 -1 -1 -1 -1 -1 -1 -1 -1 -1 -1 -1 -1 -1 -1 -1 -1 -1 -1 -1 -1 -1 -1 -1 -1 -1 -1 -1 -1 -1 -1 -1 -1 -1 -1 -1 -1 0.1747 0.1747 0.189 0.189 0.189 0.2375 0.2375 0.2435 0.2435 0.245 0.245 0.245 0.238 0.238 0.2785 0.2785 0.318 0.318 0.252 0.252 0.252 0.246 0.246 0.236 0.236 0.236 0.236 0.236 0.243 0.243 0.243 0.243 0.2455 0.2455 0.2455 0.2585 0.2585 0.2585 0.2585 0.252
-1 -1 -1 -1 -1 -1 -1 -1 -1 -1 -1 -1 -1 -1 -1 -1 -1 -1 -1 -1 -1 -1 -1 -1 -1 -1 -1 -1 -1 -1 -1 -1 -1 -1 -1 -1 -1 0.1747 0.1747 0.189 0.189 0.189 0.2375 0.2375 0.2435 0.2435 0.245 0.245 0.245 0.238 0.238 0.2785 0.2785 0.318 0.318 0.252 0.252 0.252 0.246 0.246 0.236 0.236 0.236 0.236 0.236 0.243 0.243 0.243 0.243 0.2455 0.2455 0.2455 0.2585 0.2585 0.2585 0.2585 0.252
-1 -1 -1 -1 -1 -1 -1 -1 -1 -1 -1 -1 -1 -1 -1 -1 -1 -1 -1 -1 -1 -1 -1 -1 -1 -1 -1 -1 -1 -1 -1 -1 -1 -1 -1 -1 -1 0.1747 0.1747 0.189 0.189 0.189 0.2375 0.2375 0.2435 0.2435 0.245 0.245 0.245 0.238 0.238 0.2785 0.2785 0.318 0.318 0.252 0.252 0.252 0.246 0.246 0.236 0.236 0.236 0.236 0.236 0.243 0.243 0.243 0.243 0.2455 0.2455 0.2455 0.2585 0.2585 0.2585 0.2585 0.252
-1 -1 -1 -1 -1 -1 -1 -1 -1 -1 -1 -1 -1 -1 -1 -1 -1 -1 -1 -1 -1 -1 -1 -1 -1 -1 -1 -1 -1 -1 -1 -1 -1 -1 -1 -1 -1 0.04 0.04 0.1805 0.1805 0.1805 0.232 0.232 0.219 0.219 0.2305 0.2305 0.2305 0.234 0.234 0.255 0.255 0.2735 0.2735 0.2385 0.2385 0.2385 0.2285 0.2285 0.233 0.233 0.233 0.233 0.233 0.24 0.24 0.2305 0.2305 0.2435 0.2435 0.2435 0.2345 0.2345 0.272 0.272 0.2385
-1 -1 -1 -1 -1 -1 -1 -1 -1 -1 -1 -1 -1 -1 -1 -1 -1 -1 -1 -1 -1 -1 -1 -1 -1 -1 -1 -1 -1 -1 -1 -1 -1 -1 -1 -1 -1 0.04 0.04 0.1805 0.1805 0.1805 0.232 0.232 0.219 0.219 0.2305 0.2305 0.2305 0.234 0.234 0.255 0.255 0.2735 0.2735 0.2385 0.2385 0.2385 0.2285 0.2285 0.233 0.233 0.233 0.233 0.233 0.24 0.24 0.2305 0.2305 0.2435 0.2435 0.2435 0.2345 0.2345 0.272 0.272 0.2385
-1 -1 -1 -1 -1 -1 -1 -1 -1 -1 -1 -1 -1 -1 -1 -1 -1 -1 -1 -1 -1 -1 -1 -1 -1 -1 -1 -1 -1 -1 -1 -1 -1 -1 -1 -1 -1 0.114 0.114 0.2265 0.2265 0.2265 0.2335 0.2335 0.215 0.215 0.208 0.208 0.208 0.23 0.23 0.24 0.24 0.2565 0.2565 0.2945 0.2945 0.2945 0.236 0.236 0.247 0.247 0.247 0.247 0.247 0.224 0.224 0.2275 0.2275 0.236 0.236 0.236 0.229 0.229 0.237 0.237 0.233
-1 -1 -1 -1 -1 -1 -1 -1 -1 -1 -1 -1 -1 -1 -1 -1 -1 -1 -1 -1 -1 -1 -1 -1 -1 -1 -1 -1 -1 -1 -1 -1 -1 -1 -1 -1 -1 0.114 0.114 0.2265 0.2265 0.2265 0.2335 0.2335 0.215 0.215 0.208 0.208 0.208 0.23 0.23 0.24 0.24 0.2565 0.2565 0.2945 0.2945 0.2945 0.236 0.236 0.247 0.247 0.247 0.247 0.247 0.224 0.224 0.2275 0.2275 0.236 0.236 0.236 0.229 0.229 0.237 0.237 0.233
-1 -1 -1 -1 -1 -1 -1 -1 -1 -1 -1 -1 -1 -1 -1 -1 -1 -1 -1 -1 -1 -1 -1 -1 -1 -1 -1 -1 -1 -1 -1 -1 -1 -1 -1 0.03 0.03 0.1715 0.1715 0.233 0.233 0.233 0.228 0.228 0.2355 0.2355 0.202 0.202 0.202 0.2315 0.2315 0.2305 0.2305 0.215 0.215 0.2095 0.2095 0.2095 0.237 0.237 0.2565 0.2565 0.2565 0.2565 0.2565 0.216 0.216 0.23 0.23 0.2175 0.2175 0.2175 0.2275 0.2275 0.2395 0.2395 0.253
-1 -1 -1 -1 -1 -1 -1 -1 -1 -1 -1 -1 -1 -1 -1 -1 -1 -1 -1 -1 -1 -1 -1 -1 -1 -1 -1 -1 -1 -1 -1 -1 -1 -1 -1 0.03 0.03 0.1715 0.1715 0.233 0.233 0.233 0.228 0.228 0.2355 0.2355 0.202 0.202 0.202 0.2315 0.2315 0.2305 0.2305 0.215 0.215 0.2095 0.2095 0.2095 0.237 0.237 0.2565 0.2565 0.2565 0.2565 0.2565 0.216 0.216 0.23 0.23 0.2175 0.2175 0.2175 0.2275 0.2275 0.2395 0.2395 0.253
-1 -1 -1 -1 -1 -1 -1 -1 -1 -1 -1 -1 -1 -1 -1 -1 -1 -1 -1 -1 -1 -1 -1 -1 -1 -1 -1 -1 -1 -1 -1 -1 -1 -1 -1 0.03 0.03 0.1715 0.1715 0.233 0.233 0.233 0.228 0.228 0.2355 0.2355 0.202 0.202 0.202 0.2315 0.2315 0.2305 0.2305 0.215 0.215 0.2095 0.2095 0.2095 0.237 0.237 0.2565 0.2565 0.2565 0.2565 0.2565 0.216 0.216 0.23 0.23 0.2175 0.2175 0.2175 0.2275 0.2275 0.2395 0.2395 0.253
-1 -1 -1 -1 -1 -1 -1 -1 -1 -1 -1 -1 -1 -1 -1 -1 -1 -1 -1 -1 -1 -1 -1 -1 -1 -1 -1 -1 -1 -1 -1 -1 -1 -1 -1 0.087 0.087 0.2325 0.2325 0.2335 0.2335 0.2335 0.2155 0.2155 0.2195 0.2195 0.2075 0.2075 0.2075 0.209 0.209 0.209 0.209 0.214 0.214 0.2385 0.2385 0.2385 0.2295 0.2295 0.2345 0.2345 0.2345 0.2345 0.2345 0.241 0.241 0.2545 0.2545 0.228 0.228 0.228 0.247 0.247 0.243 0.243 0.2245
-1 -1 -1 -1 -1 -1 -1 -1 -1 -1 -1 -1 -1 -1 -1 -1 -1 -1 -1 -1 -1 -1 -1 -1 -1 -1 -1 -1 -1 -1 -1 -1 -1 -1 -1 0.087 0.087 0.2325 0.2325 0.2335 0.2335 0.2335 0.2155 0.2155 0.2195 0.2195 0.2075 0.2075 0.2075 0.209 0.209 0.209 0.209 0.214 0.214 0.2385 0.2385 0.2385 0.2295 0.2295 0.2345 0.2345 0.2345 0.2345 0.2345 0.241 0.241 0.2545 0.2545 0.228 0.228 0.228 0.247 0.247 0.243 0.243 0.2245
-1 -1 -1 -1 -1 -1 -1 -1 -1 -1 -1 -1 -1 -1 -1 -1 -1 -1 -1 -1 -1 -1 -1 -1 -1 -1 -1 -1 -1 -1 -1 -1 0.0785 0.0785 0.0785 0.2145 0.2145 0.21 0.21 0.2005 0.2005 0.2005 0.208 0.208 0.2075 0.2075 0.213 0.213 0.213 0.2085 0.2085 0.211 0.211 0.2235 0.2235 0.224 0.224 0.224 0.226 0.226 0.25 0.25 0.25 0.25 0.25 0.253 0.253 0.2495 0.2495 0.2675 0.2675 0.2675 0.2665 0.2665 0.268 0.268 0.2425
-1 -1 -1 -1 -1 -1 -1 -1 -1 -1 -1 -1 -1 -1 -1 -1 -1 -1 -1 -1 -1 -1 -1 -1 -1 -1 -1 -1 -1 -1 -1 -1 0.0785 0.0785 0.0785 0.2145 0.2145 0.21 0.21 0.2005 0.2005 0.2005 0.208 0.208 0.2075 0.2075 0.213 0.213 0.213 0.2085 0.2085 0.211 0.211 0.2235 0.2235 0.224 0.224 0.224 0.226 0.226 0.25 0.25 0.25 0.25 0.25 0.253 0.253 0.2495 0.2495 0.2675 0.2675 0.2675 0.2665 0.2665 0.268 0.268 0.2425
-1 -1 -1 -1 -1 -1 -1 -1 -1 -1 -1 -1 -1 -1 -1 -1 -1 -1 -1 -1 -1 -1 -1 -1 -1 -1 -1 -1 -1 -1 0.0115 0.0115 0.066 0.066 0.066 0.1925 0.1925 0.1865 0.1865 0.191 0.191 0.191 0.183 0.183 0.2105 0.2105 0.2345 0.2345 0.2345 0.2085 0.2085 0.209 0.209 0.231 0.231 0.22 0.22 0.22 0.225 0.225 0.236 0.236 0.236 0.236 0.236 0.2525 0.2525 0.2645 0.2645 0.2765 0.2765 0.2765 0.258 0.258 0.257 0.257 0.2535
-1 -1 -1 -1 -1 -1 -1 -1 -1 -1 -1 -1 -1 -1 -1 -1 -1 -1 -1 -1 -1 -1 -1 -1 -1 -1 -1 -1 -1 -1 0.0115 0.0115 0.066 0.066 0.066 0.1925 0.1925 0.1865 0.1865 0.191 0.191 0.191 0.183 0.183 0.2105 0.2105 0.2345 0.2345 0.2345 0.2085 0.2085 0.209 0.209 0.231 0.231 0.22 0.22 0.22 0.225 0.225 0.236 0.236 0.236 0.236 0.236 0.2525 0.2525 0.2645 0.2645 0.2765 0.2765 0.2765 0.258 0.258 0.257 0.257 0.2535
-1 -1 -1 -1 -1 -1 -1 -1 -1 -1 -1 -1 -1 -1 -1 -1 -1 -1 -1 -1 -1 -1 -1 -1 -1 -1 -1 -1 -1 -1 0.0115 0.0115 0.066 0.066 0.066 0.1925 0.1925 0.1865 0.1865 0.191 0.191 0.191 0.183 0.183 0.2105 0.2105 0.2345 0.2345 0.2345 0.2085 0.2085 0.209 0.209 0.231 0.231 0.22 0.22 0.22 0.225 0.225 0.236 0.236 0.236 0.236 0.236 0.2525 0.2525 0.2645 0.2645 0.2765 0.2765 0.2765 0.258 0.258 0.257 0.257 0.2535
-1 -1 -1 -1 -1 -1 -1 -1 -1 -1 -1 -1 -1 -1 -1 -1 -1 -1 -1 -1 -1 -1 -1 -1 -1 -1 -1 -1 -1 -1 0.0335 0.0335 0.195 0.195 0.195 0.181 0.181 0.1925 0.1925 0.1895 0.1895 0.1895 0.1955 0.1955 0.2185 0.2185 0.2175 0.2175 0.2175 0.2285 0.2285 0.237 0.237 0.2395 0.2395 0.2415 0.2415 0.2415 0.2605 0.2605 0.257 0.257 0.257 0.257 0.257 0.263 0.263 0.243 0.243 0.2675 0.2675 0.2675 0.256 0.256 0.2685 0.2685 0.241
-1 -1 -1 -1 -1 -1 -1 -1 -1 -1 -1 -1 -1 -1 -1 -1 -1 -1 -1 -1 -1 -1 -1 -1 -1 -1 -1 -1 -1 -1 0.0335 0.0335 0.195 0.195 0.195 0.181 0.181 0.1925 0.1925 0.1895 0.1895 0.1895 0.1955 0.1955 0.2185 0.2185 0.2175 0.2175 0.2175 0.2285 0.2285 0.237 0.237 0.2395 0.2395 0.2415 0.2415 0.2415 0.2605 0.2605 0.257 0.257 0.257 0.257 0.257 0.263 0.263 0.243 0.243 0.2675 0.2675 0.2675 0.256 0.256 0.2685 0.2685 0.241
-1 -1 -1 -1 -1 -1 -1 -1 -1 -1 -1 -1 -1 -1 -1 -1 -1 -1 -1 -1 -1 -1 -1 -1 -1 -1 -1 -1 0.031 0.031 0.147 0.147 0.194 0.194 0.194 0.1945 0.1945 0.1945 0.1945 0.203 0.203 0.203 0.2075 0.2075 0.215 0.215 0.219 0.219 0.219 0.2355 0.2355 0.231 0.231 0.2455 0.2455 0.259 0.259 0.259 0.252 0.252 0.238 0.238 0.238 0.238 0.238 0.2715 0.2715 0.265 0.265 0.277 0.277 0.277 0.2565 0.2565 0.2345 0.2345 0.2375
-1 -1 -1 -1 -1 -1 -1 -1 -1 -1 -1 -1 -1 -1 -1 -1 -1 -1 -1 -1 -1 -1 -1 -1 -1 -1 -1 -1 0.031 0.031 0.147 0.147 0.194 0.194 0.194 0.1945 0.1945 0.1945 0.1945 0.203 0.203 0.203 0.2075 0.2075 0.215 0.215 0.219 0.219 0.219 0.2355 0.2355 0.231 0.231 0.2455 0.2455 0.259 0.259 0.259 0.252 0.252 0.238 0.238 0.238 0.238 0.238 0.2715 0.2715 0.265 0.265 0.277 0.277 0.277 0.2565 0.2565 0.2345 0.2345 0.2375
-1 -1 -1 -1 -1 -1 -1 -1 -1 -1 -1 -1 -1 -1 -1 -1 -1 -1 -1 -1 -1 -1 -1 -1 -1 0.0395 0.0395 0.0395 0.106 0.106 0.243 0.243 0.1985 0.1985 0.1985 0.2195 0.2195 0.2145 0.2145 0.218 0.218 0.218 0.219 0.219 0.225 0.225 0.2145 0.2145 0.2145 0.2305 0.2305 0.2285 0.2285 0.2765 0.2765 0.295 0.295 0.295 0.2625 0.2625 0.2645 0.2645 0.2645 0.2645 0.2645 0.2595 0.2595 0.268 0.268 0.2625 0.2625 0.2625 0.26 0.26 0.25 0.25 0.2345
-1 -1 -1 -1 -1 -1 -1 -1 -1 -1 -1 -1 -1 -1 -1 -1 -1 -1 -1 -1 -1 -1 -1 -1 -1 0.0395 0.0395 0.0395 0.106 0.106 0.243 0.243 0.1985 0.1985 0.1985 0.2195 0.2195 0.2145 0.2145 0.218 0.218 0.218 0.219 0.219 0.225 0.225 0.2145 0.2145 0.2145 0.2305 0.2305 0.2285 0.2285 0.2765 0.2765 0.295 0.295 0.295 0.2625 0.2625 0.2645 0.2645 0.2645 0.2645 0.2645 0.2595 0.2595 0.268 0.268 0.2625 0.2625 0.2625 0.26 0.26 0.25 0.25 0.2345
-1 -1 -1 -1 -1 -1 -1 -1 -1 -1 -1 -1 -1 -1 -1 -1 -1 -1 -1 -1 -1 -1 -1 0.04 0.04 0.178 0.178 0.178 0.2245 0.2245 0.198 0.198 0.201 0.201 0.201 0.2195 0.2195 0.235 0.235 0.242 0.242 0.242 0.236 0.236 0.235 0.235 0.2355 0.2355 0.2355 0.24 0.24 0.25 0.25 0.262 0.262 0.2635 0.2635 0.2635 0.2655 0.2655 0.2745 0.2745 0.2745 0.2745 0.2745 0.26 0.26 0.281 0.281 0.282 0.282 0.282 0.2655 0.2655 0.2445 0.2445 0.264
-1 -1 -1 -1 -1 -1 -1 -1 -1 -1 -1 -1 -1 -1 -1 -1 -1 -1 -1 -1 -1 -1 -1 0.04 0.04 0.178 0.178 0.178 0.2245 0.2245 0.198 0.198 0.201 0.201 0.201 0.2195 0.2195 0.235 0.235 0.242 0.242 0.242 0.236 0.236 0.235 0.235 0.2355 0.2355 0.2355 0.24 0.24 0.25 0.25 0.262 0.262 0.2635 0.2635 0.2635 0.2655 0.2655 0.2745 0.2745 0.2745 0.2745 0.2745 0.26 0.26 0.281 0.281 0.282 0.282 0.282 0.2655 0.2655 0.2445 0.2445 0.264
