ndvi/NOAA-352.asc
ncols         252
nrows         154
xllcorner     -18.017974
yllcorner     13.481982
cellsize      0.035948
NODATA_value  -9999
[rows 0 to 33 of 154, columns 154 to 230 of 252]
0.096 0.099 0.099 0.1005 0.1005 0.1005 0.107 0.107 0.1105 0.1105 0.1045 0.1045 0.108 0.108 0.108 0.1085 0.1085 0.11 0.11 0.11 0.11 0.11 0.112 0.112 0.1115 0.1115 0.112 0.112 0.112 0.1115 0.1115 0.1145 0.1145 0.1095 0.1095 0.1095 0.1065 0.1065 0.1045 0.1045 0.105 0.105 0.105 0.1135 0.1135 0.109 0.109 0.109 0.109 0.1095 0.1095 0.1095 0.11 0.11 0.1085 0.1085 0.1075 0.1075 0.1075 0.107 0.107 0.1025 0.1025 0.101 0.101 0.101 0.101 0.101 0.0975 0.0975 0.098 0.098 0.098 0.099 0.099 0.092 0.092
0.096 0.099 0.099 0.1005 0.1005 0.1005 0.107 0.107 0.1105 0.1105 0.1045 0.1045 0.108 0.108 0.108 0.1085 0.1085 0.11 0.11 0.11 0.11 0.11 0.112 0.112 0.1115 0.1115 0.112 0.112 0.112 0.1115 0.1115 0.1145 0.1145 0.1095 0.1095 0.1095 0.1065 0.1065 0.1045 0.1045 0.105 0.105 0.105 0.1135 0.1135 0.109 0.109 0.109 0.109 0.1095 0.1095 0.1095 0.11 0.11 0.1085 0.1085 0.1075 0.1075 0.1075 0.107 0.107 0.1025 0.1025 0.101 0.101 0.101 0.101 0.101 0.0975 0.0975 0.098 0.098 0.098 0.099 0.099 0.092 0.092
0.1015 0.1035 0.1035 0.1045 0.1045 0.1045 0.111 0.111 0.108 0.108 0.1105 0.1105 0.109 0.109 0.109 0.1195 0.1195 0.112 0.112 0.1125 0.1125 0.1125 0.114 0.114 0.117 0.117 0.1155 0.1155 0.1155 0.118 0.118 0.1155 0.1155 0.114 0.114 0.114 0.113 0.113 0.1165 0.1165 0.117 0.117 0.117 0.13 0.13 0.1205 0.1205 0.1185 0.1185 0.119 0.119 0.119 0.1205 0.1205 0.126 0.126 0.125 0.125 0.125 0.1245 0.1245 0.1145 0.1145 0.1055 0.1055 0.1055 0.1055 0.1055 0.1015 0.1015 0.09999999 0.09999999 0.09999999 0.0985 0.0985 0.093 0.093
0.1015 0.1035 0.1035 0.1045 0.1045 0.1045 0.111 0.111 0.108 0.108 0.1105 0.1105 0.109 0.109 0.109 0.1195 0.1195 0.112 0.112 0.1125 0.1125 0.1125 0.114 0.114 0.117 0.117 0.1155 0.1155 0.1155 0.118 0.118 0.1155 0.1155 0.114 0.114 0.114 0.113 0.113 0.1165 0.1165 0.117 0.117 0.117 0.13 0.13 0.1205 0.1205 0.1185 0.1185 0.119 0.119 0.119 0.1205 0.1205 0.126 0.126 0.125 0.125 0.125 0.1245 0.1245 0.1145 0.1145 0.1055 0.1055 0.1055 0.1055 0.1055 0.1015 0.1015 0.09999999 0.09999999 0.09999999 0.0985 0.0985 0.093 0.093
0.1015 0.1035 0.1035 0.1045 0.1045 0.1045 0.111 0.111 0.108 0.108 0.1105 0.1105 0.109 0.109 0.109 0.1195 0.1195 0.112 0.112 0.1125 0.1125 0.1125 0.114 0.114 0.117 0.117 0.1155 0.1155 0.1155 0.118 0.118 0.1155 0.1155 0.114 0.114 0.114 0.113 0.113 0.1165 0.1165 0.117 0.117 0.117 0.13 0.13 0.1205 0.1205 0.1185 0.1185 0.119 0.119 0.119 0.1205 0.1205 0.126 0.126 0.125 0.125 0.125 0.1245 0.1245 0.1145 0.1145 0.1055 0.1055 0.1055 0.1055 0.1055 0.1015 0.1015 0.09999999 0.09999999 0.09999999 0.0985 0.0985 0.093 0.093
0.109 0.112 0.112 0.115 0.115 0.115 0.122 0.122 0.119 0.119 0.1155 0.1155 0.1185 0.1185 0.1185 0.118 0.118 0.1195 0.1195 0.1195 0.1195 0.1195 0.1195 0.1195 0.1255 0.1255 0.128 0.128 0.128 0.132 0.132 0.139 0.139 0.1335 0.1335 0.1335 0.1295 0.1295 0.1265 0.1265 0.1285 0.1285 0.1285 0.125 0.125 0.1235 0.1235 0.125 0.125 0.128 0.128 0.128 0.127 0.127 0.1245 0.1245 0.1225 0.1225 0.1225 0.119 0.119 0.1105 0.1105 0.113 0.113 0.113 0.1065 0.1065 0.1045 0.1045 0.1005 0.1005 0.1005 0.101 0.101 0.0975 0.0975
0.109 0.112 0.112 0.115 0.115 0.115 0.122 0.122 0.119 0.119 0.1155 0.1155 0.1185 0.1185 0.1185 0.118 0.118 0.1195 0.1195 0.1195 0.1195 0.1195 0.1195 0.1195 0.1255 0.1255 0.128 0.128 0.128 0.132 0.132 0.139 0.139 0.1335 0.1335 0.1335 0.1295 0.1295 0.1265 0.1265 0.1285 0.1285 0.1285 0.125 0.125 0.1235 0.1235 0.125 0.125 0.128 0.128 0.128 0.127 0.127 0.1245 0.1245 0.1225 0.1225 0.1225 0.119 0.119 0.1105 0.1105 0.113 0.113 0.113 0.1065 0.1065 0.1045 0.1045 0.1005 0.1005 0.1005 0.101 0.101 0.0975 0.0975
0.111 0.1155 0.1155 0.121 0.121 0.121 0.1265 0.1265 0.1225 0.1225 0.1255 0.1255 0.124 0.124 0.124 0.124 0.124 0.1265 0.1265 0.1245 0.1245 0.1245 0.1255 0.1255 0.1305 0.1305 0.128 0.128 0.128 0.13 0.13 0.1325 0.1325 0.129 0.129 0.129 0.1245 0.1245 0.124 0.124 0.1245 0.1245 0.1245 0.125 0.125 0.1245 0.1245 0.129 0.129 0.127 0.127 0.127 0.121 0.121 0.117 0.117 0.116 0.116 0.116 0.114 0.114 0.111 0.111 0.112 0.112 0.112 0.109 0.109 0.1065 0.1065 0.1085 0.1085 0.1085 0.1035 0.1035 0.103 0.103
0.111 0.1155 0.1155 0.121 0.121 0.121 0.1265 0.1265 0.1225 0.1225 0.1255 0.1255 0.124 0.124 0.124 0.124 0.124 0.1265 0.1265 0.1245 0.1245 0.1245 0.1255 0.1255 0.1305 0.1305 0.128 0.128 0.128 0.13 0.13 0.1325 0.1325 0.129 0.129 0.129 0.1245 0.1245 0.124 0.124 0.1245 0.1245 0.1245 0.125 0.125 0.1245 0.1245 0.129 0.129 0.127 0.127 0.127 0.121 0.121 0.117 0.117 0.116 0.116 0.116 0.114 0.114 0.111 0.111 0.112 0.112 0.112 0.109 0.109 0.1065 0.1065 0.1085 0.1085 0.1085 0.1035 0.1035 0.103 0.103
0.1165 0.124 0.124 0.123 0.123 0.123 0.1255 0.1255 0.128 0.128 0.1245 0.1245 0.1305 0.1305 0.1305 0.1295 0.1295 0.131 0.131 0.131 0.131 0.131 0.1265 0.1265 0.125 0.125 0.128 0.128 0.128 0.1235 0.1235 0.1285 0.1285 0.128 0.128 0.128 0.124 0.124 0.1185 0.1185 0.1125 0.1125 0.1125 0.1165 0.1165 0.1155 0.1155 0.125 0.125 0.122 0.122 0.122 0.1165 0.1165 0.117 0.117 0.1145 0.1145 0.1145 0.111 0.111 0.1105 0.1105 0.1125 0.1125 0.1125 0.109 0.109 0.108 0.108 0.107 0.107 0.107 0.1055 0.1055 0.105 0.105
0.1165 0.124 0.124 0.123 0.123 0.123 0.1255 0.1255 0.128 0.128 0.1245 0.1245 0.1305 0.1305 0.1305 0.1295 0.1295 0.131 0.131 0.131 0.131 0.131 0.1265 0.1265 0.125 0.125 0.128 0.128 0.128 0.1235 0.1235 0.1285 0.1285 0.128 0.128 0.128 0.124 0.124 0.1185 0.1185 0.1125 0.1125 0.1125 0.1165 0.1165 0.1155 0.1155 0.125 0.125 0.122 0.122 0.122 0.1165 0.1165 0.117 0.117 0.1145 0.1145 0.1145 0.111 0.111 0.1105 0.1105 0.1125 0.1125 0.1125 0.109 0.109 0.108 0.108 0.107 0.107 0.107 0.1055 0.1055 0.105 0.105
0.1275 0.1275 0.1275 0.1235 0.1235 0.1235 0.127 0.127 0.1245 0.1245 0.123 0.123 0.1255 0.1255 0.1255 0.1305 0.1305 0.131 0.131 0.127 0.127 0.127 0.118 0.118 0.12 0.12 0.1255 0.1255 0.1255 0.127 0.127 0.1265 0.1265 0.121 0.121 0.121 0.1205 0.1205 0.116 0.116 0.1165 0.1165 0.1165 0.1175 0.1175 0.115 0.115 0.135 0.135 0.122 0.122 0.122 0.1175 0.1175 0.1175 0.1175 0.115 0.115 0.115 0.112 0.112 0.1105 0.1105 0.1005 0.1005 0.1005 0.098 0.098 0.101 0.101 0.0995 0.0995 0.0995 0.1005 0.1005 0.1065 0.1065
0.1275 0.1275 0.1275 0.1235 0.1235 0.1235 0.127 0.127 0.1245 0.1245 0.123 0.123 0.1255 0.1255 0.1255 0.1305 0.1305 0.131 0.131 0.127 0.127 0.127 0.118 0.118 0.12 0.12 0.1255 0.1255 0.1255 0.127 0.127 0.1265 0.1265 0.121 0.121 0.121 0.1205 0.1205 0.116 0.116 0.1165 0.1165 0.1165 0.1175 0.1175 0.115 0.115 0.135 0.135 0.122 0.122 0.122 0.1175 0.1175 0.1175 0.1175 0.115 0.115 0.115 0.112 0.112 0.1105 0.1105 0.1005 0.1005 0.1005 0.098 0.098 0.101 0.101 0.0995 0.0995 0.0995 0.1005 0.1005 0.1065 0.1065
0.1275 0.1275 0.1275 0.1235 0.1235 0.1235 0.127 0.127 0.1245 0.1245 0.123 0.123 0.1255 0.1255 0.1255 0.1305 0.1305 0.131 0.131 0.127 0.127 0.127 0.118 0.118 0.12 0.12 0.1255 0.1255 0.1255 0.127 0.127 0.1265 0.1265 0.121 0.121 0.121 0.1205 0.1205 0.116 0.116 0.1165 0.1165 0.1165 0.1175 0.1175 0.115 0.115 0.135 0.135 0.122 0.122 0.122 0.1175 0.1175 0.1175 0.1175 0.115 0.115 0.115 0.112 0.112 0.1105 0.1105 0.1005 0.1005 0.1005 0.098 0.098 0.101 0.101 0.0995 0.0995 0.0995 0.1005 0.1005 0.1065 0.1065
0.1255 0.1265 0.1265 0.127 0.127 0.127 0.127 0.127 0.1355 0.1355 0.129 0.129 0.128 0.128 0.128 0.1325 0.1325 0.1275 0.1275 0.129 0.129 0.129 0.1165 0.1165 0.116 0.116 0.1205 0.1205 0.1205 0.121 0.121 0.119 0.119 0.1195 0.1195 0.1195 0.1245 0.1245 0.1185 0.1185 0.1115 0.1115 0.1115 0.118 0.118 0.116 0.116 0.1215 0.1215 0.113 0.113 0.113 0.106 0.106 0.121 0.121 0.114 0.114 0.114 0.1045 0.1045 0.0975 0.0975 0.0935 0.0935 0.0935 0.092 0.092 0.09100001 0.09100001 0.093 0.093 0.093 0.095 0.095 0.107 0.107
0.1255 0.1265 0.1265 0.127 0.127 0.127 0.127 0.127 0.1355 0.1355 0.129 0.129 0.128 0.128 0.128 0.1325 0.1325 0.1275 0.1275 0.129 0.129 0.129 0.1165 0.1165 0.116 0.116 0.1205 0.1205 0.1205 0.121 0.121 0.119 0.119 0.1195 0.1195 0.1195 0.1245 0.1245 0.1185 0.1185 0.1115 0.1115 0.1115 0.118 0.118 0.116 0.116 0.1215 0.1215 0.113 0.113 0.113 0.106 0.106 0.121 0.121 0.114 0.114 0.114 0.1045 0.1045 0.0975 0.0975 0.0935 0.0935 0.0935 0.092 0.092 0.09100001 0.09100001 0.093 0.093 0.093 0.095 0.095 0.107 0.107
0.1235 0.127 0.127 0.124 0.124 0.124 0.1225 0.1225 0.1315 0.1315 0.1345 0.1345 0.1235 0.1235 0.1235 0.1345 0.1345 0.1285 0.1285 0.126 0.126 0.126 0.1185 0.1185 0.119 0.119 0.1205 0.1205 0.1205 0.117 0.117 0.1235 0.1235 0.119 0.119 0.119 0.124 0.124 0.111 0.111 0.11 0.11 0.11 0.09900001 0.09900001 0.089 0.089 0.075 0.075 0.0855 0.0855 0.0855 0.0945 0.0945 0.0985 0.0985 0.1015 0.1015 0.1015 0.0985 0.0985 0.0955 0.0955 0.092 0.092 0.092 0.09 0.09 0.0925 0.0925 0.093 0.093 0.093 0.0965 0.0965 0.108 0.108
0.1235 0.127 0.127 0.124 0.124 0.124 0.1225 0.1225 0.1315 0.1315 0.1345 0.1345 0.1235 0.1235 0.1235 0.1345 0.1345 0.1285 0.1285 0.126 0.126 0.126 0.1185 0.1185 0.119 0.119 0.1205 0.1205 0.1205 0.117 0.117 0.1235 0.1235 0.119 0.119 0.119 0.124 0.124 0.111 0.111 0.11 0.11 0.11 0.09900001 0.09900001 0.089 0.089 0.075 0.075 0.0855 0.0855 0.0855 0.0945 0.0945 0.0985 0.0985 0.1015 0.1015 0.1015 0.0985 0.0985 0.0955 0.0955 0.092 0.092 0.092 0.09 0.09 0.0925 0.0925 0.093 0.093 0.093 0.0965 0.0965 0.108 0.108
0.12 0.142 0.142 0.157 0.157 0.157 0.113 0.113 0.108 0.108 0.1105 0.1105 0.114 0.114 0.114 0.11 0.11 0.115 0.115 0.1125 0.1125 0.1125 0.1095 0.1095 0.1055 0.1055 0.1025 0.1025 0.1025 0.0975 0.0975 0.09299999 0.09299999 0.0985 0.0985 0.0985 0.103 0.103 0.1165 0.1165 0.117 0.117 0.117 0.112 0.112 0.116 0.116 0.1065 0.1065 0.103 0.103 0.103 0.1005 0.1005 0.0955 0.0955 0.0955 0.0955 0.0955 0.096 0.096 0.0965 0.0965 0.093 0.093 0.093 0.09 0.09 0.0925 0.0925 0.094 0.094 0.094 0.098 0.098 0.104 0.104
0.12 0.142 0.142 0.157 0.157 0.157 0.113 0.113 0.108 0.108 0.1105 0.1105 0.114 0.114 0.114 0.11 0.11 0.115 0.115 0.1125 0.1125 0.1125 0.1095 0.1095 0.1055 0.1055 0.1025 0.1025 0.1025 0.0975 0.0975 0.09299999 0.09299999 0.0985 0.0985 0.0985 0.103 0.103 0.1165 0.1165 0.117 0.117 0.117 0.112 0.112 0.116 0.116 0.1065 0.1065 0.103 0.103 0.103 0.1005 0.1005 0.0955 0.0955 0.0955 0.0955 0.0955 0.096 0.096 0.0965 0.0965 0.093 0.093 0.093 0.09 0.09 0.0925 0.0925 0.094 0.094 0.094 0.098 0.098 0.104 0.104
0.12 0.142 0.142 0.157 0.157 0.157 0.113 0.113 0.108 0.108 0.1105 0.1105 0.114 0.114 0.114 0.11 0.11 0.115 0.115 0.1125 0.1125 0.1125 0.1095 0.1095 0.1055 0.1055 0.1025 0.1025 0.1025 0.0975 0.0975 0.09299999 0.09299999 0.0985 0.0985 0.0985 0.103 0.103 0.1165 0.1165 0.117 0.117 0.117 0.112 0.112 0.116 0.116 0.1065 0.1065 0.103 0.103 0.103 0.1005 0.1005 0.0955 0.0955 0.0955 0.0955 0.0955 0.096 0.096 0.0965 0.0965 0.093 0.093 0.093 0.09 0.09 0.0925 0.0925 0.094 0.094 0.094 0.098 0.098 0.104 0.104
0.1275 0.135 0.135 0.1405 0.1405 0.1405 0.12 0.12 0.117 0.117 0.1085 0.1085 0.112 0.112 0.112 0.125 0.125 0.1205 0.1205 0.1185 0.1185 0.1185 0.116 0.116 0.111 0.111 0.1025 0.1025 0.1025 0.106 0.106 0.0955 0.0955 0.112 0.112 0.112 0.1215 0.1215 0.125 0.125 0.117 0.117 0.117 0.116 0.116 0.1165 0.1165 0.1125 0.1125 0.1065 0.1065 0.1065 0.099 0.099 0.0985 0.0985 0.099 0.099 0.099 0.0995 0.0995 0.101 0.101 0.098 0.098 0.098 0.0975 0.0975 0.097 0.097 0.0995 0.0995 0.0995 0.1015 0.1015 0.0985 0.0985
0.1275 0.135 0.135 0.1405 0.1405 0.1405 0.12 0.12 0.117 0.117 0.1085 0.1085 0.112 0.112 0.112 0.125 0.125 0.1205 0.1205 0.1185 0.1185 0.1185 0.116 0.116 0.111 0.111 0.1025 0.1025 0.1025 0.106 0.106 0.0955 0.0955 0.112 0.112 0.112 0.1215 0.1215 0.125 0.125 0.117 0.117 0.117 0.116 0.116 0.1165 0.1165 0.1125 0.1125 0.1065 0.1065 0.1065 0.099 0.099 0.0985 0.0985 0.099 0.099 0.099 0.0995 0.0995 0.101 0.101 0.098 0.098 0.098 0.0975 0.0975 0.097 0.097 0.0995 0.0995 0.0995 0.1015 0.1015 0.0985 0.0985
0.127 0.136 0.136 0.141 0.141 0.141 0.1335 0.1335 0.117 0.117 0.1155 0.1155 0.1215 0.1215 0.1215 0.1155 0.1155 0.1235 0.1235 0.1375 0.1375 0.1375 0.141 0.141 0.132 0.132 0.132 0.132 0.132 0.125 0.125 0.1295 0.1295 0.1365 0.1365 0.1365 0.134 0.134 0.1235 0.1235 0.119 0.119 0.119 0.1155 0.1155 0.1065 0.1065 0.113 0.113 0.106 0.106 0.106 0.1025 0.1025 0.0995 0.0995 0.0985 0.0985 0.0985 0.1055 0.1055 0.105 0.105 0.1025 0.1025 0.1025 0.102 0.102 0.1005 0.1005 0.1 0.1 0.1 0.101 0.101 0.097 0.097
0.127 0.136 0.136 0.141 0.141 0.141 0.1335 0.1335 0.117 0.117 0.1155 0.1155 0.1215 0.1215 0.1215 0.1155 0.1155 0.1235 0.1235 0.1375 0.1375 0.1375 0.141 0.141 0.132 0.132 0.132 0.132 0.132 0.125 0.125 0.1295 0.1295 0.1365 0.1365 0.1365 0.134 0.134 0.1235 0.1235 0.119 0.119 0.119 0.1155 0.1155 0.1065 0.1065 0.113 0.113 0.106 0.106 0.106 0.1025 0.1025 0.0995 0.0995 0.0985 0.0985 0.0985 0.1055 0.1055 0.105 0.105 0.1025 0.1025 0.1025 0.102 0.102 0.1005 0.1005 0.1 0.1 0.1 0.101 0.101 0.097 0.097
0.132 0.1235 0.1235 0.1295 0.1295 0.1295 0.1465 0.1465 0.147 0.147 0.122 0.122 0.124 0.124 0.124 0.1295 0.1295 0.126 0.126 0.129 0.129 0.129 0.13 0.13 0.133 0.133 0.13 0.13 0.13 0.133 0.133 0.134 0.134 0.136 0.136 0.136 0.1325 0.1325 0.119 0.119 0.119 0.119 0.119 0.112 0.112 0.1155 0.1155 0.112 0.112 0.111 0.111 0.111 0.1085 0.1085 0.101 0.101 0.1 0.1 0.1 0.1025 0.1025 0.105 0.105 0.106 0.106 0.106 0.103 0.103 0.1 0.1 0.099 0.099 0.099 0.1005 0.1005 0.1085 0.1085
0.132 0.1235 0.1235 0.1295 0.1295 0.1295 0.1465 0.1465 0.147 0.147 0.122 0.122 0.124 0.124 0.124 0.1295 0.1295 0.126 0.126 0.129 0.129 0.129 0.13 0.13 0.133 0.133 0.13 0.13 0.13 0.133 0.133 0.134 0.134 0.136 0.136 0.136 0.1325 0.1325 0.119 0.119 0.119 0.119 0.119 0.112 0.112 0.1155 0.1155 0.112 0.112 0.111 0.111 0.111 0.1085 0.1085 0.101 0.101 0.1 0.1 0.1 0.1025 0.1025 0.105 0.105 0.106 0.106 0.106 0.103 0.103 0.1 0.1 0.099 0.099 0.099 0.1005 0.1005 0.1085 0.1085
0.132 0.1235 0.1235 0.1295 0.1295 0.1295 0.1465 0.1465 0.147 0.147 0.122 0.122 0.124 0.124 0.124 0.1295 0.1295 0.126 0.126 0.129 0.129 0.129 0.13 0.13 0.133 0.133 0.13 0.13 0.13 0.133 0.133 0.134 0.134 0.136 0.136 0.136 0.1325 0.1325 0.119 0.119 0.119 0.119 0.119 0.112 0.112 0.1155 0.1155 0.112 0.112 0.111 0.111 0.111 0.1085 0.1085 0.101 0.101 0.1 0.1 0.1 0.1025 0.1025 0.105 0.105 0.106 0.106 0.106 0.103 0.103 0.1 0.1 0.099 0.099 0.099 0.1005 0.1005 0.1085 0.1085
0.124 0.118 0.118 0.1455 0.1455 0.1455 0.148 0.148 0.143 0.143 0.129 0.129 0.1265 0.1265 0.1265 0.117 0.117 0.137 0.137 0.1315 0.1315 0.1315 0.132 0.132 0.1255 0.1255 0.132 0.132 0.132 0.139 0.139 0.134 0.134 0.131 0.131 0.131 0.126 0.126 0.1215 0.1215 0.118 0.118 0.118 0.115 0.115 0.122 0.122 0.1205 0.1205 0.1175 0.1175 0.1175 0.113 0.113 0.108 0.108 0.1035 0.1035 0.1035 0.104 0.104 0.114 0.114 0.1165 0.1165 0.1165 0.1175 0.1175 0.117 0.117 0.12 0.12 0.12 0.116 0.116 0.108 0.108
0.124 0.118 0.118 0.1455 0.1455 0.1455 0.148 0.148 0.143 0.143 0.129 0.129 0.1265 0.1265 0.1265 0.117 0.117 0.137 0.137 0.1315 0.1315 0.1315 0.132 0.132 0.1255 0.1255 0.132 0.132 0.132 0.139 0.139 0.134 0.134 0.131 0.131 0.131 0.126 0.126 0.1215 0.1215 0.118 0.118 0.118 0.115 0.115 0.122 0.122 0.1205 0.1205 0.1175 0.1175 0.1175 0.113 0.113 0.108 0.108 0.1035 0.1035 0.1035 0.104 0.104 0.114 0.114 0.1165 0.1165 0.1165 0.1175 0.1175 0.117 0.117 0.12 0.12 0.12 0.116 0.116 0.108 0.108
0.124 0.128 0.128 0.1265 0.1265 0.1265 0.1475 0.1475 0.128 0.128 0.127 0.127 0.1205 0.1205 0.1205 0.117 0.117 0.121 0.121 0.128 0.128 0.128 0.125 0.125 0.1405 0.1405 0.1355 0.1355 0.1355 0.1465 0.1465 0.13 0.13 0.129 0.129 0.129 0.123 0.123 0.126 0.126 0.1215 0.1215 0.1215 0.1285 0.1285 0.124 0.124 0.1175 0.1175 0.1185 0.1185 0.1185 0.1235 0.1235 0.1195 0.1195 0.118 0.118 0.118 0.115 0.115 0.1215 0.1215 0.122 0.122 0.122 0.1255 0.1255 0.1255 0.1255 0.1185 0.1185 0.1185 0.115 0.115 0.112 0.112
0.124 0.128 0.128 0.1265 0.1265 0.1265 0.1475 0.1475 0.128 0.128 0.127 0.127 0.1205 0.1205 0.1205 0.117 0.117 0.121 0.121 0.128 0.128 0.128 0.125 0.125 0.1405 0.1405 0.1355 0.1355 0.1355 0.1465 0.1465 0.13 0.13 0.129 0.129 0.129 0.123 0.123 0.126 0.126 0.1215 0.1215 0.1215 0.1285 0.1285 0.124 0.124 0.1175 0.1175 0.1185 0.1185 0.1185 0.1235 0.1235 0.1195 0.1195 0.118 0.118 0.118 0.115 0.115 0.1215 0.1215 0.122 0.122 0.122 0.1255 0.1255 0.1255 0.1255 0.1185 0.1185 0.1185 0.115 0.115 0.112 0.112
0.114 0.1185 0.1185 0.1535 0.1535 0.1535 0.113 0.113 0.1225 0.1225 0.1195 0.1195 0.1135 0.1135 0.1135 0.123 0.123 0.1045 0.1045 0.113 0.113 0.113 0.112 0.112 0.143 0.143 0.135 0.135 0.135 0.1435 0.1435 0.1385 0.1385 0.1205 0.1205 0.1205 0.126 0.126 0.1155 0.1155 0.1155 0.1155 0.1155 0.118 0.118 0.1165 0.1165 0.1185 0.1185 0.116 0.116 0.116 0.1295 0.1295 0.1335 0.1335 0.131 0.131 0.131 0.13 0.13 0.133 0.133 0.131 0.131 0.131 0.1335 0.1335 0.1295 0.1295 0.1255 0.1255 0.1255 0.121 0.121 0.1195 0.1195
0.114 0.1185 0.1185 0.1535 0.1535 0.1535 0.113 0.113 0.1225 0.1225 0.1195 0.1195 0.1135 0.1135 0.1135 0.123 0.123 0.1045 0.1045 0.113 0.113 0.113 0.112 0.112 0.143 0.143 0.135 0.135 0.135 0.1435 0.1435 0.1385 0.1385 0.1205 0.1205 0.1205 0.126 0.126 0.1155 0.1155 0.1155 0.1155 0.1155 0.118 0.118 0.1165 0.1165 0.1185 0.1185 0.116 0.116 0.116 0.1295 0.1295 0.1335 0.1335 0.131 0.131 0.131 0.13 0.13 0.133 0.133 0.131 0.131 0.131 0.1335 0.1335 0.1295 0.1295 0.1255 0.1255 0.1255 0.121 0.121 0.1195 0.1195
