ndvi/NOAA-74.asc
ncols         252
nrows         154
xllcorner     -18.017974
yllcorner     13.481982
cellsize      0.035948
NODATA_value  -9999
[rows 102 to 135 of 154, columns 77 to 153 of 252]
0.2245 0.2245 0.223 0.223 0.226 0.226 0.2265 0.2265 0.2265 0.228 0.228 0.2045 0.2045 0.204 0.204 0.2075 0.2075 0.2075 0.222 0.222 0.2225 0.2225 0.235 0.235 0.235 0.209 0.209 0.2135 0.2135 0.212 0.212 0.212 0.2205 0.2205 0.233 0.233 0.244 0.244 0.244 0.237 0.237 0.246 0.246 0.246 0.246 0.246 0.2385 0.2385 0.2415 0.2415 0.24 0.24 0.2465 0.2465 0.2465 0.2445 0.2445 0.217 0.217 0.213 0.213 0.213 0.212 0.212 0.2045 0.2045 0.2375 0.2375 0.2375 0.228 0.228 0.2015 0.2015 0.1905 0.1905 0.1905 0.1845
0.2345 0.2345 0.239 0.239 0.229 0.229 0.2195 0.2195 0.2195 0.2145 0.2145 0.2225 0.2225 0.214 0.214 0.2165 0.2165 0.2165 0.219 0.219 0.2125 0.2125 0.216 0.216 0.216 0.2185 0.2185 0.21 0.21 0.215 0.215 0.215 0.2265 0.2265 0.24 0.24 0.25 0.25 0.25 0.241 0.241 0.2505 0.2505 0.2395 0.2395 0.2395 0.2245 0.2245 0.235 0.235 0.24 0.24 0.246 0.246 0.246 0.2445 0.2445 0.245 0.245 0.2265 0.2265 0.2265 0.2425 0.2425 0.2335 0.2335 0.235 0.235 0.235 0.2135 0.2135 0.191 0.191 0.1975 0.1975 0.1975 0.178
0.2345 0.2345 0.239 0.239 0.229 0.229 0.2195 0.2195 0.2195 0.2145 0.2145 0.2225 0.2225 0.214 0.214 0.2165 0.2165 0.2165 0.219 0.219 0.2125 0.2125 0.216 0.216 0.216 0.2185 0.2185 0.21 0.21 0.215 0.215 0.215 0.2265 0.2265 0.24 0.24 0.25 0.25 0.25 0.241 0.241 0.2505 0.2505 0.2395 0.2395 0.2395 0.2245 0.2245 0.235 0.235 0.24 0.24 0.246 0.246 0.246 0.2445 0.2445 0.245 0.245 0.2265 0.2265 0.2265 0.2425 0.2425 0.2335 0.2335 0.235 0.235 0.235 0.2135 0.2135 0.191 0.191 0.1975 0.1975 0.1975 0.178
0.2345 0.2345 0.239 0.239 0.229 0.229 0.2195 0.2195 0.2195 0.2145 0.2145 0.2225 0.2225 0.214 0.214 0.2165 0.2165 0.2165 0.219 0.219 0.2125 0.2125 0.216 0.216 0.216 0.2185 0.2185 0.21 0.21 0.215 0.215 0.215 0.2265 0.2265 0.24 0.24 0.25 0.25 0.25 0.241 0.241 0.2505 0.2505 0.2395 0.2395 0.2395 0.2245 0.2245 0.235 0.235 0.24 0.24 0.246 0.246 0.246 0.2445 0.2445 0.245 0.245 0.2265 0.2265 0.2265 0.2425 0.2425 0.2335 0.2335 0.235 0.235 0.235 0.2135 0.2135 0.191 0.191 0.1975 0.1975 0.1975 0.178
0.216 0.216 0.2145 0.2145 0.2185 0.2185 0.232 0.232 0.232 0.223 0.223 0.2315 0.2315 0.2295 0.2295 0.2335 0.2335 0.2335 0.23 0.23 0.236 0.236 0.2385 0.2385 0.2385 0.2425 0.2425 0.2395 0.2395 0.2355 0.2355 0.2355 0.239 0.239 0.218 0.218 0.2395 0.2395 0.2395 0.2315 0.2315 0.2415 0.2415 0.2635 0.2635 0.2635 0.2485 0.2485 0.253 0.253 0.254 0.254 0.251 0.251 0.251 0.2605 0.2605 0.24 0.24 0.2335 0.2335 0.2335 0.2405 0.2405 0.2155 0.2155 0.202 0.202 0.202 0.2115 0.2115 0.1625 0.1625 0.198 0.198 0.198 0.1825
0.216 0.216 0.2145 0.2145 0.2185 0.2185 0.232 0.232 0.232 0.223 0.223 0.2315 0.2315 0.2295 0.2295 0.2335 0.2335 0.2335 0.23 0.23 0.236 0.236 0.2385 0.2385 0.2385 0.2425 0.2425 0.2395 0.2395 0.2355 0.2355 0.2355 0.239 0.239 0.218 0.218 0.2395 0.2395 0.2395 0.2315 0.2315 0.2415 0.2415 0.2635 0.2635 0.2635 0.2485 0.2485 0.253 0.253 0.254 0.254 0.251 0.251 0.251 0.2605 0.2605 0.24 0.24 0.2335 0.2335 0.2335 0.2405 0.2405 0.2155 0.2155 0.202 0.202 0.202 0.2115 0.2115 0.1625 0.1625 0.198 0.198 0.198 0.1825
0.228 0.228 0.2265 0.2265 0.2235 0.2235 0.2205 0.2205 0.2205 0.2245 0.2245 0.248 0.248 0.2485 0.2485 0.236 0.236 0.236 0.264 0.264 0.265 0.265 0.245 0.245 0.245 0.2675 0.2675 0.2505 0.2505 0.246 0.246 0.246 0.249 0.249 0.22 0.22 0.2175 0.2175 0.2175 0.225 0.225 0.229 0.229 0.2375 0.2375 0.2375 0.225 0.225 0.2595 0.2595 0.236 0.236 0.2515 0.2515 0.2515 0.251 0.251 0.235 0.235 0.2405 0.2405 0.2405 0.2525 0.2525 0.237 0.237 0.2345 0.2345 0.2345 0.208 0.208 0.205 0.205 0.192 0.192 0.192 0.205
0.228 0.228 0.2265 0.2265 0.2235 0.2235 0.2205 0.2205 0.2205 0.2245 0.2245 0.248 0.248 0.2485 0.2485 0.236 0.236 0.236 0.264 0.264 0.265 0.265 0.245 0.245 0.245 0.2675 0.2675 0.2505 0.2505 0.246 0.246 0.246 0.249 0.249 0.22 0.22 0.2175 0.2175 0.2175 0.225 0.225 0.229 0.229 0.2375 0.2375 0.2375 0.225 0.225 0.2595 0.2595 0.236 0.236 0.2515 0.2515 0.2515 0.251 0.251 0.235 0.235 0.2405 0.2405 0.2405 0.2525 0.2525 0.237 0.237 0.2345 0.2345 0.2345 0.208 0.208 0.205 0.205 0.192 0.192 0.192 0.205
0.244 0.244 0.2455 0.2455 0.2405 0.2405 0.2205 0.2205 0.2205 0.208 0.208 0.2205 0.2205 0.255 0.255 0.259 0.259 0.259 0.258 0.258 0.2555 0.2555 0.249 0.249 0.249 0.249 0.249 0.255 0.255 0.2325 0.2325 0.2325 0.2435 0.2435 0.2375 0.2375 0.224 0.224 0.224 0.2055 0.2055 0.2245 0.2245 0.2285 0.2285 0.2285 0.2315 0.2315 0.244 0.244 0.256 0.256 0.2545 0.2545 0.2545 0.2475 0.2475 0.2405 0.2405 0.2435 0.2435 0.2435 0.2275 0.2275 0.234 0.234 0.2515 0.2515 0.2515 0.233 0.233 0.2265 0.2265 0.1845 0.1845 0.1845 0.1995
0.244 0.244 0.2455 0.2455 0.2405 0.2405 0.2205 0.2205 0.2205 0.208 0.208 0.2205 0.2205 0.255 0.255 0.259 0.259 0.259 0.258 0.258 0.2555 0.2555 0.249 0.249 0.249 0.249 0.249 0.255 0.255 0.2325 0.2325 0.2325 0.2435 0.2435 0.2375 0.2375 0.224 0.224 0.224 0.2055 0.2055 0.2245 0.2245 0.2285 0.2285 0.2285 0.2315 0.2315 0.244 0.244 0.256 0.256 0.2545 0.2545 0.2545 0.2475 0.2475 0.2405 0.2405 0.2435 0.2435 0.2435 0.2275 0.2275 0.234 0.234 0.2515 0.2515 0.2515 0.233 0.233 0.2265 0.2265 0.1845 0.1845 0.1845 0.1995
0.244 0.244 0.2455 0.2455 0.2405 0.2405 0.2205 0.2205 0.2205 0.208 0.208 0.2205 0.2205 0.255 0.255 0.259 0.259 0.259 0.258 0.258 0.2555 0.2555 0.249 0.249 0.249 0.249 0.249 0.255 0.255 0.2325 0.2325 0.2325 0.2435 0.2435 0.2375 0.2375 0.224 0.224 0.224 0.2055 0.2055 0.2245 0.2245 0.2285 0.2285 0.2285 0.2315 0.2315 0.244 0.244 0.256 0.256 0.2545 0.2545 0.2545 0.2475 0.2475 0.2405 0.2405 0.2435 0.2435 0.2435 0.2275 0.2275 0.234 0.234 0.2515 0.2515 0.2515 0.233 0.233 0.2265 0.2265 0.1845 0.1845 0.1845 0.1995
0.2375 0.2375 0.2445 0.2445 0.2375 0.2375 0.239 0.239 0.239 0.2415 0.2415 0.2325 0.2325 0.2435 0.2435 0.2445 0.2445 0.2445 0.247 0.247 0.2605 0.2605 0.245 0.245 0.245 0.253 0.253 0.2485 0.2485 0.2325 0.2325 0.2325 0.2385 0.2385 0.249 0.249 0.2325 0.2325 0.2325 0.245 0.245 0.218 0.218 0.2605 0.2605 0.2605 0.262 0.262 0.2475 0.2475 0.253 0.253 0.252 0.252 0.252 0.2395 0.2395 0.2245 0.2245 0.2225 0.2225 0.2225 0.2345 0.2345 0.2345 0.2345 0.2305 0.2305 0.2305 0.2355 0.2355 0.2495 0.2495 0.221 0.221 0.221 0.148
0.2375 0.2375 0.2445 0.2445 0.2375 0.2375 0.239 0.239 0.239 0.2415 0.2415 0.2325 0.2325 0.2435 0.2435 0.2445 0.2445 0.2445 0.247 0.247 0.2605 0.2605 0.245 0.245 0.245 0.253 0.253 0.2485 0.2485 0.2325 0.2325 0.2325 0.2385 0.2385 0.249 0.249 0.2325 0.2325 0.2325 0.245 0.245 0.218 0.218 0.2605 0.2605 0.2605 0.262 0.262 0.2475 0.2475 0.253 0.253 0.252 0.252 0.252 0.2395 0.2395 0.2245 0.2245 0.2225 0.2225 0.2225 0.2345 0.2345 0.2345 0.2345 0.2305 0.2305 0.2305 0.2355 0.2355 0.2495 0.2495 0.221 0.221 0.221 0.148
0.2485 0.2485 0.241 0.241 0.234 0.234 0.25 0.25 0.25 0.232 0.232 0.2345 0.2345 0.235 0.235 0.2335 0.2335 0.2335 0.246 0.246 0.2335 0.2335 0.249 0.249 0.249 0.245 0.245 0.2475 0.2475 0.245 0.245 0.245 0.262 0.262 0.2485 0.2485 0.23 0.23 0.23 0.232 0.232 0.2275 0.2275 0.2415 0.2415 0.2415 0.2605 0.2605 0.264 0.264 0.258 0.258 0.259 0.259 0.259 0.2275 0.2275 0.2295 0.2295 0.237 0.237 0.237 0.2415 0.2415 0.223 0.223 0.233 0.233 0.233 0.2235 0.2235 0.2465 0.2465 0.247 0.247 0.247 0.1925
0.2485 0.2485 0.241 0.241 0.234 0.234 0.25 0.25 0.25 0.232 0.232 0.2345 0.2345 0.235 0.235 0.2335 0.2335 0.2335 0.246 0.246 0.2335 0.2335 0.249 0.249 0.249 0.245 0.245 0.2475 0.2475 0.245 0.245 0.245 0.262 0.262 0.2485 0.2485 0.23 0.23 0.23 0.232 0.232 0.2275 0.2275 0.2415 0.2415 0.2415 0.2605 0.2605 0.264 0.264 0.258 0.258 0.259 0.259 0.259 0.2275 0.2275 0.2295 0.2295 0.237 0.237 0.237 0.2415 0.2415 0.223 0.223 0.233 0.233 0.233 0.2235 0.2235 0.2465 0.2465 0.247 0.247 0.247 0.1925
0.2395 0.2395 0.24 0.24 0.226 0.226 0.2485 0.2485 0.2485 0.2445 0.2445 0.231 0.231 0.2375 0.2375 0.2485 0.2485 0.2485 0.2525 0.2525 0.2395 0.2395 0.246 0.246 0.246 0.247 0.247 0.245 0.245 0.2485 0.2485 0.2485 0.2335 0.2335 0.247 0.247 0.219 0.219 0.219 0.2345 0.2345 0.233 0.233 0.237 0.237 0.237 0.22 0.22 0.2355 0.2355 0.231 0.231 0.252 0.252 0.252 0.235 0.235 0.2385 0.2385 0.249 0.249 0.249 0.255 0.255 0.245 0.245 0.2245 0.2245 0.2245 0.2275 0.2275 0.2395 0.2395 0.2445 0.2445 0.2445 0.2305
0.2395 0.2395 0.24 0.24 0.226 0.226 0.2485 0.2485 0.2485 0.2445 0.2445 0.231 0.231 0.2375 0.2375 0.2485 0.2485 0.2485 0.2525 0.2525 0.2395 0.2395 0.246 0.246 0.246 0.247 0.247 0.245 0.245 0.2485 0.2485 0.2485 0.2335 0.2335 0.247 0.247 0.219 0.219 0.219 0.2345 0.2345 0.233 0.233 0.237 0.237 0.237 0.22 0.22 0.2355 0.2355 0.231 0.231 0.252 0.252 0.252 0.235 0.235 0.2385 0.2385 0.249 0.249 0.249 0.255 0.255 0.245 0.245 0.2245 0.2245 0.2245 0.2275 0.2275 0.2395 0.2395 0.2445 0.2445 0.2445 0.2305
0.2395 0.2395 0.24 0.24 0.226 0.226 0.2485 0.2485 0.2485 0.2445 0.2445 0.231 0.231 0.2375 0.2375 0.2485 0.2485 0.2485 0.2525 0.2525 0.2395 0.2395 0.246 0.246 0.246 0.247 0.247 0.245 0.245 0.2485 0.2485 0.2485 0.2335 0.2335 0.247 0.247 0.219 0.219 0.219 0.2345 0.2345 0.233 0.233 0.237 0.237 0.237 0.22 0.22 0.2355 0.2355 0.231 0.231 0.252 0.252 0.252 0.235 0.235 0.2385 0.2385 0.249 0.249 0.249 0.255 0.255 0.245 0.245 0.2245 0.2245 0.2245 0.2275 0.2275 0.2395 0.2395 0.2445 0.2445 0.2445 0.2305
0.251 0.251 0.231 0.231 0.2285 0.2285 0.243 0.243 0.243 0.2385 0.2385 0.241 0.241 0.2485 0.2485 0.24 0.24 0.24 0.257 0.257 0.2485 0.2485 0.2365 0.2365 0.2365 0.243 0.243 0.2345 0.2345 0.2365 0.2365 0.2365 0.254 0.254 0.256 0.256 0.2495 0.2495 0.2495 0.249 0.249 0.2455 0.2455 0.25 0.25 0.25 0.241 0.241 0.2435 0.2435 0.2485 0.2485 0.2515 0.2515 0.2515 0.2445 0.2445 0.24 0.24 0.2415 0.2415 0.2415 0.2605 0.2605 0.2585 0.2585 0.26 0.26 0.26 0.241 0.241 0.2145 0.2145 0.21 0.21 0.21 0.2185
0.251 0.251 0.231 0.231 0.2285 0.2285 0.243 0.243 0.243 0.2385 0.2385 0.241 0.241 0.2485 0.2485 0.24 0.24 0.24 0.257 0.257 0.2485 0.2485 0.2365 0.2365 0.2365 0.243 0.243 0.2345 0.2345 0.2365 0.2365 0.2365 0.254 0.254 0.256 0.256 0.2495 0.2495 0.2495 0.249 0.249 0.2455 0.2455 0.25 0.25 0.25 0.241 0.241 0.2435 0.2435 0.2485 0.2485 0.2515 0.2515 0.2515 0.2445 0.2445 0.24 0.24 0.2415 0.2415 0.2415 0.2605 0.2605 0.2585 0.2585 0.26 0.26 0.26 0.241 0.241 0.2145 0.2145 0.21 0.21 0.21 0.2185
0.2505 0.2505 0.227 0.227 0.2465 0.2465 0.23 0.23 0.23 0.247 0.247 0.2405 0.2405 0.2285 0.2285 0.238 0.238 0.238 0.254 0.254 0.2545 0.2545 0.2515 0.2515 0.2515 0.245 0.245 0.238 0.238 0.2445 0.2445 0.2445 0.2515 0.2515 0.2375 0.2375 0.245 0.245 0.245 0.255 0.255 0.2295 0.2295 0.2285 0.2285 0.2285 0.2585 0.2585 0.2495 0.2495 0.2415 0.2415 0.2385 0.2385 0.2385 0.2335 0.2335 0.2425 0.2425 0.263 0.263 0.263 0.277 0.277 0.263 0.263 0.248 0.248 0.248 0.2285 0.2285 0.2255 0.2255 0.216 0.216 0.216 0.2025
0.2505 0.2505 0.227 0.227 0.2465 0.2465 0.23 0.23 0.23 0.247 0.247 0.2405 0.2405 0.2285 0.2285 0.238 0.238 0.238 0.254 0.254 0.2545 0.2545 0.2515 0.2515 0.2515 0.245 0.245 0.238 0.238 0.2445 0.2445 0.2445 0.2515 0.2515 0.2375 0.2375 0.245 0.245 0.245 0.255 0.255 0.2295 0.2295 0.2285 0.2285 0.2285 0.2585 0.2585 0.2495 0.2495 0.2415 0.2415 0.2385 0.2385 0.2385 0.2335 0.2335 0.2425 0.2425 0.263 0.263 0.263 0.277 0.277 0.263 0.263 0.248 0.248 0.248 0.2285 0.2285 0.2255 0.2255 0.216 0.216 0.216 0.2025
0.2685 0.2685 0.243 0.243 0.2355 0.2355 0.2375 0.2375 0.2375 0.225 0.225 0.2315 0.2315 0.2325 0.2325 0.218 0.218 0.218 0.2345 0.2345 0.2265 0.2265 0.2435 0.2435 0.2435 0.2465 0.2465 0.228 0.228 0.234 0.234 0.234 0.2245 0.2245 0.2185 0.2185 0.2345 0.2345 0.2345 0.242 0.242 0.2325 0.2325 0.2485 0.2485 0.2485 0.237 0.237 0.247 0.247 0.2455 0.2455 0.259 0.259 0.259 0.2155 0.2155 0.2415 0.2415 0.2535 0.2535 0.2535 0.2335 0.2335 0.235 0.235 0.231 0.231 0.231 0.23 0.23 0.224 0.224 0.2105 0.2105 0.2105 0.23
0.2685 0.2685 0.243 0.243 0.2355 0.2355 0.2375 0.2375 0.2375 0.225 0.225 0.2315 0.2315 0.2325 0.2325 0.218 0.218 0.218 0.2345 0.2345 0.2265 0.2265 0.2435 0.2435 0.2435 0.2465 0.2465 0.228 0.228 0.234 0.234 0.234 0.2245 0.2245 0.2185 0.2185 0.2345 0.2345 0.2345 0.242 0.242 0.2325 0.2325 0.2485 0.2485 0.2485 0.237 0.237 0.247 0.247 0.2455 0.2455 0.259 0.259 0.259 0.2155 0.2155 0.2415 0.2415 0.2535 0.2535 0.2535 0.2335 0.2335 0.235 0.235 0.231 0.231 0.231 0.23 0.23 0.224 0.224 0.2105 0.2105 0.2105 0.23
0.2595 0.2595 0.2645 0.2645 0.2425 0.2425 0.2355 0.2355 0.2355 0.2425 0.2425 0.2415 0.2415 0.2265 0.2265 0.2395 0.2395 0.2395 0.2215 0.2215 0.2425 0.2425 0.244 0.244 0.244 0.237 0.237 0.2215 0.2215 0.228 0.228 0.228 0.2365 0.2365 0.252 0.252 0.238 0.238 0.238 0.2195 0.2195 0.224 0.224 0.2305 0.2305 0.2305 0.242 0.242 0.2455 0.2455 0.25 0.25 0.245 0.245 0.245 0.236 0.236 0.241 0.241 0.2305 0.2305 0.2305 0.218 0.218 0.248 0.248 0.2325 0.2325 0.2325 0.2275 0.2275 0.2055 0.2055 0.205 0.205 0.205 0.224
0.2595 0.2595 0.2645 0.2645 0.2425 0.2425 0.2355 0.2355 0.2355 0.2425 0.2425 0.2415 0.2415 0.2265 0.2265 0.2395 0.2395 0.2395 0.2215 0.2215 0.2425 0.2425 0.244 0.244 0.244 0.237 0.237 0.2215 0.2215 0.228 0.228 0.228 0.2365 0.2365 0.252 0.252 0.238 0.238 0.238 0.2195 0.2195 0.224 0.224 0.2305 0.2305 0.2305 0.242 0.242 0.2455 0.2455 0.25 0.25 0.245 0.245 0.245 0.236 0.236 0.241 0.241 0.2305 0.2305 0.2305 0.218 0.218 0.248 0.248 0.2325 0.2325 0.2325 0.2275 0.2275 0.2055 0.2055 0.205 0.205 0.205 0.224
0.2595 0.2595 0.2645 0.2645 0.2425 0.2425 0.2355 0.2355 0.2355 0.2425 0.2425 0.2415 0.2415 0.2265 0.2265 0.2395 0.2395 0.2395 0.2215 0.2215 0.2425 0.2425 0.244 0.244 0.244 0.237 0.237 0.2215 0.2215 0.228 0.228 0.228 0.2365 0.2365 0.252 0.252 0.238 0.238 0.238 0.2195 0.2195 0.224 0.224 0.2305 0.2305 0.2305 0.242 0.242 0.2455 0.2455 0.25 0.25 0.245 0.245 0.245 0.236 0.236 0.241 0.241 0.2305 0.2305 0.2305 0.218 0.218 0.248 0.248 0.2325 0.2325 0.2325 0.2275 0.2275 0.2055 0.2055 0.205 0.205 0.205 0.224
0.2675 0.2675 0.262 0.262 0.2735 0.2735 0.249 0.249 0.249 0.2455 0.2455 0.225 0.225 0.239 0.239 0.2385 0.2385 0.2385 0.226 0.226 0.239 0.239 0.2445 0.2445 0.2445 0.2475 0.2475 0.222 0.222 0.2465 0.2465 0.2465 0.2205 0.2205 0.231 0.231 0.243 0.243 0.243 0.228 0.228 0.2495 0.2495 0.2135 0.2135 0.2135 0.2395 0.2395 0.23 0.23 0.2435 0.2435 0.2595 0.2595 0.2595 0.251 0.251 0.2605 0.2605 0.2465 0.2465 0.2465 0.248 0.248 0.2305 0.2305 0.2385 0.2385 0.2385 0.2325 0.2325 0.2065 0.2065 0.2075 0.2075 0.2075 0.222
0.2675 0.2675 0.262 0.262 0.2735 0.2735 0.249 0.249 0.249 0.2455 0.2455 0.225 0.225 0.239 0.239 0.2385 0.2385 0.2385 0.226 0.226 0.239 0.239 0.2445 0.2445 0.2445 0.2475 0.2475 0.222 0.222 0.2465 0.2465 0.2465 0.2205 0.2205 0.231 0.231 0.243 0.243 0.243 0.228 0.228 0.2495 0.2495 0.2135 0.2135 0.2135 0.2395 0.2395 0.23 0.23 0.2435 0.2435 0.2595 0.2595 0.2595 0.251 0.251 0.2605 0.2605 0.2465 0.2465 0.2465 0.248 0.248 0.2305 0.2305 0.2385 0.2385 0.2385 0.2325 0.2325 0.2065 0.2065 0.2075 0.2075 0.2075 0.222
0.2725 0.2725 0.2755 0.2755 0.26 0.26 0.258 0.258 0.258 0.271 0.271 0.2415 0.2415 0.2555 0.2555 0.2395 0.2395 0.2395 0.247 0.247 0.2355 0.2355 0.221 0.221 0.221 0.2335 0.2335 0.236 0.236 0.25 0.25 0.25 0.249 0.249 0.248 0.248 0.2345 0.2345 0.2345 0.24 0.24 0.259 0.259 0.23 0.23 0.23 0.244 0.244 0.243 0.243 0.2425 0.2425 0.2045 0.2045 0.2045 0.242 0.242 0.2605 0.2605 0.234 0.234 0.234 0.222 0.222 0.2305 0.2305 0.2285 0.2285 0.2285 0.2475 0.2475 0.2395 0.2395 0.241 0.241 0.241 0.262
0.2725 0.2725 0.2755 0.2755 0.26 0.26 0.258 0.258 0.258 0.271 0.271 0.2415 0.2415 0.2555 0.2555 0.2395 0.2395 0.2395 0.247 0.247 0.2355 0.2355 0.221 0.221 0.221 0.2335 0.2335 0.236 0.236 0.25 0.25 0.25 0.249 0.249 0.248 0.248 0.2345 0.2345 0.2345 0.24 0.24 0.259 0.259 0.23 0.23 0.23 0.244 0.244 0.243 0.243 0.2425 0.2425 0.2045 0.2045 0.2045 0.242 0.242 0.2605 0.2605 0.234 0.234 0.234 0.222 0.222 0.2305 0.2305 0.2285 0.2285 0.2285 0.2475 0.2475 0.2395 0.2395 0.241 0.241 0.241 0.262
0.242 0.242 0.245 0.245 0.2555 0.2555 0.2335 0.2335 0.2335 0.223 0.223 0.233 0.233 0.2405 0.2405 0.2425 0.2425 0.2425 0.246 0.246 0.252 0.252 0.272 0.272 0.272 0.238 0.238 0.225 0.225 0.2375 0.2375 0.2375 0.2515 0.2515 0.2535 0.2535 0.248 0.248 0.248 0.262 0.262 0.2535 0.2535 0.2565 0.2565 0.2565 0.2535 0.2535 0.25 0.25 0.2555 0.2555 0.229 0.229 0.229 0.247 0.247 0.256 0.256 0.2585 0.2585 0.2585 0.228 0.228 0.2395 0.2395 0.244 0.244 0.244 0.2635 0.2635 0.2375 0.2375 0.2225 0.2225 0.2225 0.245
0.242 0.242 0.245 0.245 0.2555 0.2555 0.2335 0.2335 0.2335 0.223 0.223 0.233 0.233 0.2405 0.2405 0.2425 0.2425 0.2425 0.246 0.246 0.252 0.252 0.272 0.272 0.272 0.238 0.238 0.225 0.225 0.2375 0.2375 0.2375 0.2515 0.2515 0.2535 0.2535 0.248 0.248 0.248 0.262 0.262 0.2535 0.2535 0.2565 0.2565 0.2565 0.2535 0.2535 0.25 0.25 0.2555 0.2555 0.229 0.229 0.229 0.247 0.247 0.256 0.256 0.2585 0.2585 0.2585 0.228 0.228 0.2395 0.2395 0.244 0.244 0.244 0.2635 0.2635 0.2375 0.2375 0.2225 0.2225 0.2225 0.245
0.242 0.242 0.245 0.245 0.2555 0.2555 0.2335 0.2335 0.2335 0.223 0.223 0.233 0.233 0.2405 0.2405 0.2425 0.2425 0.2425 0.246 0.246 0.252 0.252 0.272 0.272 0.272 0.238 0.238 0.225 0.225 0.2375 0.2375 0.2375 0.2515 0.2515 0.2535 0.2535 0.248 0.248 0.248 0.262 0.262 0.2535 0.2535 0.2565 0.2565 0.2565 0.2535 0.2535 0.25 0.25 0.2555 0.2555 0.229 0.229 0.229 0.247 0.247 0.256 0.256 0.2585 0.2585 0.2585 0.228 0.228 0.2395 0.2395 0.244 0.244 0.244 0.2635 0.2635 0.2375 0.2375 0.2225 0.2225 0.2225 0.245
