ndvi/NOAA-12.asc
ncols         252
nrows         154
xllcorner     -18.017974
yllcorner     13.481982
cellsize      0.035948
NODATA_value  -9999
[rows 35 to 69 of 154, columns 77 to 153 of 252]
0.1385 0.1385 0.1365 0.1365 0.143 0.143 0.1395 0.1395 0.1395 0.133 0.133 0.1415 0.1415 0.145 0.145 0.151 0.151 0.151 0.1515 0.1515 0.139 0.139 0.1445 0.1445 0.1445 0.145 0.145 0.1465 0.1465 0.1485 0.1485 0.1485 0.148 0.148 0.147 0.147 0.142 0.142 0.142 0.1405 0.1405 0.136 0.136 0.1435 0.1435 0.1435 0.1395 0.1395 0.136 0.136 0.139 0.139 0.142 0.142 0.142 0.1335 0.1335 0.1465 0.1465 0.147 0.147 0.147 0.152 0.152 0.1475 0.1475 0.1535 0.1535 0.1535 0.144 0.144 0.131 0.131 0.109 0.109 0.109 0.1205
0.1385 0.1385 0.1365 0.1365 0.143 0.143 0.1395 0.1395 0.1395 0.133 0.133 0.1415 0.1415 0.145 0.145 0.151 0.151 0.151 0.1515 0.1515 0.139 0.139 0.1445 0.1445 0.1445 0.145 0.145 0.1465 0.1465 0.1485 0.1485 0.1485 0.148 0.148 0.147 0.147 0.142 0.142 0.142 0.1405 0.1405 0.136 0.136 0.1435 0.1435 0.1435 0.1395 0.1395 0.136 0.136 0.139 0.139 0.142 0.142 0.142 0.1335 0.1335 0.1465 0.1465 0.147 0.147 0.147 0.152 0.152 0.1475 0.1475 0.1535 0.1535 0.1535 0.144 0.144 0.131 0.131 0.109 0.109 0.109 0.1205
0.142 0.142 0.1415 0.1415 0.1485 0.1485 0.1425 0.1425 0.1425 0.14 0.14 0.148 0.148 0.158 0.158 0.1465 0.1465 0.1465 0.1435 0.1435 0.137 0.137 0.138 0.138 0.138 0.149 0.149 0.157 0.157 0.15 0.15 0.15 0.145 0.145 0.155 0.155 0.1375 0.1375 0.1375 0.143 0.143 0.1445 0.1445 0.145 0.145 0.145 0.155 0.155 0.151 0.151 0.153 0.153 0.1555 0.1555 0.1555 0.156 0.156 0.1785 0.1785 0.1685 0.1685 0.1685 0.16 0.16 0.158 0.158 0.1585 0.1585 0.1585 0.1425 0.1425 0.1185 0.1185 0.1175 0.1175 0.1175 0.1235
0.142 0.142 0.1415 0.1415 0.1485 0.1485 0.1425 0.1425 0.1425 0.14 0.14 0.148 0.148 0.158 0.158 0.1465 0.1465 0.1465 0.1435 0.1435 0.137 0.137 0.138 0.138 0.138 0.149 0.149 0.157 0.157 0.15 0.15 0.15 0.145 0.145 0.155 0.155 0.1375 0.1375 0.1375 0.143 0.143 0.1445 0.1445 0.145 0.145 0.145 0.155 0.155 0.151 0.151 0.153 0.153 0.1555 0.1555 0.1555 0.156 0.156 0.1785 0.1785 0.1685 0.1685 0.1685 0.16 0.16 0.158 0.158 0.1585 0.1585 0.1585 0.1425 0.1425 0.1185 0.1185 0.1175 0.1175 0.1175 0.1235
0.15 0.15 0.146 0.146 0.142 0.142 0.143 0.143 0.143 0.15 0.15 0.152 0.152 0.155 0.155 0.1555 0.1555 0.1555 0.1425 0.1425 0.1395 0.1395 0.148 0.148 0.148 0.1505 0.1505 0.155 0.155 0.1595 0.1595 0.1595 0.1615 0.1615 0.157 0.157 0.1545 0.1545 0.1545 0.1455 0.1455 0.15 0.15 0.1615 0.1615 0.1615 0.177 0.177 0.171 0.171 0.1695 0.1695 0.2075 0.2075 0.2075 0.1735 0.1735 0.1855 0.1855 0.174 0.174 0.174 0.16 0.16 0.1515 0.1515 0.137 0.137 0.137 0.138 0.138 0.1065 0.1065 0.1135 0.1135 0.1135 0.122
0.15 0.15 0.146 0.146 0.142 0.142 0.143 0.143 0.143 0.15 0.15 0.152 0.152 0.155 0.155 0.1555 0.1555 0.1555 0.1425 0.1425 0.1395 0.1395 0.148 0.148 0.148 0.1505 0.1505 0.155 0.155 0.1595 0.1595 0.1595 0.1615 0.1615 0.157 0.157 0.1545 0.1545 0.1545 0.1455 0.1455 0.15 0.15 0.1615 0.1615 0.1615 0.177 0.177 0.171 0.171 0.1695 0.1695 0.2075 0.2075 0.2075 0.1735 0.1735 0.1855 0.1855 0.174 0.174 0.174 0.16 0.16 0.1515 0.1515 0.137 0.137 0.137 0.138 0.138 0.1065 0.1065 0.1135 0.1135 0.1135 0.122
0.1545 0.1545 0.1495 0.1495 0.1475 0.1475 0.143 0.143 0.143 0.145 0.145 0.151 0.151 0.1525 0.1525 0.153 0.153 0.153 0.136 0.136 0.1345 0.1345 0.139 0.139 0.139 0.1525 0.1525 0.1605 0.1605 0.162 0.162 0.162 0.157 0.157 0.1555 0.1555 0.16 0.16 0.16 0.1505 0.1505 0.17 0.17 0.1775 0.1775 0.1775 0.1635 0.1635 0.168 0.168 0.1765 0.1765 0.2075 0.2075 0.2075 0.192 0.192 0.169 0.169 0.1695 0.1695 0.1695 0.1555 0.1555 0.1525 0.1525 0.1205 0.1205 0.1205 0.1375 0.1375 0.1275 0.1275 0.1175 0.1175 0.1175 0.121
0.1545 0.1545 0.1495 0.1495 0.1475 0.1475 0.143 0.143 0.143 0.145 0.145 0.151 0.151 0.1525 0.1525 0.153 0.153 0.153 0.136 0.136 0.1345 0.1345 0.139 0.139 0.139 0.1525 0.1525 0.1605 0.1605 0.162 0.162 0.162 0.157 0.157 0.1555 0.1555 0.16 0.16 0.16 0.1505 0.1505 0.17 0.17 0.1775 0.1775 0.1775 0.1635 0.1635 0.168 0.168 0.1765 0.1765 0.2075 0.2075 0.2075 0.192 0.192 0.169 0.169 0.1695 0.1695 0.1695 0.1555 0.1555 0.1525 0.1525 0.1205 0.1205 0.1205 0.1375 0.1375 0.1275 0.1275 0.1175 0.1175 0.1175 0.121
0.1545 0.1545 0.1495 0.1495 0.1475 0.1475 0.143 0.143 0.143 0.145 0.145 0.151 0.151 0.1525 0.1525 0.153 0.153 0.153 0.136 0.136 0.1345 0.1345 0.139 0.139 0.139 0.1525 0.1525 0.1605 0.1605 0.162 0.162 0.162 0.157 0.157 0.1555 0.1555 0.16 0.16 0.16 0.1505 0.1505 0.17 0.17 0.1775 0.1775 0.1775 0.1635 0.1635 0.168 0.168 0.1765 0.1765 0.2075 0.2075 0.2075 0.192 0.192 0.169 0.169 0.1695 0.1695 0.1695 0.1555 0.1555 0.1525 0.1525 0.1205 0.1205 0.1205 0.1375 0.1375 0.1275 0.1275 0.1175 0.1175 0.1175 0.121
0.1625 0.1625 0.161 0.161 0.146 0.146 0.151 0.151 0.151 0.1475 0.1475 0.1475 0.1475 0.159 0.159 0.158 0.158 0.158 0.159 0.159 0.1395 0.1395 0.1485 0.1485 0.1485 0.155 0.155 0.1555 0.1555 0.157 0.157 0.157 0.1725 0.1725 0.1715 0.1715 0.171 0.171 0.171 0.1745 0.1745 0.162 0.162 0.1605 0.1605 0.1605 0.142 0.142 0.1465 0.1465 0.1405 0.1405 0.17 0.17 0.17 0.1655 0.1655 0.168 0.168 0.1315 0.1315 0.1315 0.139 0.139 0.128 0.128 0.1275 0.1275 0.1275 0.129 0.129 0.1125 0.1125 0.101 0.101 0.101 0.1035
0.1625 0.1625 0.161 0.161 0.146 0.146 0.151 0.151 0.151 0.1475 0.1475 0.1475 0.1475 0.159 0.159 0.158 0.158 0.158 0.159 0.159 0.1395 0.1395 0.1485 0.1485 0.1485 0.155 0.155 0.1555 0.1555 0.157 0.157 0.157 0.1725 0.1725 0.1715 0.1715 0.171 0.171 0.171 0.1745 0.1745 0.162 0.162 0.1605 0.1605 0.1605 0.142 0.142 0.1465 0.1465 0.1405 0.1405 0.17 0.17 0.17 0.1655 0.1655 0.168 0.168 0.1315 0.1315 0.1315 0.139 0.139 0.128 0.128 0.1275 0.1275 0.1275 0.129 0.129 0.1125 0.1125 0.101 0.101 0.101 0.1035
0.1645 0.1645 0.165 0.165 0.1565 0.1565 0.152 0.152 0.152 0.146 0.146 0.1455 0.1455 0.1495 0.1495 0.157 0.157 0.157 0.159 0.159 0.1565 0.1565 0.153 0.153 0.153 0.149 0.149 0.158 0.158 0.17 0.17 0.17 0.2 0.2 0.211 0.211 0.1755 0.1755 0.1755 0.1375 0.1375 0.146 0.146 0.1465 0.1465 0.1465 0.1565 0.1565 0.185 0.185 0.183 0.183 0.1775 0.1775 0.1775 0.1575 0.1575 0.1625 0.1625 0.1555 0.1555 0.1555 0.149 0.149 0.136 0.136 0.1365 0.1365 0.1365 0.1375 0.1375 0.135 0.135 0.1125 0.1125 0.1125 0.121
0.1645 0.1645 0.165 0.165 0.1565 0.1565 0.152 0.152 0.152 0.146 0.146 0.1455 0.1455 0.1495 0.1495 0.157 0.157 0.157 0.159 0.159 0.1565 0.1565 0.153 0.153 0.153 0.149 0.149 0.158 0.158 0.17 0.17 0.17 0.2 0.2 0.211 0.211 0.1755 0.1755 0.1755 0.1375 0.1375 0.146 0.146 0.1465 0.1465 0.1465 0.1565 0.1565 0.185 0.185 0.183 0.183 0.1775 0.1775 0.1775 0.1575 0.1575 0.1625 0.1625 0.1555 0.1555 0.1555 0.149 0.149 0.136 0.136 0.1365 0.1365 0.1365 0.1375 0.1375 0.135 0.135 0.1125 0.1125 0.1125 0.121
0.1845 0.1845 0.1665 0.1665 0.1675 0.1675 0.1565 0.1565 0.1565 0.156 0.156 0.1505 0.1505 0.1565 0.1565 0.178 0.178 0.178 0.181 0.181 0.1745 0.1745 0.1735 0.1735 0.1735 0.1715 0.1715 0.1855 0.1855 0.186 0.186 0.186 0.2165 0.2165 0.2195 0.2195 0.162 0.162 0.162 0.1535 0.1535 0.148 0.148 0.1665 0.1665 0.1665 0.184 0.184 0.1755 0.1755 0.1655 0.1655 0.17 0.17 0.17 0.154 0.154 0.1595 0.1595 0.153 0.153 0.153 0.156 0.156 0.146 0.146 0.152 0.152 0.152 0.1685 0.1685 0.1555 0.1555 0.12 0.12 0.12 0.119
0.1845 0.1845 0.1665 0.1665 0.1675 0.1675 0.1565 0.1565 0.1565 0.156 0.156 0.1505 0.1505 0.1565 0.1565 0.178 0.178 0.178 0.181 0.181 0.1745 0.1745 0.1735 0.1735 0.1735 0.1715 0.1715 0.1855 0.1855 0.186 0.186 0.186 0.2165 0.2165 0.2195 0.2195 0.162 0.162 0.162 0.1535 0.1535 0.148 0.148 0.1665 0.1665 0.1665 0.184 0.184 0.1755 0.1755 0.1655 0.1655 0.17 0.17 0.17 0.154 0.154 0.1595 0.1595 0.153 0.153 0.153 0.156 0.156 0.146 0.146 0.152 0.152 0.152 0.1685 0.1685 0.1555 0.1555 0.12 0.12 0.12 0.119
0.1845 0.1845 0.1665 0.1665 0.1675 0.1675 0.1565 0.1565 0.1565 0.156 0.156 0.1505 0.1505 0.1565 0.1565 0.178 0.178 0.178 0.181 0.181 0.1745 0.1745 0.1735 0.1735 0.1735 0.1715 0.1715 0.1855 0.1855 0.186 0.186 0.186 0.2165 0.2165 0.2195 0.2195 0.162 0.162 0.162 0.1535 0.1535 0.148 0.148 0.1665 0.1665 0.1665 0.184 0.184 0.1755 0.1755 0.1655 0.1655 0.17 0.17 0.17 0.154 0.154 0.1595 0.1595 0.153 0.153 0.153 0.156 0.156 0.146 0.146 0.152 0.152 0.152 0.1685 0.1685 0.1555 0.1555 0.12 0.12 0.12 0.119
0.18 0.18 0.18 0.18 0.1805 0.1805 0.186 0.186 0.186 0.19 0.19 0.181 0.181 0.1845 0.1845 0.186 0.186 0.186 0.1885 0.1885 0.187 0.187 0.186 0.186 0.186 0.1905 0.1905 0.189 0.189 0.183 0.183 0.183 0.183 0.183 0.203 0.203 0.1925 0.1925 0.1925 0.1435 0.1435 0.144 0.144 0.1425 0.1425 0.1425 0.156 0.156 0.1255 0.1255 0.164 0.164 0.166 0.166 0.166 0.164 0.164 0.162 0.162 0.161 0.161 0.161 0.176 0.176 0.1795 0.1795 0.173 0.173 0.173 0.183 0.183 0.186 0.186 0.144 0.144 0.144 0.1035
0.18 0.18 0.18 0.18 0.1805 0.1805 0.186 0.186 0.186 0.19 0.19 0.181 0.181 0.1845 0.1845 0.186 0.186 0.186 0.1885 0.1885 0.187 0.187 0.186 0.186 0.186 0.1905 0.1905 0.189 0.189 0.183 0.183 0.183 0.183 0.183 0.203 0.203 0.1925 0.1925 0.1925 0.1435 0.1435 0.144 0.144 0.1425 0.1425 0.1425 0.156 0.156 0.1255 0.1255 0.164 0.164 0.166 0.166 0.166 0.164 0.164 0.162 0.162 0.161 0.161 0.161 0.176 0.176 0.1795 0.1795 0.173 0.173 0.173 0.183 0.183 0.186 0.186 0.144 0.144 0.144 0.1035
0.1835 0.1835 0.176 0.176 0.1855 0.1855 0.192 0.192 0.192 0.1995 0.1995 0.194 0.194 0.1945 0.1945 0.1945 0.1945 0.1945 0.195 0.195 0.193 0.193 0.187 0.187 0.187 0.185 0.185 0.181 0.181 0.1825 0.1825 0.1825 0.185 0.185 0.21 0.21 0.1945 0.1945 0.1945 0.178 0.178 0.136 0.136 0.1405 0.1405 0.1405 0.136 0.136 0.1245 0.1245 0.182 0.182 0.174 0.174 0.174 0.1815 0.1815 0.192 0.192 0.2105 0.2105 0.2105 0.212 0.212 0.2115 0.2115 0.1805 0.1805 0.1805 0.1725 0.1725 0.1825 0.1825 0.16 0.16 0.16 0.09649999
0.1835 0.1835 0.176 0.176 0.1855 0.1855 0.192 0.192 0.192 0.1995 0.1995 0.194 0.194 0.1945 0.1945 0.1945 0.1945 0.1945 0.195 0.195 0.193 0.193 0.187 0.187 0.187 0.185 0.185 0.181 0.181 0.1825 0.1825 0.1825 0.185 0.185 0.21 0.21 0.1945 0.1945 0.1945 0.178 0.178 0.136 0.136 0.1405 0.1405 0.1405 0.136 0.136 0.1245 0.1245 0.182 0.182 0.174 0.174 0.174 0.1815 0.1815 0.192 0.192 0.2105 0.2105 0.2105 0.212 0.212 0.2115 0.2115 0.1805 0.1805 0.1805 0.1725 0.1725 0.1825 0.1825 0.16 0.16 0.16 0.09649999
0.22 0.22 0.2095 0.2095 0.2045 0.2045 0.2025 0.2025 0.2025 0.2105 0.2105 0.2075 0.2075 0.203 0.203 0.2065 0.2065 0.2065 0.207 0.207 0.194 0.194 0.187 0.187 0.187 0.1805 0.1805 0.186 0.186 0.1745 0.1745 0.1745 0.16 0.16 0.175 0.175 0.1785 0.1785 0.1785 0.172 0.172 0.1325 0.1325 0.1385 0.1385 0.1385 0.13 0.13 0.1665 0.1665 0.191 0.191 0.181 0.181 0.181 0.2095 0.2095 0.208 0.208 0.227 0.227 0.227 0.2195 0.2195 0.216 0.216 0.186 0.186 0.186 0.1635 0.1635 0.1515 0.1515 0.1435 0.1435 0.1435 0.107
0.22 0.22 0.2095 0.2095 0.2045 0.2045 0.2025 0.2025 0.2025 0.2105 0.2105 0.2075 0.2075 0.203 0.203 0.2065 0.2065 0.2065 0.207 0.207 0.194 0.194 0.187 0.187 0.187 0.1805 0.1805 0.186 0.186 0.1745 0.1745 0.1745 0.16 0.16 0.175 0.175 0.1785 0.1785 0.1785 0.172 0.172 0.1325 0.1325 0.1385 0.1385 0.1385 0.13 0.13 0.1665 0.1665 0.191 0.191 0.181 0.181 0.181 0.2095 0.2095 0.208 0.208 0.227 0.227 0.227 0.2195 0.2195 0.216 0.216 0.186 0.186 0.186 0.1635 0.1635 0.1515 0.1515 0.1435 0.1435 0.1435 0.107
0.2135 0.2135 0.2165 0.2165 0.213 0.213 0.2075 0.2075 0.2075 0.2075 0.2075 0.202 0.202 0.21 0.21 0.2105 0.2105 0.2105 0.2085 0.2085 0.201 0.201 0.195 0.195 0.195 0.1895 0.1895 0.187 0.187 0.1885 0.1885 0.1885 0.174 0.174 0.178 0.178 0.1665 0.1665 0.1665 0.171 0.171 0.1565 0.1565 0.173 0.173 0.173 0.1485 0.1485 0.127 0.127 0.1475 0.1475 0.175 0.175 0.175 0.2 0.2 0.2075 0.2075 0.224 0.224 0.224 0.2255 0.2255 0.218 0.218 0.1925 0.1925 0.1925 0.1565 0.1565 0.159 0.159 0.1395 0.1395 0.1395 0.1095
0.2135 0.2135 0.2165 0.2165 0.213 0.213 0.2075 0.2075 0.2075 0.2075 0.2075 0.202 0.202 0.21 0.21 0.2105 0.2105 0.2105 0.2085 0.2085 0.201 0.201 0.195 0.195 0.195 0.1895 0.1895 0.187 0.187 0.1885 0.1885 0.1885 0.174 0.174 0.178 0.178 0.1665 0.1665 0.1665 0.171 0.171 0.1565 0.1565 0.173 0.173 0.173 0.1485 0.1485 0.127 0.127 0.1475 0.1475 0.175 0.175 0.175 0.2 0.2 0.2075 0.2075 0.224 0.224 0.224 0.2255 0.2255 0.218 0.218 0.1925 0.1925 0.1925 0.1565 0.1565 0.159 0.159 0.1395 0.1395 0.1395 0.1095
0.2135 0.2135 0.2165 0.2165 0.213 0.213 0.2075 0.2075 0.2075 0.2075 0.2075 0.202 0.202 0.21 0.21 0.2105 0.2105 0.2105 0.2085 0.2085 0.201 0.201 0.195 0.195 0.195 0.1895 0.1895 0.187 0.187 0.1885 0.1885 0.1885 0.174 0.174 0.178 0.178 0.1665 0.1665 0.1665 0.171 0.171 0.1565 0.1565 0.173 0.173 0.173 0.1485 0.1485 0.127 0.127 0.1475 0.1475 0.175 0.175 0.175 0.2 0.2 0.2075 0.2075 0.224 0.224 0.224 0.2255 0.2255 0.218 0.218 0.1925 0.1925 0.1925 0.1565 0.1565 0.159 0.159 0.1395 0.1395 0.1395 0.1095
0.2145 0.2145 0.207 0.207 0.2125 0.2125 0.2115 0.2115 0.2115 0.21 0.21 0.1945 0.1945 0.1925 0.1925 0.202 0.202 0.202 0.1535 0.1535 0.1925 0.1925 0.2085 0.2085 0.2085 0.207 0.207 0.1995 0.1995 0.1995 0.1995 0.1995 0.2025 0.2025 0.2055 0.2055 0.189 0.189 0.189 0.1705 0.1705 0.157 0.157 0.1755 0.1755 0.1755 0.1655 0.1655 0.1185 0.1185 0.1065 0.1065 0.0865 0.0865 0.0865 0.1145 0.1145 0.176 0.176 0.207 0.207 0.207 0.216 0.216 0.2125 0.2125 0.2105 0.2105 0.2105 0.2015 0.2015 0.193 0.193 0.1415 0.1415 0.1415 0.123
0.2145 0.2145 0.207 0.207 0.2125 0.2125 0.2115 0.2115 0.2115 0.21 0.21 0.1945 0.1945 0.1925 0.1925 0.202 0.202 0.202 0.1535 0.1535 0.1925 0.1925 0.2085 0.2085 0.2085 0.207 0.207 0.1995 0.1995 0.1995 0.1995 0.1995 0.2025 0.2025 0.2055 0.2055 0.189 0.189 0.189 0.1705 0.1705 0.157 0.157 0.1755 0.1755 0.1755 0.1655 0.1655 0.1185 0.1185 0.1065 0.1065 0.0865 0.0865 0.0865 0.1145 0.1145 0.176 0.176 0.207 0.207 0.207 0.216 0.216 0.2125 0.2125 0.2105 0.2105 0.2105 0.2015 0.2015 0.193 0.193 0.1415 0.1415 0.1415 0.123
0.2335 0.2335 0.2315 0.2315 0.252 0.252 0.2445 0.2445 0.2445 0.2385 0.2385 0.237 0.237 0.2105 0.2105 0.1785 0.1785 0.1785 0.1655 0.1655 0.184 0.184 0.184 0.184 0.184 0.2035 0.2035 0.2105 0.2105 0.203 0.203 0.203 0.2065 0.2065 0.207 0.207 0.1935 0.1935 0.1935 0.187 0.187 0.1465 0.1465 0.158 0.158 0.158 0.142 0.142 0.1185 0.1185 0.1145 0.1145 0.121 0.121 0.121 0.1425 0.1425 0.1645 0.1645 0.21 0.21 0.21 0.206 0.206 0.2025 0.2025 0.2115 0.2115 0.2115 0.196 0.196 0.18 0.18 0.1555 0.1555 0.1555 0.1255
0.2335 0.2335 0.2315 0.2315 0.252 0.252 0.2445 0.2445 0.2445 0.2385 0.2385 0.237 0.237 0.2105 0.2105 0.1785 0.1785 0.1785 0.1655 0.1655 0.184 0.184 0.184 0.184 0.184 0.2035 0.2035 0.2105 0.2105 0.203 0.203 0.203 0.2065 0.2065 0.207 0.207 0.1935 0.1935 0.1935 0.187 0.187 0.1465 0.1465 0.158 0.158 0.158 0.142 0.142 0.1185 0.1185 0.1145 0.1145 0.121 0.121 0.121 0.1425 0.1425 0.1645 0.1645 0.21 0.21 0.21 0.206 0.206 0.2025 0.2025 0.2115 0.2115 0.2115 0.196 0.196 0.18 0.18 0.1555 0.1555 0.1555 0.1255
0.2125 0.2125 0.2125 0.2125 0.208 0.208 0.249 0.249 0.249 0.22 0.22 0.2475 0.2475 0.231 0.231 0.229 0.229 0.229 0.2235 0.2235 0.2205 0.2205 0.2 0.2 0.2 0.182 0.182 0.223 0.223 0.201 0.201 0.201 0.2055 0.2055 0.211 0.211 0.2015 0.2015 0.2015 0.2075 0.2075 0.176 0.176 0.132 0.132 0.132 0.1365 0.1365 0.125 0.125 0.126 0.126 0.1515 0.1515 0.1515 0.164 0.164 0.1755 0.1755 0.2135 0.2135 0.2135 0.2015 0.2015 0.2125 0.2125 0.2075 0.2075 0.2075 0.1985 0.1985 0.179 0.179 0.143 0.143 0.143 0.128
0.2125 0.2125 0.2125 0.2125 0.208 0.208 0.249 0.249 0.249 0.22 0.22 0.2475 0.2475 0.231 0.231 0.229 0.229 0.229 0.2235 0.2235 0.2205 0.2205 0.2 0.2 0.2 0.182 0.182 0.223 0.223 0.201 0.201 0.201 0.2055 0.2055 0.211 0.211 0.2015 0.2015 0.2015 0.2075 0.2075 0.176 0.176 0.132 0.132 0.132 0.1365 0.1365 0.125 0.125 0.126 0.126 0.1515 0.1515 0.1515 0.164 0.164 0.1755 0.1755 0.2135 0.2135 0.2135 0.2015 0.2015 0.2125 0.2125 0.2075 0.2075 0.2075 0.1985 0.1985 0.179 0.179 0.143 0.143 0.143 0.128
0.2125 0.2125 0.2125 0.2125 0.208 0.208 0.249 0.249 0.249 0.22 0.22 0.2475 0.2475 0.231 0.231 0.229 0.229 0.229 0.2235 0.2235 0.2205 0.2205 0.2 0.2 0.2 0.182 0.182 0.223 0.223 0.201 0.201 0.201 0.2055 0.2055 0.211 0.211 0.2015 0.2015 0.2015 0.2075 0.2075 0.176 0.176 0.132 0.132 0.132 0.1365 0.1365 0.125 0.125 0.126 0.126 0.1515 0.1515 0.1515 0.164 0.164 0.1755 0.1755 0.2135 0.2135 0.2135 0.2015 0.2015 0.2125 0.2125 0.2075 0.2075 0.2075 0.1985 0.1985 0.179 0.179 0.143 0.143 0.143 0.128
0.205 0.205 0.2125 0.2125 0.1995 0.1995 0.1895 0.1895 0.1895 0.217 0.217 0.2205 0.2205 0.238 0.238 0.2155 0.2155 0.2155 0.2255 0.2255 0.235 0.235 0.232 0.232 0.232 0.2125 0.2125 0.215 0.215 0.2085 0.2085 0.2085 0.2125 0.2125 0.201 0.201 0.199 0.199 0.199 0.1945 0.1945 0.184 0.184 0.1765 0.1765 0.1765 0.139 0.139 0.1695 0.1695 0.162 0.162 0.1805 0.1805 0.1805 0.179 0.179 0.1745 0.1745 0.209 0.209 0.209 0.1965 0.1965 0.2075 0.2075 0.194 0.194 0.194 0.197 0.197 0.1855 0.1855 0.1575 0.1575 0.1575 0.128
0.205 0.205 0.2125 0.2125 0.1995 0.1995 0.1895 0.1895 0.1895 0.217 0.217 0.2205 0.2205 0.238 0.238 0.2155 0.2155 0.2155 0.2255 0.2255 0.235 0.235 0.232 0.232 0.232 0.2125 0.2125 0.215 0.215 0.2085 0.2085 0.2085 0.2125 0.2125 0.201 0.201 0.199 0.199 0.199 0.1945 0.1945 0.184 0.184 0.1765 0.1765 0.1765 0.139 0.139 0.1695 0.1695 0.162 0.162 0.1805 0.1805 0.1805 0.179 0.179 0.1745 0.1745 0.209 0.209 0.209 0.1965 0.1965 0.2075 0.2075 0.194 0.194 0.194 0.197 0.197 0.1855 0.1855 0.1575 0.1575 0.1575 0.128
0.2205 0.2205 0.2085 0.2085 0.2025 0.2025 0.1975 0.1975 0.1975 0.2045 0.2045 0.226 0.226 0.223 0.223 0.2245 0.2245 0.2245 0.229 0.229 0.2195 0.2195 0.222 0.222 0.222 0.2775 0.2775 0.239 0.239 0.2135 0.2135 0.2135 0.198 0.198 0.201 0.201 0.212 0.212 0.212 0.2105 0.2105 0.2005 0.2005 0.184 0.184 0.184 0.1615 0.1615 0.155 0.155 0.1685 0.1685 0.175 0.175 0.175 0.1835 0.1835 0.1845 0.1845 0.2075 0.2075 0.2075 0.223 0.223 0.223 0.223 0.221 0.221 0.221 0.2035 0.2035 0.1945 0.1945 0.1715 0.1715 0.1715 0.1275
