ndvi/NOAA-302.asc
ncols         252
nrows         154
xllcorner     -18.017974
yllcorner     13.481982
cellsize      0.035948
NODATA_value  -9999
[rows 102 to 135 of 154, columns 154 to 230 of 252]
0.2375 0.2215 0.2215 0.238 0.238 0.238 0.2355 0.2355 0.248 0.248 0.2375 0.2375 0.2185 0.2185 0.2185 0.2515 0.2515 0.2525 0.2525 0.2525 0.2525 0.2525 0.2495 0.2495 0.2525 0.2525 0.2615 0.2615 0.2615 0.262 0.262 0.259 0.259 0.2695 0.2695 0.2695 0.2575 0.2575 0.264 0.264 0.2595 0.2595 0.2595 0.242 0.242 0.25 0.25 0.2535 0.2535 0.2255 0.2255 0.2255 0.224 0.224 0.2115 0.2115 0.2025 0.2025 0.2025 0.217 0.217 0.2215 0.2215 0.2265 0.2265 0.2265 0.2405 0.2405 0.2495 0.2495 0.238 0.238 0.238 0.2285 0.2285 0.237 0.237
0.228 0.254 0.254 0.2425 0.2425 0.2425 0.221 0.221 0.2445 0.2445 0.2535 0.2535 0.246 0.246 0.246 0.2585 0.2585 0.256 0.256 0.263 0.263 0.263 0.2935 0.2935 0.266 0.266 0.2565 0.2565 0.2565 0.2555 0.2555 0.253 0.253 0.248 0.248 0.248 0.244 0.244 0.2485 0.2485 0.246 0.246 0.246 0.2755 0.2755 0.2605 0.2605 0.2555 0.2555 0.272 0.272 0.272 0.2565 0.2565 0.215 0.215 0.211 0.211 0.211 0.2235 0.2235 0.242 0.242 0.2395 0.2395 0.2395 0.2325 0.2325 0.2335 0.2335 0.239 0.239 0.239 0.2225 0.2225 0.2115 0.2115
0.228 0.254 0.254 0.2425 0.2425 0.2425 0.221 0.221 0.2445 0.2445 0.2535 0.2535 0.246 0.246 0.246 0.2585 0.2585 0.256 0.256 0.263 0.263 0.263 0.2935 0.2935 0.266 0.266 0.2565 0.2565 0.2565 0.2555 0.2555 0.253 0.253 0.248 0.248 0.248 0.244 0.244 0.2485 0.2485 0.246 0.246 0.246 0.2755 0.2755 0.2605 0.2605 0.2555 0.2555 0.272 0.272 0.272 0.2565 0.2565 0.215 0.215 0.211 0.211 0.211 0.2235 0.2235 0.242 0.242 0.2395 0.2395 0.2395 0.2325 0.2325 0.2335 0.2335 0.239 0.239 0.239 0.2225 0.2225 0.2115 0.2115
0.228 0.254 0.254 0.2425 0.2425 0.2425 0.221 0.221 0.2445 0.2445 0.2535 0.2535 0.246 0.246 0.246 0.2585 0.2585 0.256 0.256 0.263 0.263 0.263 0.2935 0.2935 0.266 0.266 0.2565 0.2565 0.2565 0.2555 0.2555 0.253 0.253 0.248 0.248 0.248 0.244 0.244 0.2485 0.2485 0.246 0.246 0.246 0.2755 0.2755 0.2605 0.2605 0.2555 0.2555 0.272 0.272 0.272 0.2565 0.2565 0.215 0.215 0.211 0.211 0.211 0.2235 0.2235 0.242 0.242 0.2395 0.2395 0.2395 0.2325 0.2325 0.2335 0.2335 0.239 0.239 0.239 0.2225 0.2225 0.2115 0.2115
0.271 0.2535 0.2535 0.228 0.228 0.228 0.272 0.272 0.2345 0.2345 0.2485 0.2485 0.2395 0.2395 0.2395 0.2685 0.2685 0.244 0.244 0.2165 0.2165 0.2165 0.214 0.214 0.2195 0.2195 0.231 0.231 0.231 0.254 0.254 0.2645 0.2645 0.259 0.259 0.259 0.2485 0.2485 0.2665 0.2665 0.264 0.264 0.264 0.255 0.255 0.2895 0.2895 0.265 0.265 0.32 0.32 0.32 0.295 0.295 0.2605 0.2605 0.2365 0.2365 0.2365 0.24 0.24 0.238 0.238 0.229 0.229 0.229 0.2185 0.2185 0.243 0.243 0.232 0.232 0.232 0.2405 0.2405 0.249 0.249
0.271 0.2535 0.2535 0.228 0.228 0.228 0.272 0.272 0.2345 0.2345 0.2485 0.2485 0.2395 0.2395 0.2395 0.2685 0.2685 0.244 0.244 0.2165 0.2165 0.2165 0.214 0.214 0.2195 0.2195 0.231 0.231 0.231 0.254 0.254 0.2645 0.2645 0.259 0.259 0.259 0.2485 0.2485 0.2665 0.2665 0.264 0.264 0.264 0.255 0.255 0.2895 0.2895 0.265 0.265 0.32 0.32 0.32 0.295 0.295 0.2605 0.2605 0.2365 0.2365 0.2365 0.24 0.24 0.238 0.238 0.229 0.229 0.229 0.2185 0.2185 0.243 0.243 0.232 0.232 0.232 0.2405 0.2405 0.249 0.249
0.2435 0.26 0.26 0.2605 0.2605 0.2605 0.254 0.254 0.2335 0.2335 0.2515 0.2515 0.243 0.243 0.243 0.26 0.26 0.2485 0.2485 0.2475 0.2475 0.2475 0.2315 0.2315 0.222 0.222 0.2435 0.2435 0.2435 0.262 0.262 0.2485 0.2485 0.2645 0.2645 0.2645 0.273 0.273 0.25 0.25 0.259 0.259 0.259 0.3155 0.3155 0.262 0.262 0.2565 0.2565 0.264 0.264 0.264 0.2385 0.2385 0.2545 0.2545 0.23 0.23 0.23 0.257 0.257 0.2475 0.2475 0.237 0.237 0.237 0.2605 0.2605 0.2495 0.2495 0.2575 0.2575 0.2575 0.2585 0.2585 0.255 0.255
0.2435 0.26 0.26 0.2605 0.2605 0.2605 0.254 0.254 0.2335 0.2335 0.2515 0.2515 0.243 0.243 0.243 0.26 0.26 0.2485 0.2485 0.2475 0.2475 0.2475 0.2315 0.2315 0.222 0.222 0.2435 0.2435 0.2435 0.262 0.262 0.2485 0.2485 0.2645 0.2645 0.2645 0.273 0.273 0.25 0.25 0.259 0.259 0.259 0.3155 0.3155 0.262 0.262 0.2565 0.2565 0.264 0.264 0.264 0.2385 0.2385 0.2545 0.2545 0.23 0.23 0.23 0.257 0.257 0.2475 0.2475 0.237 0.237 0.237 0.2605 0.2605 0.2495 0.2495 0.2575 0.2575 0.2575 0.2585 0.2585 0.255 0.255
0.245 0.2525 0.2525 0.276 0.276 0.276 0.248 0.248 0.2485 0.2485 0.243 0.243 0.2575 0.2575 0.2575 0.238 0.238 0.2245 0.2245 0.222 0.222 0.222 0.2385 0.2385 0.261 0.261 0.2385 0.2385 0.2385 0.2685 0.2685 0.2605 0.2605 0.282 0.282 0.282 0.2665 0.2665 0.307 0.307 0.2845 0.2845 0.2845 0.271 0.271 0.2465 0.2465 0.2305 0.2305 0.2555 0.2555 0.2555 0.225 0.225 0.2545 0.2545 0.25 0.25 0.25 0.2545 0.2545 0.28 0.28 0.3175 0.3175 0.3175 0.26 0.26 0.2775 0.2775 0.29 0.29 0.29 0.288 0.288 0.2655 0.2655
0.245 0.2525 0.2525 0.276 0.276 0.276 0.248 0.248 0.2485 0.2485 0.243 0.243 0.2575 0.2575 0.2575 0.238 0.238 0.2245 0.2245 0.222 0.222 0.222 0.2385 0.2385 0.261 0.261 0.2385 0.2385 0.2385 0.2685 0.2685 0.2605 0.2605 0.282 0.282 0.282 0.2665 0.2665 0.307 0.307 0.2845 0.2845 0.2845 0.271 0.271 0.2465 0.2465 0.2305 0.2305 0.2555 0.2555 0.2555 0.225 0.225 0.2545 0.2545 0.25 0.25 0.25 0.2545 0.2545 0.28 0.28 0.3175 0.3175 0.3175 0.26 0.26 0.2775 0.2775 0.29 0.29 0.29 0.288 0.288 0.2655 0.2655
0.245 0.2525 0.2525 0.276 0.276 0.276 0.248 0.248 0.2485 0.2485 0.243 0.243 0.2575 0.2575 0.2575 0.238 0.238 0.2245 0.2245 0.222 0.222 0.222 0.2385 0.2385 0.261 0.261 0.2385 0.2385 0.2385 0.2685 0.2685 0.2605 0.2605 0.282 0.282 0.282 0.2665 0.2665 0.307 0.307 0.2845 0.2845 0.2845 0.271 0.271 0.2465 0.2465 0.2305 0.2305 0.2555 0.2555 0.2555 0.225 0.225 0.2545 0.2545 0.25 0.25 0.25 0.2545 0.2545 0.28 0.28 0.3175 0.3175 0.3175 0.26 0.26 0.2775 0.2775 0.29 0.29 0.29 0.288 0.288 0.2655 0.2655
0.2415 0.248 0.248 0.237 0.237 0.237 0.2525 0.2525 0.263 0.263 0.2585 0.2585 0.2415 0.2415 0.2415 0.247 0.247 0.2425 0.2425 0.257 0.257 0.257 0.2535 0.2535 0.244 0.244 0.2505 0.2505 0.2505 0.255 0.255 0.272 0.272 0.2745 0.2745 0.2745 0.2715 0.2715 0.2915 0.2915 0.2795 0.2795 0.2795 0.269 0.269 0.2875 0.2875 0.2755 0.2755 0.275 0.275 0.275 0.2515 0.2515 0.248 0.248 0.282 0.282 0.282 0.29 0.29 0.2615 0.2615 0.3005 0.3005 0.3005 0.284 0.284 0.271 0.271 0.284 0.284 0.284 0.2855 0.2855 0.2855 0.2855
0.2415 0.248 0.248 0.237 0.237 0.237 0.2525 0.2525 0.263 0.263 0.2585 0.2585 0.2415 0.2415 0.2415 0.247 0.247 0.2425 0.2425 0.257 0.257 0.257 0.2535 0.2535 0.244 0.244 0.2505 0.2505 0.2505 0.255 0.255 0.272 0.272 0.2745 0.2745 0.2745 0.2715 0.2715 0.2915 0.2915 0.2795 0.2795 0.2795 0.269 0.269 0.2875 0.2875 0.2755 0.2755 0.275 0.275 0.275 0.2515 0.2515 0.248 0.248 0.282 0.282 0.282 0.29 0.29 0.2615 0.2615 0.3005 0.3005 0.3005 0.284 0.284 0.271 0.271 0.284 0.284 0.284 0.2855 0.2855 0.2855 0.2855
0.237 0.241 0.241 0.265 0.265 0.265 0.238 0.238 0.2555 0.2555 0.256 0.256 0.259 0.259 0.259 0.2495 0.2495 0.254 0.254 0.2515 0.2515 0.2515 0.2665 0.2665 0.276 0.276 0.253 0.253 0.253 0.2515 0.2515 0.257 0.257 0.278 0.278 0.278 0.3045 0.3045 0.231 0.231 0.284 0.284 0.284 0.2975 0.2975 0.288 0.288 0.267 0.267 0.24 0.24 0.24 0.253 0.253 0.264 0.264 0.277 0.277 0.277 0.2745 0.2745 0.2775 0.2775 0.2815 0.2815 0.2815 0.28 0.28 0.263 0.263 0.284 0.284 0.284 0.3 0.3 0.282 0.282
0.237 0.241 0.241 0.265 0.265 0.265 0.238 0.238 0.2555 0.2555 0.256 0.256 0.259 0.259 0.259 0.2495 0.2495 0.254 0.254 0.2515 0.2515 0.2515 0.2665 0.2665 0.276 0.276 0.253 0.253 0.253 0.2515 0.2515 0.257 0.257 0.278 0.278 0.278 0.3045 0.3045 0.231 0.231 0.284 0.284 0.284 0.2975 0.2975 0.288 0.288 0.267 0.267 0.24 0.24 0.24 0.253 0.253 0.264 0.264 0.277 0.277 0.277 0.2745 0.2745 0.2775 0.2775 0.2815 0.2815 0.2815 0.28 0.28 0.263 0.263 0.284 0.284 0.284 0.3 0.3 0.282 0.282
0.2435 0.253 0.253 0.2505 0.2505 0.2505 0.262 0.262 0.251 0.251 0.2665 0.2665 0.281 0.281 0.281 0.2805 0.2805 0.2725 0.2725 0.268 0.268 0.268 0.2815 0.2815 0.271 0.271 0.2725 0.2725 0.2725 0.264 0.264 0.2625 0.2625 0.266 0.266 0.266 0.2535 0.2535 0.257 0.257 0.2895 0.2895 0.2895 0.26 0.26 0.2645 0.2645 0.233 0.233 0.2645 0.2645 0.2645 0.271 0.271 0.278 0.278 0.2665 0.2665 0.2665 0.2745 0.2745 0.2775 0.2775 0.275 0.275 0.275 0.287 0.287 0.2645 0.2645 0.2725 0.2725 0.2725 0.269 0.269 0.2735 0.2735
0.2435 0.253 0.253 0.2505 0.2505 0.2505 0.262 0.262 0.251 0.251 0.2665 0.2665 0.281 0.281 0.281 0.2805 0.2805 0.2725 0.2725 0.268 0.268 0.268 0.2815 0.2815 0.271 0.271 0.2725 0.2725 0.2725 0.264 0.264 0.2625 0.2625 0.266 0.266 0.266 0.2535 0.2535 0.257 0.257 0.2895 0.2895 0.2895 0.26 0.26 0.2645 0.2645 0.233 0.233 0.2645 0.2645 0.2645 0.271 0.271 0.278 0.278 0.2665 0.2665 0.2665 0.2745 0.2745 0.2775 0.2775 0.275 0.275 0.275 0.287 0.287 0.2645 0.2645 0.2725 0.2725 0.2725 0.269 0.269 0.2735 0.2735
0.2435 0.253 0.253 0.2505 0.2505 0.2505 0.262 0.262 0.251 0.251 0.2665 0.2665 0.281 0.281 0.281 0.2805 0.2805 0.2725 0.2725 0.268 0.268 0.268 0.2815 0.2815 0.271 0.271 0.2725 0.2725 0.2725 0.264 0.264 0.2625 0.2625 0.266 0.266 0.266 0.2535 0.2535 0.257 0.257 0.2895 0.2895 0.2895 0.26 0.26 0.2645 0.2645 0.233 0.233 0.2645 0.2645 0.2645 0.271 0.271 0.278 0.278 0.2665 0.2665 0.2665 0.2745 0.2745 0.2775 0.2775 0.275 0.275 0.275 0.287 0.287 0.2645 0.2645 0.2725 0.2725 0.2725 0.269 0.269 0.2735 0.2735
0.2635 0.2595 0.2595 0.2525 0.2525 0.2525 0.266 0.266 0.27 0.27 0.272 0.272 0.285 0.285 0.285 0.275 0.275 0.2825 0.2825 0.2845 0.2845 0.2845 0.2795 0.2795 0.27 0.27 0.2795 0.2795 0.2795 0.263 0.263 0.2515 0.2515 0.229 0.229 0.229 0.2405 0.2405 0.2125 0.2125 0.231 0.231 0.231 0.2675 0.2675 0.299 0.299 0.3015 0.3015 0.2805 0.2805 0.2805 0.27 0.27 0.282 0.282 0.278 0.278 0.278 0.268 0.268 0.2785 0.2785 0.2815 0.2815 0.2815 0.292 0.292 0.2765 0.2765 0.2875 0.2875 0.2875 0.2715 0.2715 0.277 0.277
0.2635 0.2595 0.2595 0.2525 0.2525 0.2525 0.266 0.266 0.27 0.27 0.272 0.272 0.285 0.285 0.285 0.275 0.275 0.2825 0.2825 0.2845 0.2845 0.2845 0.2795 0.2795 0.27 0.27 0.2795 0.2795 0.2795 0.263 0.263 0.2515 0.2515 0.229 0.229 0.229 0.2405 0.2405 0.2125 0.2125 0.231 0.231 0.231 0.2675 0.2675 0.299 0.299 0.3015 0.3015 0.2805 0.2805 0.2805 0.27 0.27 0.282 0.282 0.278 0.278 0.278 0.268 0.268 0.2785 0.2785 0.2815 0.2815 0.2815 0.292 0.292 0.2765 0.2765 0.2875 0.2875 0.2875 0.2715 0.2715 0.277 0.277
0.26 0.274 0.274 0.274 0.274 0.274 0.2685 0.2685 0.2695 0.2695 0.2825 0.2825 0.279 0.279 0.279 0.2805 0.2805 0.282 0.282 0.3045 0.3045 0.3045 0.2855 0.2855 0.271 0.271 0.2595 0.2595 0.2595 0.263 0.263 0.2405 0.2405 0.2495 0.2495 0.2495 0.272 0.272 0.3075 0.3075 0.2655 0.2655 0.2655 0.2945 0.2945 0.29 0.29 0.2875 0.2875 0.264 0.264 0.264 0.286 0.286 0.27 0.27 0.281 0.281 0.281 0.2905 0.2905 0.2895 0.2895 0.296 0.296 0.296 0.2785 0.2785 0.269 0.269 0.287 0.287 0.287 0.2815 0.2815 0.2925 0.2925
0.26 0.274 0.274 0.274 0.274 0.274 0.2685 0.2685 0.2695 0.2695 0.2825 0.2825 0.279 0.279 0.279 0.2805 0.2805 0.282 0.282 0.3045 0.3045 0.3045 0.2855 0.2855 0.271 0.271 0.2595 0.2595 0.2595 0.263 0.263 0.2405 0.2405 0.2495 0.2495 0.2495 0.272 0.272 0.3075 0.3075 0.2655 0.2655 0.2655 0.2945 0.2945 0.29 0.29 0.2875 0.2875 0.264 0.264 0.264 0.286 0.286 0.27 0.27 0.281 0.281 0.281 0.2905 0.2905 0.2895 0.2895 0.296 0.296 0.296 0.2785 0.2785 0.269 0.269 0.287 0.287 0.287 0.2815 0.2815 0.2925 0.2925
0.284 0.269 0.269 0.2515 0.2515 0.2515 0.2605 0.2605 0.26 0.26 0.29 0.29 0.2815 0.2815 0.2815 0.285 0.285 0.301 0.301 0.2835 0.2835 0.2835 0.305 0.305 0.288 0.288 0.282 0.282 0.282 0.2385 0.2385 0.2625 0.2625 0.258 0.258 0.258 0.2815 0.2815 0.2665 0.2665 0.2565 0.2565 0.2565 0.2495 0.2495 0.257 0.257 0.2865 0.2865 0.272 0.272 0.272 0.2895 0.2895 0.267 0.267 0.2845 0.2845 0.2845 0.2815 0.2815 0.286 0.286 0.2815 0.2815 0.2815 0.28 0.28 0.2745 0.2745 0.2945 0.2945 0.2945 0.2985 0.2985 0.3025 0.3025
0.284 0.269 0.269 0.2515 0.2515 0.2515 0.2605 0.2605 0.26 0.26 0.29 0.29 0.2815 0.2815 0.2815 0.285 0.285 0.301 0.301 0.2835 0.2835 0.2835 0.305 0.305 0.288 0.288 0.282 0.282 0.282 0.2385 0.2385 0.2625 0.2625 0.258 0.258 0.258 0.2815 0.2815 0.2665 0.2665 0.2565 0.2565 0.2565 0.2495 0.2495 0.257 0.257 0.2865 0.2865 0.272 0.272 0.272 0.2895 0.2895 0.267 0.267 0.2845 0.2845 0.2845 0.2815 0.2815 0.286 0.286 0.2815 0.2815 0.2815 0.28 0.28 0.2745 0.2745 0.2945 0.2945 0.2945 0.2985 0.2985 0.3025 0.3025
0.267 0.281 0.281 0.2675 0.2675 0.2675 0.2665 0.2665 0.256 0.256 0.284 0.284 0.292 0.292 0.292 0.287 0.287 0.294 0.294 0.308 0.308 0.308 0.2955 0.2955 0.289 0.289 0.286 0.286 0.286 0.2685 0.2685 0.254 0.254 0.2845 0.2845 0.2845 0.2845 0.2845 0.247 0.247 0.2775 0.2775 0.2775 0.2755 0.2755 0.2915 0.2915 0.279 0.279 0.2895 0.2895 0.2895 0.289 0.289 0.281 0.281 0.281 0.281 0.281 0.2975 0.2975 0.2905 0.2905 0.291 0.291 0.291 0.2815 0.2815 0.2775 0.2775 0.277 0.277 0.277 0.2775 0.2775 0.283 0.283
0.267 0.281 0.281 0.2675 0.2675 0.2675 0.2665 0.2665 0.256 0.256 0.284 0.284 0.292 0.292 0.292 0.287 0.287 0.294 0.294 0.308 0.308 0.308 0.2955 0.2955 0.289 0.289 0.286 0.286 0.286 0.2685 0.2685 0.254 0.254 0.2845 0.2845 0.2845 0.2845 0.2845 0.247 0.247 0.2775 0.2775 0.2775 0.2755 0.2755 0.2915 0.2915 0.279 0.279 0.2895 0.2895 0.2895 0.289 0.289 0.281 0.281 0.281 0.281 0.281 0.2975 0.2975 0.2905 0.2905 0.291 0.291 0.291 0.2815 0.2815 0.2775 0.2775 0.277 0.277 0.277 0.2775 0.2775 0.283 0.283
0.267 0.281 0.281 0.2675 0.2675 0.2675 0.2665 0.2665 0.256 0.256 0.284 0.284 0.292 0.292 0.292 0.287 0.287 0.294 0.294 0.308 0.308 0.308 0.2955 0.2955 0.289 0.289 0.286 0.286 0.286 0.2685 0.2685 0.254 0.254 0.2845 0.2845 0.2845 0.2845 0.2845 0.247 0.247 0.2775 0.2775 0.2775 0.2755 0.2755 0.2915 0.2915 0.279 0.279 0.2895 0.2895 0.2895 0.289 0.289 0.281 0.281 0.281 0.281 0.281 0.2975 0.2975 0.2905 0.2905 0.291 0.291 0.291 0.2815 0.2815 0.2775 0.2775 0.277 0.277 0.277 0.2775 0.2775 0.283 0.283
0.287 0.2895 0.2895 0.2635 0.2635 0.2635 0.2855 0.2855 0.277 0.277 0.301 0.301 0.2835 0.2835 0.2835 0.3065 0.3065 0.29 0.29 0.2815 0.2815 0.2815 0.28 0.28 0.289 0.289 0.302 0.302 0.302 0.2765 0.2765 0.2915 0.2915 0.2995 0.2995 0.2995 0.264 0.264 0.285 0.285 0.2695 0.2695 0.2695 0.2515 0.2515 0.304 0.304 0.3095 0.3095 0.2995 0.2995 0.2995 0.2825 0.2825 0.29 0.29 0.2755 0.2755 0.2755 0.282 0.282 0.2775 0.2775 0.2925 0.2925 0.2925 0.265 0.265 0.266 0.266 0.278 0.278 0.278 0.2785 0.2785 0.2705 0.2705
0.287 0.2895 0.2895 0.2635 0.2635 0.2635 0.2855 0.2855 0.277 0.277 0.301 0.301 0.2835 0.2835 0.2835 0.3065 0.3065 0.29 0.29 0.2815 0.2815 0.2815 0.28 0.28 0.289 0.289 0.302 0.302 0.302 0.2765 0.2765 0.2915 0.2915 0.2995 0.2995 0.2995 0.264 0.264 0.285 0.285 0.2695 0.2695 0.2695 0.2515 0.2515 0.304 0.304 0.3095 0.3095 0.2995 0.2995 0.2995 0.2825 0.2825 0.29 0.29 0.2755 0.2755 0.2755 0.282 0.282 0.2775 0.2775 0.2925 0.2925 0.2925 0.265 0.265 0.266 0.266 0.278 0.278 0.278 0.2785 0.2785 0.2705 0.2705
0.293 0.2935 0.2935 0.2665 0.2665 0.2665 0.2855 0.2855 0.2945 0.2945 0.3015 0.3015 0.2825 0.2825 0.2825 0.2835 0.2835 0.319 0.319 0.3095 0.3095 0.3095 0.2965 0.2965 0.3185 0.3185 0.2975 0.2975 0.2975 0.3125 0.3125 0.2975 0.2975 0.2865 0.2865 0.2865 0.275 0.275 0.273 0.273 0.2715 0.2715 0.2715 0.278 0.278 0.2935 0.2935 0.2915 0.2915 0.297 0.297 0.297 0.301 0.301 0.3005 0.3005 0.3175 0.3175 0.3175 0.3045 0.3045 0.295 0.295 0.2855 0.2855 0.2855 0.2705 0.2705 0.276 0.276 0.263 0.263 0.263 0.2705 0.2705 0.266 0.266
0.293 0.2935 0.2935 0.2665 0.2665 0.2665 0.2855 0.2855 0.2945 0.2945 0.3015 0.3015 0.2825 0.2825 0.2825 0.2835 0.2835 0.319 0.319 0.3095 0.3095 0.3095 0.2965 0.2965 0.3185 0.3185 0.2975 0.2975 0.2975 0.3125 0.3125 0.2975 0.2975 0.2865 0.2865 0.2865 0.275 0.275 0.273 0.273 0.2715 0.2715 0.2715 0.278 0.278 0.2935 0.2935 0.2915 0.2915 0.297 0.297 0.297 0.301 0.301 0.3005 0.3005 0.3175 0.3175 0.3175 0.3045 0.3045 0.295 0.295 0.2855 0.2855 0.2855 0.2705 0.2705 0.276 0.276 0.263 0.263 0.263 0.2705 0.2705 0.266 0.266
0.278 0.2825 0.2825 0.2765 0.2765 0.2765 0.2895 0.2895 0.2915 0.2915 0.309 0.309 0.302 0.302 0.302 0.2975 0.2975 0.297 0.297 0.3155 0.3155 0.3155 0.3135 0.3135 0.3115 0.3115 0.3115 0.3115 0.3115 0.308 0.308 0.29 0.29 0.287 0.287 0.287 0.296 0.296 0.2605 0.2605 0.274 0.274 0.274 0.271 0.271 0.2695 0.2695 0.27 0.27 0.29 0.29 0.29 0.303 0.303 0.3135 0.3135 0.291 0.291 0.291 0.3155 0.3155 0.3115 0.3115 0.302 0.302 0.302 0.3015 0.3015 0.2795 0.2795 0.2635 0.2635 0.2635 0.2865 0.2865 0.295 0.295
0.278 0.2825 0.2825 0.2765 0.2765 0.2765 0.2895 0.2895 0.2915 0.2915 0.309 0.309 0.302 0.302 0.302 0.2975 0.2975 0.297 0.297 0.3155 0.3155 0.3155 0.3135 0.3135 0.3115 0.3115 0.3115 0.3115 0.3115 0.308 0.308 0.29 0.29 0.287 0.287 0.287 0.296 0.296 0.2605 0.2605 0.274 0.274 0.274 0.271 0.271 0.2695 0.2695 0.27 0.27 0.29 0.29 0.29 0.303 0.303 0.3135 0.3135 0.291 0.291 0.291 0.3155 0.3155 0.3115 0.3115 0.302 0.302 0.302 0.3015 0.3015 0.2795 0.2795 0.2635 0.2635 0.2635 0.2865 0.2865 0.295 0.295
0.278 0.2825 0.2825 0.2765 0.2765 0.2765 0.2895 0.2895 0.2915 0.2915 0.309 0.309 0.302 0.302 0.302 0.2975 0.2975 0.297 0.297 0.3155 0.3155 0.3155 0.3135 0.3135 0.3115 0.3115 0.3115 0.3115 0.3115 0.308 0.308 0.29 0.29 0.287 0.287 0.287 0.296 0.296 0.2605 0.2605 0.274 0.274 0.274 0.271 0.271 0.2695 0.2695 0.27 0.27 0.29 0.29 0.29 0.303 0.303 0.3135 0.3135 0.291 0.291 0.291 0.3155 0.3155 0.3115 0.3115 0.302 0.302 0.302 0.3015 0.3015 0.2795 0.2795 0.2635 0.2635 0.2635 0.2865 0.2865 0.295 0.295
