ndvi/NOAA-141.asc
ncols         252
nrows         154
xllcorner     -18.017974
yllcorner     13.481982
cellsize      0.035948
NODATA_value  -9999
[rows 34 to 67 of 154, columns 78 to 155 of 252]
0.159 0.146 0.146 0.1415 0.1415 0.13 0.13 0.13 0.1295 0.1295 0.1275 0.1275 0.132 0.132 0.1425 0.1425 0.1425 0.1565 0.1565 0.167 0.167 0.1655 0.1655 0.1655 0.164 0.164 0.163 0.163 0.1545 0.1545 0.1545 0.172 0.172 0.163 0.163 0.154 0.154 0.154 0.1565 0.1565 0.164 0.164 0.1635 0.1635 0.1635 0.1555 0.1555 0.146 0.146 0.1445 0.1445 0.148 0.148 0.148 0.138 0.138 0.139 0.139 0.128 0.128 0.128 0.135 0.135 0.159 0.159 0.16 0.16 0.16 0.1705 0.1705 0.156 0.156 0.1505 0.1505 0.1505 0.1285 0.1285 0.15
0.159 0.146 0.146 0.1415 0.1415 0.13 0.13 0.13 0.1295 0.1295 0.1275 0.1275 0.132 0.132 0.1425 0.1425 0.1425 0.1565 0.1565 0.167 0.167 0.1655 0.1655 0.1655 0.164 0.164 0.163 0.163 0.1545 0.1545 0.1545 0.172 0.172 0.163 0.163 0.154 0.154 0.154 0.1565 0.1565 0.164 0.164 0.1635 0.1635 0.1635 0.1555 0.1555 0.146 0.146 0.1445 0.1445 0.148 0.148 0.148 0.138 0.138 0.139 0.139 0.128 0.128 0.128 0.135 0.135 0.159 0.159 0.16 0.16 0.16 0.1705 0.1705 0.156 0.156 0.1505 0.1505 0.1505 0.1285 0.1285 0.15
0.159 0.146 0.146 0.1415 0.1415 0.13 0.13 0.13 0.1295 0.1295 0.1275 0.1275 0.132 0.132 0.1425 0.1425 0.1425 0.1565 0.1565 0.167 0.167 0.1655 0.1655 0.1655 0.164 0.164 0.163 0.163 0.1545 0.1545 0.1545 0.172 0.172 0.163 0.163 0.154 0.154 0.154 0.1565 0.1565 0.164 0.164 0.1635 0.1635 0.1635 0.1555 0.1555 0.146 0.146 0.1445 0.1445 0.148 0.148 0.148 0.138 0.138 0.139 0.139 0.128 0.128 0.128 0.135 0.135 0.159 0.159 0.16 0.16 0.16 0.1705 0.1705 0.156 0.156 0.1505 0.1505 0.1505 0.1285 0.1285 0.15
0.167 0.1595 0.1595 0.158 0.158 0.1565 0.1565 0.1565 0.18 0.18 0.1675 0.1675 0.159 0.159 0.1385 0.1385 0.1385 0.1775 0.1775 0.172 0.172 0.1915 0.1915 0.1915 0.199 0.199 0.209 0.209 0.2075 0.2075 0.2075 0.201 0.201 0.1765 0.1765 0.174 0.174 0.174 0.162 0.162 0.172 0.172 0.1855 0.1855 0.1855 0.1705 0.1705 0.1775 0.1775 0.188 0.188 0.17 0.17 0.17 0.159 0.159 0.1575 0.1575 0.1575 0.1575 0.1575 0.1515 0.1515 0.1495 0.1495 0.171 0.171 0.171 0.1525 0.1525 0.1875 0.1875 0.1765 0.1765 0.1765 0.125 0.125 0.139
0.167 0.1595 0.1595 0.158 0.158 0.1565 0.1565 0.1565 0.18 0.18 0.1675 0.1675 0.159 0.159 0.1385 0.1385 0.1385 0.1775 0.1775 0.172 0.172 0.1915 0.1915 0.1915 0.199 0.199 0.209 0.209 0.2075 0.2075 0.2075 0.201 0.201 0.1765 0.1765 0.174 0.174 0.174 0.162 0.162 0.172 0.172 0.1855 0.1855 0.1855 0.1705 0.1705 0.1775 0.1775 0.188 0.188 0.17 0.17 0.17 0.159 0.159 0.1575 0.1575 0.1575 0.1575 0.1575 0.1515 0.1515 0.1495 0.1495 0.171 0.171 0.171 0.1525 0.1525 0.1875 0.1875 0.1765 0.1765 0.1765 0.125 0.125 0.139
0.185 0.185 0.185 0.1785 0.1785 0.172 0.172 0.172 0.1945 0.1945 0.1875 0.1875 0.1795 0.1795 0.1595 0.1595 0.1595 0.158 0.158 0.1785 0.1785 0.2025 0.2025 0.2025 0.2195 0.2195 0.2155 0.2155 0.211 0.211 0.211 0.2175 0.2175 0.198 0.198 0.179 0.179 0.179 0.18 0.18 0.176 0.176 0.2005 0.2005 0.2005 0.1965 0.1965 0.185 0.185 0.19 0.19 0.2515 0.2515 0.2515 0.2195 0.2195 0.209 0.209 0.206 0.206 0.206 0.168 0.168 0.1475 0.1475 0.182 0.182 0.182 0.1355 0.1355 0.1375 0.1375 0.144 0.144 0.144 0.1215 0.1215 0.1195
0.185 0.185 0.185 0.1785 0.1785 0.172 0.172 0.172 0.1945 0.1945 0.1875 0.1875 0.1795 0.1795 0.1595 0.1595 0.1595 0.158 0.158 0.1785 0.1785 0.2025 0.2025 0.2025 0.2195 0.2195 0.2155 0.2155 0.211 0.211 0.211 0.2175 0.2175 0.198 0.198 0.179 0.179 0.179 0.18 0.18 0.176 0.176 0.2005 0.2005 0.2005 0.1965 0.1965 0.185 0.185 0.19 0.19 0.2515 0.2515 0.2515 0.2195 0.2195 0.209 0.209 0.206 0.206 0.206 0.168 0.168 0.1475 0.1475 0.182 0.182 0.182 0.1355 0.1355 0.1375 0.1375 0.144 0.144 0.144 0.1215 0.1215 0.1195
0.223 0.196 0.196 0.195 0.195 0.19 0.19 0.19 0.2 0.2 0.195 0.195 0.2005 0.2005 0.212 0.212 0.212 0.189 0.189 0.1975 0.1975 0.206 0.206 0.206 0.226 0.226 0.205 0.205 0.2225 0.2225 0.2225 0.2375 0.2375 0.1955 0.1955 0.194 0.194 0.194 0.194 0.194 0.213 0.213 0.2125 0.2125 0.2125 0.1775 0.1775 0.196 0.196 0.204 0.204 0.2705 0.2705 0.2705 0.259 0.259 0.214 0.214 0.25 0.25 0.25 0.172 0.172 0.177 0.177 0.123 0.123 0.123 0.13 0.13 0.1335 0.1335 0.1255 0.1255 0.1255 0.127 0.127 0.1075
0.223 0.196 0.196 0.195 0.195 0.19 0.19 0.19 0.2 0.2 0.195 0.195 0.2005 0.2005 0.212 0.212 0.212 0.189 0.189 0.1975 0.1975 0.206 0.206 0.206 0.226 0.226 0.205 0.205 0.2225 0.2225 0.2225 0.2375 0.2375 0.1955 0.1955 0.194 0.194 0.194 0.194 0.194 0.213 0.213 0.2125 0.2125 0.2125 0.1775 0.1775 0.196 0.196 0.204 0.204 0.2705 0.2705 0.2705 0.259 0.259 0.214 0.214 0.25 0.25 0.25 0.172 0.172 0.177 0.177 0.123 0.123 0.123 0.13 0.13 0.1335 0.1335 0.1255 0.1255 0.1255 0.127 0.127 0.1075
0.223 0.196 0.196 0.195 0.195 0.19 0.19 0.19 0.2 0.2 0.195 0.195 0.2005 0.2005 0.212 0.212 0.212 0.189 0.189 0.1975 0.1975 0.206 0.206 0.206 0.226 0.226 0.205 0.205 0.2225 0.2225 0.2225 0.2375 0.2375 0.1955 0.1955 0.194 0.194 0.194 0.194 0.194 0.213 0.213 0.2125 0.2125 0.2125 0.1775 0.1775 0.196 0.196 0.204 0.204 0.2705 0.2705 0.2705 0.259 0.259 0.214 0.214 0.25 0.25 0.25 0.172 0.172 0.177 0.177 0.123 0.123 0.123 0.13 0.13 0.1335 0.1335 0.1255 0.1255 0.1255 0.127 0.127 0.1075
0.2105 0.2005 0.2005 0.1915 0.1915 0.1955 0.1955 0.1955 0.2075 0.2075 0.2085 0.2085 0.2045 0.2045 0.224 0.224 0.224 0.2535 0.2535 0.1845 0.1845 0.196 0.196 0.196 0.2065 0.2065 0.2145 0.2145 0.209 0.209 0.209 0.224 0.224 0.2315 0.2315 0.2245 0.2245 0.2245 0.215 0.215 0.212 0.212 0.199 0.199 0.199 0.178 0.178 0.1815 0.1815 0.1805 0.1805 0.2015 0.2015 0.2015 0.1975 0.1975 0.187 0.187 0.1625 0.1625 0.1625 0.1495 0.1495 0.1385 0.1385 0.143 0.143 0.143 0.13 0.13 0.125 0.125 0.129 0.129 0.129 0.1185 0.1185 0.157
0.2105 0.2005 0.2005 0.1915 0.1915 0.1955 0.1955 0.1955 0.2075 0.2075 0.2085 0.2085 0.2045 0.2045 0.224 0.224 0.224 0.2535 0.2535 0.1845 0.1845 0.196 0.196 0.196 0.2065 0.2065 0.2145 0.2145 0.209 0.209 0.209 0.224 0.224 0.2315 0.2315 0.2245 0.2245 0.2245 0.215 0.215 0.212 0.212 0.199 0.199 0.199 0.178 0.178 0.1815 0.1815 0.1805 0.1805 0.2015 0.2015 0.2015 0.1975 0.1975 0.187 0.187 0.1625 0.1625 0.1625 0.1495 0.1495 0.1385 0.1385 0.143 0.143 0.143 0.13 0.13 0.125 0.125 0.129 0.129 0.129 0.1185 0.1185 0.157
0.236 0.2265 0.2265 0.223 0.223 0.2225 0.2225 0.2225 0.215 0.215 0.207 0.207 0.2155 0.2155 0.221 0.221 0.221 0.2285 0.2285 0.216 0.216 0.18 0.18 0.18 0.2025 0.2025 0.2175 0.2175 0.227 0.227 0.227 0.276 0.276 0.263 0.263 0.25 0.25 0.25 0.2165 0.2165 0.253 0.253 0.1855 0.1855 0.1855 0.1855 0.1855 0.2765 0.2765 0.217 0.217 0.209 0.209 0.209 0.179 0.179 0.18 0.18 0.149 0.149 0.149 0.165 0.165 0.153 0.153 0.1475 0.1475 0.1475 0.1465 0.1465 0.146 0.146 0.127 0.127 0.127 0.185 0.185 0.17
0.236 0.2265 0.2265 0.223 0.223 0.2225 0.2225 0.2225 0.215 0.215 0.207 0.207 0.2155 0.2155 0.221 0.221 0.221 0.2285 0.2285 0.216 0.216 0.18 0.18 0.18 0.2025 0.2025 0.2175 0.2175 0.227 0.227 0.227 0.276 0.276 0.263 0.263 0.25 0.25 0.25 0.2165 0.2165 0.253 0.253 0.1855 0.1855 0.1855 0.1855 0.1855 0.2765 0.2765 0.217 0.217 0.209 0.209 0.209 0.179 0.179 0.18 0.18 0.149 0.149 0.149 0.165 0.165 0.153 0.153 0.1475 0.1475 0.1475 0.1465 0.1465 0.146 0.146 0.127 0.127 0.127 0.185 0.185 0.17
0.2475 0.25 0.25 0.2675 0.2675 0.272 0.272 0.272 0.248 0.248 0.253 0.253 0.2595 0.2595 0.2825 0.2825 0.2825 0.282 0.282 0.31 0.31 0.274 0.274 0.274 0.2695 0.2695 0.2765 0.2765 0.319 0.319 0.319 0.3 0.3 0.2835 0.2835 0.249 0.249 0.249 0.2095 0.2095 0.2425 0.2425 0.276 0.276 0.276 0.2655 0.2655 0.2655 0.2655 0.241 0.241 0.212 0.212 0.212 0.1995 0.1995 0.1965 0.1965 0.1725 0.1725 0.1725 0.1815 0.1815 0.17 0.17 0.1765 0.1765 0.1765 0.18 0.18 0.168 0.168 0.1575 0.1575 0.1575 0.1635 0.1635 0.174
0.2475 0.25 0.25 0.2675 0.2675 0.272 0.272 0.272 0.248 0.248 0.253 0.253 0.2595 0.2595 0.2825 0.2825 0.2825 0.282 0.282 0.31 0.31 0.274 0.274 0.274 0.2695 0.2695 0.2765 0.2765 0.319 0.319 0.319 0.3 0.3 0.2835 0.2835 0.249 0.249 0.249 0.2095 0.2095 0.2425 0.2425 0.276 0.276 0.276 0.2655 0.2655 0.2655 0.2655 0.241 0.241 0.212 0.212 0.212 0.1995 0.1995 0.1965 0.1965 0.1725 0.1725 0.1725 0.1815 0.1815 0.17 0.17 0.1765 0.1765 0.1765 0.18 0.18 0.168 0.168 0.1575 0.1575 0.1575 0.1635 0.1635 0.174
0.2475 0.25 0.25 0.2675 0.2675 0.272 0.272 0.272 0.248 0.248 0.253 0.253 0.2595 0.2595 0.2825 0.2825 0.2825 0.282 0.282 0.31 0.31 0.274 0.274 0.274 0.2695 0.2695 0.2765 0.2765 0.319 0.319 0.319 0.3 0.3 0.2835 0.2835 0.249 0.249 0.249 0.2095 0.2095 0.2425 0.2425 0.276 0.276 0.276 0.2655 0.2655 0.2655 0.2655 0.241 0.241 0.212 0.212 0.212 0.1995 0.1995 0.1965 0.1965 0.1725 0.1725 0.1725 0.1815 0.1815 0.17 0.17 0.1765 0.1765 0.1765 0.18 0.18 0.168 0.168 0.1575 0.1575 0.1575 0.1635 0.1635 0.174
0.3815 0.301 0.301 0.3865 0.3865 0.3475 0.3475 0.3475 0.289 0.289 0.3225 0.3225 0.2695 0.2695 0.294 0.294 0.294 0.323 0.323 0.3325 0.3325 0.2965 0.2965 0.2965 0.304 0.304 0.2675 0.2675 0.313 0.313 0.313 0.274 0.274 0.3455 0.3455 0.292 0.292 0.292 0.2455 0.2455 0.214 0.214 0.216 0.216 0.216 0.2265 0.2265 0.2075 0.2075 0.192 0.192 0.1875 0.1875 0.1875 0.2105 0.2105 0.1925 0.1925 0.1965 0.1965 0.1965 0.225 0.225 0.236 0.236 0.2355 0.2355 0.2355 0.2505 0.2505 0.2405 0.2405 0.1765 0.1765 0.1765 0.137 0.137 0.158
0.3815 0.301 0.301 0.3865 0.3865 0.3475 0.3475 0.3475 0.289 0.289 0.3225 0.3225 0.2695 0.2695 0.294 0.294 0.294 0.323 0.323 0.3325 0.3325 0.2965 0.2965 0.2965 0.304 0.304 0.2675 0.2675 0.313 0.313 0.313 0.274 0.274 0.3455 0.3455 0.292 0.292 0.292 0.2455 0.2455 0.214 0.214 0.216 0.216 0.216 0.2265 0.2265 0.2075 0.2075 0.192 0.192 0.1875 0.1875 0.1875 0.2105 0.2105 0.1925 0.1925 0.1965 0.1965 0.1965 0.225 0.225 0.236 0.236 0.2355 0.2355 0.2355 0.2505 0.2505 0.2405 0.2405 0.1765 0.1765 0.1765 0.137 0.137 0.158
0.334 0.3225 0.3225 0.3145 0.3145 0.277 0.277 0.277 0.273 0.273 0.2695 0.2695 0.2925 0.2925 0.3485 0.3485 0.3485 0.394 0.394 0.3125 0.3125 0.305 0.305 0.305 0.299 0.299 0.2575 0.2575 0.223 0.223 0.223 0.246 0.246 0.3005 0.3005 0.2755 0.2755 0.2755 0.241 0.241 0.2155 0.2155 0.264 0.264 0.264 0.249 0.249 0.1445 0.1445 0.2375 0.2375 0.2325 0.2325 0.2325 0.2075 0.2075 0.2265 0.2265 0.2445 0.2445 0.2445 0.2445 0.2445 0.277 0.277 0.2405 0.2405 0.2405 0.227 0.227 0.222 0.222 0.218 0.218 0.218 0.1165 0.1165 0.1395
0.334 0.3225 0.3225 0.3145 0.3145 0.277 0.277 0.277 0.273 0.273 0.2695 0.2695 0.2925 0.2925 0.3485 0.3485 0.3485 0.394 0.394 0.3125 0.3125 0.305 0.305 0.305 0.299 0.299 0.2575 0.2575 0.223 0.223 0.223 0.246 0.246 0.3005 0.3005 0.2755 0.2755 0.2755 0.241 0.241 0.2155 0.2155 0.264 0.264 0.264 0.249 0.249 0.1445 0.1445 0.2375 0.2375 0.2325 0.2325 0.2325 0.2075 0.2075 0.2265 0.2265 0.2445 0.2445 0.2445 0.2445 0.2445 0.277 0.277 0.2405 0.2405 0.2405 0.227 0.227 0.222 0.222 0.218 0.218 0.218 0.1165 0.1165 0.1395
0.396 0.304 0.304 0.349 0.349 0.309 0.309 0.309 0.3525 0.3525 0.354 0.354 0.3755 0.3755 0.4185 0.4185 0.4185 0.395 0.395 0.303 0.303 0.294 0.294 0.294 0.282 0.282 0.2405 0.2405 0.2325 0.2325 0.2325 0.221 0.221 0.2555 0.2555 0.3365 0.3365 0.3365 0.266 0.266 0.2545 0.2545 0.257 0.257 0.257 0.2045 0.2045 0.211 0.211 0.207 0.207 0.2825 0.2825 0.2825 0.294 0.294 0.249 0.249 0.2775 0.2775 0.2775 0.2965 0.2965 0.304 0.304 0.2215 0.2215 0.2215 0.184 0.184 0.1815 0.1815 0.151 0.151 0.151 0.1105 0.1105 0.124
0.396 0.304 0.304 0.349 0.349 0.309 0.309 0.309 0.3525 0.3525 0.354 0.354 0.3755 0.3755 0.4185 0.4185 0.4185 0.395 0.395 0.303 0.303 0.294 0.294 0.294 0.282 0.282 0.2405 0.2405 0.2325 0.2325 0.2325 0.221 0.221 0.2555 0.2555 0.3365 0.3365 0.3365 0.266 0.266 0.2545 0.2545 0.257 0.257 0.257 0.2045 0.2045 0.211 0.211 0.207 0.207 0.2825 0.2825 0.2825 0.294 0.294 0.249 0.249 0.2775 0.2775 0.2775 0.2965 0.2965 0.304 0.304 0.2215 0.2215 0.2215 0.184 0.184 0.1815 0.1815 0.151 0.151 0.151 0.1105 0.1105 0.124
0.302 0.318 0.318 0.377 0.377 0.3605 0.3605 0.3605 0.3515 0.3515 0.3695 0.3695 0.433 0.433 0.372 0.372 0.372 0.3925 0.3925 0.365 0.365 0.3375 0.3375 0.3375 0.303 0.303 0.3125 0.3125 0.238 0.238 0.238 0.2205 0.2205 0.226 0.226 0.2555 0.2555 0.2555 0.2775 0.2775 0.212 0.212 0.2015 0.2015 0.2015 0.2245 0.2245 0.187 0.187 0.1725 0.1725 0.227 0.227 0.227 0.263 0.263 0.284 0.284 0.3155 0.3155 0.3155 0.337 0.337 0.24 0.24 0.1965 0.1965 0.1965 0.1755 0.1755 0.1785 0.1785 0.1535 0.1535 0.1535 0.1115 0.1115 0.1305
0.302 0.318 0.318 0.377 0.377 0.3605 0.3605 0.3605 0.3515 0.3515 0.3695 0.3695 0.433 0.433 0.372 0.372 0.372 0.3925 0.3925 0.365 0.365 0.3375 0.3375 0.3375 0.303 0.303 0.3125 0.3125 0.238 0.238 0.238 0.2205 0.2205 0.226 0.226 0.2555 0.2555 0.2555 0.2775 0.2775 0.212 0.212 0.2015 0.2015 0.2015 0.2245 0.2245 0.187 0.187 0.1725 0.1725 0.227 0.227 0.227 0.263 0.263 0.284 0.284 0.3155 0.3155 0.3155 0.337 0.337 0.24 0.24 0.1965 0.1965 0.1965 0.1755 0.1755 0.1785 0.1785 0.1535 0.1535 0.1535 0.1115 0.1115 0.1305
0.302 0.318 0.318 0.377 0.377 0.3605 0.3605 0.3605 0.3515 0.3515 0.3695 0.3695 0.433 0.433 0.372 0.372 0.372 0.3925 0.3925 0.365 0.365 0.3375 0.3375 0.3375 0.303 0.303 0.3125 0.3125 0.238 0.238 0.238 0.2205 0.2205 0.226 0.226 0.2555 0.2555 0.2555 0.2775 0.2775 0.212 0.212 0.2015 0.2015 0.2015 0.2245 0.2245 0.187 0.187 0.1725 0.1725 0.227 0.227 0.227 0.263 0.263 0.284 0.284 0.3155 0.3155 0.3155 0.337 0.337 0.24 0.24 0.1965 0.1965 0.1965 0.1755 0.1755 0.1785 0.1785 0.1535 0.1535 0.1535 0.1115 0.1115 0.1305
0.3205 0.2995 0.2995 0.343 0.343 0.3605 0.3605 0.3605 0.374 0.374 0.336 0.336 0.3575 0.3575 0.3115 0.3115 0.3115 0.266 0.266 0.426 0.426 0.4275 0.4275 0.4275 0.412 0.412 0.3255 0.3255 0.288 0.288 0.288 0.286 0.286 0.24 0.24 0.241 0.241 0.241 0.196 0.196 0.207 0.207 0.2145 0.2145 0.2145 0.2215 0.2215 0.1545 0.1545 0.1635 0.1635 0.1495 0.1495 0.1495 0.1755 0.1755 0.298 0.298 0.3465 0.3465 0.3465 0.367 0.367 0.3015 0.3015 0.2915 0.2915 0.2915 0.2845 0.2845 0.257 0.257 0.2035 0.2035 0.2035 0.1345 0.1345 0.168
0.3205 0.2995 0.2995 0.343 0.343 0.3605 0.3605 0.3605 0.374 0.374 0.336 0.336 0.3575 0.3575 0.3115 0.3115 0.3115 0.266 0.266 0.426 0.426 0.4275 0.4275 0.4275 0.412 0.412 0.3255 0.3255 0.288 0.288 0.288 0.286 0.286 0.24 0.24 0.241 0.241 0.241 0.196 0.196 0.207 0.207 0.2145 0.2145 0.2145 0.2215 0.2215 0.1545 0.1545 0.1635 0.1635 0.1495 0.1495 0.1495 0.1755 0.1755 0.298 0.298 0.3465 0.3465 0.3465 0.367 0.367 0.3015 0.3015 0.2915 0.2915 0.2915 0.2845 0.2845 0.257 0.257 0.2035 0.2035 0.2035 0.1345 0.1345 0.168
0.2865 0.2645 0.2645 0.267 0.267 0.283 0.283 0.283 0.301 0.301 0.2745 0.2745 0.2775 0.2775 0.236 0.236 0.236 0.2145 0.2145 0.2555 0.2555 0.3255 0.3255 0.3255 0.3585 0.3585 0.334 0.334 0.331 0.331 0.331 0.306 0.306 0.2845 0.2845 0.2415 0.2415 0.2415 0.246 0.246 0.1725 0.1725 0.196 0.196 0.196 0.1775 0.1775 0.1535 0.1535 0.2195 0.2195 0.191 0.191 0.191 0.2225 0.2225 0.299 0.299 0.339 0.339 0.339 0.4025 0.4025 0.3025 0.3025 0.3785 0.3785 0.3785 0.326 0.326 0.328 0.328 0.203 0.203 0.203 0.176 0.176 0.1805
0.2865 0.2645 0.2645 0.267 0.267 0.283 0.283 0.283 0.301 0.301 0.2745 0.2745 0.2775 0.2775 0.236 0.236 0.236 0.2145 0.2145 0.2555 0.2555 0.3255 0.3255 0.3255 0.3585 0.3585 0.334 0.334 0.331 0.331 0.331 0.306 0.306 0.2845 0.2845 0.2415 0.2415 0.2415 0.246 0.246 0.1725 0.1725 0.196 0.196 0.196 0.1775 0.1775 0.1535 0.1535 0.2195 0.2195 0.191 0.191 0.191 0.2225 0.2225 0.299 0.299 0.339 0.339 0.339 0.4025 0.4025 0.3025 0.3025 0.3785 0.3785 0.3785 0.326 0.326 0.328 0.328 0.203 0.203 0.203 0.176 0.176 0.1805
0.316 0.269 0.269 0.3065 0.3065 0.3185 0.3185 0.3185 0.359 0.359 0.3035 0.3035 0.2925 0.2925 0.298 0.298 0.298 0.251 0.251 0.2405 0.2405 0.217 0.217 0.217 0.2525 0.2525 0.2985 0.2985 0.3405 0.3405 0.3405 0.3135 0.3135 0.3035 0.3035 0.2935 0.2935 0.2935 0.348 0.348 0.24 0.24 0.1775 0.1775 0.1775 0.2175 0.2175 0.152 0.152 0.196 0.196 0.2335 0.2335 0.2335 0.2535 0.2535 0.2755 0.2755 0.294 0.294 0.294 0.313 0.313 0.317 0.317 0.426 0.426 0.426 0.357 0.357 0.359 0.359 0.189 0.189 0.189 0.175 0.175 0.193
0.316 0.269 0.269 0.3065 0.3065 0.3185 0.3185 0.3185 0.359 0.359 0.3035 0.3035 0.2925 0.2925 0.298 0.298 0.298 0.251 0.251 0.2405 0.2405 0.217 0.217 0.217 0.2525 0.2525 0.2985 0.2985 0.3405 0.3405 0.3405 0.3135 0.3135 0.3035 0.3035 0.2935 0.2935 0.2935 0.348 0.348 0.24 0.24 0.1775 0.1775 0.1775 0.2175 0.2175 0.152 0.152 0.196 0.196 0.2335 0.2335 0.2335 0.2535 0.2535 0.2755 0.2755 0.294 0.294 0.294 0.313 0.313 0.317 0.317 0.426 0.426 0.426 0.357 0.357 0.359 0.359 0.189 0.189 0.189 0.175 0.175 0.193
0.316 0.269 0.269 0.3065 0.3065 0.3185 0.3185 0.3185 0.359 0.359 0.3035 0.3035 0.2925 0.2925 0.298 0.298 0.298 0.251 0.251 0.2405 0.2405 0.217 0.217 0.217 0.2525 0.2525 0.2985 0.2985 0.3405 0.3405 0.3405 0.3135 0.3135 0.3035 0.3035 0.2935 0.2935 0.2935 0.348 0.348 0.24 0.24 0.1775 0.1775 0.1775 0.2175 0.2175 0.152 0.152 0.196 0.196 0.2335 0.2335 0.2335 0.2535 0.2535 0.2755 0.2755 0.294 0.294 0.294 0.313 0.313 0.317 0.317 0.426 0.426 0.426 0.357 0.357 0.359 0.359 0.189 0.189 0.189 0.175 0.175 0.193
0.3255 0.3085 0.3085 0.31 0.31 0.309 0.309 0.309 0.375 0.375 0.3445 0.3445 0.409 0.409 0.3935 0.3935 0.3935 0.323 0.323 0.3075 0.3075 0.251 0.251 0.251 0.2355 0.2355 0.2725 0.2725 0.301 0.301 0.301 0.334 0.334 0.3545 0.3545 0.3725 0.3725 0.3725 0.4135 0.4135 0.339 0.339 0.2335 0.2335 0.2335 0.169 0.169 0.2755 0.2755 0.2705 0.2705 0.295 0.295 0.295 0.38 0.38 0.257 0.257 0.3095 0.3095 0.3095 0.34 0.34 0.3495 0.3495 0.396 0.396 0.396 0.3195 0.3195 0.2645 0.2645 0.219 0.219 0.219 0.181 0.181 0.2135
