ndvi/NOAA-338.asc
ncols         252
nrows         154
xllcorner     -18.017974
yllcorner     13.481982
cellsize      0.035948
NODATA_value  -9999
[rows 105 to 139 of 154, columns 0 to 76 of 252]
-1 -1 -1 -1 -1 -1 -1 -1 -1 -1 -1 -1 -1 -1 -1 -1 -1 -1 -1 -1 -1 -1 -1 0.0235 0.0235 0.2405 0.2405 0.2405 0.311 0.311 0.261 0.261 0.241 0.241 0.241 0.24 0.24 0.259 0.259 0.257 0.257 0.257 0.2535 0.2535 0.2405 0.2405 0.246 0.246 0.246 0.2545 0.2545 0.26 0.26 0.269 0.269 0.287 0.287 0.287 0.292 0.292 0.3075 0.3075 0.3075 0.3075 0.3075 0.318 0.318 0.3355 0.3355 0.3225 0.3225 0.3225 0.2775 0.2775 0.265 0.265 0.252
-1 -1 -1 -1 -1 -1 -1 -1 -1 -1 -1 -1 -1 -1 -1 -1 -1 -1 -1 -1 -1 0.0465 0.0465 0.1725 0.1725 0.3215 0.3215 0.3215 0.304 0.304 0.2695 0.2695 0.2705 0.2705 0.2705 0.27 0.27 0.28 0.28 0.282 0.282 0.282 0.2765 0.2765 0.2525 0.2525 0.252 0.252 0.252 0.259 0.259 0.262 0.262 0.2685 0.2685 0.291 0.291 0.291 0.2835 0.2835 0.332 0.332 0.332 0.332 0.332 0.3275 0.3275 0.326 0.326 0.3515 0.3515 0.3515 0.299 0.299 0.331 0.331 0.271
-1 -1 -1 -1 -1 -1 -1 -1 -1 -1 -1 -1 -1 -1 -1 -1 -1 -1 -1 -1 -1 0.0465 0.0465 0.1725 0.1725 0.3215 0.3215 0.3215 0.304 0.304 0.2695 0.2695 0.2705 0.2705 0.2705 0.27 0.27 0.28 0.28 0.282 0.282 0.282 0.2765 0.2765 0.2525 0.2525 0.252 0.252 0.252 0.259 0.259 0.262 0.262 0.2685 0.2685 0.291 0.291 0.291 0.2835 0.2835 0.332 0.332 0.332 0.332 0.332 0.3275 0.3275 0.326 0.326 0.3515 0.3515 0.3515 0.299 0.299 0.331 0.331 0.271
-1 -1 -1 -1 -1 -1 -1 -1 -1 -1 -1 -1 -1 -1 -1 -1 -1 -1 -1 -1 -1 0.1475 0.1475 0.3035 0.3035 0.283 0.283 0.283 0.2835 0.2835 0.2615 0.2615 0.265 0.265 0.265 0.27 0.27 0.2835 0.2835 0.2885 0.2885 0.2885 0.2785 0.2785 0.256 0.256 0.268 0.268 0.268 0.268 0.268 0.278 0.278 0.2545 0.2545 0.274 0.274 0.274 0.2855 0.2855 0.3075 0.3075 0.3075 0.3075 0.3075 0.289 0.289 0.331 0.331 0.3585 0.3585 0.3585 0.3165 0.3165 0.311 0.311 0.29
-1 -1 -1 -1 -1 -1 -1 -1 -1 -1 -1 -1 -1 -1 -1 -1 -1 -1 -1 -1 -1 0.1475 0.1475 0.3035 0.3035 0.283 0.283 0.283 0.2835 0.2835 0.2615 0.2615 0.265 0.265 0.265 0.27 0.27 0.2835 0.2835 0.2885 0.2885 0.2885 0.2785 0.2785 0.256 0.256 0.268 0.268 0.268 0.268 0.268 0.278 0.278 0.2545 0.2545 0.274 0.274 0.274 0.2855 0.2855 0.3075 0.3075 0.3075 0.3075 0.3075 0.289 0.289 0.331 0.331 0.3585 0.3585 0.3585 0.3165 0.3165 0.311 0.311 0.29
-1 -1 -1 -1 -1 -1 -1 -1 -1 -1 -1 -1 -1 -1 -1 -1 -1 -1 0.1265 0.1265 0.1265 0.3185 0.3185 0.3135 0.3135 0.302 0.302 0.302 0.2885 0.2885 0.296 0.296 0.272 0.272 0.272 0.2755 0.2755 0.277 0.277 0.281 0.281 0.281 0.296 0.296 0.262 0.262 0.2585 0.2585 0.2585 0.262 0.262 0.2695 0.2695 0.2825 0.2825 0.292 0.292 0.292 0.275 0.275 0.2695 0.2695 0.2695 0.2695 0.2695 0.266 0.266 0.292 0.292 0.304 0.304 0.304 0.318 0.318 0.3055 0.3055 0.3025
-1 -1 -1 -1 -1 -1 -1 -1 -1 -1 -1 -1 -1 -1 -1 -1 -1 -1 0.1265 0.1265 0.1265 0.3185 0.3185 0.3135 0.3135 0.302 0.302 0.302 0.2885 0.2885 0.296 0.296 0.272 0.272 0.272 0.2755 0.2755 0.277 0.277 0.281 0.281 0.281 0.296 0.296 0.262 0.262 0.2585 0.2585 0.2585 0.262 0.262 0.2695 0.2695 0.2825 0.2825 0.292 0.292 0.292 0.275 0.275 0.2695 0.2695 0.2695 0.2695 0.2695 0.266 0.266 0.292 0.292 0.304 0.304 0.304 0.318 0.318 0.3055 0.3055 0.3025
-1 -1 -1 -1 -1 -1 -1 -1 -1 -1 -1 -1 -1 -1 -1 -1 -1 -1 0.1265 0.1265 0.1265 0.3185 0.3185 0.3135 0.3135 0.302 0.302 0.302 0.2885 0.2885 0.296 0.296 0.272 0.272 0.272 0.2755 0.2755 0.277 0.277 0.281 0.281 0.281 0.296 0.296 0.262 0.262 0.2585 0.2585 0.2585 0.262 0.262 0.2695 0.2695 0.2825 0.2825 0.292 0.292 0.292 0.275 0.275 0.2695 0.2695 0.2695 0.2695 0.2695 0.266 0.266 0.292 0.292 0.304 0.304 0.304 0.318 0.318 0.3055 0.3055 0.3025
-1 -1 -1 -1 -1 -1 -1 -1 -1 -1 -1 -1 -1 -1 -1 -1 0.2046 0.2046 0.3405 0.3405 0.3405 0.3335 0.3335 0.3215 0.3215 0.3165 0.3165 0.3165 0.3035 0.3035 0.2995 0.2995 0.289 0.289 0.289 0.267 0.267 0.265 0.265 0.2745 0.2745 0.2745 0.268 0.268 0.253 0.253 0.247 0.247 0.247 0.256 0.256 0.257 0.257 0.2705 0.2705 0.273 0.273 0.273 0.267 0.267 0.282 0.282 0.282 0.282 0.282 0.2895 0.2895 0.279 0.279 0.279 0.279 0.279 0.2835 0.2835 0.2695 0.2695 0.2835
-1 -1 -1 -1 -1 -1 -1 -1 -1 -1 -1 -1 -1 -1 -1 -1 0.2046 0.2046 0.3405 0.3405 0.3405 0.3335 0.3335 0.3215 0.3215 0.3165 0.3165 0.3165 0.3035 0.3035 0.2995 0.2995 0.289 0.289 0.289 0.267 0.267 0.265 0.265 0.2745 0.2745 0.2745 0.268 0.268 0.253 0.253 0.247 0.247 0.247 0.256 0.256 0.257 0.257 0.2705 0.2705 0.273 0.273 0.273 0.267 0.267 0.282 0.282 0.282 0.282 0.282 0.2895 0.2895 0.279 0.279 0.279 0.279 0.279 0.2835 0.2835 0.2695 0.2695 0.2835
-1 -1 -1 -1 -1 -1 -1 -1 -1 -1 -1 -1 0.1765 0.1765 0.164 0.164 0.195 0.195 0.355 0.355 0.355 0.3105 0.3105 0.309 0.309 0.303 0.303 0.303 0.3105 0.3105 0.3025 0.3025 0.28 0.28 0.28 0.2835 0.2835 0.284 0.284 0.272 0.272 0.272 0.2615 0.2615 0.263 0.263 0.2645 0.2645 0.2645 0.258 0.258 0.268 0.268 0.276 0.276 0.265 0.265 0.265 0.2655 0.2655 0.2685 0.2685 0.2685 0.2685 0.2685 0.274 0.274 0.2715 0.2715 0.2525 0.2525 0.2525 0.2645 0.2645 0.288 0.288 0.308
-1 -1 -1 -1 -1 -1 -1 -1 -1 -1 -1 -1 0.1765 0.1765 0.164 0.164 0.195 0.195 0.355 0.355 0.355 0.3105 0.3105 0.309 0.309 0.303 0.303 0.303 0.3105 0.3105 0.3025 0.3025 0.28 0.28 0.28 0.2835 0.2835 0.284 0.284 0.272 0.272 0.272 0.2615 0.2615 0.263 0.263 0.2645 0.2645 0.2645 0.258 0.258 0.268 0.268 0.276 0.276 0.265 0.265 0.265 0.2655 0.2655 0.2685 0.2685 0.2685 0.2685 0.2685 0.274 0.274 0.2715 0.2715 0.2525 0.2525 0.2525 0.2645 0.2645 0.288 0.288 0.308
-1 -1 -1 -1 -1 -1 -1 -1 -1 0.1636 0.1636 0.1636 0.1185 0.1185 0.1402 0.1402 0.1486 0.1486 0.0955 0.0955 0.0955 0.2975 0.2975 0.305 0.305 0.32 0.32 0.32 0.303 0.303 0.3 0.3 0.2815 0.2815 0.2815 0.273 0.273 0.2805 0.2805 0.264 0.264 0.264 0.267 0.267 0.2665 0.2665 0.2575 0.2575 0.2575 0.28 0.28 0.2815 0.2815 0.2585 0.2585 0.2615 0.2615 0.2615 0.2785 0.2785 0.277 0.277 0.277 0.277 0.277 0.248 0.248 0.316 0.316 0.2895 0.2895 0.2895 0.259 0.259 0.2745 0.2745 0.285
-1 -1 -1 -1 -1 -1 -1 -1 -1 0.1636 0.1636 0.1636 0.1185 0.1185 0.1402 0.1402 0.1486 0.1486 0.0955 0.0955 0.0955 0.2975 0.2975 0.305 0.305 0.32 0.32 0.32 0.303 0.303 0.3 0.3 0.2815 0.2815 0.2815 0.273 0.273 0.2805 0.2805 0.264 0.264 0.264 0.267 0.267 0.2665 0.2665 0.2575 0.2575 0.2575 0.28 0.28 0.2815 0.2815 0.2585 0.2585 0.2615 0.2615 0.2615 0.2785 0.2785 0.277 0.277 0.277 0.277 0.277 0.248 0.248 0.316 0.316 0.2895 0.2895 0.2895 0.259 0.259 0.2745 0.2745 0.285
-1 -1 -1 -1 -1 -1 -1 -1 -1 0.1636 0.1636 0.1636 0.1185 0.1185 0.1402 0.1402 0.1486 0.1486 0.0955 0.0955 0.0955 0.2975 0.2975 0.305 0.305 0.32 0.32 0.32 0.303 0.303 0.3 0.3 0.2815 0.2815 0.2815 0.273 0.273 0.2805 0.2805 0.264 0.264 0.264 0.267 0.267 0.2665 0.2665 0.2575 0.2575 0.2575 0.28 0.28 0.2815 0.2815 0.2585 0.2585 0.2615 0.2615 0.2615 0.2785 0.2785 0.277 0.277 0.277 0.277 0.277 0.248 0.248 0.316 0.316 0.2895 0.2895 0.2895 0.259 0.259 0.2745 0.2745 0.285
-1 -1 -1 -1 -1 -1 -1 -1 -1 -1 -1 -1 0.1467 0.1467 0.1727 0.1727 0.1892 0.1892 0.18 0.18 0.18 0.2915 0.2915 0.305 0.305 0.319 0.319 0.319 0.2965 0.2965 0.2945 0.2945 0.2865 0.2865 0.2865 0.275 0.275 0.271 0.271 0.2695 0.2695 0.2695 0.2755 0.2755 0.2705 0.2705 0.269 0.269 0.269 0.2735 0.2735 0.2845 0.2845 0.2705 0.2705 0.2745 0.2745 0.2745 0.2825 0.2825 0.2905 0.2905 0.2905 0.2905 0.2905 0.259 0.259 0.242 0.242 0.2715 0.2715 0.2715 0.302 0.302 0.2575 0.2575 0.2655
-1 -1 -1 -1 -1 -1 -1 -1 -1 -1 -1 -1 0.1467 0.1467 0.1727 0.1727 0.1892 0.1892 0.18 0.18 0.18 0.2915 0.2915 0.305 0.305 0.319 0.319 0.319 0.2965 0.2965 0.2945 0.2945 0.2865 0.2865 0.2865 0.275 0.275 0.271 0.271 0.2695 0.2695 0.2695 0.2755 0.2755 0.2705 0.2705 0.269 0.269 0.269 0.2735 0.2735 0.2845 0.2845 0.2705 0.2705 0.2745 0.2745 0.2745 0.2825 0.2825 0.2905 0.2905 0.2905 0.2905 0.2905 0.259 0.259 0.242 0.242 0.2715 0.2715 0.2715 0.302 0.302 0.2575 0.2575 0.2655
-1 -1 -1 -1 -1 -1 -1 -1 -1 -1 -1 -1 -1 -1 -1 -1 -1 -1 0.1827 0.1827 0.1827 0.176 0.176 0.297 0.297 0.2885 0.2885 0.2885 0.303 0.303 0.297 0.297 0.3115 0.3115 0.3115 0.281 0.281 0.2835 0.2835 0.2715 0.2715 0.2715 0.274 0.274 0.273 0.273 0.264 0.264 0.264 0.2775 0.2775 0.2875 0.2875 0.301 0.301 0.2795 0.2795 0.2795 0.269 0.269 0.2505 0.2505 0.2505 0.2505 0.2505 0.291 0.291 0.2815 0.2815 0.303 0.303 0.303 0.32 0.32 0.286 0.286 0.2695
-1 -1 -1 -1 -1 -1 -1 -1 -1 -1 -1 -1 -1 -1 -1 -1 -1 -1 0.1827 0.1827 0.1827 0.176 0.176 0.297 0.297 0.2885 0.2885 0.2885 0.303 0.303 0.297 0.297 0.3115 0.3115 0.3115 0.281 0.281 0.2835 0.2835 0.2715 0.2715 0.2715 0.274 0.274 0.273 0.273 0.264 0.264 0.264 0.2775 0.2775 0.2875 0.2875 0.301 0.301 0.2795 0.2795 0.2795 0.269 0.269 0.2505 0.2505 0.2505 0.2505 0.2505 0.291 0.291 0.2815 0.2815 0.303 0.303 0.303 0.32 0.32 0.286 0.286 0.2695
-1 -1 -1 -1 -1 -1 -1 -1 -1 -1 -1 -1 -1 -1 -1 -1 -1 -1 -1 -1 -1 0.2171 0.2171 0.149 0.149 0.2935 0.2935 0.2935 0.3065 0.3065 0.299 0.299 0.2955 0.2955 0.2955 0.283 0.283 0.2775 0.2775 0.261 0.261 0.261 0.278 0.278 0.262 0.262 0.275 0.275 0.275 0.2805 0.2805 0.2805 0.2805 0.277 0.277 0.2805 0.2805 0.2805 0.2855 0.2855 0.291 0.291 0.291 0.291 0.291 0.2695 0.2695 0.2805 0.2805 0.283 0.283 0.283 0.2435 0.2435 0.276 0.276 0.2725
-1 -1 -1 -1 -1 -1 -1 -1 -1 -1 -1 -1 -1 -1 -1 -1 -1 -1 -1 -1 -1 0.2171 0.2171 0.149 0.149 0.2935 0.2935 0.2935 0.3065 0.3065 0.299 0.299 0.2955 0.2955 0.2955 0.283 0.283 0.2775 0.2775 0.261 0.261 0.261 0.278 0.278 0.262 0.262 0.275 0.275 0.275 0.2805 0.2805 0.2805 0.2805 0.277 0.277 0.2805 0.2805 0.2805 0.2855 0.2855 0.291 0.291 0.291 0.291 0.291 0.2695 0.2695 0.2805 0.2805 0.283 0.283 0.283 0.2435 0.2435 0.276 0.276 0.2725
-1 -1 -1 -1 -1 -1 -1 -1 -1 -1 -1 -1 -1 -1 -1 -1 -1 -1 -1 -1 -1 0.1512 0.1512 0.251 0.251 0.2345 0.2345 0.2345 0.283 0.283 0.296 0.296 0.304 0.304 0.304 0.302 0.302 0.2715 0.2715 0.2475 0.2475 0.2475 0.2255 0.2255 0.273 0.273 0.271 0.271 0.271 0.2795 0.2795 0.282 0.282 0.274 0.274 0.2845 0.2845 0.2845 0.287 0.287 0.286 0.286 0.286 0.286 0.286 0.2695 0.2695 0.2805 0.2805 0.286 0.286 0.286 0.2895 0.2895 0.291 0.291 0.2755
-1 -1 -1 -1 -1 -1 -1 -1 -1 -1 -1 -1 -1 -1 -1 -1 -1 -1 -1 -1 -1 0.1512 0.1512 0.251 0.251 0.2345 0.2345 0.2345 0.283 0.283 0.296 0.296 0.304 0.304 0.304 0.302 0.302 0.2715 0.2715 0.2475 0.2475 0.2475 0.2255 0.2255 0.273 0.273 0.271 0.271 0.271 0.2795 0.2795 0.282 0.282 0.274 0.274 0.2845 0.2845 0.2845 0.287 0.287 0.286 0.286 0.286 0.286 0.286 0.2695 0.2695 0.2805 0.2805 0.286 0.286 0.286 0.2895 0.2895 0.291 0.291 0.2755
-1 -1 -1 -1 -1 -1 -1 -1 -1 -1 -1 -1 -1 -1 -1 -1 -1 -1 -1 -1 -1 0.1512 0.1512 0.251 0.251 0.2345 0.2345 0.2345 0.283 0.283 0.296 0.296 0.304 0.304 0.304 0.302 0.302 0.2715 0.2715 0.2475 0.2475 0.2475 0.2255 0.2255 0.273 0.273 0.271 0.271 0.271 0.2795 0.2795 0.282 0.282 0.274 0.274 0.2845 0.2845 0.2845 0.287 0.287 0.286 0.286 0.286 0.286 0.286 0.2695 0.2695 0.2805 0.2805 0.286 0.286 0.286 0.2895 0.2895 0.291 0.291 0.2755
-1 -1 -1 -1 -1 -1 -1 -1 -1 -1 -1 -1 -1 -1 -1 -1 -1 -1 -1 -1 -1 -1 -1 0.2092 0.2092 0.109 0.109 0.109 0.291 0.291 0.309 0.309 0.3025 0.3025 0.3025 0.3605 0.3605 0.2405 0.2405 0.1645 0.1645 0.1645 0.2295 0.2295 0.2495 0.2495 0.2585 0.2585 0.2585 0.275 0.275 0.289 0.289 0.29 0.29 0.318 0.318 0.318 0.293 0.293 0.267 0.267 0.267 0.267 0.267 0.283 0.283 0.29 0.29 0.276 0.276 0.276 0.297 0.297 0.2645 0.2645 0.28
-1 -1 -1 -1 -1 -1 -1 -1 -1 -1 -1 -1 -1 -1 -1 -1 -1 -1 -1 -1 -1 -1 -1 0.2092 0.2092 0.109 0.109 0.109 0.291 0.291 0.309 0.309 0.3025 0.3025 0.3025 0.3605 0.3605 0.2405 0.2405 0.1645 0.1645 0.1645 0.2295 0.2295 0.2495 0.2495 0.2585 0.2585 0.2585 0.275 0.275 0.289 0.289 0.29 0.29 0.318 0.318 0.318 0.293 0.293 0.267 0.267 0.267 0.267 0.267 0.283 0.283 0.29 0.29 0.276 0.276 0.276 0.297 0.297 0.2645 0.2645 0.28
-1 -1 -1 -1 -1 -1 -1 -1 -1 -1 -1 -1 -1 -1 -1 -1 -1 -1 -1 -1 -1 -1 -1 -1 -1 0.1205 0.1205 0.1205 0.2 0.2 0.312 0.312 0.321 0.321 0.321 0.2805 0.2805 0.092 0.092 0.125 0.125 0.125 0.2445 0.2445 0.2215 0.2215 0.31 0.31 0.31 0.268 0.268 0.2895 0.2895 0.2875 0.2875 0.303 0.303 0.303 0.2895 0.2895 0.2525 0.2525 0.2525 0.2525 0.2525 0.2535 0.2535 0.278 0.278 0.2855 0.2855 0.2855 0.282 0.282 0.2615 0.2615 0.29
-1 -1 -1 -1 -1 -1 -1 -1 -1 -1 -1 -1 -1 -1 -1 -1 -1 -1 -1 -1 -1 -1 -1 -1 -1 0.1205 0.1205 0.1205 0.2 0.2 0.312 0.312 0.321 0.321 0.321 0.2805 0.2805 0.092 0.092 0.125 0.125 0.125 0.2445 0.2445 0.2215 0.2215 0.31 0.31 0.31 0.268 0.268 0.2895 0.2895 0.2875 0.2875 0.303 0.303 0.303 0.2895 0.2895 0.2525 0.2525 0.2525 0.2525 0.2525 0.2535 0.2535 0.278 0.278 0.2855 0.2855 0.2855 0.282 0.282 0.2615 0.2615 0.29
-1 -1 -1 -1 -1 -1 -1 -1 -1 -1 -1 -1 -1 -1 -1 -1 -1 -1 -1 -1 -1 -1 -1 -1 -1 0.1192 0.1192 0.1192 0.148 0.148 0.2465 0.2465 0.2715 0.2715 0.2715 0.239 0.239 0.171 0.171 0.2505 0.2505 0.2505 0.2545 0.2545 0.296 0.296 0.27 0.27 0.27 0.2185 0.2185 0.287 0.287 0.295 0.295 0.291 0.291 0.291 0.2965 0.2965 0.273 0.273 0.273 0.273 0.273 0.2745 0.2745 0.278 0.278 0.266 0.266 0.266 0.2685 0.2685 0.269 0.269 0.2715
-1 -1 -1 -1 -1 -1 -1 -1 -1 -1 -1 -1 -1 -1 -1 -1 -1 -1 -1 -1 -1 -1 -1 -1 -1 0.1192 0.1192 0.1192 0.148 0.148 0.2465 0.2465 0.2715 0.2715 0.2715 0.239 0.239 0.171 0.171 0.2505 0.2505 0.2505 0.2545 0.2545 0.296 0.296 0.27 0.27 0.27 0.2185 0.2185 0.287 0.287 0.295 0.295 0.291 0.291 0.291 0.2965 0.2965 0.273 0.273 0.273 0.273 0.273 0.2745 0.2745 0.278 0.278 0.266 0.266 0.266 0.2685 0.2685 0.269 0.269 0.2715
-1 -1 -1 -1 -1 -1 -1 -1 -1 -1 -1 -1 -1 -1 -1 -1 -1 -1 -1 -1 -1 -1 -1 -1 -1 0.1192 0.1192 0.1192 0.148 0.148 0.2465 0.2465 0.2715 0.2715 0.2715 0.239 0.239 0.171 0.171 0.2505 0.2505 0.2505 0.2545 0.2545 0.296 0.296 0.27 0.27 0.27 0.2185 0.2185 0.287 0.287 0.295 0.295 0.291 0.291 0.291 0.2965 0.2965 0.273 0.273 0.273 0.273 0.273 0.2745 0.2745 0.278 0.278 0.266 0.266 0.266 0.2685 0.2685 0.269 0.269 0.2715
-1 -1 -1 -1 -1 -1 -1 -1 -1 -1 -1 -1 -1 -1 -1 -1 -1 -1 -1 -1 -1 -1 -1 -1 -1 -1 -1 -1 0.1195 0.1195 0.237 0.237 0.2885 0.2885 0.2885 0.382 0.382 0.4135 0.4135 0.3145 0.3145 0.3145 0.2975 0.2975 0.2945 0.2945 0.283 0.283 0.283 0.277 0.277 0.2735 0.2735 0.317 0.317 0.301 0.301 0.301 0.301 0.301 0.2865 0.2865 0.2865 0.2865 0.2865 0.275 0.275 0.2745 0.2745 0.276 0.276 0.276 0.2765 0.2765 0.2755 0.2755 0.2875
-1 -1 -1 -1 -1 -1 -1 -1 -1 -1 -1 -1 -1 -1 -1 -1 -1 -1 -1 -1 -1 -1 -1 -1 -1 -1 -1 -1 0.1195 0.1195 0.237 0.237 0.2885 0.2885 0.2885 0.382 0.382 0.4135 0.4135 0.3145 0.3145 0.3145 0.2975 0.2975 0.2945 0.2945 0.283 0.283 0.283 0.277 0.277 0.2735 0.2735 0.317 0.317 0.301 0.301 0.301 0.301 0.301 0.2865 0.2865 0.2865 0.2865 0.2865 0.275 0.275 0.2745 0.2745 0.276 0.276 0.276 0.2765 0.2765 0.2755 0.2755 0.2875
-1 -1 -1 -1 -1 -1 -1 -1 -1 -1 -1 -1 -1 -1 -1 -1 -1 -1 -1 -1 -1 -1 -1 -1 -1 -1 -1 -1 0.0306 0.0306 0.4395 0.4395 0.496 0.496 0.496 0.5485 0.5485 0.4355 0.4355 0.355 0.355 0.355 0.3485 0.3485 0.2965 0.2965 0.2895 0.2895 0.2895 0.2795 0.2795 0.2765 0.2765 0.2925 0.2925 0.284 0.284 0.284 0.274 0.274 0.293 0.293 0.293 0.293 0.293 0.2955 0.2955 0.3125 0.3125 0.3145 0.3145 0.3145 0.2985 0.2985 0.286 0.286 0.2785
-1 -1 -1 -1 -1 -1 -1 -1 -1 -1 -1 -1 -1 -1 -1 -1 -1 -1 -1 -1 -1 -1 -1 -1 -1 -1 -1 -1 0.0306 0.0306 0.4395 0.4395 0.496 0.496 0.496 0.5485 0.5485 0.4355 0.4355 0.355 0.355 0.355 0.3485 0.3485 0.2965 0.2965 0.2895 0.2895 0.2895 0.2795 0.2795 0.2765 0.2765 0.2925 0.2925 0.284 0.284 0.284 0.274 0.274 0.293 0.293 0.293 0.293 0.293 0.2955 0.2955 0.3125 0.3125 0.3145 0.3145 0.3145 0.2985 0.2985 0.286 0.286 0.2785
