ndvi/NOAA-236.asc
ncols         252
nrows         154
xllcorner     -18.017974
yllcorner     13.481982
cellsize      0.035948
NODATA_value  -9999
[rows 34 to 67 of 154, columns 156 to 233 of 252]
0.1795 0.1395 0.1395 0.1395 0.1525 0.1525 0.1245 0.1245 0.1225 0.1225 0.114 0.114 0.114 0.1155 0.1155 0.104 0.104 0.116 0.116 0.116 0.12 0.12 0.139 0.139 0.13 0.13 0.13 0.1375 0.1375 0.127 0.127 0.128 0.128 0.128 0.141 0.141 0.134 0.134 0.131 0.131 0.131 0.1225 0.1225 0.125 0.125 0.133 0.133 0.133 0.133 0.133 0.137 0.137 0.1405 0.1405 0.1355 0.1355 0.1355 0.121 0.121 0.115 0.115 0.115 0.115 0.115 0.1145 0.1145 0.115 0.115 0.1225 0.1225 0.1225 0.1235 0.1235 0.1075 0.1075 0.103 0.103 0.103
0.1795 0.1395 0.1395 0.1395 0.1525 0.1525 0.1245 0.1245 0.1225 0.1225 0.114 0.114 0.114 0.1155 0.1155 0.104 0.104 0.116 0.116 0.116 0.12 0.12 0.139 0.139 0.13 0.13 0.13 0.1375 0.1375 0.127 0.127 0.128 0.128 0.128 0.141 0.141 0.134 0.134 0.131 0.131 0.131 0.1225 0.1225 0.125 0.125 0.133 0.133 0.133 0.133 0.133 0.137 0.137 0.1405 0.1405 0.1355 0.1355 0.1355 0.121 0.121 0.115 0.115 0.115 0.115 0.115 0.1145 0.1145 0.115 0.115 0.1225 0.1225 0.1225 0.1235 0.1235 0.1075 0.1075 0.103 0.103 0.103
0.1795 0.1395 0.1395 0.1395 0.1525 0.1525 0.1245 0.1245 0.1225 0.1225 0.114 0.114 0.114 0.1155 0.1155 0.104 0.104 0.116 0.116 0.116 0.12 0.12 0.139 0.139 0.13 0.13 0.13 0.1375 0.1375 0.127 0.127 0.128 0.128 0.128 0.141 0.141 0.134 0.134 0.131 0.131 0.131 0.1225 0.1225 0.125 0.125 0.133 0.133 0.133 0.133 0.133 0.137 0.137 0.1405 0.1405 0.1355 0.1355 0.1355 0.121 0.121 0.115 0.115 0.115 0.115 0.115 0.1145 0.1145 0.115 0.115 0.1225 0.1225 0.1225 0.1235 0.1235 0.1075 0.1075 0.103 0.103 0.103
0.1765 0.1375 0.1375 0.1375 0.1235 0.1235 0.124 0.124 0.118 0.118 0.1165 0.1165 0.1165 0.119 0.119 0.1175 0.1175 0.106 0.106 0.106 0.1425 0.1425 0.1535 0.1535 0.142 0.142 0.142 0.1475 0.1475 0.1425 0.1425 0.138 0.138 0.138 0.132 0.132 0.1285 0.1285 0.126 0.126 0.126 0.116 0.116 0.124 0.124 0.1405 0.1405 0.1355 0.1355 0.1355 0.1385 0.1385 0.139 0.139 0.14 0.14 0.14 0.135 0.135 0.1205 0.1205 0.1185 0.1185 0.1185 0.122 0.122 0.1225 0.1225 0.1295 0.1295 0.1295 0.129 0.129 0.1215 0.1215 0.102 0.102 0.102
0.1765 0.1375 0.1375 0.1375 0.1235 0.1235 0.124 0.124 0.118 0.118 0.1165 0.1165 0.1165 0.119 0.119 0.1175 0.1175 0.106 0.106 0.106 0.1425 0.1425 0.1535 0.1535 0.142 0.142 0.142 0.1475 0.1475 0.1425 0.1425 0.138 0.138 0.138 0.132 0.132 0.1285 0.1285 0.126 0.126 0.126 0.116 0.116 0.124 0.124 0.1405 0.1405 0.1355 0.1355 0.1355 0.1385 0.1385 0.139 0.139 0.14 0.14 0.14 0.135 0.135 0.1205 0.1205 0.1185 0.1185 0.1185 0.122 0.122 0.1225 0.1225 0.1295 0.1295 0.1295 0.129 0.129 0.1215 0.1215 0.102 0.102 0.102
0.174 0.1415 0.1415 0.1415 0.1245 0.1245 0.116 0.116 0.1185 0.1185 0.12 0.12 0.12 0.1275 0.1275 0.123 0.123 0.1225 0.1225 0.1225 0.132 0.132 0.144 0.144 0.156 0.156 0.156 0.1565 0.1565 0.157 0.157 0.158 0.158 0.158 0.137 0.137 0.128 0.128 0.1225 0.1225 0.1225 0.1235 0.1235 0.1345 0.1345 0.1535 0.1535 0.143 0.143 0.143 0.135 0.135 0.142 0.142 0.1515 0.1515 0.1515 0.138 0.138 0.139 0.139 0.124 0.124 0.124 0.12 0.12 0.1275 0.1275 0.1235 0.1235 0.1235 0.1215 0.1215 0.121 0.121 0.108 0.108 0.108
0.174 0.1415 0.1415 0.1415 0.1245 0.1245 0.116 0.116 0.1185 0.1185 0.12 0.12 0.12 0.1275 0.1275 0.123 0.123 0.1225 0.1225 0.1225 0.132 0.132 0.144 0.144 0.156 0.156 0.156 0.1565 0.1565 0.157 0.157 0.158 0.158 0.158 0.137 0.137 0.128 0.128 0.1225 0.1225 0.1225 0.1235 0.1235 0.1345 0.1345 0.1535 0.1535 0.143 0.143 0.143 0.135 0.135 0.142 0.142 0.1515 0.1515 0.1515 0.138 0.138 0.139 0.139 0.124 0.124 0.124 0.12 0.12 0.1275 0.1275 0.1235 0.1235 0.1235 0.1215 0.1215 0.121 0.121 0.108 0.108 0.108
0.1395 0.131 0.131 0.131 0.111 0.111 0.12 0.12 0.117 0.117 0.1205 0.1205 0.1205 0.1245 0.1245 0.125 0.125 0.1305 0.1305 0.1305 0.1445 0.1445 0.149 0.149 0.151 0.151 0.151 0.172 0.172 0.169 0.169 0.1565 0.1565 0.1565 0.1545 0.1545 0.15 0.15 0.1425 0.1425 0.1425 0.141 0.141 0.1445 0.1445 0.154 0.154 0.134 0.134 0.134 0.131 0.131 0.15 0.15 0.146 0.146 0.146 0.149 0.149 0.146 0.146 0.1505 0.1505 0.1505 0.142 0.142 0.142 0.142 0.1345 0.1345 0.1345 0.1355 0.1355 0.118 0.118 0.1095 0.1095 0.1095
0.1395 0.131 0.131 0.131 0.111 0.111 0.12 0.12 0.117 0.117 0.1205 0.1205 0.1205 0.1245 0.1245 0.125 0.125 0.1305 0.1305 0.1305 0.1445 0.1445 0.149 0.149 0.151 0.151 0.151 0.172 0.172 0.169 0.169 0.1565 0.1565 0.1565 0.1545 0.1545 0.15 0.15 0.1425 0.1425 0.1425 0.141 0.141 0.1445 0.1445 0.154 0.154 0.134 0.134 0.134 0.131 0.131 0.15 0.15 0.146 0.146 0.146 0.149 0.149 0.146 0.146 0.1505 0.1505 0.1505 0.142 0.142 0.142 0.142 0.1345 0.1345 0.1345 0.1355 0.1355 0.118 0.118 0.1095 0.1095 0.1095
0.1395 0.131 0.131 0.131 0.111 0.111 0.12 0.12 0.117 0.117 0.1205 0.1205 0.1205 0.1245 0.1245 0.125 0.125 0.1305 0.1305 0.1305 0.1445 0.1445 0.149 0.149 0.151 0.151 0.151 0.172 0.172 0.169 0.169 0.1565 0.1565 0.1565 0.1545 0.1545 0.15 0.15 0.1425 0.1425 0.1425 0.141 0.141 0.1445 0.1445 0.154 0.154 0.134 0.134 0.134 0.131 0.131 0.15 0.15 0.146 0.146 0.146 0.149 0.149 0.146 0.146 0.1505 0.1505 0.1505 0.142 0.142 0.142 0.142 0.1345 0.1345 0.1345 0.1355 0.1355 0.118 0.118 0.1095 0.1095 0.1095
0.143 0.148 0.148 0.148 0.1165 0.1165 0.118 0.118 0.119 0.119 0.137 0.137 0.137 0.152 0.152 0.1975 0.1975 0.1745 0.1745 0.1745 0.168 0.168 0.1675 0.1675 0.179 0.179 0.179 0.197 0.197 0.217 0.217 0.1885 0.1885 0.1885 0.165 0.165 0.161 0.161 0.1445 0.1445 0.1445 0.1435 0.1435 0.161 0.161 0.154 0.154 0.167 0.167 0.167 0.163 0.163 0.173 0.173 0.145 0.145 0.145 0.15 0.15 0.156 0.156 0.152 0.152 0.152 0.146 0.146 0.1475 0.1475 0.1465 0.1465 0.1465 0.1395 0.1395 0.132 0.132 0.109 0.109 0.109
0.143 0.148 0.148 0.148 0.1165 0.1165 0.118 0.118 0.119 0.119 0.137 0.137 0.137 0.152 0.152 0.1975 0.1975 0.1745 0.1745 0.1745 0.168 0.168 0.1675 0.1675 0.179 0.179 0.179 0.197 0.197 0.217 0.217 0.1885 0.1885 0.1885 0.165 0.165 0.161 0.161 0.1445 0.1445 0.1445 0.1435 0.1435 0.161 0.161 0.154 0.154 0.167 0.167 0.167 0.163 0.163 0.173 0.173 0.145 0.145 0.145 0.15 0.15 0.156 0.156 0.152 0.152 0.152 0.146 0.146 0.1475 0.1475 0.1465 0.1465 0.1465 0.1395 0.1395 0.132 0.132 0.109 0.109 0.109
0.162 0.1945 0.1945 0.1945 0.1905 0.1905 0.195 0.195 0.211 0.211 0.269 0.269 0.269 0.2195 0.2195 0.2065 0.2065 0.2 0.2 0.2 0.197 0.197 0.1985 0.1985 0.2225 0.2225 0.2225 0.2265 0.2265 0.226 0.226 0.218 0.218 0.218 0.1715 0.1715 0.1605 0.1605 0.1835 0.1835 0.1835 0.171 0.171 0.176 0.176 0.2035 0.2035 0.1725 0.1725 0.1725 0.1615 0.1615 0.1605 0.1605 0.1745 0.1745 0.1745 0.188 0.188 0.16 0.16 0.1665 0.1665 0.1665 0.156 0.156 0.141 0.141 0.1445 0.1445 0.1445 0.16 0.16 0.155 0.155 0.1415 0.1415 0.1415
0.162 0.1945 0.1945 0.1945 0.1905 0.1905 0.195 0.195 0.211 0.211 0.269 0.269 0.269 0.2195 0.2195 0.2065 0.2065 0.2 0.2 0.2 0.197 0.197 0.1985 0.1985 0.2225 0.2225 0.2225 0.2265 0.2265 0.226 0.226 0.218 0.218 0.218 0.1715 0.1715 0.1605 0.1605 0.1835 0.1835 0.1835 0.171 0.171 0.176 0.176 0.2035 0.2035 0.1725 0.1725 0.1725 0.1615 0.1615 0.1605 0.1605 0.1745 0.1745 0.1745 0.188 0.188 0.16 0.16 0.1665 0.1665 0.1665 0.156 0.156 0.141 0.141 0.1445 0.1445 0.1445 0.16 0.16 0.155 0.155 0.1415 0.1415 0.1415
0.205 0.2185 0.2185 0.2185 0.2415 0.2415 0.243 0.243 0.2435 0.2435 0.2395 0.2395 0.2395 0.249 0.249 0.238 0.238 0.231 0.231 0.231 0.21 0.21 0.267 0.267 0.3115 0.3115 0.3115 0.2775 0.2775 0.2775 0.2775 0.2805 0.2805 0.2805 0.2005 0.2005 0.1995 0.1995 0.218 0.218 0.218 0.2415 0.2415 0.2225 0.2225 0.2115 0.2115 0.2015 0.2015 0.2015 0.188 0.188 0.1925 0.1925 0.2125 0.2125 0.2125 0.185 0.185 0.179 0.179 0.166 0.166 0.166 0.15 0.15 0.1455 0.1455 0.157 0.157 0.157 0.1535 0.1535 0.1535 0.1535 0.1535 0.1535 0.1535
0.205 0.2185 0.2185 0.2185 0.2415 0.2415 0.243 0.243 0.2435 0.2435 0.2395 0.2395 0.2395 0.249 0.249 0.238 0.238 0.231 0.231 0.231 0.21 0.21 0.267 0.267 0.3115 0.3115 0.3115 0.2775 0.2775 0.2775 0.2775 0.2805 0.2805 0.2805 0.2005 0.2005 0.1995 0.1995 0.218 0.218 0.218 0.2415 0.2415 0.2225 0.2225 0.2115 0.2115 0.2015 0.2015 0.2015 0.188 0.188 0.1925 0.1925 0.2125 0.2125 0.2125 0.185 0.185 0.179 0.179 0.166 0.166 0.166 0.15 0.15 0.1455 0.1455 0.157 0.157 0.157 0.1535 0.1535 0.1535 0.1535 0.1535 0.1535 0.1535
0.205 0.2185 0.2185 0.2185 0.2415 0.2415 0.243 0.243 0.2435 0.2435 0.2395 0.2395 0.2395 0.249 0.249 0.238 0.238 0.231 0.231 0.231 0.21 0.21 0.267 0.267 0.3115 0.3115 0.3115 0.2775 0.2775 0.2775 0.2775 0.2805 0.2805 0.2805 0.2005 0.2005 0.1995 0.1995 0.218 0.218 0.218 0.2415 0.2415 0.2225 0.2225 0.2115 0.2115 0.2015 0.2015 0.2015 0.188 0.188 0.1925 0.1925 0.2125 0.2125 0.2125 0.185 0.185 0.179 0.179 0.166 0.166 0.166 0.15 0.15 0.1455 0.1455 0.157 0.157 0.157 0.1535 0.1535 0.1535 0.1535 0.1535 0.1535 0.1535
0.1855 0.229 0.229 0.229 0.2605 0.2605 0.2705 0.2705 0.2645 0.2645 0.2435 0.2435 0.2435 0.222 0.222 0.229 0.229 0.2385 0.2385 0.2385 0.233 0.233 0.247 0.247 0.3305 0.3305 0.3305 0.3895 0.3895 0.3585 0.3585 0.3135 0.3135 0.3135 0.245 0.245 0.2385 0.2385 0.248 0.248 0.248 0.2845 0.2845 0.224 0.224 0.2195 0.2195 0.1885 0.1885 0.1885 0.185 0.185 0.1985 0.1985 0.2365 0.2365 0.2365 0.2275 0.2275 0.223 0.223 0.1865 0.1865 0.1865 0.1695 0.1695 0.1665 0.1665 0.172 0.172 0.172 0.176 0.176 0.1545 0.1545 0.1605 0.1605 0.1605
0.1855 0.229 0.229 0.229 0.2605 0.2605 0.2705 0.2705 0.2645 0.2645 0.2435 0.2435 0.2435 0.222 0.222 0.229 0.229 0.2385 0.2385 0.2385 0.233 0.233 0.247 0.247 0.3305 0.3305 0.3305 0.3895 0.3895 0.3585 0.3585 0.3135 0.3135 0.3135 0.245 0.245 0.2385 0.2385 0.248 0.248 0.248 0.2845 0.2845 0.224 0.224 0.2195 0.2195 0.1885 0.1885 0.1885 0.185 0.185 0.1985 0.1985 0.2365 0.2365 0.2365 0.2275 0.2275 0.223 0.223 0.1865 0.1865 0.1865 0.1695 0.1695 0.1665 0.1665 0.172 0.172 0.172 0.176 0.176 0.1545 0.1545 0.1605 0.1605 0.1605
0.161 0.2205 0.2205 0.2205 0.245 0.245 0.2625 0.2625 0.293 0.293 0.2635 0.2635 0.2635 0.2425 0.2425 0.219 0.219 0.2 0.2 0.2 0.2495 0.2495 0.307 0.307 0.3625 0.3625 0.3625 0.3905 0.3905 0.3615 0.3615 0.318 0.318 0.318 0.266 0.266 0.2585 0.2585 0.2395 0.2395 0.2395 0.2485 0.2485 0.218 0.218 0.2185 0.2185 0.183 0.183 0.183 0.2065 0.2065 0.2355 0.2355 0.248 0.248 0.248 0.2585 0.2585 0.2305 0.2305 0.294 0.294 0.294 0.2445 0.2445 0.256 0.256 0.2495 0.2495 0.2495 0.2595 0.2595 0.2495 0.2495 0.247 0.247 0.247
0.161 0.2205 0.2205 0.2205 0.245 0.245 0.2625 0.2625 0.293 0.293 0.2635 0.2635 0.2635 0.2425 0.2425 0.219 0.219 0.2 0.2 0.2 0.2495 0.2495 0.307 0.307 0.3625 0.3625 0.3625 0.3905 0.3905 0.3615 0.3615 0.318 0.318 0.318 0.266 0.266 0.2585 0.2585 0.2395 0.2395 0.2395 0.2485 0.2485 0.218 0.218 0.2185 0.2185 0.183 0.183 0.183 0.2065 0.2065 0.2355 0.2355 0.248 0.248 0.248 0.2585 0.2585 0.2305 0.2305 0.294 0.294 0.294 0.2445 0.2445 0.256 0.256 0.2495 0.2495 0.2495 0.2595 0.2595 0.2495 0.2495 0.247 0.247 0.247
0.164 0.2415 0.2415 0.2415 0.2525 0.2525 0.28 0.28 0.2695 0.2695 0.2825 0.2825 0.2825 0.343 0.343 0.275 0.275 0.2535 0.2535 0.2535 0.3055 0.3055 0.3535 0.3535 0.2875 0.2875 0.2875 0.295 0.295 0.265 0.265 0.2815 0.2815 0.2815 0.2655 0.2655 0.296 0.296 0.27 0.27 0.27 0.2665 0.2665 0.249 0.249 0.257 0.257 0.252 0.252 0.252 0.2695 0.2695 0.216 0.216 0.229 0.229 0.229 0.2935 0.2935 0.324 0.324 0.2995 0.2995 0.2995 0.2615 0.2615 0.274 0.274 0.233 0.233 0.233 0.261 0.261 0.2565 0.2565 0.2865 0.2865 0.2865
0.164 0.2415 0.2415 0.2415 0.2525 0.2525 0.28 0.28 0.2695 0.2695 0.2825 0.2825 0.2825 0.343 0.343 0.275 0.275 0.2535 0.2535 0.2535 0.3055 0.3055 0.3535 0.3535 0.2875 0.2875 0.2875 0.295 0.295 0.265 0.265 0.2815 0.2815 0.2815 0.2655 0.2655 0.296 0.296 0.27 0.27 0.27 0.2665 0.2665 0.249 0.249 0.257 0.257 0.252 0.252 0.252 0.2695 0.2695 0.216 0.216 0.229 0.229 0.229 0.2935 0.2935 0.324 0.324 0.2995 0.2995 0.2995 0.2615 0.2615 0.274 0.274 0.233 0.233 0.233 0.261 0.261 0.2565 0.2565 0.2865 0.2865 0.2865
0.1705 0.2365 0.2365 0.2365 0.361 0.361 0.2655 0.2655 0.29 0.29 0.2835 0.2835 0.2835 0.2595 0.2595 0.2945 0.2945 0.279 0.279 0.279 0.2875 0.2875 0.308 0.308 0.2825 0.2825 0.2825 0.298 0.298 0.3045 0.3045 0.2645 0.2645 0.2645 0.288 0.288 0.2595 0.2595 0.267 0.267 0.267 0.232 0.232 0.2145 0.2145 0.2145 0.2145 0.226 0.226 0.226 0.237 0.237 0.2075 0.2075 0.225 0.225 0.225 0.286 0.286 0.2985 0.2985 0.3135 0.3135 0.3135 0.323 0.323 0.278 0.278 0.256 0.256 0.256 0.2405 0.2405 0.2755 0.2755 0.281 0.281 0.281
0.1705 0.2365 0.2365 0.2365 0.361 0.361 0.2655 0.2655 0.29 0.29 0.2835 0.2835 0.2835 0.2595 0.2595 0.2945 0.2945 0.279 0.279 0.279 0.2875 0.2875 0.308 0.308 0.2825 0.2825 0.2825 0.298 0.298 0.3045 0.3045 0.2645 0.2645 0.2645 0.288 0.288 0.2595 0.2595 0.267 0.267 0.267 0.232 0.232 0.2145 0.2145 0.2145 0.2145 0.226 0.226 0.226 0.237 0.237 0.2075 0.2075 0.225 0.225 0.225 0.286 0.286 0.2985 0.2985 0.3135 0.3135 0.3135 0.323 0.323 0.278 0.278 0.256 0.256 0.256 0.2405 0.2405 0.2755 0.2755 0.281 0.281 0.281
0.1705 0.2365 0.2365 0.2365 0.361 0.361 0.2655 0.2655 0.29 0.29 0.2835 0.2835 0.2835 0.2595 0.2595 0.2945 0.2945 0.279 0.279 0.279 0.2875 0.2875 0.308 0.308 0.2825 0.2825 0.2825 0.298 0.298 0.3045 0.3045 0.2645 0.2645 0.2645 0.288 0.288 0.2595 0.2595 0.267 0.267 0.267 0.232 0.232 0.2145 0.2145 0.2145 0.2145 0.226 0.226 0.226 0.237 0.237 0.2075 0.2075 0.225 0.225 0.225 0.286 0.286 0.2985 0.2985 0.3135 0.3135 0.3135 0.323 0.323 0.278 0.278 0.256 0.256 0.256 0.2405 0.2405 0.2755 0.2755 0.281 0.281 0.281
0.2615 0.2205 0.2205 0.2205 0.216 0.216 0.2675 0.2675 0.3125 0.3125 0.267 0.267 0.267 0.2695 0.2695 0.292 0.292 0.3175 0.3175 0.3175 0.3515 0.3515 0.3015 0.3015 0.315 0.315 0.315 0.3035 0.3035 0.3415 0.3415 0.2995 0.2995 0.2995 0.3735 0.3735 0.3325 0.3325 0.281 0.281 0.281 0.239 0.239 0.1995 0.1995 0.218 0.218 0.217 0.217 0.217 0.214 0.214 0.232 0.232 0.2545 0.2545 0.2545 0.2545 0.2545 0.3085 0.3085 0.3305 0.3305 0.3305 0.3155 0.3155 0.285 0.285 0.253 0.253 0.253 0.2715 0.2715 0.26 0.26 0.2735 0.2735 0.2735
0.2615 0.2205 0.2205 0.2205 0.216 0.216 0.2675 0.2675 0.3125 0.3125 0.267 0.267 0.267 0.2695 0.2695 0.292 0.292 0.3175 0.3175 0.3175 0.3515 0.3515 0.3015 0.3015 0.315 0.315 0.315 0.3035 0.3035 0.3415 0.3415 0.2995 0.2995 0.2995 0.3735 0.3735 0.3325 0.3325 0.281 0.281 0.281 0.239 0.239 0.1995 0.1995 0.218 0.218 0.217 0.217 0.217 0.214 0.214 0.232 0.232 0.2545 0.2545 0.2545 0.2545 0.2545 0.3085 0.3085 0.3305 0.3305 0.3305 0.3155 0.3155 0.285 0.285 0.253 0.253 0.253 0.2715 0.2715 0.26 0.26 0.2735 0.2735 0.2735
0.2315 0.2155 0.2155 0.2155 0.2145 0.2145 0.2395 0.2395 0.273 0.273 0.296 0.296 0.296 0.3145 0.3145 0.329 0.329 0.313 0.313 0.313 0.339 0.339 0.344 0.344 0.267 0.267 0.267 0.291 0.291 0.332 0.332 0.376 0.376 0.376 0.381 0.381 0.2955 0.2955 0.311 0.311 0.311 0.281 0.281 0.2885 0.2885 0.3295 0.3295 0.3505 0.3505 0.3505 0.366 0.366 0.269 0.269 0.2695 0.2695 0.2695 0.2745 0.2745 0.304 0.304 0.3595 0.3595 0.3595 0.32 0.32 0.292 0.292 0.292 0.292 0.292 0.3185 0.3185 0.2865 0.2865 0.2305 0.2305 0.2305
0.2315 0.2155 0.2155 0.2155 0.2145 0.2145 0.2395 0.2395 0.273 0.273 0.296 0.296 0.296 0.3145 0.3145 0.329 0.329 0.313 0.313 0.313 0.339 0.339 0.344 0.344 0.267 0.267 0.267 0.291 0.291 0.332 0.332 0.376 0.376 0.376 0.381 0.381 0.2955 0.2955 0.311 0.311 0.311 0.281 0.281 0.2885 0.2885 0.3295 0.3295 0.3505 0.3505 0.3505 0.366 0.366 0.269 0.269 0.2695 0.2695 0.2695 0.2745 0.2745 0.304 0.304 0.3595 0.3595 0.3595 0.32 0.32 0.292 0.292 0.292 0.292 0.292 0.3185 0.3185 0.2865 0.2865 0.2305 0.2305 0.2305
0.277 0.231 0.231 0.231 0.221 0.221 0.198 0.198 0.273 0.273 0.2975 0.2975 0.2975 0.338 0.338 0.426 0.426 0.365 0.365 0.365 0.3975 0.3975 0.3445 0.3445 0.383 0.383 0.383 0.3235 0.3235 0.319 0.319 0.3245 0.3245 0.3245 0.416 0.416 0.4165 0.4165 0.418 0.418 0.418 0.385 0.385 0.3535 0.3535 0.3745 0.3745 0.3705 0.3705 0.3705 0.419 0.419 0.4 0.4 0.311 0.311 0.311 0.2995 0.2995 0.339 0.339 0.394 0.394 0.394 0.351 0.351 0.3215 0.3215 0.304 0.304 0.304 0.2745 0.2745 0.269 0.269 0.2835 0.2835 0.2835
0.277 0.231 0.231 0.231 0.221 0.221 0.198 0.198 0.273 0.273 0.2975 0.2975 0.2975 0.338 0.338 0.426 0.426 0.365 0.365 0.365 0.3975 0.3975 0.3445 0.3445 0.383 0.383 0.383 0.3235 0.3235 0.319 0.319 0.3245 0.3245 0.3245 0.416 0.416 0.4165 0.4165 0.418 0.418 0.418 0.385 0.385 0.3535 0.3535 0.3745 0.3745 0.3705 0.3705 0.3705 0.419 0.419 0.4 0.4 0.311 0.311 0.311 0.2995 0.2995 0.339 0.339 0.394 0.394 0.394 0.351 0.351 0.3215 0.3215 0.304 0.304 0.304 0.2745 0.2745 0.269 0.269 0.2835 0.2835 0.2835
0.277 0.231 0.231 0.231 0.221 0.221 0.198 0.198 0.273 0.273 0.2975 0.2975 0.2975 0.338 0.338 0.426 0.426 0.365 0.365 0.365 0.3975 0.3975 0.3445 0.3445 0.383 0.383 0.383 0.3235 0.3235 0.319 0.319 0.3245 0.3245 0.3245 0.416 0.416 0.4165 0.4165 0.418 0.418 0.418 0.385 0.385 0.3535 0.3535 0.3745 0.3745 0.3705 0.3705 0.3705 0.419 0.419 0.4 0.4 0.311 0.311 0.311 0.2995 0.2995 0.339 0.339 0.394 0.394 0.394 0.351 0.351 0.3215 0.3215 0.304 0.304 0.304 0.2745 0.2745 0.269 0.269 0.2835 0.2835 0.2835
0.297 0.226 0.226 0.226 0.219 0.219 0.2375 0.2375 0.2725 0.2725 0.31 0.31 0.31 0.3405 0.3405 0.426 0.426 0.4565 0.4565 0.4565 0.514 0.514 0.3985 0.3985 0.3495 0.3495 0.3495 0.368 0.368 0.3565 0.3565 0.366 0.366 0.366 0.3645 0.3645 0.362 0.362 0.3885 0.3885 0.3885 0.4455 0.4455 0.43 0.43 0.435 0.435 0.3855 0.3855 0.3855 0.403 0.403 0.4605 0.4605 0.411 0.411 0.411 0.401 0.401 0.3335 0.3335 0.3235 0.3235 0.3235 0.309 0.309 0.3525 0.3525 0.346 0.346 0.346 0.406 0.406 0.444 0.444 0.392 0.392 0.392
