ndvi/NOAA-60.asc
ncols         252
nrows         154
xllcorner     -18.017974
yllcorner     13.481982
cellsize      0.035948
NODATA_value  -9999
[rows 102 to 135 of 154, columns 0 to 76 of 252]
-1 -1 -1 -1 -1 -1 -1 -1 -1 -1 -1 -1 -1 -1 -1 -1 -1 -1 -1 -1 -1 -1 -1 -1 -1 0.0071 0.0071 0.0071 0.1695 0.1695 0.3165 0.3165 0.299 0.299 0.299 0.2765 0.2765 0.2825 0.2825 0.2935 0.2935 0.2935 0.2845 0.2845 0.261 0.261 0.2595 0.2595 0.2595 0.2665 0.2665 0.2775 0.2775 0.28 0.28 0.2735 0.2735 0.2735 0.2745 0.2745 0.2735 0.2735 0.2735 0.2735 0.2735 0.276 0.276 0.2655 0.2655 0.247 0.247 0.247 0.237 0.237 0.235 0.235 0.2365
-1 -1 -1 -1 -1 -1 -1 -1 -1 -1 -1 -1 -1 -1 -1 -1 -1 -1 -1 -1 -1 -1 -1 0.0152 0.0152 0.217 0.217 0.217 0.3105 0.3105 0.2915 0.2915 0.2805 0.2805 0.2805 0.2845 0.2845 0.274 0.274 0.279 0.279 0.279 0.287 0.287 0.2725 0.2725 0.2685 0.2685 0.2685 0.2655 0.2655 0.2685 0.2685 0.276 0.276 0.2705 0.2705 0.2705 0.2775 0.2775 0.277 0.277 0.277 0.277 0.277 0.263 0.263 0.2675 0.2675 0.264 0.264 0.264 0.2525 0.2525 0.2575 0.2575 0.252
-1 -1 -1 -1 -1 -1 -1 -1 -1 -1 -1 -1 -1 -1 -1 -1 -1 -1 -1 -1 -1 -1 -1 0.0152 0.0152 0.217 0.217 0.217 0.3105 0.3105 0.2915 0.2915 0.2805 0.2805 0.2805 0.2845 0.2845 0.274 0.274 0.279 0.279 0.279 0.287 0.287 0.2725 0.2725 0.2685 0.2685 0.2685 0.2655 0.2655 0.2685 0.2685 0.276 0.276 0.2705 0.2705 0.2705 0.2775 0.2775 0.277 0.277 0.277 0.277 0.277 0.263 0.263 0.2675 0.2675 0.264 0.264 0.264 0.2525 0.2525 0.2575 0.2575 0.252
-1 -1 -1 -1 -1 -1 -1 -1 -1 -1 -1 -1 -1 -1 -1 -1 -1 -1 -1 -1 -1 -1 -1 0.0152 0.0152 0.217 0.217 0.217 0.3105 0.3105 0.2915 0.2915 0.2805 0.2805 0.2805 0.2845 0.2845 0.274 0.274 0.279 0.279 0.279 0.287 0.287 0.2725 0.2725 0.2685 0.2685 0.2685 0.2655 0.2655 0.2685 0.2685 0.276 0.276 0.2705 0.2705 0.2705 0.2775 0.2775 0.277 0.277 0.277 0.277 0.277 0.263 0.263 0.2675 0.2675 0.264 0.264 0.264 0.2525 0.2525 0.2575 0.2575 0.252
-1 -1 -1 -1 -1 -1 -1 -1 -1 -1 -1 -1 -1 -1 -1 -1 -1 -1 -1 -1 -1 0.0157 0.0157 0.198 0.198 0.324 0.324 0.324 0.292 0.292 0.29 0.29 0.2945 0.2945 0.2945 0.2885 0.2885 0.2865 0.2865 0.288 0.288 0.288 0.2905 0.2905 0.2765 0.2765 0.2735 0.2735 0.2735 0.271 0.271 0.2815 0.2815 0.268 0.268 0.29 0.29 0.29 0.2725 0.2725 0.267 0.267 0.267 0.267 0.267 0.2685 0.2685 0.265 0.265 0.274 0.274 0.274 0.272 0.272 0.2565 0.2565 0.2575
-1 -1 -1 -1 -1 -1 -1 -1 -1 -1 -1 -1 -1 -1 -1 -1 -1 -1 -1 -1 -1 0.0157 0.0157 0.198 0.198 0.324 0.324 0.324 0.292 0.292 0.29 0.29 0.2945 0.2945 0.2945 0.2885 0.2885 0.2865 0.2865 0.288 0.288 0.288 0.2905 0.2905 0.2765 0.2765 0.2735 0.2735 0.2735 0.271 0.271 0.2815 0.2815 0.268 0.268 0.29 0.29 0.29 0.2725 0.2725 0.267 0.267 0.267 0.267 0.267 0.2685 0.2685 0.265 0.265 0.274 0.274 0.274 0.272 0.272 0.2565 0.2565 0.2575
-1 -1 -1 -1 -1 -1 -1 -1 -1 -1 -1 -1 -1 -1 -1 -1 -1 -1 -1 -1 -1 0.1546 0.1546 0.332 0.332 0.3085 0.3085 0.3085 0.31 0.31 0.3095 0.3095 0.307 0.307 0.307 0.3005 0.3005 0.294 0.294 0.294 0.294 0.294 0.2805 0.2805 0.2875 0.2875 0.296 0.296 0.296 0.276 0.276 0.279 0.279 0.25 0.25 0.265 0.265 0.265 0.2615 0.2615 0.2855 0.2855 0.2855 0.2855 0.2855 0.28 0.28 0.2835 0.2835 0.2685 0.2685 0.2685 0.2675 0.2675 0.27 0.27 0.2635
-1 -1 -1 -1 -1 -1 -1 -1 -1 -1 -1 -1 -1 -1 -1 -1 -1 -1 -1 -1 -1 0.1546 0.1546 0.332 0.332 0.3085 0.3085 0.3085 0.31 0.31 0.3095 0.3095 0.307 0.307 0.307 0.3005 0.3005 0.294 0.294 0.294 0.294 0.294 0.2805 0.2805 0.2875 0.2875 0.296 0.296 0.296 0.276 0.276 0.279 0.279 0.25 0.25 0.265 0.265 0.265 0.2615 0.2615 0.2855 0.2855 0.2855 0.2855 0.2855 0.28 0.28 0.2835 0.2835 0.2685 0.2685 0.2685 0.2675 0.2675 0.27 0.27 0.2635
-1 -1 -1 -1 -1 -1 -1 -1 -1 -1 -1 -1 -1 -1 -1 -1 -1 -1 0.1941 0.1941 0.1941 0.3325 0.3325 0.338 0.338 0.3375 0.3375 0.3375 0.3365 0.3365 0.315 0.315 0.314 0.314 0.314 0.3055 0.3055 0.293 0.293 0.2875 0.2875 0.2875 0.2845 0.2845 0.2765 0.2765 0.283 0.283 0.283 0.2845 0.2845 0.2925 0.2925 0.269 0.269 0.261 0.261 0.261 0.265 0.265 0.2685 0.2685 0.2685 0.2685 0.2685 0.276 0.276 0.276 0.276 0.2765 0.2765 0.2765 0.269 0.269 0.2805 0.2805 0.3
-1 -1 -1 -1 -1 -1 -1 -1 -1 -1 -1 -1 -1 -1 -1 -1 -1 -1 0.1941 0.1941 0.1941 0.3325 0.3325 0.338 0.338 0.3375 0.3375 0.3375 0.3365 0.3365 0.315 0.315 0.314 0.314 0.314 0.3055 0.3055 0.293 0.293 0.2875 0.2875 0.2875 0.2845 0.2845 0.2765 0.2765 0.283 0.283 0.283 0.2845 0.2845 0.2925 0.2925 0.269 0.269 0.261 0.261 0.261 0.265 0.265 0.2685 0.2685 0.2685 0.2685 0.2685 0.276 0.276 0.276 0.276 0.2765 0.2765 0.2765 0.269 0.269 0.2805 0.2805 0.3
-1 -1 -1 -1 -1 -1 -1 -1 -1 -1 -1 -1 -1 -1 -1 -1 -1 -1 0.1941 0.1941 0.1941 0.3325 0.3325 0.338 0.338 0.3375 0.3375 0.3375 0.3365 0.3365 0.315 0.315 0.314 0.314 0.314 0.3055 0.3055 0.293 0.293 0.2875 0.2875 0.2875 0.2845 0.2845 0.2765 0.2765 0.283 0.283 0.283 0.2845 0.2845 0.2925 0.2925 0.269 0.269 0.261 0.261 0.261 0.265 0.265 0.2685 0.2685 0.2685 0.2685 0.2685 0.276 0.276 0.276 0.276 0.2765 0.2765 0.2765 0.269 0.269 0.2805 0.2805 0.3
-1 -1 -1 -1 -1 -1 -1 -1 -1 -1 -1 -1 -1 -1 -1 -1 0.2587 0.2587 0.3685 0.3685 0.3685 0.3735 0.3735 0.3375 0.3375 0.3535 0.3535 0.3535 0.3325 0.3325 0.328 0.328 0.3135 0.3135 0.3135 0.3055 0.3055 0.294 0.294 0.294 0.294 0.294 0.2845 0.2845 0.275 0.275 0.2705 0.2705 0.2705 0.29 0.29 0.289 0.289 0.276 0.276 0.259 0.259 0.259 0.284 0.284 0.2775 0.2775 0.2775 0.2775 0.2775 0.281 0.281 0.272 0.272 0.2775 0.2775 0.2775 0.299 0.299 0.2785 0.2785 0.3085
-1 -1 -1 -1 -1 -1 -1 -1 -1 -1 -1 -1 -1 -1 -1 -1 0.2587 0.2587 0.3685 0.3685 0.3685 0.3735 0.3735 0.3375 0.3375 0.3535 0.3535 0.3535 0.3325 0.3325 0.328 0.328 0.3135 0.3135 0.3135 0.3055 0.3055 0.294 0.294 0.294 0.294 0.294 0.2845 0.2845 0.275 0.275 0.2705 0.2705 0.2705 0.29 0.29 0.289 0.289 0.276 0.276 0.259 0.259 0.259 0.284 0.284 0.2775 0.2775 0.2775 0.2775 0.2775 0.281 0.281 0.272 0.272 0.2775 0.2775 0.2775 0.299 0.299 0.2785 0.2785 0.3085
-1 -1 -1 -1 -1 -1 -1 -1 -1 -1 -1 -1 0.1947 0.1947 0.154 0.154 0.2045 0.2045 0.3595 0.3595 0.3595 0.3635 0.3635 0.3635 0.3635 0.34 0.34 0.34 0.3475 0.3475 0.3505 0.3505 0.3145 0.3145 0.3145 0.3135 0.3135 0.3095 0.3095 0.316 0.316 0.316 0.3075 0.3075 0.3045 0.3045 0.289 0.289 0.289 0.2795 0.2795 0.28 0.28 0.28 0.28 0.2775 0.2775 0.2775 0.286 0.286 0.2935 0.2935 0.2935 0.2935 0.2935 0.2915 0.2915 0.27 0.27 0.279 0.279 0.279 0.2835 0.2835 0.2845 0.2845 0.3115
-1 -1 -1 -1 -1 -1 -1 -1 -1 -1 -1 -1 0.1947 0.1947 0.154 0.154 0.2045 0.2045 0.3595 0.3595 0.3595 0.3635 0.3635 0.3635 0.3635 0.34 0.34 0.34 0.3475 0.3475 0.3505 0.3505 0.3145 0.3145 0.3145 0.3135 0.3135 0.3095 0.3095 0.316 0.316 0.316 0.3075 0.3075 0.3045 0.3045 0.289 0.289 0.289 0.2795 0.2795 0.28 0.28 0.28 0.28 0.2775 0.2775 0.2775 0.286 0.286 0.2935 0.2935 0.2935 0.2935 0.2935 0.2915 0.2915 0.27 0.27 0.279 0.279 0.279 0.2835 0.2835 0.2845 0.2845 0.3115
-1 -1 -1 -1 -1 -1 -1 -1 -1 0.1715 0.1715 0.1715 0.158 0.158 0.1202 0.1202 0.139 0.139 0.102 0.102 0.102 0.341 0.341 0.347 0.347 0.3715 0.3715 0.3715 0.344 0.344 0.333 0.333 0.3145 0.3145 0.3145 0.3135 0.3135 0.324 0.324 0.313 0.313 0.313 0.3065 0.3065 0.288 0.288 0.296 0.296 0.296 0.3035 0.3035 0.2825 0.2825 0.285 0.285 0.2905 0.2905 0.2905 0.286 0.286 0.2915 0.2915 0.2915 0.2915 0.2915 0.2875 0.2875 0.2935 0.2935 0.2895 0.2895 0.2895 0.288 0.288 0.2855 0.2855 0.298
-1 -1 -1 -1 -1 -1 -1 -1 -1 0.1715 0.1715 0.1715 0.158 0.158 0.1202 0.1202 0.139 0.139 0.102 0.102 0.102 0.341 0.341 0.347 0.347 0.3715 0.3715 0.3715 0.344 0.344 0.333 0.333 0.3145 0.3145 0.3145 0.3135 0.3135 0.324 0.324 0.313 0.313 0.313 0.3065 0.3065 0.288 0.288 0.296 0.296 0.296 0.3035 0.3035 0.2825 0.2825 0.285 0.285 0.2905 0.2905 0.2905 0.286 0.286 0.2915 0.2915 0.2915 0.2915 0.2915 0.2875 0.2875 0.2935 0.2935 0.2895 0.2895 0.2895 0.288 0.288 0.2855 0.2855 0.298
-1 -1 -1 -1 -1 -1 -1 -1 -1 0.1715 0.1715 0.1715 0.158 0.158 0.1202 0.1202 0.139 0.139 0.102 0.102 0.102 0.341 0.341 0.347 0.347 0.3715 0.3715 0.3715 0.344 0.344 0.333 0.333 0.3145 0.3145 0.3145 0.3135 0.3135 0.324 0.324 0.313 0.313 0.313 0.3065 0.3065 0.288 0.288 0.296 0.296 0.296 0.3035 0.3035 0.2825 0.2825 0.285 0.285 0.2905 0.2905 0.2905 0.286 0.286 0.2915 0.2915 0.2915 0.2915 0.2915 0.2875 0.2875 0.2935 0.2935 0.2895 0.2895 0.2895 0.288 0.288 0.2855 0.2855 0.298
-1 -1 -1 -1 -1 -1 -1 -1 -1 -1 -1 -1 0.1047 0.1047 0.1577 0.1577 0.1732 0.1732 0.1765 0.1765 0.1765 0.3245 0.3245 0.3305 0.3305 0.3545 0.3545 0.3545 0.3505 0.3505 0.3325 0.3325 0.3045 0.3045 0.3045 0.2935 0.2935 0.289 0.289 0.295 0.295 0.295 0.2965 0.2965 0.295 0.295 0.2965 0.2965 0.2965 0.2995 0.2995 0.3005 0.3005 0.295 0.295 0.294 0.294 0.294 0.2935 0.2935 0.2905 0.2905 0.2905 0.2905 0.2905 0.3125 0.3125 0.2825 0.2825 0.2865 0.2865 0.2865 0.3045 0.3045 0.302 0.302 0.3145
-1 -1 -1 -1 -1 -1 -1 -1 -1 -1 -1 -1 0.1047 0.1047 0.1577 0.1577 0.1732 0.1732 0.1765 0.1765 0.1765 0.3245 0.3245 0.3305 0.3305 0.3545 0.3545 0.3545 0.3505 0.3505 0.3325 0.3325 0.3045 0.3045 0.3045 0.2935 0.2935 0.289 0.289 0.295 0.295 0.295 0.2965 0.2965 0.295 0.295 0.2965 0.2965 0.2965 0.2995 0.2995 0.3005 0.3005 0.295 0.295 0.294 0.294 0.294 0.2935 0.2935 0.2905 0.2905 0.2905 0.2905 0.2905 0.3125 0.3125 0.2825 0.2825 0.2865 0.2865 0.2865 0.3045 0.3045 0.302 0.302 0.3145
-1 -1 -1 -1 -1 -1 -1 -1 -1 -1 -1 -1 -1 -1 -1 -1 -1 -1 0.4641 0.4641 0.4641 0.1665 0.1665 0.3185 0.3185 0.342 0.342 0.342 0.33 0.33 0.3275 0.3275 0.3005 0.3005 0.3005 0.2895 0.2895 0.2825 0.2825 0.284 0.284 0.284 0.2875 0.2875 0.303 0.303 0.317 0.317 0.317 0.317 0.317 0.319 0.319 0.313 0.313 0.2945 0.2945 0.2945 0.306 0.306 0.3045 0.3045 0.3045 0.3045 0.3045 0.2825 0.2825 0.3035 0.3035 0.2995 0.2995 0.2995 0.3415 0.3415 0.2995 0.2995 0.302
-1 -1 -1 -1 -1 -1 -1 -1 -1 -1 -1 -1 -1 -1 -1 -1 -1 -1 0.4641 0.4641 0.4641 0.1665 0.1665 0.3185 0.3185 0.342 0.342 0.342 0.33 0.33 0.3275 0.3275 0.3005 0.3005 0.3005 0.2895 0.2895 0.2825 0.2825 0.284 0.284 0.284 0.2875 0.2875 0.303 0.303 0.317 0.317 0.317 0.317 0.317 0.319 0.319 0.313 0.313 0.2945 0.2945 0.2945 0.306 0.306 0.3045 0.3045 0.3045 0.3045 0.3045 0.2825 0.2825 0.3035 0.3035 0.2995 0.2995 0.2995 0.3415 0.3415 0.2995 0.2995 0.302
-1 -1 -1 -1 -1 -1 -1 -1 -1 -1 -1 -1 -1 -1 -1 -1 -1 -1 -1 -1 -1 0.2195 0.2195 0.1965 0.1965 0.321 0.321 0.321 0.332 0.332 0.3215 0.3215 0.301 0.301 0.301 0.2945 0.2945 0.2985 0.2985 0.293 0.293 0.293 0.3065 0.3065 0.3135 0.3135 0.3205 0.3205 0.3205 0.3145 0.3145 0.341 0.341 0.3455 0.3455 0.349 0.349 0.349 0.347 0.347 0.345 0.345 0.345 0.345 0.345 0.3265 0.3265 0.3175 0.3175 0.2955 0.2955 0.2955 0.304 0.304 0.3135 0.3135 0.314
-1 -1 -1 -1 -1 -1 -1 -1 -1 -1 -1 -1 -1 -1 -1 -1 -1 -1 -1 -1 -1 0.2195 0.2195 0.1965 0.1965 0.321 0.321 0.321 0.332 0.332 0.3215 0.3215 0.301 0.301 0.301 0.2945 0.2945 0.2985 0.2985 0.293 0.293 0.293 0.3065 0.3065 0.3135 0.3135 0.3205 0.3205 0.3205 0.3145 0.3145 0.341 0.341 0.3455 0.3455 0.349 0.349 0.349 0.347 0.347 0.345 0.345 0.345 0.345 0.345 0.3265 0.3265 0.3175 0.3175 0.2955 0.2955 0.2955 0.304 0.304 0.3135 0.3135 0.314
-1 -1 -1 -1 -1 -1 -1 -1 -1 -1 -1 -1 -1 -1 -1 -1 -1 -1 -1 -1 -1 0.1037 0.1037 0.252 0.252 0.276 0.276 0.276 0.3295 0.3295 0.34 0.34 0.331 0.331 0.331 0.3035 0.3035 0.2875 0.2875 0.26 0.26 0.26 0.2535 0.2535 0.2975 0.2975 0.325 0.325 0.325 0.3325 0.3325 0.367 0.367 0.371 0.371 0.361 0.361 0.361 0.357 0.357 0.358 0.358 0.358 0.358 0.358 0.337 0.337 0.315 0.315 0.3155 0.3155 0.3155 0.3105 0.3105 0.3115 0.3115 0.3295
-1 -1 -1 -1 -1 -1 -1 -1 -1 -1 -1 -1 -1 -1 -1 -1 -1 -1 -1 -1 -1 0.1037 0.1037 0.252 0.252 0.276 0.276 0.276 0.3295 0.3295 0.34 0.34 0.331 0.331 0.331 0.3035 0.3035 0.2875 0.2875 0.26 0.26 0.26 0.2535 0.2535 0.2975 0.2975 0.325 0.325 0.325 0.3325 0.3325 0.367 0.367 0.371 0.371 0.361 0.361 0.361 0.357 0.357 0.358 0.358 0.358 0.358 0.358 0.337 0.337 0.315 0.315 0.3155 0.3155 0.3155 0.3105 0.3105 0.3115 0.3115 0.3295
-1 -1 -1 -1 -1 -1 -1 -1 -1 -1 -1 -1 -1 -1 -1 -1 -1 -1 -1 -1 -1 0.1037 0.1037 0.252 0.252 0.276 0.276 0.276 0.3295 0.3295 0.34 0.34 0.331 0.331 0.331 0.3035 0.3035 0.2875 0.2875 0.26 0.26 0.26 0.2535 0.2535 0.2975 0.2975 0.325 0.325 0.325 0.3325 0.3325 0.367 0.367 0.371 0.371 0.361 0.361 0.361 0.357 0.357 0.358 0.358 0.358 0.358 0.358 0.337 0.337 0.315 0.315 0.3155 0.3155 0.3155 0.3105 0.3105 0.3115 0.3115 0.3295
-1 -1 -1 -1 -1 -1 -1 -1 -1 -1 -1 -1 -1 -1 -1 -1 -1 -1 -1 -1 -1 -1 -1 0.2081 0.2081 0.1445 0.1445 0.1445 0.343 0.343 0.3515 0.3515 0.326 0.326 0.326 0.308 0.308 0.2255 0.2255 0.2005 0.2005 0.2005 0.2485 0.2485 0.291 0.291 0.312 0.312 0.312 0.332 0.332 0.371 0.371 0.376 0.376 0.388 0.388 0.388 0.334 0.334 0.3275 0.3275 0.3275 0.3275 0.3275 0.3175 0.3175 0.3275 0.3275 0.3265 0.3265 0.3265 0.322 0.322 0.325 0.325 0.343
-1 -1 -1 -1 -1 -1 -1 -1 -1 -1 -1 -1 -1 -1 -1 -1 -1 -1 -1 -1 -1 -1 -1 0.2081 0.2081 0.1445 0.1445 0.1445 0.343 0.343 0.3515 0.3515 0.326 0.326 0.326 0.308 0.308 0.2255 0.2255 0.2005 0.2005 0.2005 0.2485 0.2485 0.291 0.291 0.312 0.312 0.312 0.332 0.332 0.371 0.371 0.376 0.376 0.388 0.388 0.388 0.334 0.334 0.3275 0.3275 0.3275 0.3275 0.3275 0.3175 0.3175 0.3275 0.3275 0.3265 0.3265 0.3265 0.322 0.322 0.325 0.325 0.343
-1 -1 -1 -1 -1 -1 -1 -1 -1 -1 -1 -1 -1 -1 -1 -1 -1 -1 -1 -1 -1 -1 -1 -1 -1 0.0935 0.0935 0.0935 0.2345 0.2345 0.3245 0.3245 0.3115 0.3115 0.3115 0.178 0.178 0.1445 0.1445 0.1705 0.1705 0.1705 0.281 0.281 0.296 0.296 0.33 0.33 0.33 0.3245 0.3245 0.362 0.362 0.359 0.359 0.3495 0.3495 0.3495 0.3475 0.3475 0.374 0.374 0.374 0.374 0.374 0.3615 0.3615 0.349 0.349 0.326 0.326 0.326 0.3445 0.3445 0.3435 0.3435 0.3315
-1 -1 -1 -1 -1 -1 -1 -1 -1 -1 -1 -1 -1 -1 -1 -1 -1 -1 -1 -1 -1 -1 -1 -1 -1 0.0935 0.0935 0.0935 0.2345 0.2345 0.3245 0.3245 0.3115 0.3115 0.3115 0.178 0.178 0.1445 0.1445 0.1705 0.1705 0.1705 0.281 0.281 0.296 0.296 0.33 0.33 0.33 0.3245 0.3245 0.362 0.362 0.359 0.359 0.3495 0.3495 0.3495 0.3475 0.3475 0.374 0.374 0.374 0.374 0.374 0.3615 0.3615 0.349 0.349 0.326 0.326 0.326 0.3445 0.3445 0.3435 0.3435 0.3315
-1 -1 -1 -1 -1 -1 -1 -1 -1 -1 -1 -1 -1 -1 -1 -1 -1 -1 -1 -1 -1 -1 -1 -1 -1 0.0816 0.0816 0.0816 0.1785 0.1785 0.245 0.245 0.2435 0.2435 0.2435 0.2015 0.2015 0.202 0.202 0.293 0.293 0.293 0.3045 0.3045 0.352 0.352 0.3385 0.3385 0.3385 0.289 0.289 0.352 0.352 0.349 0.349 0.367 0.367 0.367 0.3565 0.3565 0.3565 0.3565 0.3565 0.3565 0.3565 0.3455 0.3455 0.334 0.334 0.325 0.325 0.325 0.327 0.327 0.3185 0.3185 0.3145
-1 -1 -1 -1 -1 -1 -1 -1 -1 -1 -1 -1 -1 -1 -1 -1 -1 -1 -1 -1 -1 -1 -1 -1 -1 0.0816 0.0816 0.0816 0.1785 0.1785 0.245 0.245 0.2435 0.2435 0.2435 0.2015 0.2015 0.202 0.202 0.293 0.293 0.293 0.3045 0.3045 0.352 0.352 0.3385 0.3385 0.3385 0.289 0.289 0.352 0.352 0.349 0.349 0.367 0.367 0.367 0.3565 0.3565 0.3565 0.3565 0.3565 0.3565 0.3565 0.3455 0.3455 0.334 0.334 0.325 0.325 0.325 0.327 0.327 0.3185 0.3185 0.3145
-1 -1 -1 -1 -1 -1 -1 -1 -1 -1 -1 -1 -1 -1 -1 -1 -1 -1 -1 -1 -1 -1 -1 -1 -1 0.0816 0.0816 0.0816 0.1785 0.1785 0.245 0.245 0.2435 0.2435 0.2435 0.2015 0.2015 0.202 0.202 0.293 0.293 0.293 0.3045 0.3045 0.352 0.352 0.3385 0.3385 0.3385 0.289 0.289 0.352 0.352 0.349 0.349 0.367 0.367 0.367 0.3565 0.3565 0.3565 0.3565 0.3565 0.3565 0.3565 0.3455 0.3455 0.334 0.334 0.325 0.325 0.325 0.327 0.327 0.3185 0.3185 0.3145
