ndvi/NOAA-185.asc
ncols         252
nrows         154
xllcorner     -18.017974
yllcorner     13.481982
cellsize      0.035948
NODATA_value  -9999
[rows 102 to 135 of 154, columns 77 to 153 of 252]
0.2325 0.2325 0.2415 0.2415 0.255 0.255 0.2625 0.2625 0.2625 0.247 0.247 0.239 0.239 0.24 0.24 0.228 0.228 0.228 0.253 0.253 0.248 0.248 0.253 0.253 0.253 0.2585 0.2585 0.247 0.247 0.249 0.249 0.249 0.271 0.271 0.277 0.277 0.256 0.256 0.256 0.2525 0.2525 0.2495 0.2495 0.2565 0.2565 0.2565 0.2555 0.2555 0.2545 0.2545 0.2615 0.2615 0.258 0.258 0.258 0.276 0.276 0.2725 0.2725 0.2605 0.2605 0.2605 0.2695 0.2695 0.2645 0.2645 0.27 0.27 0.27 0.274 0.274 0.2665 0.2665 0.2535 0.2535 0.2535 0.245
0.265 0.265 0.2435 0.2435 0.2605 0.2605 0.2545 0.2545 0.2545 0.2495 0.2495 0.237 0.237 0.2315 0.2315 0.2265 0.2265 0.2265 0.2235 0.2235 0.2295 0.2295 0.24 0.24 0.24 0.261 0.261 0.255 0.255 0.2495 0.2495 0.2495 0.26 0.26 0.277 0.277 0.2645 0.2645 0.2645 0.2635 0.2635 0.2625 0.2625 0.26 0.26 0.26 0.2645 0.2645 0.2725 0.2725 0.272 0.272 0.27 0.27 0.27 0.247 0.247 0.277 0.277 0.2615 0.2615 0.2615 0.2665 0.2665 0.268 0.268 0.256 0.256 0.256 0.2505 0.2505 0.2505 0.2505 0.2595 0.2595 0.2595 0.2525
0.265 0.265 0.2435 0.2435 0.2605 0.2605 0.2545 0.2545 0.2545 0.2495 0.2495 0.237 0.237 0.2315 0.2315 0.2265 0.2265 0.2265 0.2235 0.2235 0.2295 0.2295 0.24 0.24 0.24 0.261 0.261 0.255 0.255 0.2495 0.2495 0.2495 0.26 0.26 0.277 0.277 0.2645 0.2645 0.2645 0.2635 0.2635 0.2625 0.2625 0.26 0.26 0.26 0.2645 0.2645 0.2725 0.2725 0.272 0.272 0.27 0.27 0.27 0.247 0.247 0.277 0.277 0.2615 0.2615 0.2615 0.2665 0.2665 0.268 0.268 0.256 0.256 0.256 0.2505 0.2505 0.2505 0.2505 0.2595 0.2595 0.2595 0.2525
0.265 0.265 0.2435 0.2435 0.2605 0.2605 0.2545 0.2545 0.2545 0.2495 0.2495 0.237 0.237 0.2315 0.2315 0.2265 0.2265 0.2265 0.2235 0.2235 0.2295 0.2295 0.24 0.24 0.24 0.261 0.261 0.255 0.255 0.2495 0.2495 0.2495 0.26 0.26 0.277 0.277 0.2645 0.2645 0.2645 0.2635 0.2635 0.2625 0.2625 0.26 0.26 0.26 0.2645 0.2645 0.2725 0.2725 0.272 0.272 0.27 0.27 0.27 0.247 0.247 0.277 0.277 0.2615 0.2615 0.2615 0.2665 0.2665 0.268 0.268 0.256 0.256 0.256 0.2505 0.2505 0.2505 0.2505 0.2595 0.2595 0.2595 0.2525
0.2445 0.2445 0.2495 0.2495 0.2585 0.2585 0.252 0.252 0.252 0.229 0.229 0.244 0.244 0.2405 0.2405 0.236 0.236 0.236 0.2175 0.2175 0.234 0.234 0.2385 0.2385 0.2385 0.253 0.253 0.247 0.247 0.2235 0.2235 0.2235 0.263 0.263 0.267 0.267 0.271 0.271 0.271 0.2595 0.2595 0.253 0.253 0.2585 0.2585 0.2585 0.2545 0.2545 0.2745 0.2745 0.258 0.258 0.2485 0.2485 0.2485 0.25 0.25 0.2605 0.2605 0.259 0.259 0.259 0.2585 0.2585 0.2705 0.2705 0.2945 0.2945 0.2945 0.2575 0.2575 0.248 0.248 0.2535 0.2535 0.2535 0.2475
0.2445 0.2445 0.2495 0.2495 0.2585 0.2585 0.252 0.252 0.252 0.229 0.229 0.244 0.244 0.2405 0.2405 0.236 0.236 0.236 0.2175 0.2175 0.234 0.234 0.2385 0.2385 0.2385 0.253 0.253 0.247 0.247 0.2235 0.2235 0.2235 0.263 0.263 0.267 0.267 0.271 0.271 0.271 0.2595 0.2595 0.253 0.253 0.2585 0.2585 0.2585 0.2545 0.2545 0.2745 0.2745 0.258 0.258 0.2485 0.2485 0.2485 0.25 0.25 0.2605 0.2605 0.259 0.259 0.259 0.2585 0.2585 0.2705 0.2705 0.2945 0.2945 0.2945 0.2575 0.2575 0.248 0.248 0.2535 0.2535 0.2535 0.2475
0.2515 0.2515 0.2535 0.2535 0.2595 0.2595 0.24 0.24 0.24 0.251 0.251 0.237 0.237 0.2535 0.2535 0.2475 0.2475 0.2475 0.2545 0.2545 0.2565 0.2565 0.255 0.255 0.255 0.2625 0.2625 0.2335 0.2335 0.2375 0.2375 0.2375 0.256 0.256 0.264 0.264 0.253 0.253 0.253 0.2425 0.2425 0.2395 0.2395 0.244 0.244 0.244 0.2295 0.2295 0.2675 0.2675 0.2665 0.2665 0.27 0.27 0.27 0.252 0.252 0.26 0.26 0.257 0.257 0.257 0.2635 0.2635 0.2805 0.2805 0.3075 0.3075 0.3075 0.277 0.277 0.2445 0.2445 0.232 0.232 0.232 0.236
0.2515 0.2515 0.2535 0.2535 0.2595 0.2595 0.24 0.24 0.24 0.251 0.251 0.237 0.237 0.2535 0.2535 0.2475 0.2475 0.2475 0.2545 0.2545 0.2565 0.2565 0.255 0.255 0.255 0.2625 0.2625 0.2335 0.2335 0.2375 0.2375 0.2375 0.256 0.256 0.264 0.264 0.253 0.253 0.253 0.2425 0.2425 0.2395 0.2395 0.244 0.244 0.244 0.2295 0.2295 0.2675 0.2675 0.2665 0.2665 0.27 0.27 0.27 0.252 0.252 0.26 0.26 0.257 0.257 0.257 0.2635 0.2635 0.2805 0.2805 0.3075 0.3075 0.3075 0.277 0.277 0.2445 0.2445 0.232 0.232 0.232 0.236
0.253 0.253 0.255 0.255 0.2485 0.2485 0.2465 0.2465 0.2465 0.2435 0.2435 0.25 0.25 0.259 0.259 0.268 0.268 0.268 0.2565 0.2565 0.261 0.261 0.265 0.265 0.265 0.251 0.251 0.2475 0.2475 0.263 0.263 0.263 0.2785 0.2785 0.255 0.255 0.2605 0.2605 0.2605 0.2345 0.2345 0.2255 0.2255 0.216 0.216 0.216 0.2395 0.2395 0.247 0.247 0.26 0.26 0.2655 0.2655 0.2655 0.2725 0.2725 0.269 0.269 0.259 0.259 0.259 0.266 0.266 0.2725 0.2725 0.292 0.292 0.292 0.3 0.3 0.3025 0.3025 0.279 0.279 0.279 0.234
0.253 0.253 0.255 0.255 0.2485 0.2485 0.2465 0.2465 0.2465 0.2435 0.2435 0.25 0.25 0.259 0.259 0.268 0.268 0.268 0.2565 0.2565 0.261 0.261 0.265 0.265 0.265 0.251 0.251 0.2475 0.2475 0.263 0.263 0.263 0.2785 0.2785 0.255 0.255 0.2605 0.2605 0.2605 0.2345 0.2345 0.2255 0.2255 0.216 0.216 0.216 0.2395 0.2395 0.247 0.247 0.26 0.26 0.2655 0.2655 0.2655 0.2725 0.2725 0.269 0.269 0.259 0.259 0.259 0.266 0.266 0.2725 0.2725 0.292 0.292 0.292 0.3 0.3 0.3025 0.3025 0.279 0.279 0.279 0.234
0.253 0.253 0.255 0.255 0.2485 0.2485 0.2465 0.2465 0.2465 0.2435 0.2435 0.25 0.25 0.259 0.259 0.268 0.268 0.268 0.2565 0.2565 0.261 0.261 0.265 0.265 0.265 0.251 0.251 0.2475 0.2475 0.263 0.263 0.263 0.2785 0.2785 0.255 0.255 0.2605 0.2605 0.2605 0.2345 0.2345 0.2255 0.2255 0.216 0.216 0.216 0.2395 0.2395 0.247 0.247 0.26 0.26 0.2655 0.2655 0.2655 0.2725 0.2725 0.269 0.269 0.259 0.259 0.259 0.266 0.266 0.2725 0.2725 0.292 0.292 0.292 0.3 0.3 0.3025 0.3025 0.279 0.279 0.279 0.234
0.2745 0.2745 0.265 0.265 0.2705 0.2705 0.2685 0.2685 0.2685 0.27 0.27 0.258 0.258 0.2555 0.2555 0.2675 0.2675 0.2675 0.2585 0.2585 0.2705 0.2705 0.2575 0.2575 0.2575 0.265 0.265 0.276 0.276 0.258 0.258 0.258 0.2575 0.2575 0.2655 0.2655 0.249 0.249 0.249 0.2515 0.2515 0.264 0.264 0.261 0.261 0.261 0.2695 0.2695 0.262 0.262 0.26 0.26 0.266 0.266 0.266 0.2715 0.2715 0.26 0.26 0.2825 0.2825 0.2825 0.267 0.267 0.2515 0.2515 0.2625 0.2625 0.2625 0.266 0.266 0.2665 0.2665 0.277 0.277 0.277 0.2405
0.2745 0.2745 0.265 0.265 0.2705 0.2705 0.2685 0.2685 0.2685 0.27 0.27 0.258 0.258 0.2555 0.2555 0.2675 0.2675 0.2675 0.2585 0.2585 0.2705 0.2705 0.2575 0.2575 0.2575 0.265 0.265 0.276 0.276 0.258 0.258 0.258 0.2575 0.2575 0.2655 0.2655 0.249 0.249 0.249 0.2515 0.2515 0.264 0.264 0.261 0.261 0.261 0.2695 0.2695 0.262 0.262 0.26 0.26 0.266 0.266 0.266 0.2715 0.2715 0.26 0.26 0.2825 0.2825 0.2825 0.267 0.267 0.2515 0.2515 0.2625 0.2625 0.2625 0.266 0.266 0.2665 0.2665 0.277 0.277 0.277 0.2405
0.265 0.265 0.268 0.268 0.2515 0.2515 0.2555 0.2555 0.2555 0.264 0.264 0.2465 0.2465 0.2705 0.2705 0.277 0.277 0.277 0.289 0.289 0.274 0.274 0.2695 0.2695 0.2695 0.275 0.275 0.2725 0.2725 0.2575 0.2575 0.2575 0.264 0.264 0.278 0.278 0.2655 0.2655 0.2655 0.2605 0.2605 0.2595 0.2595 0.255 0.255 0.255 0.2605 0.2605 0.2535 0.2535 0.265 0.265 0.2755 0.2755 0.2755 0.2485 0.2485 0.2705 0.2705 0.258 0.258 0.258 0.2515 0.2515 0.251 0.251 0.256 0.256 0.256 0.269 0.269 0.2705 0.2705 0.2745 0.2745 0.2745 0.239
0.265 0.265 0.268 0.268 0.2515 0.2515 0.2555 0.2555 0.2555 0.264 0.264 0.2465 0.2465 0.2705 0.2705 0.277 0.277 0.277 0.289 0.289 0.274 0.274 0.2695 0.2695 0.2695 0.275 0.275 0.2725 0.2725 0.2575 0.2575 0.2575 0.264 0.264 0.278 0.278 0.2655 0.2655 0.2655 0.2605 0.2605 0.2595 0.2595 0.255 0.255 0.255 0.2605 0.2605 0.2535 0.2535 0.265 0.265 0.2755 0.2755 0.2755 0.2485 0.2485 0.2705 0.2705 0.258 0.258 0.258 0.2515 0.2515 0.251 0.251 0.256 0.256 0.256 0.269 0.269 0.2705 0.2705 0.2745 0.2745 0.2745 0.239
0.2335 0.2335 0.2255 0.2255 0.2375 0.2375 0.245 0.245 0.245 0.266 0.266 0.2575 0.2575 0.2735 0.2735 0.278 0.278 0.278 0.2915 0.2915 0.284 0.284 0.272 0.272 0.272 0.2715 0.2715 0.264 0.264 0.2615 0.2615 0.2615 0.2505 0.2505 0.2905 0.2905 0.276 0.276 0.276 0.2565 0.2565 0.246 0.246 0.2575 0.2575 0.2575 0.254 0.254 0.277 0.277 0.277 0.277 0.2665 0.2665 0.2665 0.257 0.257 0.2525 0.2525 0.2685 0.2685 0.2685 0.2635 0.2635 0.2505 0.2505 0.253 0.253 0.253 0.2735 0.2735 0.277 0.277 0.2805 0.2805 0.2805 0.2595
0.2335 0.2335 0.2255 0.2255 0.2375 0.2375 0.245 0.245 0.245 0.266 0.266 0.2575 0.2575 0.2735 0.2735 0.278 0.278 0.278 0.2915 0.2915 0.284 0.284 0.272 0.272 0.272 0.2715 0.2715 0.264 0.264 0.2615 0.2615 0.2615 0.2505 0.2505 0.2905 0.2905 0.276 0.276 0.276 0.2565 0.2565 0.246 0.246 0.2575 0.2575 0.2575 0.254 0.254 0.277 0.277 0.277 0.277 0.2665 0.2665 0.2665 0.257 0.257 0.2525 0.2525 0.2685 0.2685 0.2685 0.2635 0.2635 0.2505 0.2505 0.253 0.253 0.253 0.2735 0.2735 0.277 0.277 0.2805 0.2805 0.2805 0.2595
0.2335 0.2335 0.2255 0.2255 0.2375 0.2375 0.245 0.245 0.245 0.266 0.266 0.2575 0.2575 0.2735 0.2735 0.278 0.278 0.278 0.2915 0.2915 0.284 0.284 0.272 0.272 0.272 0.2715 0.2715 0.264 0.264 0.2615 0.2615 0.2615 0.2505 0.2505 0.2905 0.2905 0.276 0.276 0.276 0.2565 0.2565 0.246 0.246 0.2575 0.2575 0.2575 0.254 0.254 0.277 0.277 0.277 0.277 0.2665 0.2665 0.2665 0.257 0.257 0.2525 0.2525 0.2685 0.2685 0.2685 0.2635 0.2635 0.2505 0.2505 0.253 0.253 0.253 0.2735 0.2735 0.277 0.277 0.2805 0.2805 0.2805 0.2595
0.2295 0.2295 0.208 0.208 0.2285 0.2285 0.2445 0.2445 0.2445 0.2385 0.2385 0.2625 0.2625 0.2625 0.2625 0.27 0.27 0.27 0.2875 0.2875 0.292 0.292 0.275 0.275 0.275 0.273 0.273 0.279 0.279 0.2775 0.2775 0.2775 0.285 0.285 0.2975 0.2975 0.2725 0.2725 0.2725 0.2845 0.2845 0.278 0.278 0.2815 0.2815 0.2815 0.2775 0.2775 0.2975 0.2975 0.2935 0.2935 0.3085 0.3085 0.3085 0.2725 0.2725 0.2705 0.2705 0.269 0.269 0.269 0.259 0.259 0.2615 0.2615 0.2665 0.2665 0.2665 0.267 0.267 0.2675 0.2675 0.2755 0.2755 0.2755 0.2735
0.2295 0.2295 0.208 0.208 0.2285 0.2285 0.2445 0.2445 0.2445 0.2385 0.2385 0.2625 0.2625 0.2625 0.2625 0.27 0.27 0.27 0.2875 0.2875 0.292 0.292 0.275 0.275 0.275 0.273 0.273 0.279 0.279 0.2775 0.2775 0.2775 0.285 0.285 0.2975 0.2975 0.2725 0.2725 0.2725 0.2845 0.2845 0.278 0.278 0.2815 0.2815 0.2815 0.2775 0.2775 0.2975 0.2975 0.2935 0.2935 0.3085 0.3085 0.3085 0.2725 0.2725 0.2705 0.2705 0.269 0.269 0.269 0.259 0.259 0.2615 0.2615 0.2665 0.2665 0.2665 0.267 0.267 0.2675 0.2675 0.2755 0.2755 0.2755 0.2735
0.2005 0.2005 0.245 0.245 0.223 0.223 0.2725 0.2725 0.2725 0.2595 0.2595 0.26 0.26 0.2705 0.2705 0.267 0.267 0.267 0.2775 0.2775 0.2625 0.2625 0.2615 0.2615 0.2615 0.2695 0.2695 0.2785 0.2785 0.263 0.263 0.263 0.278 0.278 0.291 0.291 0.279 0.279 0.279 0.297 0.297 0.3045 0.3045 0.284 0.284 0.284 0.269 0.269 0.3 0.3 0.307 0.307 0.312 0.312 0.312 0.2945 0.2945 0.284 0.284 0.276 0.276 0.276 0.29 0.29 0.277 0.277 0.267 0.267 0.267 0.2655 0.2655 0.2805 0.2805 0.2785 0.2785 0.2785 0.272
0.2005 0.2005 0.245 0.245 0.223 0.223 0.2725 0.2725 0.2725 0.2595 0.2595 0.26 0.26 0.2705 0.2705 0.267 0.267 0.267 0.2775 0.2775 0.2625 0.2625 0.2615 0.2615 0.2615 0.2695 0.2695 0.2785 0.2785 0.263 0.263 0.263 0.278 0.278 0.291 0.291 0.279 0.279 0.279 0.297 0.297 0.3045 0.3045 0.284 0.284 0.284 0.269 0.269 0.3 0.3 0.307 0.307 0.312 0.312 0.312 0.2945 0.2945 0.284 0.284 0.276 0.276 0.276 0.29 0.29 0.277 0.277 0.267 0.267 0.267 0.2655 0.2655 0.2805 0.2805 0.2785 0.2785 0.2785 0.272
0.265 0.265 0.223 0.223 0.2205 0.2205 0.248 0.248 0.248 0.2495 0.2495 0.252 0.252 0.2625 0.2625 0.2475 0.2475 0.2475 0.2585 0.2585 0.26 0.26 0.2575 0.2575 0.2575 0.2585 0.2585 0.2825 0.2825 0.285 0.285 0.285 0.31 0.31 0.2965 0.2965 0.2965 0.2965 0.2965 0.3025 0.3025 0.3015 0.3015 0.293 0.293 0.293 0.256 0.256 0.29 0.29 0.3145 0.3145 0.308 0.308 0.308 0.311 0.311 0.2905 0.2905 0.267 0.267 0.267 0.2785 0.2785 0.2695 0.2695 0.282 0.282 0.282 0.2815 0.2815 0.276 0.276 0.2955 0.2955 0.2955 0.2855
0.265 0.265 0.223 0.223 0.2205 0.2205 0.248 0.248 0.248 0.2495 0.2495 0.252 0.252 0.2625 0.2625 0.2475 0.2475 0.2475 0.2585 0.2585 0.26 0.26 0.2575 0.2575 0.2575 0.2585 0.2585 0.2825 0.2825 0.285 0.285 0.285 0.31 0.31 0.2965 0.2965 0.2965 0.2965 0.2965 0.3025 0.3025 0.3015 0.3015 0.293 0.293 0.293 0.256 0.256 0.29 0.29 0.3145 0.3145 0.308 0.308 0.308 0.311 0.311 0.2905 0.2905 0.267 0.267 0.267 0.2785 0.2785 0.2695 0.2695 0.282 0.282 0.282 0.2815 0.2815 0.276 0.276 0.2955 0.2955 0.2955 0.2855
0.2605 0.2605 0.224 0.224 0.2505 0.2505 0.262 0.262 0.262 0.2655 0.2655 0.2675 0.2675 0.254 0.254 0.2545 0.2545 0.2545 0.2795 0.2795 0.2955 0.2955 0.28 0.28 0.28 0.265 0.265 0.2925 0.2925 0.31 0.31 0.31 0.309 0.309 0.301 0.301 0.304 0.304 0.304 0.289 0.289 0.2945 0.2945 0.2845 0.2845 0.2845 0.304 0.304 0.308 0.308 0.3065 0.3065 0.3035 0.3035 0.3035 0.295 0.295 0.294 0.294 0.2855 0.2855 0.2855 0.2885 0.2885 0.2985 0.2985 0.2945 0.2945 0.2945 0.2895 0.2895 0.282 0.282 0.309 0.309 0.309 0.297
0.2605 0.2605 0.224 0.224 0.2505 0.2505 0.262 0.262 0.262 0.2655 0.2655 0.2675 0.2675 0.254 0.254 0.2545 0.2545 0.2545 0.2795 0.2795 0.2955 0.2955 0.28 0.28 0.28 0.265 0.265 0.2925 0.2925 0.31 0.31 0.31 0.309 0.309 0.301 0.301 0.304 0.304 0.304 0.289 0.289 0.2945 0.2945 0.2845 0.2845 0.2845 0.304 0.304 0.308 0.308 0.3065 0.3065 0.3035 0.3035 0.3035 0.295 0.295 0.294 0.294 0.2855 0.2855 0.2855 0.2885 0.2885 0.2985 0.2985 0.2945 0.2945 0.2945 0.2895 0.2895 0.282 0.282 0.309 0.309 0.309 0.297
0.2605 0.2605 0.224 0.224 0.2505 0.2505 0.262 0.262 0.262 0.2655 0.2655 0.2675 0.2675 0.254 0.254 0.2545 0.2545 0.2545 0.2795 0.2795 0.2955 0.2955 0.28 0.28 0.28 0.265 0.265 0.2925 0.2925 0.31 0.31 0.31 0.309 0.309 0.301 0.301 0.304 0.304 0.304 0.289 0.289 0.2945 0.2945 0.2845 0.2845 0.2845 0.304 0.304 0.308 0.308 0.3065 0.3065 0.3035 0.3035 0.3035 0.295 0.295 0.294 0.294 0.2855 0.2855 0.2855 0.2885 0.2885 0.2985 0.2985 0.2945 0.2945 0.2945 0.2895 0.2895 0.282 0.282 0.309 0.309 0.309 0.297
0.2645 0.2645 0.265 0.265 0.2745 0.2745 0.271 0.271 0.271 0.2805 0.2805 0.2605 0.2605 0.2555 0.2555 0.269 0.269 0.269 0.278 0.278 0.2945 0.2945 0.2765 0.2765 0.2765 0.293 0.293 0.2895 0.2895 0.297 0.297 0.297 0.291 0.291 0.3035 0.3035 0.3115 0.3115 0.3115 0.3225 0.3225 0.312 0.312 0.2905 0.2905 0.2905 0.283 0.283 0.2945 0.2945 0.2925 0.2925 0.2935 0.2935 0.2935 0.287 0.287 0.2955 0.2955 0.296 0.296 0.296 0.286 0.286 0.282 0.282 0.2985 0.2985 0.2985 0.3 0.3 0.308 0.308 0.3075 0.3075 0.3075 0.29
0.2645 0.2645 0.265 0.265 0.2745 0.2745 0.271 0.271 0.271 0.2805 0.2805 0.2605 0.2605 0.2555 0.2555 0.269 0.269 0.269 0.278 0.278 0.2945 0.2945 0.2765 0.2765 0.2765 0.293 0.293 0.2895 0.2895 0.297 0.297 0.297 0.291 0.291 0.3035 0.3035 0.3115 0.3115 0.3115 0.3225 0.3225 0.312 0.312 0.2905 0.2905 0.2905 0.283 0.283 0.2945 0.2945 0.2925 0.2925 0.2935 0.2935 0.2935 0.287 0.287 0.2955 0.2955 0.296 0.296 0.296 0.286 0.286 0.282 0.282 0.2985 0.2985 0.2985 0.3 0.3 0.308 0.308 0.3075 0.3075 0.3075 0.29
0.255 0.255 0.262 0.262 0.2645 0.2645 0.257 0.257 0.257 0.272 0.272 0.2745 0.2745 0.2775 0.2775 0.275 0.275 0.275 0.284 0.284 0.283 0.283 0.285 0.285 0.285 0.2985 0.2985 0.2805 0.2805 0.2895 0.2895 0.2895 0.311 0.311 0.3125 0.3125 0.334 0.334 0.334 0.3195 0.3195 0.3235 0.3235 0.307 0.307 0.307 0.286 0.286 0.318 0.318 0.305 0.305 0.3075 0.3075 0.3075 0.31 0.31 0.2985 0.2985 0.3105 0.3105 0.3105 0.301 0.301 0.3005 0.3005 0.3065 0.3065 0.3065 0.303 0.303 0.303 0.303 0.315 0.315 0.315 0.3315
0.255 0.255 0.262 0.262 0.2645 0.2645 0.257 0.257 0.257 0.272 0.272 0.2745 0.2745 0.2775 0.2775 0.275 0.275 0.275 0.284 0.284 0.283 0.283 0.285 0.285 0.285 0.2985 0.2985 0.2805 0.2805 0.2895 0.2895 0.2895 0.311 0.311 0.3125 0.3125 0.334 0.334 0.334 0.3195 0.3195 0.3235 0.3235 0.307 0.307 0.307 0.286 0.286 0.318 0.318 0.305 0.305 0.3075 0.3075 0.3075 0.31 0.31 0.2985 0.2985 0.3105 0.3105 0.3105 0.301 0.301 0.3005 0.3005 0.3065 0.3065 0.3065 0.303 0.303 0.303 0.303 0.315 0.315 0.315 0.3315
0.266 0.266 0.2585 0.2585 0.267 0.267 0.2745 0.2745 0.2745 0.279 0.279 0.279 0.279 0.288 0.288 0.2695 0.2695 0.2695 0.2845 0.2845 0.2825 0.2825 0.29 0.29 0.29 0.2995 0.2995 0.2785 0.2785 0.2875 0.2875 0.2875 0.3015 0.3015 0.3215 0.3215 0.332 0.332 0.332 0.336 0.336 0.3275 0.3275 0.333 0.333 0.333 0.358 0.358 0.307 0.307 0.309 0.309 0.3 0.3 0.3 0.295 0.295 0.3275 0.3275 0.312 0.312 0.312 0.3065 0.3065 0.3055 0.3055 0.3165 0.3165 0.3165 0.321 0.321 0.308 0.308 0.307 0.307 0.307 0.336
0.266 0.266 0.2585 0.2585 0.267 0.267 0.2745 0.2745 0.2745 0.279 0.279 0.279 0.279 0.288 0.288 0.2695 0.2695 0.2695 0.2845 0.2845 0.2825 0.2825 0.29 0.29 0.29 0.2995 0.2995 0.2785 0.2785 0.2875 0.2875 0.2875 0.3015 0.3015 0.3215 0.3215 0.332 0.332 0.332 0.336 0.336 0.3275 0.3275 0.333 0.333 0.333 0.358 0.358 0.307 0.307 0.309 0.309 0.3 0.3 0.3 0.295 0.295 0.3275 0.3275 0.312 0.312 0.312 0.3065 0.3065 0.3055 0.3055 0.3165 0.3165 0.3165 0.321 0.321 0.308 0.308 0.307 0.307 0.307 0.336
0.266 0.266 0.2585 0.2585 0.267 0.267 0.2745 0.2745 0.2745 0.279 0.279 0.279 0.279 0.288 0.288 0.2695 0.2695 0.2695 0.2845 0.2845 0.2825 0.2825 0.29 0.29 0.29 0.2995 0.2995 0.2785 0.2785 0.2875 0.2875 0.2875 0.3015 0.3015 0.3215 0.3215 0.332 0.332 0.332 0.336 0.336 0.3275 0.3275 0.333 0.333 0.333 0.358 0.358 0.307 0.307 0.309 0.309 0.3 0.3 0.3 0.295 0.295 0.3275 0.3275 0.312 0.312 0.312 0.3065 0.3065 0.3055 0.3055 0.3165 0.3165 0.3165 0.321 0.321 0.308 0.308 0.307 0.307 0.307 0.336
