ndvi/NOAA-74.asc
ncols         252
nrows         154
xllcorner     -18.017974
yllcorner     13.481982
cellsize      0.035948
NODATA_value  -9999
[rows 68 to 101 of 154, columns 0 to 76 of 252]
-1 -1 -1 -1 -1 -1 -1 -1 -1 -1 -1 -1 -1 -1 -1 -1 -1 -1 -1 -1 -1 -1 -1 -1 -1 -1 -1 -1 -1 -1 -1 -1 -1 -1 -1 -1 -1 -1 -1 0.186 0.186 0.186 0.1875 0.1875 0.3375 0.3375 0.2875 0.2875 0.2875 0.283 0.283 0.274 0.274 0.254 0.254 0.2545 0.2545 0.2545 0.305 0.305 0.293 0.293 0.293 0.293 0.293 0.2695 0.2695 0.2175 0.2175 0.178 0.178 0.178 0.196 0.196 0.18 0.18 0.1595
-1 -1 -1 -1 -1 -1 -1 -1 -1 -1 -1 -1 -1 -1 -1 -1 -1 -1 -1 -1 -1 -1 -1 -1 -1 -1 -1 -1 -1 -1 -1 -1 -1 -1 -1 -1 -1 -1 -1 0.1955 0.1955 0.1955 0.291 0.291 0.3605 0.3605 0.278 0.278 0.278 0.2965 0.2965 0.2555 0.2555 0.2305 0.2305 0.1765 0.1765 0.1765 0.312 0.312 0.2825 0.2825 0.2825 0.2825 0.2825 0.2775 0.2775 0.225 0.225 0.1765 0.1765 0.1765 0.1675 0.1675 0.1905 0.1905 0.1825
-1 -1 -1 -1 -1 -1 -1 -1 -1 -1 -1 -1 -1 -1 -1 -1 -1 -1 -1 -1 -1 -1 -1 -1 -1 -1 -1 -1 -1 -1 -1 -1 -1 -1 -1 -1 -1 -1 -1 0.1955 0.1955 0.1955 0.291 0.291 0.3605 0.3605 0.278 0.278 0.278 0.2965 0.2965 0.2555 0.2555 0.2305 0.2305 0.1765 0.1765 0.1765 0.312 0.312 0.2825 0.2825 0.2825 0.2825 0.2825 0.2775 0.2775 0.225 0.225 0.1765 0.1765 0.1765 0.1675 0.1675 0.1905 0.1905 0.1825
-1 -1 -1 -1 -1 -1 -1 -1 -1 -1 -1 -1 -1 -1 -1 -1 -1 -1 -1 -1 -1 -1 -1 -1 -1 -1 -1 -1 -1 -1 -1 -1 -1 -1 -1 -1 -1 0.0891 0.0891 0.1461 0.1461 0.1461 0.2835 0.2835 0.315 0.315 0.254 0.254 0.254 0.2455 0.2455 0.1925 0.1925 0.1925 0.1925 0.1935 0.1935 0.1935 0.2195 0.2195 0.255 0.255 0.255 0.255 0.255 0.211 0.211 0.2075 0.2075 0.1785 0.1785 0.1785 0.194 0.194 0.201 0.201 0.199
-1 -1 -1 -1 -1 -1 -1 -1 -1 -1 -1 -1 -1 -1 -1 -1 -1 -1 -1 -1 -1 -1 -1 -1 -1 -1 -1 -1 -1 -1 -1 -1 -1 -1 -1 -1 -1 0.0891 0.0891 0.1461 0.1461 0.1461 0.2835 0.2835 0.315 0.315 0.254 0.254 0.254 0.2455 0.2455 0.1925 0.1925 0.1925 0.1925 0.1935 0.1935 0.1935 0.2195 0.2195 0.255 0.255 0.255 0.255 0.255 0.211 0.211 0.2075 0.2075 0.1785 0.1785 0.1785 0.194 0.194 0.201 0.201 0.199
-1 -1 -1 -1 -1 -1 -1 -1 -1 -1 -1 -1 -1 -1 -1 -1 -1 -1 -1 -1 -1 -1 -1 -1 -1 -1 -1 -1 -1 -1 -1 -1 -1 -1 -1 -1 -1 0.0891 0.0891 0.1461 0.1461 0.1461 0.2835 0.2835 0.315 0.315 0.254 0.254 0.254 0.2455 0.2455 0.1925 0.1925 0.1925 0.1925 0.1935 0.1935 0.1935 0.2195 0.2195 0.255 0.255 0.255 0.255 0.255 0.211 0.211 0.2075 0.2075 0.1785 0.1785 0.1785 0.194 0.194 0.201 0.201 0.199
-1 -1 -1 -1 -1 -1 -1 -1 -1 -1 -1 -1 -1 -1 -1 -1 -1 -1 -1 -1 -1 -1 -1 -1 -1 -1 -1 -1 -1 -1 -1 -1 -1 -1 -1 -1 -1 0.0216 0.0216 0.144 0.144 0.144 0.2475 0.2475 0.271 0.271 0.219 0.219 0.219 0.192 0.192 0.196 0.196 0.1745 0.1745 0.1555 0.1555 0.1555 0.23 0.23 0.2175 0.2175 0.2175 0.2175 0.2175 0.198 0.198 0.2115 0.2115 0.2035 0.2035 0.2035 0.1985 0.1985 0.202 0.202 0.2015
-1 -1 -1 -1 -1 -1 -1 -1 -1 -1 -1 -1 -1 -1 -1 -1 -1 -1 -1 -1 -1 -1 -1 -1 -1 -1 -1 -1 -1 -1 -1 -1 -1 -1 -1 -1 -1 0.0216 0.0216 0.144 0.144 0.144 0.2475 0.2475 0.271 0.271 0.219 0.219 0.219 0.192 0.192 0.196 0.196 0.1745 0.1745 0.1555 0.1555 0.1555 0.23 0.23 0.2175 0.2175 0.2175 0.2175 0.2175 0.198 0.198 0.2115 0.2115 0.2035 0.2035 0.2035 0.1985 0.1985 0.202 0.202 0.2015
-1 -1 -1 -1 -1 -1 -1 -1 -1 -1 -1 -1 -1 -1 -1 -1 -1 -1 -1 -1 -1 -1 -1 -1 -1 -1 -1 -1 -1 -1 -1 -1 -1 -1 -1 -1 -1 0.008599999 0.008599999 0.169 0.169 0.169 0.257 0.257 0.2535 0.2535 0.232 0.232 0.232 0.2175 0.2175 0.209 0.209 0.2 0.2 0.2165 0.2165 0.2165 0.2145 0.2145 0.213 0.213 0.213 0.213 0.213 0.2205 0.2205 0.2145 0.2145 0.197 0.197 0.197 0.1855 0.1855 0.183 0.183 0.1825
-1 -1 -1 -1 -1 -1 -1 -1 -1 -1 -1 -1 -1 -1 -1 -1 -1 -1 -1 -1 -1 -1 -1 -1 -1 -1 -1 -1 -1 -1 -1 -1 -1 -1 -1 -1 -1 0.008599999 0.008599999 0.169 0.169 0.169 0.257 0.257 0.2535 0.2535 0.232 0.232 0.232 0.2175 0.2175 0.209 0.209 0.2 0.2 0.2165 0.2165 0.2165 0.2145 0.2145 0.213 0.213 0.213 0.213 0.213 0.2205 0.2205 0.2145 0.2145 0.197 0.197 0.197 0.1855 0.1855 0.183 0.183 0.1825
-1 -1 -1 -1 -1 -1 -1 -1 -1 -1 -1 -1 -1 -1 -1 -1 -1 -1 -1 -1 -1 -1 -1 -1 -1 -1 -1 -1 -1 -1 -1 -1 -1 -1 -1 -1 -1 0.0327 0.0327 0.1845 0.1845 0.1845 0.2075 0.2075 0.238 0.238 0.223 0.223 0.223 0.221 0.221 0.205 0.205 0.215 0.215 0.2205 0.2205 0.2205 0.208 0.208 0.204 0.204 0.204 0.204 0.204 0.2165 0.2165 0.211 0.211 0.2065 0.2065 0.2065 0.19 0.19 0.172 0.172 0.1915
-1 -1 -1 -1 -1 -1 -1 -1 -1 -1 -1 -1 -1 -1 -1 -1 -1 -1 -1 -1 -1 -1 -1 -1 -1 -1 -1 -1 -1 -1 -1 -1 -1 -1 -1 -1 -1 0.0327 0.0327 0.1845 0.1845 0.1845 0.2075 0.2075 0.238 0.238 0.223 0.223 0.223 0.221 0.221 0.205 0.205 0.215 0.215 0.2205 0.2205 0.2205 0.208 0.208 0.204 0.204 0.204 0.204 0.204 0.2165 0.2165 0.211 0.211 0.2065 0.2065 0.2065 0.19 0.19 0.172 0.172 0.1915
-1 -1 -1 -1 -1 -1 -1 -1 -1 -1 -1 -1 -1 -1 -1 -1 -1 -1 -1 -1 -1 -1 -1 -1 -1 -1 -1 -1 -1 -1 -1 -1 -1 -1 -1 -1 -1 0.0652 0.0652 0.1985 0.1985 0.1985 0.2375 0.2375 0.226 0.226 0.2125 0.2125 0.2125 0.208 0.208 0.2155 0.2155 0.2195 0.2195 0.2185 0.2185 0.2185 0.203 0.203 0.2045 0.2045 0.2045 0.2045 0.2045 0.1955 0.1955 0.214 0.214 0.2095 0.2095 0.2095 0.1995 0.1995 0.196 0.196 0.187
-1 -1 -1 -1 -1 -1 -1 -1 -1 -1 -1 -1 -1 -1 -1 -1 -1 -1 -1 -1 -1 -1 -1 -1 -1 -1 -1 -1 -1 -1 -1 -1 -1 -1 -1 -1 -1 0.0652 0.0652 0.1985 0.1985 0.1985 0.2375 0.2375 0.226 0.226 0.2125 0.2125 0.2125 0.208 0.208 0.2155 0.2155 0.2195 0.2195 0.2185 0.2185 0.2185 0.203 0.203 0.2045 0.2045 0.2045 0.2045 0.2045 0.1955 0.1955 0.214 0.214 0.2095 0.2095 0.2095 0.1995 0.1995 0.196 0.196 0.187
-1 -1 -1 -1 -1 -1 -1 -1 -1 -1 -1 -1 -1 -1 -1 -1 -1 -1 -1 -1 -1 -1 -1 -1 -1 -1 -1 -1 -1 -1 -1 -1 -1 -1 -1 -1 -1 0.0652 0.0652 0.1985 0.1985 0.1985 0.2375 0.2375 0.226 0.226 0.2125 0.2125 0.2125 0.208 0.208 0.2155 0.2155 0.2195 0.2195 0.2185 0.2185 0.2185 0.203 0.203 0.2045 0.2045 0.2045 0.2045 0.2045 0.1955 0.1955 0.214 0.214 0.2095 0.2095 0.2095 0.1995 0.1995 0.196 0.196 0.187
-1 -1 -1 -1 -1 -1 -1 -1 -1 -1 -1 -1 -1 -1 -1 -1 -1 -1 -1 -1 -1 -1 -1 -1 -1 -1 -1 -1 -1 -1 -1 -1 -1 -1 -1 -1 -1 0.0971 0.0971 0.1965 0.1965 0.1965 0.225 0.225 0.205 0.205 0.2025 0.2025 0.2025 0.213 0.213 0.2065 0.2065 0.199 0.199 0.2105 0.2105 0.2105 0.21 0.21 0.214 0.214 0.214 0.214 0.214 0.2085 0.2085 0.202 0.202 0.189 0.189 0.189 0.201 0.201 0.2005 0.2005 0.199
-1 -1 -1 -1 -1 -1 -1 -1 -1 -1 -1 -1 -1 -1 -1 -1 -1 -1 -1 -1 -1 -1 -1 -1 -1 -1 -1 -1 -1 -1 -1 -1 -1 -1 -1 -1 -1 0.0971 0.0971 0.1965 0.1965 0.1965 0.225 0.225 0.205 0.205 0.2025 0.2025 0.2025 0.213 0.213 0.2065 0.2065 0.199 0.199 0.2105 0.2105 0.2105 0.21 0.21 0.214 0.214 0.214 0.214 0.214 0.2085 0.2085 0.202 0.202 0.189 0.189 0.189 0.201 0.201 0.2005 0.2005 0.199
-1 -1 -1 -1 -1 -1 -1 -1 -1 -1 -1 -1 -1 -1 -1 -1 -1 -1 -1 -1 -1 -1 -1 -1 -1 -1 -1 -1 -1 -1 -1 -1 -1 -1 -1 -1 -1 0.1146 0.1146 0.2475 0.2475 0.2475 0.233 0.233 0.193 0.193 0.198 0.198 0.198 0.185 0.185 0.2105 0.2105 0.205 0.205 0.2015 0.2015 0.2015 0.194 0.194 0.204 0.204 0.204 0.204 0.204 0.216 0.216 0.222 0.222 0.2075 0.2075 0.2075 0.2005 0.2005 0.22 0.22 0.215
-1 -1 -1 -1 -1 -1 -1 -1 -1 -1 -1 -1 -1 -1 -1 -1 -1 -1 -1 -1 -1 -1 -1 -1 -1 -1 -1 -1 -1 -1 -1 -1 -1 -1 -1 -1 -1 0.1146 0.1146 0.2475 0.2475 0.2475 0.233 0.233 0.193 0.193 0.198 0.198 0.198 0.185 0.185 0.2105 0.2105 0.205 0.205 0.2015 0.2015 0.2015 0.194 0.194 0.204 0.204 0.204 0.204 0.204 0.216 0.216 0.222 0.222 0.2075 0.2075 0.2075 0.2005 0.2005 0.22 0.22 0.215
-1 -1 -1 -1 -1 -1 -1 -1 -1 -1 -1 -1 -1 -1 -1 -1 -1 -1 -1 -1 -1 -1 -1 -1 -1 -1 -1 -1 -1 -1 -1 -1 -1 -1 -1 0.0337 0.0337 0.2315 0.2315 0.249 0.249 0.249 0.2205 0.2205 0.203 0.203 0.202 0.202 0.202 0.1865 0.1865 0.192 0.192 0.196 0.196 0.1955 0.1955 0.1955 0.2115 0.2115 0.1945 0.1945 0.1945 0.1945 0.1945 0.202 0.202 0.209 0.209 0.205 0.205 0.205 0.2105 0.2105 0.223 0.223 0.2225
-1 -1 -1 -1 -1 -1 -1 -1 -1 -1 -1 -1 -1 -1 -1 -1 -1 -1 -1 -1 -1 -1 -1 -1 -1 -1 -1 -1 -1 -1 -1 -1 -1 -1 -1 0.0337 0.0337 0.2315 0.2315 0.249 0.249 0.249 0.2205 0.2205 0.203 0.203 0.202 0.202 0.202 0.1865 0.1865 0.192 0.192 0.196 0.196 0.1955 0.1955 0.1955 0.2115 0.2115 0.1945 0.1945 0.1945 0.1945 0.1945 0.202 0.202 0.209 0.209 0.205 0.205 0.205 0.2105 0.2105 0.223 0.223 0.2225
-1 -1 -1 -1 -1 -1 -1 -1 -1 -1 -1 -1 -1 -1 -1 -1 -1 -1 -1 -1 -1 -1 -1 -1 -1 -1 -1 -1 -1 -1 -1 -1 -1 -1 -1 0.0337 0.0337 0.2315 0.2315 0.249 0.249 0.249 0.2205 0.2205 0.203 0.203 0.202 0.202 0.202 0.1865 0.1865 0.192 0.192 0.196 0.196 0.1955 0.1955 0.1955 0.2115 0.2115 0.1945 0.1945 0.1945 0.1945 0.1945 0.202 0.202 0.209 0.209 0.205 0.205 0.205 0.2105 0.2105 0.223 0.223 0.2225
-1 -1 -1 -1 -1 -1 -1 -1 -1 -1 -1 -1 -1 -1 -1 -1 -1 -1 -1 -1 -1 -1 -1 -1 -1 -1 -1 -1 -1 -1 -1 -1 -1 -1 -1 0.1452 0.1452 0.2385 0.2385 0.2215 0.2215 0.2215 0.2135 0.2135 0.1965 0.1965 0.1945 0.1945 0.1945 0.2165 0.2165 0.219 0.219 0.225 0.225 0.207 0.207 0.207 0.208 0.208 0.175 0.175 0.175 0.175 0.175 0.1985 0.1985 0.1885 0.1885 0.2335 0.2335 0.2335 0.2165 0.2165 0.23 0.23 0.2255
-1 -1 -1 -1 -1 -1 -1 -1 -1 -1 -1 -1 -1 -1 -1 -1 -1 -1 -1 -1 -1 -1 -1 -1 -1 -1 -1 -1 -1 -1 -1 -1 -1 -1 -1 0.1452 0.1452 0.2385 0.2385 0.2215 0.2215 0.2215 0.2135 0.2135 0.1965 0.1965 0.1945 0.1945 0.1945 0.2165 0.2165 0.219 0.219 0.225 0.225 0.207 0.207 0.207 0.208 0.208 0.175 0.175 0.175 0.175 0.175 0.1985 0.1985 0.1885 0.1885 0.2335 0.2335 0.2335 0.2165 0.2165 0.23 0.23 0.2255
-1 -1 -1 -1 -1 -1 -1 -1 -1 -1 -1 -1 -1 -1 -1 -1 -1 -1 -1 -1 -1 -1 -1 -1 -1 -1 -1 -1 -1 -1 -1 -1 0.0722 0.0722 0.0722 0.2195 0.2195 0.234 0.234 0.2135 0.2135 0.2135 0.204 0.204 0.201 0.201 0.215 0.215 0.215 0.2155 0.2155 0.219 0.219 0.2155 0.2155 0.215 0.215 0.215 0.2125 0.2125 0.2155 0.2155 0.2155 0.2155 0.2155 0.2135 0.2135 0.238 0.238 0.2355 0.2355 0.2355 0.2375 0.2375 0.2275 0.2275 0.2255
-1 -1 -1 -1 -1 -1 -1 -1 -1 -1 -1 -1 -1 -1 -1 -1 -1 -1 -1 -1 -1 -1 -1 -1 -1 -1 -1 -1 -1 -1 -1 -1 0.0722 0.0722 0.0722 0.2195 0.2195 0.234 0.234 0.2135 0.2135 0.2135 0.204 0.204 0.201 0.201 0.215 0.215 0.215 0.2155 0.2155 0.219 0.219 0.2155 0.2155 0.215 0.215 0.215 0.2125 0.2125 0.2155 0.2155 0.2155 0.2155 0.2155 0.2135 0.2135 0.238 0.238 0.2355 0.2355 0.2355 0.2375 0.2375 0.2275 0.2275 0.2255
-1 -1 -1 -1 -1 -1 -1 -1 -1 -1 -1 -1 -1 -1 -1 -1 -1 -1 -1 -1 -1 -1 -1 -1 -1 -1 -1 -1 -1 -1 0.0237 0.0237 0.2577 0.2577 0.2577 0.231 0.231 0.214 0.214 0.1995 0.1995 0.1995 0.2025 0.2025 0.212 0.212 0.233 0.233 0.233 0.219 0.219 0.226 0.226 0.235 0.235 0.2345 0.2345 0.2345 0.2355 0.2355 0.235 0.235 0.235 0.235 0.235 0.2455 0.2455 0.2475 0.2475 0.245 0.245 0.245 0.239 0.239 0.2345 0.2345 0.223
-1 -1 -1 -1 -1 -1 -1 -1 -1 -1 -1 -1 -1 -1 -1 -1 -1 -1 -1 -1 -1 -1 -1 -1 -1 -1 -1 -1 -1 -1 0.0237 0.0237 0.2577 0.2577 0.2577 0.231 0.231 0.214 0.214 0.1995 0.1995 0.1995 0.2025 0.2025 0.212 0.212 0.233 0.233 0.233 0.219 0.219 0.226 0.226 0.235 0.235 0.2345 0.2345 0.2345 0.2355 0.2355 0.235 0.235 0.235 0.235 0.235 0.2455 0.2455 0.2475 0.2475 0.245 0.245 0.245 0.239 0.239 0.2345 0.2345 0.223
-1 -1 -1 -1 -1 -1 -1 -1 -1 -1 -1 -1 -1 -1 -1 -1 -1 -1 -1 -1 -1 -1 -1 -1 -1 -1 -1 -1 -1 -1 0.0237 0.0237 0.2577 0.2577 0.2577 0.231 0.231 0.214 0.214 0.1995 0.1995 0.1995 0.2025 0.2025 0.212 0.212 0.233 0.233 0.233 0.219 0.219 0.226 0.226 0.235 0.235 0.2345 0.2345 0.2345 0.2355 0.2355 0.235 0.235 0.235 0.235 0.235 0.2455 0.2455 0.2475 0.2475 0.245 0.245 0.245 0.239 0.239 0.2345 0.2345 0.223
-1 -1 -1 -1 -1 -1 -1 -1 -1 -1 -1 -1 -1 -1 -1 -1 -1 -1 -1 -1 -1 -1 -1 -1 -1 -1 -1 -1 -1 -1 0.1147 0.1147 0.2385 0.2385 0.2385 0.2355 0.2355 0.215 0.215 0.2165 0.2165 0.2165 0.208 0.208 0.227 0.227 0.234 0.234 0.234 0.2325 0.2325 0.247 0.247 0.2205 0.2205 0.2365 0.2365 0.2365 0.2365 0.2365 0.2395 0.2395 0.2395 0.2395 0.2395 0.2415 0.2415 0.2395 0.2395 0.2435 0.2435 0.2435 0.232 0.232 0.227 0.227 0.227
-1 -1 -1 -1 -1 -1 -1 -1 -1 -1 -1 -1 -1 -1 -1 -1 -1 -1 -1 -1 -1 -1 -1 -1 -1 -1 -1 -1 -1 -1 0.1147 0.1147 0.2385 0.2385 0.2385 0.2355 0.2355 0.215 0.215 0.2165 0.2165 0.2165 0.208 0.208 0.227 0.227 0.234 0.234 0.234 0.2325 0.2325 0.247 0.247 0.2205 0.2205 0.2365 0.2365 0.2365 0.2365 0.2365 0.2395 0.2395 0.2395 0.2395 0.2395 0.2415 0.2415 0.2395 0.2395 0.2435 0.2435 0.2435 0.232 0.232 0.227 0.227 0.227
-1 -1 -1 -1 -1 -1 -1 -1 -1 -1 -1 -1 -1 -1 -1 -1 -1 -1 -1 -1 -1 -1 -1 -1 -1 -1 -1 -1 0.0327 0.0327 0.2205 0.2205 0.263 0.263 0.263 0.243 0.243 0.2365 0.2365 0.215 0.215 0.215 0.2145 0.2145 0.2315 0.2315 0.231 0.231 0.231 0.226 0.226 0.254 0.254 0.2445 0.2445 0.251 0.251 0.251 0.245 0.245 0.2505 0.2505 0.2505 0.2505 0.2505 0.2455 0.2455 0.2225 0.2225 0.221 0.221 0.221 0.212 0.212 0.206 0.206 0.2225
-1 -1 -1 -1 -1 -1 -1 -1 -1 -1 -1 -1 -1 -1 -1 -1 -1 -1 -1 -1 -1 -1 -1 -1 -1 -1 -1 -1 0.0327 0.0327 0.2205 0.2205 0.263 0.263 0.263 0.243 0.243 0.2365 0.2365 0.215 0.215 0.215 0.2145 0.2145 0.2315 0.2315 0.231 0.231 0.231 0.226 0.226 0.254 0.254 0.2445 0.2445 0.251 0.251 0.251 0.245 0.245 0.2505 0.2505 0.2505 0.2505 0.2505 0.2455 0.2455 0.2225 0.2225 0.221 0.221 0.221 0.212 0.212 0.206 0.206 0.2225
-1 -1 -1 -1 -1 -1 -1 -1 -1 -1 -1 -1 -1 -1 -1 -1 -1 -1 -1 -1 -1 -1 -1 -1 -1 0.0297 0.0297 0.0297 0.1597 0.1597 0.2775 0.2775 0.2585 0.2585 0.2585 0.2365 0.2365 0.233 0.233 0.229 0.229 0.229 0.234 0.234 0.2395 0.2395 0.2275 0.2275 0.2275 0.2385 0.2385 0.2475 0.2475 0.246 0.246 0.2455 0.2455 0.2455 0.2415 0.2415 0.2495 0.2495 0.2495 0.2495 0.2495 0.2545 0.2545 0.25 0.25 0.2355 0.2355 0.2355 0.219 0.219 0.2225 0.2225 0.2245
