ndvi/NOAA-312.asc
ncols         252
nrows         154
xllcorner     -18.017974
yllcorner     13.481982
cellsize      0.035948
NODATA_value  -9999
[rows 105 to 139 of 154, columns 154 to 230 of 252]
0.279 0.274 0.274 0.284 0.284 0.284 0.2365 0.2365 0.2595 0.2595 0.267 0.267 0.264 0.264 0.264 0.272 0.272 0.2765 0.2765 0.29 0.29 0.29 0.284 0.284 0.2675 0.2675 0.2565 0.2565 0.2565 0.2905 0.2905 0.284 0.284 0.264 0.264 0.264 0.2585 0.2585 0.2715 0.2715 0.283 0.283 0.283 0.3025 0.3025 0.3 0.3 0.329 0.329 0.291 0.291 0.291 0.293 0.293 0.249 0.249 0.2525 0.2525 0.2525 0.2505 0.2505 0.2575 0.2575 0.2835 0.2835 0.2835 0.281 0.281 0.2755 0.2755 0.2755 0.2755 0.2755 0.2595 0.2595 0.276 0.276
0.278 0.28 0.28 0.261 0.261 0.261 0.316 0.316 0.272 0.272 0.275 0.275 0.2765 0.2765 0.2765 0.277 0.277 0.292 0.292 0.2525 0.2525 0.2525 0.265 0.265 0.2665 0.2665 0.271 0.271 0.271 0.331 0.331 0.322 0.322 0.309 0.309 0.309 0.302 0.302 0.294 0.294 0.3395 0.3395 0.3395 0.365 0.365 0.354 0.354 0.3165 0.3165 0.3205 0.3205 0.3205 0.4085 0.4085 0.437 0.437 0.265 0.265 0.265 0.2635 0.2635 0.2905 0.2905 0.276 0.276 0.276 0.278 0.278 0.2785 0.2785 0.2695 0.2695 0.2695 0.2935 0.2935 0.2995 0.2995
0.278 0.28 0.28 0.261 0.261 0.261 0.316 0.316 0.272 0.272 0.275 0.275 0.2765 0.2765 0.2765 0.277 0.277 0.292 0.292 0.2525 0.2525 0.2525 0.265 0.265 0.2665 0.2665 0.271 0.271 0.271 0.331 0.331 0.322 0.322 0.309 0.309 0.309 0.302 0.302 0.294 0.294 0.3395 0.3395 0.3395 0.365 0.365 0.354 0.354 0.3165 0.3165 0.3205 0.3205 0.3205 0.4085 0.4085 0.437 0.437 0.265 0.265 0.265 0.2635 0.2635 0.2905 0.2905 0.276 0.276 0.276 0.278 0.278 0.2785 0.2785 0.2695 0.2695 0.2695 0.2935 0.2935 0.2995 0.2995
0.306 0.319 0.319 0.27 0.27 0.27 0.266 0.266 0.2615 0.2615 0.286 0.286 0.282 0.282 0.282 0.272 0.272 0.3005 0.3005 0.2705 0.2705 0.2705 0.2565 0.2565 0.2745 0.2745 0.28 0.28 0.28 0.3425 0.3425 0.3425 0.3425 0.3175 0.3175 0.3175 0.4085 0.4085 0.3325 0.3325 0.328 0.328 0.328 0.304 0.304 0.2865 0.2865 0.2785 0.2785 0.281 0.281 0.281 0.318 0.318 0.39 0.39 0.425 0.425 0.425 0.329 0.329 0.344 0.344 0.3465 0.3465 0.3465 0.342 0.342 0.345 0.345 0.329 0.329 0.329 0.3425 0.3425 0.327 0.327
0.306 0.319 0.319 0.27 0.27 0.27 0.266 0.266 0.2615 0.2615 0.286 0.286 0.282 0.282 0.282 0.272 0.272 0.3005 0.3005 0.2705 0.2705 0.2705 0.2565 0.2565 0.2745 0.2745 0.28 0.28 0.28 0.3425 0.3425 0.3425 0.3425 0.3175 0.3175 0.3175 0.4085 0.4085 0.3325 0.3325 0.328 0.328 0.328 0.304 0.304 0.2865 0.2865 0.2785 0.2785 0.281 0.281 0.281 0.318 0.318 0.39 0.39 0.425 0.425 0.425 0.329 0.329 0.344 0.344 0.3465 0.3465 0.3465 0.342 0.342 0.345 0.345 0.329 0.329 0.329 0.3425 0.3425 0.327 0.327
0.328 0.313 0.313 0.2795 0.2795 0.2795 0.285 0.285 0.2835 0.2835 0.2645 0.2645 0.259 0.259 0.259 0.2925 0.2925 0.276 0.276 0.2595 0.2595 0.2595 0.2765 0.2765 0.291 0.291 0.3095 0.3095 0.3095 0.3305 0.3305 0.331 0.331 0.333 0.333 0.333 0.346 0.346 0.3535 0.3535 0.3105 0.3105 0.3105 0.3045 0.3045 0.2895 0.2895 0.3155 0.3155 0.2935 0.2935 0.2935 0.3155 0.3155 0.321 0.321 0.3045 0.3045 0.3045 0.3385 0.3385 0.338 0.338 0.321 0.321 0.321 0.3375 0.3375 0.34 0.34 0.3455 0.3455 0.3455 0.33 0.33 0.333 0.333
0.328 0.313 0.313 0.2795 0.2795 0.2795 0.285 0.285 0.2835 0.2835 0.2645 0.2645 0.259 0.259 0.259 0.2925 0.2925 0.276 0.276 0.2595 0.2595 0.2595 0.2765 0.2765 0.291 0.291 0.3095 0.3095 0.3095 0.3305 0.3305 0.331 0.331 0.333 0.333 0.333 0.346 0.346 0.3535 0.3535 0.3105 0.3105 0.3105 0.3045 0.3045 0.2895 0.2895 0.3155 0.3155 0.2935 0.2935 0.2935 0.3155 0.3155 0.321 0.321 0.3045 0.3045 0.3045 0.3385 0.3385 0.338 0.338 0.321 0.321 0.321 0.3375 0.3375 0.34 0.34 0.3455 0.3455 0.3455 0.33 0.33 0.333 0.333
0.328 0.313 0.313 0.2795 0.2795 0.2795 0.285 0.285 0.2835 0.2835 0.2645 0.2645 0.259 0.259 0.259 0.2925 0.2925 0.276 0.276 0.2595 0.2595 0.2595 0.2765 0.2765 0.291 0.291 0.3095 0.3095 0.3095 0.3305 0.3305 0.331 0.331 0.333 0.333 0.333 0.346 0.346 0.3535 0.3535 0.3105 0.3105 0.3105 0.3045 0.3045 0.2895 0.2895 0.3155 0.3155 0.2935 0.2935 0.2935 0.3155 0.3155 0.321 0.321 0.3045 0.3045 0.3045 0.3385 0.3385 0.338 0.338 0.321 0.321 0.321 0.3375 0.3375 0.34 0.34 0.3455 0.3455 0.3455 0.33 0.33 0.333 0.333
0.2755 0.334 0.334 0.3005 0.3005 0.3005 0.268 0.268 0.2805 0.2805 0.271 0.271 0.2715 0.2715 0.2715 0.3225 0.3225 0.257 0.257 0.2785 0.2785 0.2785 0.2665 0.2665 0.2645 0.2645 0.301 0.301 0.301 0.327 0.327 0.3125 0.3125 0.336 0.336 0.336 0.359 0.359 0.3345 0.3345 0.2975 0.2975 0.2975 0.3115 0.3115 0.2805 0.2805 0.2875 0.2875 0.313 0.313 0.313 0.3345 0.3345 0.3505 0.3505 0.364 0.364 0.364 0.355 0.355 0.3405 0.3405 0.342 0.342 0.342 0.3435 0.3435 0.312 0.312 0.3235 0.3235 0.3235 0.3255 0.3255 0.32 0.32
0.2755 0.334 0.334 0.3005 0.3005 0.3005 0.268 0.268 0.2805 0.2805 0.271 0.271 0.2715 0.2715 0.2715 0.3225 0.3225 0.257 0.257 0.2785 0.2785 0.2785 0.2665 0.2665 0.2645 0.2645 0.301 0.301 0.301 0.327 0.327 0.3125 0.3125 0.336 0.336 0.336 0.359 0.359 0.3345 0.3345 0.2975 0.2975 0.2975 0.3115 0.3115 0.2805 0.2805 0.2875 0.2875 0.313 0.313 0.313 0.3345 0.3345 0.3505 0.3505 0.364 0.364 0.364 0.355 0.355 0.3405 0.3405 0.342 0.342 0.342 0.3435 0.3435 0.312 0.312 0.3235 0.3235 0.3235 0.3255 0.3255 0.32 0.32
0.2875 0.2765 0.2765 0.28 0.28 0.28 0.283 0.283 0.289 0.289 0.2605 0.2605 0.276 0.276 0.276 0.263 0.263 0.276 0.276 0.255 0.255 0.255 0.2735 0.2735 0.2815 0.2815 0.27 0.27 0.27 0.3055 0.3055 0.313 0.313 0.332 0.332 0.332 0.3975 0.3975 0.298 0.298 0.3055 0.3055 0.3055 0.3095 0.3095 0.296 0.296 0.303 0.303 0.3015 0.3015 0.3015 0.337 0.337 0.3815 0.3815 0.367 0.367 0.367 0.3855 0.3855 0.349 0.349 0.3625 0.3625 0.3625 0.3305 0.3305 0.317 0.317 0.318 0.318 0.318 0.322 0.322 0.318 0.318
0.2875 0.2765 0.2765 0.28 0.28 0.28 0.283 0.283 0.289 0.289 0.2605 0.2605 0.276 0.276 0.276 0.263 0.263 0.276 0.276 0.255 0.255 0.255 0.2735 0.2735 0.2815 0.2815 0.27 0.27 0.27 0.3055 0.3055 0.313 0.313 0.332 0.332 0.332 0.3975 0.3975 0.298 0.298 0.3055 0.3055 0.3055 0.3095 0.3095 0.296 0.296 0.303 0.303 0.3015 0.3015 0.3015 0.337 0.337 0.3815 0.3815 0.367 0.367 0.367 0.3855 0.3855 0.349 0.349 0.3625 0.3625 0.3625 0.3305 0.3305 0.317 0.317 0.318 0.318 0.318 0.322 0.322 0.318 0.318
0.304 0.267 0.267 0.2565 0.2565 0.2565 0.275 0.275 0.2745 0.2745 0.2965 0.2965 0.2795 0.2795 0.2795 0.2965 0.2965 0.2835 0.2835 0.2835 0.2835 0.2835 0.284 0.284 0.2855 0.2855 0.281 0.281 0.281 0.289 0.289 0.306 0.306 0.2975 0.2975 0.2975 0.2685 0.2685 0.2645 0.2645 0.3175 0.3175 0.3175 0.3465 0.3465 0.376 0.376 0.3915 0.3915 0.3435 0.3435 0.3435 0.327 0.327 0.3855 0.3855 0.371 0.371 0.371 0.39 0.39 0.3635 0.3635 0.3395 0.3395 0.3395 0.351 0.351 0.314 0.314 0.3605 0.3605 0.3605 0.3475 0.3475 0.3395 0.3395
0.304 0.267 0.267 0.2565 0.2565 0.2565 0.275 0.275 0.2745 0.2745 0.2965 0.2965 0.2795 0.2795 0.2795 0.2965 0.2965 0.2835 0.2835 0.2835 0.2835 0.2835 0.284 0.284 0.2855 0.2855 0.281 0.281 0.281 0.289 0.289 0.306 0.306 0.2975 0.2975 0.2975 0.2685 0.2685 0.2645 0.2645 0.3175 0.3175 0.3175 0.3465 0.3465 0.376 0.376 0.3915 0.3915 0.3435 0.3435 0.3435 0.327 0.327 0.3855 0.3855 0.371 0.371 0.371 0.39 0.39 0.3635 0.3635 0.3395 0.3395 0.3395 0.351 0.351 0.314 0.314 0.3605 0.3605 0.3605 0.3475 0.3475 0.3395 0.3395
0.304 0.267 0.267 0.2565 0.2565 0.2565 0.275 0.275 0.2745 0.2745 0.2965 0.2965 0.2795 0.2795 0.2795 0.2965 0.2965 0.2835 0.2835 0.2835 0.2835 0.2835 0.284 0.284 0.2855 0.2855 0.281 0.281 0.281 0.289 0.289 0.306 0.306 0.2975 0.2975 0.2975 0.2685 0.2685 0.2645 0.2645 0.3175 0.3175 0.3175 0.3465 0.3465 0.376 0.376 0.3915 0.3915 0.3435 0.3435 0.3435 0.327 0.327 0.3855 0.3855 0.371 0.371 0.371 0.39 0.39 0.3635 0.3635 0.3395 0.3395 0.3395 0.351 0.351 0.314 0.314 0.3605 0.3605 0.3605 0.3475 0.3475 0.3395 0.3395
0.304 0.287 0.287 0.294 0.294 0.294 0.287 0.287 0.285 0.285 0.3015 0.3015 0.294 0.294 0.294 0.2955 0.2955 0.302 0.302 0.32 0.32 0.32 0.3245 0.3245 0.304 0.304 0.2865 0.2865 0.2865 0.3105 0.3105 0.3005 0.3005 0.285 0.285 0.285 0.39 0.39 0.3725 0.3725 0.369 0.369 0.369 0.431 0.431 0.4015 0.4015 0.3355 0.3355 0.3455 0.3455 0.3455 0.364 0.364 0.3885 0.3885 0.382 0.382 0.382 0.367 0.367 0.4065 0.4065 0.383 0.383 0.383 0.353 0.353 0.3305 0.3305 0.3595 0.3595 0.3595 0.359 0.359 0.3245 0.3245
0.304 0.287 0.287 0.294 0.294 0.294 0.287 0.287 0.285 0.285 0.3015 0.3015 0.294 0.294 0.294 0.2955 0.2955 0.302 0.302 0.32 0.32 0.32 0.3245 0.3245 0.304 0.304 0.2865 0.2865 0.2865 0.3105 0.3105 0.3005 0.3005 0.285 0.285 0.285 0.39 0.39 0.3725 0.3725 0.369 0.369 0.369 0.431 0.431 0.4015 0.4015 0.3355 0.3355 0.3455 0.3455 0.3455 0.364 0.364 0.3885 0.3885 0.382 0.382 0.382 0.367 0.367 0.4065 0.4065 0.383 0.383 0.383 0.353 0.353 0.3305 0.3305 0.3595 0.3595 0.3595 0.359 0.359 0.3245 0.3245
0.341 0.3175 0.3175 0.317 0.317 0.317 0.2765 0.2765 0.279 0.279 0.2965 0.2965 0.2955 0.2955 0.2955 0.3225 0.3225 0.3315 0.3315 0.3305 0.3305 0.3305 0.332 0.332 0.3445 0.3445 0.3045 0.3045 0.3045 0.2605 0.2605 0.27 0.27 0.37 0.37 0.37 0.3065 0.3065 0.346 0.346 0.3615 0.3615 0.3615 0.3845 0.3845 0.354 0.354 0.342 0.342 0.3755 0.3755 0.3755 0.359 0.359 0.371 0.371 0.3925 0.3925 0.3925 0.3545 0.3545 0.3915 0.3915 0.379 0.379 0.379 0.357 0.357 0.3745 0.3745 0.4005 0.4005 0.4005 0.3535 0.3535 0.373 0.373
0.341 0.3175 0.3175 0.317 0.317 0.317 0.2765 0.2765 0.279 0.279 0.2965 0.2965 0.2955 0.2955 0.2955 0.3225 0.3225 0.3315 0.3315 0.3305 0.3305 0.3305 0.332 0.332 0.3445 0.3445 0.3045 0.3045 0.3045 0.2605 0.2605 0.27 0.27 0.37 0.37 0.37 0.3065 0.3065 0.346 0.346 0.3615 0.3615 0.3615 0.3845 0.3845 0.354 0.354 0.342 0.342 0.3755 0.3755 0.3755 0.359 0.359 0.371 0.371 0.3925 0.3925 0.3925 0.3545 0.3545 0.3915 0.3915 0.379 0.379 0.379 0.357 0.357 0.3745 0.3745 0.4005 0.4005 0.4005 0.3535 0.3535 0.373 0.373
0.3295 0.337 0.337 0.3225 0.3225 0.3225 0.2985 0.2985 0.3275 0.3275 0.305 0.305 0.304 0.304 0.304 0.345 0.345 0.3375 0.3375 0.336 0.336 0.336 0.325 0.325 0.3225 0.3225 0.314 0.314 0.314 0.3015 0.3015 0.326 0.326 0.3165 0.3165 0.3165 0.345 0.345 0.3385 0.3385 0.3315 0.3315 0.3315 0.3315 0.3315 0.3415 0.3415 0.3795 0.3795 0.3845 0.3845 0.3845 0.3895 0.3895 0.3745 0.3745 0.3945 0.3945 0.3945 0.3715 0.3715 0.364 0.364 0.367 0.367 0.367 0.364 0.364 0.382 0.382 0.389 0.389 0.389 0.378 0.378 0.394 0.394
0.3295 0.337 0.337 0.3225 0.3225 0.3225 0.2985 0.2985 0.3275 0.3275 0.305 0.305 0.304 0.304 0.304 0.345 0.345 0.3375 0.3375 0.336 0.336 0.336 0.325 0.325 0.3225 0.3225 0.314 0.314 0.314 0.3015 0.3015 0.326 0.326 0.3165 0.3165 0.3165 0.345 0.345 0.3385 0.3385 0.3315 0.3315 0.3315 0.3315 0.3315 0.3415 0.3415 0.3795 0.3795 0.3845 0.3845 0.3845 0.3895 0.3895 0.3745 0.3745 0.3945 0.3945 0.3945 0.3715 0.3715 0.364 0.364 0.367 0.367 0.367 0.364 0.364 0.382 0.382 0.389 0.389 0.389 0.378 0.378 0.394 0.394
0.337 0.3685 0.3685 0.329 0.329 0.329 0.3285 0.3285 0.3465 0.3465 0.3475 0.3475 0.337 0.337 0.337 0.349 0.349 0.322 0.322 0.3355 0.3355 0.3355 0.325 0.325 0.3285 0.3285 0.3215 0.3215 0.3215 0.2935 0.2935 0.327 0.327 0.32 0.32 0.32 0.3335 0.3335 0.332 0.332 0.3275 0.3275 0.3275 0.3685 0.3685 0.3915 0.3915 0.3835 0.3835 0.4015 0.4015 0.4015 0.344 0.344 0.368 0.368 0.352 0.352 0.352 0.3945 0.3945 0.3935 0.3935 0.4045 0.4045 0.4045 0.396 0.396 0.394 0.394 0.378 0.378 0.378 0.3745 0.3745 0.374 0.374
0.337 0.3685 0.3685 0.329 0.329 0.329 0.3285 0.3285 0.3465 0.3465 0.3475 0.3475 0.337 0.337 0.337 0.349 0.349 0.322 0.322 0.3355 0.3355 0.3355 0.325 0.325 0.3285 0.3285 0.3215 0.3215 0.3215 0.2935 0.2935 0.327 0.327 0.32 0.32 0.32 0.3335 0.3335 0.332 0.332 0.3275 0.3275 0.3275 0.3685 0.3685 0.3915 0.3915 0.3835 0.3835 0.4015 0.4015 0.4015 0.344 0.344 0.368 0.368 0.352 0.352 0.352 0.3945 0.3945 0.3935 0.3935 0.4045 0.4045 0.4045 0.396 0.396 0.394 0.394 0.378 0.378 0.378 0.3745 0.3745 0.374 0.374
0.337 0.3685 0.3685 0.329 0.329 0.329 0.3285 0.3285 0.3465 0.3465 0.3475 0.3475 0.337 0.337 0.337 0.349 0.349 0.322 0.322 0.3355 0.3355 0.3355 0.325 0.325 0.3285 0.3285 0.3215 0.3215 0.3215 0.2935 0.2935 0.327 0.327 0.32 0.32 0.32 0.3335 0.3335 0.332 0.332 0.3275 0.3275 0.3275 0.3685 0.3685 0.3915 0.3915 0.3835 0.3835 0.4015 0.4015 0.4015 0.344 0.344 0.368 0.368 0.352 0.352 0.352 0.3945 0.3945 0.3935 0.3935 0.4045 0.4045 0.4045 0.396 0.396 0.394 0.394 0.378 0.378 0.378 0.3745 0.3745 0.374 0.374
0.351 0.3725 0.3725 0.3335 0.3335 0.3335 0.314 0.314 0.3585 0.3585 0.3575 0.3575 0.3555 0.3555 0.3555 0.356 0.356 0.341 0.341 0.318 0.318 0.318 0.329 0.329 0.3255 0.3255 0.326 0.326 0.326 0.308 0.308 0.3005 0.3005 0.3155 0.3155 0.3155 0.329 0.329 0.3345 0.3345 0.361 0.361 0.361 0.3615 0.3615 0.3775 0.3775 0.41 0.41 0.396 0.396 0.396 0.4075 0.4075 0.3735 0.3735 0.43 0.43 0.43 0.4255 0.4255 0.371 0.371 0.411 0.411 0.411 0.407 0.407 0.4175 0.4175 0.3975 0.3975 0.3975 0.3725 0.3725 0.3645 0.3645
0.351 0.3725 0.3725 0.3335 0.3335 0.3335 0.314 0.314 0.3585 0.3585 0.3575 0.3575 0.3555 0.3555 0.3555 0.356 0.356 0.341 0.341 0.318 0.318 0.318 0.329 0.329 0.3255 0.3255 0.326 0.326 0.326 0.308 0.308 0.3005 0.3005 0.3155 0.3155 0.3155 0.329 0.329 0.3345 0.3345 0.361 0.361 0.361 0.3615 0.3615 0.3775 0.3775 0.41 0.41 0.396 0.396 0.396 0.4075 0.4075 0.3735 0.3735 0.43 0.43 0.43 0.4255 0.4255 0.371 0.371 0.411 0.411 0.411 0.407 0.407 0.4175 0.4175 0.3975 0.3975 0.3975 0.3725 0.3725 0.3645 0.3645
0.3695 0.3645 0.3645 0.319 0.319 0.319 0.287 0.287 0.299 0.299 0.3285 0.3285 0.331 0.331 0.331 0.3535 0.3535 0.322 0.322 0.321 0.321 0.321 0.3265 0.3265 0.335 0.335 0.3315 0.3315 0.3315 0.3505 0.3505 0.3335 0.3335 0.3265 0.3265 0.3265 0.364 0.364 0.352 0.352 0.336 0.336 0.336 0.4255 0.4255 0.4295 0.4295 0.4145 0.4145 0.4065 0.4065 0.4065 0.4405 0.4405 0.4535 0.4535 0.44 0.44 0.44 0.4295 0.4295 0.399 0.399 0.4315 0.4315 0.4315 0.3965 0.3965 0.4185 0.4185 0.376 0.376 0.376 0.3915 0.3915 0.371 0.371
0.3695 0.3645 0.3645 0.319 0.319 0.319 0.287 0.287 0.299 0.299 0.3285 0.3285 0.331 0.331 0.331 0.3535 0.3535 0.322 0.322 0.321 0.321 0.321 0.3265 0.3265 0.335 0.335 0.3315 0.3315 0.3315 0.3505 0.3505 0.3335 0.3335 0.3265 0.3265 0.3265 0.364 0.364 0.352 0.352 0.336 0.336 0.336 0.4255 0.4255 0.4295 0.4295 0.4145 0.4145 0.4065 0.4065 0.4065 0.4405 0.4405 0.4535 0.4535 0.44 0.44 0.44 0.4295 0.4295 0.399 0.399 0.4315 0.4315 0.4315 0.3965 0.3965 0.4185 0.4185 0.376 0.376 0.376 0.3915 0.3915 0.371 0.371
0.3515 0.382 0.382 0.329 0.329 0.329 0.3305 0.3305 0.3255 0.3255 0.3195 0.3195 0.3125 0.3125 0.3125 0.354 0.354 0.321 0.321 0.3415 0.3415 0.3415 0.333 0.333 0.343 0.343 0.365 0.365 0.365 0.3435 0.3435 0.356 0.356 0.357 0.357 0.357 0.3395 0.3395 0.3465 0.3465 0.357 0.357 0.357 0.3845 0.3845 0.424 0.424 0.4425 0.4425 0.414 0.414 0.414 0.4755 0.4755 0.443 0.443 0.4615 0.4615 0.4615 0.4715 0.4715 0.4575 0.4575 0.4185 0.4185 0.4185 0.3945 0.3945 0.3775 0.3775 0.388 0.388 0.388 0.417 0.417 0.403 0.403
0.3515 0.382 0.382 0.329 0.329 0.329 0.3305 0.3305 0.3255 0.3255 0.3195 0.3195 0.3125 0.3125 0.3125 0.354 0.354 0.321 0.321 0.3415 0.3415 0.3415 0.333 0.333 0.343 0.343 0.365 0.365 0.365 0.3435 0.3435 0.356 0.356 0.357 0.357 0.357 0.3395 0.3395 0.3465 0.3465 0.357 0.357 0.357 0.3845 0.3845 0.424 0.424 0.4425 0.4425 0.414 0.414 0.414 0.4755 0.4755 0.443 0.443 0.4615 0.4615 0.4615 0.4715 0.4715 0.4575 0.4575 0.4185 0.4185 0.4185 0.3945 0.3945 0.3775 0.3775 0.388 0.388 0.388 0.417 0.417 0.403 0.403
0.3515 0.382 0.382 0.329 0.329 0.329 0.3305 0.3305 0.3255 0.3255 0.3195 0.3195 0.3125 0.3125 0.3125 0.354 0.354 0.321 0.321 0.3415 0.3415 0.3415 0.333 0.333 0.343 0.343 0.365 0.365 0.365 0.3435 0.3435 0.356 0.356 0.357 0.357 0.357 0.3395 0.3395 0.3465 0.3465 0.357 0.357 0.357 0.3845 0.3845 0.424 0.424 0.4425 0.4425 0.414 0.414 0.414 0.4755 0.4755 0.443 0.443 0.4615 0.4615 0.4615 0.4715 0.4715 0.4575 0.4575 0.4185 0.4185 0.4185 0.3945 0.3945 0.3775 0.3775 0.388 0.388 0.388 0.417 0.417 0.403 0.403
0.356 0.361 0.361 0.359 0.359 0.359 0.3245 0.3245 0.3 0.3 0.325 0.325 0.3195 0.3195 0.3195 0.3095 0.3095 0.341 0.341 0.331 0.331 0.331 0.348 0.348 0.351 0.351 0.351 0.351 0.351 0.364 0.364 0.359 0.359 0.352 0.352 0.352 0.3365 0.3365 0.322 0.322 0.361 0.361 0.361 0.4005 0.4005 0.4165 0.4165 0.4185 0.4185 0.444 0.444 0.444 0.4785 0.4785 0.4475 0.4475 0.4745 0.4745 0.4745 0.4795 0.4795 0.468 0.468 0.4145 0.4145 0.4145 0.4135 0.4135 0.418 0.418 0.3925 0.3925 0.3925 0.4195 0.4195 0.4235 0.4235
0.356 0.361 0.361 0.359 0.359 0.359 0.3245 0.3245 0.3 0.3 0.325 0.325 0.3195 0.3195 0.3195 0.3095 0.3095 0.341 0.341 0.331 0.331 0.331 0.348 0.348 0.351 0.351 0.351 0.351 0.351 0.364 0.364 0.359 0.359 0.352 0.352 0.352 0.3365 0.3365 0.322 0.322 0.361 0.361 0.361 0.4005 0.4005 0.4165 0.4165 0.4185 0.4185 0.444 0.444 0.444 0.4785 0.4785 0.4475 0.4475 0.4745 0.4745 0.4745 0.4795 0.4795 0.468 0.468 0.4145 0.4145 0.4145 0.4135 0.4135 0.418 0.418 0.3925 0.3925 0.3925 0.4195 0.4195 0.4235 0.4235
0.3985 0.3955 0.3955 0.3665 0.3665 0.3665 0.3665 0.3665 0.321 0.321 0.3715 0.3715 0.3595 0.3595 0.3595 0.3755 0.3755 0.3675 0.3675 0.373 0.373 0.373 0.3505 0.3505 0.3535 0.3535 0.3855 0.3855 0.3855 0.3895 0.3895 0.4135 0.4135 0.378 0.378 0.378 0.352 0.352 0.376 0.376 0.3895 0.3895 0.3895 0.443 0.443 0.4325 0.4325 0.455 0.455 0.477 0.477 0.477 0.4735 0.4735 0.467 0.467 0.487 0.487 0.487 0.49 0.49 0.4805 0.4805 0.411 0.411 0.411 0.4155 0.4155 0.417 0.417 0.425 0.425 0.425 0.412 0.412 0.4135 0.4135
0.3985 0.3955 0.3955 0.3665 0.3665 0.3665 0.3665 0.3665 0.321 0.321 0.3715 0.3715 0.3595 0.3595 0.3595 0.3755 0.3755 0.3675 0.3675 0.373 0.373 0.373 0.3505 0.3505 0.3535 0.3535 0.3855 0.3855 0.3855 0.3895 0.3895 0.4135 0.4135 0.378 0.378 0.378 0.352 0.352 0.376 0.376 0.3895 0.3895 0.3895 0.443 0.443 0.4325 0.4325 0.455 0.455 0.477 0.477 0.477 0.4735 0.4735 0.467 0.467 0.487 0.487 0.487 0.49 0.49 0.4805 0.4805 0.411 0.411 0.411 0.4155 0.4155 0.417 0.417 0.425 0.425 0.425 0.412 0.412 0.4135 0.4135
