ndvi/NOAA-284.asc
ncols         252
nrows         154
xllcorner     -18.017974
yllcorner     13.481982
cellsize      0.035948
NODATA_value  -9999
[rows 68 to 101 of 154, columns 0 to 76 of 252]
-1 -1 -1 -1 -1 -1 -1 -1 -1 -1 -1 -1 -1 -1 -1 -1 -1 -1 -1 -1 -1 -1 -1 -1 -1 -1 -1 -1 -1 -1 -1 -1 -1 -1 -1 -1 -1 -1 -1 0.1494 0.1494 0.1494 0.171 0.171 0.3055 0.3055 0.308 0.308 0.308 0.2845 0.2845 0.267 0.267 0.2895 0.2895 0.2575 0.2575 0.2575 0.3255 0.3255 0.4895 0.4895 0.4895 0.4895 0.4895 0.37 0.37 0.3825 0.3825 0.3335 0.3335 0.3335 0.32 0.32 0.3055 0.3055 0.309
-1 -1 -1 -1 -1 -1 -1 -1 -1 -1 -1 -1 -1 -1 -1 -1 -1 -1 -1 -1 -1 -1 -1 -1 -1 -1 -1 -1 -1 -1 -1 -1 -1 -1 -1 -1 -1 -1 -1 0.242 0.242 0.242 0.2245 0.2245 0.282 0.282 0.2486 0.2486 0.2486 0.26 0.26 0.2625 0.2625 0.301 0.301 0.3375 0.3375 0.3375 0.3945 0.3945 0.4205 0.4205 0.4205 0.4205 0.4205 0.3565 0.3565 0.374 0.374 0.345 0.345 0.345 0.3385 0.3385 0.364 0.364 0.323
-1 -1 -1 -1 -1 -1 -1 -1 -1 -1 -1 -1 -1 -1 -1 -1 -1 -1 -1 -1 -1 -1 -1 -1 -1 -1 -1 -1 -1 -1 -1 -1 -1 -1 -1 -1 -1 -1 -1 0.242 0.242 0.242 0.2245 0.2245 0.282 0.282 0.2486 0.2486 0.2486 0.26 0.26 0.2625 0.2625 0.301 0.301 0.3375 0.3375 0.3375 0.3945 0.3945 0.4205 0.4205 0.4205 0.4205 0.4205 0.3565 0.3565 0.374 0.374 0.345 0.345 0.345 0.3385 0.3385 0.364 0.364 0.323
-1 -1 -1 -1 -1 -1 -1 -1 -1 -1 -1 -1 -1 -1 -1 -1 -1 -1 -1 -1 -1 -1 -1 -1 -1 -1 -1 -1 -1 -1 -1 -1 -1 -1 -1 -1 -1 0.0582 0.0582 0.1785 0.1785 0.1785 0.287 0.287 0.3031 0.3031 0.281 0.281 0.281 0.275 0.275 0.238 0.238 0.259 0.259 0.395 0.395 0.395 0.3785 0.3785 0.3511 0.3511 0.3511 0.3511 0.3511 0.371 0.371 0.367 0.367 0.356 0.356 0.356 0.355 0.355 0.357 0.357 0.3985
-1 -1 -1 -1 -1 -1 -1 -1 -1 -1 -1 -1 -1 -1 -1 -1 -1 -1 -1 -1 -1 -1 -1 -1 -1 -1 -1 -1 -1 -1 -1 -1 -1 -1 -1 -1 -1 0.0582 0.0582 0.1785 0.1785 0.1785 0.287 0.287 0.3031 0.3031 0.281 0.281 0.281 0.275 0.275 0.238 0.238 0.259 0.259 0.395 0.395 0.395 0.3785 0.3785 0.3511 0.3511 0.3511 0.3511 0.3511 0.371 0.371 0.367 0.367 0.356 0.356 0.356 0.355 0.355 0.357 0.357 0.3985
-1 -1 -1 -1 -1 -1 -1 -1 -1 -1 -1 -1 -1 -1 -1 -1 -1 -1 -1 -1 -1 -1 -1 -1 -1 -1 -1 -1 -1 -1 -1 -1 -1 -1 -1 -1 -1 0.0582 0.0582 0.1785 0.1785 0.1785 0.287 0.287 0.3031 0.3031 0.281 0.281 0.281 0.275 0.275 0.238 0.238 0.259 0.259 0.395 0.395 0.395 0.3785 0.3785 0.3511 0.3511 0.3511 0.3511 0.3511 0.371 0.371 0.367 0.367 0.356 0.356 0.356 0.355 0.355 0.357 0.357 0.3985
-1 -1 -1 -1 -1 -1 -1 -1 -1 -1 -1 -1 -1 -1 -1 -1 -1 -1 -1 -1 -1 -1 -1 -1 -1 -1 -1 -1 -1 -1 -1 -1 -1 -1 -1 -1 -1 0.0256 0.0256 0.1555 0.1555 0.1555 0.2645 0.2645 0.393 0.393 0.2855 0.2855 0.2855 0.274 0.274 0.257 0.257 0.309 0.309 0.3865 0.3865 0.3865 0.354 0.354 0.401 0.401 0.401 0.401 0.401 0.403 0.403 0.414 0.414 0.358 0.358 0.358 0.3375 0.3375 0.3455 0.3455 0.369
-1 -1 -1 -1 -1 -1 -1 -1 -1 -1 -1 -1 -1 -1 -1 -1 -1 -1 -1 -1 -1 -1 -1 -1 -1 -1 -1 -1 -1 -1 -1 -1 -1 -1 -1 -1 -1 0.0256 0.0256 0.1555 0.1555 0.1555 0.2645 0.2645 0.393 0.393 0.2855 0.2855 0.2855 0.274 0.274 0.257 0.257 0.309 0.309 0.3865 0.3865 0.3865 0.354 0.354 0.401 0.401 0.401 0.401 0.401 0.403 0.403 0.414 0.414 0.358 0.358 0.358 0.3375 0.3375 0.3455 0.3455 0.369
-1 -1 -1 -1 -1 -1 -1 -1 -1 -1 -1 -1 -1 -1 -1 -1 -1 -1 -1 -1 -1 -1 -1 -1 -1 -1 -1 -1 -1 -1 -1 -1 -1 -1 -1 -1 -1 0.0037 0.0037 0.1414 0.1414 0.1414 0.3065 0.3065 0.3445 0.3445 0.3985 0.3985 0.3985 0.3845 0.3845 0.359 0.359 0.3945 0.3945 0.3855 0.3855 0.3855 0.409 0.409 0.376 0.376 0.376 0.376 0.376 0.3695 0.3695 0.405 0.405 0.374 0.374 0.374 0.352 0.352 0.3265 0.3265 0.3935
-1 -1 -1 -1 -1 -1 -1 -1 -1 -1 -1 -1 -1 -1 -1 -1 -1 -1 -1 -1 -1 -1 -1 -1 -1 -1 -1 -1 -1 -1 -1 -1 -1 -1 -1 -1 -1 0.0037 0.0037 0.1414 0.1414 0.1414 0.3065 0.3065 0.3445 0.3445 0.3985 0.3985 0.3985 0.3845 0.3845 0.359 0.359 0.3945 0.3945 0.3855 0.3855 0.3855 0.409 0.409 0.376 0.376 0.376 0.376 0.376 0.3695 0.3695 0.405 0.405 0.374 0.374 0.374 0.352 0.352 0.3265 0.3265 0.3935
-1 -1 -1 -1 -1 -1 -1 -1 -1 -1 -1 -1 -1 -1 -1 -1 -1 -1 -1 -1 -1 -1 -1 -1 -1 -1 -1 -1 -1 -1 -1 -1 -1 -1 -1 -1 -1 0.0872 0.0872 0.1455 0.1455 0.1455 0.2625 0.2625 0.403 0.403 0.4025 0.4025 0.4025 0.371 0.371 0.3735 0.3735 0.382 0.382 0.4425 0.4425 0.4425 0.399 0.399 0.4305 0.4305 0.4305 0.4305 0.4305 0.3975 0.3975 0.3845 0.3845 0.372 0.372 0.372 0.3755 0.3755 0.3545 0.3545 0.3835
-1 -1 -1 -1 -1 -1 -1 -1 -1 -1 -1 -1 -1 -1 -1 -1 -1 -1 -1 -1 -1 -1 -1 -1 -1 -1 -1 -1 -1 -1 -1 -1 -1 -1 -1 -1 -1 0.0872 0.0872 0.1455 0.1455 0.1455 0.2625 0.2625 0.403 0.403 0.4025 0.4025 0.4025 0.371 0.371 0.3735 0.3735 0.382 0.382 0.4425 0.4425 0.4425 0.399 0.399 0.4305 0.4305 0.4305 0.4305 0.4305 0.3975 0.3975 0.3845 0.3845 0.372 0.372 0.372 0.3755 0.3755 0.3545 0.3545 0.3835
-1 -1 -1 -1 -1 -1 -1 -1 -1 -1 -1 -1 -1 -1 -1 -1 -1 -1 -1 -1 -1 -1 -1 -1 -1 -1 -1 -1 -1 -1 -1 -1 -1 -1 -1 -1 -1 0.0037 0.0037 0.2265 0.2265 0.2265 0.343 0.343 0.442 0.442 0.425 0.425 0.425 0.3905 0.3905 0.4125 0.4125 0.359 0.359 0.395 0.395 0.395 0.4245 0.4245 0.413 0.413 0.413 0.413 0.413 0.3995 0.3995 0.403 0.403 0.3815 0.3815 0.3815 0.405 0.405 0.388 0.388 0.364
-1 -1 -1 -1 -1 -1 -1 -1 -1 -1 -1 -1 -1 -1 -1 -1 -1 -1 -1 -1 -1 -1 -1 -1 -1 -1 -1 -1 -1 -1 -1 -1 -1 -1 -1 -1 -1 0.0037 0.0037 0.2265 0.2265 0.2265 0.343 0.343 0.442 0.442 0.425 0.425 0.425 0.3905 0.3905 0.4125 0.4125 0.359 0.359 0.395 0.395 0.395 0.4245 0.4245 0.413 0.413 0.413 0.413 0.413 0.3995 0.3995 0.403 0.403 0.3815 0.3815 0.3815 0.405 0.405 0.388 0.388 0.364
-1 -1 -1 -1 -1 -1 -1 -1 -1 -1 -1 -1 -1 -1 -1 -1 -1 -1 -1 -1 -1 -1 -1 -1 -1 -1 -1 -1 -1 -1 -1 -1 -1 -1 -1 -1 -1 0.0037 0.0037 0.2265 0.2265 0.2265 0.343 0.343 0.442 0.442 0.425 0.425 0.425 0.3905 0.3905 0.4125 0.4125 0.359 0.359 0.395 0.395 0.395 0.4245 0.4245 0.413 0.413 0.413 0.413 0.413 0.3995 0.3995 0.403 0.403 0.3815 0.3815 0.3815 0.405 0.405 0.388 0.388 0.364
-1 -1 -1 -1 -1 -1 -1 -1 -1 -1 -1 -1 -1 -1 -1 -1 -1 -1 -1 -1 -1 -1 -1 -1 -1 -1 -1 -1 -1 -1 -1 -1 -1 -1 -1 -1 -1 0.0261 0.0261 0.278 0.278 0.278 0.328 0.328 0.3665 0.3665 0.3355 0.3355 0.3355 0.4055 0.4055 0.399 0.399 0.395 0.395 0.3955 0.3955 0.3955 0.4345 0.4345 0.4015 0.4015 0.4015 0.4015 0.4015 0.4085 0.4085 0.4105 0.4105 0.383 0.383 0.383 0.385 0.385 0.3891 0.3891 0.348
-1 -1 -1 -1 -1 -1 -1 -1 -1 -1 -1 -1 -1 -1 -1 -1 -1 -1 -1 -1 -1 -1 -1 -1 -1 -1 -1 -1 -1 -1 -1 -1 -1 -1 -1 -1 -1 0.0261 0.0261 0.278 0.278 0.278 0.328 0.328 0.3665 0.3665 0.3355 0.3355 0.3355 0.4055 0.4055 0.399 0.399 0.395 0.395 0.3955 0.3955 0.3955 0.4345 0.4345 0.4015 0.4015 0.4015 0.4015 0.4015 0.4085 0.4085 0.4105 0.4105 0.383 0.383 0.383 0.385 0.385 0.3891 0.3891 0.348
-1 -1 -1 -1 -1 -1 -1 -1 -1 -1 -1 -1 -1 -1 -1 -1 -1 -1 -1 -1 -1 -1 -1 -1 -1 -1 -1 -1 -1 -1 -1 -1 -1 -1 -1 -1 -1 0.1301 0.1301 0.3536 0.3536 0.3536 0.34 0.34 0.3015 0.3015 0.3585 0.3585 0.3585 0.3575 0.3575 0.3965 0.3965 0.399 0.399 0.3625 0.3625 0.3625 0.3905 0.3905 0.412 0.412 0.412 0.412 0.412 0.4115 0.4115 0.4165 0.4165 0.3785 0.3785 0.3785 0.382 0.382 0.4075 0.4075 0.3685
-1 -1 -1 -1 -1 -1 -1 -1 -1 -1 -1 -1 -1 -1 -1 -1 -1 -1 -1 -1 -1 -1 -1 -1 -1 -1 -1 -1 -1 -1 -1 -1 -1 -1 -1 -1 -1 0.1301 0.1301 0.3536 0.3536 0.3536 0.34 0.34 0.3015 0.3015 0.3585 0.3585 0.3585 0.3575 0.3575 0.3965 0.3965 0.399 0.399 0.3625 0.3625 0.3625 0.3905 0.3905 0.412 0.412 0.412 0.412 0.412 0.4115 0.4115 0.4165 0.4165 0.3785 0.3785 0.3785 0.382 0.382 0.4075 0.4075 0.3685
-1 -1 -1 -1 -1 -1 -1 -1 -1 -1 -1 -1 -1 -1 -1 -1 -1 -1 -1 -1 -1 -1 -1 -1 -1 -1 -1 -1 -1 -1 -1 -1 -1 -1 -1 0.0382 0.0382 0.2841 0.2841 0.375 0.375 0.375 0.362 0.362 0.342 0.342 0.323 0.323 0.323 0.37 0.37 0.407 0.407 0.3725 0.3725 0.3925 0.3925 0.3925 0.4205 0.4205 0.421 0.421 0.421 0.421 0.421 0.4125 0.4125 0.4135 0.4135 0.389 0.389 0.389 0.396 0.396 0.5075 0.5075 0.435
-1 -1 -1 -1 -1 -1 -1 -1 -1 -1 -1 -1 -1 -1 -1 -1 -1 -1 -1 -1 -1 -1 -1 -1 -1 -1 -1 -1 -1 -1 -1 -1 -1 -1 -1 0.0382 0.0382 0.2841 0.2841 0.375 0.375 0.375 0.362 0.362 0.342 0.342 0.323 0.323 0.323 0.37 0.37 0.407 0.407 0.3725 0.3725 0.3925 0.3925 0.3925 0.4205 0.4205 0.421 0.421 0.421 0.421 0.421 0.4125 0.4125 0.4135 0.4135 0.389 0.389 0.389 0.396 0.396 0.5075 0.5075 0.435
-1 -1 -1 -1 -1 -1 -1 -1 -1 -1 -1 -1 -1 -1 -1 -1 -1 -1 -1 -1 -1 -1 -1 -1 -1 -1 -1 -1 -1 -1 -1 -1 -1 -1 -1 0.0382 0.0382 0.2841 0.2841 0.375 0.375 0.375 0.362 0.362 0.342 0.342 0.323 0.323 0.323 0.37 0.37 0.407 0.407 0.3725 0.3725 0.3925 0.3925 0.3925 0.4205 0.4205 0.421 0.421 0.421 0.421 0.421 0.4125 0.4125 0.4135 0.4135 0.389 0.389 0.389 0.396 0.396 0.5075 0.5075 0.435
-1 -1 -1 -1 -1 -1 -1 -1 -1 -1 -1 -1 -1 -1 -1 -1 -1 -1 -1 -1 -1 -1 -1 -1 -1 -1 -1 -1 -1 -1 -1 -1 -1 -1 -1 0.1635 0.1635 0.3675 0.3675 0.3695 0.3695 0.3695 0.3485 0.3485 0.33 0.33 0.3485 0.3485 0.3485 0.3745 0.3745 0.377 0.377 0.392 0.392 0.4585 0.4585 0.4585 0.4381 0.4381 0.4675 0.4675 0.4675 0.4675 0.4675 0.409 0.409 0.441 0.441 0.481 0.481 0.481 0.4775 0.4775 0.458 0.458 0.4745
-1 -1 -1 -1 -1 -1 -1 -1 -1 -1 -1 -1 -1 -1 -1 -1 -1 -1 -1 -1 -1 -1 -1 -1 -1 -1 -1 -1 -1 -1 -1 -1 -1 -1 -1 0.1635 0.1635 0.3675 0.3675 0.3695 0.3695 0.3695 0.3485 0.3485 0.33 0.33 0.3485 0.3485 0.3485 0.3745 0.3745 0.377 0.377 0.392 0.392 0.4585 0.4585 0.4585 0.4381 0.4381 0.4675 0.4675 0.4675 0.4675 0.4675 0.409 0.409 0.441 0.441 0.481 0.481 0.481 0.4775 0.4775 0.458 0.458 0.4745
-1 -1 -1 -1 -1 -1 -1 -1 -1 -1 -1 -1 -1 -1 -1 -1 -1 -1 -1 -1 -1 -1 -1 -1 -1 -1 -1 -1 -1 -1 -1 -1 0.0717 0.0717 0.0717 0.3185 0.3185 0.352 0.352 0.3615 0.3615 0.3615 0.319 0.319 0.322 0.322 0.3445 0.3445 0.3445 0.367 0.367 0.373 0.373 0.429 0.429 0.4485 0.4485 0.4485 0.4921 0.4921 0.494 0.494 0.494 0.494 0.494 0.499 0.499 0.4975 0.4975 0.4961 0.4961 0.4961 0.5111 0.5111 0.478 0.478 0.5245
-1 -1 -1 -1 -1 -1 -1 -1 -1 -1 -1 -1 -1 -1 -1 -1 -1 -1 -1 -1 -1 -1 -1 -1 -1 -1 -1 -1 -1 -1 -1 -1 0.0717 0.0717 0.0717 0.3185 0.3185 0.352 0.352 0.3615 0.3615 0.3615 0.319 0.319 0.322 0.322 0.3445 0.3445 0.3445 0.367 0.367 0.373 0.373 0.429 0.429 0.4485 0.4485 0.4485 0.4921 0.4921 0.494 0.494 0.494 0.494 0.494 0.499 0.499 0.4975 0.4975 0.4961 0.4961 0.4961 0.5111 0.5111 0.478 0.478 0.5245
-1 -1 -1 -1 -1 -1 -1 -1 -1 -1 -1 -1 -1 -1 -1 -1 -1 -1 -1 -1 -1 -1 -1 -1 -1 -1 -1 -1 -1 -1 0.0217 0.0217 0.31 0.31 0.31 0.376 0.376 0.3196 0.3196 0.31 0.31 0.31 0.325 0.325 0.342 0.342 0.3685 0.3685 0.3685 0.3685 0.3685 0.3855 0.3855 0.4515 0.4515 0.4595 0.4595 0.4595 0.5415 0.5415 0.4955 0.4955 0.4955 0.4955 0.4955 0.4945 0.4945 0.484 0.484 0.47 0.47 0.47 0.481 0.481 0.473 0.473 0.477
-1 -1 -1 -1 -1 -1 -1 -1 -1 -1 -1 -1 -1 -1 -1 -1 -1 -1 -1 -1 -1 -1 -1 -1 -1 -1 -1 -1 -1 -1 0.0217 0.0217 0.31 0.31 0.31 0.376 0.376 0.3196 0.3196 0.31 0.31 0.31 0.325 0.325 0.342 0.342 0.3685 0.3685 0.3685 0.3685 0.3685 0.3855 0.3855 0.4515 0.4515 0.4595 0.4595 0.4595 0.5415 0.5415 0.4955 0.4955 0.4955 0.4955 0.4955 0.4945 0.4945 0.484 0.484 0.47 0.47 0.47 0.481 0.481 0.473 0.473 0.477
-1 -1 -1 -1 -1 -1 -1 -1 -1 -1 -1 -1 -1 -1 -1 -1 -1 -1 -1 -1 -1 -1 -1 -1 -1 -1 -1 -1 -1 -1 0.0217 0.0217 0.31 0.31 0.31 0.376 0.376 0.3196 0.3196 0.31 0.31 0.31 0.325 0.325 0.342 0.342 0.3685 0.3685 0.3685 0.3685 0.3685 0.3855 0.3855 0.4515 0.4515 0.4595 0.4595 0.4595 0.5415 0.5415 0.4955 0.4955 0.4955 0.4955 0.4955 0.4945 0.4945 0.484 0.484 0.47 0.47 0.47 0.481 0.481 0.473 0.473 0.477
-1 -1 -1 -1 -1 -1 -1 -1 -1 -1 -1 -1 -1 -1 -1 -1 -1 -1 -1 -1 -1 -1 -1 -1 -1 -1 -1 -1 -1 -1 0.122 0.122 0.3565 0.3565 0.3565 0.36 0.36 0.317 0.317 0.3015 0.3015 0.3015 0.3395 0.3395 0.392 0.392 0.362 0.362 0.362 0.3945 0.3945 0.444 0.444 0.4865 0.4865 0.4795 0.4795 0.4795 0.534 0.534 0.5266 0.5266 0.5266 0.5266 0.5266 0.5495 0.5495 0.463 0.463 0.4665 0.4665 0.4665 0.486 0.486 0.5145 0.5145 0.4445
-1 -1 -1 -1 -1 -1 -1 -1 -1 -1 -1 -1 -1 -1 -1 -1 -1 -1 -1 -1 -1 -1 -1 -1 -1 -1 -1 -1 -1 -1 0.122 0.122 0.3565 0.3565 0.3565 0.36 0.36 0.317 0.317 0.3015 0.3015 0.3015 0.3395 0.3395 0.392 0.392 0.362 0.362 0.362 0.3945 0.3945 0.444 0.444 0.4865 0.4865 0.4795 0.4795 0.4795 0.534 0.534 0.5266 0.5266 0.5266 0.5266 0.5266 0.5495 0.5495 0.463 0.463 0.4665 0.4665 0.4665 0.486 0.486 0.5145 0.5145 0.4445
-1 -1 -1 -1 -1 -1 -1 -1 -1 -1 -1 -1 -1 -1 -1 -1 -1 -1 -1 -1 -1 -1 -1 -1 -1 -1 -1 -1 0.0457 0.0457 0.3305 0.3305 0.3825 0.3825 0.3825 0.355 0.355 0.3575 0.3575 0.3805 0.3805 0.3805 0.4225 0.4225 0.4315 0.4315 0.457 0.457 0.457 0.486 0.486 0.484 0.484 0.5005 0.5005 0.512 0.512 0.512 0.55 0.55 0.5476 0.5476 0.5476 0.5476 0.5476 0.551 0.551 0.504 0.504 0.548 0.548 0.548 0.5475 0.5475 0.5285 0.5285 0.4625
-1 -1 -1 -1 -1 -1 -1 -1 -1 -1 -1 -1 -1 -1 -1 -1 -1 -1 -1 -1 -1 -1 -1 -1 -1 -1 -1 -1 0.0457 0.0457 0.3305 0.3305 0.3825 0.3825 0.3825 0.355 0.355 0.3575 0.3575 0.3805 0.3805 0.3805 0.4225 0.4225 0.4315 0.4315 0.457 0.457 0.457 0.486 0.486 0.484 0.484 0.5005 0.5005 0.512 0.512 0.512 0.55 0.55 0.5476 0.5476 0.5476 0.5476 0.5476 0.551 0.551 0.504 0.504 0.548 0.548 0.548 0.5475 0.5475 0.5285 0.5285 0.4625
-1 -1 -1 -1 -1 -1 -1 -1 -1 -1 -1 -1 -1 -1 -1 -1 -1 -1 -1 -1 -1 -1 -1 -1 -1 0.0657 0.0657 0.0657 0.2005 0.2005 0.375 0.375 0.384 0.384 0.384 0.3875 0.3875 0.449 0.449 0.409 0.409 0.409 0.4135 0.4135 0.4335 0.4335 0.472 0.472 0.472 0.479 0.479 0.471 0.471 0.578 0.578 0.5735 0.5735 0.5735 0.5475 0.5475 0.5617 0.5617 0.5617 0.5617 0.5617 0.559 0.559 0.5865 0.5865 0.561 0.561 0.561 0.5415 0.5415 0.5155 0.5155 0.4505
